48 0.486328 0.406027 0.967969 0.385565
50 0.5 0.406548 0.9875 0.384524
68 0.496875 0.409821 0.98125 0.385119
101 0.5 0.406548 0.9875 0.384524
67 0.5 0.406548 0.9875 0.384524
104 0.5 0.406548 0.9875 0.384524
54 0.5 0.406548 0.9875 0.384524
79 0.5 0.421429 0.96875 0.353571
49 0.5 0.406548 0.9875 0.384524
109 0.5 0.421429 0.96875 0.353571
81 0.5 0.421429 0.96875 0.353571
84 0.5 0.421429 0.96875 0.353571
53 0.5 0.406548 0.9875 0.384524
76 0.5 0.406548 0.9875 0.384524
103 0.496875 0.409821 0.98125 0.385119
95 0.5 0.406548 0.9875 0.384524
46 0.5 0.406548 0.9875 0.384524
74 0.5 0.406548 0.9875 0.384524
110 0.5 0.406548 0.9875 0.384524
75 0.496875 0.409821 0.98125 0.385119
111 0.5 0.406548 0.9875 0.384524
17 0.496875 0.409821 0.98125 0.385119
42 0.486328 0.406027 0.967969 0.385565
47 0.506641 0.406845 0.983594 0.381548
99 0.506641 0.406845 0.983594 0.381548
73 0.496875 0.410714 0.970313 0.384524
66 0.496875 0.409821 0.98125 0.385119
14 0.486328 0.406027 0.967969 0.385565
100 0.486328 0.406027 0.967969 0.385565
77 0.5 0.421429 0.96875 0.353571
97 0.5 0.406548 0.9875 0.384524
102 0.5 0.406548 0.9875 0.384524
56 0.496875 0.409821 0.98125 0.385119
33 0.5 0.421429 0.96875 0.353571
51 0.5 0.406548 0.9875 0.384524
80 0.5 0.406548 0.9875 0.384524
16 0.5 0.406548 0.9875 0.384524
11 0.486328 0.406027 0.967969 0.385565
108 0.5 0.406548 0.9875 0.384524
41 0.5 0.406548 0.9875 0.384524
21 0.5 0.406548 0.9875 0.384524
7 0.5 0.406548 0.9875 0.384524
5 0.482422 0.405357 0.961719 0.389286
31 0.5 0.421429 0.96875 0.353571
105 0.496875 0.409821 0.98125 0.385119
0 0.5 0.406548 0.9875 0.384524
78 0.496875 0.409821 0.98125 0.385119
18 0.910937 0.388393 0.101562 0.0892857
34 0.496875 0.410714 0.970313 0.384524
15 0.5 0.421429 0.96875 0.353571
4 0.486328 0.406027 0.967969 0.385565
16 0.910938 0.383929 0.1125 0.0928572
38 0.5 0.421429 0.96875 0.353571
65 0.496875 0.410714 0.970313 0.384524
15 0.910938 0.383929 0.1125 0.0928572
28 0.5 0.421429 0.96875 0.353571
55 0.5 0.406548 0.9875 0.384524
8 0.5 0.406548 0.9875 0.384524
13 0.482422 0.405357 0.961719 0.389286
12 0.496875 0.410714 0.970313 0.384524
6 0.5 0.406548 0.9875 0.384524
32 0.9125 0.388095 0.104688 0.0886905
22 0.496875 0.409821 0.98125 0.385119
24 0.5 0.406548 0.9875 0.384524
14 0.911719 0.37381 0.114062 0.119048
92 0.486328 0.406027 0.967969 0.385565
26 0.496875 0.409821 0.98125 0.385119
94 0.5 0.421429 0.96875 0.353571
64 0.5 0.421429 0.96875 0.353571
52 0.500781 0.430357 0.970313 0.338095
72 0.496875 0.409821 0.98125 0.385119
14 0.910937 0.388393 0.101562 0.0892857
36 0.496875 0.410714 0.970313 0.384524
0 0.910937 0.388393 0.109375 0.0892857
26 0.911719 0.37381 0.114062 0.119048
20 0.910937 0.388393 0.109375 0.0892857
30 0.910938 0.37619 0.120313 0.115476
18 0.895312 0.386607 0.140625 0.0958333
88 0.500781 0.430357 0.970313 0.338095
33 0.9125 0.388095 0.104688 0.0886905
19 0.457422 0.402679 0.903906 0.3875
2 0.506641 0.406845 0.983594 0.381548
71 0.486328 0.406027 0.967969 0.385565
10 0.506641 0.406845 0.983594 0.381548
50 0.502344 0.42686 0.9625 0.368899
46 0.502344 0.42686 0.9625 0.368899
48 0.502344 0.42686 0.9625 0.368899
110 0.502344 0.42686 0.9625 0.368899
111 0.496094 0.394643 0.959375 0.436905
101 0.496094 0.394643 0.959375 0.436905
49 0.502344 0.42686 0.9625 0.368899
99 0.502344 0.42686 0.9625 0.368899
109 0.496094 0.394643 0.959375 0.436905
68 0.502344 0.42686 0.9625 0.368899
75 0.502344 0.42686 0.9625 0.368899
100 0.502344 0.42686 0.9625 0.368899
73 0.504688 0.383631 0.9625 0.456548
77 0.504688 0.383631 0.9625 0.456548
95 0.496094 0.394643 0.959375 0.436905
67 0.483984 0.408036 0.953906 0.398214
76 0.496094 0.394643 0.959375 0.436905
54 0.502344 0.42686 0.9625 0.368899
42 0.496094 0.394643 0.959375 0.436905
103 0.504688 0.383631 0.9625 0.456548
41 0.502344 0.42686 0.9625 0.368899
104 0.504688 0.383631 0.9625 0.456548
97 0.502344 0.42686 0.9625 0.368899
102 0.502344 0.42686 0.9625 0.368899
56 0.496094 0.394643 0.959375 0.436905
50 0.505469 0.326265 0.965625 0.568899
50 0.364453 0.415774 0.701563 0.398214
17 0.502344 0.42686 0.9625 0.368899
47 0.502344 0.42686 0.9625 0.368899
51 0.504688 0.383631 0.9625 0.456548
84 0.483984 0.408036 0.953906 0.398214
35 0.496094 0.394643 0.959375 0.436905
53 0.502344 0.42686 0.9625 0.368899
99 0.495313 0.322024 0.95 0.585714
105 0.496094 0.394643 0.959375 0.436905
52 0.496094 0.394643 0.959375 0.436905
2 0.502344 0.42686 0.9625 0.368899
46 0.364453 0.415774 0.701563 0.398214
48 0.495313 0.322024 0.95 0.585714
33 0.502344 0.42686 0.9625 0.368899
74 0.495313 0.413988 0.959375 0.3875
9 0.503906 0.404241 0.973438 0.405804
80 0.4375 0.416741 0.854688 0.395089
46 0.495313 0.322024 0.95 0.585714
28 0.504688 0.383631 0.9625 0.456548
110 0.364453 0.415774 0.701563 0.398214
110 0.505469 0.326265 0.965625 0.568899
6 0.495313 0.413988 0.959375 0.3875
48 0.364453 0.415774 0.701563 0.398214
66 0.496094 0.394643 0.959375 0.436905
42 0.364453 0.415774 0.701563 0.398214
14 0.495313 0.413988 0.959375 0.3875
49 0.495313 0.322024 0.95 0.585714
29 0.495313 0.413988 0.959375 0.3875
77 0.387109 0.413393 0.754687 0.395833
81 0.502344 0.42686 0.9625 0.368899
49 0.364453 0.415774 0.701563 0.398214
36 0.496094 0.394643 0.959375 0.436905
109 0.364453 0.415774 0.701563 0.398214
34 0.504688 0.383631 0.9625 0.456548
103 0.364453 0.415774 0.701563 0.398214
99 0.364453 0.415774 0.701563 0.398214
7 0.495313 0.413988 0.959375 0.3875
33 0.364453 0.415774 0.701563 0.398214
5 0.500781 0.410417 0.965625 0.400595
75 0.505469 0.347917 0.970313 0.51369
108 0.496094 0.394643 0.959375 0.436905
41 0.364453 0.415774 0.701563 0.398214
75 0.364453 0.415774 0.701563 0.398214
51 0.387109 0.413393 0.754687 0.395833
68 0.505469 0.326265 0.965625 0.568899
1 0.502344 0.42686 0.9625 0.368899
73 0.387109 0.413393 0.754687 0.395833
54 0.364453 0.415774 0.701563 0.398214
12 0.495313 0.413988 0.959375 0.3875
47 0.364453 0.415774 0.701563 0.398214
4 0.502344 0.42686 0.9625 0.368899
26 0.502344 0.42686 0.9625 0.368899
52 0.364453 0.415774 0.701563 0.398214
54 0.505469 0.326265 0.965625 0.568899
67 0.505469 0.326265 0.965625 0.568899
68 0.364453 0.415774 0.701563 0.398214
101 0.364453 0.415774 0.701563 0.398214
76 0.364453 0.415774 0.701563 0.398214
8 0.495313 0.413988 0.959375 0.3875
17 0.364453 0.415774 0.701563 0.398214
16 0.280078 0.36369 0.135547 0.0928572
102 0.364453 0.415774 0.701563 0.398214
50 0.255078 0.414211 0.486719 0.395387
28 0.499219 0.444643 0.954687 0.317857
77 0.499219 0.444643 0.954687 0.317857
104 0.387109 0.413393 0.754687 0.395833
6 0.495313 0.322024 0.95 0.585714
97 0.364453 0.415774 0.701563 0.398214
81 0.505469 0.326265 0.965625 0.568899
2 0.364453 0.415774 0.701563 0.398214
100 0.505469 0.326265 0.965625 0.568899
31 0.495313 0.413988 0.959375 0.3875
20 0.502344 0.42686 0.9625 0.368899
47 0.495313 0.322024 0.95 0.585714
81 0.364453 0.415774 0.701563 0.398214
50 0.498047 0.395908 0.991406 0.415327
49 0.504687 0.387574 0.96875 0.431994
100 0.504687 0.387574 0.96875 0.431994
48 0.498047 0.395908 0.991406 0.415327
50 0.495312 0.302976 0.971875 0.57619
51 0.504687 0.387574 0.96875 0.431994
99 0.504687 0.387574 0.96875 0.431994
76 0.504687 0.387574 0.96875 0.431994
46 0.504687 0.387574 0.96875 0.431994
73 0.501562 0.388691 0.975 0.421429
47 0.504687 0.387574 0.96875 0.431994
75 0.504687 0.387574 0.96875 0.431994
50 0.555469 0.346726 0.860938 0.369643
100 0.492969 0.299405 0.984375 0.59881
48 0.495312 0.302976 0.971875 0.57619
68 0.498047 0.395908 0.991406 0.415327
49 0.492969 0.299405 0.984375 0.59881
51 0.492969 0.299405 0.984375 0.59881
50 0.503906 0.534821 0.979688 0.829167
73 0.495312 0.302976 0.971875 0.57619
97 0.495312 0.397917 0.9875 0.410119
50 0.658594 0.375595 0.645312 0.419048
101 0.498047 0.395908 0.991406 0.415327
76 0.492969 0.299405 0.984375 0.59881
99 0.492969 0.299405 0.984375 0.59881
46 0.492969 0.299405 0.984375 0.59881
68 0.495312 0.302976 0.971875 0.57619
109 0.498047 0.395908 0.991406 0.415327
48 0.503906 0.580357 0.979688 0.810714
48 0.555469 0.346726 0.860938 0.369643
75 0.492969 0.299405 0.984375 0.59881
77 0.5 0.3875 0.984375 0.441667
47 0.492969 0.299405 0.984375 0.59881
101 0.495312 0.302976 0.971875 0.57619
49 0.500781 0.549107 0.989062 0.830357
84 0.496484 0.384821 0.980469 0.423214
97 0.49375 0.314583 0.982812 0.514881
110 0.504687 0.387574 0.96875 0.431994
25 0.498047 0.395908 0.991406 0.415327
49 0.658594 0.375595 0.645312 0.419048
100 0.658594 0.375595 0.645312 0.419048
48 0.317187 0.397024 0.628906 0.364286
100 0.503906 0.534821 0.979688 0.829167
52 0.498047 0.395908 0.991406 0.415327
17 0.504687 0.387574 0.96875 0.431994
68 0.503906 0.580357 0.979688 0.810714
50 0.5 0.661012 0.989063 0.677976
46 0.503906 0.534821 0.979688 0.829167
102 0.5 0.3875 0.984375 0.441667
109 0.495312 0.302976 0.971875 0.57619
48 0.488281 0.689881 0.957813 0.620238
99 0.503906 0.534821 0.979688 0.829167
51 0.411328 0.39494 0.817969 0.370833
111 0.495312 0.397917 0.9875 0.410119
53 0.498047 0.395908 0.991406 0.415327
47 0.411328 0.39494 0.817969 0.370833
51 0.658594 0.375595 0.645312 0.419048
33 0.498047 0.395908 0.991406 0.415327
47 0.658594 0.375595 0.645312 0.419048
51 0.500781 0.549107 0.989062 0.830357
68 0.5 0.719048 0.990625 0.561905
49 0.411328 0.39494 0.817969 0.370833
2 0.498047 0.395908 0.991406 0.415327
97 0.508594 0.407143 0.946875 0.39881
75 0.505078 0.413021 0.942969 0.383482
74 0.505078 0.413021 0.942969 0.383482
76 0.498047 0.374405 0.953906 0.463095
100 0.498047 0.374405 0.953906 0.463095
33 0.505078 0.413021 0.942969 0.383482
50 0.498047 0.374405 0.953906 0.463095
42 0.505078 0.413021 0.942969 0.383482
84 0.498047 0.374405 0.953906 0.463095
103 0.508594 0.407143 0.946875 0.39881
73 0.498047 0.374405 0.953906 0.463095
66 0.507031 0.410045 0.935938 0.391815
68 0.498047 0.374405 0.953906 0.463095
41 0.491797 0.403274 0.944531 0.382738
17 0.507031 0.410045 0.935938 0.391815
80 0.505078 0.413021 0.942969 0.383482
54 0.505078 0.413021 0.942969 0.383482
48 0.498047 0.374405 0.953906 0.463095
46 0.498047 0.374405 0.953906 0.463095
109 0.498047 0.374405 0.953906 0.463095
101 0.498047 0.374405 0.953906 0.463095
95 0.505078 0.413021 0.942969 0.383482
77 0.498047 0.374405 0.953906 0.463095
47 0.498047 0.374405 0.953906 0.463095
32 0.507031 0.410045 0.935938 0.391815
99 0.498047 0.374405 0.953906 0.463095
49 0.498047 0.374405 0.953906 0.463095
75 0.567187 0.356845 0.817187 0.492262
108 0.505078 0.413021 0.942969 0.383482
110 0.498047 0.374405 0.953906 0.463095
28 0.507031 0.410045 0.935938 0.391815
105 0.507031 0.410045 0.935938 0.391815
104 0.507031 0.410045 0.935938 0.391815
97 0.502734 0.300893 0.947656 0.601786
79 0.522656 0.411607 0.954687 0.385119
42 0.499219 0.303497 0.942188 0.589435
67 0.505078 0.413021 0.942969 0.383482
50 0.503125 0.452976 0.940625 0.305952
53 0.498047 0.374405 0.953906 0.463095
100 0.503125 0.452976 0.940625 0.305952
52 0.522656 0.411607 0.954687 0.385119
76 0.503125 0.452976 0.940625 0.305952
74 0.567187 0.356845 0.817187 0.492262
75 0.499219 0.30119 0.953125 0.602381
23 0.505078 0.413021 0.942969 0.383482
6 0.522656 0.411607 0.954687 0.385119
14 0.522656 0.411607 0.954687 0.385119
102 0.498047 0.374405 0.953906 0.463095
54 0.502734 0.300893 0.947656 0.601786
21 0.491797 0.403274 0.944531 0.382738
41 0.499219 0.303497 0.942188 0.589435
68 0.491016 0.47381 0.974219 0.260714
56 0.505078 0.413021 0.942969 0.383482
80 0.499219 0.303497 0.942188 0.589435
68 0.497656 0.892262 0.964063 0.215476
33 0.499219 0.303497 0.942188 0.589435
97 0.581641 0.354241 0.816406 0.493899
8 0.505078 0.413021 0.942969 0.383482
76 0.569141 0.294643 0.817969 0.589286
50 0.569141 0.294643 0.817969 0.589286
73 0.503125 0.452976 0.940625 0.305952
16 0.491797 0.403274 0.944531 0.382738
9 0.522656 0.411607 0.954687 0.385119
68 0.888281 0.450595 0.18125 0.302381
100 0.569141 0.294643 0.817969 0.589286
49 0.504297 0.39494 0.985156 0.393452
50 0.504297 0.39494 0.985156 0.393452
48 0.507031 0.40119 0.978125 0.407143
100 0.504297 0.39494 0.985156 0.393452
76 0.504297 0.39494 0.985156 0.393452
51 0.503906 0.403571 0.964063 0.386905
47 0.503906 0.403571 0.964063 0.386905
99 0.504297 0.39494 0.985156 0.393452
73 0.504297 0.39494 0.985156 0.393452
97 0.504297 0.39494 0.985156 0.393452
46 0.504297 0.39494 0.985156 0.393452
77 0.504687 0.402083 0.975 0.410119
101 0.504297 0.39494 0.985156 0.393452
111 0.503906 0.403571 0.964063 0.386905
110 0.504297 0.39494 0.985156 0.393452
68 0.504297 0.39494 0.985156 0.393452
102 0.504687 0.402083 0.975 0.410119
67 0.507031 0.40119 0.978125 0.407143
17 0.507031 0.40119 0.978125 0.407143
53 0.514063 0.377976 0.9625 0.444048
109 0.514063 0.377976 0.9625 0.444048
84 0.514063 0.377976 0.9625 0.444048
54 0.503906 0.407143 0.989063 0.390476
75 0.504297 0.39494 0.985156 0.393452
75 0.505469 0.40625 0.965625 0.392262
76 0.505469 0.40625 0.965625 0.392262
50 0.505469 0.40625 0.965625 0.392262
41 0.505469 0.40625 0.965625 0.392262
73 0.505469 0.40625 0.965625 0.392262
97 0.505469 0.40625 0.965625 0.392262
66 0.508594 0.413393 0.957812 0.381548
99 0.505469 0.40625 0.965625 0.392262
74 0.508594 0.413393 0.957812 0.381548
100 0.505469 0.40625 0.965625 0.392262
103 0.505469 0.40625 0.965625 0.392262
33 0.505469 0.40625 0.965625 0.392262
84 0.503906 0.410714 0.95 0.380952
46 0.505469 0.40625 0.965625 0.392262
49 0.505469 0.40625 0.965625 0.392262
54 0.505469 0.40625 0.965625 0.392262
109 0.510156 0.412798 0.960938 0.372024
47 0.505469 0.40625 0.965625 0.392262
77 0.510156 0.412798 0.960938 0.372024
17 0.505469 0.40625 0.965625 0.392262
16 0.907031 0.380952 0.110938 0.0821429
48 0.505469 0.40625 0.965625 0.392262
68 0.510156 0.412798 0.960938 0.372024
15 0.907031 0.380952 0.110938 0.0821429
16 0.8875 0.378274 0.065625 0.0821429
33 0.907031 0.380952 0.110938 0.0821429
110 0.510156 0.412798 0.960938 0.372024
51 0.507031 0.360045 0.970312 0.47872
95 0.503906 0.410714 0.95 0.380952
101 0.510156 0.412798 0.960938 0.372024
0 0.907031 0.380952 0.110938 0.0821429
102 0.510156 0.412798 0.960938 0.372024
42 0.5 0.39494 0.9875 0.410119
15 0.8875 0.378274 0.065625 0.0821429
33 0.8875 0.378274 0.065625 0.0821429
111 0.503906 0.410714 0.95 0.380952
80 0.505469 0.40625 0.965625 0.392262
19 0.508594 0.413393 0.957812 0.381548
14 0.907031 0.380952 0.110938 0.0821429
16 0.909375 0.414286 0.109375 0.0666667
99 0.500781 0.408929 0.964063 0.392857
50 0.499219 0.410789 0.9625 0.395089
97 0.500781 0.41369 0.954688 0.383333
73 0.500781 0.41369 0.954688 0.383333
100 0.501953 0.41131 0.961719 0.389286
46 0.500781 0.41369 0.954688 0.383333
76 0.500781 0.408929 0.964063 0.392857
49 0.501953 0.41131 0.961719 0.389286
47 0.514063 0.41436 0.971875 0.380804
51 0.514063 0.41436 0.971875 0.380804
48 0.514063 0.41436 0.971875 0.380804
110 0.500781 0.408929 0.964063 0.392857
41 0.501953 0.41131 0.961719 0.389286
17 0.501953 0.41131 0.961719 0.389286
75 0.502344 0.391592 0.957812 0.426339
101 0.500781 0.408929 0.964063 0.392857
109 0.500781 0.408929 0.964063 0.392857
102 0.499219 0.410789 0.9625 0.395089
42 0.510938 0.409821 0.978125 0.388691
111 0.514063 0.41436 0.971875 0.380804
33 0.500781 0.41369 0.954688 0.383333
54 0.510938 0.409821 0.978125 0.388691
74 0.501562 0.397098 0.964063 0.427232
66 0.501562 0.397098 0.964063 0.427232
77 0.500781 0.408929 0.964063 0.392857
50 0.496875 0.408854 0.96875 0.393006
76 0.500781 0.396131 0.967188 0.418452
97 0.496484 0.411012 0.975781 0.392262
73 0.491406 0.416964 0.960938 0.382738
100 0.496484 0.411012 0.975781 0.392262
46 0.491406 0.416964 0.960938 0.382738
47 0.491406 0.416964 0.960938 0.382738
99 0.491406 0.416964 0.960938 0.382738
49 0.491406 0.416964 0.960938 0.382738
51 0.491406 0.416964 0.960938 0.382738
33 0.496484 0.411012 0.975781 0.392262
34 0.491406 0.416964 0.960938 0.382738
42 0.491406 0.416964 0.960938 0.382738
110 0.498437 0.404092 0.970313 0.401339
17 0.491406 0.416964 0.960938 0.382738
48 0.509766 0.417262 0.980469 0.382143
41 0.496484 0.411012 0.975781 0.392262
8 0.491406 0.416964 0.960938 0.382738
75 0.491406 0.416964 0.960938 0.382738
9 0.491406 0.416964 0.960938 0.382738
3 0.491406 0.416964 0.960938 0.382738
29 0.491406 0.416964 0.960938 0.382738
35 0.509766 0.417262 0.980469 0.382143
50 0.496094 0.406548 0.965625 0.392857
51 0.506641 0.410789 0.986719 0.385565
76 0.50625 0.401786 0.94375 0.404762
47 0.506641 0.410789 0.986719 0.385565
46 0.506641 0.410789 0.986719 0.385565
49 0.506641 0.410789 0.986719 0.385565
100 0.496094 0.407068 0.964063 0.387054
97 0.496094 0.407068 0.964063 0.387054
73 0.506641 0.410789 0.986719 0.385565
48 0.506641 0.410789 0.986719 0.385565
99 0.506641 0.410789 0.986719 0.385565
42 0.506641 0.410789 0.986719 0.385565
33 0.496094 0.407068 0.964063 0.387054
75 0.507031 0.40119 0.942188 0.4
17 0.506641 0.410789 0.986719 0.385565
54 0.495703 0.408408 0.960156 0.386756
110 0.507031 0.40119 0.942188 0.4
50 0.505469 0.402381 0.954688 0.415476
97 0.503906 0.38936 0.965625 0.430804
49 0.5 0.406845 0.946875 0.407738
51 0.5 0.406845 0.946875 0.407738
47 0.494531 0.41131 0.951563 0.40119
76 0.487891 0.37567 0.975781 0.458185
46 0.494531 0.41131 0.951563 0.40119
100 0.5 0.406845 0.946875 0.407738
33 0.503906 0.38936 0.965625 0.430804
42 0.490625 0.371354 0.98125 0.463244
54 0.503906 0.38936 0.965625 0.430804
17 0.502344 0.388988 0.965625 0.431548
53 0.503906 0.38936 0.965625 0.430804
73 0.49375 0.369345 0.967187 0.468452
95 0.503906 0.38936 0.965625 0.430804
110 0.502344 0.388988 0.965625 0.431548
50 0.503125 0.41064 0.975 0.389435
76 0.504297 0.408333 0.972656 0.397619
49 0.498437 0.411607 0.965625 0.388691
100 0.501563 0.406473 0.978125 0.397768
97 0.501563 0.406473 0.978125 0.397768
46 0.510156 0.411905 0.979688 0.390476
110 0.504297 0.408333 0.972656 0.397619
99 0.504297 0.408333 0.972656 0.397619
17 0.504297 0.408333 0.972656 0.397619
50 0.496484 0.40625 0.960156 0.399405
76 0.502344 0.401265 0.954688 0.406994
49 0.50625 0.40506 0.9875 0.404167
46 0.50625 0.40506 0.9875 0.404167
100 0.50625 0.40506 0.9875 0.404167
51 0.50625 0.40506 0.9875 0.404167
97 0.502344 0.400595 0.953125 0.403571
47 0.50625 0.40506 0.9875 0.404167
73 0.50625 0.40506 0.9875 0.404167
110 0.499609 0.402679 0.966406 0.401786
99 0.50625 0.40506 0.9875 0.404167
50 0.500781 0.408036 0.957812 0.3875
76 0.500781 0.408036 0.957812 0.3875
97 0.500781 0.408036 0.957812 0.3875
49 0.5 0.407738 0.95 0.385714
100 0.50625 0.40506 0.957812 0.389881
46 0.5 0.407738 0.95 0.385714
51 0.499219 0.408333 0.94375 0.389286
73 0.50625 0.40506 0.957812 0.389881
17 0.502344 0.403274 0.957812 0.391071
42 0.502344 0.403274 0.957812 0.391071
99 0.50625 0.40506 0.957812 0.389881
47 0.5 0.407738 0.95 0.385714
110 0.50625 0.40506 0.957812 0.389881
41 0.502344 0.403274 0.957812 0.391071
34 0.5 0.407738 0.95 0.385714
33 0.502344 0.403274 0.957812 0.391071
29 0.500781 0.408929 0.957812 0.385714
50 0.505469 0.39814 0.95625 0.410863
50 0.497656 0.302307 0.975 0.589435
51 0.492578 0.340551 0.985156 0.52128
46 0.492578 0.340551 0.985156 0.52128
49 0.502734 0.39933 0.963281 0.416815
76 0.502734 0.39933 0.963281 0.416815
76 0.497656 0.302307 0.975 0.589435
49 0.497656 0.302307 0.975 0.589435
47 0.497656 0.302307 0.975 0.589435
100 0.502734 0.39933 0.963281 0.416815
73 0.502734 0.39933 0.963281 0.416815
99 0.502734 0.39933 0.963281 0.416815
47 0.502734 0.39933 0.963281 0.416815
73 0.497656 0.302307 0.975 0.589435
99 0.497656 0.302307 0.975 0.589435
100 0.497656 0.302307 0.975 0.589435
110 0.502734 0.39933 0.963281 0.416815
97 0.502734 0.39933 0.963281 0.416815
50 0.494141 0.410119 0.963281 0.386905
76 0.503906 0.405655 0.948438 0.392262
49 0.503906 0.406473 0.948438 0.394196
100 0.503906 0.406473 0.948438 0.394196
46 0.503906 0.406473 0.948438 0.394196
29 0.494141 0.408036 0.964844 0.386309
97 0.501563 0.40119 0.953125 0.39881
51 0.494141 0.410119 0.963281 0.386905
5 0.503906 0.405655 0.948438 0.392262
4 0.494141 0.408036 0.964844 0.386309
17 0.501563 0.40119 0.953125 0.39881
110 0.503906 0.406473 0.948438 0.394196
31 0.494141 0.408036 0.964844 0.386309
22 0.492969 0.410417 0.957812 0.381548
50 0.494922 0.412798 0.950781 0.382738
46 0.494922 0.412798 0.950781 0.382738
76 0.494922 0.412798 0.950781 0.382738
97 0.500781 0.414583 0.967188 0.377976
100 0.494922 0.412798 0.950781 0.382738
49 0.494922 0.412798 0.950781 0.382738
73 0.500781 0.414583 0.967188 0.377976
47 0.508203 0.410417 0.978906 0.3875
99 0.494922 0.412798 0.950781 0.382738
33 0.500781 0.414583 0.967188 0.377976
42 0.508203 0.410417 0.978906 0.3875
50 0.502344 0.408408 0.9375 0.386756
46 0.514844 0.409226 0.967188 0.391071
76 0.514844 0.409226 0.967188 0.391071
100 0.502344 0.411607 0.95 0.382738
97 0.501953 0.411979 0.955469 0.384375
49 0.514844 0.409226 0.967188 0.391071
47 0.514844 0.409226 0.967188 0.391071
51 0.514844 0.409226 0.967188 0.391071
73 0.502344 0.411607 0.95 0.382738
99 0.502344 0.411607 0.95 0.382738
110 0.502344 0.411607 0.95 0.382738
42 0.514844 0.409226 0.967188 0.391071
50 0.503125 0.403869 0.95625 0.397024
49 0.520312 0.410714 0.959375 0.385714
46 0.520312 0.410714 0.959375 0.385714
76 0.520312 0.410714 0.959375 0.385714
100 0.506641 0.410714 0.955469 0.386905
47 0.520312 0.410714 0.959375 0.385714
51 0.489063 0.390551 0.978125 0.42247
73 0.506641 0.410714 0.955469 0.386905
97 0.489063 0.383929 0.978125 0.435714
50 0.497656 0.404762 0.945313 0.39881
97 0.502344 0.402976 0.960938 0.403571
49 0.497656 0.404762 0.945313 0.39881
76 0.497266 0.405655 0.949219 0.397024
51 0.497656 0.404762 0.945313 0.39881
46 0.501953 0.407143 0.961719 0.397619
73 0.501953 0.407143 0.961719 0.397619
110 0.501953 0.407143 0.961719 0.397619
47 0.501953 0.407143 0.961719 0.397619
100 0.501953 0.407143 0.961719 0.397619
50 0.502344 0.407217 0.945312 0.390327
76 0.513672 0.406548 0.972656 0.392857
97 0.503516 0.406622 0.946094 0.395089
49 0.505078 0.407068 0.946094 0.389435
100 0.505078 0.407068 0.946094 0.389435
50 0.496875 0.41131 0.95625 0.388095
97 0.492578 0.383631 0.985156 0.435119
76 0.505078 0.410119 0.989844 0.391667
46 0.499219 0.4125 0.9625 0.385714
49 0.499219 0.4125 0.9625 0.385714
100 0.503516 0.414286 0.964844 0.382143
73 0.503516 0.414286 0.964844 0.382143
51 0.496875 0.41131 0.95625 0.388095
100 0.500781 0.411012 0.94375 0.3875
46 0.50625 0.410789 0.98125 0.385565
76 0.497656 0.40119 0.957812 0.405952
73 0.500781 0.411012 0.94375 0.3875
50 0.497656 0.40119 0.957812 0.405952
97 0.497656 0.40119 0.957812 0.405952
49 0.508203 0.409598 0.983594 0.381994
99 0.500781 0.411012 0.94375 0.3875
47 0.50625 0.410789 0.98125 0.385565
109 0.497656 0.40119 0.957812 0.405952
110 0.497656 0.40119 0.957812 0.405952
29 0.500781 0.409598 0.946875 0.385566
75 0.497656 0.40119 0.957812 0.405952
50 0.500391 0.410714 0.961719 0.395238
46 0.503125 0.412202 0.971875 0.391071
76 0.503125 0.412202 0.971875 0.391071
49 0.499609 0.413095 0.941406 0.391667
100 0.503516 0.407738 0.955469 0.4
47 0.503125 0.412202 0.971875 0.391071
73 0.503516 0.407738 0.955469 0.4
97 0.503516 0.407738 0.955469 0.4
99 0.503516 0.407738 0.955469 0.4
51 0.497656 0.411607 0.960938 0.388691
110 0.503516 0.407738 0.955469 0.4
50 0.497656 0.408333 0.942187 0.394048
76 0.5125 0.407738 0.971875 0.394048
46 0.5125 0.407738 0.971875 0.394048
49 0.5125 0.407738 0.971875 0.394048
100 0.504687 0.407738 0.957812 0.394048
97 0.499609 0.405357 0.967969 0.40119
73 0.505078 0.404241 0.952344 0.404613
50 0.492969 0.405357 0.964063 0.396429
97 0.496094 0.402083 0.964063 0.4125
76 0.492969 0.408631 0.967188 0.397024
100 0.496484 0.404092 0.969531 0.406101
49 0.498828 0.405357 0.988281 0.392857
46 0.498828 0.405357 0.988281 0.392857
50 0.50625 0.40506 0.94375 0.398214
76 0.505469 0.406548 0.942187 0.396429
49 0.504297 0.410119 0.982031 0.391667
100 0.500781 0.406473 0.951563 0.394196
46 0.504297 0.410119 0.982031 0.391667
29 0.503906 0.409821 0.942188 0.389881
110 0.500781 0.406473 0.951563 0.394196
50 0.497266 0.41064 0.944531 0.388244
76 0.511719 0.408929 0.975 0.388095
97 0.5 0.405655 0.95625 0.394643
49 0.511719 0.408929 0.975 0.388095
46 0.495313 0.411607 0.954687 0.383929
100 0.495313 0.411607 0.954687 0.383929
54 0.495313 0.411607 0.954687 0.383929
84 0.498438 0.409524 0.959375 0.388095
48 0.495313 0.411607 0.954687 0.383929
110 0.495313 0.411607 0.954687 0.383929
50 0.501953 0.407441 0.955469 0.395833
76 0.5 0.408854 0.945312 0.389435
49 0.5 0.408854 0.945312 0.389435
100 0.5 0.408854 0.945312 0.389435
46 0.5 0.408854 0.945312 0.389435
50 0.496875 0.409449 0.95625 0.396577
49 0.499609 0.410714 0.985156 0.392857
46 0.499219 0.410417 0.985937 0.391071
76 0.499609 0.410714 0.985156 0.392857
100 0.49375 0.408854 0.959375 0.396577
97 0.49375 0.404762 0.967187 0.404762
50 0.495313 0.410714 0.96875 0.391667
76 0.497656 0.411905 0.982812 0.389286
49 0.497656 0.411905 0.982812 0.389286
46 0.497656 0.411905 0.982812 0.389286
50 0.497656 0.40625 0.959375 0.399405
49 0.496094 0.405283 0.960938 0.398958
46 0.501562 0.392857 0.95625 0.425
97 0.501562 0.392857 0.95625 0.425
76 0.501562 0.392857 0.95625 0.425
100 0.497656 0.389881 0.960938 0.426191
51 0.497656 0.389881 0.960938 0.426191
48 0.496094 0.405283 0.960938 0.398958
47 0.497656 0.389881 0.960938 0.426191
99 0.497656 0.389881 0.960938 0.426191
84 0.501562 0.392857 0.95625 0.425
73 0.497656 0.389881 0.960938 0.426191
50 0.497656 0.409226 0.954688 0.393452
76 0.499219 0.408333 0.967188 0.390476
49 0.495313 0.410045 0.959375 0.389435
51 0.499219 0.408333 0.967188 0.390476
97 0.499219 0.408333 0.967188 0.390476
46 0.495313 0.410045 0.959375 0.389435
100 0.499219 0.408333 0.967188 0.390476
50 0.500781 0.41131 0.946875 0.392857
97 0.501172 0.407738 0.966406 0.39881
76 0.500781 0.410714 0.95625 0.390476
50 0.499219 0.408036 0.967188 0.393452
76 0.496094 0.408408 0.95625 0.391518
46 0.496094 0.408408 0.95625 0.391518
49 0.497266 0.408631 0.985156 0.389881
100 0.505469 0.400595 0.954688 0.403571
34 0.497266 0.408631 0.985156 0.389881
97 0.499219 0.405878 0.970312 0.397768
50 0.496094 0.410193 0.957813 0.389137
97 0.504687 0.40625 0.965625 0.397024
76 0.501562 0.411384 0.975 0.389137
50 0.502344 0.406027 0.967188 0.398661
76 0.501172 0.406845 0.960156 0.395833
49 0.499219 0.403869 0.967188 0.398214
97 0.495313 0.400298 0.984375 0.41131
51 0.503125 0.401488 0.9625 0.401786
50 0.501172 0.410417 0.960156 0.393452
49 0.5 0.408259 0.9625 0.393006
76 0.5 0.408259 0.9625 0.393006
50 0.499609 0.408929 0.957031 0.394048
46 0.497656 0.408333 0.960938 0.395238
49 0.496094 0.411384 0.957813 0.392708
100 0.500781 0.407738 0.951563 0.397619
76 0.5 0.411012 0.95625 0.393452
51 0.5 0.411012 0.95625 0.393452
50 0.500391 0.408854 0.958594 0.394196
49 0.494531 0.411905 0.959375 0.395238
46 0.505078 0.409821 0.988281 0.389881
50 0.498438 0.408631 0.945312 0.392262
97 0.500781 0.408259 0.95625 0.391815
46 0.500781 0.408259 0.95625 0.391815
76 0.500781 0.408259 0.95625 0.391815
49 0.500781 0.408259 0.95625 0.391815
50 0.501562 0.409524 0.95 0.392857
49 0.497656 0.412798 0.954688 0.3875
46 0.500781 0.411905 0.951563 0.390476
100 0.497656 0.412798 0.954688 0.3875
76 0.497656 0.412798 0.954688 0.3875
50 0.501562 0.410789 0.95 0.387946
49 0.496875 0.410417 0.954688 0.391071
46 0.496875 0.410417 0.954688 0.391071
76 0.496875 0.410417 0.954688 0.391071
97 0.5 0.411235 0.960938 0.389435
100 0.5 0.411235 0.960938 0.389435
50 0.496094 0.409226 0.948438 0.391071
76 0.500391 0.405357 0.983594 0.39881
50 0.5 0.408259 0.95625 0.391815
76 0.49375 0.41131 0.964063 0.391667
49 0.49375 0.41131 0.964063 0.391667
50 0.499219 0.404762 0.954687 0.401191
49 0.495313 0.410119 0.9625 0.396429
76 0.496484 0.409524 0.985156 0.394048
50 0.498828 0.408854 0.952344 0.394196
49 0.5 0.41064 0.95 0.391815
76 0.5 0.41064 0.95 0.391815
51 0.498047 0.410119 0.957031 0.390476
50 0.500781 0.411235 0.948438 0.387054
49 0.504687 0.410045 0.975 0.393006
50 0.501172 0.409226 0.947656 0.388691
49 0.5125 0.409226 0.965625 0.391071
46 0.512891 0.408929 0.967969 0.389286
50 0.498438 0.409449 0.953125 0.388244
49 0.505078 0.408408 0.974219 0.390327
46 0.5 0.410714 0.971875 0.384524
76 0.496484 0.409821 0.958594 0.385119
100 0.5 0.410714 0.971875 0.384524
50 0.496875 0.407217 0.95625 0.395089
49 0.497266 0.408036 0.966406 0.391071
50 0.496094 0.406548 0.96875 0.394048
76 0.498828 0.408854 0.977344 0.387054
97 0.495312 0.406845 0.971875 0.392262
46 0.495312 0.406845 0.971875 0.392262
49 0.495312 0.406845 0.971875 0.392262
50 0.495313 0.404167 0.9625 0.39881
76 0.494531 0.0740327 0.979688 0.148065
50 0.492578 0.407738 0.964844 0.394048
49 0.495703 0.407441 0.964844 0.395833
76 0.495703 0.407441 0.964844 0.395833
97 0.491406 0.395238 0.982813 0.415476
76 0.494922 0.0928571 0.983594 0.185714
50 0.499609 0.405432 0.960156 0.395089
49 0.501172 0.407143 0.975781 0.390476
76 0.498437 0.409821 0.9625 0.389881
50 0.498828 0.40625 0.961719 0.393452
49 0.497656 0.407813 0.957812 0.390327
46 0.497656 0.407813 0.957812 0.390327
76 0.497656 0.407813 0.957812 0.390327
50 0.501953 0.408631 0.963281 0.392262
49 0.511328 0.408333 0.971094 0.394048
46 0.508594 0.408259 0.970313 0.393006
76 0.508594 0.408259 0.970313 0.393006
50 0.498047 0.406845 0.964844 0.393452
49 0.508594 0.407738 0.975 0.395238
76 0.498047 0.408631 0.964844 0.389881
46 0.508594 0.407738 0.975 0.395238
50 0.500781 0.410193 0.960938 0.387946
49 0.507031 0.409524 0.973438 0.392857
46 0.50625 0.407664 0.975 0.391815
76 0.499609 0.410119 0.963281 0.388095
50 0.499219 0.410119 0.960938 0.389286
49 0.502734 0.408631 0.977344 0.392262
50 0.500391 0.409449 0.961719 0.389435
49 0.502344 0.408036 0.979688 0.392262
76 0.5 0.409821 0.967188 0.38631
50 0.500781 0.409524 0.964063 0.388095
49 0.501953 0.408408 0.974219 0.391518
50 0.501953 0.408631 0.947656 0.392262
49 0.50625 0.409226 0.967188 0.391071
50 0.498438 0.407143 0.967188 0.395238
50 0.500781 0.408854 0.948438 0.391815
76 0.5 0.408333 0.96875 0.391667
50 0.498438 0.409598 0.953125 0.390327
76 0.500391 0.408408 0.967969 0.391518
50 0.499219 0.408929 0.951563 0.391667
76 0.499219 0.407217 0.970312 0.395089
50 0.498828 0.406622 0.964844 0.393899
50 0.497656 0.408929 0.954688 0.390476
49 0.503906 0.408631 0.973438 0.391071
50 0.497656 0.409449 0.954688 0.390625
50 0.492969 0.074256 0.975 0.148512
49 0.505859 0.409226 0.969531 0.392262
50 0.495703 0.409598 0.958594 0.391518
50 0.492969 0.0751488 0.975 0.150298
49 0.504297 0.408929 0.972656 0.392857
50 0.494531 0.410119 0.959375 0.390476
50 0.492969 0.0771577 0.975 0.154315
50 0.494531 0.410119 0.959375 0.390476
50 0.492969 0.0769345 0.973437 0.153869
50 0.495312 0.409524 0.95625 0.391667
50 0.49375 0.0796875 0.975 0.159375
50 0.496875 0.409449 0.953125 0.390625
50 0.494531 0.0747024 0.973437 0.149405
49 0.505859 0.409003 0.975781 0.392708
50 0.496875 0.409524 0.953125 0.390476
50 0.495312 0.0749256 0.971875 0.149851
49 0.506641 0.408929 0.977344 0.391667
50 0.496875 0.409449 0.953125 0.390625
50 0.495312 0.0767113 0.971875 0.153423
50 0.500391 0.409003 0.949219 0.390327
50 0.495312 0.0752976 0.971875 0.150595
50 0.500781 0.409226 0.948438 0.389881
49 0.507422 0.409821 0.977344 0.391071
50 0.501563 0.409821 0.946875 0.389881
49 0.508203 0.410119 0.974219 0.391667
49 0.374609 0.115327 0.749219 0.230655
50 0.374609 0.115327 0.749219 0.230655
50 0.503125 0.410045 0.94375 0.389435
49 0.375586 0.117336 0.751172 0.234673
49 0.508594 0.410045 0.971875 0.391815
50 0.375586 0.117336 0.751172 0.234673
50 0.494531 0.077381 0.970313 0.154762
50 0.502344 0.410119 0.945312 0.389286
49 0.376953 0.124182 0.753906 0.248363
50 0.376953 0.124182 0.753906 0.248363
76 0.376953 0.124182 0.753906 0.248363
49 0.507812 0.409598 0.971875 0.391518
49 0.37832 0.241369 0.756641 0.482738
50 0.502344 0.410045 0.945312 0.389435
49 0.377734 0.126786 0.755469 0.253571
50 0.377734 0.126786 0.755469 0.253571
49 0.378711 0.246577 0.757422 0.493155
76 0.377734 0.126786 0.755469 0.253571
50 0.494141 0.0764881 0.971094 0.152976
49 0.507031 0.409821 0.973438 0.391071
50 0.501563 0.409524 0.946875 0.389286
49 0.378125 0.130134 0.75625 0.260268
50 0.493359 0.0758929 0.969531 0.151786
49 0.499219 0.410193 0.957813 0.386756
49 0.379102 0.246131 0.758203 0.492262
76 0.378125 0.130134 0.75625 0.260268
50 0.378125 0.130134 0.75625 0.260268
50 0.501172 0.409598 0.947656 0.390327
49 0.37832 0.129836 0.756641 0.259673
50 0.494141 0.0751488 0.971094 0.150298
49 0.379688 0.242262 0.759375 0.484524
49 0.505469 0.409226 0.976563 0.391071
76 0.37832 0.129836 0.756641 0.259673
50 0.37832 0.129836 0.756641 0.259673
50 0.5 0.409226 0.95 0.389881
49 0.37793 0.128646 0.755859 0.257292
50 0.49375 0.075 0.971875 0.15
49 0.504688 0.408929 0.978125 0.391667
50 0.5 0.409226 0.95 0.389881
49 0.378125 0.124851 0.75625 0.249702
49 0.504688 0.409003 0.978125 0.391518
50 0.499609 0.409226 0.950781 0.389881
49 0.504688 0.409003 0.978125 0.391518
50 0.494531 0.074256 0.973437 0.148512
50 0.499609 0.408929 0.950781 0.390476
49 0.499219 0.410045 0.953125 0.388244
50 0.494531 0.0738095 0.973437 0.147619
50 0.499219 0.408929 0.951563 0.390476
49 0.498438 0.410045 0.953125 0.388244
50 0.494531 0.0738095 0.973437 0.147619
50 0.499219 0.408631 0.951563 0.391071
49 0.499219 0.409821 0.953125 0.388691
50 0.494531 0.0732143 0.973437 0.146429
50 0.498828 0.408631 0.952344 0.391071
49 0.498437 0.409821 0.954688 0.388691
50 0.494531 0.0726935 0.973437 0.145387
50 0.498828 0.408631 0.952344 0.391071
49 0.498437 0.409598 0.954688 0.389137
50 0.494531 0.072247 0.973437 0.144494
50 0.498438 0.408631 0.953125 0.391071
49 0.498437 0.409598 0.95625 0.389137
50 0.498047 0.408929 0.953906 0.391667
49 0.498047 0.409524 0.955469 0.389286
50 0.498438 0.408631 0.953125 0.391071
49 0.498437 0.409524 0.95625 0.389286
50 0.498438 0.408631 0.953125 0.391071
49 0.498437 0.409449 0.95625 0.389435
50 0.498438 0.408408 0.953125 0.391518
49 0.498828 0.409449 0.955469 0.389435
50 0.498438 0.408408 0.953125 0.391518
49 0.498437 0.409226 0.954688 0.389881
50 0.498438 0.408408 0.953125 0.391518
49 0.498828 0.409226 0.955469 0.389881
50 0.498438 0.408408 0.953125 0.391518
49 0.498437 0.409226 0.954688 0.389881
50 0.498438 0.408408 0.953125 0.391518
49 0.498437 0.409226 0.95625 0.389881
50 0.498438 0.408408 0.953125 0.391518
49 0.498437 0.409226 0.954688 0.389881
50 0.498438 0.408408 0.953125 0.391518
49 0.498437 0.409003 0.954688 0.390327
50 0.498438 0.408631 0.953125 0.391071
49 0.498437 0.409226 0.954688 0.389881
50 0.498438 0.408631 0.953125 0.391071
49 0.498047 0.409226 0.955469 0.389881
50 0.498047 0.408631 0.953906 0.391071
49 0.498047 0.409226 0.955469 0.389881
50 0.497656 0.408631 0.954688 0.391071
49 0.497656 0.409449 0.95625 0.389435
50 0.497656 0.0743304 0.971875 0.148661
50 0.497656 0.408631 0.954688 0.391071
49 0.497656 0.409449 0.95625 0.389435
50 0.497656 0.075 0.971875 0.15
50 0.497656 0.408631 0.954688 0.391071
49 0.497656 0.409449 0.95625 0.389435
50 0.497656 0.0752232 0.971875 0.150446
50 0.497656 0.408631 0.954688 0.391071
49 0.497656 0.409524 0.95625 0.389286
50 0.497656 0.0755952 0.971875 0.15119
50 0.497656 0.408631 0.954688 0.391071
49 0.497656 0.409524 0.95625 0.389286
50 0.497656 0.0755952 0.971875 0.15119
50 0.498047 0.408631 0.953906 0.391071
49 0.497656 0.409524 0.95625 0.389286
50 0.498047 0.408854 0.953906 0.390625
49 0.498047 0.409524 0.955469 0.389286
50 0.498438 0.408854 0.953125 0.390625
49 0.498437 0.409598 0.954688 0.389137
50 0.498438 0.408854 0.953125 0.390625
49 0.498047 0.409524 0.955469 0.389286
50 0.498438 0.408854 0.953125 0.390625
49 0.498437 0.409598 0.954688 0.389137
50 0.498438 0.408929 0.953125 0.390476
49 0.498437 0.409598 0.954688 0.389137
50 0.498438 0.408854 0.953125 0.390625
50 0.498438 0.408929 0.953125 0.390476
50 0.498828 0.408929 0.952344 0.390476
50 0.498828 0.408929 0.952344 0.390476
50 0.499219 0.408929 0.951563 0.390476
50 0.499219 0.408929 0.951563 0.390476
50 0.499219 0.408929 0.951563 0.390476
50 0.499219 0.408929 0.951563 0.390476
50 0.499609 0.408929 0.950781 0.390476
50 0.5 0.408929 0.95 0.390476
50 0.5 0.408929 0.95 0.390476
50 0.5 0.408631 0.95 0.389881
50 0.5 0.408631 0.95 0.389881
50 0.500391 0.408854 0.949219 0.389435
50 0.500391 0.408854 0.949219 0.389435
50 0.500781 0.408854 0.948438 0.389435
50 0.500781 0.408929 0.948438 0.389286
50 0.500781 0.408929 0.948438 0.389286
50 0.501172 0.408929 0.947656 0.389286
50 0.501172 0.409003 0.947656 0.389137
50 0.501563 0.409003 0.946875 0.389137
50 0.501563 0.409003 0.946875 0.389137
50 0.501563 0.408929 0.946875 0.389286
50 0.501563 0.409003 0.946875 0.389137
50 0.501563 0.409003 0.946875 0.389137
50 0.501563 0.409226 0.946875 0.388691
50 0.501953 0.409003 0.946094 0.389137
50 0.501953 0.409226 0.946094 0.388691
50 0.502344 0.409003 0.945312 0.389137
50 0.502344 0.409226 0.945312 0.388691
50 0.502344 0.409226 0.945312 0.388691
50 0.502344 0.409226 0.945312 0.388691
31 0.876562 0.945238 0.246875 0.109524
50 0.502344 0.409226 0.945312 0.388691
31 0.876562 0.94494 0.246875 0.110119
50 0.502344 0.409226 0.945312 0.388691
31 0.876562 0.944643 0.246875 0.110714
50 0.505469 0.409821 0.954688 0.3875
31 0.876562 0.944048 0.246875 0.111905
50 0.505469 0.409821 0.954688 0.3875
31 0.876562 0.943452 0.246875 0.113095
50 0.505469 0.409598 0.954688 0.387946
31 0.876562 0.943452 0.246875 0.113095
50 0.50625 0.409821 0.954688 0.3875
31 0.876562 0.943452 0.246875 0.113095
50 0.50625 0.409821 0.954688 0.3875
31 0.876562 0.94375 0.246875 0.1125
50 0.50625 0.409524 0.954688 0.388095
31 0.876562 0.94375 0.246875 0.1125
50 0.506641 0.409524 0.955469 0.388095
31 0.876562 0.944048 0.246875 0.111905
50 0.507031 0.409524 0.954687 0.388095
31 0.876367 0.943452 0.247266 0.113095
50 0.507031 0.409524 0.954687 0.388095
31 0.876367 0.94375 0.247266 0.1125
50 0.507031 0.409524 0.954687 0.388095
31 0.876367 0.943452 0.247266 0.113095
50 0.507031 0.409524 0.954687 0.388095
31 0.876367 0.943452 0.247266 0.113095
50 0.507031 0.409524 0.954687 0.388095
31 0.876367 0.943452 0.247266 0.113095
50 0.507031 0.409524 0.954687 0.388095
31 0.876367 0.944048 0.247266 0.111905
50 0.507031 0.409524 0.954687 0.388095
31 0.876367 0.944048 0.247266 0.111905
50 0.507031 0.409524 0.954687 0.388095
31 0.876367 0.944643 0.247266 0.110714
50 0.507031 0.409524 0.954687 0.388095
31 0.876367 0.944643 0.247266 0.110714
50 0.507031 0.409524 0.954687 0.388095
31 0.876172 0.945238 0.247656 0.109524
50 0.507031 0.409449 0.954687 0.388244
31 0.876172 0.945238 0.247656 0.109524
50 0.507031 0.409449 0.954687 0.388244
31 0.876172 0.945238 0.247656 0.109524
50 0.507031 0.409449 0.954687 0.388244
31 0.876172 0.945238 0.247656 0.109524
50 0.507031 0.409524 0.954687 0.388095
31 0.876367 0.945238 0.247266 0.109524
50 0.507031 0.409449 0.954687 0.388244
31 0.876367 0.945238 0.247266 0.109524
50 0.507031 0.409449 0.954687 0.388244
31 0.876367 0.945238 0.247266 0.109524
50 0.507031 0.409449 0.954687 0.388244
31 0.876367 0.945238 0.247266 0.109524
50 0.507031 0.409003 0.954687 0.387946
31 0.876367 0.945238 0.247266 0.109524
50 0.507031 0.409226 0.954687 0.3875
31 0.876367 0.945238 0.247266 0.109524
50 0.50625 0.408929 0.9375 0.388095
31 0.876367 0.944643 0.247266 0.110714
50 0.50625 0.408929 0.9375 0.388095
31 0.876367 0.944643 0.247266 0.110714
50 0.50625 0.408929 0.9375 0.388095
31 0.876367 0.944048 0.247266 0.111905
50 0.50625 0.408929 0.9375 0.388095
31 0.876367 0.944048 0.247266 0.111905
50 0.506641 0.408929 0.936719 0.388095
31 0.876367 0.944048 0.247266 0.111905
50 0.506641 0.408631 0.936719 0.3875
31 0.876562 0.943452 0.246875 0.113095
50 0.506641 0.408631 0.936719 0.3875
31 0.876562 0.94375 0.246875 0.1125
50 0.507031 0.408631 0.935938 0.3875
31 0.876562 0.94375 0.246875 0.1125
50 0.507031 0.408631 0.935938 0.3875
31 0.876562 0.94375 0.246875 0.1125
50 0.507031 0.408631 0.935938 0.3875
31 0.876562 0.943452 0.246875 0.113095
50 0.507031 0.408631 0.935938 0.3875
31 0.876562 0.944048 0.246875 0.111905
50 0.507031 0.408631 0.935938 0.3875
31 0.876562 0.944048 0.246875 0.111905
50 0.507422 0.408631 0.935156 0.3875
31 0.875977 0.944048 0.248047 0.111905
50 0.507422 0.408631 0.935156 0.3875
50 0.507422 0.408631 0.935156 0.3875
50 0.507422 0.408631 0.935156 0.3875
50 0.507422 0.408333 0.935156 0.388095
50 0.507422 0.408333 0.935156 0.388095
50 0.507422 0.408333 0.935156 0.388095
50 0.507422 0.408333 0.935156 0.388095
50 0.507812 0.408333 0.934375 0.388095
50 0.507812 0.408333 0.934375 0.388095
50 0.508594 0.408259 0.934375 0.388244
50 0.508594 0.408036 0.934375 0.388691
50 0.508594 0.408036 0.934375 0.388691
50 0.508594 0.408036 0.934375 0.388691
50 0.508594 0.408036 0.932813 0.388691
50 0.508594 0.408036 0.932813 0.388691
50 0.508594 0.408036 0.932813 0.388691
50 0.509375 0.408036 0.932813 0.388691
50 0.509375 0.408036 0.932813 0.388691
50 0.509375 0.408036 0.932813 0.388691
50 0.509766 0.408036 0.932031 0.388691
50 0.509766 0.408036 0.932031 0.388691
50 0.509766 0.408036 0.932031 0.388691
50 0.510156 0.408036 0.93125 0.388691
50 0.510156 0.407813 0.93125 0.389137
50 0.510156 0.407813 0.93125 0.389137
50 0.510156 0.408036 0.93125 0.388691
50 0.510156 0.408036 0.93125 0.388691
50 0.510547 0.408036 0.930469 0.388691
50 0.510547 0.408036 0.930469 0.388691
50 0.510938 0.408036 0.929688 0.388691
50 0.510938 0.407813 0.929688 0.389137
50 0.510938 0.408036 0.929688 0.388691
50 0.510938 0.408036 0.929688 0.388691
50 0.510938 0.408036 0.929688 0.388691
50 0.510938 0.408036 0.93125 0.388691
50 0.510938 0.408036 0.93125 0.388691
50 0.511328 0.408036 0.930469 0.388691
50 0.511328 0.408036 0.930469 0.388691
50 0.511719 0.408036 0.929688 0.388691
50 0.511719 0.408036 0.929688 0.388691
50 0.511719 0.407738 0.929688 0.388095
50 0.511719 0.407738 0.929688 0.388095
50 0.511719 0.407738 0.929688 0.388095
50 0.511719 0.407738 0.929688 0.388095
50 0.511719 0.407738 0.929688 0.388095
50 0.511719 0.407738 0.929688 0.388095
50 0.511719 0.407738 0.929688 0.388095
50 0.511719 0.407738 0.929688 0.388095
50 0.511719 0.407738 0.929688 0.388095
50 0.512109 0.407738 0.928906 0.388095
50 0.512109 0.407738 0.928906 0.388095
50 0.512109 0.407738 0.928906 0.388095
50 0.5125 0.407738 0.928125 0.388095
50 0.5125 0.407738 0.928125 0.388095
50 0.5125 0.407738 0.928125 0.388095
50 0.5125 0.407738 0.928125 0.388095
50 0.5125 0.40744 0.928125 0.3875
50 0.5125 0.407738 0.928125 0.388095
50 0.511719 0.408259 0.928125 0.387054
50 0.511719 0.408333 0.928125 0.386905
50 0.511719 0.408259 0.928125 0.387054
50 0.511719 0.408259 0.929688 0.387054
50 0.511719 0.408259 0.928125 0.387054
50 0.512109 0.408259 0.928906 0.387054
50 0.512109 0.408259 0.928906 0.387054
50 0.512109 0.408259 0.928906 0.387054
50 0.5125 0.408036 0.928125 0.3875
50 0.5125 0.408036 0.928125 0.3875
50 0.5125 0.408036 0.928125 0.3875
50 0.5125 0.408036 0.928125 0.3875
50 0.5125 0.408036 0.928125 0.3875
50 0.5125 0.408036 0.928125 0.3875
50 0.5125 0.408036 0.928125 0.3875
50 0.5125 0.408036 0.928125 0.3875
50 0.5125 0.408036 0.928125 0.3875
50 0.5125 0.408036 0.928125 0.3875
50 0.5125 0.408036 0.928125 0.3875
50 0.5125 0.408036 0.928125 0.3875
50 0.5125 0.408036 0.928125 0.3875
50 0.5125 0.408036 0.928125 0.3875
50 0.5125 0.408036 0.926562 0.3875
50 0.5125 0.408036 0.926562 0.3875
50 0.5125 0.408036 0.926562 0.3875
50 0.5125 0.408036 0.926562 0.3875
50 0.5125 0.408036 0.926562 0.3875
50 0.5125 0.408036 0.926562 0.3875
50 0.5125 0.408036 0.925 0.3875
50 0.5125 0.408036 0.925 0.3875
50 0.5125 0.408036 0.925 0.3875
50 0.5125 0.408036 0.925 0.3875
50 0.5125 0.408036 0.925 0.3875
50 0.5125 0.407738 0.925 0.386905
50 0.5125 0.407738 0.925 0.386905
50 0.5125 0.407738 0.925 0.386905
50 0.5125 0.407738 0.925 0.386905
50 0.5125 0.407738 0.925 0.386905
50 0.5125 0.407738 0.925 0.386905
50 0.5125 0.407738 0.925 0.386905
50 0.5125 0.407664 0.925 0.387054
50 0.5125 0.407664 0.925 0.387054
50 0.5125 0.407664 0.925 0.387054
50 0.5125 0.407664 0.925 0.387054
50 0.5125 0.407664 0.925 0.387054
50 0.5125 0.407664 0.925 0.387054
50 0.5125 0.40744 0.925 0.3875
50 0.5125 0.407664 0.925 0.387054
50 0.512891 0.407664 0.924219 0.387054
50 0.512891 0.407664 0.924219 0.387054
50 0.512891 0.407664 0.924219 0.387054
50 0.512891 0.407664 0.924219 0.387054
50 0.508594 0.408036 0.934375 0.388691
