48 0.503191 0.455369 0.947092 0.399102
50 0.500071 0.45487 0.950213 0.405419
54 0.503191 0.455369 0.947092 0.399102
103 0.500071 0.45487 0.950213 0.405419
68 0.500071 0.45487 0.950213 0.405419
49 0.500851 0.463763 0.948652 0.386303
109 0.503191 0.455369 0.947092 0.399102
79 0.503191 0.455369 0.947092 0.399102
74 0.500071 0.45487 0.950213 0.405419
95 0.500851 0.463763 0.948652 0.386303
104 0.503191 0.455369 0.947092 0.399102
53 0.498511 0.456449 0.950213 0.399601
17 0.500071 0.45487 0.950213 0.405419
101 0.500071 0.45487 0.950213 0.405419
56 0.500851 0.463763 0.948652 0.386303
73 0.500071 0.45487 0.950213 0.405419
77 0.500071 0.45487 0.950213 0.405419
67 0.503191 0.455369 0.947092 0.399102
76 0.503191 0.455369 0.947092 0.399102
81 0.503191 0.455369 0.947092 0.399102
84 0.503191 0.455369 0.947092 0.399102
111 0.500071 0.45487 0.950213 0.405419
97 0.503191 0.455369 0.947092 0.399102
42 0.500071 0.456699 0.953333 0.392453
75 0.498901 0.45487 0.946312 0.409408
46 0.500071 0.45487 0.950213 0.405419
100 0.500071 0.45487 0.950213 0.405419
110 0.500071 0.456699 0.953333 0.392453
33 0.500071 0.45487 0.950213 0.405419
99 0.516454 0.460688 0.915886 0.393783
47 0.516454 0.460688 0.915886 0.393783
66 0.500071 0.45487 0.950213 0.405419
108 0.500071 0.45487 0.950213 0.405419
105 0.500851 0.463763 0.948652 0.386303
80 0.503191 0.455369 0.947092 0.399102
102 0.498511 0.456449 0.950213 0.399601
51 0.503191 0.455369 0.947092 0.399102
14 0.503191 0.455369 0.947092 0.399102
78 0.500071 0.45487 0.950213 0.405419
11 0.500071 0.456699 0.953333 0.392453
34 0.500071 0.45487 0.950213 0.405419
28 0.500071 0.45487 0.950213 0.405419
5 0.500071 0.45487 0.950213 0.405419
41 0.503191 0.455369 0.947092 0.399102
31 0.503191 0.455369 0.947092 0.399102
7 0.503191 0.455369 0.947092 0.399102
16 0.498511 0.456449 0.950213 0.399601
12 0.500071 0.45487 0.950213 0.405419
0 0.503191 0.455369 0.947092 0.399102
38 0.503191 0.455369 0.947092 0.399102
21 0.500071 0.456699 0.953333 0.392453
15 0.503191 0.455369 0.947092 0.399102
26 0.500851 0.463763 0.948652 0.386303
52 0.49383 0.458444 0.968936 0.398271
13 0.500851 0.463763 0.948652 0.386303
65 0.500071 0.45487 0.950213 0.405419
92 0.500071 0.456699 0.953333 0.392453
94 0.500071 0.456699 0.953333 0.392453
4 0.498511 0.456449 0.950213 0.399601
55 0.498511 0.456449 0.950213 0.399601
22 0.498901 0.45487 0.946312 0.409408
88 0.49383 0.458444 0.968936 0.398271
72 0.516454 0.460688 0.915886 0.393783
50 0.337216 0.442237 0.670532 0.410738
71 0.500071 0.456699 0.953333 0.392453
104 0.49461 0.390293 0.970496 0.566489
54 0.49461 0.390293 0.970496 0.566489
81 0.49461 0.390293 0.970496 0.566489
75 0.49266 0.386303 0.960355 0.56117
56 0.49461 0.390293 0.970496 0.566489
108 0.49461 0.390293 0.970496 0.566489
78 0.49461 0.390293 0.970496 0.566489
74 0.49461 0.390293 0.970496 0.566489
79 0.49461 0.390293 0.970496 0.566489
80 0.49461 0.390293 0.970496 0.566489
111 0.49461 0.390293 0.970496 0.566489
105 0.49461 0.390293 0.970496 0.566489
41 0.49461 0.390293 0.970496 0.566489
33 0.49461 0.390293 0.970496 0.566489
46 0.49461 0.390293 0.970496 0.566489
103 0.49461 0.390293 0.970496 0.566489
42 0.49461 0.390293 0.970496 0.566489
99 0.49461 0.390293 0.970496 0.566489
66 0.49266 0.386303 0.960355 0.56117
109 0.491489 0.335106 0.956454 0.670213
95 0.49266 0.386303 0.960355 0.56117
110 0.49461 0.390293 0.970496 0.566489
48 0.491489 0.335106 0.956454 0.670213
17 0.49266 0.386303 0.960355 0.56117
84 0.49461 0.390293 0.970496 0.566489
68 0.49461 0.390293 0.970496 0.566489
101 0.49461 0.390293 0.970496 0.566489
48 0.49461 0.436253 0.967376 0.469249
97 0.49266 0.386303 0.960355 0.56117
67 0.49461 0.390293 0.970496 0.566489
77 0.49461 0.390293 0.970496 0.566489
52 0.49461 0.390293 0.970496 0.566489
50 0.49461 0.390293 0.970496 0.566489
53 0.49461 0.390293 0.970496 0.566489
73 0.49461 0.390293 0.970496 0.566489
109 0.49461 0.436253 0.967376 0.469249
75 0.49539 0.469082 0.98922 0.434175
100 0.49461 0.390293 0.970496 0.566489
76 0.49461 0.390293 0.970496 0.566489
28 0.49461 0.390293 0.970496 0.566489
95 0.49539 0.469082 0.98922 0.434175
31 0.49461 0.390293 0.970496 0.566489
102 0.49266 0.386303 0.960355 0.56117
47 0.491489 0.335106 0.956454 0.670213
21 0.49461 0.390293 0.970496 0.566489
49 0.49461 0.390293 0.970496 0.566489
66 0.49539 0.469082 0.98922 0.434175
47 0.49305 0.429189 0.956454 0.46609
35 0.49461 0.390293 0.970496 0.566489
17 0.49539 0.469082 0.98922 0.434175
51 0.491489 0.335106 0.956454 0.670213
50 0.281826 0.869016 0.562872 0.261968
34 0.49461 0.390293 0.970496 0.566489
48 0.397482 0.865691 0.787163 0.268617
50 0.397482 0.865691 0.787163 0.268617
50 0.318493 0.905585 0.636986 0.18883
68 0.502801 0.462433 0.975957 0.40492
48 0.502801 0.462433 0.975957 0.40492
95 0.49773 0.448803 0.995461 0.432181
53 0.499681 0.443484 0.979078 0.444149
52 0.49617 0.452128 0.99234 0.429521
75 0.502801 0.462433 0.975957 0.40492
84 0.49773 0.448803 0.995461 0.432181
76 0.502801 0.462433 0.975957 0.40492
49 0.502801 0.462433 0.975957 0.40492
101 0.502801 0.462433 0.975957 0.40492
109 0.502801 0.462433 0.975957 0.40492
56 0.49773 0.448803 0.995461 0.432181
99 0.502801 0.462433 0.975957 0.40492
110 0.49773 0.448803 0.995461 0.432181
74 0.49617 0.452128 0.99234 0.429521
111 0.502801 0.462433 0.975957 0.40492
77 0.502801 0.462433 0.975957 0.40492
108 0.484468 0.439412 0.964255 0.445645
50 0.502801 0.462433 0.975957 0.40492
67 0.49773 0.448803 0.995461 0.432181
80 0.49617 0.452128 0.99234 0.429521
97 0.49773 0.448803 0.995461 0.432181
51 0.502801 0.462433 0.975957 0.40492
47 0.502801 0.462433 0.975957 0.40492
68 0.49539 0.327793 0.99078 0.655585
102 0.502801 0.462433 0.975957 0.40492
48 0.49461 0.331117 0.979858 0.662234
46 0.502801 0.462433 0.975957 0.40492
52 0.49539 0.327793 0.99078 0.655585
53 0.49461 0.331117 0.979858 0.662234
100 0.49773 0.448803 0.995461 0.432181
17 0.49773 0.448803 0.995461 0.432181
95 0.49539 0.327793 0.99078 0.655585
54 0.49617 0.452128 0.99234 0.429521
81 0.49773 0.448803 0.995461 0.432181
56 0.49461 0.331117 0.979858 0.662234
73 0.499681 0.443484 0.979078 0.444149
104 0.499681 0.443484 0.979078 0.444149
80 0.49539 0.327793 0.99078 0.655585
79 0.484468 0.439412 0.964255 0.445645
33 0.49773 0.448803 0.995461 0.432181
66 0.484468 0.439412 0.964255 0.445645
84 0.49539 0.327793 0.99078 0.655585
105 0.502801 0.462433 0.975957 0.40492
108 0.49539 0.327793 0.99078 0.655585
78 0.49617 0.452128 0.99234 0.429521
110 0.49539 0.327793 0.99078 0.655585
78 0.49461 0.331117 0.979858 0.662234
103 0.49773 0.448803 0.995461 0.432181
74 0.49539 0.327793 0.99078 0.655585
104 0.49461 0.331117 0.979858 0.662234
81 0.49539 0.327793 0.99078 0.655585
68 0.49695 0.808511 0.993901 0.382979
109 0.49539 0.327793 0.99078 0.655585
75 0.49461 0.331117 0.979858 0.662234
76 0.49539 0.327793 0.99078 0.655585
101 0.49461 0.331117 0.979858 0.662234
111 0.49461 0.331117 0.979858 0.662234
50 0.49539 0.327793 0.99078 0.655585
81 0.344043 0.423537 0.683404 0.442819
73 0.49461 0.331117 0.979858 0.662234
49 0.49539 0.327793 0.99078 0.655585
46 0.49461 0.331117 0.979858 0.662234
41 0.484468 0.439412 0.964255 0.445645
97 0.49539 0.327793 0.99078 0.655585
42 0.484078 0.444481 0.965035 0.439495
54 0.49539 0.327793 0.99078 0.655585
67 0.49539 0.327793 0.99078 0.655585
100 0.49539 0.327793 0.99078 0.655585
79 0.49539 0.327793 0.99078 0.655585
48 0.498511 0.77992 0.98766 0.44016
51 0.49461 0.331117 0.979858 0.662234
53 0.49695 0.808511 0.993901 0.382979
77 0.49461 0.331117 0.979858 0.662234
78 0.344043 0.423537 0.683404 0.442819
68 0.500071 0.711104 0.98766 0.577793
17 0.49539 0.327793 0.99078 0.655585
68 0.490709 0.415558 0.981418 0.831117
104 0.344043 0.423537 0.683404 0.442819
108 0.344043 0.423537 0.683404 0.442819
68 0.49539 0.936835 0.99078 0.12633
105 0.49461 0.331117 0.979858 0.662234
33 0.49539 0.327793 0.99078 0.655585
99 0.49539 0.327793 0.99078 0.655585
95 0.490709 0.415558 0.981418 0.831117
74 0.49305 0.443816 0.951773 0.436835
97 0.49305 0.443816 0.951773 0.436835
75 0.49305 0.443816 0.951773 0.436835
33 0.49305 0.443816 0.951773 0.436835
42 0.49305 0.443816 0.951773 0.436835
66 0.491099 0.449468 0.947872 0.426862
41 0.49773 0.449551 0.953333 0.425366
17 0.49305 0.443816 0.951773 0.436835
80 0.49305 0.443816 0.951773 0.436835
54 0.49305 0.443816 0.951773 0.436835
76 0.49305 0.443816 0.951773 0.436835
84 0.49305 0.443816 0.951773 0.436835
103 0.49305 0.443816 0.951773 0.436835
100 0.49305 0.443816 0.951773 0.436835
108 0.49305 0.443816 0.951773 0.436835
104 0.491099 0.449468 0.947872 0.426862
79 0.491099 0.449468 0.947872 0.426862
50 0.49305 0.443816 0.951773 0.436835
42 0.49539 0.324468 0.951773 0.648936
41 0.49539 0.324468 0.951773 0.648936
105 0.491099 0.449468 0.947872 0.426862
33 0.49539 0.324468 0.951773 0.648936
73 0.49305 0.443816 0.951773 0.436835
32 0.49305 0.443816 0.951773 0.436835
95 0.49305 0.443816 0.951773 0.436835
28 0.49773 0.449551 0.953333 0.425366
46 0.511773 0.44606 0.962695 0.427028
74 0.49539 0.324468 0.951773 0.648936
75 0.49539 0.324468 0.951773 0.648936
97 0.49539 0.324468 0.951773 0.648936
99 0.49305 0.443816 0.951773 0.436835
68 0.498901 0.421875 0.943191 0.474069
48 0.49305 0.443816 0.951773 0.436835
54 0.49539 0.324468 0.951773 0.648936
80 0.49539 0.324468 0.951773 0.648936
108 0.49539 0.324468 0.951773 0.648936
47 0.49773 0.449551 0.953333 0.425366
17 0.49539 0.324468 0.951773 0.648936
14 0.49305 0.443816 0.951773 0.436835
67 0.49305 0.443816 0.951773 0.436835
76 0.49539 0.324468 0.951773 0.648936
101 0.498901 0.421875 0.943191 0.474069
52 0.49305 0.443816 0.951773 0.436835
100 0.49539 0.324468 0.951773 0.648936
21 0.49305 0.443816 0.951773 0.436835
78 0.498511 0.445146 0.93773 0.431516
109 0.498901 0.421875 0.943191 0.474069
66 0.49539 0.324468 0.951773 0.648936
77 0.498901 0.421875 0.943191 0.474069
23 0.49305 0.443816 0.951773 0.436835
56 0.491099 0.449468 0.947872 0.426862
16 0.49773 0.449551 0.953333 0.425366
49 0.49461 0.422955 0.951773 0.467919
6 0.49305 0.443816 0.951773 0.436835
3 0.49305 0.443816 0.951773 0.436835
81 0.491099 0.449468 0.947872 0.426862
53 0.498901 0.421875 0.943191 0.474069
74 0.544149 0.445811 0.837092 0.414229
66 0.533617 0.442154 0.865957 0.430851
79 0.514504 0.453457 0.899503 0.444149
97 0.503972 0.442154 0.909645 0.410904
75 0.544149 0.445811 0.837092 0.414229
95 0.517234 0.446144 0.894042 0.418883
33 0.544149 0.445811 0.837092 0.414229
17 0.533617 0.442154 0.865957 0.430851
56 0.517234 0.446144 0.894042 0.418883
76 0.503972 0.442154 0.909645 0.410904
78 0.49305 0.936835 0.976737 0.12633
84 0.503972 0.442154 0.909645 0.410904
103 0.517234 0.446144 0.894042 0.418883
109 0.503972 0.442154 0.909645 0.410904
54 0.503972 0.442154 0.909645 0.410904
108 0.535177 0.455369 0.858156 0.436336
104 0.514504 0.453457 0.899503 0.444149
41 0.535177 0.455369 0.858156 0.436336
79 0.492269 0.963763 0.962695 0.0724734
79 0.49305 0.936835 0.976737 0.12633
80 0.535177 0.455369 0.858156 0.436336
42 0.544149 0.445811 0.837092 0.414229
68 0.517234 0.446144 0.894042 0.418883
104 0.488369 0.960771 0.961135 0.0784575
78 0.492269 0.963763 0.962695 0.0724734
108 0.49305 0.936835 0.976737 0.12633
78 0.533617 0.442154 0.865957 0.430851
110 0.503972 0.442154 0.909645 0.410904
66 0.492269 0.963763 0.962695 0.0724734
67 0.517234 0.446144 0.894042 0.418883
81 0.488369 0.960771 0.961135 0.0784575
100 0.544149 0.445811 0.837092 0.414229
66 0.49305 0.936835 0.976737 0.12633
77 0.503972 0.442154 0.909645 0.410904
78 0.487199 0.890293 0.966596 0.219415
104 0.483688 0.93617 0.967376 0.12766
101 0.503972 0.442154 0.909645 0.410904
74 0.488369 0.960771 0.961135 0.0784575
81 0.514504 0.453457 0.899503 0.444149
50 0.544149 0.445811 0.837092 0.414229
81 0.483688 0.93617 0.967376 0.12766
53 0.517234 0.446144 0.894042 0.418883
99 0.503972 0.442154 0.909645 0.410904
111 0.517234 0.446144 0.894042 0.418883
74 0.483688 0.93617 0.967376 0.12766
108 0.487199 0.890293 0.966596 0.219415
49 0.517234 0.446144 0.894042 0.418883
73 0.503972 0.442154 0.909645 0.410904
105 0.488369 0.960771 0.961135 0.0784575
105 0.535177 0.455369 0.858156 0.436336
95 0.488369 0.960771 0.961135 0.0784575
68 0.492269 0.963763 0.962695 0.0724734
108 0.492269 0.963763 0.962695 0.0724734
48 0.535177 0.455369 0.858156 0.436336
78 0.15086 0.41614 0.289628 0.490858
33 0.492269 0.963763 0.962695 0.0724734
46 0.544149 0.445811 0.837092 0.414229
74 0.487199 0.452128 0.955674 0.417553
66 0.487199 0.452128 0.955674 0.417553
75 0.488759 0.44872 0.963475 0.425698
75 0.489149 0.344332 0.962695 0.637134
66 0.486028 0.362367 0.956454 0.597074
74 0.486028 0.362367 0.956454 0.597074
103 0.486809 0.434508 0.964255 0.455452
33 0.488759 0.44872 0.963475 0.425698
76 0.486809 0.434508 0.964255 0.455452
109 0.486809 0.434508 0.964255 0.455452
84 0.486809 0.434508 0.964255 0.455452
50 0.488759 0.44872 0.963475 0.425698
97 0.486809 0.434508 0.964255 0.455452
33 0.489149 0.344332 0.962695 0.637134
54 0.486809 0.434508 0.964255 0.455452
79 0.486028 0.451463 0.953333 0.424202
41 0.486809 0.434508 0.964255 0.455452
108 0.486028 0.362367 0.956454 0.597074
95 0.486809 0.434508 0.964255 0.455452
50 0.489149 0.344332 0.962695 0.637134
77 0.485248 0.439162 0.965816 0.443484
68 0.486809 0.434508 0.964255 0.455452
108 0.487199 0.452128 0.955674 0.417553
73 0.486809 0.434508 0.964255 0.455452
78 0.486028 0.451463 0.953333 0.424202
99 0.486809 0.434508 0.964255 0.455452
49 0.486809 0.434508 0.964255 0.455452
100 0.486809 0.434508 0.964255 0.455452
17 0.487199 0.444814 0.957234 0.43617
79 0.489149 0.344332 0.962695 0.637134
101 0.486809 0.434508 0.964255 0.455452
80 0.489149 0.344332 0.962695 0.637134
77 0.489149 0.344332 0.962695 0.637134
46 0.489149 0.344332 0.962695 0.637134
110 0.486809 0.434508 0.964255 0.455452
46 0.488759 0.44872 0.963475 0.425698
41 0.487199 0.335771 0.963475 0.671543
47 0.488759 0.44872 0.963475 0.425698
104 0.489149 0.344332 0.962695 0.637134
104 0.488759 0.44872 0.963475 0.425698
56 0.489929 0.358959 0.964255 0.610539
17 0.489149 0.344332 0.962695 0.637134
80 0.487199 0.452128 0.955674 0.417553
78 0.489149 0.344332 0.962695 0.637134
102 0.485248 0.439162 0.965816 0.443484
47 0.489149 0.344332 0.962695 0.637134
42 0.489149 0.344332 0.962695 0.637134
67 0.486809 0.434508 0.964255 0.455452
76 0.487199 0.335771 0.963475 0.671543
42 0.487199 0.452128 0.955674 0.417553
54 0.487199 0.335771 0.963475 0.671543
66 0.502801 0.45005 0.944752 0.437666
74 0.502801 0.45005 0.944752 0.437666
75 0.507872 0.454039 0.925248 0.433677
79 0.492269 0.449136 0.958014 0.435505
54 0.49578 0.451546 0.960355 0.430685
66 0.342482 0.450798 0.628794 0.424202
17 0.49578 0.451546 0.960355 0.430685
108 0.49305 0.451463 0.965816 0.425532
33 0.49578 0.451546 0.960355 0.430685
41 0.504752 0.453457 0.93773 0.428191
97 0.504752 0.453457 0.93773 0.428191
74 0.342482 0.450798 0.628794 0.424202
42 0.49578 0.451546 0.960355 0.430685
100 0.504752 0.453457 0.93773 0.428191
99 0.504752 0.453457 0.93773 0.428191
78 0.492269 0.449136 0.958014 0.435505
76 0.504752 0.453457 0.93773 0.428191
46 0.504752 0.453457 0.93773 0.428191
66 0.236578 0.447141 0.466135 0.431516
66 0.588227 0.484375 0.739574 0.367686
79 0.342482 0.450798 0.628794 0.424202
109 0.507872 0.454039 0.925248 0.433677
74 0.588227 0.484375 0.739574 0.367686
66 0.482128 0.466423 0.961135 0.396941
74 0.482128 0.466423 0.961135 0.396941
75 0.49305 0.471742 0.948652 0.391622
33 0.490319 0.469415 0.950993 0.393617
79 0.482128 0.466423 0.961135 0.396941
17 0.49305 0.471742 0.948652 0.391622
108 0.484468 0.458195 0.962695 0.412068
76 0.49305 0.471742 0.948652 0.391622
42 0.484468 0.458195 0.962695 0.412068
41 0.484468 0.458195 0.962695 0.412068
66 0.486808 0.466174 0.939291 0.392121
74 0.489929 0.460439 0.961135 0.40359
75 0.491489 0.458195 0.961135 0.394781
79 0.470426 0.46875 0.925248 0.384309
76 0.503582 0.45753 0.93539 0.40143
17 0.489929 0.460439 0.961135 0.40359
33 0.490709 0.45512 0.962695 0.40758
75 0.697057 0.516622 0.510993 0.293883
66 0.329025 0.469997 0.644007 0.380485
74 0.789504 0.537899 0.33078 0.256649
74 0.528936 0.454039 0.883121 0.423039
66 0.528156 0.454787 0.88 0.417553
75 0.554681 0.453457 0.837872 0.424202
79 0.507092 0.456782 0.903404 0.408245
17 0.554681 0.453457 0.837872 0.424202
108 0.532837 0.455785 0.88 0.410239
33 0.554681 0.453457 0.837872 0.424202
104 0.532837 0.455785 0.88 0.410239
79 0.0814273 0.457114 0.156223 0.423537
76 0.532837 0.455785 0.88 0.410239
109 0.532837 0.455785 0.88 0.410239
41 0.554681 0.453457 0.837872 0.424202
74 0.0814273 0.457114 0.156223 0.423537
54 0.535177 0.453457 0.876879 0.428191
66 0.0814273 0.457114 0.156223 0.423537
108 0.0814273 0.457114 0.156223 0.423537
103 0.532837 0.455785 0.88 0.410239
108 0.103369 0.38863 0.206738 0.608378
80 0.532837 0.455785 0.88 0.410239
84 0.532837 0.455785 0.88 0.410239
74 0.498511 0.473072 0.950213 0.374335
66 0.498511 0.473072 0.950213 0.374335
75 0.517234 0.47141 0.925248 0.384308
79 0.49773 0.474402 0.954893 0.367686
108 0.498511 0.452793 0.950213 0.416223
108 0.49617 0.353058 0.943972 0.62633
74 0.49617 0.353058 0.943972 0.62633
66 0.404796 0.477394 0.696082 0.355053
66 0.49617 0.353058 0.943972 0.62633
74 0.404796 0.477394 0.696082 0.355053
66 0.482128 0.459774 0.964255 0.40359
75 0.487979 0.454787 0.960355 0.412234
74 0.482128 0.459774 0.964255 0.40359
54 0.490709 0.452793 0.954893 0.422872
79 0.485248 0.45138 0.951773 0.424368
108 0.490709 0.452793 0.954893 0.422872
74 0.514894 0.457364 0.908085 0.404422
66 0.514894 0.457364 0.908085 0.404422
75 0.519965 0.461353 0.916667 0.396443
79 0.514894 0.457364 0.908085 0.404422
17 0.519965 0.461353 0.916667 0.396443
66 0.490709 0.453125 0.954893 0.411569
74 0.490709 0.453125 0.954893 0.411569
75 0.485638 0.461104 0.971277 0.395612
79 0.490709 0.453125 0.954893 0.411569
109 0.485638 0.461104 0.971277 0.395612
54 0.490709 0.453125 0.954893 0.411569
74 0.49305 0.45512 0.958014 0.415558
75 0.527376 0.460106 0.876879 0.413564
66 0.49305 0.45512 0.958014 0.415558
54 0.49305 0.45512 0.958014 0.415558
75 0.721631 0.470412 0.469645 0.386303
66 0.498511 0.459109 0.926808 0.398271
74 0.498511 0.459109 0.926808 0.398271
75 0.498121 0.461104 0.922908 0.410239
79 0.49695 0.456449 0.925248 0.40625
75 0.49383 0.460189 0.931489 0.406749
66 0.503191 0.459109 0.926808 0.40359
74 0.503191 0.459109 0.926808 0.40359
76 0.49383 0.460189 0.931489 0.406749
66 0.0809641 0.471991 0.161831 0.423039
75 0.0809641 0.471991 0.161831 0.423039
74 0.0809641 0.471991 0.161831 0.423039
79 0.0809641 0.471991 0.161831 0.423039
109 0.526986 0.459358 0.868298 0.405751
50 0.0839628 0.474734 0.162074 0.416223
54 0.521915 0.458112 0.87844 0.408245
77 0.526986 0.459358 0.868298 0.405751
48 0.0839628 0.474734 0.162074 0.416223
108 0.0809641 0.471991 0.161831 0.423039
76 0.0839628 0.474734 0.162074 0.416223
74 0.505142 0.450881 0.93695 0.416057
66 0.505142 0.450881 0.93695 0.416057
75 0.515284 0.454455 0.907305 0.412899
66 0.49539 0.453125 0.956454 0.418218
74 0.49539 0.453125 0.956454 0.418218
75 0.527376 0.455452 0.88 0.413564
109 0.508653 0.452793 0.920567 0.413564
74 0.498511 0.453374 0.93461 0.41506
66 0.513333 0.45379 0.886241 0.415558
75 0.542979 0.45886 0.837872 0.420047
79 0.0743085 0.516622 0.148617 0.590425
54 0.527376 0.455369 0.856596 0.419049
74 0.475106 0.4498 0.950213 0.416888
75 0.539078 0.458693 0.831631 0.404422
66 0.508652 0.451546 0.892482 0.420047
74 0.0864251 0.460854 0.163001 0.413398
109 0.544539 0.452045 0.816028 0.4124
7 0.0842553 0.459358 0.165 0.401762
54 0.508652 0.451546 0.892482 0.420047
79 0.0864251 0.460854 0.163001 0.413398
33 0.0842553 0.459358 0.165 0.401762
8 0.0842553 0.459358 0.165 0.401762
33 0.482128 0.450881 0.948652 0.421376
102 0.482128 0.450881 0.948652 0.421376
66 0.0864251 0.460854 0.163001 0.413398
74 0.486028 0.450798 0.947092 0.414894
66 0.498511 0.452709 0.915886 0.417719
75 0.485248 0.455452 0.93461 0.417553
66 0.477447 0.456699 0.950213 0.409741
74 0.477447 0.456699 0.950213 0.409741
75 0.514113 0.457779 0.872198 0.40359
109 0.514113 0.457779 0.872198 0.40359
74 0.49734 0.45005 0.943192 0.41639
66 0.49383 0.4498 0.945532 0.415559
75 0.521135 0.452793 0.875319 0.412234
66 0.482128 0.0337433 0.964255 0.0674867
74 0.482128 0.0337433 0.964255 0.0674867
74 0.482128 0.247673 0.964255 0.495346
66 0.482128 0.247673 0.964255 0.495346
75 0.482518 0.0393118 0.965035 0.0786237
74 0.532447 0.453125 0.857376 0.416888
66 0.532447 0.453125 0.857376 0.416888
75 0.535957 0.456034 0.839433 0.403092
74 0.541028 0.453125 0.821489 0.418218
66 0.515674 0.451795 0.870638 0.423537
75 0.541808 0.452876 0.818369 0.422706
66 0.543759 0.45246 0.820709 0.422207
74 0.544149 0.45379 0.818369 0.422207
75 0.544149 0.45379 0.818369 0.422207
74 0.545319 0.452793 0.844113 0.421543
66 0.55273 0.453374 0.82773 0.420379
74 0.0858156 0.461104 0.16539 0.411569
79 0.0858156 0.461104 0.16539 0.411569
66 0.0858156 0.461104 0.16539 0.411569
75 0.553121 0.452128 0.834752 0.418883
108 0.0858156 0.461104 0.16539 0.411569
66 0.482908 0.351729 0.965816 0.703457
66 0.10844 0.363032 0.216879 0.726064
66 0.554778 0.448803 0.792429 0.424202
74 0.55078 0.448471 0.805106 0.427527
75 0.554778 0.448803 0.792429 0.424202
74 0.0862057 0.464013 0.168121 0.401762
66 0.49344 0.0067736 0.904184 0.0135472
79 0.0862057 0.464013 0.168121 0.401762
74 0.49344 0.0067736 0.904184 0.0135472
66 0.0862057 0.464013 0.168121 0.401762
108 0.0813298 0.450216 0.16266 0.442653
74 0.55039 0.451795 0.82773 0.416888
66 0.553511 0.450465 0.82461 0.415558
75 0.540638 0.458777 0.82539 0.410904
74 0.0838409 0.465093 0.167389 0.410239
108 0.0832801 0.460854 0.16656 0.432015
79 0.0838409 0.465093 0.167389 0.410239
66 0.0838409 0.465093 0.167389 0.410239
79 0.553511 0.450465 0.82461 0.415558
80 0.0850355 0.468085 0.168511 0.412234
66 0.521525 0.451795 0.87922 0.412899
74 0.534397 0.452793 0.850354 0.412234
75 0.533617 0.456865 0.844113 0.402759
74 0.49773 0.457364 0.906525 0.409741
66 0.509433 0.456117 0.876879 0.404255
75 0.509433 0.456117 0.876879 0.404255
79 0.509433 0.456117 0.876879 0.404255
66 0.512553 0.454455 0.886241 0.422207
75 0.510213 0.456449 0.886241 0.422207
74 0.510213 0.456449 0.886241 0.422207
74 0.49695 0.460688 0.943972 0.409741
75 0.498901 0.464428 0.930709 0.400931
66 0.49695 0.460688 0.943972 0.409741
74 0.478227 0.45512 0.931489 0.40891
66 0.476667 0.454455 0.93461 0.410239
75 0.511383 0.460439 0.869858 0.40492
102 0.478227 0.45487 0.93617 0.414727
74 0.486028 0.457114 0.93773 0.402261
75 0.507092 0.460106 0.883121 0.396277
66 0.49656 0.45753 0.930709 0.404089
79 0.085523 0.469747 0.168706 0.388963
74 0.085523 0.469747 0.168706 0.388963
80 0.085523 0.469747 0.168706 0.388963
75 0.085523 0.469747 0.168706 0.388963
81 0.085523 0.469747 0.168706 0.388963
66 0.085523 0.469747 0.168706 0.388963
75 0.500071 0.458777 0.903404 0.398936
74 0.481348 0.454455 0.939291 0.410239
66 0.482908 0.453457 0.931489 0.413564
74 0.0841578 0.462766 0.168316 0.375
79 0.0841578 0.462766 0.168316 0.375
80 0.084426 0.460023 0.166999 0.379156
75 0.084426 0.460023 0.166999 0.379156
66 0.084426 0.460023 0.166999 0.379156
13 0.0841578 0.462766 0.168316 0.375
108 0.0841578 0.462766 0.168316 0.375
17 0.084426 0.460023 0.166999 0.379156
10 0.0841578 0.462766 0.168316 0.375
74 0.480957 0.455785 0.93227 0.416888
66 0.475887 0.455785 0.942411 0.412899
75 0.475886 0.455785 0.947092 0.416888
74 0.0846698 0.469415 0.164951 0.37633
79 0.0846698 0.469415 0.164951 0.37633
74 0.508652 0.453125 0.87844 0.412899
75 0.483688 0.452128 0.920567 0.414894
66 0.482908 0.452709 0.931489 0.41506
74 0.087766 0.469747 0.166755 0.376995
79 0.087766 0.469747 0.166755 0.376995
17 0.087766 0.469747 0.166755 0.376995
108 0.087766 0.469747 0.166755 0.376995
66 0.087766 0.469747 0.166755 0.376995
81 0.087766 0.469747 0.166755 0.376995
66 0.466525 0.0263049 0.93305 0.0526097
80 0.087766 0.469747 0.166755 0.376995
74 0.492269 0.450715 0.925248 0.421709
66 0.49305 0.452793 0.914326 0.418883
75 0.515284 0.453374 0.866738 0.417719
74 0.487589 0.453125 0.931489 0.418218
66 0.488759 0.453374 0.924468 0.41506
75 0.486808 0.454455 0.928369 0.411569
74 0.462624 0.0367354 0.925248 0.0734707
74 0.481347 0.456782 0.940851 0.409574
66 0.488369 0.45487 0.923688 0.406749
75 0.498511 0.454787 0.903404 0.409574
74 0.470426 0.028632 0.940851 0.057264
66 0.475886 0.0452959 0.951773 0.0905918
74 0.514504 0.452793 0.871418 0.412234
66 0.519184 0.452876 0.852695 0.406749
75 0.528936 0.453457 0.836312 0.404255
74 0.461844 0.043883 0.922128 0.087766
66 0.461844 0.043883 0.922128 0.087766
66 0.468085 0.0738863 0.93617 0.147773
74 0.468085 0.0738863 0.93617 0.147773
74 0.313812 0.0573471 0.627624 0.114694
74 0.0835727 0.462849 0.167145 0.417387
74 0.482908 0.45138 0.931489 0.417719
75 0.522695 0.451795 0.847234 0.410239
66 0.482908 0.45138 0.931489 0.417719
66 0.475886 0.0115525 0.951773 0.0231051
74 0.475886 0.0115525 0.951773 0.0231051
74 0.492269 0.453457 0.911206 0.417553
66 0.499291 0.454122 0.904965 0.416223
75 0.486418 0.456449 0.926028 0.411569
74 0.506312 0.45113 0.88156 0.414229
66 0.490319 0.451463 0.919787 0.413564
75 0.501631 0.453125 0.890922 0.411569
74 0.491099 0.452876 0.921347 0.420047
66 0.49383 0.453125 0.919007 0.420878
75 0.500851 0.453457 0.900284 0.417553
74 0.0836458 0.466423 0.165439 0.400931
50 0.0830851 0.47008 0.16617 0.396277
79 0.0836458 0.466423 0.165439 0.400931
74 0.489149 0.453457 0.917447 0.416223
66 0.486418 0.453374 0.924468 0.41639
75 0.479007 0.45246 0.93617 0.416888
101 0.462624 0.0201961 0.923688 0.0403923
102 0.487979 0.454122 0.921347 0.416223
74 0.478227 0.453374 0.943972 0.41506
66 0.481347 0.453125 0.940851 0.415559
75 0.480567 0.454455 0.93305 0.410239
66 0.476277 0.017495 0.952553 0.03499
101 0.477447 0.0190326 0.954894 0.0380652
101 0.482908 0.0727227 0.950213 0.145445
66 0.482908 0.0727227 0.950213 0.145445
74 0.476277 0.017495 0.952553 0.03499
74 0.483688 0.454122 0.931489 0.413564
66 0.483688 0.454122 0.931489 0.413564
75 0.523865 0.454455 0.849574 0.40758
101 0.475886 0.0275515 0.951773 0.0551031
66 0.474326 0.0238531 0.948652 0.0477061
77 0.475886 0.0275515 0.951773 0.0551031
74 0.484468 0.454122 0.93461 0.413564
66 0.482908 0.45379 0.93461 0.415558
75 0.489149 0.45512 0.917447 0.40758
66 0.476667 0.026014 0.953333 0.0520279
74 0.490709 0.456117 0.915887 0.408245
66 0.49695 0.455785 0.903404 0.410239
75 0.511773 0.457779 0.875319 0.399601
101 0.475886 0.0381483 0.951773 0.0762965
66 0.475106 0.041265 0.950213 0.0825299
101 0.481348 0.0964927 0.93773 0.192985
66 0.511773 0.452793 0.876879 0.413564
75 0.531277 0.455535 0.837872 0.405419
74 0.488369 0.452044 0.926808 0.41639
74 0.484468 0.45246 0.931489 0.416888
66 0.486028 0.45246 0.928369 0.418218
75 0.489929 0.45138 0.914326 0.420379
102 0.484468 0.45138 0.931489 0.419049
74 0.480177 0.452709 0.938511 0.41639
66 0.482908 0.452793 0.93461 0.417553
75 0.485248 0.450798 0.920567 0.421543
66 0.479787 0.0221908 0.947092 0.0443816
74 0.486028 0.453541 0.912766 0.417387
66 0.480957 0.452211 0.93539 0.417387
74 0.0830607 0.464761 0.162318 0.388298
66 0.475886 0.0208195 0.947092 0.041639
50 0.0830851 0.465093 0.16266 0.40359
66 0.478227 0.0694814 0.947092 0.138963
66 0.0830607 0.464761 0.162318 0.388298
75 0.479787 0.4498 0.93617 0.420878
74 0.486418 0.454704 0.911986 0.41373
66 0.480567 0.453125 0.93461 0.416888
75 0.486418 0.454704 0.911986 0.41373
74 0.477447 0.0762134 0.943972 0.152427
66 0.477447 0.0762134 0.943972 0.152427
66 0.472766 0.036486 0.945532 0.0729721
74 0.484078 0.454122 0.919787 0.416223
66 0.480567 0.45379 0.93305 0.416888
66 0.475106 0.196144 0.943972 0.392287
66 0.471986 0.0300033 0.943972 0.0600066
75 0.486028 0.454787 0.914326 0.414894
74 0.475106 0.196144 0.943972 0.392287
74 0.484078 0.453541 0.913546 0.416057
66 0.479787 0.453125 0.929929 0.416888
75 0.478227 0.45246 0.933049 0.419548
66 0.470426 0.0571808 0.940851 0.114362
66 0.472766 0.20512 0.945532 0.410239
74 0.478227 0.454455 0.93461 0.419548
66 0.480177 0.453541 0.930709 0.417387
75 0.486808 0.45487 0.911206 0.417387
66 0.476277 0.0708112 0.941631 0.141622
66 0.474326 0.122424 0.945532 0.244847
74 0.480957 0.45379 0.929149 0.418218
75 0.481348 0.453457 0.919007 0.421543
66 0.480567 0.453457 0.929929 0.418883
66 0.473546 0.193152 0.947092 0.386303
66 0.476277 0.0658245 0.941631 0.131649
74 0.473546 0.193152 0.947092 0.386303
74 0.480567 0.454787 0.926808 0.416223
75 0.486808 0.454122 0.908085 0.416223
66 0.480957 0.454455 0.927589 0.418218
66 0.472766 0.225066 0.945532 0.450133
66 0.471986 0.0625 0.943972 0.125
74 0.472766 0.225066 0.945532 0.450133
66 0.470426 0.108876 0.940851 0.217753
74 0.479787 0.45487 0.931489 0.417387
75 0.487589 0.454039 0.908085 0.41639
66 0.480177 0.454122 0.930709 0.417553
66 0.472376 0.243517 0.944752 0.487035
66 0.472766 0.0644116 0.945532 0.128823
74 0.472376 0.243517 0.944752 0.487035
74 0.481347 0.456034 0.928369 0.41373
75 0.490709 0.45512 0.900284 0.414229
66 0.482128 0.45512 0.926808 0.414229
66 0.474326 0.205452 0.945532 0.410904
74 0.485248 0.455785 0.919007 0.412899
66 0.480567 0.455452 0.928369 0.413564
75 0.490319 0.455535 0.899504 0.413398
66 0.471986 0.171543 0.943972 0.343085
74 0.486028 0.4562 0.922128 0.413398
66 0.482128 0.455535 0.928369 0.412068
75 0.491489 0.456117 0.898723 0.413564
66 0.470816 0.0201546 0.941631 0.0403092
66 0.472766 0.140209 0.945532 0.280419
74 0.486809 0.45487 0.920567 0.416057
66 0.483298 0.454122 0.927589 0.414894
75 0.489929 0.45512 0.903404 0.416888
66 0.475886 0.104222 0.945532 0.208444
66 0.477057 0.0341589 0.940071 0.0683178
66 0.479007 0.335771 0.942411 0.671543
74 0.484468 0.455369 0.926808 0.41639
66 0.482908 0.454122 0.931489 0.414894
75 0.486808 0.455452 0.912766 0.417553
66 0.477447 0.107547 0.943972 0.215093
66 0.478617 0.0347407 0.940071 0.0694814
66 0.480177 0.337433 0.941631 0.674867
74 0.489539 0.455369 0.916667 0.41639
66 0.489539 0.455369 0.916667 0.41639
75 0.488369 0.455369 0.911206 0.417719
66 0.476667 0.116606 0.947092 0.233211
66 0.471986 0.0314162 0.943972 0.0628324
66 0.473546 0.177194 0.947092 0.354388
66 0.480177 0.343085 0.943191 0.68617
74 0.49305 0.456117 0.911206 0.416223
66 0.508652 0.455785 0.88 0.414229
75 0.489539 0.456117 0.910425 0.417553
66 0.477057 0.137716 0.946312 0.275432
66 0.471986 0.0272606 0.943972 0.0545213
66 0.473546 0.0872673 0.947092 0.174535
74 0.49461 0.4562 0.906525 0.417387
66 0.522695 0.455785 0.850355 0.415558
75 0.487589 0.456117 0.911206 0.417553
66 0.477447 0.204787 0.943972 0.409574
66 0.473546 0.0308344 0.940851 0.0616689
66 0.473156 0.100981 0.946312 0.201961
74 0.49578 0.456034 0.902624 0.419049
66 0.521525 0.455452 0.851135 0.417553
75 0.487199 0.456449 0.910426 0.420878
66 0.477447 0.217919 0.942411 0.435838
66 0.479007 0.0362783 0.939291 0.0725565
66 0.473156 0.0960771 0.946312 0.192154
74 0.49422 0.456449 0.904184 0.419548
66 0.520355 0.45487 0.853475 0.418717
75 0.488369 0.456449 0.908085 0.420878
66 0.475496 0.231383 0.944752 0.462766
66 0.476667 0.0369847 0.940851 0.0739694
66 0.473156 0.106051 0.946312 0.212101
74 0.476667 0.0369847 0.940851 0.0739694
74 0.475496 0.231383 0.944752 0.462766
74 0.491489 0.456449 0.909645 0.419548
66 0.49305 0.454039 0.908085 0.419049
75 0.486028 0.455785 0.912766 0.423537
66 0.473936 0.0257646 0.946312 0.0515293
66 0.474326 0.290558 0.948652 0.581117
66 0.475106 0.171875 0.947092 0.34375
66 0.472766 0.0842753 0.945532 0.168551
74 0.490709 0.456449 0.911206 0.419548
66 0.487589 0.457364 0.906525 0.421709
75 0.486028 0.455785 0.912766 0.423537
66 0.473936 0.28607 0.947872 0.572141
66 0.473546 0.0241855 0.947092 0.048371
66 0.474326 0.171543 0.947092 0.343085
66 0.472766 0.0831117 0.945532 0.166223
74 0.488369 0.456449 0.915887 0.419548
66 0.487589 0.454039 0.919007 0.419049
75 0.485248 0.455785 0.914326 0.423537
66 0.473546 0.0257646 0.947092 0.0515293
66 0.473546 0.30768 0.947092 0.615359
74 0.473546 0.0257646 0.947092 0.0515293
66 0.472766 0.0990691 0.945532 0.198138
74 0.473546 0.30768 0.947092 0.615359
74 0.486808 0.4562 0.917447 0.420047
66 0.486809 0.454039 0.920567 0.419049
75 0.485638 0.456117 0.915106 0.424202
66 0.473546 0.0248088 0.947092 0.0496177
66 0.473936 0.303358 0.947872 0.606715
74 0.473546 0.0302527 0.943972 0.0605053
66 0.472766 0.092254 0.945532 0.184508
74 0.473936 0.303358 0.947872 0.606715
74 0.486028 0.456782 0.922128 0.420213
66 0.482908 0.456034 0.928369 0.417719
75 0.487589 0.457779 0.909645 0.422207
66 0.473546 0.0292138 0.947092 0.0584275
66 0.473936 0.321808 0.947872 0.643617
74 0.474326 0.0354056 0.945532 0.0708112
74 0.473936 0.321808 0.947872 0.643617
66 0.473156 0.119016 0.946312 0.238032
74 0.485638 0.456782 0.922908 0.420213
66 0.483298 0.456117 0.930709 0.417553
66 0.474326 0.0362783 0.948652 0.0725565
75 0.487589 0.457779 0.909645 0.422207
66 0.474326 0.325133 0.948652 0.650266
74 0.474326 0.0362783 0.948652 0.0725565
74 0.474326 0.325133 0.948652 0.650266
66 0.473546 0.13996 0.947092 0.27992
74 0.487979 0.456782 0.921347 0.420213
66 0.485248 0.456117 0.929929 0.417553
66 0.475106 0.0400183 0.950213 0.0800366
75 0.489149 0.457779 0.909645 0.422207
66 0.475106 0.329787 0.950213 0.659574
74 0.475106 0.0400183 0.950213 0.0800366
74 0.475106 0.329787 0.950213 0.659574
66 0.474326 0.142703 0.948652 0.285406
66 0.475886 0.215426 0.951773 0.430851
74 0.489929 0.456449 0.919007 0.420878
66 0.487589 0.455785 0.926808 0.418218
66 0.475886 0.0434259 0.951773 0.0868517
66 0.475496 0.334109 0.950993 0.668218
75 0.489149 0.45753 0.909645 0.422706
74 0.475886 0.0483295 0.948652 0.0966589
74 0.475496 0.334109 0.950993 0.668218
66 0.475106 0.153258 0.950213 0.306516
74 0.491099 0.456449 0.918227 0.420878
66 0.491489 0.455785 0.920567 0.418218
66 0.475886 0.0439661 0.951773 0.0879322
66 0.475886 0.335771 0.951773 0.671543
75 0.489929 0.45753 0.909645 0.422706
74 0.476667 0.0489943 0.950213 0.0979887
74 0.475886 0.335771 0.951773 0.671543
66 0.476667 0.22756 0.953333 0.45512
74 0.491879 0.456782 0.916667 0.420213
66 0.495 0.456034 0.915106 0.417719
66 0.476667 0.0445063 0.953333 0.0890126
66 0.475886 0.333112 0.951773 0.666223
75 0.489929 0.457779 0.911206 0.422207
74 0.476667 0.048745 0.950213 0.09749
74 0.475886 0.333112 0.951773 0.666223
66 0.477057 0.209608 0.954113 0.419215
66 0.475496 0.138547 0.950993 0.277094
74 0.491879 0.456117 0.916667 0.420213
66 0.476667 0.0465841 0.953333 0.0931682
66 0.495 0.455785 0.916667 0.418218
66 0.475886 0.328125 0.951773 0.65625
75 0.489149 0.457779 0.911206 0.422207
74 0.476667 0.0506981 0.950213 0.101396
74 0.475886 0.328125 0.951773 0.65625
66 0.477057 0.196144 0.954113 0.392287
101 0.476667 0.0506981 0.950213 0.101396
74 0.492269 0.456449 0.915886 0.419548
66 0.476667 0.0498255 0.953333 0.0996509
66 0.492269 0.456034 0.922128 0.417719
66 0.475886 0.323803 0.951773 0.647606
75 0.489929 0.457779 0.911206 0.422207
74 0.476667 0.0540226 0.950213 0.108045
74 0.475886 0.323803 0.951773 0.647606
66 0.477447 0.191656 0.954894 0.383311
74 0.491489 0.456117 0.917447 0.420213
66 0.491489 0.455369 0.923688 0.417719
66 0.476667 0.0465426 0.953333 0.0930851
66 0.475886 0.315492 0.951773 0.630984
75 0.489149 0.458029 0.912766 0.423039
74 0.475886 0.0506566 0.951773 0.101313
74 0.475886 0.315492 0.951773 0.630984
66 0.477447 0.17254 0.954894 0.34508
74 0.491099 0.456117 0.918227 0.420213
66 0.490709 0.45512 0.925248 0.418218
66 0.477057 0.0464179 0.954113 0.0928358
66 0.476277 0.303191 0.952553 0.606383
75 0.489149 0.457779 0.912766 0.423537
74 0.476667 0.0503657 0.951773 0.100731
74 0.476277 0.303191 0.952553 0.606383
66 0.477447 0.154089 0.954894 0.308178
74 0.489539 0.456699 0.913546 0.423039
66 0.492269 0.454787 0.922128 0.418883
66 0.477057 0.0455868 0.954113 0.0911735
66 0.476277 0.286902 0.952553 0.573803
75 0.489539 0.457447 0.911986 0.424202
66 0.476667 0.187666 0.953333 0.375332
74 0.476667 0.0498255 0.953333 0.0996509
74 0.489539 0.456449 0.913546 0.423537
66 0.49422 0.454787 0.918227 0.418883
66 0.476667 0.0495761 0.953333 0.0991523
75 0.489539 0.457447 0.911986 0.424202
66 0.476277 0.287234 0.952553 0.574468
66 0.476667 0.182513 0.953333 0.365027
74 0.476667 0.0495761 0.953333 0.0991523
74 0.489539 0.456449 0.913546 0.423537
66 0.49617 0.45487 0.914326 0.420047
66 0.475886 0.0481632 0.951773 0.0963265
75 0.489149 0.45753 0.912766 0.425366
66 0.475886 0.282247 0.951773 0.564495
66 0.476277 0.174535 0.952553 0.349069
74 0.489149 0.4562 0.914326 0.424036
66 0.49773 0.45487 0.911206 0.420047
75 0.489149 0.45753 0.912766 0.425366
66 0.475886 0.0463348 0.951773 0.0926695
66 0.475886 0.279089 0.951773 0.558178
66 0.476277 0.167387 0.952553 0.334774
74 0.489149 0.456449 0.914326 0.423537
66 0.499291 0.45487 0.909645 0.420047
75 0.489149 0.45753 0.912766 0.425366
66 0.475886 0.0475399 0.951773 0.0950798
66 0.475886 0.289561 0.951773 0.579122
66 0.476277 0.185173 0.952553 0.370346
74 0.489539 0.456449 0.915106 0.423537
66 0.501631 0.45487 0.904965 0.420047
75 0.489149 0.457447 0.914326 0.424202
66 0.475886 0.0484126 0.951773 0.0968251
66 0.475886 0.301031 0.951773 0.602061
66 0.475886 0.202128 0.951773 0.404255
74 0.489539 0.456449 0.915106 0.423537
66 0.501631 0.454787 0.903404 0.420213
75 0.489149 0.457364 0.914326 0.424368
66 0.475886 0.0492852 0.951773 0.0985705
66 0.475886 0.301197 0.951773 0.602394
66 0.475886 0.20113 0.951773 0.402261
74 0.489149 0.456117 0.915887 0.422872
66 0.503191 0.45487 0.900284 0.420047
75 0.489149 0.457447 0.914326 0.424202
66 0.475886 0.0498255 0.951773 0.0996509
66 0.475886 0.298371 0.951773 0.596742
66 0.475886 0.195645 0.951773 0.39129
74 0.489539 0.456117 0.915106 0.422872
66 0.508652 0.45487 0.889362 0.420047
75 0.489149 0.457114 0.912766 0.423537
66 0.475496 0.0501579 0.950993 0.100316
66 0.475886 0.298039 0.951773 0.596077
66 0.475886 0.193318 0.951773 0.386636
74 0.489149 0.456117 0.914326 0.422872
66 0.508652 0.45487 0.887801 0.420047
75 0.489149 0.457114 0.912766 0.423537
66 0.475106 0.0500748 0.950213 0.10015
66 0.475496 0.301031 0.950993 0.602061
74 0.489149 0.456117 0.914326 0.422872
66 0.510213 0.45512 0.883121 0.419548
75 0.489149 0.457114 0.912766 0.423537
66 0.475106 0.050615 0.950213 0.10123
66 0.475106 0.303025 0.950213 0.60605
74 0.488369 0.456449 0.914326 0.422207
66 0.510213 0.45512 0.883121 0.419548
75 0.488759 0.457364 0.913546 0.423039
66 0.475106 0.0516539 0.950213 0.103308
66 0.475106 0.303856 0.950213 0.607713
74 0.488369 0.456117 0.914326 0.421543
66 0.507482 0.45512 0.888581 0.419548
75 0.487979 0.457447 0.913546 0.422872
66 0.474716 0.0518201 0.949433 0.10364
66 0.475106 0.303524 0.950213 0.607048
74 0.488369 0.4562 0.914326 0.421376
66 0.506312 0.455369 0.889362 0.419049
75 0.487979 0.457447 0.913546 0.422872
66 0.474716 0.0505319 0.949433 0.101064
66 0.475106 0.300532 0.950213 0.601064
74 0.487589 0.4562 0.914326 0.421376
66 0.502411 0.455369 0.895603 0.419049
75 0.487589 0.457447 0.912766 0.422872
66 0.474716 0.0490775 0.949433 0.0981549
66 0.475106 0.294049 0.950213 0.588098
74 0.487589 0.4562 0.914326 0.421376
66 0.501241 0.45487 0.897943 0.418717
75 0.487589 0.457114 0.912766 0.422207
66 0.474326 0.0489112 0.948652 0.0978225
66 0.475106 0.287068 0.950213 0.574136
74 0.487589 0.456034 0.912766 0.420379
66 0.49773 0.45512 0.904965 0.418218
75 0.487589 0.457114 0.912766 0.422207
66 0.474326 0.0472906 0.948652 0.0945811
66 0.475106 0.281084 0.950213 0.562168
74 0.487589 0.4562 0.912766 0.421376
66 0.49695 0.45487 0.906525 0.418717
75 0.487199 0.457114 0.911986 0.422207
66 0.474326 0.0467088 0.948652 0.0934175
74 0.487589 0.456117 0.912766 0.421543
66 0.49539 0.45487 0.908085 0.418717
75 0.486808 0.457114 0.912766 0.422207
66 0.474326 0.0464594 0.948652 0.0929189
74 0.487199 0.4562 0.913546 0.421376
66 0.49461 0.45487 0.909645 0.418717
75 0.486808 0.457114 0.911206 0.422207
66 0.474326 0.0472906 0.948652 0.0945811
66 0.475106 0.284408 0.950213 0.568816
74 0.486808 0.456449 0.912766 0.420878
66 0.495 0.45487 0.908865 0.418717
75 0.486808 0.457114 0.911206 0.422207
66 0.473936 0.0481632 0.947872 0.0963265
66 0.475106 0.284242 0.950213 0.568484
74 0.486808 0.456449 0.912766 0.420878
66 0.49461 0.45512 0.908085 0.418218
75 0.486418 0.457114 0.911986 0.422207
66 0.474326 0.0480801 0.948652 0.0961602
66 0.475106 0.284907 0.950213 0.569814
74 0.486028 0.456449 0.912766 0.420878
66 0.49383 0.45512 0.909645 0.418218
75 0.486808 0.457364 0.911206 0.421709
66 0.474326 0.0487035 0.948652 0.0974069
66 0.475106 0.28873 0.950213 0.57746
74 0.486028 0.456449 0.912766 0.420878
66 0.492269 0.45512 0.912766 0.418218
75 0.486418 0.457114 0.911986 0.422207
66 0.474326 0.0485372 0.947092 0.0970745
74 0.486028 0.4562 0.912766 0.421376
66 0.492269 0.45512 0.912766 0.418218
75 0.486028 0.457114 0.911206 0.422207
74 0.486028 0.4562 0.912766 0.421376
66 0.491489 0.45512 0.914326 0.418218
75 0.49539 0.457364 0.901844 0.420379
74 0.486028 0.456449 0.912766 0.420878
66 0.490709 0.45512 0.915887 0.418218
75 0.49461 0.457364 0.901844 0.420379
74 0.486028 0.456449 0.912766 0.420878
66 0.489149 0.45512 0.919007 0.418218
75 0.49383 0.457364 0.903404 0.420379
74 0.486028 0.456117 0.912766 0.421543
66 0.489149 0.45487 0.919007 0.418717
75 0.49422 0.457114 0.902624 0.420878
74 0.486028 0.4562 0.912766 0.421376
66 0.489149 0.45487 0.919007 0.418717
75 0.49461 0.457114 0.901844 0.420878
74 0.485248 0.456117 0.912766 0.421543
66 0.489149 0.454787 0.919007 0.418883
75 0.49461 0.457114 0.901844 0.420878
74 0.485248 0.456117 0.912766 0.421543
66 0.489149 0.454787 0.919007 0.418883
75 0.495 0.457114 0.901064 0.420878
74 0.485248 0.456117 0.912766 0.421543
66 0.489149 0.454787 0.919007 0.418883
75 0.495 0.456865 0.901064 0.421376
74 0.485248 0.456117 0.912766 0.421543
66 0.489149 0.454787 0.917447 0.418883
75 0.49539 0.456865 0.900284 0.421376
74 0.485248 0.456117 0.911206 0.421543
66 0.489149 0.454704 0.917447 0.419049
75 0.49617 0.456865 0.898723 0.421376
74 0.484858 0.456117 0.911986 0.421543
66 0.488759 0.454704 0.916667 0.419049
75 0.49695 0.456865 0.897163 0.421376
74 0.484858 0.456034 0.911986 0.421709
66 0.489149 0.454455 0.915887 0.419548
75 0.49734 0.456782 0.896383 0.421543
74 0.485248 0.456117 0.911206 0.421543
66 0.489149 0.454455 0.915887 0.419548
75 0.49773 0.456782 0.894042 0.421543
74 0.484858 0.456034 0.911986 0.421709
66 0.489539 0.454455 0.915106 0.419548
75 0.498511 0.456782 0.892482 0.421543
74 0.484858 0.455785 0.911986 0.422207
66 0.489149 0.454455 0.915887 0.419548
75 0.498511 0.456782 0.892482 0.421543
74 0.484468 0.455785 0.912766 0.422207
66 0.489149 0.454122 0.915887 0.418883
75 0.498511 0.456782 0.892482 0.421543
74 0.484078 0.455785 0.911986 0.422207
66 0.489149 0.454122 0.915887 0.418883
75 0.491489 0.458112 0.895603 0.421543
74 0.484468 0.455785 0.912766 0.422207
66 0.488369 0.454039 0.917447 0.419049
75 0.491489 0.458029 0.895603 0.421709
74 0.483688 0.455785 0.912766 0.422207
66 0.488369 0.454039 0.917447 0.419049
75 0.491489 0.458029 0.895603 0.421709
74 0.484468 0.455785 0.912766 0.422207
66 0.488369 0.45379 0.917447 0.419548
75 0.491489 0.457779 0.895603 0.422207
74 0.484468 0.455785 0.912766 0.422207
66 0.492269 0.454787 0.906525 0.420213
75 0.491489 0.457779 0.895603 0.422207
74 0.484468 0.455535 0.912766 0.422706
66 0.49344 0.454787 0.905745 0.420213
75 0.491489 0.457779 0.895603 0.422207
74 0.484468 0.455535 0.912766 0.422706
66 0.49461 0.454787 0.901844 0.420213
75 0.491489 0.457779 0.895603 0.422207
74 0.484468 0.455535 0.912766 0.422706
66 0.49539 0.454787 0.900284 0.420213
75 0.492269 0.457779 0.895603 0.422207
74 0.484468 0.455535 0.912766 0.422706
66 0.49344 0.454122 0.907305 0.420213
75 0.49305 0.457779 0.894043 0.422207
74 0.484468 0.455535 0.912766 0.422706
66 0.495 0.454122 0.904184 0.420213
75 0.49305 0.457779 0.894043 0.422207
74 0.484468 0.455452 0.912766 0.422872
66 0.49539 0.454122 0.903404 0.420213
75 0.49305 0.457779 0.892482 0.422207
74 0.484468 0.455452 0.912766 0.422872
66 0.49461 0.454122 0.904965 0.420213
75 0.49305 0.457779 0.892482 0.422207
74 0.484468 0.455452 0.912766 0.422872
66 0.49383 0.454039 0.906525 0.420379
75 0.49305 0.457779 0.892482 0.422207
74 0.484468 0.455452 0.912766 0.422872
66 0.49305 0.454039 0.908085 0.420379
75 0.49305 0.457779 0.892482 0.422207
74 0.484468 0.455452 0.912766 0.422872
66 0.49305 0.454039 0.908085 0.420379
75 0.49383 0.457779 0.892482 0.422207
74 0.484468 0.455452 0.912766 0.422872
66 0.492269 0.454039 0.909645 0.420379
75 0.49344 0.45753 0.893262 0.422706
74 0.484468 0.455452 0.912766 0.422872
66 0.491489 0.45379 0.911206 0.420878
75 0.49305 0.458029 0.892482 0.423039
74 0.484468 0.455452 0.912766 0.422872
66 0.491099 0.45379 0.911986 0.420878
75 0.49383 0.458029 0.892482 0.423039
74 0.484468 0.455452 0.912766 0.422872
66 0.490709 0.45379 0.912766 0.420878
75 0.49383 0.458029 0.892482 0.423039
74 0.484468 0.455452 0.912766 0.422872
66 0.490709 0.45379 0.912766 0.420878
75 0.49344 0.457779 0.893262 0.423537
74 0.484468 0.455369 0.912766 0.423039
66 0.489929 0.45379 0.914326 0.420878
75 0.49305 0.457779 0.894043 0.423537
74 0.484078 0.455369 0.913546 0.423039
66 0.489929 0.45379 0.914326 0.420878
75 0.49344 0.458029 0.893262 0.423039
74 0.484078 0.455452 0.913546 0.422872
66 0.490709 0.45379 0.912766 0.420878
75 0.49383 0.458029 0.892482 0.423039
74 0.484078 0.455452 0.913546 0.422872
66 0.491099 0.45379 0.911986 0.420878
75 0.49422 0.458029 0.891702 0.423039
74 0.484078 0.455369 0.913546 0.423039
66 0.491489 0.45379 0.911206 0.420878
75 0.49461 0.45753 0.890922 0.422706
74 0.484078 0.455369 0.913546 0.423039
66 0.492269 0.45379 0.908085 0.420878
75 0.49461 0.457447 0.890922 0.422872
74 0.484078 0.455369 0.913546 0.423039
66 0.49383 0.45379 0.906525 0.420878
75 0.49539 0.45753 0.889362 0.422706
74 0.484468 0.455369 0.912766 0.423039
66 0.49461 0.45379 0.904965 0.420878
75 0.49578 0.45753 0.888582 0.422706
74 0.484468 0.455369 0.912766 0.423039
66 0.495 0.45379 0.904184 0.420878
75 0.505142 0.456449 0.87922 0.422207
74 0.484468 0.455369 0.912766 0.423039
66 0.49539 0.45379 0.903404 0.420878
75 0.505532 0.456449 0.87844 0.422207
74 0.484468 0.455369 0.912766 0.423039
66 0.49656 0.45379 0.901064 0.420878
75 0.49734 0.457447 0.885461 0.422872
74 0.484468 0.45512 0.912766 0.423537
66 0.49695 0.45379 0.900284 0.420878
75 0.497731 0.457447 0.884681 0.422872
74 0.484468 0.45512 0.912766 0.423537
66 0.498901 0.45379 0.896383 0.420878
75 0.498121 0.457447 0.883901 0.422872
74 0.484858 0.45512 0.911986 0.423537
66 0.499291 0.45379 0.894043 0.420878
75 0.498511 0.457447 0.883121 0.422872
74 0.484858 0.45512 0.911986 0.423537
66 0.497731 0.45379 0.897163 0.420878
75 0.498511 0.457447 0.883121 0.422872
74 0.484858 0.45512 0.911986 0.423537
66 0.49695 0.45379 0.898723 0.420878
75 0.497731 0.457447 0.884681 0.422872
74 0.484468 0.45512 0.911206 0.423537
66 0.49617 0.45379 0.900284 0.420878
75 0.497731 0.457779 0.884681 0.423537
74 0.484468 0.45512 0.911206 0.423537
66 0.49617 0.45379 0.900284 0.420878
75 0.497731 0.457447 0.884681 0.422872
74 0.484468 0.45512 0.911206 0.423537
66 0.49656 0.45379 0.899504 0.420878
75 0.498121 0.457779 0.883901 0.423537
74 0.484468 0.45512 0.911206 0.423537
66 0.49617 0.45379 0.898723 0.420878
75 0.497731 0.457447 0.884681 0.422872
66 0.49578 0.45379 0.899503 0.420878
74 0.484468 0.45512 0.911206 0.423537
75 0.497731 0.457447 0.884681 0.422872
66 0.49578 0.45379 0.899503 0.420878
74 0.484468 0.45512 0.911206 0.423537
75 0.497731 0.457447 0.884681 0.422872
66 0.49773 0.45379 0.895603 0.420878
74 0.484468 0.45512 0.911206 0.423537
75 0.49734 0.457447 0.885461 0.422872
66 0.49773 0.45379 0.895603 0.420878
74 0.484468 0.45512 0.911206 0.423537
75 0.49695 0.457447 0.886241 0.422872
66 0.498901 0.454205 0.893262 0.421376
74 0.484468 0.45512 0.911206 0.423537
75 0.49656 0.457447 0.887021 0.422872
66 0.499291 0.454205 0.890922 0.421376
74 0.484468 0.45512 0.911206 0.423537
75 0.49656 0.457447 0.887021 0.422872
66 0.498901 0.454205 0.891702 0.421376
74 0.484468 0.45512 0.911206 0.423537
75 0.49617 0.457447 0.887801 0.422872
66 0.499681 0.454205 0.890142 0.421376
74 0.484468 0.45512 0.911206 0.423537
75 0.49617 0.457447 0.887801 0.422872
66 0.500851 0.454205 0.887801 0.421376
74 0.484468 0.45512 0.911206 0.423537
75 0.49617 0.457447 0.887801 0.422872
66 0.501631 0.454205 0.886241 0.421376
74 0.484468 0.45512 0.911206 0.423537
75 0.49617 0.457447 0.887801 0.422872
66 0.501631 0.454205 0.886241 0.421376
74 0.484468 0.45512 0.911206 0.423537
75 0.49617 0.457447 0.887801 0.422872
66 0.503191 0.454205 0.883121 0.421376
74 0.484468 0.45512 0.911206 0.423537
75 0.49695 0.457447 0.886241 0.422872
66 0.503972 0.454205 0.88156 0.421376
74 0.484468 0.45512 0.911206 0.423537
75 0.49734 0.457447 0.885461 0.422872
66 0.505532 0.454205 0.87844 0.421376
74 0.484858 0.45512 0.910426 0.423537
75 0.498121 0.457447 0.883901 0.422872
66 0.505142 0.454205 0.87922 0.421376
74 0.484468 0.45512 0.911206 0.423537
75 0.497731 0.457447 0.884681 0.422872
66 0.505922 0.454205 0.877659 0.421376
74 0.484468 0.45512 0.911206 0.423537
75 0.497731 0.457447 0.884681 0.422872
66 0.507482 0.454205 0.876099 0.421376
74 0.485248 0.45512 0.911206 0.423537
75 0.497731 0.457447 0.884681 0.422872
66 0.507482 0.454205 0.876099 0.421376
74 0.485248 0.45512 0.911206 0.423537
75 0.498511 0.457447 0.884681 0.422872
66 0.507872 0.454205 0.875319 0.421376
74 0.485248 0.455369 0.911206 0.423039
75 0.498511 0.457447 0.884681 0.422872
66 0.508652 0.454205 0.873759 0.421376
74 0.485248 0.455369 0.911206 0.423039
75 0.499681 0.457447 0.88234 0.422872
66 0.508652 0.454205 0.873759 0.421376
74 0.485638 0.455369 0.910426 0.423039
75 0.500071 0.457447 0.88156 0.422872
66 0.509043 0.454205 0.872979 0.421376
74 0.486028 0.455369 0.909645 0.423039
75 0.500071 0.457447 0.88156 0.422872
66 0.509433 0.454205 0.872198 0.421376
74 0.486028 0.454787 0.909645 0.422872
75 0.500461 0.457447 0.88078 0.422872
66 0.509433 0.454122 0.872198 0.421543
74 0.486028 0.454787 0.909645 0.422872
75 0.500461 0.457447 0.88078 0.422872
66 0.509043 0.454122 0.872979 0.421543
74 0.485638 0.454787 0.910426 0.422872
75 0.500071 0.457447 0.88156 0.422872
66 0.510213 0.454122 0.870638 0.421543
74 0.486028 0.454787 0.911206 0.422872
75 0.500851 0.457447 0.88 0.422872
66 0.510603 0.454122 0.869858 0.421543
74 0.486418 0.454787 0.910426 0.422872
75 0.501631 0.457447 0.88 0.422872
66 0.510993 0.454122 0.869078 0.421543
74 0.486808 0.454787 0.909645 0.422872
75 0.501631 0.457364 0.88 0.423039
66 0.511383 0.454122 0.868298 0.421543
74 0.486808 0.454787 0.909645 0.422872
75 0.489539 0.458112 0.915106 0.418883
66 0.472766 0.0371509 0.945532 0.0743019
66 0.511773 0.454039 0.867518 0.421709
74 0.487589 0.454704 0.908085 0.423039
75 0.490319 0.458112 0.913546 0.418883
66 0.472766 0.0370263 0.945532 0.0740525
66 0.513333 0.454039 0.864397 0.421709
74 0.487979 0.454787 0.907305 0.422872
75 0.491099 0.458112 0.911986 0.418883
66 0.472766 0.0382314 0.945532 0.0764628
66 0.513333 0.453541 0.864397 0.421376
74 0.488369 0.454704 0.906525 0.423039
75 0.491099 0.458112 0.911986 0.418883
66 0.472766 0.0384392 0.945532 0.0768783
66 0.512943 0.453541 0.865177 0.421376
74 0.491099 0.455452 0.901064 0.424202
75 0.491099 0.458112 0.911986 0.418883
66 0.472766 0.037982 0.945532 0.0759641
66 0.510993 0.454039 0.869078 0.421709
74 0.490709 0.455452 0.901844 0.424202
75 0.490709 0.458112 0.914326 0.418883
66 0.472766 0.0388547 0.945532 0.0777094
66 0.510213 0.454039 0.870638 0.421709
74 0.489929 0.455452 0.903404 0.424202
75 0.489929 0.458112 0.915887 0.418883
66 0.472766 0.0396858 0.945532 0.0793717
66 0.510213 0.454039 0.870638 0.421709
74 0.489929 0.455452 0.903404 0.424202
75 0.489929 0.458112 0.915887 0.418883
66 0.472766 0.0405585 0.945532 0.081117
66 0.473546 0.0784574 0.947092 0.156915
66 0.511773 0.45379 0.867518 0.422207
74 0.490319 0.455452 0.902624 0.424202
75 0.489929 0.458112 0.915887 0.418883
66 0.472766 0.0404754 0.945532 0.0809508
66 0.473156 0.0789561 0.946312 0.157912
66 0.512553 0.45379 0.865957 0.422207
74 0.490319 0.455452 0.902624 0.424202
75 0.489929 0.458112 0.915887 0.418883
66 0.472766 0.0410572 0.945532 0.0821144
66 0.473546 0.0806184 0.947092 0.161237
66 0.512943 0.45379 0.863617 0.422207
74 0.490709 0.455452 0.901844 0.424202
75 0.490319 0.458195 0.915106 0.418717
66 0.472766 0.0409741 0.945532 0.0819481
66 0.473156 0.0802859 0.946312 0.160572
66 0.514894 0.45379 0.861277 0.422207
74 0.490709 0.455452 0.901844 0.424202
75 0.490709 0.458195 0.914326 0.418717
66 0.472766 0.0417636 0.945532 0.0835273
66 0.473546 0.0831117 0.947092 0.166223
66 0.517624 0.454039 0.855816 0.421709
74 0.491489 0.455452 0.900284 0.424202
75 0.491489 0.458195 0.912766 0.418717
66 0.472766 0.0419714 0.945532 0.0839428
66 0.473546 0.0841921 0.947092 0.168384
66 0.519965 0.454039 0.851135 0.421709
74 0.49266 0.455452 0.899503 0.424202
75 0.491489 0.458195 0.912766 0.418717
66 0.472766 0.0413896 0.945532 0.0827793
66 0.473546 0.0843584 0.947092 0.168717
66 0.520355 0.453541 0.848794 0.421376
74 0.492269 0.455452 0.898723 0.424202
75 0.491879 0.458444 0.911986 0.418218
66 0.472766 0.0411403 0.945532 0.0822806
66 0.473546 0.0846908 0.947092 0.169382
66 0.521525 0.453457 0.846454 0.421543
74 0.49305 0.455452 0.897163 0.424202
75 0.491879 0.458444 0.911986 0.418218
66 0.472766 0.0409325 0.945532 0.081865
66 0.473546 0.0855219 0.947092 0.171044
66 0.521915 0.453541 0.845674 0.421376
74 0.492269 0.455452 0.898723 0.424202
75 0.491489 0.458444 0.912766 0.418218
66 0.472766 0.040517 0.945532 0.0810339
66 0.473546 0.0858544 0.947092 0.171709
66 0.523865 0.453457 0.841773 0.421543
74 0.49305 0.455452 0.897163 0.424202
75 0.492269 0.458444 0.911206 0.418218
66 0.472766 0.0406832 0.945532 0.0813664
66 0.473546 0.0868517 0.947092 0.173703
66 0.525035 0.453457 0.837872 0.421543
74 0.49305 0.455452 0.897163 0.424202
75 0.492269 0.458693 0.911206 0.417719
66 0.472766 0.0420545 0.945532 0.084109
66 0.473156 0.0908411 0.946312 0.181682
66 0.526596 0.453457 0.834752 0.421543
74 0.49344 0.455535 0.896383 0.424036
75 0.492269 0.458693 0.911206 0.417719
66 0.472766 0.0426779 0.945532 0.0853557
66 0.473156 0.0934175 0.946312 0.186835
66 0.527376 0.453457 0.833191 0.421543
74 0.49305 0.455535 0.897163 0.424036
75 0.492269 0.458777 0.911206 0.417553
66 0.472766 0.0431765 0.945532 0.0863531
66 0.473156 0.0954122 0.946312 0.190824
66 0.527766 0.453457 0.832411 0.421543
74 0.49344 0.455535 0.896383 0.424036
75 0.492269 0.458777 0.911206 0.417553
66 0.472766 0.043509 0.945532 0.0870179
66 0.473156 0.0972407 0.946312 0.194481
66 0.527376 0.453457 0.833191 0.421543
74 0.49305 0.455785 0.897163 0.423537
75 0.492269 0.458777 0.911206 0.417553
66 0.472376 0.0445479 0.944752 0.0890957
66 0.473156 0.099734 0.946312 0.199468
66 0.527376 0.453457 0.833191 0.421543
74 0.49383 0.455785 0.895603 0.423537
75 0.49266 0.45886 0.910426 0.417387
66 0.472766 0.0456699 0.945532 0.0913398
66 0.473156 0.102643 0.946312 0.205286
66 0.527376 0.453457 0.833191 0.421543
74 0.49383 0.455785 0.895603 0.423537
75 0.49305 0.45886 0.909645 0.417387
66 0.472376 0.0454621 0.944752 0.0909242
66 0.473156 0.102809 0.946312 0.205618
66 0.526596 0.453457 0.834752 0.421543
74 0.49383 0.455785 0.895603 0.423537
75 0.49305 0.45886 0.909645 0.417387
66 0.472376 0.0454621 0.944752 0.0909242
66 0.473156 0.104388 0.946312 0.208777
66 0.526206 0.453457 0.835532 0.421543
74 0.49461 0.455785 0.894043 0.423537
75 0.49305 0.459109 0.909645 0.416888
66 0.472376 0.0447141 0.944752 0.0894282
66 0.473156 0.103557 0.946312 0.207114
79 0.503582 0.457114 0.876099 0.422207
66 0.527376 0.453457 0.833191 0.421543
74 0.495 0.455785 0.893262 0.423537
75 0.49344 0.459109 0.908865 0.416888
66 0.472376 0.0440492 0.944752 0.0880984
66 0.473156 0.10256 0.946312 0.20512
66 0.527376 0.453374 0.833191 0.421709
74 0.495 0.455785 0.893262 0.423537
75 0.49344 0.459109 0.908865 0.416888
66 0.472376 0.0425532 0.944752 0.0851064
66 0.473156 0.100066 0.946312 0.200133
66 0.528156 0.453374 0.831631 0.421709
74 0.49539 0.455785 0.892482 0.423537
75 0.49383 0.45886 0.908085 0.417387
66 0.472766 0.0424701 0.945532 0.0849402
66 0.473156 0.101064 0.946312 0.202128
66 0.528156 0.453374 0.831631 0.421709
74 0.49539 0.455785 0.892482 0.423537
75 0.49344 0.45886 0.908865 0.417387
66 0.472376 0.044257 0.944752 0.088514
66 0.473546 0.105552 0.947092 0.211104
66 0.473546 0.338763 0.947092 0.677527
66 0.528156 0.453374 0.831631 0.421709
74 0.49539 0.455785 0.892482 0.423537
75 0.49305 0.45886 0.909645 0.417387
66 0.472376 0.0458361 0.944752 0.0916722
66 0.473156 0.109874 0.946312 0.219747
66 0.473546 0.339096 0.947092 0.678191
66 0.528156 0.453374 0.831631 0.421709
74 0.49461 0.455785 0.894043 0.423537
75 0.49305 0.45886 0.909645 0.417387
66 0.472376 0.0481632 0.944752 0.0963265
66 0.473156 0.114777 0.946312 0.229555
66 0.473546 0.338763 0.947092 0.677527
79 0.503191 0.457364 0.876879 0.421709
66 0.527376 0.453374 0.833191 0.421709
74 0.49461 0.455785 0.895603 0.423537
75 0.49305 0.45886 0.909645 0.417387
66 0.472376 0.047997 0.944752 0.095994
66 0.473156 0.114362 0.946312 0.228723
66 0.473546 0.339096 0.947092 0.678191
79 0.502411 0.457114 0.87844 0.422207
66 0.526986 0.453374 0.833972 0.421709
74 0.49461 0.455535 0.895603 0.424036
75 0.49266 0.45886 0.910426 0.417387
66 0.472766 0.0480386 0.945532 0.0960771
66 0.473156 0.115027 0.946312 0.230053
66 0.473546 0.339096 0.947092 0.678191
79 0.501631 0.456782 0.88 0.421543
66 0.526596 0.453125 0.834752 0.422207
74 0.49461 0.455535 0.895603 0.424036
75 0.49305 0.459109 0.909645 0.416888
66 0.472766 0.0482879 0.945532 0.0965758
66 0.473546 0.115525 0.947092 0.231051
66 0.473546 0.339096 0.947092 0.678191
79 0.502411 0.456782 0.88 0.421543
66 0.526596 0.453125 0.836312 0.422207
74 0.49383 0.455785 0.897163 0.423537
75 0.49266 0.459109 0.910426 0.416888
66 0.472766 0.0495761 0.945532 0.0991523
66 0.473546 0.119099 0.947092 0.238198
66 0.473546 0.339428 0.947092 0.678856
79 0.501631 0.457114 0.88156 0.422207
66 0.525425 0.453125 0.837092 0.422207
74 0.49344 0.455535 0.897943 0.424036
75 0.492269 0.459109 0.911206 0.416888
66 0.472766 0.0497008 0.945532 0.0994016
66 0.473156 0.11993 0.946312 0.23986
66 0.473546 0.339096 0.947092 0.678191
79 0.500851 0.456782 0.883121 0.421543
66 0.525035 0.453125 0.839433 0.422207
74 0.49305 0.455535 0.898723 0.424036
75 0.492269 0.459109 0.911206 0.416888
66 0.472766 0.049493 0.945532 0.098986
66 0.473156 0.11993 0.946312 0.23986
66 0.473546 0.339428 0.947092 0.678856
79 0.500461 0.456782 0.883901 0.421543
66 0.524255 0.453125 0.840993 0.422207
74 0.49305 0.455535 0.898723 0.424036
75 0.492269 0.459109 0.911206 0.416888
66 0.472766 0.051363 0.945532 0.102726
66 0.473156 0.124584 0.946312 0.249169
66 0.473546 0.339428 0.947092 0.678856
79 0.500071 0.456865 0.884681 0.421376
66 0.523085 0.453125 0.843333 0.422207
74 0.49266 0.455785 0.899503 0.423537
75 0.49266 0.459109 0.911986 0.416888
66 0.472766 0.0522357 0.945532 0.104471
66 0.473156 0.126579 0.946312 0.253158
66 0.473546 0.339428 0.947092 0.678856
79 0.499681 0.456865 0.885461 0.421376
66 0.521915 0.453125 0.845674 0.422207
74 0.492269 0.455785 0.900284 0.423537
75 0.492269 0.459109 0.911206 0.416888
66 0.472766 0.0505319 0.945532 0.101064
66 0.473156 0.124501 0.946312 0.249003
79 0.499291 0.456865 0.886241 0.421376
66 0.519965 0.453125 0.848014 0.422207
74 0.491879 0.455535 0.901064 0.424036
75 0.492269 0.459109 0.912766 0.416888
66 0.472766 0.0494099 0.945532 0.0988198
66 0.473156 0.123255 0.946312 0.246509
79 0.498901 0.456865 0.887021 0.421376
66 0.519574 0.453125 0.850354 0.422207
74 0.491489 0.455535 0.901844 0.424036
75 0.492269 0.459109 0.911206 0.416888
66 0.472766 0.047997 0.945532 0.095994
66 0.473156 0.121509 0.946312 0.243019
79 0.498511 0.456865 0.887801 0.421376
66 0.518404 0.453125 0.852695 0.422207
74 0.491099 0.455785 0.902624 0.423537
75 0.492269 0.458777 0.912766 0.416223
66 0.472766 0.0469581 0.945532 0.0939162
66 0.473156 0.121094 0.946312 0.242187
79 0.49773 0.456865 0.889362 0.421376
66 0.517234 0.453125 0.853475 0.422207
74 0.490709 0.455785 0.903404 0.423537
75 0.492269 0.459109 0.912766 0.416888
66 0.472766 0.0454621 0.945532 0.0909242
66 0.473156 0.118434 0.946312 0.236868
79 0.49734 0.457114 0.890142 0.420878
66 0.516454 0.453125 0.856596 0.422207
74 0.490709 0.455785 0.903404 0.423537
75 0.492269 0.458777 0.912766 0.416223
66 0.472766 0.0432596 0.945532 0.0865193
66 0.473156 0.114362 0.946312 0.228723
79 0.49695 0.457114 0.890922 0.420878
66 0.514504 0.453125 0.858936 0.422207
74 0.489929 0.455785 0.904965 0.423537
75 0.491879 0.459109 0.913546 0.416888
66 0.472766 0.0414727 0.945532 0.0829455
66 0.473156 0.110954 0.946312 0.221908
79 0.49617 0.457114 0.892482 0.420878
66 0.514503 0.453374 0.860496 0.421709
74 0.489929 0.455785 0.904965 0.423537
75 0.491489 0.459109 0.914326 0.416888
66 0.472766 0.0399767 0.945532 0.0799535
66 0.473546 0.108295 0.947092 0.216589
79 0.49578 0.457114 0.893262 0.420878
66 0.513333 0.453374 0.861277 0.421709
74 0.489149 0.455785 0.906525 0.423537
75 0.491489 0.459109 0.914326 0.416888
66 0.472766 0.0392703 0.945532 0.0785406
66 0.473156 0.107463 0.946312 0.214927
79 0.49539 0.457114 0.894042 0.420878
66 0.512163 0.453374 0.865177 0.421709
74 0.489149 0.455785 0.906525 0.423537
75 0.491489 0.459358 0.914326 0.41639
66 0.473156 0.102643 0.946312 0.205286
66 0.472766 0.037234 0.945532 0.0744681
79 0.49539 0.457114 0.894042 0.420878
66 0.512163 0.453374 0.865177 0.421709
74 0.489149 0.455785 0.906525 0.423537
75 0.491489 0.459358 0.914326 0.41639
66 0.473546 0.0989029 0.947092 0.197806
66 0.472766 0.0359043 0.945532 0.0718085
79 0.495 0.457114 0.894823 0.420878
66 0.511773 0.453374 0.865957 0.421709
74 0.489149 0.455452 0.906525 0.422872
75 0.491879 0.459358 0.913546 0.41639
66 0.473546 0.0954953 0.947092 0.190991
66 0.472766 0.034616 0.945532 0.069232
79 0.495 0.457114 0.894823 0.420878
66 0.512553 0.453374 0.862837 0.421709
74 0.489149 0.455785 0.906525 0.423537
75 0.492269 0.459109 0.912766 0.416888
66 0.473546 0.0913398 0.947092 0.18268
66 0.472766 0.0329122 0.945532 0.0658245
79 0.49539 0.457114 0.894042 0.420878
66 0.512943 0.453374 0.863617 0.421709
74 0.489539 0.455452 0.905745 0.422872
75 0.492269 0.459109 0.912766 0.416888
66 0.473546 0.0918384 0.947092 0.183677
66 0.472766 0.0328291 0.945532 0.0656582
79 0.49539 0.457114 0.894042 0.420878
66 0.511773 0.453374 0.865957 0.421709
74 0.489149 0.455452 0.906525 0.422872
75 0.492269 0.458777 0.912766 0.416223
66 0.473546 0.0908411 0.947092 0.181682
66 0.472766 0.0322889 0.945532 0.0645778
79 0.495 0.457114 0.894823 0.420878
66 0.511773 0.453374 0.865957 0.421709
74 0.489149 0.455452 0.906525 0.422872
75 0.492269 0.458777 0.912766 0.416223
66 0.473546 0.0911735 0.947092 0.182347
66 0.472766 0.0321227 0.945532 0.0642453
79 0.495 0.457114 0.894823 0.420878
66 0.511383 0.453374 0.866737 0.421709
74 0.489539 0.455452 0.907305 0.422872
75 0.492269 0.458777 0.912766 0.416223
66 0.473546 0.0884308 0.947092 0.176862
66 0.472766 0.0309176 0.945532 0.0618351
79 0.49461 0.457114 0.895603 0.420878
66 0.510213 0.453374 0.869078 0.421709
74 0.489149 0.455452 0.906525 0.422872
75 0.492269 0.458777 0.912766 0.416223
66 0.473546 0.0883477 0.947092 0.176695
66 0.472766 0.0307929 0.945532 0.0615858
79 0.49461 0.457114 0.895603 0.420878
66 0.510993 0.453374 0.869078 0.421709
74 0.489149 0.455452 0.906525 0.422872
75 0.49266 0.458777 0.911986 0.416223
66 0.473546 0.0846908 0.947092 0.169382
66 0.472766 0.0294215 0.945532 0.0588431
79 0.49461 0.457114 0.895603 0.420878
66 0.509823 0.453374 0.871418 0.421709
74 0.489539 0.455452 0.907305 0.422872
75 0.49266 0.458777 0.911986 0.416223
66 0.473546 0.0834441 0.947092 0.166888
66 0.472766 0.029006 0.945532 0.058012
79 0.49461 0.457114 0.895603 0.420878
66 0.509433 0.452876 0.872198 0.421376
74 0.489539 0.455452 0.907305 0.422872
75 0.49305 0.458777 0.911206 0.416223
66 0.473546 0.0835273 0.947092 0.167055
66 0.472766 0.0291307 0.945532 0.0582613
79 0.49461 0.457114 0.895603 0.420878
66 0.510213 0.452876 0.870638 0.421376
74 0.489929 0.455452 0.906525 0.422872
75 0.49305 0.458777 0.911206 0.416223
66 0.473546 0.0820312 0.947092 0.164062
66 0.472766 0.0288398 0.945532 0.0576795
79 0.495 0.457114 0.896383 0.420878
66 0.510213 0.452876 0.870638 0.421376
74 0.489929 0.455452 0.906525 0.422872
75 0.49344 0.458777 0.910426 0.416223
66 0.473546 0.0807015 0.947092 0.161403
66 0.472766 0.028258 0.945532 0.056516
79 0.49539 0.457114 0.895603 0.420878
66 0.509433 0.452876 0.872198 0.421376
74 0.489539 0.455452 0.907305 0.422872
75 0.49344 0.458777 0.910426 0.416223
66 0.473546 0.0774601 0.947092 0.15492
66 0.472766 0.0270113 0.945532 0.0540226
79 0.495 0.457114 0.896383 0.420878
74 0.489929 0.455452 0.906525 0.422872
66 0.509043 0.452876 0.872979 0.421376
75 0.49383 0.458777 0.909645 0.416223
66 0.473546 0.0760472 0.947092 0.152094
66 0.472766 0.0264711 0.945532 0.0529422
74 0.489929 0.455452 0.906525 0.422872
66 0.508652 0.452876 0.873759 0.421376
75 0.49383 0.458777 0.909645 0.416223
66 0.473546 0.0729721 0.947092 0.145944
66 0.472766 0.0253491 0.945532 0.0506981
74 0.489929 0.455452 0.906525 0.422872
66 0.507482 0.452793 0.876099 0.421543
75 0.49383 0.458777 0.909645 0.416223
66 0.473546 0.06998 0.947092 0.13996
74 0.489539 0.455535 0.907305 0.422706
66 0.505922 0.452793 0.87922 0.421543
75 0.49383 0.458777 0.909645 0.416223
66 0.473546 0.0701463 0.947092 0.140293
74 0.489149 0.455369 0.908085 0.421709
66 0.505532 0.452793 0.88 0.421543
75 0.49383 0.45886 0.909645 0.416057
66 0.473546 0.06998 0.947092 0.13996
74 0.489929 0.455452 0.906525 0.421543
66 0.504752 0.452793 0.88156 0.421543
75 0.49422 0.458777 0.908865 0.416223
66 0.473546 0.0691489 0.947092 0.138298
74 0.489929 0.455785 0.908085 0.422207
66 0.504752 0.452793 0.88156 0.421543
75 0.49461 0.45886 0.908085 0.416057
66 0.473546 0.0666556 0.947092 0.133311
74 0.490709 0.455785 0.906525 0.422207
66 0.504752 0.452793 0.88156 0.421543
75 0.49461 0.45886 0.908085 0.416057
66 0.473546 0.0634973 0.947092 0.126995
74 0.489929 0.455452 0.906525 0.421543
66 0.504752 0.452793 0.88156 0.421543
75 0.49539 0.459109 0.906525 0.415559
66 0.473546 0.0615027 0.947092 0.123005
74 0.490709 0.455452 0.906525 0.421543
66 0.504752 0.452793 0.88156 0.421543
75 0.49539 0.45886 0.906525 0.416057
66 0.473546 0.0613364 0.947092 0.122673
74 0.490709 0.455785 0.904965 0.422207
66 0.504752 0.452793 0.88156 0.421543
75 0.49578 0.45886 0.905745 0.416057
66 0.473546 0.0580951 0.947092 0.11619
74 0.491489 0.455452 0.904965 0.421543
66 0.505532 0.452793 0.88 0.421543
75 0.49617 0.459109 0.904965 0.415559
66 0.473546 0.0558926 0.947092 0.111785
74 0.491489 0.455452 0.904965 0.421543
66 0.504752 0.452793 0.88156 0.421543
75 0.49656 0.459109 0.905745 0.415559
66 0.473546 0.0551862 0.947092 0.110372
74 0.491489 0.455452 0.904965 0.421543
66 0.504362 0.452793 0.88234 0.421543
75 0.49695 0.459109 0.904965 0.415559
74 0.491879 0.455452 0.904184 0.421543
66 0.504752 0.453125 0.883121 0.420878
75 0.49734 0.459109 0.904184 0.415559
74 0.492269 0.455452 0.903404 0.421543
66 0.505142 0.453125 0.88234 0.420878
75 0.49773 0.459109 0.903404 0.415559
74 0.492269 0.455535 0.903404 0.421376
66 0.505532 0.453125 0.88156 0.420878
75 0.498511 0.459109 0.901844 0.415559
74 0.49266 0.455535 0.902624 0.421376
66 0.505532 0.452793 0.88156 0.420213
75 0.498511 0.459109 0.901844 0.415559
74 0.49305 0.455535 0.901844 0.421376
66 0.505532 0.453125 0.88156 0.420878
75 0.498901 0.459358 0.901064 0.41506
74 0.49344 0.455785 0.901064 0.420878
66 0.505922 0.452793 0.88078 0.420213
75 0.499291 0.459358 0.900284 0.41506
66 0.506312 0.452793 0.88 0.420213
74 0.49383 0.455535 0.900284 0.421376
75 0.500071 0.45886 0.898723 0.414727
79 0.498901 0.457364 0.890142 0.419049
66 0.507092 0.452793 0.88 0.420213
74 0.49461 0.455785 0.898723 0.420878
75 0.500851 0.459441 0.897163 0.414894
79 0.499681 0.457364 0.888582 0.419049
66 0.506702 0.452793 0.88078 0.420213
74 0.49539 0.455785 0.897163 0.420878
75 0.500851 0.459109 0.897163 0.414229
79 0.500071 0.457364 0.887801 0.419049
66 0.507092 0.453125 0.88 0.420878
74 0.49539 0.455785 0.897163 0.420878
75 0.501631 0.459441 0.897163 0.414894
79 0.500071 0.457447 0.887801 0.418883
66 0.507092 0.453125 0.88 0.420878
74 0.49539 0.455785 0.897163 0.420878
75 0.501631 0.459441 0.897163 0.414894
79 0.500071 0.457447 0.887801 0.418883
66 0.507092 0.452793 0.88 0.420213
74 0.49578 0.455785 0.896383 0.420878
75 0.501631 0.459109 0.897163 0.414229
79 0.500851 0.457447 0.886241 0.418883
66 0.507092 0.452793 0.88 0.420213
74 0.49617 0.455785 0.895603 0.420878
75 0.502021 0.459358 0.896383 0.41373
79 0.500851 0.457447 0.886241 0.418883
66 0.507482 0.452793 0.87922 0.420213
74 0.49695 0.455785 0.894042 0.420878
75 0.502411 0.459109 0.895603 0.414229
79 0.501241 0.457447 0.885461 0.418883
66 0.508653 0.452793 0.876879 0.420213
74 0.49695 0.455785 0.894042 0.420878
75 0.502411 0.459358 0.895603 0.41373
79 0.501631 0.457447 0.884681 0.418883
66 0.509433 0.452793 0.875319 0.420213
74 0.49773 0.455785 0.892482 0.420878
75 0.502411 0.459358 0.895603 0.41373
79 0.502021 0.457447 0.883901 0.418883
66 0.509433 0.452793 0.875319 0.420213
74 0.49773 0.455785 0.892482 0.420878
75 0.502411 0.459525 0.895603 0.414727
66 0.509433 0.452793 0.875319 0.420213
74 0.498121 0.456034 0.891702 0.420379
75 0.502801 0.459358 0.894823 0.41373
66 0.509823 0.452793 0.874539 0.420213
74 0.498511 0.456034 0.890922 0.420379
75 0.502801 0.459441 0.894823 0.413564
66 0.510213 0.452793 0.873759 0.420213
74 0.498511 0.456034 0.892482 0.420379
75 0.503191 0.459441 0.894042 0.413564
66 0.510993 0.452793 0.872199 0.420213
74 0.498901 0.456034 0.890142 0.420379
75 0.503191 0.459441 0.894042 0.413564
66 0.511383 0.452793 0.871418 0.420213
74 0.499291 0.456117 0.890922 0.420213
75 0.503191 0.459441 0.894042 0.413564
66 0.511383 0.452793 0.871418 0.420213
74 0.500071 0.456117 0.889362 0.420213
75 0.503191 0.459441 0.894042 0.413564
66 0.512553 0.452793 0.869078 0.420213
74 0.500071 0.456117 0.889362 0.420213
75 0.503191 0.459441 0.894042 0.413564
74 0.500851 0.456117 0.887801 0.420213
66 0.512553 0.452876 0.869078 0.420047
75 0.503582 0.459525 0.893262 0.413398
66 0.510603 0.454039 0.869858 0.421709
74 0.490709 0.455452 0.901844 0.424202
75 0.490709 0.458112 0.914326 0.418883
66 0.472766 0.0387301 0.945532 0.0774601
