48 0.512806 0.504051 0.972536 0.31713
50 0.50422 0.500579 0.988147 0.322917
67 0.494464 0.481771 0.968633 0.358218
101 0.494464 0.481771 0.968633 0.358218
49 0.50422 0.500579 0.988147 0.322917
109 0.50422 0.500579 0.988147 0.322917
54 0.50422 0.500579 0.988147 0.322917
68 0.494854 0.480324 0.970975 0.353009
79 0.50422 0.500579 0.988147 0.322917
95 0.50422 0.50463 0.986586 0.310185
17 0.50422 0.50463 0.986586 0.310185
103 0.50422 0.50463 0.986586 0.310185
53 0.50422 0.500579 0.988147 0.322917
104 0.494464 0.481771 0.968633 0.358218
84 0.50422 0.500579 0.988147 0.322917
76 0.50422 0.500579 0.988147 0.322917
111 0.512806 0.504051 0.972536 0.31713
110 0.494464 0.481771 0.968633 0.358218
99 0.507342 0.501157 0.983464 0.321759
56 0.50422 0.50463 0.986586 0.310185
73 0.50422 0.50463 0.986586 0.310185
100 0.50422 0.500579 0.988147 0.322917
77 0.50422 0.500579 0.988147 0.322917
81 0.50422 0.500579 0.988147 0.322917
74 0.50422 0.500579 0.988147 0.322917
75 0.512806 0.504051 0.972536 0.31713
97 0.50422 0.500579 0.988147 0.322917
47 0.507342 0.501157 0.983464 0.321759
46 0.50422 0.500579 0.988147 0.322917
102 0.512806 0.504051 0.972536 0.31713
42 0.494464 0.481771 0.968633 0.358218
33 0.494854 0.480324 0.970975 0.353009
66 0.512806 0.504051 0.972536 0.31713
14 0.50422 0.500579 0.988147 0.322917
31 0.50422 0.500579 0.988147 0.322917
51 0.512806 0.504051 0.972536 0.31713
108 0.50422 0.500579 0.988147 0.322917
11 0.494464 0.481771 0.968633 0.358218
48 0.42929 0.466725 0.839847 0.373264
0 0.50422 0.500579 0.988147 0.322917
7 0.50422 0.500579 0.988147 0.322917
105 0.50422 0.50463 0.986586 0.310185
5 0.507733 0.502604 0.978 0.317708
41 0.50422 0.500579 0.988147 0.322917
16 0.494464 0.481771 0.968633 0.358218
80 0.50422 0.500579 0.988147 0.322917
26 0.50422 0.50463 0.986586 0.310185
21 0.506171 0.472512 0.978 0.374421
34 0.50422 0.50463 0.986586 0.310185
38 0.50422 0.500579 0.988147 0.322917
12 0.50422 0.50463 0.986586 0.310185
78 0.512025 0.510417 0.974097 0.304398
4 0.512806 0.504051 0.972536 0.31713
28 0.50422 0.50463 0.986586 0.310185
15 0.494464 0.481771 0.968633 0.358218
65 0.494854 0.480324 0.970975 0.353009
92 0.494464 0.481771 0.968633 0.358218
8 0.506171 0.472512 0.978 0.374421
103 0.42929 0.466725 0.839847 0.373264
94 0.494854 0.480324 0.970975 0.353009
13 0.494464 0.481771 0.968633 0.358218
101 0.575248 0.505787 0.838286 0.289352
75 0.42929 0.466725 0.839847 0.373264
88 0.507733 0.502604 0.978 0.317708
22 0.512025 0.510417 0.974097 0.304398
52 0.507733 0.502604 0.978 0.317708
17 0.42929 0.466725 0.839847 0.373264
48 0.689205 0.499421 0.597883 0.278935
55 0.506171 0.472512 0.978 0.374421
50 0.44412 0.45081 0.866385 0.33912
95 0.42929 0.466725 0.839847 0.373264
2 0.512806 0.504051 0.972536 0.31713
29 0.494854 0.480324 0.970975 0.353009
36 0.494854 0.480324 0.970975 0.353009
50 0.689205 0.499421 0.597883 0.278935
102 0.42929 0.466725 0.839847 0.373264
111 0.418362 0.46875 0.817992 0.383102
24 0.50422 0.500579 0.988147 0.322917
6 0.506171 0.472512 0.978 0.374421
78 0.492512 0.450231 0.969414 0.40625
72 0.513269 0.508681 0.973462 0.310185
75 0.689205 0.499421 0.597883 0.278935
101 0.69662 0.508681 0.583053 0.253472
68 0.689205 0.499421 0.597883 0.278935
64 0.50422 0.500579 0.988147 0.322917
20 0.506171 0.472512 0.978 0.374421
50 0.506562 0.468171 0.970975 0.381944
48 0.497586 0.471644 0.949901 0.375
101 0.497586 0.471644 0.949901 0.375
46 0.506562 0.468171 0.970975 0.381944
49 0.506562 0.468171 0.970975 0.381944
68 0.499537 0.462674 0.94912 0.407986
50 0.505391 0.832755 0.979561 0.334491
111 0.499537 0.462674 0.94912 0.407986
111 0.505391 0.832755 0.979561 0.334491
110 0.508123 0.460359 0.969414 0.413773
48 0.505391 0.832755 0.979561 0.334491
50 0.500318 0.892361 0.97878 0.215278
67 0.497586 0.471644 0.949901 0.375
100 0.506562 0.468171 0.970975 0.381944
99 0.497586 0.471644 0.949901 0.375
46 0.502659 0.856481 0.983464 0.287037
95 0.497586 0.471644 0.949901 0.375
47 0.505001 0.469329 0.97878 0.378472
53 0.499537 0.462674 0.94912 0.407986
102 0.497586 0.471644 0.949901 0.375
101 0.505391 0.832755 0.979561 0.334491
75 0.499537 0.462674 0.94912 0.407986
109 0.499537 0.462674 0.94912 0.407986
73 0.499537 0.462674 0.94912 0.407986
68 0.501098 0.873264 0.967853 0.253472
103 0.499537 0.462674 0.94912 0.407986
76 0.499537 0.462674 0.94912 0.407986
50 0.505001 0.936343 0.985025 0.127315
77 0.506562 0.468171 0.970975 0.381944
110 0.505391 0.832755 0.979561 0.334491
51 0.499537 0.462674 0.94912 0.407986
49 0.505391 0.832755 0.979561 0.334491
52 0.497586 0.471644 0.949901 0.375
99 0.502659 0.856481 0.983464 0.287037
68 0.499537 0.914352 0.988147 0.171296
101 0.500318 0.892361 0.97878 0.215278
110 0.500318 0.892361 0.97878 0.215278
100 0.502659 0.856481 0.983464 0.287037
49 0.500318 0.892361 0.97878 0.215278
46 0.499537 0.914352 0.988147 0.171296
109 0.505391 0.832755 0.979561 0.334491
48 0.313186 0.479456 0.615445 0.403356
76 0.502659 0.856481 0.983464 0.287037
75 0.505391 0.832755 0.979561 0.334491
73 0.505391 0.832755 0.979561 0.334491
48 0.500318 0.892361 0.97878 0.215278
111 0.505001 0.936343 0.985025 0.127315
99 0.499537 0.914352 0.988147 0.171296
95 0.505391 0.832755 0.979561 0.334491
56 0.497586 0.471644 0.949901 0.375
48 0.505001 0.936343 0.985025 0.127315
54 0.468706 0.466363 0.921802 0.398293
50 0.313186 0.479456 0.615445 0.403356
110 0.505001 0.936343 0.985025 0.127315
97 0.497586 0.471644 0.949901 0.375
77 0.502659 0.856481 0.983464 0.287037
67 0.505391 0.832755 0.979561 0.334491
102 0.505391 0.832755 0.979561 0.334491
49 0.505001 0.936343 0.985025 0.127315
84 0.497586 0.471644 0.949901 0.375
80 0.461291 0.474248 0.906972 0.401042
54 0.505391 0.832755 0.979561 0.334491
67 0.500318 0.892361 0.97878 0.215278
101 0.313186 0.479456 0.615445 0.403356
51 0.502659 0.856481 0.983464 0.287037
104 0.497586 0.471644 0.949901 0.375
50 0.470658 0.954282 0.931949 0.0914352
101 0.505001 0.936343 0.985025 0.127315
54 0.500318 0.892361 0.97878 0.215278
88 0.506562 0.468171 0.970975 0.381944
46 0.533563 0.945312 0.932875 0.109375
46 0.506952 0.786748 0.974878 0.426505
75 0.500318 0.892361 0.97878 0.215278
104 0.505391 0.832755 0.979561 0.334491
103 0.505391 0.832755 0.979561 0.334491
103 0.313186 0.479456 0.615445 0.403356
100 0.499537 0.914352 0.988147 0.171296
53 0.505391 0.832755 0.979561 0.334491
48 0.470658 0.954282 0.931949 0.0914352
102 0.500318 0.892361 0.97878 0.215278
105 0.497586 0.471644 0.949901 0.375
110 0.313186 0.479456 0.615445 0.403356
49 0.313186 0.479456 0.615445 0.403356
76 0.505001 0.936343 0.985025 0.127315
111 0.496025 0.887153 0.971756 0.225694
66 0.497586 0.471644 0.949901 0.375
46 0.313186 0.479456 0.615445 0.403356
56 0.500318 0.892361 0.97878 0.215278
84 0.505391 0.832755 0.979561 0.334491
103 0.500318 0.892361 0.97878 0.215278
67 0.313186 0.479456 0.615445 0.403356
95 0.505001 0.936343 0.985025 0.127315
52 0.505391 0.832755 0.979561 0.334491
95 0.313186 0.479456 0.615445 0.403356
99 0.533563 0.945312 0.932875 0.109375
68 0.533563 0.945312 0.932875 0.109375
73 0.505001 0.936343 0.985025 0.127315
17 0.505391 0.832755 0.979561 0.334491
41 0.423045 0.477937 0.83048 0.400608
95 0.500318 0.892361 0.97878 0.215278
97 0.505391 0.832755 0.979561 0.334491
77 0.499537 0.914352 0.988147 0.171296
56 0.505391 0.832755 0.979561 0.334491
56 0.313186 0.479456 0.615445 0.403356
41 0.501098 0.873264 0.967853 0.253472
68 0.313186 0.479456 0.615445 0.403356
66 0.505391 0.832755 0.979561 0.334491
42 0.423045 0.477937 0.83048 0.400608
99 0.506952 0.786748 0.974878 0.426505
52 0.313186 0.479456 0.615445 0.403356
53 0.313186 0.479456 0.615445 0.403356
104 0.500318 0.892361 0.97878 0.215278
109 0.313186 0.479456 0.615445 0.403356
100 0.313186 0.479456 0.615445 0.403356
101 0.470658 0.954282 0.931949 0.0914352
38 0.497586 0.471644 0.949901 0.375
53 0.500318 0.892361 0.97878 0.215278
74 0.500318 0.892361 0.97878 0.215278
73 0.500318 0.892361 0.97878 0.215278
17 0.506562 0.468171 0.970975 0.381944
42 0.501098 0.873264 0.967853 0.253472
73 0.313186 0.479456 0.615445 0.403356
111 0.470658 0.954282 0.931949 0.0914352
75 0.313186 0.479456 0.615445 0.403356
111 0.353188 0.470992 0.69701 0.402922
108 0.423045 0.477937 0.83048 0.400608
99 0.353188 0.470992 0.69701 0.402922
7 0.506562 0.476852 0.969414 0.372685
66 0.500318 0.892361 0.97878 0.215278
28 0.506562 0.476852 0.969414 0.372685
49 0.470658 0.954282 0.931949 0.0914352
102 0.470658 0.954282 0.931949 0.0914352
51 0.505001 0.936343 0.985025 0.127315
75 0.505001 0.936343 0.985025 0.127315
102 0.313186 0.479456 0.615445 0.403356
50 0.497195 0.337963 0.981902 0.670139
50 0.497976 0.490451 0.980341 0.354745
48 0.497195 0.337963 0.981902 0.670139
49 0.497195 0.337963 0.981902 0.670139
48 0.497976 0.490451 0.980341 0.354745
49 0.502659 0.468171 0.964731 0.402778
100 0.497195 0.337963 0.981902 0.670139
51 0.497195 0.337963 0.981902 0.670139
68 0.498756 0.336806 0.972536 0.673611
68 0.502659 0.468171 0.964731 0.402778
100 0.497976 0.490451 0.980341 0.354745
76 0.497195 0.337963 0.981902 0.670139
46 0.497195 0.337963 0.981902 0.670139
99 0.498756 0.336806 0.972536 0.673611
46 0.502659 0.468171 0.964731 0.402778
51 0.497976 0.490451 0.980341 0.354745
50 0.499927 0.598958 0.979561 0.579861
99 0.502659 0.468171 0.964731 0.402778
76 0.497976 0.490451 0.980341 0.354745
101 0.502659 0.468171 0.964731 0.402778
75 0.497195 0.337963 0.981902 0.670139
101 0.497195 0.337963 0.981902 0.670139
73 0.497195 0.337963 0.981902 0.670139
47 0.498756 0.336806 0.972536 0.673611
48 0.499927 0.598958 0.979561 0.579861
47 0.502659 0.468171 0.964731 0.402778
68 0.499927 0.598958 0.979561 0.579861
75 0.502659 0.468171 0.964731 0.402778
49 0.499927 0.598958 0.979561 0.579861
53 0.498756 0.336806 0.972536 0.673611
102 0.502659 0.468171 0.964731 0.402778
77 0.502659 0.468171 0.964731 0.402778
109 0.497195 0.337963 0.981902 0.670139
97 0.497195 0.337963 0.981902 0.670139
53 0.502659 0.468171 0.964731 0.402778
73 0.497976 0.490451 0.980341 0.354745
77 0.497195 0.337963 0.981902 0.670139
102 0.497195 0.337963 0.981902 0.670139
110 0.497195 0.337963 0.981902 0.670139
100 0.499927 0.598958 0.979561 0.579861
109 0.497976 0.490451 0.980341 0.354745
110 0.502659 0.468171 0.964731 0.402778
52 0.497195 0.337963 0.981902 0.670139
111 0.497195 0.337963 0.981902 0.670139
84 0.496805 0.337963 0.973317 0.675926
101 0.499927 0.598958 0.979561 0.579861
68 0.494854 0.194589 0.980341 0.389178
52 0.497976 0.490451 0.980341 0.354745
46 0.499927 0.598958 0.979561 0.579861
102 0.499927 0.598958 0.979561 0.579861
50 0.494854 0.194589 0.980341 0.389178
97 0.487829 0.487268 0.960048 0.363426
81 0.430851 0.622685 0.861701 0.696759
67 0.497976 0.490451 0.980341 0.354745
111 0.497976 0.490451 0.980341 0.354745
48 0.494854 0.194589 0.980341 0.389178
108 0.317284 0.621383 0.634568 0.715567
99 0.499927 0.598958 0.979561 0.579861
51 0.499927 0.598958 0.979561 0.579861
76 0.499927 0.598958 0.979561 0.579861
67 0.498756 0.336806 0.972536 0.673611
78 0.317284 0.621383 0.634568 0.715567
95 0.495634 0.244213 0.980341 0.488426
101 0.494854 0.194589 0.980341 0.389178
95 0.430851 0.622685 0.861701 0.696759
77 0.499927 0.598958 0.979561 0.579861
84 0.497976 0.490451 0.980341 0.354745
0 0.772721 0.513021 0.41524 0.210069
79 0.317284 0.621383 0.634568 0.715567
49 0.494854 0.194589 0.980341 0.389178
53 0.499927 0.598958 0.979561 0.579861
56 0.430851 0.622685 0.861701 0.696759
100 0.486268 0.199219 0.96317 0.398438
75 0.499927 0.598958 0.979561 0.579861
95 0.495634 0.405961 0.983464 0.811921
104 0.430851 0.622685 0.861701 0.696759
102 0.494854 0.194589 0.980341 0.389178
17 0.497195 0.337963 0.981902 0.670139
47 0.499927 0.598958 0.979561 0.579861
53 0.494854 0.194589 0.980341 0.389178
48 0.500318 0.119936 0.975658 0.239873
73 0.499927 0.598958 0.979561 0.579861
50 0.500318 0.119936 0.975658 0.239873
105 0.317284 0.621383 0.634568 0.715567
78 0.495634 0.244213 0.980341 0.488426
81 0.173082 0.625 0.346164 0.716435
17 0.497976 0.490451 0.980341 0.354745
109 0.499927 0.598958 0.979561 0.579861
110 0.499927 0.598958 0.979561 0.579861
67 0.499927 0.598958 0.979561 0.579861
50 0.50383 0.0824653 0.962389 0.164931
52 0.490561 0.644097 0.959267 0.711806
111 0.48939 0.637876 0.960048 0.682581
84 0.430851 0.622685 0.861701 0.696759
2 0.497976 0.490451 0.980341 0.354745
68 0.500318 0.119936 0.975658 0.239873
74 0.490171 0.328125 0.967853 0.65625
77 0.494854 0.194589 0.980341 0.389178
81 0.257574 0.627894 0.515148 0.71875
108 0.463633 0.624421 0.927266 0.693287
48 0.50383 0.0824653 0.962389 0.164931
4 0.506952 0.56684 0.350456 0.192708
46 0.486268 0.199219 0.96317 0.398438
95 0.497976 0.490451 0.980341 0.354745
52 0.486268 0.199219 0.96317 0.398438
51 0.494854 0.194589 0.980341 0.389178
78 0.495634 0.405961 0.983464 0.811921
33 0.498757 0.341146 0.985025 0.682292
13 0.506952 0.56684 0.350456 0.192708
108 0.173082 0.625 0.346164 0.716435
78 0.463633 0.624421 0.927266 0.693287
4 0.568614 0.568287 0.305186 0.194444
47 0.486268 0.199219 0.96317 0.398438
48 0.498757 0.722801 0.981903 0.554398
80 0.498366 0.329282 0.985805 0.658565
68 0.50383 0.0824653 0.962389 0.164931
1 0.772721 0.513021 0.41524 0.210069
50 0.496805 0.488137 0.957706 0.352431
110 0.498757 0.493634 0.958487 0.351852
101 0.496805 0.488137 0.957706 0.352431
49 0.496805 0.488137 0.957706 0.352431
68 0.496805 0.488137 0.957706 0.352431
102 0.495634 0.492766 0.956926 0.354745
76 0.498757 0.493634 0.958487 0.351852
77 0.496805 0.488137 0.957706 0.352431
100 0.496805 0.488137 0.957706 0.352431
47 0.496805 0.488137 0.957706 0.352431
95 0.496805 0.488137 0.957706 0.352431
97 0.498757 0.493634 0.958487 0.351852
46 0.496805 0.488137 0.957706 0.352431
67 0.496805 0.488137 0.957706 0.352431
53 0.498757 0.493634 0.958487 0.351852
48 0.495634 0.486979 0.953804 0.364005
73 0.496805 0.488137 0.957706 0.352431
102 0.48861 0.563079 0.977219 0.206019
109 0.498757 0.493634 0.958487 0.351852
111 0.505464 0.478588 0.989073 0.357639
68 0.48861 0.563079 0.977219 0.206019
51 0.496805 0.488137 0.957706 0.352431
101 0.48861 0.563079 0.977219 0.206019
50 0.48861 0.563079 0.977219 0.206019
68 0.912436 0.453704 0.145178 0.368056
110 0.48861 0.563079 0.977219 0.206019
68 0.782868 0.46412 0.398069 0.354167
77 0.48861 0.563079 0.977219 0.206019
49 0.48861 0.563079 0.977219 0.206019
68 0.813309 0.498264 0.338749 0.315972
68 0.928827 0.490451 0.112396 0.342014
17 0.495634 0.486979 0.953804 0.364005
102 0.813309 0.498264 0.338749 0.315972
84 0.501098 0.495949 0.94912 0.340278
15 0.495634 0.492766 0.956926 0.354745
99 0.496805 0.488137 0.957706 0.352431
102 0.928827 0.490451 0.112396 0.342014
102 0.782868 0.46412 0.398069 0.354167
68 0.710279 0.520833 0.549491 0.259259
103 0.505464 0.478588 0.989073 0.357639
102 0.912436 0.453704 0.145178 0.368056
101 0.912436 0.453704 0.145178 0.368056
101 0.782868 0.46412 0.398069 0.354167
68 0.697791 0.964699 0.561979 0.0706018
102 0.510537 0.478877 0.978926 0.377893
77 0.510537 0.478877 0.978926 0.377893
68 0.510537 0.478877 0.978926 0.377893
101 0.510537 0.478877 0.978926 0.377893
50 0.510537 0.478877 0.978926 0.377893
110 0.510537 0.478877 0.978926 0.377893
67 0.510537 0.478877 0.978926 0.377893
109 0.510537 0.478877 0.978926 0.377893
111 0.506244 0.469907 0.987512 0.377315
49 0.510537 0.478877 0.978926 0.377893
76 0.508976 0.478588 0.982048 0.354167
48 0.510537 0.478877 0.978926 0.377893
29 0.508976 0.478588 0.982048 0.354167
100 0.510537 0.478877 0.978926 0.377893
95 0.510537 0.478877 0.978926 0.377893
73 0.510537 0.478877 0.978926 0.377893
77 0.354749 0.469329 0.705596 0.373843
101 0.354749 0.469329 0.705596 0.373843
102 0.354749 0.469329 0.705596 0.373843
68 0.502659 0.481771 0.955365 0.352431
101 0.502659 0.481771 0.955365 0.352431
102 0.502659 0.481771 0.955365 0.352431
77 0.502659 0.481771 0.955365 0.352431
110 0.500318 0.482928 0.952242 0.372106
67 0.502659 0.481771 0.955365 0.352431
109 0.502659 0.481771 0.955365 0.352431
95 0.500318 0.482928 0.952242 0.372106
50 0.499927 0.479745 0.954584 0.372685
111 0.500318 0.482928 0.952242 0.372106
102 0.494073 0.886285 0.97878 0.227431
49 0.499927 0.479745 0.954584 0.372685
84 0.498757 0.479745 0.939754 0.373843
102 0.494854 0.797454 0.977219 0.405093
101 0.494073 0.886285 0.97878 0.227431
76 0.498366 0.479167 0.959267 0.361111
77 0.494073 0.886285 0.97878 0.227431
50 0.494854 0.797454 0.977219 0.405093
101 0.494854 0.797454 0.977219 0.405093
77 0.494854 0.797454 0.977219 0.405093
56 0.500318 0.482928 0.952242 0.372106
29 0.500318 0.482928 0.952242 0.372106
97 0.500318 0.482928 0.952242 0.372106
68 0.494073 0.886285 0.97878 0.227431
17 0.499927 0.479745 0.954584 0.372685
50 0.494073 0.886285 0.97878 0.227431
102 0.369774 0.939815 0.739549 0.12037
34 0.499537 0.477431 0.936632 0.356482
68 0.494854 0.797454 0.977219 0.405093
49 0.494854 0.797454 0.977219 0.405093
102 0.50422 0.934896 0.980341 0.130208
102 0.500318 0.484375 0.958487 0.361111
101 0.501098 0.477431 0.955365 0.359954
110 0.501098 0.477431 0.955365 0.359954
77 0.501098 0.477431 0.955365 0.359954
109 0.500708 0.479745 0.962389 0.357639
111 0.501098 0.477431 0.955365 0.359954
67 0.501098 0.477431 0.955365 0.359954
68 0.500708 0.479745 0.962389 0.357639
49 0.501098 0.477431 0.955365 0.359954
97 0.510537 0.472512 0.978926 0.370949
50 0.500318 0.484375 0.958487 0.361111
73 0.501098 0.477431 0.955365 0.359954
34 0.497976 0.480903 0.952242 0.361111
95 0.501098 0.477431 0.955365 0.359954
99 0.501098 0.477431 0.955365 0.359954
102 0.497976 0.39294 0.986586 0.519676
101 0.497976 0.39294 0.986586 0.519676
100 0.501098 0.477431 0.955365 0.359954
6 0.501098 0.477431 0.955365 0.359954
84 0.510537 0.472512 0.978926 0.370949
110 0.497976 0.39294 0.986586 0.519676
76 0.500708 0.479745 0.962389 0.357639
46 0.501098 0.477431 0.955365 0.359954
47 0.510537 0.472512 0.978926 0.370949
12 0.501098 0.477431 0.955365 0.359954
51 0.501098 0.477431 0.955365 0.359954
29 0.500708 0.479745 0.962389 0.357639
48 0.510537 0.472512 0.978926 0.370949
20 0.501098 0.477431 0.955365 0.359954
28 0.501098 0.477431 0.955365 0.359954
17 0.501098 0.477431 0.955365 0.359954
77 0.497976 0.39294 0.986586 0.519676
101 0.501879 0.489583 0.977219 0.358796
68 0.502659 0.489294 0.980341 0.362847
77 0.501879 0.489583 0.977219 0.358796
102 0.502659 0.489294 0.980341 0.362847
109 0.503122 0.46875 0.993756 0.375
110 0.503512 0.472801 0.992975 0.377315
67 0.501879 0.489583 0.977219 0.358796
111 0.503512 0.472801 0.992975 0.377315
49 0.50422 0.484375 0.977219 0.359954
34 0.503512 0.472801 0.992975 0.377315
48 0.50422 0.484375 0.977219 0.359954
6 0.503512 0.472801 0.992975 0.377315
101 0.503903 0.431713 0.992195 0.290509
50 0.50422 0.484375 0.977219 0.359954
68 0.503903 0.431713 0.992195 0.290509
101 0.50344 0.472222 0.981903 0.369213
110 0.501879 0.475405 0.986586 0.379051
77 0.501879 0.475405 0.986586 0.379051
109 0.50344 0.472222 0.981903 0.369213
102 0.500318 0.472222 0.953803 0.365741
111 0.501879 0.475405 0.986586 0.379051
68 0.500318 0.472222 0.953803 0.365741
67 0.501879 0.475405 0.986586 0.379051
76 0.502659 0.478009 0.969414 0.357639
99 0.501879 0.475405 0.986586 0.379051
50 0.501098 0.48235 0.970975 0.36169
49 0.501879 0.475405 0.986586 0.379051
97 0.501879 0.475405 0.986586 0.379051
73 0.501879 0.475405 0.986586 0.379051
29 0.501879 0.475405 0.986586 0.379051
84 0.501879 0.475405 0.986586 0.379051
95 0.501879 0.475405 0.986586 0.379051
48 0.501879 0.475405 0.986586 0.379051
100 0.499537 0.476273 0.94912 0.376157
34 0.501879 0.475405 0.986586 0.379051
6 0.501879 0.475405 0.986586 0.379051
101 0.511245 0.480613 0.96317 0.374421
77 0.511245 0.480613 0.96317 0.374421
102 0.511245 0.480613 0.96317 0.374421
110 0.496805 0.47772 0.946779 0.381366
111 0.497976 0.480903 0.964731 0.387732
68 0.496805 0.47772 0.946779 0.381366
109 0.496805 0.47772 0.946779 0.381366
67 0.508123 0.474248 0.970975 0.382523
48 0.508123 0.474248 0.970975 0.382523
99 0.508123 0.474248 0.970975 0.382523
29 0.511245 0.480613 0.96317 0.374421
49 0.508123 0.474248 0.970975 0.382523
50 0.508123 0.474248 0.970975 0.382523
101 0.497976 0.480324 0.967853 0.364583
102 0.497976 0.480324 0.967853 0.364583
77 0.50422 0.482639 0.974097 0.356481
110 0.502659 0.48669 0.977219 0.351852
50 0.50422 0.482639 0.974097 0.356481
49 0.50422 0.482639 0.974097 0.356481
109 0.495634 0.0920139 0.970975 0.184028
101 0.495634 0.0920139 0.970975 0.184028
99 0.50422 0.482639 0.974097 0.356481
109 0.498366 0.0591001 0.970195 0.1182
77 0.495634 0.0920139 0.970975 0.184028
68 0.50422 0.478009 0.981902 0.375
109 0.487439 0.188079 0.96395 0.376157
101 0.498366 0.0591001 0.970195 0.1182
110 0.500318 0.0661892 0.975658 0.132378
109 0.50422 0.478009 0.981902 0.375
110 0.500318 0.102431 0.975658 0.204861
77 0.498366 0.0591001 0.970195 0.1182
102 0.495634 0.0920139 0.970975 0.184028
109 0.497976 0.301505 0.974097 0.603009
100 0.50422 0.482639 0.974097 0.356481
48 0.502659 0.484954 0.977219 0.354167
76 0.502659 0.475116 0.977219 0.376157
101 0.499147 0.477431 0.971756 0.383102
77 0.499147 0.477431 0.971756 0.383102
102 0.494854 0.48206 0.961609 0.372685
110 0.506562 0.476562 0.983464 0.384838
111 0.506562 0.476562 0.983464 0.384838
50 0.499537 0.483796 0.967853 0.361111
49 0.499537 0.483796 0.967853 0.361111
68 0.499147 0.477431 0.971756 0.383102
67 0.499537 0.483796 0.967853 0.361111
109 0.486268 0.472222 0.960048 0.390046
99 0.500318 0.484664 0.969414 0.36169
48 0.500318 0.484664 0.969414 0.36169
76 0.500318 0.484664 0.969414 0.36169
100 0.500318 0.484664 0.969414 0.36169
101 0.495634 0.475405 0.96317 0.366319
77 0.493293 0.474826 0.958487 0.372106
110 0.493293 0.474826 0.958487 0.372106
111 0.501098 0.473669 0.986586 0.373264
102 0.502659 0.483218 0.980341 0.357639
109 0.501098 0.473669 0.986586 0.373264
67 0.500708 0.472801 0.984244 0.376157
99 0.505001 0.480903 0.972536 0.359954
68 0.496805 0.475694 0.954584 0.365741
73 0.501098 0.479745 0.981902 0.359954
100 0.501098 0.479745 0.981902 0.359954
6 0.501098 0.473669 0.986586 0.373264
49 0.501098 0.473669 0.986586 0.373264
50 0.501098 0.479745 0.981902 0.359954
29 0.495634 0.475405 0.96317 0.366319
47 0.501098 0.473669 0.986586 0.373264
12 0.493293 0.474826 0.958487 0.372106
101 0.497976 0.475405 0.969414 0.377894
77 0.499537 0.476562 0.967853 0.374421
102 0.506562 0.480324 0.966292 0.361111
67 0.497976 0.475405 0.969414 0.377894
68 0.506562 0.480324 0.966292 0.361111
110 0.505854 0.474826 0.988292 0.379051
111 0.505464 0.472801 0.989073 0.373843
109 0.505854 0.474826 0.988292 0.379051
49 0.507342 0.482928 0.967853 0.362847
12 0.497976 0.475405 0.969414 0.377894
34 0.497976 0.475405 0.969414 0.377894
17 0.506562 0.48206 0.970975 0.375
6 0.505854 0.474826 0.988292 0.379051
68 0.501098 0.919271 0.921021 0.161458
20 0.497976 0.475405 0.969414 0.377894
29 0.497976 0.475405 0.969414 0.377894
101 0.499927 0.484375 0.973317 0.358796
102 0.499927 0.484375 0.973317 0.358796
77 0.499927 0.484375 0.973317 0.358796
110 0.502659 0.486111 0.970975 0.354167
49 0.499927 0.484375 0.973317 0.358796
111 0.502659 0.486111 0.970975 0.354167
101 0.48939 0.483796 0.969414 0.365741
102 0.48939 0.483796 0.969414 0.365741
77 0.48939 0.483796 0.969414 0.365741
68 0.48939 0.483796 0.969414 0.365741
110 0.508123 0.489873 0.966292 0.360532
48 0.499537 0.481482 0.988147 0.373843
49 0.508123 0.489873 0.966292 0.360532
50 0.508123 0.489873 0.966292 0.360532
100 0.508123 0.489873 0.966292 0.360532
99 0.508123 0.489873 0.966292 0.360532
67 0.48939 0.483796 0.969414 0.365741
111 0.508123 0.489873 0.966292 0.360532
73 0.508123 0.489873 0.966292 0.360532
46 0.508123 0.489873 0.966292 0.360532
47 0.499537 0.481482 0.988147 0.373843
110 0.507733 0.479167 0.973317 0.359954
77 0.497586 0.472801 0.956145 0.368056
111 0.499147 0.47338 0.984244 0.369213
101 0.507733 0.479167 0.973317 0.359954
102 0.507342 0.478588 0.974097 0.364583
109 0.507733 0.479167 0.973317 0.359954
77 0.507342 0.883102 0.970975 0.233796
109 0.507342 0.883102 0.970975 0.233796
99 0.508123 0.480035 0.975658 0.36169
100 0.508123 0.480035 0.975658 0.36169
110 0.507342 0.854167 0.981902 0.291667
76 0.507342 0.478588 0.974097 0.364583
100 0.508513 0.846644 0.976439 0.306713
76 0.508513 0.846644 0.976439 0.306713
111 0.507342 0.854167 0.981902 0.291667
67 0.502659 0.476852 0.970975 0.363426
99 0.508513 0.846644 0.976439 0.306713
73 0.508123 0.480035 0.975658 0.36169
101 0.507342 0.883102 0.970975 0.233796
73 0.508513 0.846644 0.976439 0.306713
68 0.507342 0.883102 0.970975 0.233796
110 0.50383 0.0789207 0.978 0.157841
102 0.507342 0.883102 0.970975 0.233796
49 0.502659 0.476852 0.970975 0.363426
103 0.507342 0.883102 0.970975 0.233796
48 0.507342 0.883102 0.970975 0.233796
109 0.50383 0.0789207 0.978 0.157841
67 0.507342 0.883102 0.970975 0.233796
50 0.502659 0.476852 0.970975 0.363426
6 0.499537 0.474248 0.983464 0.367477
84 0.502659 0.476852 0.970975 0.363426
68 0.502659 0.476852 0.970975 0.363426
101 0.502269 0.485243 0.985805 0.360532
77 0.502269 0.485243 0.985805 0.360532
102 0.502269 0.485243 0.985805 0.360532
110 0.491342 0.475694 0.974878 0.37963
101 0.50383 0.083261 0.984244 0.166522
68 0.50383 0.083261 0.984244 0.166522
77 0.50383 0.083261 0.984244 0.166522
67 0.50383 0.083261 0.984244 0.166522
102 0.50383 0.0755208 0.982683 0.151042
110 0.50383 0.083261 0.984244 0.166522
111 0.491342 0.475694 0.974878 0.37963
49 0.50344 0.484954 0.983464 0.358796
109 0.50383 0.083261 0.984244 0.166522
48 0.502269 0.0822483 0.987366 0.164497
101 0.501879 0.472222 0.99283 0.380787
77 0.502269 0.484954 0.973317 0.365741
102 0.490951 0.473958 0.967853 0.383102
109 0.495634 0.0766782 0.980341 0.153356
110 0.502269 0.484954 0.973317 0.365741
109 0.500708 0.883681 0.978 0.232639
109 0.501879 0.48206 0.972536 0.365741
110 0.495634 0.0766782 0.980341 0.153356
68 0.501879 0.48206 0.972536 0.365741
111 0.502269 0.484954 0.973317 0.365741
67 0.502269 0.484954 0.973317 0.365741
76 0.50461 0.877025 0.970195 0.245949
101 0.495634 0.0766782 0.980341 0.153356
77 0.495634 0.0766782 0.980341 0.153356
76 0.495634 0.0766782 0.980341 0.153356
101 0.494073 0.891204 0.988147 0.217593
110 0.500708 0.883681 0.978 0.232639
109 0.496415 0.918692 0.961609 0.162616
68 0.495634 0.0766782 0.980341 0.153356
102 0.495634 0.0766782 0.980341 0.153356
77 0.500708 0.883681 0.978 0.232639
109 0.501098 0.180266 0.983464 0.360532
102 0.494073 0.891204 0.988147 0.217593
68 0.494073 0.891204 0.988147 0.217593
76 0.502269 0.484954 0.973317 0.365741
95 0.495634 0.0766782 0.980341 0.153356
109 0.50461 0.829861 0.968634 0.340278
49 0.502269 0.484954 0.973317 0.365741
76 0.503049 0.914931 0.96395 0.170139
101 0.507025 0.479167 0.985951 0.371528
102 0.505001 0.482928 0.950681 0.362847
77 0.505001 0.482928 0.950681 0.362847
12 0.507025 0.479167 0.985951 0.371528
68 0.499537 0.485532 0.958487 0.359954
4 0.507025 0.479167 0.985951 0.371528
34 0.507025 0.479167 0.985951 0.371528
49 0.50344 0.485243 0.96317 0.35706
29 0.507025 0.479167 0.985951 0.371528
67 0.499537 0.485532 0.958487 0.359954
110 0.505001 0.482928 0.950681 0.362847
3 0.507025 0.479167 0.985951 0.371528
17 0.507025 0.479167 0.985951 0.371528
20 0.507025 0.479167 0.985951 0.371528
28 0.501879 0.4864 0.964731 0.36169
77 0.50422 0.479167 0.961609 0.366898
111 0.507415 0.475694 0.98517 0.373843
67 0.505001 0.485243 0.972536 0.355903
101 0.50422 0.479167 0.961609 0.366898
102 0.506562 0.482639 0.966292 0.361111
68 0.505001 0.485243 0.972536 0.355903
110 0.502659 0.480035 0.967853 0.362847
109 0.506562 0.482639 0.970975 0.358796
53 0.506562 0.482639 0.970975 0.358796
95 0.506562 0.482639 0.970975 0.358796
49 0.506562 0.482639 0.970975 0.358796
56 0.506562 0.482639 0.970975 0.358796
6 0.50422 0.479167 0.961609 0.366898
84 0.506562 0.482639 0.970975 0.358796
50 0.506562 0.482639 0.966292 0.361111
48 0.506562 0.482639 0.966292 0.361111
100 0.506562 0.482639 0.970975 0.358796
73 0.506562 0.482639 0.970975 0.358796
52 0.506562 0.482639 0.970975 0.358796
76 0.506562 0.482639 0.966292 0.361111
97 0.506562 0.482639 0.970975 0.358796
101 0.499537 0.484664 0.97878 0.359375
102 0.499537 0.484664 0.97878 0.359375
77 0.499537 0.484664 0.97878 0.359375
68 0.494073 0.48206 0.972536 0.358796
110 0.494073 0.48206 0.972536 0.358796
49 0.502269 0.483507 0.971756 0.354745
109 0.500318 0.475405 0.991269 0.364005
67 0.502269 0.483507 0.971756 0.354745
50 0.502269 0.483507 0.971756 0.354745
48 0.502269 0.483507 0.971756 0.354745
110 0.501488 0.483218 0.973317 0.362269
101 0.499537 0.471354 0.986586 0.379051
77 0.496415 0.475405 0.964731 0.373264
109 0.501488 0.483218 0.973317 0.362269
111 0.495244 0.475694 0.960828 0.375
102 0.499537 0.471354 0.986586 0.379051
99 0.501488 0.483218 0.973317 0.362269
76 0.501488 0.483218 0.973317 0.362269
6 0.497195 0.47338 0.985025 0.377315
73 0.501488 0.483218 0.973317 0.362269
100 0.501879 0.48206 0.972536 0.365741
29 0.499537 0.471354 0.986586 0.379051
67 0.497195 0.47338 0.985025 0.377315
101 0.498366 0.476852 0.985805 0.372685
77 0.494073 0.482639 0.977219 0.361111
102 0.498366 0.476852 0.985805 0.372685
110 0.494073 0.482639 0.977219 0.361111
101 0.493293 0.0823929 0.969414 0.164786
102 0.493293 0.0823929 0.969414 0.164786
109 0.494073 0.482639 0.977219 0.361111
111 0.494073 0.482639 0.977219 0.361111
99 0.494073 0.482639 0.977219 0.361111
101 0.499537 0.950231 0.961609 0.099537
101 0.500318 0.468099 0.991269 0.387876
77 0.494854 0.477141 0.980341 0.368634
102 0.501098 0.474248 0.99283 0.384838
110 0.494854 0.479745 0.977219 0.37037
68 0.501098 0.474248 0.99283 0.384838
109 0.492903 0.471354 0.971756 0.376736
3 0.492122 0.469039 0.971756 0.385995
12 0.492903 0.471354 0.971756 0.376736
101 0.486268 0.477431 0.960048 0.378472
77 0.497195 0.476852 0.96317 0.375
110 0.497195 0.476852 0.96317 0.375
102 0.487829 0.475405 0.96317 0.379051
109 0.497195 0.476852 0.96317 0.375
111 0.492903 0.473669 0.959267 0.377894
67 0.492903 0.473669 0.959267 0.377894
29 0.494073 0.473669 0.961609 0.383681
95 0.492903 0.473669 0.959267 0.377894
68 0.498366 0.475116 0.985805 0.376157
101 0.497976 0.473958 0.986586 0.383102
102 0.48861 0.471933 0.974097 0.383681
77 0.500318 0.484375 0.97878 0.361111
20 0.48861 0.471933 0.974097 0.383681
68 0.491342 0.474537 0.979561 0.37963
3 0.48861 0.471933 0.974097 0.383681
27 0.491342 0.474537 0.979561 0.37963
110 0.500318 0.484375 0.97878 0.361111
29 0.48861 0.471933 0.974097 0.383681
101 0.493293 0.480324 0.970975 0.37037
49 0.493293 0.480324 0.970975 0.37037
77 0.498757 0.483218 0.981903 0.363426
12 0.503049 0.480613 0.988927 0.372106
20 0.491342 0.478009 0.974878 0.372685
27 0.491342 0.478009 0.974878 0.372685
102 0.494464 0.481481 0.974878 0.368056
3 0.494464 0.481481 0.974878 0.368056
29 0.494464 0.481481 0.974878 0.368056
17 0.494464 0.481481 0.974878 0.368056
28 0.494464 0.481481 0.974878 0.368056
101 0.497195 0.476273 0.988147 0.372685
102 0.498757 0.478877 0.988147 0.379051
101 0.490171 0.0816696 0.974097 0.163339
77 0.499537 0.480035 0.980341 0.373264
102 0.482365 0.0861545 0.942876 0.172309
12 0.498757 0.478877 0.988147 0.379051
110 0.498756 0.480035 0.97878 0.370949
68 0.499537 0.480035 0.980341 0.373264
27 0.498757 0.478877 0.988147 0.379051
49 0.495634 0.478588 0.972536 0.372685
95 0.498756 0.480035 0.97878 0.370949
109 0.498756 0.480035 0.97878 0.370949
29 0.499537 0.480035 0.980341 0.373264
101 0.487439 0.476852 0.959267 0.376157
102 0.492122 0.475116 0.967072 0.375
77 0.496415 0.475984 0.970975 0.362847
12 0.498757 0.474537 0.986586 0.369213
49 0.496415 0.475984 0.970975 0.362847
27 0.487439 0.476852 0.959267 0.376157
101 0.494073 0.0560981 0.972536 0.112196
68 0.496415 0.475984 0.970975 0.362847
3 0.496415 0.475984 0.970975 0.362847
29 0.496415 0.475984 0.970975 0.362847
101 0.491732 0.948495 0.974097 0.103009
101 0.496415 0.474826 0.983464 0.379051
102 0.491732 0.482639 0.970975 0.363426
77 0.491732 0.482639 0.970975 0.363426
68 0.491732 0.482639 0.970975 0.363426
12 0.496415 0.474826 0.983464 0.379051
109 0.491732 0.482639 0.970975 0.363426
49 0.493683 0.476852 0.970195 0.373843
67 0.491732 0.482639 0.970975 0.363426
110 0.491732 0.482639 0.970975 0.363426
101 0.494854 0.485822 0.981902 0.359375
102 0.495634 0.475405 0.981902 0.376736
77 0.506952 0.487269 0.962389 0.353009
68 0.48861 0.481771 0.970975 0.362847
49 0.48861 0.481771 0.970975 0.362847
50 0.48861 0.481771 0.970975 0.362847
110 0.506952 0.487269 0.962389 0.353009
101 0.50344 0.478588 0.991269 0.375
109 0.499537 0.482928 0.977219 0.365162
102 0.50344 0.478877 0.991269 0.370949
68 0.500318 0.481481 0.975658 0.361111
95 0.500318 0.481481 0.975658 0.361111
110 0.499537 0.484664 0.97878 0.362847
77 0.500318 0.481481 0.975658 0.361111
3 0.50344 0.478588 0.991269 0.375
31 0.494073 0.480613 0.961609 0.368634
66 0.50344 0.478877 0.991269 0.370949
29 0.50344 0.478588 0.991269 0.375
76 0.500318 0.481481 0.975658 0.361111
19 0.50344 0.478877 0.991269 0.370949
12 0.50344 0.478588 0.991269 0.375
17 0.495634 0.479745 0.96317 0.366898
101 0.499537 0.475694 0.985025 0.373843
102 0.500318 0.476852 0.986586 0.369213
77 0.501879 0.487268 0.956926 0.349537
109 0.501879 0.487268 0.956926 0.349537
110 0.502659 0.484375 0.956926 0.351852
68 0.499537 0.475694 0.985025 0.373843
95 0.496415 0.482639 0.967853 0.354167
76 0.496415 0.482639 0.967853 0.354167
101 0.493683 0.477141 0.979561 0.372106
77 0.506562 0.485243 0.96317 0.354745
102 0.490561 0.482928 0.970195 0.359375
49 0.48861 0.480035 0.970975 0.366319
12 0.493683 0.477141 0.979561 0.372106
110 0.497195 0.484375 0.981902 0.357639
101 0.496805 0.0768953 0.979561 0.153791
101 0.494073 0.478588 0.961609 0.372685
102 0.490951 0.473669 0.972536 0.376736
77 0.497976 0.483796 0.974097 0.361111
49 0.496415 0.484954 0.974097 0.357639
110 0.496415 0.484954 0.974097 0.357639
12 0.502659 0.477141 0.986586 0.374421
68 0.494854 0.478588 0.964731 0.366898
101 0.492512 0.479456 0.960048 0.367477
77 0.497195 0.485532 0.966292 0.351852
102 0.495244 0.478588 0.96395 0.362269
110 0.498756 0.485243 0.969414 0.355903
12 0.497976 0.475694 0.983464 0.376157
27 0.497976 0.475694 0.983464 0.376157
76 0.497195 0.485532 0.966292 0.351852
3 0.497976 0.475694 0.983464 0.376157
109 0.497195 0.485532 0.966292 0.351852
49 0.497976 0.475694 0.983464 0.376157
100 0.497195 0.485532 0.966292 0.351852
101 0.499537 0.475116 0.986586 0.369213
102 0.501488 0.484086 0.973317 0.352431
77 0.508123 0.485822 0.960048 0.352431
49 0.501488 0.484086 0.973317 0.352431
110 0.508123 0.485822 0.960048 0.352431
68 0.501488 0.484086 0.973317 0.352431
27 0.499147 0.475694 0.984244 0.375
20 0.499147 0.475694 0.984244 0.375
12 0.499147 0.475694 0.984244 0.375
109 0.508123 0.485822 0.960048 0.352431
101 0.504683 0.476852 0.990634 0.366898
102 0.498756 0.479745 0.960048 0.361111
68 0.50422 0.482639 0.961609 0.356481
77 0.50461 0.482639 0.960828 0.358796
109 0.50461 0.482639 0.960828 0.358796
110 0.50461 0.482639 0.960828 0.358796
49 0.496415 0.481481 0.964731 0.361111
101 0.493293 0.478299 0.958487 0.366319
77 0.506171 0.483218 0.954584 0.359954
102 0.495244 0.477431 0.96395 0.363426
110 0.506171 0.483218 0.954584 0.359954
109 0.506171 0.483218 0.954584 0.359954
68 0.497976 0.477431 0.967853 0.362269
49 0.501879 0.472801 0.991269 0.373843
12 0.501879 0.472801 0.991269 0.373843
67 0.506171 0.483218 0.954584 0.359954
101 0.521392 0.956019 0.936632 0.087963
101 0.492512 0.476562 0.96317 0.370949
77 0.506171 0.483218 0.954584 0.363426
102 0.506171 0.483218 0.954584 0.363426
49 0.493293 0.477431 0.967853 0.368056
68 0.496025 0.481482 0.974878 0.362269
101 0.488219 0.0434028 0.962389 0.0868056
12 0.502659 0.474537 0.989708 0.371528
110 0.506171 0.483218 0.954584 0.363426
24 0.494073 0.478009 0.96317 0.369213
109 0.506171 0.483218 0.954584 0.363426
101 0.490951 0.474537 0.961609 0.378472
77 0.506562 0.482928 0.960048 0.36169
102 0.497976 0.478009 0.974097 0.363426
110 0.506562 0.482928 0.960048 0.36169
49 0.497976 0.478009 0.974097 0.363426
109 0.506562 0.482928 0.960048 0.36169
68 0.497976 0.478009 0.974097 0.363426
76 0.497976 0.478009 0.974097 0.363426
95 0.497976 0.478009 0.974097 0.363426
67 0.497976 0.478009 0.974097 0.363426
101 0.496025 0.472222 0.981122 0.37963
102 0.496415 0.473669 0.985025 0.375579
77 0.495634 0.480035 0.972536 0.367477
109 0.496415 0.480035 0.974097 0.368634
68 0.491732 0.474826 0.964731 0.372106
110 0.495634 0.480035 0.972536 0.367477
76 0.496415 0.479745 0.974097 0.358796
95 0.491732 0.474826 0.964731 0.372106
67 0.496415 0.479745 0.974097 0.358796
49 0.491732 0.474826 0.964731 0.372106
101 0.490171 0.472512 0.966292 0.384838
102 0.496415 0.474826 0.986586 0.376736
77 0.505781 0.483507 0.958487 0.364005
49 0.492122 0.471933 0.970195 0.377894
68 0.505781 0.483507 0.958487 0.364005
101 0.497195 0.475984 0.988147 0.372106
102 0.497195 0.475984 0.988147 0.372106
77 0.494854 0.478588 0.970975 0.369213
110 0.491732 0.476273 0.964731 0.373843
109 0.493293 0.473958 0.967853 0.372685
68 0.499537 0.47338 0.989708 0.373843
101 0.496415 0.475116 0.960048 0.377315
77 0.50383 0.482639 0.962389 0.362269
102 0.50383 0.482639 0.962389 0.362269
68 0.499927 0.478877 0.973317 0.366319
109 0.499927 0.478877 0.973317 0.366319
24 0.505073 0.474826 0.989853 0.370949
95 0.499927 0.478877 0.973317 0.366319
12 0.505073 0.474826 0.989853 0.370949
67 0.499927 0.478877 0.973317 0.366319
49 0.499927 0.478877 0.973317 0.366319
101 0.501879 0.473958 0.985025 0.377315
77 0.501098 0.481481 0.980341 0.358796
102 0.495634 0.476273 0.961609 0.366898
109 0.506562 0.482639 0.966292 0.362269
12 0.501879 0.473958 0.985025 0.377315
68 0.501098 0.481481 0.980341 0.358796
95 0.501098 0.481481 0.980341 0.358796
67 0.501098 0.481481 0.980341 0.358796
24 0.50344 0.475694 0.989708 0.372685
66 0.50344 0.481771 0.975658 0.364005
3 0.495634 0.476273 0.961609 0.366898
76 0.501098 0.481481 0.980341 0.358796
101 0.499927 0.47309 0.985805 0.377894
77 0.501879 0.483507 0.96317 0.359375
102 0.499537 0.478877 0.972536 0.360532
24 0.499927 0.474248 0.988927 0.377894
12 0.499927 0.474248 0.988927 0.377894
68 0.499537 0.478877 0.972536 0.360532
109 0.501879 0.483507 0.96317 0.359375
95 0.499537 0.478877 0.972536 0.360532
27 0.499927 0.474248 0.988927 0.377894
49 0.499537 0.478877 0.972536 0.360532
76 0.499537 0.478877 0.972536 0.360532
110 0.501879 0.483507 0.96317 0.359375
20 0.499927 0.47309 0.985805 0.377894
101 0.497195 0.472222 0.953804 0.37963
102 0.506171 0.48669 0.960828 0.354167
77 0.505001 0.486111 0.960048 0.355324
12 0.500318 0.472801 0.988147 0.376157
27 0.500318 0.472801 0.988147 0.376157
24 0.499537 0.472801 0.989708 0.376157
49 0.498366 0.47338 0.957706 0.377315
101 0.50383 0.473958 0.985805 0.375
102 0.497976 0.472801 0.960048 0.373843
77 0.498756 0.480035 0.969414 0.368634
12 0.492512 0.47309 0.969414 0.374421
101 0.480804 0.962963 0.955365 0.0740741
49 0.497976 0.472801 0.960048 0.373843
101 0.497586 0.0390987 0.962389 0.0781973
24 0.502269 0.473958 0.987366 0.375
101 0.502659 0.474248 0.985025 0.375579
77 0.498366 0.481482 0.970195 0.362269
101 0.500318 0.947917 0.969414 0.104167
102 0.496025 0.479167 0.962389 0.366898
49 0.496025 0.479167 0.962389 0.366898
12 0.492903 0.472222 0.971756 0.376157
110 0.496025 0.479167 0.962389 0.366898
95 0.496025 0.479167 0.962389 0.366898
27 0.502659 0.474248 0.985025 0.375579
24 0.492903 0.472222 0.971756 0.376157
102 0.500318 0.947917 0.969414 0.104167
101 0.500708 0.475984 0.985805 0.372106
102 0.499147 0.480324 0.974878 0.357639
77 0.505001 0.482928 0.960048 0.359375
49 0.499147 0.480324 0.974878 0.357639
76 0.499147 0.480324 0.974878 0.357639
101 0.498756 0.48235 0.972536 0.362847
102 0.499927 0.476273 0.984244 0.372685
77 0.50422 0.48235 0.960048 0.36169
101 0.497976 0.960648 0.961609 0.0787037
110 0.494073 0.480903 0.96317 0.365741
101 0.501879 0.48206 0.970975 0.362269
102 0.50422 0.476852 0.988147 0.37037
77 0.501879 0.48206 0.970975 0.362269
110 0.500708 0.48206 0.971756 0.363426
76 0.501098 0.481482 0.969414 0.359954
101 0.495244 0.476273 0.962389 0.371528
77 0.50461 0.483218 0.962389 0.361111
102 0.497976 0.478009 0.974097 0.363426
110 0.50461 0.483218 0.962389 0.361111
49 0.497976 0.478009 0.974097 0.363426
95 0.497976 0.478009 0.974097 0.363426
68 0.497976 0.478009 0.974097 0.363426
109 0.497976 0.478009 0.974097 0.363426
76 0.497976 0.478009 0.974097 0.363426
67 0.497976 0.478009 0.974097 0.363426
101 0.505464 0.475984 0.989073 0.372106
102 0.499927 0.480324 0.971756 0.363426
77 0.499927 0.480324 0.971756 0.363426
49 0.499927 0.480324 0.971756 0.363426
68 0.499927 0.480324 0.971756 0.363426
12 0.505464 0.474248 0.989073 0.376736
95 0.499927 0.480324 0.971756 0.363426
67 0.499927 0.480324 0.971756 0.363426
101 0.51944 0.964699 0.953023 0.0706018
24 0.497586 0.478299 0.959267 0.368634
27 0.505464 0.474248 0.989073 0.376736
3 0.497586 0.478299 0.959267 0.368634
109 0.499927 0.480324 0.971756 0.363426
101 0.505001 0.475116 0.988147 0.375
102 0.496805 0.477431 0.960828 0.368056
49 0.500318 0.480903 0.974097 0.361111
77 0.500318 0.480903 0.974097 0.361111
76 0.500318 0.480903 0.974097 0.361111
95 0.500318 0.480903 0.974097 0.361111
12 0.496805 0.477431 0.960828 0.368056
68 0.500318 0.480903 0.974097 0.361111
101 0.51827 0.968461 0.960048 0.0630787
3 0.496805 0.477431 0.960828 0.368056
109 0.500318 0.480903 0.974097 0.361111
110 0.500318 0.480903 0.974097 0.361111
101 0.502659 0.475984 0.986586 0.373264
102 0.496415 0.477431 0.960048 0.368056
12 0.502659 0.475984 0.986586 0.373264
77 0.501879 0.48206 0.972536 0.362269
49 0.496415 0.477431 0.960048 0.368056
3 0.496415 0.477431 0.960048 0.368056
27 0.502659 0.475984 0.986586 0.373264
76 0.496415 0.477431 0.960048 0.368056
101 0.500708 0.474248 0.982683 0.377894
102 0.495634 0.476273 0.960048 0.37037
12 0.48861 0.474537 0.967853 0.375
77 0.499537 0.481481 0.97878 0.363426
49 0.495634 0.476273 0.960048 0.37037
3 0.495634 0.476273 0.960048 0.37037
27 0.502269 0.475116 0.984244 0.376157
24 0.48861 0.474537 0.967853 0.375
101 0.499927 0.474248 0.985805 0.377894
102 0.498756 0.480613 0.97878 0.364005
12 0.481585 0.472801 0.953804 0.377315
77 0.498756 0.480613 0.97878 0.364005
27 0.481585 0.472801 0.953804 0.377315
24 0.485878 0.47338 0.962389 0.376157
110 0.498756 0.480613 0.97878 0.364005
3 0.501488 0.475116 0.985805 0.372685
101 0.499147 0.474537 0.985805 0.377315
12 0.480414 0.472801 0.953023 0.378472
102 0.495634 0.476273 0.960048 0.368056
77 0.497976 0.479456 0.977219 0.367477
109 0.495634 0.476273 0.960048 0.368056
24 0.480414 0.472801 0.953023 0.378472
27 0.480414 0.472801 0.953023 0.378472
68 0.495634 0.476273 0.960048 0.368056
101 0.497976 0.47338 0.985025 0.37963
77 0.499537 0.479745 0.97878 0.366898
12 0.487439 0.471933 0.96395 0.379051
102 0.494854 0.475116 0.958487 0.369213
24 0.487439 0.471933 0.96395 0.379051
109 0.494854 0.475116 0.958487 0.369213
27 0.499537 0.473669 0.988147 0.376736
95 0.494854 0.475116 0.958487 0.369213
101 0.48939 0.962963 0.97878 0.0740741
101 0.499537 0.93287 0.983464 0.134259
110 0.498756 0.480324 0.97878 0.365741
68 0.494854 0.475116 0.958487 0.369213
49 0.494854 0.475116 0.958487 0.369213
101 0.495634 0.474248 0.983464 0.379051
12 0.48861 0.472512 0.967853 0.377894
77 0.497976 0.480613 0.985025 0.365162
102 0.497586 0.480903 0.984244 0.363426
109 0.497586 0.480903 0.984244 0.363426
24 0.48861 0.472512 0.967853 0.377894
110 0.492903 0.477141 0.965511 0.370949
95 0.492903 0.477141 0.965511 0.370949
27 0.497976 0.47338 0.986586 0.376157
101 0.495634 0.474248 0.983464 0.380208
102 0.492512 0.478009 0.966292 0.369213
77 0.492512 0.478009 0.966292 0.369213
110 0.492512 0.478009 0.966292 0.369213
12 0.488219 0.472801 0.965511 0.378472
109 0.492512 0.478009 0.966292 0.369213
95 0.492512 0.478009 0.966292 0.369213
49 0.492512 0.478009 0.966292 0.369213
24 0.488219 0.472801 0.965511 0.378472
101 0.495244 0.47338 0.982683 0.381944
77 0.497976 0.481481 0.986586 0.363426
102 0.492903 0.475116 0.965511 0.372685
110 0.492903 0.478009 0.967073 0.369213
109 0.492903 0.478009 0.967073 0.369213
12 0.487829 0.472801 0.966292 0.37963
24 0.495244 0.47338 0.982683 0.381944
101 0.513659 0.969907 0.972682 0.0601852
101 0.497586 0.473958 0.984244 0.381944
77 0.498757 0.480613 0.985025 0.367477
12 0.487439 0.47309 0.96395 0.379051
109 0.494073 0.474248 0.96317 0.374421
102 0.494073 0.474248 0.96317 0.374421
95 0.494073 0.474248 0.96317 0.374421
24 0.487439 0.47309 0.96395 0.379051
27 0.487439 0.47309 0.96395 0.379051
101 0.493293 0.473958 0.961609 0.378472
77 0.497195 0.480035 0.981902 0.365162
102 0.494073 0.473958 0.96317 0.373843
12 0.483927 0.472801 0.958487 0.380787
109 0.494073 0.473958 0.96317 0.373843
24 0.494073 0.473958 0.96317 0.373843
101 0.493293 0.967593 0.975658 0.0648148
101 0.498757 0.92419 0.988147 0.15162
101 0.493293 0.473669 0.961609 0.379051
77 0.497195 0.479745 0.981902 0.366898
102 0.494073 0.473669 0.96317 0.374421
109 0.494073 0.473669 0.96317 0.374421
12 0.485878 0.472512 0.960828 0.381366
101 0.496805 0.473669 0.982683 0.381366
102 0.494073 0.474537 0.96317 0.373843
77 0.497976 0.480324 0.980341 0.365741
12 0.494073 0.474537 0.96317 0.373843
109 0.494073 0.474537 0.96317 0.373843
24 0.494073 0.474537 0.96317 0.373843
101 0.496805 0.47338 0.982683 0.380787
77 0.497976 0.480903 0.980341 0.362269
12 0.496805 0.47338 0.982683 0.380787
102 0.494073 0.474826 0.96317 0.373264
109 0.497976 0.480903 0.980341 0.362269
49 0.494073 0.474826 0.96317 0.373264
95 0.494073 0.474826 0.96317 0.373264
24 0.494073 0.474826 0.96317 0.373264
101 0.494854 0.473669 0.981902 0.381366
77 0.497586 0.480613 0.981122 0.362847
109 0.497586 0.480613 0.981122 0.362847
12 0.494854 0.473669 0.981902 0.381366
102 0.497586 0.480613 0.981122 0.362847
49 0.497586 0.480613 0.981122 0.362847
24 0.493293 0.475116 0.964731 0.373843
101 0.494073 0.473669 0.980341 0.380208
77 0.497976 0.480903 0.980341 0.362269
109 0.497976 0.480903 0.980341 0.362269
102 0.497976 0.480903 0.980341 0.362269
12 0.494073 0.473669 0.980341 0.380208
49 0.497976 0.480903 0.980341 0.362269
95 0.497976 0.480903 0.980341 0.362269
24 0.493293 0.475694 0.964731 0.371528
110 0.497976 0.480903 0.980341 0.362269
101 0.494854 0.473669 0.980341 0.380208
77 0.498757 0.480613 0.981903 0.362847
109 0.498757 0.480613 0.981903 0.362847
102 0.498757 0.480613 0.981903 0.362847
12 0.494854 0.473669 0.980341 0.380208
49 0.498757 0.480613 0.981903 0.362847
95 0.498757 0.480613 0.981903 0.362847
110 0.498757 0.480613 0.981903 0.362847
24 0.492903 0.475694 0.965511 0.372685
101 0.507733 0.913773 0.973317 0.172454
101 0.494464 0.473958 0.981122 0.37963
77 0.498757 0.480613 0.981903 0.362847
109 0.498757 0.480613 0.981903 0.362847
102 0.498757 0.480613 0.981903 0.362847
12 0.494464 0.473958 0.981122 0.37963
49 0.498757 0.480613 0.981903 0.362847
110 0.498757 0.480613 0.981903 0.362847
95 0.498757 0.480613 0.981903 0.362847
67 0.498757 0.480613 0.981903 0.362847
101 0.491732 0.474537 0.964731 0.378472
77 0.498366 0.480324 0.982683 0.364583
109 0.498366 0.480324 0.982683 0.364583
102 0.498366 0.480324 0.982683 0.364583
12 0.494464 0.473958 0.981122 0.37963
49 0.498366 0.480324 0.982683 0.364583
110 0.498366 0.480324 0.982683 0.364583
95 0.498366 0.480324 0.982683 0.364583
101 0.509684 0.916088 0.970975 0.167824
101 0.494073 0.47338 0.980341 0.37963
77 0.498757 0.480324 0.985025 0.364583
109 0.498757 0.480324 0.985025 0.364583
102 0.498757 0.480324 0.985025 0.364583
12 0.494073 0.47338 0.980341 0.37963
49 0.498757 0.480324 0.985025 0.364583
110 0.498757 0.480324 0.985025 0.364583
101 0.510464 0.916667 0.967853 0.166667
95 0.498757 0.480324 0.985025 0.364583
101 0.494073 0.47338 0.980341 0.37963
77 0.498757 0.479745 0.985025 0.364583
102 0.498757 0.479745 0.985025 0.364583
109 0.498757 0.479745 0.985025 0.364583
12 0.494073 0.47338 0.980341 0.37963
101 0.510074 0.914352 0.968634 0.171296
49 0.498757 0.479745 0.985025 0.364583
110 0.498757 0.479745 0.985025 0.364583
95 0.498757 0.479745 0.985025 0.364583
101 0.494073 0.47338 0.980341 0.37963
77 0.498757 0.480035 0.985025 0.364005
102 0.498757 0.480035 0.985025 0.364005
109 0.498757 0.480035 0.985025 0.364005
101 0.510074 0.913773 0.968634 0.172454
49 0.498757 0.480035 0.985025 0.364005
12 0.494073 0.47338 0.980341 0.37963
110 0.498757 0.480035 0.985025 0.364005
101 0.500318 0.941551 0.975658 0.116898
95 0.498757 0.480035 0.985025 0.364005
101 0.491342 0.473958 0.967073 0.378472
77 0.498757 0.479745 0.985025 0.364583
102 0.498757 0.479745 0.985025 0.364583
101 0.510855 0.911748 0.967073 0.176505
109 0.498757 0.479745 0.985025 0.364583
110 0.498757 0.479745 0.985025 0.364583
49 0.498757 0.479745 0.985025 0.364583
12 0.494073 0.47309 0.980341 0.380208
95 0.498757 0.479745 0.985025 0.364583
101 0.493683 0.472801 0.979561 0.37963
77 0.507733 0.484375 0.968633 0.355324
101 0.511245 0.913194 0.966292 0.173611
102 0.498757 0.479456 0.985025 0.365162
109 0.498757 0.479456 0.985025 0.365162
110 0.498757 0.479456 0.985025 0.365162
49 0.498757 0.479456 0.985025 0.365162
12 0.493683 0.472801 0.979561 0.37963
95 0.498757 0.479456 0.985025 0.365162
101 0.491732 0.474537 0.967853 0.377315
77 0.507342 0.484664 0.967853 0.355903
101 0.511245 0.913773 0.966292 0.172454
102 0.498757 0.479745 0.985025 0.365741
109 0.498757 0.479745 0.985025 0.365741
110 0.498757 0.479745 0.985025 0.365741
49 0.498757 0.479745 0.985025 0.365741
12 0.494073 0.47338 0.97878 0.378472
95 0.498757 0.479745 0.985025 0.365741
101 0.493293 0.473669 0.97878 0.379051
77 0.507733 0.484954 0.968633 0.355324
101 0.511635 0.913194 0.965512 0.173611
102 0.498366 0.479456 0.985805 0.366319
109 0.498366 0.479456 0.985805 0.366319
110 0.498366 0.479456 0.985805 0.366319
49 0.498366 0.479456 0.985805 0.366319
12 0.493293 0.473669 0.97878 0.379051
95 0.498366 0.479456 0.985805 0.366319
101 0.494073 0.47338 0.97878 0.378472
77 0.508123 0.484954 0.969414 0.355324
102 0.498757 0.479745 0.985025 0.365741
101 0.512025 0.913773 0.964731 0.172454
109 0.498757 0.479745 0.985025 0.365741
110 0.498757 0.479745 0.985025 0.365741
101 0.502659 0.943287 0.974097 0.113426
49 0.498757 0.479745 0.985025 0.365741
20 0.30382 0.306713 0.60764 0.613426
95 0.498757 0.479745 0.985025 0.365741
101 0.493293 0.473669 0.97878 0.379051
77 0.508123 0.484954 0.969414 0.355324
102 0.498757 0.480035 0.986586 0.366319
101 0.511635 0.914352 0.965512 0.171296
109 0.498757 0.480035 0.986586 0.366319
110 0.498757 0.480035 0.986586 0.366319
101 0.502659 0.945023 0.974097 0.109954
49 0.498757 0.480035 0.986586 0.366319
20 0.303625 0.304398 0.60725 0.608796
95 0.498757 0.480035 0.986586 0.366319
68 0.498757 0.480035 0.986586 0.366319
101 0.493683 0.473669 0.978 0.379051
77 0.507733 0.485532 0.968633 0.355324
101 0.511245 0.913773 0.966292 0.172454
102 0.498757 0.479745 0.985025 0.365741
109 0.498757 0.479745 0.985025 0.365741
101 0.502659 0.944444 0.974097 0.111111
110 0.498757 0.479745 0.985025 0.365741
49 0.498757 0.479745 0.985025 0.365741
20 0.302844 0.303819 0.605689 0.607639
101 0.493293 0.473669 0.977219 0.379051
77 0.507733 0.484954 0.968633 0.355324
101 0.511245 0.913773 0.966292 0.172454
102 0.498757 0.480035 0.985025 0.366319
109 0.498757 0.480035 0.985025 0.366319
101 0.502659 0.945602 0.972536 0.108796
110 0.498757 0.480035 0.985025 0.366319
49 0.498757 0.480035 0.985025 0.366319
101 0.491732 0.475694 0.967853 0.376157
77 0.507342 0.485243 0.967853 0.354745
101 0.510855 0.914931 0.967073 0.170139
102 0.498757 0.480324 0.985025 0.365741
109 0.498757 0.480324 0.985025 0.365741
101 0.503049 0.946759 0.973317 0.106481
110 0.498757 0.480324 0.985025 0.365741
49 0.498757 0.480324 0.985025 0.365741
12 0.496415 0.474537 0.980341 0.377315
101 0.491732 0.475694 0.967853 0.376157
77 0.506952 0.485532 0.968634 0.355324
101 0.510855 0.916088 0.967073 0.167824
102 0.497976 0.480324 0.985025 0.365741
109 0.497976 0.480324 0.985025 0.365741
101 0.502659 0.947049 0.972536 0.105903
49 0.497976 0.480324 0.985025 0.365741
110 0.497976 0.480324 0.985025 0.365741
12 0.496415 0.474537 0.980341 0.377315
101 0.491732 0.475984 0.967853 0.375579
77 0.507342 0.484954 0.967853 0.355324
102 0.497976 0.480324 0.985025 0.365741
101 0.511245 0.916667 0.966292 0.166667
109 0.497976 0.480324 0.985025 0.365741
101 0.502659 0.948206 0.972536 0.103588
49 0.497976 0.480324 0.985025 0.365741
110 0.497976 0.480324 0.985025 0.365741
101 0.491732 0.475984 0.967853 0.375579
77 0.506562 0.484954 0.967853 0.355324
102 0.497976 0.480324 0.983464 0.365741
101 0.510855 0.917245 0.965511 0.165509
109 0.497976 0.480324 0.983464 0.365741
101 0.502659 0.948495 0.970975 0.103009
49 0.497976 0.480324 0.983464 0.365741
110 0.497976 0.480324 0.983464 0.365741
12 0.495244 0.474826 0.979561 0.376736
101 0.491732 0.475694 0.967853 0.376157
77 0.506562 0.484954 0.967853 0.355324
102 0.497976 0.480324 0.983464 0.365741
101 0.510464 0.917245 0.964731 0.165509
109 0.497976 0.480324 0.983464 0.365741
101 0.502659 0.948495 0.970975 0.103009
12 0.495244 0.474537 0.979561 0.377315
49 0.497976 0.480324 0.983464 0.365741
110 0.497976 0.480324 0.983464 0.365741
101 0.491342 0.475694 0.968633 0.376157
77 0.506562 0.484954 0.967853 0.355324
102 0.497976 0.480324 0.983464 0.365741
101 0.510464 0.916667 0.964731 0.166667
109 0.497976 0.480324 0.983464 0.365741
12 0.494854 0.474537 0.97878 0.377315
101 0.502659 0.947917 0.970975 0.104167
49 0.497976 0.480324 0.983464 0.365741
101 0.491732 0.475694 0.967853 0.376157
77 0.505781 0.484954 0.967853 0.355324
102 0.497976 0.480324 0.983464 0.365741
101 0.509684 0.914931 0.966292 0.170139
109 0.497976 0.480324 0.983464 0.365741
12 0.494854 0.474537 0.97878 0.377315
101 0.502269 0.947338 0.971756 0.105324
49 0.497976 0.480324 0.983464 0.365741
101 0.491732 0.475694 0.967853 0.376157
77 0.505781 0.484954 0.967853 0.355324
102 0.497976 0.480324 0.983464 0.365741
101 0.509294 0.914352 0.967073 0.171296
109 0.497976 0.480324 0.983464 0.365741
12 0.494854 0.474537 0.97878 0.377315
101 0.501879 0.947338 0.970975 0.105324
49 0.497976 0.480324 0.983464 0.365741
101 0.491342 0.475984 0.968633 0.375579
77 0.497586 0.480324 0.982683 0.365741
102 0.497586 0.480324 0.982683 0.365741
101 0.508903 0.913773 0.967853 0.172454
109 0.497586 0.480324 0.982683 0.365741
12 0.494464 0.474826 0.978 0.376736
101 0.501879 0.947338 0.972536 0.105324
49 0.497586 0.480324 0.982683 0.365741
101 0.490951 0.475984 0.967853 0.375579
77 0.497195 0.480613 0.981902 0.365162
102 0.497195 0.480613 0.981902 0.365162
101 0.508513 0.913773 0.968634 0.172454
109 0.497195 0.480613 0.981902 0.365162
12 0.494073 0.474537 0.97878 0.377315
101 0.501098 0.947338 0.972536 0.105324
49 0.497195 0.480613 0.981902 0.365162
101 0.490951 0.475984 0.967853 0.375579
77 0.497195 0.480613 0.981902 0.365162
102 0.497195 0.480613 0.981902 0.365162
101 0.508123 0.913194 0.969414 0.173611
109 0.497195 0.480613 0.981902 0.365162
12 0.494854 0.474537 0.97878 0.377315
101 0.501098 0.947338 0.972536 0.105324
49 0.497195 0.480613 0.981902 0.365162
101 0.491342 0.475694 0.967073 0.376157
77 0.497195 0.480324 0.981902 0.365741
102 0.497195 0.480324 0.981902 0.365741
101 0.508123 0.913773 0.969414 0.172454
109 0.497195 0.480324 0.981902 0.365741
12 0.494854 0.474537 0.97878 0.377315
101 0.501098 0.948495 0.972536 0.103009
101 0.491342 0.475694 0.967073 0.377315
77 0.497586 0.480903 0.981122 0.365741
102 0.497586 0.480903 0.981122 0.365741
101 0.507733 0.913773 0.970195 0.172454
109 0.497586 0.480903 0.981122 0.365741
12 0.495244 0.474537 0.979561 0.377315
101 0.500708 0.949074 0.973317 0.101852
101 0.491342 0.475405 0.967073 0.376736
77 0.497586 0.480613 0.981122 0.366319
102 0.497586 0.480613 0.981122 0.366319
101 0.507342 0.914062 0.969414 0.171875
109 0.497586 0.480613 0.981122 0.366319
101 0.500708 0.948785 0.973317 0.102431
12 0.495244 0.474537 0.979561 0.378472
101 0.490951 0.475405 0.966292 0.377894
77 0.497586 0.480613 0.981122 0.366319
102 0.497586 0.480613 0.981122 0.366319
101 0.506952 0.914352 0.970195 0.171296
109 0.497586 0.480613 0.981122 0.366319
101 0.500318 0.948495 0.974097 0.103009
12 0.495244 0.474248 0.979561 0.377894
101 0.490951 0.475116 0.966292 0.377315
77 0.497586 0.480324 0.981122 0.366898
102 0.497586 0.480324 0.981122 0.366898
101 0.506562 0.914641 0.970975 0.170718
109 0.497586 0.480324 0.981122 0.366898
101 0.500318 0.948206 0.974097 0.103588
12 0.495244 0.474537 0.979561 0.378472
101 0.491342 0.474826 0.965511 0.377894
102 0.497586 0.480324 0.981122 0.366898
77 0.497586 0.480324 0.981122 0.366898
101 0.506172 0.914641 0.970195 0.170718
109 0.497586 0.480324 0.981122 0.366898
101 0.500318 0.948785 0.974097 0.102431
12 0.495244 0.474248 0.979561 0.379051
101 0.490951 0.475116 0.966292 0.378472
102 0.497586 0.480035 0.981122 0.366319
77 0.497586 0.480035 0.981122 0.366319
101 0.505781 0.914931 0.970975 0.170139
109 0.497586 0.480035 0.981122 0.366319
101 0.500318 0.949074 0.974097 0.101852
12 0.495244 0.474248 0.979561 0.379051
101 0.490951 0.475116 0.966292 0.378472
102 0.497586 0.480035 0.981122 0.366319
77 0.497586 0.480035 0.981122 0.366319
101 0.505781 0.914352 0.970975 0.171296
109 0.497586 0.480035 0.981122 0.366319
101 0.499927 0.949074 0.974878 0.101852
12 0.495244 0.473958 0.979561 0.378472
101 0.490951 0.474826 0.966292 0.377894
102 0.497586 0.480324 0.981122 0.366898
77 0.497586 0.480324 0.981122 0.366898
101 0.505391 0.914931 0.971756 0.170139
109 0.497586 0.480324 0.981122 0.366898
101 0.499927 0.949363 0.974878 0.101273
101 0.490951 0.474826 0.966292 0.377894
102 0.497586 0.480035 0.981122 0.366319
77 0.497586 0.480035 0.981122 0.366319
101 0.505001 0.914931 0.972536 0.170139
109 0.497586 0.480035 0.981122 0.366319
101 0.499537 0.949653 0.975658 0.100694
101 0.490951 0.475116 0.966292 0.377315
102 0.497195 0.480035 0.980341 0.366319
77 0.497195 0.480035 0.980341 0.366319
101 0.505001 0.914931 0.972536 0.170139
109 0.497195 0.480035 0.980341 0.366319
101 0.500318 0.949074 0.975658 0.101852
101 0.491342 0.475116 0.965511 0.377315
102 0.496805 0.480035 0.979561 0.366319
77 0.496805 0.480035 0.979561 0.366319
101 0.505001 0.914352 0.972536 0.171296
109 0.496805 0.480035 0.979561 0.366319
101 0.500318 0.949653 0.975658 0.100694
12 0.495244 0.474248 0.979561 0.377894
101 0.491732 0.474826 0.964731 0.377894
77 0.497195 0.480035 0.97878 0.366319
102 0.497195 0.480035 0.97878 0.366319
101 0.505001 0.914352 0.972536 0.171296
109 0.497195 0.480035 0.97878 0.366319
101 0.500318 0.949653 0.975658 0.100694
12 0.495244 0.474537 0.979561 0.378472
101 0.492122 0.474826 0.967072 0.375579
77 0.497586 0.480035 0.979561 0.366319
102 0.497586 0.480035 0.979561 0.366319
101 0.505001 0.914352 0.972536 0.171296
109 0.497586 0.480035 0.979561 0.366319
101 0.500318 0.950231 0.975658 0.099537
12 0.495244 0.474248 0.979561 0.377894
101 0.491732 0.474826 0.966292 0.375579
77 0.497195 0.480035 0.97878 0.366319
102 0.497195 0.480035 0.97878 0.366319
101 0.505001 0.914641 0.972536 0.170718
109 0.497195 0.480035 0.97878 0.366319
101 0.500318 0.950231 0.975658 0.099537
12 0.495634 0.474248 0.980341 0.377894
101 0.492512 0.474826 0.966292 0.375579
77 0.497195 0.480035 0.97878 0.366319
102 0.497195 0.480035 0.97878 0.366319
101 0.50422 0.914641 0.972536 0.170718
109 0.497195 0.480035 0.97878 0.366319
101 0.499537 0.95081 0.975658 0.0983796
12 0.495634 0.474248 0.980341 0.377894
101 0.492122 0.474826 0.965512 0.375579
77 0.497195 0.480035 0.97878 0.366319
102 0.497195 0.480035 0.97878 0.366319
101 0.50422 0.914641 0.972536 0.170718
109 0.497195 0.480035 0.97878 0.366319
101 0.499537 0.95081 0.975658 0.0983796
12 0.496025 0.474248 0.981122 0.377894
101 0.492512 0.474826 0.966292 0.375579
77 0.497195 0.479745 0.97878 0.366898
102 0.497195 0.479745 0.97878 0.366898
101 0.50422 0.914641 0.972536 0.170718
109 0.497195 0.479745 0.97878 0.366898
101 0.499537 0.951389 0.975658 0.0972222
12 0.495634 0.474248 0.980341 0.377894
101 0.492512 0.475116 0.966292 0.376157
77 0.497195 0.479745 0.97878 0.366898
102 0.497195 0.479745 0.97878 0.366898
101 0.50422 0.914641 0.972536 0.170718
109 0.497195 0.479745 0.97878 0.366898
101 0.499927 0.951389 0.974878 0.0972222
12 0.496415 0.474248 0.980341 0.377894
101 0.492512 0.475116 0.966292 0.376157
77 0.497195 0.479745 0.97878 0.366898
102 0.497195 0.479745 0.97878 0.366898
101 0.50422 0.914062 0.972536 0.171875
109 0.497195 0.479745 0.97878 0.366898
101 0.499927 0.951678 0.974878 0.0966435
12 0.496415 0.473958 0.980341 0.378472
101 0.492512 0.475116 0.966292 0.376157
77 0.497195 0.479745 0.97878 0.366898
102 0.497195 0.479745 0.97878 0.366898
101 0.50422 0.913484 0.972536 0.173032
109 0.497195 0.479745 0.97878 0.366898
12 0.496415 0.473958 0.980341 0.378472
101 0.500318 0.951968 0.974097 0.0960648
101 0.492512 0.475116 0.966292 0.376157
77 0.497195 0.479745 0.97878 0.366898
102 0.497195 0.479745 0.97878 0.366898
101 0.505001 0.912905 0.970975 0.17419
109 0.497195 0.479745 0.97878 0.366898
101 0.500708 0.951678 0.974878 0.0966435
12 0.496415 0.473958 0.980341 0.378472
101 0.492512 0.474826 0.966292 0.376736
77 0.497195 0.479745 0.97878 0.366898
102 0.497195 0.479745 0.97878 0.366898
101 0.505001 0.912037 0.970975 0.175926
109 0.497195 0.479745 0.97878 0.366898
101 0.500708 0.951678 0.974878 0.0966435
12 0.496415 0.473958 0.980341 0.378472
101 0.492903 0.474826 0.965511 0.376736
77 0.497586 0.479745 0.978 0.366898
102 0.497586 0.479745 0.978 0.366898
101 0.50461 0.911458 0.971756 0.177083
109 0.497586 0.479745 0.978 0.366898
101 0.501098 0.951678 0.974097 0.0966435
12 0.496415 0.473958 0.980341 0.378472
101 0.492903 0.475116 0.965511 0.376157
77 0.497586 0.479745 0.978 0.366898
102 0.497586 0.479745 0.978 0.366898
101 0.50461 0.91088 0.971756 0.178241
109 0.497586 0.479745 0.978 0.366898
101 0.501098 0.951678 0.974097 0.0966435
12 0.496415 0.473958 0.980341 0.378472
101 0.493293 0.475116 0.964731 0.376157
77 0.497976 0.479745 0.977219 0.366898
102 0.497976 0.479745 0.977219 0.366898
101 0.505001 0.91088 0.972536 0.178241
109 0.497976 0.479745 0.977219 0.366898
101 0.501098 0.951678 0.974097 0.0966435
101 0.493293 0.475116 0.964731 0.376157
77 0.497976 0.479745 0.977219 0.366898
102 0.497976 0.479745 0.977219 0.366898
101 0.50422 0.91088 0.972536 0.178241
109 0.497976 0.479745 0.977219 0.366898
101 0.501098 0.951389 0.974097 0.0972222
101 0.493293 0.475116 0.964731 0.376157
102 0.497976 0.479745 0.977219 0.366898
77 0.497976 0.479745 0.977219 0.366898
101 0.50461 0.911169 0.971756 0.177662
109 0.497976 0.479745 0.977219 0.366898
101 0.501098 0.951389 0.974097 0.0972222
101 0.493293 0.475116 0.964731 0.376157
102 0.497976 0.479745 0.977219 0.366898
77 0.497976 0.479745 0.977219 0.366898
101 0.50461 0.91059 0.971756 0.178819
109 0.497976 0.479745 0.977219 0.366898
101 0.501098 0.951099 0.974097 0.0978009
101 0.493293 0.475116 0.964731 0.376157
102 0.497976 0.479745 0.977219 0.366898
77 0.497976 0.479745 0.977219 0.366898
101 0.50422 0.91088 0.972536 0.178241
101 0.501098 0.95081 0.974097 0.0983796
109 0.497976 0.479745 0.977219 0.366898
101 0.493293 0.475116 0.964731 0.376157
102 0.497976 0.479745 0.977219 0.366898
77 0.497976 0.479745 0.977219 0.366898
101 0.50422 0.910301 0.972536 0.179398
101 0.501098 0.950521 0.974097 0.0989584
109 0.497976 0.479745 0.977219 0.366898
101 0.493293 0.475116 0.964731 0.376157
102 0.497976 0.479745 0.977219 0.366898
77 0.497976 0.479745 0.977219 0.366898
101 0.50422 0.910301 0.972536 0.179398
101 0.501098 0.950521 0.974097 0.0989584
109 0.497976 0.479745 0.977219 0.366898
101 0.493293 0.475116 0.964731 0.376157
102 0.498366 0.480324 0.978 0.366898
77 0.498366 0.480324 0.978 0.366898
101 0.50422 0.910012 0.972536 0.179977
101 0.501098 0.950521 0.974097 0.0989584
101 0.493293 0.475116 0.964731 0.376157
102 0.498366 0.480324 0.978 0.366898
77 0.498366 0.480324 0.978 0.366898
101 0.50422 0.909722 0.970975 0.180556
101 0.501488 0.950521 0.973317 0.0989584
101 0.493293 0.475116 0.964731 0.376157
102 0.498757 0.480324 0.977219 0.366898
77 0.498757 0.480324 0.977219 0.366898
101 0.50422 0.909144 0.972536 0.181713
101 0.501488 0.950521 0.973317 0.0989584
101 0.493293 0.475116 0.964731 0.376157
102 0.498757 0.480324 0.977219 0.366898
77 0.498757 0.480324 0.977219 0.366898
101 0.50383 0.908854 0.971756 0.182292
101 0.501488 0.950521 0.973317 0.0989584
101 0.493293 0.475116 0.964731 0.376157
102 0.498366 0.480324 0.978 0.366898
77 0.498366 0.480324 0.978 0.366898
101 0.50344 0.908275 0.972536 0.183449
101 0.501488 0.95081 0.973317 0.0983796
101 0.493293 0.475116 0.964731 0.376157
102 0.498757 0.480324 0.977219 0.366898
77 0.498757 0.480324 0.977219 0.366898
101 0.50383 0.907697 0.971756 0.184606
101 0.501098 0.950521 0.974097 0.0989584
12 0.484317 0.472222 0.957706 0.37963
101 0.493293 0.475405 0.964731 0.375579
102 0.498756 0.480324 0.97878 0.366898
77 0.498756 0.480324 0.97878 0.366898
101 0.50344 0.907697 0.972536 0.184606
101 0.501488 0.95081 0.973317 0.0983796
12 0.483927 0.472222 0.956926 0.37963
101 0.493293 0.475405 0.964731 0.375579
102 0.498757 0.480324 0.977219 0.366898
77 0.498757 0.480324 0.977219 0.366898
101 0.50344 0.907407 0.972536 0.185185
101 0.501488 0.95081 0.973317 0.0983796
12 0.483927 0.472222 0.956926 0.37963
101 0.493293 0.475405 0.964731 0.375579
102 0.499147 0.480324 0.978 0.366898
77 0.499147 0.480324 0.978 0.366898
101 0.50344 0.906539 0.972536 0.186921
101 0.501098 0.95081 0.974097 0.0983796
12 0.483536 0.472222 0.956145 0.37963
101 0.493683 0.475405 0.96395 0.375579
102 0.499147 0.480324 0.978 0.366898
77 0.499147 0.480324 0.978 0.366898
101 0.50344 0.905382 0.972536 0.189236
101 0.501098 0.95081 0.974097 0.0983796
12 0.483536 0.472222 0.956145 0.37963
101 0.493683 0.475405 0.96395 0.375579
102 0.499537 0.480324 0.977219 0.366898
77 0.499537 0.480324 0.977219 0.366898
101 0.50344 0.904803 0.972536 0.190394
101 0.501488 0.951389 0.973317 0.0972222
12 0.483536 0.472222 0.956145 0.37963
101 0.493683 0.475405 0.96395 0.375579
102 0.499537 0.480324 0.977219 0.366898
77 0.499537 0.480324 0.977219 0.366898
101 0.50344 0.904225 0.972536 0.191551
101 0.501879 0.951389 0.972536 0.0972222
12 0.483536 0.472222 0.956145 0.37963
101 0.494073 0.475694 0.96317 0.375
102 0.499537 0.480613 0.977219 0.366319
77 0.499537 0.480613 0.977219 0.366319
101 0.50344 0.903935 0.972536 0.19213
101 0.501879 0.951389 0.972536 0.0972222
12 0.483927 0.472222 0.956926 0.37963
101 0.494073 0.475405 0.96317 0.375579
102 0.499537 0.480324 0.977219 0.366898
77 0.499537 0.480324 0.977219 0.366898
101 0.50344 0.903356 0.972536 0.193287
101 0.501879 0.951389 0.972536 0.0972222
101 0.494073 0.475405 0.96317 0.375579
102 0.499537 0.480324 0.977219 0.366898
77 0.499537 0.480324 0.977219 0.366898
101 0.50344 0.902778 0.972536 0.194444
101 0.501879 0.951968 0.972536 0.0960648
101 0.494073 0.475405 0.96317 0.375579
102 0.499537 0.480324 0.977219 0.366898
77 0.499537 0.480324 0.977219 0.366898
101 0.50344 0.902199 0.972536 0.195602
101 0.501879 0.951968 0.972536 0.0960648
101 0.494073 0.475694 0.96317 0.376157
102 0.499537 0.480324 0.977219 0.366898
77 0.499537 0.480324 0.977219 0.366898
101 0.50344 0.902199 0.972536 0.195602
101 0.501879 0.951389 0.972536 0.0972222
101 0.494073 0.475694 0.96317 0.376157
102 0.499537 0.480324 0.977219 0.366898
77 0.499537 0.480324 0.977219 0.366898
101 0.50344 0.90162 0.972536 0.196759
101 0.501879 0.951389 0.972536 0.0972222
101 0.494073 0.475405 0.96317 0.375579
102 0.499537 0.480324 0.977219 0.366898
77 0.499537 0.480324 0.977219 0.366898
101 0.501879 0.951389 0.972536 0.0972222
101 0.50344 0.90162 0.972536 0.196759
101 0.494073 0.475694 0.96317 0.376157
102 0.499537 0.480613 0.977219 0.367477
77 0.499537 0.480613 0.977219 0.367477
101 0.501879 0.950231 0.972536 0.099537
101 0.50383 0.901042 0.971756 0.197917
101 0.494073 0.475694 0.96317 0.376157
102 0.499537 0.480613 0.977219 0.367477
77 0.499537 0.480613 0.977219 0.367477
101 0.50422 0.901042 0.970975 0.197917
101 0.501879 0.950231 0.972536 0.099537
101 0.494073 0.475694 0.96317 0.375
102 0.499537 0.480613 0.977219 0.367477
77 0.499537 0.480613 0.977219 0.367477
101 0.50422 0.900463 0.970975 0.199074
101 0.501879 0.950231 0.972536 0.099537
101 0.494073 0.476273 0.96317 0.375
102 0.499537 0.480903 0.977219 0.366898
77 0.499537 0.480903 0.977219 0.366898
101 0.50422 0.900463 0.970975 0.199074
101 0.501879 0.950231 0.972536 0.099537
76 0.0752233 0.923611 0.150447 0.152778
101 0.494073 0.476273 0.96317 0.375
102 0.499537 0.480903 0.977219 0.366898
77 0.499537 0.480903 0.977219 0.366898
101 0.50422 0.900463 0.970975 0.199074
101 0.502269 0.950521 0.971756 0.0989584
76 0.0752233 0.923611 0.150447 0.152778
101 0.494073 0.475694 0.96317 0.375
102 0.499927 0.480903 0.976439 0.366898
77 0.499927 0.480903 0.976439 0.366898
76 0.0752233 0.923611 0.150447 0.152778
101 0.50422 0.900463 0.970975 0.199074
101 0.502269 0.95081 0.971756 0.0983796
101 0.493683 0.476273 0.96395 0.375
102 0.499537 0.480903 0.977219 0.366898
77 0.499537 0.480903 0.977219 0.366898
76 0.0752233 0.923611 0.150447 0.152778
101 0.50422 0.900463 0.970975 0.199074
101 0.502269 0.951099 0.971756 0.0978009
101 0.494073 0.476273 0.96317 0.375
102 0.499927 0.480903 0.976439 0.366898
77 0.499927 0.480903 0.976439 0.366898
76 0.0752233 0.923611 0.150447 0.152778
101 0.50422 0.900463 0.970975 0.199074
101 0.502659 0.95081 0.972536 0.0983796
101 0.494073 0.476273 0.96317 0.375
102 0.499927 0.480903 0.976439 0.366898
77 0.499927 0.480903 0.976439 0.366898
76 0.0752233 0.923611 0.150447 0.152778
101 0.505001 0.899884 0.969414 0.200231
101 0.502659 0.950521 0.972536 0.0989584
101 0.493683 0.476273 0.96395 0.375
102 0.499927 0.480903 0.976439 0.366898
77 0.499927 0.480903 0.976439 0.366898
76 0.075272 0.923611 0.150544 0.152778
101 0.505001 0.899306 0.969414 0.201389
101 0.502659 0.950231 0.972536 0.099537
101 0.493683 0.476273 0.96395 0.375
102 0.499927 0.480903 0.976439 0.366898
77 0.499927 0.480903 0.976439 0.366898
76 0.0752233 0.923611 0.150447 0.152778
101 0.505001 0.898148 0.969414 0.203704
101 0.503049 0.950231 0.971756 0.099537
101 0.493683 0.476273 0.96395 0.375
102 0.499927 0.480903 0.976439 0.366898
77 0.499927 0.480903 0.976439 0.366898
76 0.0752233 0.923611 0.150447 0.152778
101 0.505001 0.896991 0.969414 0.206019
101 0.502659 0.949653 0.972536 0.100694
101 0.493683 0.476273 0.96395 0.375
102 0.499927 0.480903 0.976439 0.366898
77 0.499927 0.480903 0.976439 0.366898
76 0.0753208 0.923611 0.150642 0.152778
101 0.502659 0.949653 0.972536 0.100694
101 0.50461 0.896991 0.970195 0.206019
101 0.493683 0.476273 0.96395 0.375
102 0.499927 0.480903 0.976439 0.366898
77 0.499927 0.480903 0.976439 0.366898
76 0.0754184 0.923611 0.150837 0.152778
101 0.502659 0.949653 0.972536 0.100694
101 0.505001 0.896991 0.969414 0.206019
101 0.493683 0.476273 0.96395 0.375
102 0.499927 0.480903 0.976439 0.366898
77 0.499927 0.480903 0.976439 0.366898
76 0.075516 0.923611 0.151032 0.152778
101 0.502659 0.949074 0.972536 0.101852
101 0.505391 0.895833 0.970195 0.208333
101 0.493293 0.476273 0.964731 0.375
102 0.499927 0.480903 0.976439 0.366898
77 0.499927 0.480903 0.976439 0.366898
76 0.075516 0.923611 0.151032 0.152778
101 0.50344 0.949074 0.972536 0.101852
101 0.493293 0.476273 0.964731 0.375
102 0.499537 0.480903 0.977219 0.366898
77 0.499537 0.480903 0.977219 0.366898
76 0.075516 0.923611 0.151032 0.152778
101 0.897678 0.923611 0.204643 0.152778
101 0.502659 0.949653 0.972536 0.100694
101 0.493293 0.476273 0.964731 0.375
102 0.499537 0.480903 0.977219 0.366898
77 0.499537 0.480903 0.977219 0.366898
76 0.0755647 0.923611 0.151129 0.152778
101 0.897678 0.923611 0.204643 0.152778
101 0.502659 0.949653 0.972536 0.100694
101 0.493293 0.476273 0.964731 0.375
102 0.499537 0.480903 0.977219 0.366898
77 0.499537 0.480903 0.977219 0.366898
76 0.0756135 0.923611 0.151227 0.152778
101 0.897678 0.923611 0.204643 0.152778
101 0.493293 0.476273 0.964731 0.375
102 0.499537 0.480903 0.977219 0.366898
77 0.499537 0.480903 0.977219 0.366898
76 0.0757111 0.923611 0.151422 0.152778
101 0.897678 0.923611 0.204643 0.152778
101 0.493293 0.476273 0.964731 0.375
102 0.499537 0.480903 0.977219 0.366898
77 0.499537 0.480903 0.977219 0.366898
76 0.0757111 0.923611 0.151422 0.152778
101 0.897678 0.923611 0.204643 0.152778
49 0.0757111 0.923611 0.151422 0.152778
101 0.493293 0.476273 0.964731 0.375
102 0.499537 0.480903 0.977219 0.366898
77 0.499537 0.480903 0.977219 0.366898
76 0.0757599 0.923611 0.15152 0.152778
101 0.897678 0.923611 0.204643 0.152778
49 0.0757599 0.923611 0.15152 0.152778
101 0.493293 0.476273 0.964731 0.375
102 0.499537 0.480903 0.977219 0.366898
77 0.499537 0.480903 0.977219 0.366898
76 0.0758087 0.923611 0.151617 0.152778
101 0.897288 0.923611 0.205424 0.152778
49 0.0758087 0.923611 0.151617 0.152778
101 0.50344 0.95081 0.972536 0.0983796
101 0.493293 0.476273 0.964731 0.375
102 0.499537 0.480903 0.977219 0.366898
77 0.499537 0.480903 0.977219 0.366898
101 0.897288 0.923611 0.205424 0.152778
76 0.0759062 0.923611 0.151812 0.152778
49 0.0759062 0.923611 0.151812 0.152778
101 0.50383 0.951389 0.971756 0.0972222
101 0.493293 0.476273 0.964731 0.375
102 0.499537 0.480903 0.977219 0.366898
101 0.897288 0.923611 0.205424 0.152778
77 0.499537 0.480903 0.977219 0.366898
76 0.0757111 0.923611 0.151422 0.152778
49 0.0757111 0.923611 0.151422 0.152778
101 0.50344 0.951389 0.972536 0.0972222
101 0.493293 0.476273 0.964731 0.375
102 0.499537 0.480903 0.977219 0.366898
101 0.897288 0.923032 0.205424 0.153935
77 0.499537 0.480903 0.977219 0.366898
76 0.0757599 0.923611 0.15152 0.152778
101 0.50344 0.951389 0.970975 0.0972222
101 0.493293 0.476273 0.964731 0.375
102 0.499537 0.480903 0.977219 0.366898
101 0.897288 0.923032 0.205424 0.153935
77 0.499537 0.480903 0.977219 0.366898
76 0.0758087 0.923611 0.151617 0.152778
101 0.50422 0.951389 0.970975 0.0972222
101 0.493293 0.475984 0.964731 0.374421
102 0.499537 0.480903 0.977219 0.366898
101 0.897288 0.923032 0.205424 0.153935
77 0.499537 0.480903 0.977219 0.366898
76 0.0758574 0.923611 0.151715 0.152778
101 0.50344 0.951389 0.970975 0.0972222
101 0.492903 0.475984 0.965511 0.374421
102 0.499537 0.480613 0.977219 0.366319
101 0.897288 0.923032 0.205424 0.153935
77 0.499537 0.480613 0.977219 0.366319
76 0.075955 0.923611 0.15191 0.152778
101 0.50344 0.951389 0.970975 0.0972222
101 0.492903 0.475984 0.965511 0.374421
102 0.499537 0.480613 0.977219 0.366319
101 0.897288 0.923032 0.205424 0.153935
77 0.499537 0.480613 0.977219 0.366319
76 0.0760038 0.923611 0.152008 0.152778
101 0.50422 0.951099 0.970975 0.0978009
101 0.492903 0.475984 0.965511 0.374421
102 0.499537 0.480613 0.977219 0.366319
101 0.897288 0.922454 0.205424 0.155093
77 0.499537 0.480613 0.977219 0.366319
76 0.0761013 0.923611 0.152203 0.152778
101 0.50383 0.95081 0.971756 0.0983796
101 0.492903 0.475984 0.965511 0.374421
102 0.499537 0.480613 0.977219 0.366319
101 0.897288 0.922454 0.205424 0.155093
77 0.499537 0.480613 0.977219 0.366319
76 0.0761013 0.923032 0.152203 0.153935
101 0.50344 0.95081 0.970975 0.0983796
101 0.492903 0.475984 0.965511 0.374421
102 0.499537 0.480613 0.977219 0.366319
101 0.897288 0.922454 0.205424 0.155093
77 0.499537 0.480613 0.977219 0.366319
76 0.0761501 0.923032 0.1523 0.153935
101 0.50383 0.95081 0.971756 0.0983796
101 0.492512 0.475984 0.966292 0.374421
102 0.499537 0.480613 0.977219 0.366319
101 0.897288 0.922454 0.205424 0.155093
76 0.0761989 0.923032 0.152398 0.153935
77 0.499537 0.480613 0.977219 0.366319
101 0.50383 0.951389 0.971756 0.0972222
101 0.492512 0.475694 0.966292 0.375
102 0.499537 0.480613 0.977219 0.366319
101 0.896898 0.922454 0.206204 0.155093
76 0.0761989 0.922454 0.152398 0.155093
77 0.499537 0.480613 0.977219 0.366319
101 0.50422 0.951389 0.970975 0.0972222
101 0.492903 0.475694 0.965511 0.375
102 0.499537 0.480613 0.977219 0.366319
101 0.896898 0.922454 0.206204 0.155093
76 0.0762965 0.922454 0.152593 0.155093
77 0.499537 0.480613 0.977219 0.366319
101 0.50383 0.951099 0.971756 0.0978009
101 0.492903 0.475694 0.965511 0.375
101 0.896898 0.921875 0.206204 0.15625
102 0.499537 0.480613 0.977219 0.366319
76 0.0763453 0.922454 0.152691 0.155093
77 0.499537 0.480613 0.977219 0.366319
101 0.50383 0.951389 0.971756 0.0972222
101 0.492903 0.475694 0.965511 0.375
101 0.896898 0.922454 0.206204 0.155093
102 0.499537 0.480613 0.977219 0.366319
76 0.076394 0.922454 0.152788 0.155093
77 0.499537 0.480613 0.977219 0.366319
101 0.50383 0.951099 0.971756 0.0978009
101 0.492903 0.475694 0.965511 0.375
101 0.896898 0.922454 0.206204 0.155093
102 0.499537 0.480613 0.977219 0.366319
76 0.0764916 0.922454 0.152983 0.155093
77 0.499537 0.480613 0.977219 0.366319
101 0.50383 0.951099 0.971756 0.0978009
101 0.492903 0.475694 0.965511 0.375
101 0.896898 0.922454 0.206204 0.155093
102 0.499537 0.480613 0.977219 0.366319
76 0.0765404 0.922454 0.153081 0.155093
77 0.499537 0.480613 0.977219 0.366319
101 0.50383 0.95081 0.971756 0.0983796
101 0.492903 0.475694 0.965511 0.375
101 0.896898 0.921875 0.206204 0.15625
102 0.499537 0.480324 0.977219 0.366898
76 0.0765404 0.921875 0.153081 0.15625
77 0.499537 0.480324 0.977219 0.366898
101 0.50383 0.95081 0.971756 0.0983796
101 0.492903 0.475694 0.965511 0.375
101 0.896898 0.921875 0.206204 0.15625
102 0.499537 0.480324 0.977219 0.366898
76 0.0766867 0.921875 0.153373 0.15625
77 0.499537 0.480324 0.977219 0.366898
101 0.50383 0.950521 0.971756 0.0989584
101 0.492903 0.475694 0.965511 0.375
101 0.896898 0.922454 0.206204 0.155093
102 0.499537 0.480324 0.977219 0.366898
76 0.0768331 0.921875 0.153666 0.15625
77 0.499537 0.480324 0.977219 0.366898
101 0.50383 0.95081 0.971756 0.0983796
101 0.492903 0.475694 0.965511 0.375
101 0.896898 0.921875 0.206204 0.15625
102 0.499537 0.480324 0.977219 0.366898
76 0.0768819 0.921875 0.153764 0.15625
77 0.499537 0.480324 0.977219 0.366898
101 0.50344 0.95081 0.972536 0.0983796
101 0.492903 0.475694 0.965511 0.375
101 0.896508 0.921875 0.206985 0.15625
102 0.499537 0.480324 0.977219 0.366898
76 0.0769794 0.921875 0.153959 0.15625
77 0.499537 0.480324 0.977219 0.366898
101 0.50383 0.950521 0.971756 0.0989584
101 0.492903 0.475405 0.965511 0.375579
101 0.896508 0.921875 0.206985 0.15625
102 0.499537 0.480324 0.977219 0.366898
76 0.0770282 0.921586 0.154056 0.156829
77 0.499537 0.480324 0.977219 0.366898
101 0.50383 0.95081 0.971756 0.0983796
101 0.492903 0.475405 0.965511 0.375579
101 0.896508 0.921875 0.206985 0.15625
102 0.499537 0.480324 0.977219 0.366898
77 0.499537 0.480324 0.977219 0.366898
76 0.0770282 0.921875 0.154056 0.15625
101 0.50383 0.950521 0.971756 0.0989584
101 0.493293 0.475405 0.964731 0.375579
101 0.896508 0.921875 0.206985 0.15625
102 0.499537 0.480324 0.977219 0.366898
77 0.499537 0.480324 0.977219 0.366898
101 0.50383 0.950231 0.971756 0.099537
76 0.0770282 0.921875 0.154056 0.15625
101 0.493293 0.475405 0.964731 0.375579
101 0.896508 0.921875 0.206985 0.15625
102 0.499537 0.480324 0.977219 0.366898
77 0.499537 0.480324 0.977219 0.366898
101 0.50383 0.949942 0.971756 0.100116
76 0.0769794 0.921586 0.153959 0.156829
101 0.493293 0.475405 0.964731 0.375579
101 0.896898 0.922454 0.206204 0.155093
102 0.499927 0.480324 0.976439 0.366898
77 0.499927 0.480324 0.976439 0.366898
101 0.50383 0.949653 0.971756 0.100694
76 0.0769794 0.921586 0.153959 0.156829
101 0.493293 0.475405 0.964731 0.375579
101 0.896898 0.922454 0.206204 0.155093
102 0.499927 0.480324 0.976439 0.366898
77 0.499927 0.480324 0.976439 0.366898
101 0.50344 0.949363 0.972536 0.101273
76 0.077077 0.921875 0.154154 0.15625
101 0.493293 0.475405 0.964731 0.375579
101 0.896898 0.922454 0.206204 0.155093
102 0.499927 0.480324 0.976439 0.366898
101 0.50383 0.949074 0.971756 0.101852
77 0.499927 0.480324 0.976439 0.366898
101 0.493293 0.475405 0.964731 0.375579
101 0.896508 0.922454 0.206985 0.155093
102 0.500318 0.480324 0.975658 0.366898
101 0.50383 0.949074 0.971756 0.101852
77 0.500318 0.480324 0.975658 0.366898
101 0.493293 0.475116 0.964731 0.376157
102 0.500318 0.480324 0.975658 0.366898
101 0.896508 0.922454 0.206985 0.155093
101 0.50383 0.948495 0.971756 0.103009
77 0.500318 0.480324 0.975658 0.366898
101 0.493293 0.475116 0.964731 0.376157
102 0.500318 0.480324 0.975658 0.366898
101 0.896508 0.922454 0.206985 0.155093
101 0.50383 0.948206 0.971756 0.103588
77 0.500318 0.480324 0.975658 0.366898
101 0.493293 0.475116 0.964731 0.376157
102 0.500318 0.480324 0.975658 0.366898
101 0.896508 0.922454 0.206985 0.155093
101 0.50383 0.947338 0.971756 0.105324
77 0.500318 0.480324 0.975658 0.366898
101 0.493293 0.475116 0.964731 0.376157
102 0.500318 0.480903 0.975658 0.366898
101 0.896508 0.922454 0.206985 0.155093
101 0.50383 0.946759 0.971756 0.106481
77 0.500318 0.480903 0.975658 0.366898
101 0.493683 0.475116 0.96395 0.376157
102 0.500318 0.480324 0.975658 0.366898
101 0.896508 0.922454 0.206985 0.155093
101 0.50383 0.945891 0.971756 0.108218
77 0.500318 0.480324 0.975658 0.366898
101 0.493293 0.475116 0.964731 0.376157
102 0.500318 0.480324 0.975658 0.366898
101 0.896508 0.922454 0.206985 0.155093
101 0.50422 0.945602 0.970975 0.108796
77 0.500318 0.480324 0.975658 0.366898
101 0.493683 0.475116 0.96395 0.376157
102 0.500318 0.480324 0.975658 0.366898
101 0.896508 0.922454 0.206985 0.155093
101 0.50422 0.945602 0.970975 0.108796
77 0.500318 0.480324 0.975658 0.366898
101 0.493293 0.475116 0.964731 0.376157
102 0.499537 0.480324 0.975658 0.366898
101 0.896508 0.923032 0.206985 0.153935
101 0.50422 0.945891 0.970975 0.108218
77 0.499537 0.480324 0.975658 0.366898
101 0.493683 0.475116 0.96395 0.376157
102 0.499537 0.480324 0.975658 0.366898
101 0.896508 0.923032 0.206985 0.153935
101 0.50422 0.945602 0.970975 0.108796
77 0.499537 0.480324 0.975658 0.366898
101 0.493293 0.475116 0.964731 0.376157
102 0.499537 0.480324 0.975658 0.366898
101 0.896508 0.923611 0.206985 0.152778
101 0.50422 0.945602 0.970975 0.108796
77 0.499537 0.480324 0.975658 0.366898
101 0.493683 0.475116 0.96395 0.376157
102 0.499537 0.480324 0.974097 0.366898
101 0.896508 0.923611 0.206985 0.152778
101 0.50422 0.945602 0.970975 0.108796
77 0.499537 0.480324 0.974097 0.366898
101 0.493683 0.475116 0.96395 0.376157
102 0.499147 0.480324 0.974878 0.366898
101 0.50422 0.945602 0.970975 0.108796
101 0.896508 0.923611 0.206985 0.152778
77 0.499147 0.480324 0.974878 0.366898
101 0.493683 0.475116 0.96395 0.376157
102 0.499147 0.480324 0.974878 0.366898
101 0.50383 0.945891 0.970195 0.108218
101 0.896508 0.923611 0.206985 0.152778
77 0.499147 0.480324 0.974878 0.366898
101 0.493293 0.475116 0.964731 0.376157
102 0.499147 0.480324 0.974878 0.366898
101 0.50422 0.945891 0.969414 0.108218
101 0.896508 0.923611 0.206985 0.152778
77 0.499147 0.480324 0.974878 0.366898
101 0.493293 0.475116 0.964731 0.376157
102 0.499147 0.480324 0.974878 0.366898
101 0.50422 0.946181 0.969414 0.107639
101 0.896117 0.923611 0.207766 0.152778
77 0.499147 0.480324 0.974878 0.366898
101 0.493293 0.475116 0.964731 0.376157
102 0.499147 0.480324 0.974878 0.366898
101 0.50422 0.946759 0.969414 0.106481
101 0.896117 0.923611 0.207766 0.152778
77 0.499147 0.480324 0.974878 0.366898
101 0.493293 0.475116 0.964731 0.376157
102 0.499147 0.480324 0.974878 0.366898
101 0.50383 0.947049 0.970195 0.105903
101 0.896117 0.923611 0.207766 0.152778
77 0.499147 0.480324 0.974878 0.366898
101 0.493293 0.475116 0.964731 0.376157
102 0.499147 0.480324 0.974878 0.366898
101 0.50422 0.947917 0.969414 0.104167
77 0.499147 0.480324 0.974878 0.366898
101 0.896508 0.923611 0.206985 0.152778
101 0.493293 0.475116 0.964731 0.376157
102 0.498756 0.480324 0.975658 0.366898
101 0.50422 0.947917 0.969414 0.104167
77 0.498756 0.480324 0.975658 0.366898
101 0.896117 0.923611 0.207766 0.152778
101 0.493293 0.474826 0.964731 0.376736
102 0.498756 0.480324 0.975658 0.366898
101 0.50422 0.947917 0.969414 0.104167
77 0.498756 0.480324 0.975658 0.366898
101 0.895727 0.923611 0.208546 0.152778
101 0.493293 0.474826 0.964731 0.376736
102 0.498756 0.480324 0.975658 0.366898
101 0.50422 0.947917 0.969414 0.104167
77 0.498756 0.480324 0.975658 0.366898
101 0.493293 0.475116 0.964731 0.376157
102 0.498756 0.480324 0.975658 0.366898
101 0.50422 0.947917 0.969414 0.104167
77 0.498756 0.480324 0.975658 0.366898
101 0.493293 0.475116 0.964731 0.376157
102 0.498756 0.480324 0.975658 0.366898
101 0.50422 0.948206 0.969414 0.103588
77 0.498756 0.480324 0.975658 0.366898
101 0.493293 0.475116 0.964731 0.376157
102 0.498756 0.480324 0.975658 0.366898
101 0.50422 0.948206 0.969414 0.103588
77 0.498756 0.480324 0.975658 0.366898
101 0.492903 0.474537 0.965511 0.376157
102 0.498756 0.480324 0.975658 0.366898
101 0.50422 0.948206 0.969414 0.103588
77 0.498756 0.480324 0.975658 0.366898
101 0.492903 0.474826 0.965511 0.376736
102 0.498756 0.480324 0.975658 0.366898
101 0.50461 0.947917 0.968634 0.104167
77 0.498756 0.480324 0.975658 0.366898
101 0.492903 0.474826 0.965511 0.376736
102 0.498756 0.480324 0.975658 0.366898
101 0.50461 0.947917 0.968634 0.104167
77 0.498756 0.480324 0.975658 0.366898
101 0.492903 0.474826 0.965511 0.376736
102 0.498756 0.480324 0.975658 0.366898
101 0.50422 0.947627 0.967853 0.104745
77 0.498756 0.480324 0.975658 0.366898
101 0.492903 0.474826 0.965511 0.376736
102 0.498756 0.480324 0.975658 0.368056
101 0.50422 0.947338 0.967853 0.105324
77 0.498756 0.480324 0.975658 0.368056
101 0.493293 0.474826 0.966292 0.376736
102 0.498756 0.480324 0.975658 0.368056
101 0.50461 0.947338 0.968634 0.105324
77 0.498756 0.480324 0.975658 0.368056
101 0.492903 0.474826 0.965511 0.376736
102 0.498756 0.480324 0.975658 0.366898
101 0.50422 0.947338 0.967853 0.105324
77 0.498756 0.480324 0.975658 0.366898
101 0.492903 0.474826 0.965511 0.376736
102 0.498756 0.480324 0.975658 0.368056
101 0.50422 0.947917 0.967853 0.104167
77 0.498756 0.480324 0.975658 0.368056
101 0.492512 0.474826 0.966292 0.376736
102 0.498756 0.480324 0.975658 0.368056
101 0.50422 0.947917 0.967853 0.104167
77 0.498756 0.480324 0.975658 0.368056
101 0.492903 0.474826 0.965511 0.376736
102 0.498756 0.480324 0.975658 0.368056
101 0.50422 0.947627 0.967853 0.104745
77 0.498756 0.480324 0.975658 0.368056
101 0.492903 0.474826 0.965511 0.376736
102 0.498756 0.480324 0.975658 0.368056
101 0.505001 0.947627 0.967853 0.104745
77 0.498756 0.480324 0.975658 0.368056
101 0.492512 0.474826 0.966292 0.376736
102 0.498756 0.480324 0.975658 0.368056
101 0.505001 0.948206 0.967853 0.103588
77 0.498756 0.480324 0.975658 0.368056
101 0.493293 0.474826 0.966292 0.376736
102 0.498756 0.480324 0.975658 0.368056
101 0.505001 0.948785 0.967853 0.102431
77 0.498756 0.480324 0.975658 0.368056
101 0.493293 0.474826 0.966292 0.376736
102 0.498756 0.480324 0.975658 0.368056
101 0.505001 0.948495 0.967853 0.103009
77 0.498756 0.480324 0.975658 0.368056
101 0.493293 0.474826 0.964731 0.376736
102 0.498756 0.480324 0.975658 0.368056
101 0.505001 0.948495 0.967853 0.103009
77 0.498756 0.480324 0.975658 0.368056
101 0.492903 0.474826 0.965511 0.376736
102 0.498756 0.480324 0.975658 0.368056
101 0.505001 0.948785 0.967853 0.102431
77 0.498756 0.480324 0.975658 0.368056
101 0.493293 0.474826 0.964731 0.376736
102 0.498756 0.480324 0.975658 0.368056
101 0.505001 0.948495 0.967853 0.103009
77 0.498756 0.480324 0.975658 0.368056
101 0.493293 0.474826 0.966292 0.376736
102 0.498756 0.480324 0.975658 0.368056
101 0.505001 0.949074 0.967853 0.101852
77 0.498756 0.480324 0.975658 0.368056
101 0.493293 0.474537 0.966292 0.376157
102 0.498756 0.480324 0.975658 0.368056
101 0.505001 0.949074 0.967853 0.101852
77 0.498756 0.480324 0.975658 0.368056
101 0.493293 0.474537 0.966292 0.376157
102 0.498756 0.480324 0.975658 0.368056
101 0.505001 0.948495 0.967853 0.103009
77 0.498756 0.480324 0.975658 0.368056
101 0.493683 0.474826 0.965512 0.376736
102 0.498756 0.480324 0.975658 0.368056
101 0.505391 0.948495 0.967072 0.103009
77 0.498756 0.480324 0.975658 0.368056
101 0.493683 0.474537 0.965512 0.376157
102 0.498757 0.480324 0.974097 0.368056
101 0.505391 0.948495 0.967072 0.103009
77 0.498757 0.480324 0.974097 0.368056
101 0.493293 0.474537 0.966292 0.376157
102 0.498757 0.480324 0.974097 0.368056
101 0.505391 0.948495 0.967072 0.103009
77 0.498757 0.480324 0.974097 0.368056
101 0.493683 0.474826 0.965512 0.375579
102 0.498757 0.480324 0.974097 0.368056
101 0.505391 0.949074 0.967072 0.101852
77 0.498757 0.480324 0.974097 0.368056
101 0.493683 0.475116 0.965512 0.376157
102 0.497976 0.480035 0.974097 0.368634
101 0.505391 0.949653 0.967072 0.100694
77 0.497976 0.480035 0.974097 0.368634
101 0.493683 0.475116 0.965512 0.376157
102 0.498757 0.480035 0.974097 0.368634
101 0.505781 0.950231 0.967853 0.099537
77 0.498757 0.480035 0.974097 0.368634
101 0.493683 0.475116 0.965512 0.376157
102 0.498757 0.480035 0.974097 0.368634
101 0.505781 0.949653 0.967853 0.100694
77 0.498757 0.480035 0.974097 0.368634
101 0.493683 0.474537 0.965512 0.376157
102 0.498757 0.480035 0.974097 0.368634
101 0.505391 0.949653 0.967072 0.100694
77 0.498757 0.480035 0.974097 0.368634
101 0.494073 0.474537 0.966292 0.376157
102 0.497976 0.480035 0.974097 0.368634
101 0.505391 0.949942 0.967072 0.100116
77 0.497976 0.480035 0.974097 0.368634
101 0.494073 0.474537 0.966292 0.376157
102 0.497976 0.480035 0.974097 0.368634
101 0.505391 0.949653 0.967072 0.100694
101 0.494073 0.474537 0.966292 0.376157
102 0.497976 0.480035 0.974097 0.368634
101 0.505781 0.949942 0.967853 0.100116
101 0.494073 0.474537 0.966292 0.376157
102 0.497976 0.480035 0.974097 0.368634
101 0.505781 0.949653 0.967853 0.100694
101 0.494073 0.474537 0.966292 0.376157
102 0.497976 0.479745 0.974097 0.369213
101 0.505781 0.949653 0.967853 0.100694
101 0.494073 0.474537 0.966292 0.376157
102 0.497976 0.480035 0.974097 0.368634
101 0.505781 0.949653 0.967853 0.100694
101 0.494073 0.474537 0.966292 0.376157
102 0.498757 0.480035 0.974097 0.368634
101 0.505781 0.949653 0.967853 0.100694
101 0.494073 0.474537 0.966292 0.376157
102 0.498757 0.480035 0.974097 0.368634
101 0.505781 0.949653 0.967853 0.100694
101 0.494073 0.474826 0.966292 0.375579
102 0.497976 0.479745 0.974097 0.369213
101 0.505781 0.950521 0.967853 0.0989584
101 0.494073 0.474826 0.966292 0.375579
102 0.498366 0.479745 0.973317 0.369213
101 0.505781 0.95081 0.967853 0.0983796
101 0.494073 0.474826 0.966292 0.375579
102 0.498366 0.479745 0.973317 0.369213
101 0.505781 0.95081 0.966292 0.0983796
101 0.494073 0.474826 0.966292 0.375579
102 0.498366 0.479745 0.973317 0.368056
101 0.505781 0.951099 0.967853 0.0978009
101 0.494073 0.474826 0.966292 0.375579
102 0.498366 0.479745 0.973317 0.369213
101 0.506172 0.95081 0.967073 0.0983796
101 0.494073 0.474826 0.966292 0.375579
102 0.498366 0.479745 0.973317 0.368056
101 0.505781 0.951099 0.967853 0.0978009
101 0.494073 0.474826 0.966292 0.375579
102 0.498366 0.479745 0.973317 0.369213
101 0.506172 0.951678 0.967073 0.0966435
101 0.494073 0.474826 0.966292 0.375579
102 0.498757 0.479745 0.974097 0.368056
101 0.506172 0.952257 0.967073 0.0954861
101 0.494073 0.474826 0.964731 0.375579
102 0.498366 0.479745 0.973317 0.369213
101 0.506172 0.952546 0.967073 0.0949074
101 0.494073 0.474826 0.964731 0.375579
102 0.498757 0.479745 0.974097 0.369213
101 0.505781 0.953125 0.966292 0.09375
101 0.494073 0.474826 0.964731 0.375579
102 0.498366 0.479456 0.973317 0.368634
101 0.506562 0.953414 0.966292 0.0931713
101 0.494073 0.475116 0.964731 0.375
102 0.498366 0.479745 0.973317 0.369213
101 0.506172 0.953993 0.965511 0.0920139
101 0.493683 0.474826 0.96395 0.375579
102 0.498757 0.479745 0.974097 0.369213
101 0.506562 0.954282 0.966292 0.0914352
101 0.493683 0.475116 0.96395 0.375
102 0.498757 0.479745 0.974097 0.369213
101 0.506562 0.954861 0.966292 0.0902778
101 0.493683 0.474826 0.96395 0.375579
102 0.498757 0.479745 0.974097 0.369213
101 0.506562 0.954861 0.966292 0.0902778
101 0.493293 0.475116 0.964731 0.375
102 0.498757 0.479745 0.974097 0.369213
101 0.506562 0.955151 0.966292 0.0896991
101 0.493683 0.475116 0.96395 0.375
102 0.498757 0.479745 0.974097 0.369213
101 0.506562 0.95544 0.966292 0.0891204
101 0.493683 0.475116 0.96395 0.375
102 0.498757 0.479745 0.974097 0.369213
101 0.506562 0.95544 0.966292 0.0891204
101 0.493683 0.475116 0.96395 0.375
102 0.498757 0.479745 0.974097 0.369213
101 0.506562 0.95544 0.966292 0.0891204
101 0.493683 0.475116 0.96395 0.375
102 0.498757 0.479745 0.974097 0.369213
101 0.506562 0.95544 0.964731 0.0891204
101 0.493293 0.475116 0.964731 0.375
102 0.498757 0.479456 0.974097 0.368634
101 0.506562 0.95544 0.966292 0.0891204
101 0.493683 0.474826 0.96395 0.375579
102 0.498757 0.479167 0.974097 0.369213
101 0.506562 0.955729 0.964731 0.0885416
101 0.493683 0.474826 0.96395 0.375579
102 0.498757 0.479745 0.974097 0.369213
101 0.506952 0.955729 0.965512 0.0885416
101 0.493293 0.475116 0.964731 0.375
102 0.498757 0.479167 0.974097 0.369213
101 0.506562 0.955729 0.966292 0.0885416
101 0.493293 0.474826 0.964731 0.375579
102 0.498757 0.479167 0.974097 0.369213
101 0.506562 0.956019 0.964731 0.087963
101 0.493293 0.474826 0.964731 0.375579
102 0.498366 0.479167 0.973317 0.369213
101 0.506562 0.956308 0.964731 0.0873842
101 0.493683 0.475116 0.96395 0.375
102 0.498366 0.479167 0.973317 0.369213
101 0.506562 0.956597 0.964731 0.0868056
101 0.493293 0.474826 0.964731 0.375579
102 0.498366 0.479167 0.973317 0.369213
101 0.506562 0.956597 0.964731 0.0868056
101 0.493293 0.474826 0.964731 0.375579
102 0.498757 0.479167 0.974097 0.369213
101 0.506562 0.956597 0.964731 0.0868056
101 0.493293 0.474826 0.964731 0.375579
102 0.498366 0.479167 0.973317 0.369213
101 0.506562 0.956597 0.964731 0.0868056
101 0.493293 0.474826 0.964731 0.375579
102 0.498366 0.478877 0.973317 0.369792
101 0.506562 0.956597 0.964731 0.0868056
101 0.493293 0.474826 0.964731 0.375579
102 0.498757 0.478877 0.974097 0.369792
101 0.493293 0.474826 0.964731 0.375579
102 0.498366 0.478877 0.973317 0.369792
101 0.493293 0.474826 0.964731 0.375579
102 0.497976 0.478588 0.974097 0.37037
101 0.493293 0.474537 0.964731 0.376157
102 0.498366 0.478588 0.973317 0.37037
101 0.493293 0.474826 0.964731 0.375579
102 0.497976 0.478588 0.974097 0.37037
101 0.497976 0.478877 0.974097 0.368634
102 0.497976 0.478588 0.974097 0.37037
101 0.497976 0.478877 0.974097 0.368634
102 0.497976 0.478588 0.974097 0.37037
101 0.497976 0.478588 0.974097 0.368056
102 0.497976 0.478588 0.974097 0.37037
101 0.493293 0.475116 0.964731 0.376157
102 0.500318 0.480903 0.975658 0.366898
101 0.896508 0.922454 0.206985 0.155093
101 0.50383 0.948495 0.971756 0.103009
77 0.500318 0.480903 0.975658 0.366898
