48 0.487656 0.483507 0.961256 0.448495
49 0.491951 0.496238 0.962037 0.479745
50 0.487656 0.483507 0.961256 0.448495
68 0.494684 0.494213 0.965941 0.472222
54 0.495465 0.498264 0.958133 0.474537
104 0.491951 0.496238 0.962037 0.479745
101 0.491951 0.496238 0.962037 0.479745
53 0.502883 0.510417 0.972969 0.4375
103 0.494684 0.494213 0.965941 0.472222
109 0.495855 0.494213 0.960475 0.467593
111 0.491951 0.496238 0.962037 0.479745
79 0.494684 0.494213 0.965941 0.472222
66 0.491951 0.496238 0.962037 0.479745
95 0.494684 0.494213 0.965941 0.472222
56 0.494684 0.494213 0.965941 0.472222
67 0.495855 0.494213 0.960475 0.467593
76 0.495855 0.494213 0.960475 0.467593
17 0.494684 0.494213 0.965941 0.472222
110 0.495465 0.498264 0.958133 0.474537
74 0.495855 0.494213 0.960475 0.467593
84 0.502883 0.510417 0.972969 0.4375
46 0.491951 0.496238 0.962037 0.479745
100 0.494684 0.494213 0.965941 0.472222
97 0.495855 0.494213 0.960475 0.467593
81 0.502883 0.510417 0.972969 0.4375
73 0.500931 0.518229 0.981559 0.423032
75 0.507178 0.539352 0.969065 0.381944
99 0.502493 0.50463 0.962818 0.446759
77 0.502883 0.510417 0.972969 0.4375
42 0.487656 0.483507 0.961256 0.448495
38 0.495855 0.494213 0.960475 0.467593
47 0.502493 0.50463 0.962818 0.446759
75 0.471258 0.462095 0.926898 0.410301
102 0.502883 0.510417 0.972969 0.4375
80 0.495855 0.494213 0.960475 0.467593
51 0.502883 0.510417 0.972969 0.4375
48 0.413863 0.44184 0.802739 0.364005
33 0.494684 0.494213 0.965941 0.472222
108 0.494684 0.494213 0.965941 0.472222
0 0.494684 0.494213 0.965941 0.472222
16 0.491951 0.496238 0.962037 0.479745
41 0.502883 0.510417 0.972969 0.4375
50 0.422453 0.437211 0.816794 0.350116
7 0.491951 0.496238 0.962037 0.479745
48 0.543879 0.533565 0.90191 0.373843
14 0.495855 0.494213 0.960475 0.467593
5 0.500931 0.518229 0.981559 0.423032
31 0.502883 0.510417 0.972969 0.4375
11 0.495855 0.494213 0.960475 0.467593
94 0.495855 0.494213 0.960475 0.467593
78 0.494684 0.494213 0.965941 0.472222
52 0.500931 0.518229 0.981559 0.423032
34 0.494684 0.494213 0.965941 0.472222
15 0.502883 0.510417 0.972969 0.4375
21 0.495855 0.494213 0.960475 0.467593
28 0.502883 0.510417 0.972969 0.4375
105 0.494684 0.494213 0.965941 0.472222
49 0.422453 0.437211 0.816794 0.350116
73 0.451345 0.446181 0.877703 0.373843
50 0.543879 0.533565 0.90191 0.373843
12 0.500931 0.518229 0.981559 0.423032
104 0.413863 0.44184 0.802739 0.364005
48 0.695368 0.529803 0.583313 0.380208
4 0.495465 0.498264 0.958133 0.474537
109 0.413863 0.44184 0.802739 0.364005
111 0.413863 0.44184 0.802739 0.364005
68 0.422453 0.437211 0.816794 0.350116
84 0.451345 0.446181 0.877703 0.373843
88 0.491951 0.496238 0.962037 0.479745
65 0.494684 0.494213 0.965941 0.472222
101 0.413863 0.44184 0.802739 0.364005
55 0.491951 0.496238 0.962037 0.479745
79 0.413863 0.44184 0.802739 0.364005
95 0.422453 0.437211 0.816794 0.350116
53 0.451345 0.446181 0.877703 0.373843
8 0.495465 0.498264 0.958133 0.474537
92 0.495855 0.494213 0.960475 0.467593
67 0.413863 0.44184 0.802739 0.364005
46 0.413863 0.44184 0.802739 0.364005
26 0.507178 0.539352 0.969065 0.381944
42 0.413863 0.44184 0.802739 0.364005
100 0.413863 0.44184 0.802739 0.364005
103 0.413863 0.44184 0.802739 0.364005
5 0.443927 0.465856 0.864428 0.412037
13 0.471258 0.462095 0.926898 0.410301
75 0.695368 0.529803 0.583313 0.380208
97 0.422453 0.437211 0.816794 0.350116
102 0.451345 0.446181 0.877703 0.373843
54 0.413863 0.44184 0.802739 0.364005
38 0.413863 0.44184 0.802739 0.364005
76 0.422453 0.437211 0.816794 0.350116
64 0.502883 0.510417 0.972969 0.4375
49 0.695368 0.529803 0.583313 0.380208
74 0.422453 0.437211 0.816794 0.350116
22 0.500931 0.518229 0.981559 0.423032
48 0.46462 0.500289 0.926117 0.492477
111 0.499759 0.49009 0.996395 0.517506
102 0.46462 0.500289 0.926117 0.492477
56 0.499759 0.49009 0.996395 0.517506
68 0.499759 0.49009 0.996395 0.517506
101 0.478676 0.499421 0.957352 0.50463
50 0.501562 0.870949 0.996876 0.258102
46 0.499759 0.49009 0.996395 0.517506
95 0.499759 0.49009 0.996395 0.517506
103 0.486485 0.491392 0.972969 0.512587
75 0.499759 0.49009 0.996395 0.517506
109 0.46462 0.500289 0.926117 0.492477
111 0.498979 0.876157 0.98234 0.247685
50 0.45564 0.509549 0.906595 0.495949
54 0.501321 0.487847 0.993272 0.53125
48 0.501562 0.870949 0.996876 0.258102
67 0.46462 0.500289 0.926117 0.492477
110 0.499759 0.49009 0.996395 0.517506
53 0.46462 0.500289 0.926117 0.492477
104 0.499759 0.49009 0.996395 0.517506
66 0.499759 0.49009 0.996395 0.517506
108 0.499759 0.49009 0.996395 0.517506
47 0.46462 0.500289 0.926117 0.492477
84 0.499759 0.49009 0.996395 0.517506
105 0.499759 0.49009 0.996395 0.517506
46 0.49117 0.874421 0.98234 0.251157
73 0.46462 0.500289 0.926117 0.492477
99 0.498979 0.506366 0.997957 0.489583
101 0.498979 0.876157 0.98234 0.247685
76 0.486485 0.491392 0.972969 0.512587
77 0.46462 0.500289 0.926117 0.492477
100 0.499759 0.49009 0.996395 0.517506
68 0.49117 0.874421 0.98234 0.251157
50 0.503664 0.922743 0.987025 0.154514
49 0.498979 0.876157 0.98234 0.247685
110 0.498979 0.876157 0.98234 0.247685
49 0.46462 0.500289 0.926117 0.492477
52 0.46462 0.500289 0.926117 0.492477
79 0.499759 0.49009 0.996395 0.517506
80 0.485704 0.49103 0.971407 0.509838
48 0.279553 0.497106 0.542708 0.471065
81 0.501321 0.487847 0.993272 0.53125
41 0.501321 0.487847 0.993272 0.53125
111 0.392096 0.48669 0.771308 0.452546
51 0.46462 0.500289 0.926117 0.492477
78 0.501321 0.487847 0.993272 0.53125
46 0.392096 0.48669 0.771308 0.452546
50 0.279553 0.497106 0.542708 0.471065
68 0.392096 0.48669 0.771308 0.452546
74 0.501321 0.487847 0.993272 0.53125
76 0.498979 0.876157 0.98234 0.247685
99 0.502883 0.905093 0.987025 0.189815
17 0.499759 0.49009 0.996395 0.517506
73 0.501562 0.870949 0.996876 0.258102
50 0.191119 0.476852 0.371306 0.428241
42 0.499759 0.49009 0.996395 0.517506
100 0.498979 0.876157 0.98234 0.247685
68 0.503664 0.922743 0.987025 0.154514
46 0.279553 0.497106 0.542708 0.471065
95 0.501562 0.870949 0.996876 0.258102
102 0.501562 0.870949 0.996876 0.258102
109 0.501562 0.870949 0.996876 0.258102
103 0.392096 0.48669 0.771308 0.452546
75 0.501562 0.870949 0.996876 0.258102
67 0.50054 0.892361 0.988587 0.215278
110 0.392096 0.48669 0.771308 0.452546
95 0.392096 0.48669 0.771308 0.452546
97 0.50054 0.49537 0.994834 0.512731
46 0.503664 0.922743 0.987025 0.154514
49 0.503664 0.922743 0.987025 0.154514
48 0.510932 0.928819 0.978136 0.142361
48 0.191119 0.476852 0.371306 0.428241
111 0.510932 0.928819 0.978136 0.142361
77 0.50054 0.892361 0.988587 0.215278
100 0.392096 0.48669 0.771308 0.452546
68 0.279553 0.497106 0.542708 0.471065
33 0.501321 0.487847 0.993272 0.53125
110 0.279553 0.497106 0.542708 0.471065
50 0.529673 0.948495 0.940654 0.103009
111 0.279553 0.497106 0.542708 0.471065
75 0.392096 0.48669 0.771308 0.452546
51 0.501562 0.870949 0.996876 0.258102
110 0.503664 0.922743 0.987025 0.154514
47 0.279553 0.497106 0.542708 0.471065
101 0.388875 0.479745 0.762133 0.431713
53 0.501562 0.870949 0.996876 0.258102
101 0.503664 0.922743 0.987025 0.154514
67 0.279553 0.497106 0.542708 0.471065
52 0.501562 0.870949 0.996876 0.258102
54 0.501562 0.870949 0.996876 0.258102
49 0.279553 0.497106 0.542708 0.471065
103 0.49117 0.874421 0.98234 0.251157
49 0.191119 0.476852 0.371306 0.428241
100 0.279553 0.497106 0.542708 0.471065
100 0.503664 0.922743 0.987025 0.154514
104 0.501562 0.870949 0.996876 0.258102
53 0.279553 0.497106 0.542708 0.471065
101 0.191119 0.476852 0.371306 0.428241
101 0.279553 0.497106 0.542708 0.471065
73 0.279553 0.497106 0.542708 0.471065
75 0.279553 0.497106 0.542708 0.471065
84 0.501562 0.870949 0.996876 0.258102
52 0.279553 0.497106 0.542708 0.471065
109 0.279553 0.497106 0.542708 0.471065
56 0.498979 0.876157 0.98234 0.247685
47 0.498979 0.876157 0.98234 0.247685
68 0.529673 0.948495 0.940654 0.103009
95 0.510932 0.928819 0.978136 0.142361
76 0.392096 0.48669 0.771308 0.452546
102 0.279553 0.497106 0.542708 0.471065
51 0.279553 0.497106 0.542708 0.471065
46 0.529673 0.948495 0.940654 0.103009
99 0.529673 0.948495 0.940654 0.103009
76 0.510932 0.928819 0.978136 0.142361
76 0.279553 0.497106 0.542708 0.471065
67 0.454859 0.925347 0.908157 0.149306
77 0.279553 0.497106 0.542708 0.471065
73 0.510932 0.928819 0.978136 0.142361
49 0.529673 0.948495 0.940654 0.103009
84 0.392096 0.48669 0.771308 0.452546
100 0.191119 0.476852 0.371306 0.428241
77 0.510932 0.928819 0.978136 0.142361
95 0.279553 0.497106 0.542708 0.471065
48 0.425967 0.943866 0.851934 0.112269
101 0.529673 0.948495 0.940654 0.103009
97 0.501562 0.870949 0.996876 0.258102
102 0.503664 0.922743 0.987025 0.154514
46 0.157346 0.479456 0.300246 0.434606
77 0.191119 0.476852 0.371306 0.428241
99 0.279553 0.497106 0.542708 0.471065
103 0.279553 0.497106 0.542708 0.471065
84 0.279553 0.497106 0.542708 0.471065
56 0.392096 0.48669 0.771308 0.452546
56 0.503664 0.922743 0.987025 0.154514
38 0.478676 0.499421 0.957352 0.50463
110 0.529673 0.948495 0.940654 0.103009
66 0.498979 0.876157 0.98234 0.247685
48 0.568717 0.949653 0.862566 0.100694
67 0.191119 0.476852 0.371306 0.428241
105 0.501562 0.870949 0.996876 0.258102
95 0.499369 0.437211 0.995615 0.667245
56 0.499369 0.372106 0.989368 0.744213
108 0.499369 0.437211 0.995615 0.667245
53 0.501321 0.420139 0.987025 0.673611
79 0.499369 0.437211 0.995615 0.667245
78 0.499369 0.437211 0.995615 0.667245
95 0.497417 0.454282 0.990148 0.908565
48 0.497417 0.427083 0.988587 0.854167
81 0.499369 0.437211 0.995615 0.667245
52 0.499759 0.372106 0.996395 0.744213
56 0.504445 0.501157 0.98234 0.512731
104 0.499369 0.437211 0.995615 0.667245
68 0.504445 0.501157 0.98234 0.512731
84 0.499369 0.437211 0.995615 0.667245
95 0.486485 0.556713 0.960475 0.565972
53 0.497417 0.454282 0.990148 0.908565
68 0.497807 0.391782 0.994053 0.783565
108 0.497417 0.454282 0.990148 0.908565
108 0.486485 0.556713 0.960475 0.565972
52 0.504445 0.501157 0.98234 0.512731
50 0.495074 0.163484 0.987025 0.326968
84 0.497417 0.454282 0.990148 0.908565
74 0.504445 0.501157 0.98234 0.512731
78 0.486485 0.556713 0.960475 0.565972
48 0.496636 0.278646 0.99171 0.557292
105 0.501321 0.420139 0.987025 0.673611
78 0.497417 0.454282 0.990148 0.908565
79 0.486485 0.556713 0.960475 0.565972
80 0.499369 0.437211 0.995615 0.667245
68 0.495074 0.163484 0.987025 0.326968
79 0.497417 0.454282 0.990148 0.908565
81 0.486485 0.556713 0.960475 0.565972
104 0.497417 0.454282 0.990148 0.908565
81 0.497417 0.454282 0.990148 0.908565
104 0.486485 0.556713 0.960475 0.565972
101 0.504445 0.501157 0.98234 0.512731
74 0.499369 0.372106 0.989368 0.744213
48 0.495074 0.163484 0.987025 0.326968
50 0.496636 0.278646 0.99171 0.557292
105 0.497417 0.454282 0.990148 0.908565
80 0.497417 0.454282 0.990148 0.908565
101 0.497807 0.391782 0.994053 0.783565
101 0.495074 0.163484 0.987025 0.326968
53 0.496636 0.278646 0.99171 0.557292
50 0.497026 0.100188 0.983121 0.200376
75 0.497417 0.427083 0.988587 0.854167
49 0.495074 0.163484 0.987025 0.326968
111 0.497417 0.427083 0.988587 0.854167
84 0.486485 0.556713 0.960475 0.565972
50 0.505226 0.0612703 0.963599 0.122541
67 0.504445 0.501157 0.98234 0.512731
49 0.496636 0.278646 0.99171 0.557292
53 0.506787 0.536458 0.976093 0.46412
105 0.486485 0.556713 0.960475 0.565972
48 0.497417 0.438657 0.99171 0.628472
75 0.504445 0.501157 0.98234 0.512731
102 0.495074 0.163484 0.987025 0.326968
109 0.504445 0.501157 0.98234 0.512731
80 0.486485 0.556713 0.960475 0.565972
54 0.501321 0.420139 0.987025 0.673611
100 0.495074 0.163484 0.987025 0.326968
66 0.499369 0.437211 0.995615 0.667245
95 0.496636 0.278646 0.99171 0.557292
110 0.497807 0.391782 0.994053 0.783565
48 0.497026 0.100188 0.983121 0.200376
110 0.504445 0.501157 0.98234 0.512731
78 0.502883 0.656829 0.988587 0.686343
109 0.497807 0.391782 0.994053 0.783565
68 0.497026 0.100188 0.983121 0.200376
77 0.496636 0.278646 0.99171 0.557292
100 0.496636 0.278646 0.99171 0.557292
17 0.499369 0.437211 0.995615 0.667245
67 0.499369 0.372106 0.989368 0.744213
54 0.497417 0.454282 0.990148 0.908565
111 0.504445 0.501157 0.98234 0.512731
77 0.504445 0.501157 0.98234 0.512731
102 0.496636 0.278646 0.99171 0.557292
49 0.497026 0.100188 0.983121 0.200376
48 0.505226 0.0612703 0.963599 0.122541
95 0.502883 0.656829 0.988587 0.686343
68 0.505226 0.0612703 0.963599 0.122541
56 0.487265 0.643374 0.958913 0.703993
53 0.495074 0.163484 0.987025 0.326968
46 0.498979 0.395544 0.983901 0.791088
76 0.504445 0.501157 0.98234 0.512731
81 0.488046 0.66059 0.960475 0.678819
76 0.497807 0.391782 0.994053 0.783565
68 0.505616 0.649884 0.978435 0.607639
51 0.497417 0.427083 0.988587 0.854167
49 0.505226 0.0612703 0.963599 0.122541
33 0.498979 0.393519 0.994834 0.787037
101 0.497026 0.100188 0.983121 0.200376
51 0.496636 0.278646 0.99171 0.557292
100 0.497026 0.100188 0.983121 0.200376
77 0.497417 0.427083 0.988587 0.854167
97 0.497417 0.427083 0.988587 0.854167
66 0.497417 0.454282 0.990148 0.908565
108 0.488046 0.66059 0.960475 0.678819
101 0.505226 0.0612703 0.963599 0.122541
77 0.495074 0.163484 0.987025 0.326968
100 0.505226 0.0612703 0.963599 0.122541
78 0.496636 0.278646 0.99171 0.557292
46 0.483752 0.170718 0.965941 0.341435
17 0.497417 0.454282 0.990148 0.908565
49 0.497417 0.427083 0.988587 0.854167
75 0.496636 0.278646 0.99171 0.557292
99 0.497417 0.427083 0.988587 0.854167
73 0.497417 0.427083 0.988587 0.854167
51 0.495074 0.163484 0.987025 0.326968
104 0.502883 0.656829 0.988587 0.686343
52 0.487265 0.643374 0.958913 0.703993
103 0.499369 0.437211 0.995615 0.667245
84 0.496636 0.278646 0.99171 0.557292
79 0.488046 0.66059 0.960475 0.678819
102 0.504445 0.501157 0.98234 0.512731
74 0.487265 0.643374 0.958913 0.703993
100 0.497417 0.427083 0.988587 0.854167
110 0.484142 0.228443 0.96516 0.456887
33 0.50054 0.515046 0.99171 0.511574
53 0.487265 0.643374 0.958913 0.703993
51 0.497026 0.100188 0.983121 0.200376
67 0.484142 0.228443 0.96516 0.456887
102 0.497026 0.100188 0.983121 0.200376
52 0.484142 0.228443 0.96516 0.456887
76 0.495074 0.163484 0.987025 0.326968
109 0.484142 0.228443 0.96516 0.456887
66 0.486485 0.556713 0.960475 0.565972
51 0.505226 0.0612703 0.963599 0.122541
48 0.486485 0.556713 0.960475 0.565972
54 0.486485 0.556713 0.960475 0.565972
102 0.505226 0.0612703 0.963599 0.122541
47 0.498979 0.395544 0.983901 0.791088
47 0.483752 0.170718 0.965941 0.341435
111 0.496636 0.278646 0.99171 0.557292
73 0.496636 0.278646 0.99171 0.557292
80 0.488046 0.66059 0.960475 0.678819
76 0.497026 0.100188 0.983121 0.200376
101 0.487265 0.643374 0.958913 0.703993
68 0.504445 0.748843 0.98234 0.502315
53 0.497026 0.100188 0.983121 0.200376
97 0.504445 0.501157 0.98234 0.512731
46 0.505226 0.0612703 0.963599 0.122541
46 0.497026 0.100188 0.983121 0.200376
2 0.497807 0.391782 0.994053 0.783565
76 0.505226 0.0612703 0.963599 0.122541
103 0.497417 0.454282 0.990148 0.908565
17 0.486485 0.556713 0.960475 0.565972
46 0.504445 0.501157 0.98234 0.512731
108 0.496636 0.278646 0.99171 0.557292
49 0.504445 0.501157 0.98234 0.512731
53 0.504445 0.748843 0.98234 0.502315
47 0.504445 0.501157 0.98234 0.512731
110 0.502883 0.139612 0.974531 0.279225
99 0.496636 0.278646 0.99171 0.557292
74 0.484142 0.228443 0.96516 0.456887
67 0.487265 0.643374 0.958913 0.703993
73 0.495074 0.163484 0.987025 0.326968
80 0.484142 0.228443 0.96516 0.456887
84 0.502883 0.656829 0.988587 0.686343
109 0.497026 0.100188 0.983121 0.200376
67 0.502883 0.139612 0.974531 0.279225
41 0.501321 0.420139 0.987025 0.673611
105 0.488046 0.66059 0.960475 0.678819
77 0.497026 0.100188 0.983121 0.200376
99 0.495074 0.163484 0.987025 0.326968
50 0.497417 0.427083 0.988587 0.854167
99 0.504445 0.501157 0.98234 0.512731
48 0.504445 0.748843 0.98234 0.502315
53 0.505226 0.0612703 0.963599 0.122541
50 0.504445 0.501157 0.98234 0.512731
95 0.502102 0.760127 0.990148 0.479745
17 0.484142 0.228443 0.96516 0.456887
56 0.504445 0.748843 0.98234 0.502315
95 0.495074 0.163484 0.987025 0.326968
75 0.495074 0.163484 0.987025 0.326968
109 0.487265 0.643374 0.958913 0.703993
47 0.505226 0.0612703 0.963599 0.122541
47 0.497026 0.100188 0.983121 0.200376
111 0.498198 0.604745 0.990148 0.681713
74 0.494293 0.521123 0.976093 0.465856
95 0.490779 0.507234 0.967503 0.499421
104 0.490779 0.507234 0.967503 0.499421
105 0.490779 0.507234 0.967503 0.499421
97 0.494293 0.521123 0.976093 0.465856
79 0.495855 0.535301 0.979216 0.454861
103 0.490779 0.507234 0.967503 0.499421
108 0.490779 0.507234 0.967503 0.499421
66 0.494293 0.521123 0.976093 0.465856
56 0.490779 0.507234 0.967503 0.499421
84 0.490779 0.507234 0.967503 0.499421
80 0.494293 0.521123 0.976093 0.465856
33 0.50054 0.529803 0.957352 0.457755
67 0.490779 0.507234 0.967503 0.499421
17 0.494293 0.521123 0.976093 0.465856
53 0.493903 0.481771 0.979997 0.421875
68 0.499759 0.502894 0.996395 0.461806
41 0.50054 0.529803 0.957352 0.457755
75 0.50054 0.529803 0.957352 0.457755
81 0.490779 0.507234 0.967503 0.499421
42 0.494293 0.521123 0.976093 0.465856
52 0.490779 0.507234 0.967503 0.499421
78 0.490779 0.507234 0.967503 0.499421
109 0.499759 0.502894 0.996395 0.461806
54 0.494293 0.521123 0.976093 0.465856
76 0.493513 0.507234 0.971407 0.483218
111 0.493903 0.481771 0.979997 0.421875
101 0.499759 0.502894 0.996395 0.461806
77 0.493903 0.481771 0.979997 0.421875
100 0.49117 0.510127 0.969846 0.476273
110 0.493903 0.481771 0.979997 0.421875
50 0.49117 0.510127 0.969846 0.476273
73 0.49117 0.510127 0.969846 0.476273
48 0.499759 0.502894 0.996395 0.461806
46 0.494293 0.521123 0.976093 0.465856
21 0.494293 0.521123 0.976093 0.465856
47 0.499759 0.502894 0.996395 0.461806
32 0.494293 0.521123 0.976093 0.465856
41 0.499759 0.432002 0.95579 0.612847
49 0.49117 0.510127 0.969846 0.476273
28 0.494293 0.521123 0.976093 0.465856
99 0.494293 0.521123 0.976093 0.465856
74 0.584972 0.477358 0.793173 0.510561
33 0.499759 0.432002 0.95579 0.612847
95 0.498979 0.435475 0.976093 0.335069
79 0.584972 0.477358 0.793173 0.510561
41 0.584972 0.477358 0.793173 0.510561
68 0.498979 0.435475 0.976093 0.335069
6 0.494293 0.521123 0.976093 0.465856
14 0.50054 0.529803 0.957352 0.457755
23 0.494293 0.521123 0.976093 0.465856
75 0.499759 0.432002 0.95579 0.612847
52 0.498979 0.435475 0.976093 0.335069
95 0.504445 0.518519 0.980778 0.479167
67 0.504445 0.518519 0.980778 0.479167
56 0.499759 0.50434 0.958914 0.495949
109 0.504445 0.518519 0.980778 0.479167
68 0.504445 0.518519 0.980778 0.479167
101 0.504445 0.518519 0.980778 0.479167
104 0.512253 0.533854 0.968284 0.423032
77 0.504445 0.518519 0.980778 0.479167
110 0.504445 0.518519 0.980778 0.479167
84 0.499759 0.50434 0.958914 0.495949
111 0.499759 0.50434 0.958914 0.495949
103 0.512253 0.533854 0.968284 0.423032
102 0.504445 0.518519 0.980778 0.479167
97 0.504445 0.518519 0.980778 0.479167
53 0.499759 0.50434 0.958914 0.495949
105 0.512253 0.533854 0.968284 0.423032
79 0.512253 0.533854 0.968284 0.423032
17 0.504445 0.518519 0.980778 0.479167
67 0.495074 0.431713 0.969846 0.34838
95 0.495074 0.431713 0.969846 0.34838
68 0.495074 0.431713 0.969846 0.34838
74 0.511473 0.51331 0.971407 0.478009
109 0.495074 0.431713 0.969846 0.34838
81 0.512253 0.533854 0.968284 0.423032
76 0.504445 0.518519 0.980778 0.479167
52 0.510151 0.503472 0.979697 0.490741
29 0.504445 0.518519 0.980778 0.479167
49 0.499759 0.50434 0.958914 0.495949
108 0.512253 0.533854 0.968284 0.423032
95 0.503664 0.505208 0.944858 0.491898
56 0.503664 0.505208 0.944858 0.491898
84 0.503664 0.505208 0.944858 0.491898
103 0.503664 0.505208 0.944858 0.491898
67 0.503664 0.505208 0.944858 0.491898
109 0.503664 0.505208 0.944858 0.491898
68 0.503664 0.505208 0.944858 0.491898
111 0.503664 0.505208 0.944858 0.491898
105 0.503664 0.505208 0.944858 0.491898
104 0.507568 0.507812 0.943296 0.484375
53 0.502493 0.475622 0.958133 0.552228
97 0.503664 0.505208 0.944858 0.491898
101 0.507568 0.507812 0.943296 0.484375
52 0.502493 0.475622 0.958133 0.552228
54 0.49117 0.490234 0.98234 0.519531
41 0.503664 0.505208 0.944858 0.491898
81 0.507568 0.507812 0.943296 0.484375
53 0.406152 0.503762 0.755691 0.478588
110 0.502493 0.475622 0.958133 0.552228
77 0.503664 0.500868 0.944858 0.505208
108 0.502493 0.475622 0.958133 0.552228
17 0.503664 0.505208 0.944858 0.491898
56 0.497417 0.508681 0.966722 0.487268
84 0.495074 0.509259 0.96516 0.486111
103 0.505226 0.502315 0.958913 0.481481
111 0.495074 0.509259 0.96516 0.486111
95 0.498979 0.506366 0.972969 0.481481
67 0.495074 0.509259 0.96516 0.486111
52 0.498198 0.50434 0.971407 0.498264
54 0.506787 0.494502 0.958914 0.507523
53 0.498198 0.50434 0.971407 0.498264
68 0.495074 0.509259 0.96516 0.486111
97 0.505226 0.502315 0.958913 0.481481
48 0.495074 0.509259 0.96516 0.486111
75 0.504445 0.505208 0.962037 0.481481
109 0.498979 0.506366 0.972969 0.481481
41 0.504445 0.505208 0.962037 0.481481
17 0.504445 0.505208 0.962037 0.481481
101 0.495074 0.509259 0.96516 0.486111
80 0.506787 0.494502 0.958914 0.507523
105 0.498979 0.506366 0.972969 0.481481
99 0.505226 0.502315 0.958913 0.481481
76 0.506787 0.494502 0.958914 0.507523
33 0.504445 0.505208 0.962037 0.481481
46 0.506787 0.494502 0.958914 0.507523
66 0.504445 0.505208 0.962037 0.481481
73 0.506787 0.494502 0.958914 0.507523
104 0.50054 0.505208 0.968284 0.480324
100 0.506787 0.494502 0.958914 0.507523
47 0.495074 0.509259 0.96516 0.486111
77 0.495074 0.509259 0.96516 0.486111
42 0.506787 0.494502 0.958914 0.507523
103 0.504445 0.509259 0.972969 0.487269
84 0.504445 0.509259 0.972969 0.487269
56 0.487265 0.507812 0.96516 0.475116
52 0.504445 0.504051 0.972969 0.5
95 0.487265 0.507812 0.96516 0.475116
105 0.487265 0.507812 0.96516 0.475116
68 0.498198 0.506655 0.985463 0.498264
111 0.504445 0.509259 0.972969 0.487269
67 0.487265 0.507812 0.96516 0.475116
53 0.504445 0.504051 0.972969 0.5
109 0.487265 0.507812 0.96516 0.475116
80 0.49117 0.51331 0.968284 0.489583
54 0.504445 0.509259 0.972969 0.487269
75 0.498198 0.506655 0.985463 0.498264
48 0.504445 0.509259 0.972969 0.487269
103 0.496246 0.504919 0.97375 0.493634
95 0.497417 0.500868 0.949543 0.493634
56 0.498588 0.496817 0.969065 0.501736
84 0.509911 0.493055 0.957352 0.509259
104 0.496246 0.504919 0.97375 0.493634
105 0.496246 0.504919 0.97375 0.493634
109 0.509911 0.493055 0.957352 0.509259
67 0.497417 0.49566 0.952667 0.483218
80 0.496246 0.504919 0.97375 0.493634
68 0.497417 0.49566 0.952667 0.483218
81 0.496246 0.506655 0.972188 0.491319
75 0.509911 0.493055 0.957352 0.509259
41 0.498588 0.496817 0.969065 0.501736
111 0.497417 0.49566 0.952667 0.483218
17 0.498588 0.496817 0.969065 0.501736
48 0.496246 0.504919 0.97375 0.493634
54 0.502883 0.494502 0.968284 0.48669
52 0.496246 0.504919 0.97375 0.493634
76 0.496246 0.504919 0.97375 0.493634
53 0.497417 0.49566 0.952667 0.483218
33 0.50054 0.493924 0.971407 0.504051
79 0.496246 0.504919 0.97375 0.493634
97 0.502883 0.494502 0.968284 0.48669
84 0.497807 0.493634 0.97375 0.49537
103 0.497807 0.493634 0.97375 0.49537
95 0.501321 0.505208 0.971407 0.494213
75 0.493512 0.499132 0.987025 0.491319
56 0.504054 0.498264 0.956571 0.489583
109 0.504054 0.498264 0.956571 0.489583
76 0.497807 0.493634 0.97375 0.49537
54 0.497807 0.493634 0.97375 0.49537
111 0.497807 0.493634 0.97375 0.49537
103 0.497417 0.506944 0.958914 0.488426
84 0.50054 0.501447 0.969846 0.480903
75 0.500931 0.507812 0.970627 0.487847
56 0.50054 0.501447 0.969846 0.480903
95 0.50054 0.501447 0.969846 0.480903
104 0.497417 0.506944 0.958914 0.488426
109 0.497417 0.506944 0.958914 0.488426
103 0.487265 0.438079 0.933926 0.347222
76 0.50054 0.501447 0.969846 0.480903
103 0.498588 0.504919 0.953447 0.487847
84 0.505226 0.502025 0.963599 0.510995
95 0.498588 0.504919 0.953447 0.487847
56 0.505616 0.503472 0.965941 0.5
75 0.505226 0.494502 0.963599 0.519097
109 0.505616 0.503472 0.965941 0.5
76 0.505616 0.503472 0.965941 0.5
68 0.504445 0.501157 0.96516 0.509259
67 0.505616 0.503472 0.965941 0.5
80 0.504445 0.501157 0.96516 0.509259
104 0.498588 0.504919 0.953447 0.487847
103 0.495074 0.503183 0.94642 0.48669
75 0.495855 0.502894 0.951105 0.482639
95 0.502102 0.506366 0.979216 0.494213
104 0.506787 0.505208 0.977654 0.484954
103 0.424796 0.921875 0.802739 0.15625
84 0.495855 0.502894 0.951105 0.482639
103 0.36662 0.913773 0.523967 0.172454
105 0.502883 0.501447 0.979216 0.492477
109 0.488437 0.931134 0.975312 0.137731
109 0.505226 0.505208 0.969846 0.503472
103 0.496636 0.510706 0.962037 0.485532
95 0.498198 0.510417 0.960475 0.484954
109 0.501712 0.508681 0.951886 0.47338
84 0.498198 0.510417 0.960475 0.484954
67 0.498198 0.510417 0.960475 0.484954
104 0.496636 0.510706 0.962037 0.485532
105 0.495074 0.500868 0.962037 0.470486
68 0.498198 0.510417 0.960475 0.484954
56 0.498198 0.510417 0.960475 0.484954
76 0.495074 0.500868 0.962037 0.470486
80 0.495074 0.500868 0.962037 0.470486
75 0.495074 0.500868 0.962037 0.470486
103 0.49156 0.507812 0.978435 0.475116
84 0.49156 0.507812 0.978435 0.475116
75 0.485704 0.504919 0.971407 0.480903
104 0.505226 0.508681 0.95579 0.480324
95 0.505226 0.508681 0.95579 0.480324
109 0.505226 0.508681 0.95579 0.480324
48 0.486485 0.505787 0.972969 0.482639
103 0.502883 0.508102 0.946419 0.478009
84 0.505226 0.506944 0.963599 0.481481
56 0.498588 0.507812 0.9472 0.472801
75 0.497417 0.501447 0.980778 0.490162
105 0.502883 0.508102 0.946419 0.478009
95 0.498588 0.507812 0.9472 0.472801
104 0.504054 0.506944 0.978435 0.476852
109 0.498588 0.507812 0.9472 0.472801
103 0.467353 0.905093 0.50054 0.189815
103 0.479457 0.962963 0.805862 0.0740741
48 0.498588 0.507812 0.9472 0.472801
46 0.498588 0.507812 0.9472 0.472801
103 0.506006 0.502315 0.966722 0.489583
84 0.502883 0.502604 0.949543 0.492477
95 0.506006 0.505498 0.968284 0.494792
56 0.501321 0.508102 0.951105 0.502315
105 0.507178 0.503762 0.981559 0.498264
104 0.507178 0.503762 0.981559 0.498264
68 0.502883 0.502894 0.949543 0.493055
80 0.507568 0.501157 0.96516 0.49537
109 0.506006 0.505498 0.968284 0.494792
103 0.497417 0.510995 0.958914 0.483796
84 0.507568 0.508102 0.972969 0.481481
95 0.507568 0.508102 0.972969 0.481481
104 0.507028 0.506366 0.985944 0.488426
105 0.507028 0.507523 0.985944 0.488426
84 0.673504 0.5 0.627042 0.488426
103 0.673504 0.5 0.627042 0.488426
80 0.507568 0.508102 0.972969 0.481481
48 0.505226 0.507234 0.976093 0.490162
56 0.507568 0.508102 0.972969 0.481481
103 0.49156 0.506655 0.959694 0.501736
84 0.499759 0.504051 0.962037 0.503472
103 0.397855 0.896412 0.648906 0.207176
75 0.496636 0.501447 0.962037 0.506366
103 0.397075 0.958333 0.666086 0.0833334
80 0.492341 0.508102 0.956571 0.498843
109 0.497417 0.0755208 0.976093 0.151042
103 0.50054 0.502894 0.957352 0.486111
95 0.501321 0.501157 0.958914 0.486111
84 0.503273 0.503472 0.958133 0.50463
105 0.502102 0.504919 0.958914 0.492477
104 0.506006 0.505208 0.976093 0.493055
56 0.50054 0.502894 0.957352 0.486111
41 0.50054 0.502894 0.957352 0.486111
80 0.503273 0.503472 0.958133 0.50463
109 0.50054 0.502894 0.957352 0.486111
103 0.641879 0.508681 0.69654 0.486111
103 0.498198 0.506944 0.94642 0.489583
84 0.498979 0.503762 0.954228 0.484375
103 0.497417 0.625 0.926117 0.248843
103 0.489999 0.511285 0.96438 0.480903
75 0.490779 0.510417 0.96438 0.478009
103 0.365254 0.476852 0.711767 0.429398
109 0.499759 0.508681 0.968284 0.480324
84 0.493512 0.5136 0.968284 0.484375
103 0.498198 0.506944 0.968284 0.484954
84 0.501321 0.505787 0.952667 0.489583
103 0.49117 0.513021 0.96516 0.490162
103 0.486485 0.893519 0.89332 0.212963
103 0.492732 0.971933 0.92924 0.0561343
75 0.489608 0.510995 0.96516 0.483796
76 0.503664 0.510995 0.99171 0.488426
84 0.493513 0.509549 0.971407 0.485532
103 0.323282 0.483796 0.629385 0.44213
103 0.451736 0.833912 0.513034 0.332176
103 0.498979 0.495877 0.954228 0.511719
84 0.498198 0.499132 0.958914 0.504051
103 0.250856 0.898727 0.500931 0.202546
103 0.384873 0.897569 0.485899 0.204861
75 0.498979 0.502894 0.960475 0.496528
105 0.496636 0.502025 0.960475 0.505208
104 0.498979 0.501736 0.957352 0.496528
76 0.498979 0.502894 0.960475 0.496528
80 0.498979 0.502894 0.960475 0.496528
48 0.498979 0.502894 0.960475 0.496528
95 0.498979 0.501736 0.957352 0.496528
103 0.390535 0.972801 0.660424 0.0543982
103 0.502102 0.505208 0.979216 0.493055
75 0.499369 0.504051 0.953447 0.498843
84 0.499759 0.502894 0.95579 0.491898
76 0.499759 0.507812 0.952666 0.494792
104 0.499759 0.506655 0.954228 0.489005
105 0.502102 0.504919 0.98234 0.489005
48 0.499369 0.504051 0.953447 0.498843
103 0.415035 0.896412 0.659839 0.207176
80 0.499369 0.504051 0.953447 0.498843
103 0.447831 0.974537 0.800396 0.050926
99 0.499759 0.502894 0.95579 0.491898
41 0.499369 0.504051 0.953447 0.498843
56 0.499369 0.504051 0.953447 0.498843
103 0.495074 0.507812 0.958914 0.480903
84 0.499759 0.502894 0.952666 0.496528
75 0.498979 0.503762 0.958914 0.487847
80 0.499759 0.502894 0.952666 0.496528
109 0.499759 0.50897 0.95579 0.484375
95 0.499759 0.50897 0.95579 0.484375
103 0.493512 0.506655 0.96516 0.48206
76 0.492732 0.507812 0.969846 0.484375
103 0.495855 0.502315 0.96516 0.498843
103 0.519965 0.898438 0.335971 0.203125
103 0.434849 0.898148 0.364083 0.203704
103 0.520745 0.853877 0.332848 0.292245
103 0.577847 0.898148 0.327967 0.203704
103 0.359983 0.898148 0.309226 0.203704
103 0.427236 0.859086 0.349636 0.281829
103 0.577847 0.848958 0.32172 0.302083
84 0.506006 0.505498 0.987025 0.489005
103 0.46423 0.968171 0.391218 0.0636574
103 0.366425 0.859664 0.322891 0.280671
103 0.489608 0.505498 0.966722 0.48669
84 0.498979 0.503472 0.969846 0.493055
103 0.445489 0.905093 0.557544 0.189815
103 0.478676 0.972801 0.873017 0.0543982
103 0.493512 0.511863 0.962037 0.485532
103 0.463839 0.903646 0.609863 0.192708
84 0.495465 0.507523 0.96438 0.489583
75 0.498198 0.506655 0.958914 0.485532
103 0.339485 0.901042 0.375991 0.197917
103 0.481799 0.977431 0.926117 0.0451389
103 0.496636 0.507812 0.968284 0.485532
103 0.50015 0.923032 0.96438 0.153935
103 0.497417 0.981771 0.943296 0.0364584
84 0.496636 0.507812 0.968284 0.485532
103 0.494684 0.505787 0.965941 0.476852
103 0.45525 0.899306 0.843344 0.201389
103 0.411521 0.900174 0.543488 0.199653
103 0.461497 0.984375 0.874579 0.0312501
105 0.493512 0.507523 0.963599 0.484954
103 0.501712 0.502894 0.955009 0.5
84 0.493903 0.506366 0.961256 0.493056
75 0.493903 0.506366 0.961256 0.493056
103 0.496246 0.509838 0.978435 0.487269
84 0.49117 0.509838 0.966722 0.490741
103 0.494293 0.507812 0.969846 0.48669
84 0.498588 0.505208 0.972188 0.489583
103 0.491951 0.505787 0.962037 0.474537
103 0.444708 0.895544 0.612205 0.208912
103 0.48219 0.966725 0.869113 0.066551
103 0.488437 0.842593 0.367011 0.314815
103 0.49117 0.507234 0.963599 0.485532
103 0.516158 0.980324 0.829288 0.0393519
103 0.455152 0.903067 0.529628 0.193866
103 0.495855 0.505208 0.957352 0.490741
103 0.494684 0.502894 0.959694 0.487269
103 0.432214 0.899884 0.722309 0.200231
103 0.418939 0.899884 0.434947 0.200231
103 0.497417 0.97338 0.932364 0.0532408
103 0.41767 0.859954 0.270378 0.280093
103 0.369744 0.860532 0.257688 0.278935
103 0.531092 0.898148 0.437094 0.203704
103 0.472038 0.858218 0.337338 0.283565
103 0.350612 0.899884 0.337338 0.200231
103 0.494684 0.502894 0.959694 0.478009
103 0.45359 0.90162 0.367206 0.196759
103 0.565353 0.841435 0.277991 0.31713
103 0.412692 0.981192 0.352174 0.0376158
103 0.412399 0.860532 0.276234 0.278935
103 0.502981 0.850116 0.29029 0.299769
103 0.628994 0.838831 0.299075 0.322338
103 0.54505 0.901042 0.320158 0.197917
103 0.490779 0.505208 0.958133 0.482639
105 0.195999 0.0703848 0.391999 0.14077
105 0.207713 0.0366753 0.415425 0.0733507
105 0.139874 0.0809462 0.279748 0.161892
103 0.496636 0.909144 0.971407 0.181713
84 0.499369 0.505208 0.962818 0.484954
105 0.155004 0.0532407 0.310007 0.106481
105 0.249489 0.0150463 0.498979 0.0300926
105 0.154418 0.230179 0.308836 0.460359
103 0.488827 0.507234 0.963599 0.487847
103 0.381945 0.902199 0.32621 0.195602
105 0.191119 0.087963 0.382238 0.175926
103 0.387411 0.899884 0.515182 0.200231
103 0.412692 0.859954 0.265497 0.280093
103 0.462278 0.85706 0.317035 0.28588
103 0.492829 0.898727 0.318401 0.202546
103 0.472429 0.96412 0.649687 0.0717593
105 0.488827 0.506366 0.96516 0.482639
103 0.488437 0.505208 0.969065 0.490741
103 0.408007 0.897859 0.26784 0.204282
103 0.5022 0.898148 0.29966 0.203704
103 0.407226 0.953125 0.333433 0.0937501
103 0.409569 0.954282 0.548955 0.0914352
103 0.493122 0.506366 0.956571 0.493056
103 0.391218 0.898148 0.627823 0.203704
103 0.390828 0.898148 0.378724 0.203704
103 0.492732 0.946759 0.926117 0.106481
103 0.51772 0.898438 0.390437 0.203125
103 0.492341 0.506655 0.96438 0.489005
84 0.492732 0.507523 0.962037 0.489583
103 0.494293 0.506366 0.958914 0.491898
84 0.495074 0.505787 0.95579 0.493055
103 0.432214 0.899884 0.388094 0.200231
103 0.471258 0.901331 0.662962 0.197338
103 0.495074 0.505787 0.95579 0.489583
103 0.507178 0.898727 0.627042 0.202546
103 0.495855 0.503472 0.958914 0.482639
103 0.498198 0.50434 0.952667 0.492477
103 0.495855 0.504919 0.95579 0.491319
103 0.0822846 0.741898 0.164569 0.328704
103 0.496636 0.505208 0.958913 0.491898
105 0.111177 0.0384476 0.222354 0.0768953
105 0.502883 0.502894 0.966722 0.484954
103 0.493512 0.504051 0.962037 0.489583
103 0.493512 0.505208 0.960475 0.487269
103 0.495855 0.505787 0.957352 0.486111
103 0.557544 0.898727 0.288923 0.202546
103 0.495074 0.504919 0.960475 0.487847
103 0.554421 0.898727 0.309226 0.202546
103 0.470086 0.898148 0.327967 0.203704
103 0.569648 0.958912 0.734803 0.082176
103 0.493512 0.50434 0.962037 0.480903
103 0.506006 0.899884 0.971407 0.200231
103 0.500931 0.95081 0.975312 0.0983797
103 0.501321 0.623843 0.94642 0.251157
103 0.404102 0.84809 0.605177 0.30382
103 0.497026 0.505498 0.958133 0.491319
103 0.504445 0.898727 0.974531 0.202546
103 0.502102 0.938657 0.969846 0.122685
103 0.496636 0.505208 0.957352 0.490741
103 0.502102 0.899884 0.976093 0.200231
103 0.500931 0.931713 0.969065 0.136574
103 0.488046 0.846065 0.922993 0.30787
103 0.492341 0.963252 0.967503 0.0734954
103 0.497026 0.505208 0.953447 0.490741
103 0.50054 0.896991 0.976093 0.206019
103 0.490779 0.847801 0.928459 0.304398
103 0.493512 0.945023 0.968284 0.109954
103 0.497026 0.505787 0.951886 0.488426
103 0.501321 0.893519 0.974531 0.212963
103 0.498198 0.824653 0.947981 0.350695
103 0.454371 0.851852 0.690488 0.296296
103 0.495074 0.932292 0.96516 0.135417
84 0.503664 0.50463 0.96516 0.486111
103 0.496636 0.505787 0.952666 0.486111
103 0.495074 0.893519 0.974531 0.212963
103 0.498979 0.824653 0.966722 0.350695
103 0.495855 0.946759 0.960475 0.106481
103 0.31235 0.850694 0.548955 0.298611
84 0.503664 0.505498 0.963599 0.483218
103 0.496636 0.505498 0.95579 0.48669
103 0.495465 0.89294 0.97375 0.21412
103 0.484142 0.844907 0.921431 0.310185
103 0.495855 0.932292 0.960475 0.135417
103 0.318206 0.84838 0.566134 0.303241
103 0.496636 0.50463 0.957352 0.487269
103 0.496636 0.883681 0.971407 0.232639
103 0.498198 0.823785 0.960475 0.352431
103 0.50054 0.50434 0.963599 0.489005
103 0.495855 0.880787 0.976093 0.238426
103 0.500931 0.921296 0.953447 0.157407
103 0.495074 0.818287 0.94642 0.363426
103 0.499759 0.504051 0.962037 0.491898
103 0.497026 0.870949 0.978435 0.258102
109 0.500931 0.878183 0.965941 0.243634
103 0.496636 0.504919 0.95579 0.489005
103 0.496636 0.867477 0.977654 0.265046
109 0.50054 0.874421 0.966722 0.251157
95 0.50054 0.874421 0.966722 0.251157
103 0.50015 0.504051 0.961256 0.491898
103 0.498198 0.868056 0.977654 0.263889
109 0.500931 0.876447 0.967503 0.247106
95 0.500931 0.876447 0.967503 0.247106
103 0.50054 0.504051 0.963599 0.491898
103 0.498198 0.864583 0.974531 0.270833
109 0.50054 0.865741 0.969846 0.268519
103 0.501321 0.504051 0.96516 0.491898
103 0.498198 0.868634 0.974531 0.262731
109 0.501321 0.872685 0.968284 0.25463
103 0.50054 0.50463 0.963599 0.490741
103 0.501321 0.86603 0.968284 0.26794
109 0.501321 0.86603 0.968284 0.26794
103 0.496246 0.505208 0.959694 0.490741
103 0.501321 0.869792 0.969846 0.260417
109 0.501321 0.869792 0.969846 0.260417
95 0.501321 0.869792 0.969846 0.260417
103 0.496636 0.505208 0.958913 0.490741
103 0.501321 0.872106 0.968284 0.255787
109 0.501321 0.872106 0.968284 0.255787
95 0.501321 0.872106 0.968284 0.255787
103 0.2858 0.496817 0.549735 0.471644
103 0.496636 0.505208 0.958913 0.490741
103 0.50054 0.868634 0.966722 0.262731
109 0.50054 0.868634 0.966722 0.262731
95 0.50054 0.868634 0.966722 0.262731
103 0.320744 0.496238 0.618843 0.471643
103 0.496636 0.50463 0.958913 0.490741
103 0.501321 0.865741 0.968284 0.268519
109 0.501321 0.865741 0.968284 0.268519
95 0.501321 0.865741 0.968284 0.268519
103 0.495465 0.50463 0.961256 0.490741
103 0.501321 0.864294 0.968284 0.271412
109 0.501321 0.864294 0.968284 0.271412
95 0.501321 0.864294 0.968284 0.271412
84 0.501321 0.864294 0.968284 0.271412
56 0.501321 0.864294 0.968284 0.271412
104 0.501321 0.864294 0.968284 0.271412
103 0.495074 0.50463 0.962037 0.491898
103 0.501321 0.861979 0.968284 0.276042
109 0.501321 0.861979 0.968284 0.276042
95 0.501321 0.861979 0.968284 0.276042
84 0.501321 0.861979 0.968284 0.276042
56 0.501321 0.861979 0.968284 0.276042
104 0.501321 0.861979 0.968284 0.276042
103 0.495074 0.50463 0.962037 0.490741
103 0.501712 0.859954 0.969065 0.280093
109 0.501712 0.859954 0.969065 0.280093
95 0.501712 0.859954 0.969065 0.280093
56 0.497417 0.867477 0.972969 0.265046
84 0.501712 0.859954 0.969065 0.280093
104 0.501712 0.859954 0.969065 0.280093
103 0.495074 0.50463 0.962037 0.490741
103 0.502493 0.858796 0.969065 0.282407
109 0.502493 0.858796 0.969065 0.282407
95 0.502493 0.858796 0.969065 0.282407
56 0.497807 0.866319 0.972188 0.267361
84 0.502493 0.858796 0.969065 0.282407
104 0.502493 0.858796 0.969065 0.282407
103 0.494684 0.50434 0.962818 0.491319
103 0.502883 0.862269 0.968284 0.275463
95 0.502883 0.862269 0.968284 0.275463
109 0.502883 0.862269 0.968284 0.275463
56 0.498198 0.868634 0.971407 0.262731
84 0.502883 0.862269 0.968284 0.275463
104 0.502883 0.862269 0.968284 0.275463
103 0.494684 0.50434 0.962818 0.491319
103 0.498979 0.870949 0.971407 0.258102
95 0.502883 0.866898 0.968284 0.266204
109 0.502883 0.866898 0.968284 0.266204
56 0.498979 0.870949 0.971407 0.258102
84 0.502883 0.866898 0.968284 0.266204
103 0.493903 0.504051 0.96438 0.491898
103 0.499759 0.873264 0.971407 0.253472
95 0.503273 0.87037 0.967503 0.259259
109 0.503273 0.87037 0.967503 0.259259
56 0.499759 0.873264 0.971407 0.253472
104 0.503273 0.87037 0.967503 0.259259
103 0.493903 0.504051 0.96438 0.491898
103 0.499759 0.875868 0.971407 0.248264
95 0.503273 0.875579 0.967503 0.248843
109 0.503273 0.875579 0.967503 0.248843
56 0.499759 0.875868 0.971407 0.248264
103 0.50054 0.929109 0.96516 0.141782
104 0.499759 0.875868 0.971407 0.248264
84 0.503273 0.875579 0.967503 0.248843
103 0.493903 0.504051 0.96438 0.493056
103 0.499759 0.875579 0.971407 0.248843
95 0.502883 0.876736 0.966722 0.246528
109 0.502883 0.876736 0.966722 0.246528
56 0.499759 0.875579 0.971407 0.248843
103 0.50054 0.931713 0.96516 0.136574
84 0.502883 0.876736 0.966722 0.246528
104 0.499759 0.875579 0.971407 0.248843
67 0.502883 0.876736 0.966722 0.246528
103 0.493903 0.504051 0.96438 0.494213
103 0.499759 0.875 0.971407 0.25
95 0.503664 0.874711 0.966722 0.250579
109 0.503664 0.874711 0.966722 0.250579
56 0.499759 0.875 0.971407 0.25
104 0.503664 0.874711 0.966722 0.250579
84 0.503664 0.874711 0.966722 0.250579
67 0.503664 0.874711 0.966722 0.250579
103 0.493903 0.504051 0.96438 0.494213
103 0.499369 0.875579 0.970627 0.248843
95 0.502883 0.875868 0.96516 0.248264
109 0.502883 0.875868 0.96516 0.248264
56 0.499369 0.875579 0.970627 0.248843
103 0.50054 0.920718 0.96516 0.158565
84 0.502883 0.875868 0.96516 0.248264
104 0.499369 0.875579 0.970627 0.248843
67 0.502883 0.875868 0.96516 0.248264
103 0.493903 0.503762 0.96438 0.494792
103 0.498979 0.875579 0.969846 0.248843
95 0.502883 0.877315 0.96516 0.24537
56 0.498979 0.875579 0.969846 0.248843
109 0.502883 0.877315 0.96516 0.24537
103 0.50054 0.922454 0.96516 0.155093
84 0.502883 0.877315 0.96516 0.24537
104 0.498979 0.875579 0.969846 0.248843
95 0.50054 0.922454 0.96516 0.155093
67 0.502883 0.877315 0.96516 0.24537
103 0.493903 0.504051 0.96438 0.494213
103 0.498979 0.877894 0.969846 0.244213
95 0.502102 0.881366 0.96516 0.237269
56 0.498979 0.877894 0.969846 0.244213
109 0.502102 0.881366 0.96516 0.237269
103 0.50054 0.929109 0.96516 0.141782
84 0.502102 0.881366 0.96516 0.237269
104 0.498979 0.877894 0.969846 0.244213
95 0.50054 0.929109 0.96516 0.141782
67 0.502102 0.881366 0.96516 0.237269
103 0.494293 0.504051 0.963599 0.494213
103 0.498979 0.879051 0.969846 0.241898
95 0.502102 0.885417 0.963599 0.229167
109 0.502102 0.885417 0.963599 0.229167
56 0.498979 0.879051 0.969846 0.241898
103 0.50054 0.931424 0.963599 0.137153
95 0.50054 0.931424 0.963599 0.137153
84 0.502102 0.885417 0.963599 0.229167
104 0.498979 0.879051 0.969846 0.241898
103 0.497026 0.503183 0.96438 0.494792
103 0.498979 0.87963 0.968284 0.240741
95 0.502102 0.888889 0.963599 0.222222
109 0.502102 0.888889 0.963599 0.222222
56 0.498979 0.87963 0.968284 0.240741
103 0.500931 0.929977 0.962818 0.140046
95 0.500931 0.929977 0.962818 0.140046
84 0.502102 0.888889 0.963599 0.222222
104 0.498979 0.87963 0.968284 0.240741
103 0.497417 0.503472 0.963599 0.494213
103 0.498198 0.880787 0.968284 0.238426
95 0.501712 0.892361 0.96438 0.215278
109 0.501712 0.892361 0.96438 0.215278
56 0.498198 0.880787 0.968284 0.238426
103 0.50054 0.930266 0.962037 0.139468
84 0.501712 0.892361 0.96438 0.215278
104 0.498198 0.880787 0.968284 0.238426
103 0.497417 0.503472 0.963599 0.494213
103 0.498979 0.881366 0.968284 0.237269
95 0.501712 0.892361 0.96438 0.215278
109 0.501712 0.892361 0.96438 0.215278
56 0.498979 0.881366 0.968284 0.237269
103 0.50054 0.92419 0.963599 0.15162
84 0.501712 0.892361 0.96438 0.215278
104 0.498979 0.881366 0.968284 0.237269
103 0.497417 0.503472 0.963599 0.494213
103 0.498198 0.880787 0.968284 0.238426
95 0.501321 0.890625 0.963599 0.21875
109 0.501321 0.890625 0.963599 0.21875
56 0.498198 0.880787 0.968284 0.238426
84 0.501321 0.890625 0.963599 0.21875
103 0.497417 0.503183 0.963599 0.494792
103 0.498198 0.880787 0.968284 0.238426
95 0.501321 0.891204 0.963599 0.217593
109 0.501321 0.891204 0.963599 0.217593
56 0.498198 0.880787 0.968284 0.238426
84 0.501321 0.891204 0.963599 0.217593
103 0.497807 0.503472 0.962818 0.49537
103 0.498198 0.881366 0.968284 0.237269
95 0.500931 0.892361 0.96438 0.215278
109 0.500931 0.892361 0.96438 0.215278
56 0.498198 0.881366 0.968284 0.237269
84 0.500931 0.892361 0.96438 0.215278
103 0.498198 0.502894 0.962037 0.49537
103 0.497807 0.881366 0.969065 0.237269
95 0.50015 0.894676 0.96438 0.210648
109 0.50015 0.894676 0.96438 0.210648
56 0.497807 0.881366 0.969065 0.237269
84 0.50015 0.894676 0.96438 0.210648
103 0.498198 0.502894 0.962037 0.49537
103 0.497417 0.881366 0.969846 0.237269
95 0.50054 0.898148 0.96516 0.203704
109 0.50054 0.898148 0.96516 0.203704
56 0.497417 0.881366 0.969846 0.237269
103 0.50054 0.923032 0.962037 0.153935
84 0.50054 0.898148 0.96516 0.203704
103 0.498198 0.503183 0.962037 0.495949
103 0.497417 0.880787 0.969846 0.238426
95 0.50015 0.900463 0.965941 0.199074
109 0.50015 0.900463 0.965941 0.199074
56 0.497417 0.880787 0.969846 0.238426
103 0.50054 0.925347 0.962037 0.149306
84 0.50015 0.900463 0.965941 0.199074
103 0.498198 0.502894 0.962037 0.49537
103 0.497417 0.880787 0.969846 0.238426
95 0.499759 0.903935 0.96516 0.19213
109 0.499759 0.903935 0.96516 0.19213
56 0.497417 0.880787 0.969846 0.238426
103 0.50054 0.929398 0.962037 0.141204
103 0.498198 0.502894 0.962037 0.49537
103 0.497417 0.880208 0.969846 0.239583
95 0.499759 0.905093 0.966722 0.189815
56 0.497417 0.880208 0.969846 0.239583
109 0.499759 0.905093 0.966722 0.189815
103 0.50054 0.929398 0.962037 0.141204
103 0.498198 0.502894 0.962037 0.49537
103 0.497807 0.880498 0.970627 0.239005
95 0.50054 0.909144 0.966722 0.181713
56 0.497807 0.880498 0.970627 0.239005
109 0.50054 0.909144 0.966722 0.181713
103 0.50054 0.93287 0.963599 0.134259
103 0.498198 0.502894 0.962037 0.49537
103 0.497417 0.880208 0.969846 0.239583
95 0.502102 0.918981 0.963599 0.162037
56 0.497417 0.880208 0.969846 0.239583
109 0.50015 0.913194 0.967503 0.173611
103 0.50054 0.9375 0.963599 0.125
103 0.498198 0.502894 0.962037 0.49537
103 0.497417 0.880208 0.969846 0.239583
103 0.502102 0.923032 0.963599 0.153935
95 0.502102 0.923032 0.963599 0.153935
95 0.497417 0.880208 0.969846 0.239583
56 0.497417 0.880208 0.969846 0.239583
109 0.497417 0.880208 0.969846 0.239583
109 0.502102 0.923032 0.963599 0.153935
56 0.502102 0.923032 0.963599 0.153935
103 0.498198 0.502894 0.962037 0.49537
103 0.497807 0.881366 0.970627 0.237269
103 0.502102 0.93287 0.963599 0.134259
95 0.502102 0.93287 0.963599 0.134259
95 0.497807 0.881366 0.970627 0.237269
56 0.497807 0.881366 0.970627 0.237269
109 0.497807 0.881366 0.970627 0.237269
109 0.50015 0.925347 0.967503 0.149306
56 0.50015 0.925347 0.967503 0.149306
103 0.498198 0.502604 0.962037 0.495949
103 0.497417 0.881944 0.969846 0.236111
103 0.502102 0.939236 0.963599 0.121528
95 0.502102 0.939236 0.963599 0.121528
95 0.497417 0.881944 0.969846 0.236111
56 0.497417 0.881944 0.969846 0.236111
109 0.497417 0.881944 0.969846 0.236111
109 0.50015 0.931134 0.967503 0.137731
56 0.50015 0.931134 0.967503 0.137731
103 0.498198 0.502604 0.962037 0.495949
103 0.497807 0.883102 0.970627 0.233796
103 0.502102 0.946759 0.963599 0.106481
95 0.502102 0.946759 0.963599 0.106481
95 0.497807 0.883102 0.970627 0.233796
56 0.497807 0.883102 0.970627 0.233796
109 0.497807 0.883102 0.970627 0.233796
109 0.50015 0.9375 0.967503 0.125
56 0.50015 0.9375 0.967503 0.125
103 0.498198 0.502315 0.962037 0.496528
103 0.498198 0.883102 0.969846 0.233796
103 0.502102 0.951389 0.963599 0.0972222
95 0.502102 0.951389 0.963599 0.0972222
95 0.498198 0.883102 0.969846 0.233796
56 0.498198 0.883102 0.969846 0.233796
109 0.498198 0.883102 0.969846 0.233796
109 0.50015 0.942708 0.967503 0.114583
56 0.50015 0.942708 0.967503 0.114583
103 0.498198 0.502315 0.962037 0.496528
103 0.498198 0.883681 0.971407 0.232639
103 0.502102 0.95544 0.963599 0.0891204
95 0.502102 0.95544 0.963599 0.0891204
95 0.498198 0.883681 0.971407 0.232639
56 0.498198 0.883681 0.971407 0.232639
109 0.498198 0.883681 0.971407 0.232639
109 0.50015 0.946759 0.967503 0.106481
56 0.50015 0.946759 0.967503 0.106481
103 0.497417 0.502315 0.962037 0.496528
103 0.498588 0.884259 0.970627 0.231481
103 0.502102 0.958333 0.963599 0.0833334
95 0.502102 0.958333 0.963599 0.0833334
95 0.498588 0.884259 0.970627 0.231481
56 0.498588 0.884259 0.970627 0.231481
109 0.498588 0.884259 0.970627 0.231481
109 0.499759 0.949074 0.966722 0.101852
56 0.499759 0.949074 0.966722 0.101852
103 0.497417 0.502315 0.962037 0.496528
103 0.498588 0.884259 0.970627 0.231481
103 0.502493 0.962384 0.962818 0.0752315
95 0.502493 0.962384 0.962818 0.0752315
95 0.498588 0.884259 0.970627 0.231481
56 0.498588 0.884259 0.970627 0.231481
109 0.498588 0.884259 0.970627 0.231481
109 0.50054 0.953704 0.966722 0.0925926
103 0.497417 0.502315 0.962037 0.496528
103 0.498588 0.885417 0.970627 0.229167
103 0.502102 0.966435 0.962037 0.0671297
95 0.502102 0.966435 0.962037 0.0671297
95 0.498588 0.885417 0.970627 0.229167
56 0.498588 0.885417 0.970627 0.229167
109 0.498588 0.885417 0.970627 0.229167
109 0.499759 0.957176 0.966722 0.0856482
103 0.497417 0.502315 0.962037 0.496528
103 0.498588 0.885417 0.970627 0.229167
103 0.502102 0.968171 0.962037 0.0636574
95 0.502102 0.968171 0.962037 0.0636574
95 0.498588 0.885417 0.970627 0.229167
56 0.498588 0.885417 0.970627 0.229167
109 0.498588 0.885417 0.970627 0.229167
109 0.50015 0.959491 0.965941 0.0810186
103 0.497417 0.502315 0.962037 0.496528
103 0.498979 0.884259 0.969846 0.231481
103 0.499759 0.960069 0.96516 0.0798612
95 0.502102 0.96875 0.960475 0.0625001
56 0.498979 0.884259 0.969846 0.231481
95 0.498979 0.884259 0.969846 0.231481
109 0.498979 0.884259 0.969846 0.231481
109 0.499759 0.960069 0.96516 0.0798612
103 0.497807 0.502604 0.961256 0.495949
103 0.498979 0.884259 0.969846 0.231481
103 0.499759 0.960069 0.96516 0.0798612
95 0.502102 0.96875 0.960475 0.0625001
56 0.498979 0.884259 0.969846 0.231481
95 0.498979 0.884259 0.969846 0.231481
109 0.498979 0.884259 0.969846 0.231481
109 0.499759 0.960069 0.96516 0.0798612
103 0.497417 0.502604 0.962037 0.495949
103 0.498979 0.883102 0.969846 0.233796
103 0.499759 0.960648 0.96516 0.0787037
95 0.502493 0.969329 0.959694 0.0613426
56 0.498979 0.883102 0.969846 0.233796
95 0.498979 0.883102 0.969846 0.233796
109 0.498979 0.883102 0.969846 0.233796
109 0.499759 0.960648 0.96516 0.0787037
103 0.497417 0.502315 0.962037 0.496528
103 0.499369 0.881944 0.970627 0.236111
103 0.499759 0.959491 0.96516 0.0810186
95 0.502493 0.96875 0.959694 0.0625001
56 0.499369 0.881944 0.970627 0.236111
95 0.499369 0.881944 0.970627 0.236111
109 0.499369 0.881944 0.970627 0.236111
109 0.499759 0.959491 0.96516 0.0810186
103 0.497417 0.502315 0.962037 0.496528
103 0.499369 0.881366 0.970627 0.237269
103 0.499759 0.959491 0.96516 0.0810186
95 0.502493 0.96875 0.959694 0.0625001
56 0.499369 0.881366 0.970627 0.237269
95 0.499369 0.881366 0.970627 0.237269
109 0.499369 0.881366 0.970627 0.237269
109 0.499759 0.959491 0.96516 0.0810186
103 0.497417 0.502315 0.962037 0.496528
103 0.499369 0.881366 0.970627 0.237269
103 0.499759 0.959491 0.96516 0.0810186
95 0.502102 0.968171 0.960475 0.0636574
56 0.499369 0.881366 0.970627 0.237269
95 0.499369 0.881366 0.970627 0.237269
109 0.499369 0.881366 0.970627 0.237269
103 0.498198 0.502315 0.962037 0.496528
103 0.499369 0.880787 0.970627 0.238426
103 0.499759 0.958333 0.96516 0.0833334
95 0.502102 0.967593 0.960475 0.0648149
56 0.499369 0.880787 0.970627 0.238426
95 0.499369 0.880787 0.970627 0.238426
109 0.499369 0.880787 0.970627 0.238426
109 0.499759 0.958333 0.96516 0.0833334
103 0.498198 0.502315 0.962037 0.496528
103 0.499759 0.881366 0.971407 0.237269
103 0.499759 0.958333 0.96516 0.0833334
95 0.502102 0.967593 0.960475 0.0648149
56 0.499759 0.881366 0.971407 0.237269
95 0.499759 0.881366 0.971407 0.237269
109 0.499759 0.881366 0.971407 0.237269
109 0.499759 0.958333 0.96516 0.0833334
103 0.498198 0.502315 0.962037 0.496528
103 0.499759 0.881366 0.971407 0.237269
103 0.499759 0.958333 0.96516 0.0833334
95 0.502102 0.967014 0.960475 0.0659722
56 0.499759 0.881366 0.971407 0.237269
95 0.499759 0.881366 0.971407 0.237269
109 0.499759 0.881366 0.971407 0.237269
109 0.499759 0.958333 0.96516 0.0833334
103 0.498198 0.502315 0.962037 0.496528
103 0.499759 0.882523 0.971407 0.234954
103 0.499759 0.961227 0.96516 0.0775463
95 0.502102 0.969329 0.960475 0.0613426
56 0.499759 0.882523 0.971407 0.234954
95 0.499759 0.882523 0.971407 0.234954
109 0.499759 0.882523 0.971407 0.234954
103 0.498198 0.502315 0.962037 0.496528
103 0.499759 0.883681 0.971407 0.232639
103 0.499759 0.962963 0.96516 0.0740741
95 0.502102 0.971065 0.960475 0.0578704
56 0.499759 0.883681 0.971407 0.232639
95 0.499759 0.883681 0.971407 0.232639
103 0.498198 0.502315 0.962037 0.496528
103 0.499759 0.882523 0.971407 0.234954
103 0.499759 0.961806 0.96516 0.0763889
95 0.502102 0.969907 0.960475 0.0601852
56 0.499759 0.882523 0.971407 0.234954
95 0.499759 0.882523 0.971407 0.234954
103 0.498198 0.502315 0.962037 0.49537
103 0.499759 0.882523 0.971407 0.234954
103 0.499759 0.961227 0.96516 0.0775463
95 0.502102 0.96875 0.960475 0.0625001
56 0.499759 0.882523 0.971407 0.234954
95 0.499759 0.882523 0.971407 0.234954
103 0.498198 0.502604 0.962037 0.495949
103 0.499759 0.881944 0.971407 0.236111
103 0.499759 0.959491 0.96516 0.0810186
95 0.502102 0.967593 0.960475 0.0648149
56 0.499759 0.881944 0.971407 0.236111
95 0.499759 0.881944 0.971407 0.236111
103 0.494293 0.505787 0.962037 0.483796
103 0.499759 0.881944 0.972969 0.236111
103 0.499759 0.959201 0.96516 0.0815972
95 0.502493 0.966435 0.959694 0.0671297
56 0.499759 0.881944 0.972969 0.236111
95 0.499759 0.881944 0.972969 0.236111
103 0.494293 0.505787 0.962037 0.483796
103 0.50015 0.881944 0.972188 0.236111
103 0.499759 0.958333 0.96516 0.0833334
95 0.502102 0.965856 0.960475 0.0682871
56 0.50015 0.881944 0.972188 0.236111
95 0.50015 0.881944 0.972188 0.236111
103 0.494293 0.505787 0.962037 0.483796
103 0.499759 0.881944 0.971407 0.236111
103 0.499759 0.958333 0.96516 0.0833334
95 0.502102 0.966435 0.960475 0.0671297
56 0.499759 0.881944 0.971407 0.236111
95 0.499759 0.881944 0.971407 0.236111
103 0.494293 0.505787 0.962037 0.483796
103 0.499759 0.883102 0.971407 0.233796
103 0.502102 0.967593 0.960475 0.0648149
95 0.502102 0.967593 0.960475 0.0648149
56 0.499759 0.883102 0.971407 0.233796
95 0.499759 0.883102 0.971407 0.233796
103 0.494293 0.505787 0.962037 0.483796
103 0.499759 0.883102 0.972969 0.233796
103 0.502493 0.969329 0.959694 0.0613426
95 0.502493 0.969329 0.959694 0.0613426
56 0.499759 0.883102 0.972969 0.233796
95 0.499759 0.883102 0.972969 0.233796
103 0.494293 0.505787 0.962037 0.483796
103 0.499759 0.882523 0.972969 0.234954
103 0.502493 0.969907 0.959694 0.0601852
95 0.502493 0.969907 0.959694 0.0601852
56 0.499759 0.882523 0.972969 0.234954
95 0.499759 0.882523 0.972969 0.234954
103 0.493903 0.505787 0.961256 0.483796
103 0.499759 0.881944 0.972969 0.236111
103 0.499759 0.961806 0.96516 0.0763889
95 0.502493 0.969907 0.959694 0.0601852
56 0.499759 0.881944 0.972969 0.236111
95 0.499759 0.881944 0.972969 0.236111
103 0.493903 0.505787 0.961256 0.482639
103 0.499759 0.880787 0.971407 0.238426
103 0.502493 0.968171 0.959694 0.0636574
95 0.502493 0.968171 0.959694 0.0636574
56 0.499759 0.880787 0.971407 0.238426
95 0.499759 0.880787 0.971407 0.238426
56 0.502493 0.968171 0.959694 0.0636574
103 0.494293 0.505787 0.960475 0.482639
103 0.499759 0.87963 0.971407 0.240741
103 0.502493 0.966435 0.959694 0.0671297
95 0.502493 0.966435 0.959694 0.0671297
56 0.499759 0.87963 0.971407 0.240741
95 0.499759 0.87963 0.971407 0.240741
56 0.502493 0.966435 0.959694 0.0671297
103 0.494293 0.505498 0.960475 0.483218
103 0.499759 0.878472 0.972969 0.243056
103 0.502493 0.966435 0.959694 0.0671297
95 0.502493 0.966435 0.959694 0.0671297
56 0.499759 0.878472 0.972969 0.243056
95 0.499759 0.878472 0.972969 0.243056
56 0.502493 0.966435 0.959694 0.0671297
103 0.494293 0.505498 0.960475 0.483218
103 0.499759 0.878472 0.971407 0.243056
103 0.502493 0.967593 0.959694 0.0648149
95 0.502493 0.967593 0.959694 0.0648149
56 0.499759 0.878472 0.971407 0.243056
95 0.499759 0.878472 0.971407 0.243056
56 0.502493 0.967593 0.959694 0.0648149
103 0.493903 0.505498 0.961256 0.483218
103 0.499759 0.877315 0.972969 0.24537
103 0.502493 0.966435 0.959694 0.0671297
95 0.502493 0.966435 0.959694 0.0671297
56 0.499759 0.877315 0.972969 0.24537
95 0.499759 0.877315 0.972969 0.24537
56 0.502493 0.966435 0.959694 0.0671297
103 0.493903 0.505498 0.961256 0.483218
103 0.499759 0.875868 0.971407 0.248264
103 0.502493 0.96412 0.959694 0.0717593
95 0.502493 0.96412 0.959694 0.0717593
56 0.499759 0.875868 0.971407 0.248264
95 0.499759 0.875868 0.971407 0.248264
56 0.502493 0.96412 0.959694 0.0717593
103 0.494293 0.505498 0.960475 0.483218
103 0.499759 0.873843 0.971407 0.252315
103 0.499759 0.949074 0.96516 0.101852
95 0.502493 0.961227 0.959694 0.0775463
56 0.499759 0.873843 0.971407 0.252315
56 0.502493 0.961227 0.959694 0.0775463
95 0.499759 0.873843 0.971407 0.252315
103 0.494293 0.505498 0.960475 0.483218
103 0.499759 0.872106 0.971407 0.255787
103 0.499759 0.946181 0.96516 0.107639
95 0.502883 0.959491 0.958914 0.0810186
56 0.499759 0.872106 0.971407 0.255787
56 0.502883 0.959491 0.958914 0.0810186
95 0.499759 0.872106 0.971407 0.255787
103 0.493903 0.505498 0.961256 0.483218
103 0.50015 0.870949 0.972188 0.258102
103 0.499759 0.943287 0.96516 0.113426
95 0.502883 0.957176 0.958914 0.0856482
56 0.50015 0.870949 0.972188 0.258102
56 0.502883 0.957176 0.958914 0.0856482
95 0.50015 0.870949 0.972188 0.258102
103 0.493903 0.505208 0.961256 0.482639
103 0.499759 0.869213 0.971407 0.261574
103 0.499759 0.938657 0.96516 0.122685
95 0.502883 0.953414 0.958914 0.0931713
56 0.499759 0.869213 0.971407 0.261574
56 0.502883 0.953414 0.958914 0.0931713
95 0.499759 0.869213 0.971407 0.261574
109 0.499759 0.938657 0.96516 0.122685
103 0.493903 0.505498 0.961256 0.483218
103 0.499759 0.867766 0.971407 0.264468
103 0.499759 0.932292 0.96516 0.135417
95 0.502883 0.948785 0.958914 0.102431
56 0.499759 0.867766 0.971407 0.264468
56 0.502883 0.948785 0.958914 0.102431
95 0.499759 0.867766 0.971407 0.264468
109 0.499759 0.932292 0.96516 0.135417
103 0.493903 0.505208 0.961256 0.482639
103 0.50015 0.867188 0.972188 0.265625
103 0.499759 0.930556 0.96516 0.138889
95 0.502883 0.947338 0.958914 0.105324
56 0.50015 0.867188 0.972188 0.265625
56 0.502883 0.947338 0.958914 0.105324
95 0.50015 0.867188 0.972188 0.265625
109 0.499759 0.930556 0.96516 0.138889
103 0.493903 0.505498 0.961256 0.483218
103 0.499759 0.866898 0.971407 0.266204
103 0.499759 0.929977 0.96516 0.140046
95 0.502883 0.946759 0.958914 0.106481
56 0.499759 0.866898 0.971407 0.266204
56 0.499759 0.929977 0.96516 0.140046
95 0.499759 0.866898 0.971407 0.266204
109 0.499759 0.929977 0.96516 0.140046
103 0.493903 0.505208 0.961256 0.482639
103 0.499759 0.866898 0.971407 0.266204
103 0.499759 0.929398 0.96516 0.141204
56 0.499759 0.866898 0.971407 0.266204
95 0.502883 0.946759 0.958914 0.106481
56 0.499759 0.929398 0.96516 0.141204
95 0.499759 0.866898 0.971407 0.266204
109 0.499759 0.929398 0.96516 0.141204
103 0.493903 0.505208 0.961256 0.482639
103 0.499759 0.867188 0.971407 0.265625
103 0.499759 0.930556 0.96516 0.138889
56 0.499759 0.867188 0.971407 0.265625
95 0.503273 0.948206 0.958133 0.103588
56 0.499759 0.930556 0.96516 0.138889
95 0.499759 0.867188 0.971407 0.265625
103 0.493903 0.505208 0.961256 0.482639
103 0.499759 0.867477 0.971407 0.265046
103 0.499759 0.931713 0.96516 0.136574
56 0.499759 0.867477 0.971407 0.265046
95 0.503273 0.949074 0.958133 0.101852
56 0.499759 0.931713 0.96516 0.136574
95 0.499759 0.867477 0.971407 0.265046
103 0.493903 0.505498 0.961256 0.483218
103 0.499759 0.867477 0.971407 0.265046
103 0.50015 0.932292 0.96438 0.135417
56 0.499759 0.867477 0.971407 0.265046
95 0.503273 0.949653 0.958133 0.100694
56 0.50015 0.932292 0.96438 0.135417
95 0.499759 0.867477 0.971407 0.265046
103 0.493903 0.505498 0.961256 0.483218
103 0.50015 0.868634 0.970627 0.262731
103 0.50015 0.936053 0.96438 0.127894
56 0.50015 0.868634 0.970627 0.262731
95 0.502883 0.953125 0.957352 0.0937501
95 0.50015 0.868634 0.970627 0.262731
56 0.50015 0.936053 0.96438 0.127894
103 0.493903 0.505208 0.961256 0.482639
103 0.499759 0.868634 0.971407 0.262731
103 0.499759 0.937211 0.963599 0.125579
56 0.499759 0.868634 0.971407 0.262731
95 0.502883 0.953993 0.95579 0.0920139
95 0.499759 0.868634 0.971407 0.262731
56 0.499759 0.937211 0.963599 0.125579
103 0.493903 0.505208 0.961256 0.482639
103 0.50015 0.869213 0.970627 0.261574
103 0.499369 0.9375 0.962818 0.125
56 0.50015 0.869213 0.970627 0.261574
95 0.502883 0.954572 0.95579 0.0908565
95 0.50015 0.869213 0.970627 0.261574
56 0.499369 0.9375 0.962818 0.125
103 0.493903 0.505208 0.961256 0.482639
103 0.499759 0.870081 0.971407 0.259838
103 0.499369 0.942708 0.962818 0.114583
56 0.499759 0.870081 0.971407 0.259838
95 0.502883 0.958623 0.95579 0.0827547
95 0.499759 0.870081 0.971407 0.259838
56 0.499369 0.942708 0.962818 0.114583
103 0.493903 0.505208 0.961256 0.482639
103 0.499759 0.87037 0.971407 0.259259
103 0.499369 0.944734 0.962818 0.110532
56 0.499759 0.87037 0.971407 0.259259
95 0.502883 0.960359 0.95579 0.0792824
95 0.499759 0.87037 0.971407 0.259259
56 0.499369 0.944734 0.962818 0.110532
103 0.493512 0.505208 0.962037 0.482639
103 0.499759 0.870081 0.971407 0.259838
103 0.499369 0.945602 0.962818 0.108796
56 0.499759 0.870081 0.971407 0.259838
95 0.502883 0.961227 0.95579 0.0775463
95 0.499759 0.870081 0.971407 0.259838
56 0.499369 0.945602 0.962818 0.108796
103 0.493512 0.505208 0.962037 0.482639
103 0.499759 0.87037 0.969846 0.259259
103 0.499369 0.947917 0.962818 0.104167
56 0.499759 0.87037 0.969846 0.259259
95 0.502883 0.962963 0.95579 0.0740741
95 0.499759 0.87037 0.969846 0.259259
103 0.493512 0.505208 0.960475 0.483796
103 0.499759 0.87066 0.971407 0.258681
103 0.499369 0.949363 0.962818 0.101273
56 0.499759 0.87066 0.971407 0.258681
95 0.499369 0.949363 0.962818 0.101273
103 0.493512 0.505208 0.960475 0.482639
103 0.499759 0.871528 0.971407 0.256945
103 0.499369 0.952257 0.962818 0.0954862
56 0.499759 0.871528 0.971407 0.256945
95 0.502883 0.966146 0.95579 0.0677084
103 0.493122 0.505208 0.961256 0.482639
103 0.499759 0.871528 0.971407 0.256945
103 0.499369 0.952546 0.962818 0.0949074
56 0.499759 0.871528 0.971407 0.256945
95 0.502883 0.966435 0.95579 0.0671297
103 0.493122 0.505208 0.961256 0.482639
103 0.499759 0.872106 0.971407 0.255787
103 0.499759 0.953993 0.962037 0.0920139
56 0.499759 0.872106 0.971407 0.255787
95 0.499759 0.953993 0.962037 0.0920139
103 0.493122 0.505208 0.961256 0.483796
103 0.499759 0.871817 0.971407 0.256366
103 0.499369 0.954572 0.962818 0.0908565
56 0.499759 0.871817 0.971407 0.256366
95 0.499369 0.954572 0.962818 0.0908565
103 0.493122 0.505208 0.961256 0.482639
103 0.499369 0.872106 0.970627 0.255787
103 0.499369 0.956597 0.962818 0.0868056
56 0.499369 0.872106 0.970627 0.255787
95 0.502883 0.969329 0.95579 0.0613426
103 0.493122 0.505208 0.961256 0.483796
103 0.499369 0.872685 0.970627 0.25463
103 0.499759 0.958912 0.962037 0.082176
56 0.499369 0.872685 0.970627 0.25463
95 0.502883 0.971065 0.95579 0.0578704
103 0.493122 0.505208 0.961256 0.483796
103 0.498979 0.872685 0.969846 0.25463
103 0.499369 0.960359 0.962818 0.0792824
56 0.498979 0.872685 0.969846 0.25463
103 0.493122 0.505208 0.961256 0.483796
103 0.499759 0.873264 0.969846 0.253472
103 0.499369 0.962095 0.962818 0.0758102
56 0.499759 0.873264 0.969846 0.253472
103 0.493122 0.505208 0.961256 0.483796
103 0.499369 0.873843 0.970627 0.252315
103 0.499369 0.96412 0.962818 0.0717593
103 0.493122 0.505208 0.961256 0.483796
103 0.499759 0.874421 0.969846 0.251157
103 0.502883 0.975984 0.95579 0.0480324
103 0.493122 0.505208 0.961256 0.483796
103 0.498979 0.875 0.969846 0.25
103 0.502883 0.976852 0.95579 0.0462964
103 0.493122 0.505208 0.961256 0.483796
103 0.498979 0.875 0.969846 0.25
103 0.502883 0.978009 0.95579 0.0439815
103 0.493122 0.505208 0.961256 0.483796
103 0.498979 0.875 0.969846 0.25
103 0.502883 0.978299 0.95579 0.0434028
103 0.493122 0.505208 0.961256 0.483796
103 0.498979 0.874421 0.969846 0.251157
103 0.502883 0.978009 0.95579 0.0439815
103 0.493122 0.505498 0.961256 0.484375
103 0.498979 0.874421 0.969846 0.251157
103 0.503273 0.978009 0.955009 0.0439815
103 0.492732 0.505208 0.962037 0.483796
103 0.498979 0.873843 0.969846 0.252315
103 0.502883 0.978009 0.95579 0.0439815
103 0.492732 0.505498 0.960475 0.484375
103 0.498979 0.873843 0.969846 0.252315
103 0.502883 0.977431 0.954228 0.0451389
103 0.492732 0.505498 0.960475 0.484375
103 0.498979 0.873264 0.969846 0.253472
103 0.503273 0.976852 0.955009 0.0462964
103 0.492341 0.505498 0.961256 0.484375
103 0.498979 0.872685 0.969846 0.25463
103 0.503273 0.976273 0.955009 0.0474537
103 0.492732 0.505787 0.962037 0.483796
103 0.498979 0.872685 0.969846 0.25463
103 0.502883 0.974537 0.95579 0.050926
103 0.492732 0.505498 0.962037 0.484375
103 0.498979 0.872685 0.969846 0.25463
103 0.502883 0.974537 0.95579 0.050926
103 0.492732 0.505787 0.962037 0.483796
103 0.498979 0.873843 0.969846 0.252315
103 0.502883 0.975694 0.954228 0.0486112
103 0.492732 0.505787 0.962037 0.483796
103 0.498979 0.873843 0.969846 0.252315
103 0.502883 0.976852 0.954228 0.0462964
103 0.492732 0.505787 0.962037 0.483796
103 0.498979 0.873843 0.969846 0.252315
103 0.502883 0.976273 0.954228 0.0474537
103 0.492732 0.505787 0.962037 0.483796
103 0.498979 0.872685 0.969846 0.25463
103 0.502883 0.975116 0.954228 0.0497686
103 0.492732 0.505787 0.962037 0.483796
103 0.498979 0.872685 0.969846 0.25463
103 0.502883 0.973958 0.954228 0.0520834
103 0.492732 0.505787 0.962037 0.483796
103 0.498979 0.872106 0.969846 0.255787
103 0.502102 0.97338 0.954228 0.0532408
103 0.493512 0.505787 0.962037 0.483796
103 0.498979 0.872106 0.969846 0.255787
103 0.502883 0.97338 0.954228 0.0532408
103 0.493512 0.505787 0.962037 0.483796
103 0.498979 0.872106 0.969846 0.255787
103 0.502102 0.97338 0.954228 0.0532408
103 0.493512 0.505787 0.962037 0.483796
103 0.498198 0.872106 0.969846 0.255787
103 0.502493 0.97338 0.953447 0.0532408
103 0.493512 0.505787 0.962037 0.483796
103 0.498588 0.872106 0.969065 0.255787
103 0.502102 0.97338 0.954228 0.0532408
103 0.493512 0.505787 0.962037 0.483796
103 0.498198 0.871817 0.968284 0.256366
103 0.502102 0.972222 0.954228 0.0555556
103 0.493512 0.505787 0.962037 0.483796
103 0.498198 0.871528 0.968284 0.256945
103 0.502102 0.971065 0.954228 0.0578704
103 0.493512 0.505787 0.962037 0.483796
103 0.498198 0.871528 0.968284 0.256945
103 0.502102 0.972222 0.954228 0.0555556
103 0.493122 0.505787 0.962818 0.483796
103 0.498198 0.87066 0.968284 0.258681
103 0.502102 0.971065 0.954228 0.0578704
103 0.493122 0.505787 0.962818 0.483796
103 0.498198 0.87037 0.968284 0.259259
103 0.493512 0.505787 0.962037 0.483796
103 0.498198 0.869502 0.968284 0.260995
103 0.502102 0.969907 0.954228 0.0601852
103 0.493122 0.505787 0.962818 0.483796
103 0.498198 0.869213 0.968284 0.261574
103 0.493122 0.505787 0.962818 0.483796
103 0.498198 0.868634 0.968284 0.262731
103 0.493122 0.505787 0.962818 0.483796
103 0.498198 0.868345 0.968284 0.26331
103 0.493122 0.505787 0.962818 0.483796
103 0.493122 0.505787 0.962818 0.483796
103 0.493512 0.505787 0.962037 0.483796
103 0.493512 0.505787 0.962037 0.483796
103 0.493512 0.505787 0.962037 0.483796
103 0.493512 0.505787 0.962037 0.483796
103 0.493512 0.505787 0.962037 0.483796
103 0.493512 0.505787 0.962037 0.483796
103 0.493512 0.505787 0.962037 0.483796
103 0.493512 0.505787 0.962037 0.483796
103 0.493512 0.505787 0.962037 0.483796
103 0.493512 0.505787 0.962037 0.483796
103 0.493512 0.505787 0.962037 0.483796
103 0.493512 0.505787 0.962037 0.483796
103 0.493903 0.505787 0.961256 0.483796
103 0.493903 0.505787 0.961256 0.483796
103 0.493903 0.505787 0.961256 0.483796
103 0.493903 0.505787 0.961256 0.483796
103 0.493903 0.505787 0.961256 0.483796
103 0.493903 0.505787 0.961256 0.483796
103 0.493903 0.505787 0.961256 0.483796
103 0.493903 0.505787 0.961256 0.483796
103 0.493903 0.506076 0.961256 0.483218
103 0.494293 0.506076 0.960475 0.483218
103 0.493903 0.506076 0.961256 0.483218
103 0.494293 0.506076 0.960475 0.483218
103 0.493903 0.506076 0.961256 0.483218
103 0.493903 0.506076 0.961256 0.483218
103 0.493903 0.506076 0.961256 0.483218
103 0.493903 0.506076 0.961256 0.483218
103 0.493903 0.506076 0.961256 0.483218
103 0.493903 0.506076 0.961256 0.483218
103 0.493903 0.506076 0.961256 0.483218
103 0.493903 0.506076 0.961256 0.483218
103 0.493903 0.506076 0.961256 0.483218
103 0.493903 0.506076 0.961256 0.483218
103 0.493903 0.506076 0.961256 0.483218
103 0.493903 0.506076 0.961256 0.483218
103 0.493903 0.506076 0.961256 0.483218
103 0.493512 0.505787 0.962037 0.482639
103 0.493512 0.506366 0.962037 0.482639
103 0.493512 0.506366 0.962037 0.482639
103 0.493512 0.506076 0.962037 0.483218
103 0.493512 0.506076 0.962037 0.483218
103 0.493512 0.506076 0.962037 0.483218
103 0.493512 0.505787 0.962037 0.482639
103 0.493512 0.505787 0.962037 0.482639
103 0.493512 0.505787 0.962037 0.482639
103 0.493903 0.505787 0.961256 0.482639
103 0.493903 0.505787 0.961256 0.482639
103 0.493903 0.505787 0.961256 0.482639
103 0.493903 0.505787 0.961256 0.482639
103 0.494293 0.505787 0.960475 0.482639
103 0.494293 0.505787 0.960475 0.482639
103 0.494293 0.505787 0.960475 0.482639
103 0.494293 0.505787 0.960475 0.482639
103 0.494293 0.505787 0.960475 0.482639
103 0.494293 0.505787 0.960475 0.482639
103 0.494293 0.505787 0.960475 0.482639
103 0.494293 0.505787 0.960475 0.482639
103 0.494293 0.505787 0.960475 0.482639
103 0.494293 0.505787 0.960475 0.482639
103 0.494293 0.505787 0.960475 0.482639
103 0.494293 0.505787 0.960475 0.482639
103 0.494293 0.505498 0.960475 0.48206
103 0.494293 0.505498 0.960475 0.48206
103 0.494293 0.505498 0.960475 0.48206
103 0.494293 0.505498 0.960475 0.48206
103 0.494293 0.505787 0.960475 0.482639
103 0.494293 0.505498 0.960475 0.48206
103 0.494293 0.505498 0.960475 0.48206
103 0.494293 0.505498 0.960475 0.48206
103 0.494293 0.505498 0.960475 0.48206
103 0.494293 0.505498 0.960475 0.48206
103 0.494293 0.505498 0.960475 0.48206
103 0.494293 0.505498 0.960475 0.48206
103 0.494293 0.505787 0.960475 0.482639
103 0.494293 0.505498 0.960475 0.48206
103 0.494293 0.505498 0.958914 0.48206
103 0.494293 0.505787 0.958914 0.482639
103 0.494293 0.505787 0.958914 0.482639
103 0.494293 0.505787 0.958914 0.482639
103 0.493512 0.505498 0.958913 0.48206
103 0.493512 0.505498 0.958913 0.48206
103 0.493512 0.505787 0.958913 0.482639
103 0.493512 0.505498 0.958913 0.48206
103 0.493512 0.505498 0.958913 0.48206
103 0.493512 0.505498 0.958913 0.48206
103 0.493512 0.505498 0.958913 0.48206
103 0.493512 0.505498 0.958913 0.48206
103 0.493512 0.505498 0.958913 0.48206
103 0.493512 0.505498 0.958913 0.48206
103 0.493512 0.505498 0.958913 0.48206
103 0.493512 0.505498 0.958913 0.48206
103 0.493512 0.505787 0.958913 0.482639
103 0.493512 0.505787 0.958913 0.482639
103 0.493512 0.505787 0.958913 0.482639
103 0.493512 0.505787 0.958913 0.482639
103 0.493512 0.506076 0.958913 0.483218
103 0.493512 0.506076 0.958913 0.483218
103 0.493512 0.506076 0.958913 0.483218
103 0.493512 0.506076 0.958913 0.483218
103 0.493512 0.505787 0.962037 0.483796
