48 0.490593 0.454702 0.954647 0.388761
50 0.490593 0.454702 0.954647 0.388761
54 0.490593 0.454702 0.954647 0.388761
68 0.490203 0.444667 0.955428 0.40883
49 0.490593 0.454702 0.954647 0.388761
79 0.483568 0.480505 0.934352 0.334862
109 0.490593 0.454702 0.954647 0.388761
95 0.483568 0.480505 0.934352 0.334862
104 0.490593 0.454702 0.954647 0.388761
67 0.490593 0.454702 0.954647 0.388761
101 0.491764 0.47133 0.933571 0.354358
77 0.490593 0.454702 0.954647 0.388761
74 0.481617 0.46617 0.935133 0.364679
103 0.490203 0.444667 0.955428 0.40883
84 0.483568 0.480505 0.934352 0.334862
53 0.483568 0.480505 0.934352 0.334862
111 0.490593 0.454702 0.954647 0.388761
56 0.481617 0.46617 0.935133 0.364679
102 0.490593 0.454702 0.954647 0.388761
17 0.483568 0.480505 0.934352 0.334862
73 0.490203 0.444667 0.955428 0.40883
76 0.490593 0.454702 0.954647 0.388761
97 0.490593 0.454702 0.954647 0.388761
81 0.490593 0.454702 0.954647 0.388761
110 0.483568 0.480505 0.934352 0.334862
75 0.490203 0.444667 0.955428 0.40883
66 0.490203 0.444667 0.955428 0.40883
42 0.483568 0.480505 0.934352 0.334862
100 0.481617 0.46617 0.935133 0.364679
46 0.490593 0.454702 0.954647 0.388761
99 0.487861 0.480791 0.947622 0.336583
33 0.483568 0.480505 0.934352 0.334862
51 0.483568 0.480505 0.934352 0.334862
108 0.483568 0.480505 0.934352 0.334862
47 0.487861 0.480791 0.947622 0.336583
78 0.490203 0.444667 0.955428 0.40883
80 0.490593 0.454702 0.954647 0.388761
14 0.483568 0.480505 0.934352 0.334862
105 0.483568 0.480505 0.934352 0.334862
0 0.483568 0.480505 0.934352 0.334862
41 0.483568 0.480505 0.934352 0.334862
11 0.483568 0.480505 0.934352 0.334862
50 0.467566 0.496846 0.875809 0.286124
16 0.490593 0.454702 0.954647 0.388761
5 0.490203 0.444667 0.955428 0.40883
28 0.481617 0.46617 0.935133 0.364679
21 0.483568 0.480505 0.934352 0.334862
31 0.490593 0.454702 0.954647 0.388761
7 0.490593 0.454702 0.954647 0.388761
34 0.490203 0.444667 0.955428 0.40883
48 0.467566 0.496846 0.875809 0.286124
52 0.494886 0.437428 0.941377 0.422162
38 0.481617 0.46617 0.935133 0.364679
15 0.483568 0.480505 0.934352 0.334862
12 0.494886 0.437428 0.941377 0.422162
22 0.490203 0.444667 0.955428 0.40883
4 0.490593 0.454702 0.954647 0.388761
65 0.490203 0.444667 0.955428 0.40883
13 0.467957 0.485378 0.91874 0.318234
52 0.466005 0.488532 0.907032 0.309633
95 0.487861 0.409475 0.950744 0.479214
68 0.467566 0.496846 0.875809 0.286124
94 0.483568 0.480505 0.934352 0.334862
49 0.467566 0.496846 0.875809 0.286124
92 0.490593 0.454702 0.954647 0.388761
66 0.467566 0.496846 0.875809 0.286124
53 0.487861 0.409475 0.950744 0.479214
17 0.487861 0.409475 0.950744 0.479214
26 0.481617 0.46617 0.935133 0.364679
71 0.483568 0.480505 0.934352 0.334862
72 0.490203 0.444667 0.955428 0.40883
79 0.487861 0.409475 0.950744 0.479214
109 0.467566 0.496846 0.875809 0.286124
55 0.491764 0.47133 0.933571 0.354358
24 0.481617 0.46617 0.935133 0.364679
88 0.490203 0.444667 0.955428 0.40883
111 0.467566 0.496846 0.875809 0.286124
54 0.47225 0.50172 0.866442 0.280963
67 0.467566 0.496846 0.875809 0.286124
8 0.483568 0.480505 0.934352 0.334862
73 0.467566 0.496846 0.875809 0.286124
103 0.467566 0.496846 0.875809 0.286124
84 0.487861 0.409475 0.950744 0.479214
36 0.467957 0.485378 0.91874 0.318234
14 0.487861 0.409475 0.950744 0.479214
12 0.467566 0.492546 0.916399 0.307339
104 0.49918 0.411411 0.94528 0.514335
108 0.49918 0.411411 0.94528 0.514335
78 0.49918 0.411411 0.94528 0.514335
81 0.49918 0.411411 0.94528 0.514335
56 0.49918 0.411411 0.94528 0.514335
79 0.49918 0.411411 0.94528 0.514335
54 0.49918 0.411411 0.94528 0.514335
80 0.49918 0.411411 0.94528 0.514335
105 0.49918 0.411411 0.94528 0.514335
111 0.49918 0.411411 0.94528 0.514335
74 0.49918 0.411411 0.94528 0.514335
66 0.49918 0.411411 0.94528 0.514335
75 0.49918 0.411411 0.94528 0.514335
33 0.49918 0.411411 0.94528 0.514335
103 0.49918 0.411411 0.94528 0.514335
95 0.49918 0.411411 0.94528 0.514335
17 0.49918 0.411411 0.94528 0.514335
104 0.507376 0.494266 0.971039 0.357798
84 0.49918 0.411411 0.94528 0.514335
46 0.49918 0.411411 0.94528 0.514335
99 0.49918 0.411411 0.94528 0.514335
110 0.511279 0.411124 0.963233 0.518349
108 0.507376 0.494266 0.971039 0.357798
41 0.49918 0.411411 0.94528 0.514335
111 0.507376 0.494266 0.971039 0.357798
78 0.507376 0.494266 0.971039 0.357798
109 0.511279 0.411124 0.963233 0.518349
68 0.511279 0.411124 0.963233 0.518349
54 0.507376 0.494266 0.971039 0.357798
42 0.511279 0.411124 0.963233 0.518349
80 0.507376 0.494266 0.971039 0.357798
74 0.507376 0.494266 0.971039 0.357798
56 0.507376 0.494266 0.971039 0.357798
53 0.511279 0.411124 0.963233 0.518349
81 0.507376 0.494266 0.971039 0.357798
79 0.491764 0.492546 0.933571 0.356651
52 0.511279 0.411124 0.963233 0.518349
68 0.507376 0.494266 0.971039 0.357798
66 0.507376 0.494266 0.971039 0.357798
103 0.507376 0.494266 0.971039 0.357798
105 0.507376 0.494266 0.971039 0.357798
101 0.511279 0.411124 0.963233 0.518349
48 0.511279 0.411124 0.963233 0.518349
75 0.507376 0.494266 0.971039 0.357798
95 0.507376 0.494266 0.971039 0.357798
110 0.507376 0.494266 0.971039 0.357798
46 0.507376 0.494266 0.971039 0.357798
76 0.49918 0.411411 0.94528 0.514335
101 0.507376 0.494266 0.971039 0.357798
67 0.509717 0.451333 0.963233 0.444811
77 0.49918 0.411411 0.94528 0.514335
109 0.507376 0.494266 0.971039 0.357798
73 0.511279 0.411124 0.963233 0.518349
50 0.511279 0.411124 0.963233 0.518349
111 0.510108 0.877294 0.974942 0.245413
97 0.49918 0.411411 0.94528 0.514335
84 0.507376 0.494266 0.971039 0.357798
111 0.503473 0.930619 0.981967 0.138761
33 0.507376 0.494266 0.971039 0.357798
41 0.507376 0.494266 0.971039 0.357798
48 0.507376 0.494266 0.971039 0.357798
99 0.507376 0.494266 0.971039 0.357798
77 0.507376 0.494266 0.971039 0.357798
53 0.507376 0.494266 0.971039 0.357798
17 0.508937 0.494266 0.960111 0.360092
108 0.381703 0.380734 0.752477 0.549312
52 0.507376 0.494266 0.971039 0.357798
50 0.510108 0.877294 0.974942 0.245413
50 0.502692 0.949541 0.989773 0.100917
31 0.496448 0.44094 0.942938 0.452982
42 0.507376 0.494266 0.971039 0.357798
48 0.510108 0.877294 0.974942 0.245413
50 0.507376 0.494266 0.971039 0.357798
73 0.507376 0.494266 0.971039 0.357798
105 0.390679 0.447248 0.764186 0.411697
102 0.507376 0.494266 0.971039 0.357798
68 0.501521 0.935493 0.976503 0.129014
100 0.511279 0.411124 0.963233 0.518349
48 0.503473 0.930619 0.981967 0.138761
76 0.507376 0.494266 0.971039 0.357798
111 0.508156 0.957569 0.980406 0.0848623
28 0.49918 0.411411 0.94528 0.514335
46 0.503473 0.930619 0.981967 0.138761
102 0.49918 0.411411 0.94528 0.514335
79 0.390679 0.447248 0.764186 0.411697
21 0.496448 0.44094 0.942938 0.452982
78 0.381703 0.380734 0.752477 0.549312
48 0.508156 0.957569 0.980406 0.0848623
47 0.511279 0.411124 0.963233 0.518349
49 0.511279 0.411124 0.963233 0.518349
104 0.390679 0.447248 0.764186 0.411697
97 0.508937 0.494266 0.960111 0.360092
73 0.503473 0.930619 0.981967 0.138761
68 0.510108 0.877294 0.974942 0.245413
99 0.503473 0.930619 0.981967 0.138761
109 0.510108 0.877294 0.974942 0.245413
101 0.503473 0.930619 0.981967 0.138761
101 0.510108 0.877294 0.974942 0.245413
73 0.510108 0.877294 0.974942 0.245413
46 0.510108 0.877294 0.974942 0.245413
76 0.503473 0.930619 0.981967 0.138761
99 0.508156 0.957569 0.980406 0.0848623
109 0.503473 0.930619 0.981967 0.138761
110 0.503473 0.930619 0.981967 0.138761
95 0.502692 0.949541 0.989773 0.100917
46 0.508156 0.957569 0.980406 0.0848623
105 0.218952 0.449541 0.425415 0.408257
108 0.22949 0.376147 0.448052 0.559633
102 0.503473 0.930619 0.981967 0.138761
47 0.507376 0.494266 0.971039 0.357798
66 0.381703 0.380734 0.752477 0.549312
35 0.49918 0.411411 0.94528 0.514335
100 0.507376 0.494266 0.971039 0.357798
67 0.510888 0.353211 0.964014 0.631881
77 0.503473 0.930619 0.981967 0.138761
101 0.508156 0.957569 0.980406 0.0848623
110 0.508156 0.957569 0.980406 0.0848623
68 0.535516 0.957569 0.928967 0.0848623
110 0.510108 0.877294 0.974942 0.245413
50 0.596401 0.959576 0.807197 0.0808486
75 0.503473 0.930619 0.981967 0.138761
33 0.381703 0.380734 0.752477 0.549312
102 0.510108 0.877294 0.974942 0.245413
72 0.49918 0.411411 0.94528 0.514335
95 0.381703 0.380734 0.752477 0.549312
73 0.508156 0.957569 0.980406 0.0848623
49 0.503473 0.930619 0.981967 0.138761
104 0.218952 0.449541 0.425415 0.408257
75 0.510108 0.877294 0.974942 0.245413
99 0.510108 0.877294 0.974942 0.245413
74 0.390679 0.447248 0.764186 0.411697
14 0.496448 0.44094 0.942938 0.452982
95 0.510108 0.877294 0.974942 0.245413
49 0.508156 0.957569 0.980406 0.0848623
77 0.508156 0.957569 0.980406 0.0848623
100 0.503473 0.930619 0.981967 0.138761
81 0.381703 0.380734 0.752477 0.549312
56 0.381703 0.380734 0.752477 0.549312
67 0.501521 0.935493 0.976503 0.129014
51 0.511279 0.411124 0.963233 0.518349
49 0.510108 0.877294 0.974942 0.245413
76 0.510108 0.877294 0.974942 0.245413
51 0.503473 0.930619 0.981967 0.138761
16 0.496448 0.44094 0.942938 0.452982
67 0.496448 0.512041 0.9726 0.316514
77 0.510108 0.877294 0.974942 0.245413
108 0.218952 0.449541 0.425415 0.408257
76 0.508156 0.957569 0.980406 0.0848623
104 0.503473 0.930619 0.981967 0.138761
54 0.501521 0.935493 0.976503 0.129014
49 0.507376 0.494266 0.971039 0.357798
103 0.510108 0.877294 0.974942 0.245413
104 0.22949 0.376147 0.448052 0.559633
74 0.501521 0.935493 0.976503 0.129014
103 0.381703 0.380734 0.752477 0.549312
111 0.381703 0.380734 0.752477 0.549312
66 0.501521 0.935493 0.976503 0.129014
95 0.501131 0.461583 0.989773 0.419725
108 0.49957 0.395069 0.992895 0.549312
81 0.49957 0.395069 0.992895 0.549312
78 0.49957 0.395069 0.992895 0.549312
79 0.49957 0.395069 0.992895 0.549312
56 0.501131 0.461583 0.989773 0.419725
53 0.501131 0.444381 0.983528 0.461009
95 0.498009 0.367546 0.986651 0.611239
104 0.501131 0.461583 0.989773 0.419725
56 0.498009 0.367546 0.986651 0.611239
68 0.501131 0.444381 0.983528 0.461009
105 0.501131 0.461583 0.989773 0.419725
104 0.498009 0.367546 0.986651 0.611239
105 0.498009 0.367546 0.986651 0.611239
80 0.49957 0.395069 0.992895 0.549312
84 0.501131 0.461583 0.989773 0.419725
52 0.501131 0.461583 0.989773 0.419725
74 0.501131 0.461583 0.989773 0.419725
81 0.488642 0.46617 0.955428 0.399083
52 0.498009 0.367546 0.986651 0.611239
108 0.488642 0.46617 0.955428 0.399083
84 0.498009 0.367546 0.986651 0.611239
78 0.488642 0.46617 0.955428 0.399083
79 0.488642 0.46617 0.955428 0.399083
67 0.501131 0.444381 0.983528 0.461009
101 0.501131 0.444381 0.983528 0.461009
109 0.501131 0.444381 0.983528 0.461009
54 0.501131 0.461583 0.989773 0.419725
74 0.498009 0.367546 0.986651 0.611239
111 0.501131 0.444381 0.983528 0.461009
53 0.495667 0.335436 0.988212 0.666284
110 0.501131 0.461583 0.989773 0.419725
75 0.501131 0.444381 0.983528 0.461009
48 0.498009 0.367546 0.986651 0.611239
78 0.494106 0.427179 0.986651 0.854358
95 0.498789 0.56422 0.98509 0.521789
54 0.498009 0.367546 0.986651 0.611239
77 0.501131 0.444381 0.983528 0.461009
80 0.488642 0.46617 0.955428 0.399083
104 0.505034 0.597334 0.981967 0.610378
66 0.49957 0.395069 0.992895 0.549312
48 0.501131 0.461583 0.989773 0.419725
108 0.494106 0.427179 0.986651 0.854358
102 0.501131 0.444381 0.983528 0.461009
78 0.505034 0.597334 0.981967 0.610378
81 0.489422 0.616829 0.955428 0.628727
68 0.498789 0.56422 0.98509 0.521789
68 0.495667 0.335436 0.988212 0.666284
53 0.498789 0.56422 0.98509 0.521789
17 0.49957 0.395069 0.992895 0.549312
110 0.498009 0.367546 0.986651 0.611239
103 0.501131 0.461583 0.989773 0.419725
56 0.498789 0.56422 0.98509 0.521789
79 0.505034 0.597334 0.981967 0.610378
108 0.505034 0.597334 0.981967 0.610378
105 0.498789 0.56422 0.98509 0.521789
76 0.501131 0.444381 0.983528 0.461009
81 0.495667 0.403096 0.991334 0.806193
33 0.49957 0.395069 0.992895 0.549312
95 0.494106 0.427179 0.986651 0.854358
103 0.498009 0.367546 0.986651 0.611239
79 0.495667 0.403096 0.991334 0.806193
111 0.495667 0.335436 0.988212 0.666284
67 0.498789 0.56422 0.98509 0.521789
104 0.494106 0.427179 0.986651 0.854358
84 0.498789 0.56422 0.98509 0.521789
80 0.494106 0.427179 0.986651 0.854358
56 0.494106 0.427179 0.986651 0.854358
52 0.498789 0.56422 0.98509 0.521789
67 0.495667 0.335436 0.988212 0.666284
101 0.495667 0.335436 0.988212 0.666284
109 0.495667 0.335436 0.988212 0.666284
52 0.494106 0.427179 0.986651 0.854358
75 0.495667 0.335436 0.988212 0.666284
41 0.489422 0.443306 0.964795 0.448251
109 0.498789 0.56422 0.98509 0.521789
80 0.505034 0.597334 0.981967 0.610378
105 0.494106 0.427179 0.986651 0.854358
66 0.488642 0.46617 0.955428 0.399083
73 0.498009 0.367546 0.986651 0.611239
101 0.498789 0.56422 0.98509 0.521789
46 0.501131 0.444381 0.983528 0.461009
17 0.488642 0.46617 0.955428 0.399083
74 0.505034 0.597334 0.981967 0.610378
99 0.501131 0.444381 0.983528 0.461009
47 0.501131 0.444381 0.983528 0.461009
74 0.494106 0.427179 0.986651 0.854358
102 0.498789 0.56422 0.98509 0.521789
56 0.49996 0.633601 0.982748 0.732798
84 0.494106 0.427179 0.986651 0.854358
74 0.501912 0.459862 0.95855 0.385321
104 0.49957 0.478784 0.952305 0.349771
95 0.497228 0.491686 0.950744 0.336583
97 0.498009 0.461583 0.952305 0.388761
66 0.498009 0.497706 0.944499 0.323395
108 0.501912 0.459862 0.95855 0.385321
79 0.49957 0.478784 0.952305 0.349771
105 0.49957 0.478784 0.952305 0.349771
33 0.501912 0.459862 0.95855 0.385321
67 0.498009 0.497706 0.944499 0.323395
84 0.498009 0.497706 0.944499 0.323395
103 0.498009 0.461583 0.952305 0.388761
68 0.497228 0.491686 0.950744 0.336583
80 0.500741 0.481365 0.943719 0.361812
42 0.500741 0.481365 0.943719 0.361812
75 0.500741 0.481365 0.943719 0.361812
109 0.498009 0.497706 0.944499 0.323395
41 0.498009 0.461583 0.952305 0.388761
17 0.501912 0.459862 0.95855 0.385321
81 0.497228 0.491686 0.950744 0.336583
78 0.498009 0.497706 0.944499 0.323395
77 0.498009 0.497706 0.944499 0.323395
54 0.500741 0.481365 0.943719 0.361812
56 0.497228 0.491686 0.950744 0.336583
66 0.500351 0.425172 0.95855 0.444381
53 0.498009 0.497706 0.944499 0.323395
101 0.498009 0.497706 0.944499 0.323395
76 0.500741 0.481365 0.943719 0.361812
84 0.500351 0.425172 0.95855 0.444381
95 0.51405 0.430118 0.971899 0.426462
110 0.498009 0.497706 0.944499 0.323395
52 0.498009 0.497706 0.944499 0.323395
100 0.500741 0.481365 0.943719 0.361812
41 0.49957 0.371846 0.95855 0.53039
42 0.49957 0.371846 0.95855 0.53039
28 0.501912 0.459862 0.95855 0.385321
68 0.495667 0.874427 0.960111 0.251147
50 0.500741 0.481365 0.943719 0.361812
21 0.501912 0.459862 0.95855 0.385321
74 0.49957 0.371846 0.95855 0.53039
78 0.51405 0.430118 0.971899 0.426462
32 0.498009 0.461583 0.952305 0.388761
97 0.49957 0.371846 0.95855 0.53039
67 0.500351 0.425172 0.95855 0.444381
108 0.49957 0.371846 0.95855 0.53039
56 0.51405 0.430118 0.971899 0.426462
73 0.500741 0.481365 0.943719 0.361812
99 0.500741 0.481365 0.943719 0.361812
80 0.49957 0.371846 0.95855 0.53039
53 0.500351 0.425172 0.95855 0.444381
81 0.49918 0.421158 0.949964 0.459289
33 0.49957 0.371846 0.95855 0.53039
52 0.500351 0.425172 0.95855 0.444381
109 0.500351 0.425172 0.95855 0.444381
54 0.49957 0.371846 0.95855 0.53039
111 0.489813 0.509748 0.954647 0.313073
14 0.501912 0.459862 0.95855 0.385321
68 0.494496 0.990252 0.942158 0.0194954
75 0.49957 0.371846 0.95855 0.53039
101 0.500351 0.425172 0.95855 0.444381
68 0.49918 0.421158 0.949964 0.459289
68 0.497228 0.805619 0.960111 0.388761
104 0.39146 0.454989 0.761064 0.367546
50 0.500351 0.887041 0.969478 0.225917
97 0.484349 0.522362 0.968697 0.331422
79 0.39146 0.454989 0.761064 0.367546
74 0.508937 0.472477 0.971039 0.376147
66 0.508937 0.472477 0.971039 0.376147
78 0.505424 0.466743 0.942158 0.386468
79 0.508937 0.472477 0.971039 0.376147
109 0.504644 0.486812 0.981187 0.355505
68 0.504644 0.486812 0.981187 0.355505
95 0.510498 0.461583 0.964795 0.402523
101 0.504644 0.486812 0.981187 0.355505
77 0.504644 0.486812 0.981187 0.355505
104 0.508937 0.472477 0.971039 0.376147
108 0.504253 0.462443 0.980406 0.397362
56 0.510498 0.461583 0.964795 0.402523
76 0.510498 0.461583 0.964795 0.402523
97 0.510498 0.461583 0.964795 0.402523
67 0.504644 0.486812 0.981187 0.355505
110 0.504644 0.486812 0.981187 0.355505
33 0.504253 0.462443 0.980406 0.397362
17 0.504253 0.462443 0.980406 0.397362
75 0.504253 0.462443 0.980406 0.397362
102 0.504644 0.486812 0.981187 0.355505
84 0.510498 0.461583 0.964795 0.402523
81 0.508937 0.472477 0.971039 0.376147
50 0.510498 0.461583 0.964795 0.402523
111 0.51362 0.486812 0.964795 0.348624
103 0.510498 0.461583 0.964795 0.402523
49 0.510498 0.461583 0.964795 0.402523
80 0.504253 0.462443 0.980406 0.397362
54 0.510498 0.461583 0.964795 0.402523
74 0.510498 0.393922 0.967917 0.540138
53 0.510498 0.461583 0.964795 0.402523
41 0.504253 0.462443 0.980406 0.397362
78 0.510498 0.393922 0.967917 0.540138
66 0.510498 0.393922 0.967917 0.540138
42 0.510498 0.461583 0.964795 0.402523
100 0.510498 0.461583 0.964795 0.402523
109 0.501912 0.396789 0.980406 0.525229
104 0.510498 0.393922 0.967917 0.540138
68 0.501912 0.396789 0.980406 0.525229
48 0.510498 0.461583 0.964795 0.402523
110 0.501912 0.396789 0.980406 0.525229
75 0.501131 0.390482 0.980406 0.514908
66 0.506985 0.468463 0.964014 0.363532
103 0.501131 0.390482 0.980406 0.514908
66 0.501131 0.390482 0.980406 0.514908
75 0.506985 0.468463 0.964014 0.363532
54 0.501131 0.390482 0.980406 0.514908
84 0.501131 0.390482 0.980406 0.514908
74 0.506985 0.468463 0.964014 0.363532
74 0.501131 0.390482 0.980406 0.514908
33 0.501131 0.390482 0.980406 0.514908
95 0.508156 0.410837 0.967917 0.475344
103 0.506985 0.468463 0.964014 0.363532
41 0.502302 0.35787 0.979625 0.582425
97 0.508156 0.410837 0.967917 0.475344
109 0.508156 0.410837 0.967917 0.475344
54 0.506985 0.468463 0.964014 0.363532
84 0.506985 0.468463 0.964014 0.363532
80 0.502302 0.35787 0.979625 0.582425
79 0.502302 0.423739 0.974942 0.455275
50 0.508156 0.410837 0.967917 0.475344
76 0.508156 0.410837 0.967917 0.475344
68 0.49957 0.502007 0.980406 0.291858
108 0.501131 0.390482 0.980406 0.514908
109 0.49957 0.502007 0.980406 0.291858
77 0.49957 0.502007 0.980406 0.291858
33 0.506985 0.468463 0.964014 0.363532
50 0.49957 0.502007 0.980406 0.291858
68 0.502302 0.423739 0.974942 0.455275
95 0.49957 0.502007 0.980406 0.291858
104 0.502302 0.423739 0.974942 0.455275
56 0.501131 0.390482 0.980406 0.514908
77 0.508156 0.410837 0.967917 0.475344
42 0.502302 0.35787 0.979625 0.582425
99 0.508156 0.410837 0.967917 0.475344
73 0.508156 0.410837 0.967917 0.475344
41 0.501912 0.453555 0.981967 0.389908
105 0.501131 0.390482 0.980406 0.514908
79 0.51284 0.495986 0.956989 0.319954
53 0.501131 0.390482 0.980406 0.514908
76 0.49957 0.502007 0.980406 0.291858
101 0.49957 0.502007 0.980406 0.291858
67 0.506985 0.468463 0.964014 0.363532
81 0.502302 0.423739 0.974942 0.455275
52 0.502302 0.35787 0.979625 0.582425
102 0.498789 0.49742 0.9726 0.297592
53 0.506985 0.468463 0.964014 0.363532
47 0.501131 0.390482 0.980406 0.514908
111 0.508156 0.410837 0.967917 0.475344
49 0.508156 0.410837 0.967917 0.475344
108 0.506985 0.468463 0.964014 0.363532
100 0.508156 0.410837 0.967917 0.475344
78 0.502302 0.423739 0.974942 0.455275
101 0.502302 0.423739 0.974942 0.455275
104 0.498789 0.49742 0.9726 0.297592
80 0.501912 0.453555 0.981967 0.389908
67 0.501131 0.390482 0.980406 0.514908
17 0.501131 0.390482 0.980406 0.514908
97 0.49957 0.502007 0.980406 0.291858
78 0.498789 0.49742 0.9726 0.297592
46 0.502302 0.35787 0.979625 0.582425
105 0.506985 0.468463 0.964014 0.363532
49 0.49957 0.502007 0.980406 0.291858
81 0.498789 0.49742 0.9726 0.297592
103 0.51284 0.000179186 0.969478 0.000358372
46 0.501912 0.453555 0.981967 0.389908
48 0.501131 0.390482 0.980406 0.514908
42 0.501912 0.453555 0.981967 0.389908
56 0.506985 0.468463 0.964014 0.363532
50 0.51284 0.000179186 0.969478 0.000358372
66 0.512059 0.493406 0.956989 0.305619
74 0.512059 0.493406 0.956989 0.305619
66 0.498009 0.432913 0.952305 0.431193
74 0.498009 0.432913 0.952305 0.431193
75 0.514791 0.471904 0.954647 0.352064
79 0.508156 0.482225 0.964794 0.327982
17 0.514791 0.471904 0.954647 0.352064
54 0.507376 0.433773 0.971039 0.429472
33 0.514791 0.471904 0.954647 0.352064
97 0.514791 0.471904 0.954647 0.352064
41 0.514791 0.471904 0.954647 0.352064
108 0.507376 0.433773 0.971039 0.429472
41 0.506595 0.391342 0.971039 0.515482
54 0.503083 0.495413 0.976503 0.299312
75 0.497228 0.389908 0.95855 0.516055
99 0.514791 0.471904 0.954647 0.352064
100 0.514791 0.471904 0.954647 0.352064
97 0.506595 0.391342 0.971039 0.515482
76 0.514791 0.471904 0.954647 0.352064
109 0.508937 0.495413 0.964795 0.290138
33 0.506595 0.391342 0.971039 0.515482
42 0.514791 0.471904 0.954647 0.352064
17 0.506595 0.391342 0.971039 0.515482
50 0.514791 0.471904 0.954647 0.352064
42 0.506595 0.391342 0.971039 0.515482
46 0.514791 0.471904 0.954647 0.352064
100 0.506595 0.391342 0.971039 0.515482
99 0.506595 0.391342 0.971039 0.515482
104 0.503083 0.495413 0.976503 0.299312
68 0.508937 0.495413 0.964795 0.290138
46 0.506595 0.391342 0.971039 0.515482
102 0.508937 0.495413 0.964795 0.290138
108 0.503083 0.495413 0.976503 0.299312
78 0.508156 0.482225 0.964794 0.327982
76 0.506595 0.391342 0.971039 0.515482
103 0.514791 0.471904 0.954647 0.352064
104 0.507376 0.433773 0.971039 0.429472
33 0.502692 0.480218 0.969478 0.34117
109 0.524548 0.49828 0.888298 0.303899
66 0.501912 0.493693 0.967917 0.319954
95 0.524548 0.49828 0.888298 0.303899
74 0.501912 0.493693 0.967917 0.319954
79 0.49996 0.485378 0.957769 0.336583
17 0.49996 0.485378 0.957769 0.336583
68 0.524548 0.49828 0.888298 0.303899
101 0.524548 0.49828 0.888298 0.303899
75 0.504644 0.465883 0.960892 0.368693
108 0.502692 0.480218 0.969478 0.34117
67 0.524548 0.49828 0.888298 0.303899
41 0.502692 0.480218 0.969478 0.34117
77 0.524548 0.49828 0.888298 0.303899
111 0.524548 0.49828 0.888298 0.303899
80 0.502692 0.480218 0.969478 0.34117
97 0.502692 0.494839 0.964795 0.311927
84 0.515182 0.499427 0.930449 0.306193
110 0.524548 0.49828 0.888298 0.303899
54 0.502692 0.480218 0.969478 0.34117
78 0.502692 0.494839 0.964795 0.311927
42 0.502692 0.480218 0.969478 0.34117
56 0.524548 0.49828 0.888298 0.303899
76 0.501912 0.493693 0.967917 0.319954
103 0.504253 0.497706 0.942938 0.308486
66 0.507766 0.422305 0.964014 0.46961
102 0.504253 0.497706 0.942938 0.308486
104 0.504253 0.497706 0.942938 0.308486
50 0.501912 0.493693 0.967917 0.319954
97 0.502692 0.426534 0.971039 0.464593
52 0.502692 0.494839 0.964795 0.311927
34 0.504253 0.497706 0.942938 0.308486
6 0.504253 0.497706 0.942938 0.308486
74 0.507766 0.422305 0.964014 0.46961
105 0.504253 0.497706 0.942938 0.308486
99 0.501912 0.493693 0.967917 0.319954
75 0.494106 0.476204 0.938255 0.34117
66 0.504644 0.487959 0.968697 0.319954
74 0.504644 0.487959 0.968697 0.319954
75 0.483958 0.372061 0.933571 0.551749
75 0.386484 0.489679 0.650807 0.305046
66 0.491764 0.415998 0.939816 0.460436
74 0.491764 0.415998 0.939816 0.460436
75 0.419073 0.422018 0.732377 0.443807
66 0.559772 0.496846 0.705447 0.289564
74 0.559772 0.496846 0.705447 0.289564
76 0.491764 0.415998 0.939816 0.460436
66 0.384825 0.495413 0.64788 0.301605
76 0.517523 0.489679 0.942938 0.321101
75 0.559772 0.496846 0.705447 0.289564
79 0.493325 0.485952 0.935133 0.321674
103 0.491764 0.415998 0.939816 0.460436
74 0.384825 0.495413 0.64788 0.301605
54 0.491764 0.415998 0.939816 0.460436
33 0.491764 0.415998 0.939816 0.460436
17 0.504644 0.487959 0.968697 0.319954
33 0.517523 0.489679 0.942938 0.321101
74 0.514401 0.457569 0.950744 0.385321
66 0.514401 0.457569 0.950744 0.385321
75 0.497228 0.462729 0.944499 0.37156
74 0.505034 0.5 0.818046 0.293578
66 0.505034 0.5 0.818046 0.293578
79 0.514401 0.457569 0.950744 0.385321
109 0.504253 0.489106 0.927327 0.323395
79 0.505034 0.5 0.818046 0.293578
77 0.497228 0.491112 0.949183 0.31594
101 0.504253 0.489106 0.927327 0.323395
76 0.508156 0.419438 0.963233 0.462729
108 0.528061 0.468463 0.901568 0.362385
102 0.497228 0.491112 0.949183 0.31594
68 0.497228 0.491112 0.949183 0.31594
95 0.504253 0.489106 0.927327 0.323395
109 0.508156 0.419438 0.963233 0.462729
75 0.505034 0.5 0.818046 0.293578
84 0.514401 0.457569 0.950744 0.385321
75 0.500741 0.374427 0.965575 0.550459
76 0.504253 0.489106 0.927327 0.323395
17 0.514401 0.457569 0.950744 0.385321
33 0.508156 0.419438 0.963233 0.462729
104 0.514401 0.457569 0.950744 0.385321
74 0.500741 0.374427 0.965575 0.550459
79 0.673639 0.50086 0.454296 0.289564
110 0.504253 0.489106 0.927327 0.323395
54 0.514401 0.457569 0.950744 0.385321
80 0.528061 0.468463 0.901568 0.362385
75 0.517133 0.491686 0.954647 0.320528
74 0.515962 0.49656 0.953866 0.308486
66 0.515962 0.49656 0.953866 0.308486
75 0.515962 0.419438 0.952305 0.463876
74 0.515962 0.419438 0.952305 0.463876
66 0.515962 0.419438 0.952305 0.463876
75 0.368433 0.5 0.569822 0.308486
109 0.515962 0.495126 0.953866 0.314794
79 0.515962 0.49656 0.953866 0.308486
79 0.515962 0.419438 0.952305 0.463876
109 0.515962 0.419438 0.952305 0.463876
75 0.503083 0.491399 0.992115 0.329128
66 0.503903 0.495986 0.992194 0.318807
74 0.503903 0.495986 0.992194 0.318807
66 0.503473 0.430691 0.991334 0.455132
75 0.385215 0.491686 0.5948 0.314794
75 0.51245 0.438718 0.882834 0.429903
108 0.506205 0.49828 0.982748 0.31078
54 0.503083 0.491399 0.992115 0.329128
74 0.503473 0.430691 0.991334 0.455132
79 0.506205 0.49828 0.982748 0.31078
103 0.503473 0.430691 0.991334 0.455132
108 0.503473 0.428039 0.992895 0.462729
78 0.51405 0.5 0.971899 0.307339
76 0.503473 0.430691 0.991334 0.455132
103 0.503473 0.495413 0.992895 0.317661
75 0.29096 0.489679 0.409413 0.31422
76 0.503473 0.495413 0.992895 0.317661
75 0.506205 0.40453 0.98587 0.557913
50 0.503473 0.501147 0.978845 0.309633
84 0.503473 0.495413 0.992895 0.317661
68 0.503473 0.501147 0.978845 0.309633
80 0.506205 0.49828 0.982748 0.31078
66 0.434001 0.491399 0.690031 0.321101
108 0.156603 0.358372 0.313207 0.638761
109 0.503473 0.495413 0.992895 0.317661
74 0.529232 0.491399 0.924204 0.321101
66 0.528451 0.497706 0.925766 0.311927
75 0.531964 0.489679 0.915618 0.323395
79 0.533915 0.491686 0.914837 0.320528
74 0.398875 0.488532 0.640074 0.315367
54 0.523768 0.500573 0.933571 0.306193
108 0.533915 0.491686 0.914837 0.320528
66 0.503473 0.492833 0.949183 0.319381
74 0.502692 0.493119 0.955428 0.31422
75 0.507376 0.495413 0.949183 0.313073
101 0.509717 0.497133 0.925766 0.31078
79 0.503473 0.492833 0.949183 0.319381
68 0.481617 0.498567 0.935133 0.301032
66 0.615876 0.501433 0.680664 0.284977
74 0.615876 0.501433 0.680664 0.284977
109 0.509717 0.497133 0.925766 0.31078
95 0.503473 0.492833 0.949183 0.319381
102 0.481617 0.498567 0.935133 0.301032
105 0.510498 0.0515338 0.971039 0.103068
50 0.503473 0.492833 0.949183 0.319381
74 0.511279 0.407182 0.944499 0.496416
66 0.511279 0.407182 0.944499 0.496416
74 0.515182 0.485665 0.95855 0.329128
75 0.515182 0.485665 0.95855 0.329128
66 0.528061 0.485665 0.934352 0.327982
54 0.514401 0.483085 0.950744 0.334289
75 0.375068 0.486812 0.665053 0.322248
68 0.528061 0.485665 0.934352 0.327982
66 0.501912 0.489106 0.953866 0.319954
74 0.501912 0.489106 0.953866 0.319954
79 0.507376 0.491972 0.935133 0.316514
75 0.495667 0.486525 0.95855 0.325115
108 0.503083 0.490252 0.94528 0.318807
66 0.509717 0.495413 0.916399 0.316514
74 0.509717 0.495413 0.916399 0.316514
75 0.509327 0.491686 0.907812 0.318234
79 0.509717 0.495413 0.916399 0.316514
75 0.390972 0.491399 0.619974 0.326835
109 0.509327 0.491686 0.907812 0.318234
76 0.502302 0.4957 0.895323 0.30906
102 0.502302 0.4957 0.895323 0.30906
66 0.390972 0.491399 0.619974 0.326835
77 0.502302 0.4957 0.895323 0.30906
74 0.512059 0.49828 0.966356 0.303899
66 0.512059 0.49828 0.966356 0.303899
75 0.525329 0.497706 0.946061 0.31078
74 0.714229 0.495126 0.508937 0.293005
66 0.714229 0.495126 0.508937 0.293005
66 0.514401 0.491972 0.946061 0.317661
74 0.501912 0.490252 0.971039 0.323395
75 0.507376 0.490826 0.963233 0.317661
109 0.507376 0.490826 0.963233 0.317661
74 0.525329 0.495986 0.939816 0.311927
66 0.525329 0.495986 0.939816 0.311927
75 0.527671 0.486812 0.939816 0.324541
74 0.650612 0.50172 0.505034 0.28211
79 0.525329 0.495986 0.939816 0.311927
74 0.510888 0.483945 0.957769 0.332569
66 0.512059 0.480791 0.947622 0.335436
75 0.511669 0.483372 0.949963 0.330275
109 0.511669 0.483372 0.949963 0.330275
102 0.507766 0.481938 0.954647 0.330849
54 0.507766 0.481938 0.954647 0.330849
79 0.511669 0.483372 0.949963 0.330275
95 0.507766 0.481938 0.954647 0.330849
50 0.507766 0.481938 0.954647 0.330849
101 0.507766 0.481938 0.954647 0.330849
103 0.507766 0.481938 0.954647 0.330849
84 0.511669 0.483372 0.949963 0.330275
68 0.507766 0.481938 0.954647 0.330849
77 0.507766 0.481938 0.954647 0.330849
53 0.507766 0.481938 0.954647 0.330849
78 0.512059 0.480791 0.947622 0.335436
74 0.510498 0.486239 0.952305 0.334862
66 0.510108 0.486812 0.949964 0.329128
75 0.502692 0.482798 0.921082 0.336009
79 0.511279 0.488819 0.952305 0.327408
66 0.514011 0.488532 0.957769 0.332569
74 0.514011 0.488532 0.957769 0.332569
75 0.51362 0.486812 0.953866 0.324541
109 0.51362 0.486812 0.953866 0.324541
79 0.51362 0.486812 0.953866 0.324541
12 0.514011 0.488532 0.957769 0.332569
74 0.489422 0.493119 0.960111 0.315367
66 0.492545 0.491972 0.960111 0.318807
75 0.510888 0.492833 0.965575 0.313647
74 0.519475 0.486812 0.921863 0.323394
66 0.519475 0.486812 0.921863 0.323394
75 0.522987 0.483658 0.91796 0.328555
109 0.523768 0.484518 0.919521 0.326835
79 0.519084 0.483372 0.922643 0.331422
75 0.501131 0.487385 0.933571 0.326835
66 0.509717 0.49656 0.882053 0.303899
74 0.509717 0.49656 0.882053 0.303899
74 0.511669 0.442947 0.93123 0.421445
66 0.511669 0.442947 0.93123 0.421445
54 0.511669 0.442947 0.93123 0.421445
109 0.515182 0.497133 0.886737 0.306193
79 0.515182 0.497133 0.886737 0.306193
102 0.510108 0.497133 0.889078 0.302752
66 0.512059 0.487099 0.907032 0.322821
75 0.507376 0.490252 0.936694 0.323395
74 0.512059 0.487099 0.907032 0.322821
79 0.512059 0.487099 0.907032 0.322821
74 0.498009 0.481078 0.942938 0.336009
66 0.508937 0.486812 0.936694 0.323394
75 0.49957 0.481938 0.939816 0.334289
109 0.49957 0.481938 0.939816 0.334289
79 0.509717 0.485378 0.947622 0.325115
66 0.506595 0.483658 0.9726 0.327408
74 0.506595 0.483658 0.9726 0.327408
75 0.501131 0.487959 0.978845 0.321101
109 0.501131 0.487959 0.978845 0.321101
66 0.505815 0.494839 0.946061 0.305046
74 0.505424 0.495413 0.942158 0.305046
75 0.511279 0.485378 0.947622 0.326261
79 0.508937 0.493693 0.952305 0.308486
109 0.505034 0.489106 0.964794 0.317661
102 0.480056 0.495986 0.919521 0.299312
66 0.520646 0.483945 0.941377 0.330275
74 0.520646 0.483945 0.941377 0.330275
75 0.517914 0.487959 0.935913 0.327982
81 0.520646 0.0129731 0.935133 0.0259461
109 0.517914 0.487959 0.935913 0.327982
102 0.520255 0.489106 0.932791 0.323395
74 0.496448 0.487672 0.947622 0.322821
66 0.51284 0.487959 0.963233 0.329128
75 0.498789 0.486525 0.950744 0.331995
79 0.496448 0.487672 0.947622 0.322821
66 0.49996 0.486812 0.917179 0.322248
74 0.49996 0.486812 0.917179 0.322248
75 0.51284 0.484518 0.947622 0.330275
79 0.508156 0.487672 0.916399 0.321674
74 0.504253 0.484232 0.927327 0.327408
66 0.504253 0.484232 0.927327 0.327408
75 0.505034 0.485092 0.963233 0.327982
81 0.514401 0.053254 0.963233 0.106508
102 0.496448 0.483372 0.914837 0.329128
79 0.504253 0.484232 0.927327 0.327408
74 0.49996 0.484518 0.968697 0.324541
66 0.508937 0.485378 0.955428 0.325115
75 0.502692 0.485092 0.964795 0.324541
81 0.51284 0.0552609 0.947622 0.110522
74 0.561919 0.5 0.710521 0.283257
109 0.502692 0.485092 0.964795 0.324541
74 0.494886 0.483658 0.964794 0.322821
66 0.494886 0.483658 0.964794 0.322821
75 0.498009 0.486525 0.977284 0.323968
109 0.498009 0.486525 0.977284 0.323968
66 0.484349 0.491112 0.948402 0.311353
74 0.507766 0.489966 0.95933 0.321674
75 0.49996 0.487099 0.976503 0.321674
79 0.48552 0.491972 0.952305 0.315367
81 0.506205 0.0630734 0.970259 0.126147
74 0.502692 0.487099 0.966356 0.322821
66 0.506985 0.486525 0.956208 0.323968
81 0.506595 0.0642919 0.963233 0.128584
79 0.506985 0.486525 0.956208 0.323968
109 0.503473 0.485378 0.966356 0.326261
74 0.493325 0.479931 0.964794 0.336009
66 0.498789 0.485092 0.956989 0.325688
75 0.504644 0.487385 0.939035 0.323394
74 0.601435 0.492833 0.650222 0.298739
74 0.49957 0.483085 0.949183 0.335436
66 0.500351 0.484518 0.941377 0.330275
75 0.495667 0.482798 0.950744 0.333716
74 0.583872 0.494266 0.651002 0.298165
74 0.49957 0.485378 0.930449 0.323968
66 0.49957 0.485378 0.930449 0.323968
75 0.520255 0.486239 0.901568 0.323394
109 0.520255 0.486239 0.901568 0.323394
66 0.506595 0.487099 0.961672 0.325115
74 0.49957 0.484805 0.942938 0.330849
75 0.508156 0.488532 0.944499 0.321101
74 0.508547 0.490826 0.949964 0.317661
66 0.508547 0.490826 0.949964 0.317661
75 0.500741 0.489106 0.962453 0.319954
102 0.48591 0.491112 0.920301 0.3125
74 0.506205 0.490252 0.90469 0.315367
66 0.506205 0.490252 0.90469 0.315367
75 0.501131 0.486239 0.930449 0.324541
109 0.506205 0.490252 0.90469 0.315367
74 0.506985 0.488532 0.960892 0.322248
66 0.501131 0.485378 0.967917 0.328555
75 0.501131 0.485378 0.967917 0.328555
109 0.501131 0.485378 0.967917 0.328555
74 0.510108 0.490252 0.940597 0.316514
66 0.493325 0.492833 0.928888 0.307913
75 0.503473 0.487385 0.953866 0.323394
102 0.496057 0.493119 0.93123 0.308486
109 0.510498 0.491399 0.946061 0.317661
74 0.505815 0.484805 0.967917 0.326261
66 0.494886 0.492259 0.924204 0.3125
79 0.505815 0.484805 0.967917 0.326261
74 0.59724 0.49828 0.613339 0.290138
75 0.505815 0.484805 0.967917 0.326261
74 0.504253 0.487385 0.955428 0.321101
66 0.503473 0.490252 0.960111 0.315367
102 0.503473 0.490252 0.960111 0.315367
75 0.503473 0.486812 0.956989 0.323394
74 0.494106 0.492546 0.953866 0.311927
66 0.494886 0.493119 0.955428 0.311927
75 0.49918 0.489966 0.949964 0.318234
102 0.461322 0.497133 0.919521 0.301605
74 0.504253 0.488532 0.928888 0.322248
66 0.504253 0.488532 0.928888 0.322248
75 0.502692 0.487385 0.935133 0.323394
74 0.507376 0.487672 0.946061 0.323968
66 0.509717 0.483085 0.942938 0.331995
75 0.502692 0.479358 0.950744 0.33945
74 0.660369 0.502007 0.491764 0.281537
74 0.505424 0.487385 0.946841 0.321101
66 0.509327 0.484232 0.949964 0.328555
75 0.506205 0.480218 0.951525 0.335436
74 0.667004 0.499427 0.478494 0.287844
66 0.667004 0.499427 0.478494 0.287844
74 0.514011 0.491972 0.948402 0.315367
66 0.511279 0.486525 0.955428 0.323968
75 0.511279 0.486525 0.955428 0.323968
74 0.673639 0.501147 0.462102 0.284404
74 0.505815 0.489679 0.942938 0.321101
66 0.502302 0.485378 0.953086 0.327408
75 0.510498 0.485092 0.927327 0.329128
74 0.657637 0.49742 0.495667 0.289564
102 0.505815 0.489679 0.942938 0.321101
74 0.490984 0.485378 0.952305 0.326261
66 0.490984 0.485378 0.952305 0.326261
74 0.494496 0.486239 0.965575 0.325688
66 0.494496 0.486239 0.965575 0.325688
74 0.606607 0.49742 0.597728 0.288417
74 0.49996 0.494839 0.948402 0.309633
66 0.500351 0.493979 0.946061 0.310206
75 0.48552 0.488532 0.939816 0.322248
19 0.0562138 0.514622 0.0981333 0.15539
74 0.48552 0.489679 0.949183 0.319954
66 0.487081 0.492833 0.927327 0.311353
75 0.48552 0.487385 0.927327 0.323394
74 0.579189 0.5 0.649441 0.28555
74 0.497228 0.489966 0.936694 0.318234
66 0.497228 0.489966 0.936694 0.318234
75 0.490593 0.487385 0.928107 0.324541
74 0.508156 0.491112 0.947622 0.317087
66 0.497228 0.487959 0.966356 0.323394
75 0.497228 0.489106 0.95855 0.318807
74 0.508547 0.489966 0.926546 0.319381
66 0.498009 0.487959 0.949183 0.322248
75 0.505034 0.487385 0.913276 0.323394
74 0.501521 0.490252 0.921863 0.318807
66 0.505815 0.487385 0.897665 0.324541
75 0.505815 0.487385 0.897665 0.324541
74 0.495277 0.490252 0.910935 0.317661
66 0.489422 0.487959 0.93201 0.322248
75 0.500351 0.487385 0.894542 0.324541
74 0.492545 0.488532 0.91796 0.319954
66 0.492935 0.489106 0.91874 0.319954
75 0.500741 0.486525 0.893762 0.325115
74 0.494496 0.487959 0.909373 0.321101
66 0.494496 0.487959 0.909373 0.321101
75 0.502302 0.486812 0.889078 0.324541
74 0.567578 0.497133 0.68203 0.290138
66 0.567578 0.497133 0.68203 0.290138
74 0.492935 0.488532 0.940597 0.323394
66 0.49957 0.488532 0.921082 0.319954
75 0.506205 0.486525 0.889078 0.325115
74 0.56748 0.49742 0.679103 0.289564
66 0.56748 0.49742 0.679103 0.289564
81 0.51284 0.0116112 0.95855 0.0232225
74 0.492935 0.487099 0.949964 0.325115
66 0.498789 0.487385 0.939816 0.322248
75 0.495667 0.485665 0.952305 0.325688
81 0.506595 0.0328985 0.966356 0.065797
74 0.552259 0.497133 0.706423 0.290138
66 0.552259 0.497133 0.706423 0.290138
74 0.493325 0.487385 0.950744 0.323394
66 0.471469 0.491686 0.924204 0.313647
75 0.495277 0.486239 0.949964 0.324541
74 0.555089 0.497133 0.700764 0.291284
81 0.503473 0.0130806 0.969478 0.0261611
74 0.495667 0.486812 0.944499 0.324541
66 0.476153 0.490826 0.91796 0.31422
75 0.497228 0.485665 0.944499 0.324541
81 0.508156 0.0164851 0.963233 0.0329702
74 0.553332 0.49742 0.704277 0.290711
74 0.500351 0.488532 0.93201 0.319954
66 0.479275 0.490826 0.910154 0.31422
75 0.500351 0.486239 0.942938 0.324541
81 0.510108 0.0108945 0.953086 0.021789
74 0.503473 0.489106 0.916399 0.319954
66 0.484739 0.491399 0.89142 0.31422
75 0.501912 0.486812 0.93201 0.324541
81 0.51323 0.0153741 0.949964 0.0307483
74 0.504253 0.489106 0.910154 0.321101
66 0.48669 0.491112 0.882834 0.31594
75 0.501912 0.486812 0.925766 0.324541
81 0.51284 0.0113245 0.942938 0.0226491
74 0.505424 0.488532 0.915618 0.323394
66 0.487081 0.491112 0.882053 0.317087
75 0.501131 0.486239 0.928888 0.326835
74 0.505034 0.488532 0.925766 0.323394
66 0.487471 0.491972 0.892201 0.316514
75 0.49996 0.486239 0.935913 0.326835
74 0.503473 0.489106 0.93201 0.323395
66 0.487081 0.492833 0.899226 0.314794
75 0.498009 0.485665 0.941377 0.327982
74 0.495667 0.485952 0.942938 0.328555
66 0.4863 0.490252 0.899226 0.317661
75 0.496448 0.485665 0.942938 0.327982
74 0.534696 0.49914 0.744671 0.289564
74 0.494886 0.485665 0.941377 0.329128
66 0.501912 0.488532 0.93201 0.324541
75 0.49996 0.485665 0.898445 0.329128
74 0.496448 0.485665 0.939816 0.329128
66 0.505034 0.487959 0.928888 0.325688
75 0.501912 0.485952 0.897665 0.328555
74 0.496448 0.485952 0.938255 0.328555
66 0.504253 0.487959 0.928888 0.325688
75 0.500741 0.486239 0.896884 0.327982
74 0.494886 0.486239 0.939816 0.327982
66 0.502302 0.488532 0.928107 0.324541
75 0.500351 0.486239 0.897665 0.326835
74 0.494106 0.486239 0.941377 0.327982
66 0.501131 0.488819 0.928888 0.323968
75 0.49957 0.486239 0.899226 0.326835
74 0.494106 0.486239 0.942938 0.327982
66 0.500351 0.488245 0.93201 0.323968
75 0.49918 0.486239 0.900007 0.326835
74 0.493325 0.486239 0.942938 0.327982
66 0.49957 0.488245 0.933571 0.323968
75 0.497228 0.486525 0.900787 0.326261
74 0.493325 0.486239 0.946061 0.326835
66 0.498789 0.487959 0.936694 0.323394
75 0.497228 0.486239 0.900787 0.325688
74 0.494886 0.486239 0.946061 0.326835
66 0.500351 0.488245 0.938255 0.323968
75 0.498009 0.486239 0.899226 0.325688
74 0.495667 0.485952 0.947622 0.327408
66 0.500741 0.487959 0.940597 0.324541
75 0.498789 0.486239 0.899226 0.325688
74 0.495667 0.486239 0.947622 0.326835
66 0.498789 0.486525 0.935133 0.325115
75 0.498789 0.486239 0.900787 0.325688
74 0.496057 0.486239 0.946841 0.326835
66 0.498789 0.486525 0.933571 0.325115
75 0.49957 0.486239 0.900787 0.325688
74 0.496448 0.486239 0.946061 0.326835
66 0.500351 0.488532 0.936694 0.323394
75 0.500351 0.486239 0.900787 0.325688
74 0.497228 0.486239 0.946061 0.326835
66 0.501131 0.487959 0.938255 0.323394
75 0.500741 0.486239 0.900007 0.325688
74 0.497619 0.486239 0.946841 0.325688
66 0.501521 0.487959 0.939035 0.323394
75 0.501912 0.486525 0.899226 0.325115
74 0.497228 0.486239 0.944499 0.325688
66 0.501131 0.487959 0.936694 0.323394
75 0.501131 0.486525 0.899226 0.325115
74 0.497228 0.486239 0.944499 0.325688
66 0.501131 0.487672 0.933571 0.323968
75 0.501912 0.486239 0.897665 0.325688
74 0.497228 0.485952 0.942938 0.326261
66 0.501131 0.487672 0.933571 0.323968
75 0.501521 0.486239 0.898445 0.325688
74 0.496448 0.485952 0.942938 0.326261
66 0.500741 0.487385 0.934352 0.324541
75 0.501521 0.485952 0.898445 0.326261
74 0.496448 0.485952 0.942938 0.326261
66 0.500351 0.487385 0.93201 0.324541
75 0.501912 0.485952 0.897665 0.326261
74 0.495277 0.485952 0.942158 0.326261
66 0.498789 0.487385 0.93201 0.324541
75 0.501521 0.485665 0.898445 0.326835
74 0.495667 0.485952 0.942938 0.326261
66 0.49957 0.487385 0.93201 0.324541
75 0.501912 0.485665 0.897665 0.326835
74 0.495667 0.485952 0.941377 0.326261
66 0.49918 0.487385 0.93123 0.324541
75 0.502692 0.485952 0.896104 0.326261
74 0.495667 0.485952 0.941377 0.326261
66 0.498789 0.487385 0.930449 0.324541
75 0.503083 0.485665 0.895323 0.326835
74 0.495667 0.486239 0.941377 0.325688
66 0.498789 0.487385 0.928888 0.324541
75 0.503473 0.485665 0.894542 0.326835
74 0.495667 0.486239 0.939816 0.325688
66 0.498009 0.487672 0.927327 0.323968
75 0.503473 0.485665 0.892981 0.326835
74 0.495667 0.486239 0.939816 0.325688
66 0.497228 0.487672 0.927327 0.323968
75 0.503473 0.485665 0.894542 0.326835
74 0.495667 0.486525 0.939816 0.325115
66 0.496838 0.487959 0.926546 0.323394
74 0.494886 0.486525 0.939816 0.325115
66 0.496448 0.487959 0.927327 0.322248
74 0.494886 0.486812 0.939816 0.324541
66 0.495667 0.487959 0.927327 0.322248
50 0.0552381 0.519495 0.0981333 0.166284
74 0.494886 0.486812 0.939816 0.324541
66 0.494886 0.488245 0.927327 0.321674
75 0.502692 0.485952 0.896104 0.326261
50 0.0551771 0.518922 0.0980601 0.166284
74 0.494496 0.487099 0.940597 0.323968
66 0.494106 0.488532 0.925766 0.321101
74 0.494106 0.487099 0.939816 0.323968
66 0.493325 0.488532 0.925766 0.321101
75 0.502692 0.485952 0.896104 0.326261
74 0.493325 0.487099 0.939816 0.323968
66 0.492935 0.488532 0.924985 0.321101
75 0.502692 0.485952 0.896104 0.326261
74 0.493325 0.487099 0.939816 0.323968
66 0.491764 0.488532 0.924204 0.321101
75 0.502302 0.485952 0.896884 0.326261
74 0.493325 0.487385 0.939816 0.323394
66 0.489813 0.487385 0.914057 0.323394
75 0.502302 0.486239 0.895323 0.325688
74 0.493325 0.487385 0.939816 0.323394
66 0.490984 0.488819 0.922643 0.320528
75 0.502692 0.486239 0.894542 0.325688
74 0.492935 0.487672 0.939035 0.322821
66 0.490984 0.489106 0.922643 0.319954
75 0.502692 0.486239 0.894542 0.325688
74 0.492545 0.487672 0.938255 0.322821
66 0.490203 0.489106 0.921082 0.319954
75 0.501131 0.485952 0.896104 0.325115
74 0.492935 0.487959 0.937474 0.322248
66 0.490203 0.489106 0.921082 0.319954
75 0.501521 0.485952 0.895323 0.325115
74 0.492935 0.487959 0.937474 0.322248
66 0.490203 0.489106 0.919521 0.319954
75 0.501912 0.485952 0.894542 0.325115
74 0.493325 0.487672 0.936694 0.322821
66 0.489813 0.489106 0.91874 0.319954
75 0.502692 0.485952 0.892981 0.325115
74 0.493325 0.487672 0.936694 0.322821
66 0.489422 0.489106 0.91796 0.319954
75 0.503083 0.485952 0.892201 0.325115
74 0.493325 0.487672 0.936694 0.322821
66 0.489422 0.489106 0.916399 0.319954
75 0.503083 0.485952 0.892201 0.325115
74 0.493325 0.487672 0.935133 0.322821
66 0.489813 0.489106 0.917179 0.319954
75 0.503473 0.485952 0.89142 0.325115
74 0.493716 0.487672 0.934352 0.322821
66 0.490203 0.489106 0.914837 0.319954
75 0.504253 0.485952 0.889859 0.325115
50 0.0548234 0.518922 0.0974015 0.165138
74 0.493716 0.487672 0.932791 0.322821
66 0.489813 0.487959 0.906251 0.322248
75 0.505034 0.486239 0.888298 0.324541
50 0.0547868 0.518922 0.0974747 0.165138
74 0.493716 0.487672 0.932791 0.322821
66 0.489422 0.487959 0.905471 0.322248
75 0.505034 0.486239 0.888298 0.324541
50 0.0547502 0.518922 0.0973527 0.165138
74 0.493716 0.487672 0.932791 0.322821
66 0.489422 0.487959 0.903909 0.322248
75 0.505034 0.486239 0.886737 0.324541
50 0.0548234 0.518635 0.0974015 0.164564
74 0.493325 0.487672 0.93201 0.321674
66 0.489422 0.488245 0.903909 0.321674
75 0.505424 0.486239 0.885956 0.324541
50 0.0547868 0.518635 0.0972795 0.164564
74 0.492935 0.487672 0.93123 0.321674
66 0.489422 0.488245 0.903909 0.321674
75 0.505424 0.486239 0.885956 0.324541
50 0.0547502 0.518922 0.0973527 0.165138
74 0.492545 0.487672 0.93201 0.321674
66 0.488642 0.488532 0.903909 0.321101
75 0.505424 0.486239 0.885956 0.324541
50 0.0547868 0.518635 0.0972795 0.164564
74 0.492935 0.487959 0.93123 0.321101
66 0.488252 0.488532 0.903129 0.321101
75 0.505815 0.486239 0.885176 0.324541
50 0.0548234 0.518922 0.0974015 0.163991
74 0.492935 0.487959 0.93123 0.321101
66 0.488252 0.488532 0.903129 0.321101
75 0.505815 0.486525 0.883614 0.323968
50 0.0548356 0.518635 0.0973771 0.164564
74 0.492935 0.487959 0.93123 0.321101
66 0.488642 0.488532 0.903909 0.321101
75 0.506205 0.486525 0.884395 0.323968
50 0.0548478 0.518922 0.0973527 0.163991
74 0.492545 0.487959 0.93201 0.321101
66 0.488642 0.488532 0.903909 0.321101
75 0.505815 0.486525 0.885176 0.323968
50 0.0548844 0.518922 0.0972795 0.163991
74 0.492545 0.487959 0.93201 0.321101
66 0.488642 0.488532 0.903909 0.321101
50 0.054982 0.518349 0.0972795 0.163991
75 0.505815 0.486525 0.885176 0.323968
74 0.492545 0.487959 0.93201 0.321101
66 0.488642 0.488532 0.903909 0.321101
50 0.0549454 0.518922 0.0973527 0.163991
75 0.506595 0.486239 0.885176 0.324541
74 0.492545 0.488245 0.93201 0.320528
66 0.488642 0.488532 0.903909 0.321101
50 0.0550186 0.518922 0.0972064 0.163991
75 0.506595 0.486239 0.885176 0.324541
74 0.492545 0.488245 0.93201 0.320528
66 0.488642 0.488532 0.903909 0.321101
50 0.0550429 0.518922 0.0971576 0.163991
75 0.506595 0.486239 0.885176 0.324541
74 0.492545 0.488245 0.93201 0.320528
66 0.488642 0.488532 0.903909 0.321101
50 0.0551283 0.518349 0.097182 0.163991
75 0.506595 0.486239 0.885176 0.324541
74 0.492545 0.488245 0.93201 0.320528
66 0.489032 0.488532 0.90469 0.321101
75 0.506595 0.486239 0.885176 0.324541
50 0.0551161 0.518922 0.0970112 0.163991
74 0.492545 0.487959 0.93201 0.321101
66 0.488642 0.488532 0.903909 0.321101
75 0.506595 0.486239 0.885176 0.324541
50 0.0551405 0.518922 0.0971576 0.163991
74 0.492545 0.487959 0.93201 0.321101
66 0.488642 0.488532 0.903909 0.321101
75 0.506985 0.486239 0.884395 0.324541
50 0.0552137 0.518922 0.0972064 0.163991
74 0.492545 0.487959 0.93201 0.321101
66 0.489032 0.488532 0.903129 0.321101
75 0.507376 0.486239 0.883614 0.324541
74 0.492545 0.488245 0.93201 0.320528
66 0.489422 0.488532 0.902348 0.321101
74 0.492545 0.487959 0.93201 0.321101
66 0.489422 0.488532 0.902348 0.321101
74 0.492935 0.488245 0.932791 0.320528
66 0.489422 0.488532 0.902348 0.321101
74 0.492545 0.488245 0.93201 0.320528
66 0.489813 0.488532 0.903129 0.321101
74 0.492935 0.488245 0.932791 0.320528
66 0.490203 0.488532 0.902348 0.321101
74 0.492935 0.488245 0.932791 0.320528
66 0.490203 0.488532 0.902348 0.321101
74 0.493325 0.488245 0.933571 0.320528
66 0.490203 0.488532 0.902348 0.321101
74 0.493325 0.488245 0.933571 0.320528
66 0.490203 0.488532 0.902348 0.321101
74 0.493325 0.488245 0.933571 0.320528
66 0.490593 0.488532 0.903129 0.321101
74 0.493325 0.488245 0.933571 0.320528
66 0.490984 0.488532 0.902348 0.321101
74 0.493325 0.488532 0.933571 0.319954
66 0.490984 0.488819 0.902348 0.320528
74 0.493325 0.488532 0.933571 0.319954
66 0.490984 0.488819 0.902348 0.320528
74 0.492935 0.488532 0.934352 0.319954
66 0.490593 0.488819 0.903129 0.320528
74 0.493325 0.488245 0.933571 0.319381
66 0.490984 0.489106 0.902348 0.319954
74 0.493325 0.488245 0.933571 0.319381
66 0.490984 0.488819 0.900787 0.320528
74 0.493325 0.488245 0.93201 0.319381
66 0.491764 0.489106 0.900787 0.319954
74 0.493325 0.487959 0.933571 0.319954
66 0.492545 0.488819 0.900787 0.320528
74 0.493325 0.487959 0.933571 0.319954
66 0.492935 0.488819 0.900007 0.320528
74 0.493325 0.487959 0.933571 0.319954
66 0.492935 0.488819 0.900007 0.320528
74 0.493716 0.487959 0.932791 0.319954
66 0.493325 0.488819 0.899226 0.320528
75 0.493325 0.488819 0.899226 0.320528
74 0.494106 0.487959 0.93201 0.319954
66 0.494106 0.488819 0.897665 0.320528
75 0.494106 0.488819 0.897665 0.320528
74 0.494106 0.487959 0.93201 0.319954
66 0.494106 0.488532 0.896104 0.319954
74 0.494106 0.487959 0.93201 0.319954
66 0.493716 0.488532 0.895323 0.319954
74 0.493716 0.487959 0.93123 0.319954
66 0.494106 0.488532 0.894542 0.319954
74 0.494106 0.487959 0.930449 0.319954
66 0.494106 0.488532 0.894542 0.319954
74 0.494106 0.487959 0.930449 0.319954
66 0.494886 0.489106 0.892981 0.319954
74 0.493716 0.487959 0.929668 0.319954
66 0.494886 0.488532 0.89142 0.319954
74 0.494106 0.487959 0.928888 0.319954
66 0.494886 0.488532 0.89142 0.319954
74 0.494106 0.487959 0.928888 0.319954
66 0.495667 0.488532 0.89142 0.319954
74 0.494106 0.487959 0.928888 0.319954
66 0.496448 0.488532 0.889859 0.319954
74 0.494106 0.487959 0.928888 0.319954
66 0.496448 0.488532 0.89142 0.319954
74 0.494106 0.487959 0.928888 0.319954
66 0.496838 0.488532 0.89064 0.319954
74 0.494886 0.487959 0.927327 0.319954
66 0.497228 0.488532 0.889859 0.319954
74 0.494886 0.487959 0.927327 0.319954
66 0.497228 0.488532 0.889859 0.319954
74 0.494886 0.487959 0.927327 0.319954
66 0.498009 0.488245 0.889859 0.320528
74 0.494886 0.487672 0.927327 0.320528
66 0.498009 0.488245 0.889859 0.320528
74 0.494886 0.487672 0.927327 0.320528
66 0.498009 0.487959 0.889859 0.321101
74 0.494886 0.487672 0.927327 0.320528
66 0.498009 0.487959 0.889859 0.321101
74 0.494496 0.487672 0.928107 0.320528
66 0.498009 0.487959 0.889859 0.321101
74 0.494496 0.487672 0.928107 0.320528
66 0.498009 0.487959 0.889859 0.321101
74 0.494886 0.487672 0.927327 0.320528
66 0.498789 0.487959 0.888298 0.321101
74 0.494886 0.487672 0.927327 0.320528
66 0.498399 0.487959 0.889078 0.321101
74 0.494886 0.487672 0.927327 0.320528
66 0.498399 0.487959 0.887517 0.321101
74 0.494886 0.486525 0.927327 0.322821
66 0.498789 0.487959 0.886737 0.321101
74 0.495667 0.486525 0.925766 0.322821
66 0.49918 0.487959 0.885956 0.321101
74 0.495667 0.486525 0.925766 0.322821
66 0.49957 0.487672 0.885176 0.321674
74 0.496448 0.486525 0.924204 0.322821
66 0.500351 0.487672 0.883614 0.321674
74 0.496057 0.486525 0.924985 0.322821
66 0.500351 0.487672 0.883614 0.321674
74 0.495667 0.486239 0.924204 0.323394
66 0.500351 0.487672 0.882053 0.321674
74 0.495667 0.486239 0.924204 0.323394
66 0.501131 0.487385 0.880492 0.322248
74 0.495667 0.486239 0.922643 0.323394
66 0.501131 0.487385 0.880492 0.322248
74 0.495667 0.486239 0.922643 0.323394
66 0.501131 0.487385 0.880492 0.322248
74 0.495667 0.486239 0.922643 0.323394
66 0.501131 0.487385 0.878931 0.322248
74 0.495667 0.486239 0.922643 0.323394
66 0.500741 0.487385 0.87815 0.322248
74 0.495667 0.486239 0.922643 0.323394
66 0.500741 0.487385 0.87815 0.322248
74 0.495667 0.486239 0.921082 0.323394
66 0.501131 0.487385 0.87737 0.322248
74 0.495667 0.486239 0.921082 0.323394
66 0.501131 0.487099 0.87737 0.321674
74 0.494886 0.486239 0.921082 0.323394
66 0.501521 0.487099 0.876589 0.321674
74 0.494886 0.486239 0.921082 0.323394
66 0.501912 0.487099 0.875809 0.321674
74 0.494886 0.486239 0.921082 0.323394
66 0.501521 0.487099 0.875028 0.321674
74 0.495277 0.486239 0.920301 0.323394
66 0.502692 0.486812 0.874247 0.322248
74 0.495277 0.486239 0.920301 0.323394
66 0.503083 0.486812 0.873467 0.322248
74 0.495277 0.486239 0.920301 0.323394
66 0.502692 0.486812 0.872686 0.322248
74 0.503083 0.486812 0.873467 0.322248
66 0.503083 0.486812 0.873467 0.322248
74 0.503083 0.486812 0.873467 0.322248
66 0.503083 0.486812 0.873467 0.322248
74 0.502692 0.486812 0.872686 0.322248
66 0.502692 0.486812 0.872686 0.322248
74 0.501912 0.486812 0.872686 0.322248
66 0.501912 0.486812 0.872686 0.322248
74 0.501912 0.486812 0.872686 0.322248
66 0.501912 0.486812 0.872686 0.322248
74 0.502692 0.486812 0.871125 0.322248
66 0.502692 0.486812 0.871125 0.322248
74 0.502692 0.486812 0.871125 0.322248
66 0.502692 0.486812 0.871125 0.322248
74 0.502692 0.486525 0.871125 0.322821
66 0.502692 0.486525 0.871125 0.322821
74 0.502692 0.486812 0.871125 0.322248
66 0.502692 0.486812 0.871125 0.322248
74 0.502692 0.486525 0.871125 0.322821
66 0.502692 0.486525 0.871125 0.322821
74 0.502692 0.486812 0.871125 0.322248
66 0.502692 0.486812 0.871125 0.322248
74 0.503473 0.486812 0.869564 0.322248
66 0.503473 0.486812 0.869564 0.322248
74 0.503473 0.486812 0.869564 0.322248
66 0.503473 0.486812 0.869564 0.322248
74 0.503473 0.486812 0.868003 0.322248
66 0.503473 0.486812 0.868003 0.322248
74 0.504253 0.486812 0.866442 0.322248
66 0.504253 0.486812 0.866442 0.322248
74 0.505034 0.486812 0.864881 0.322248
66 0.505034 0.486812 0.864881 0.322248
74 0.505424 0.486812 0.8641 0.322248
66 0.505424 0.486812 0.8641 0.322248
74 0.506205 0.487099 0.862539 0.321674
66 0.506205 0.487099 0.862539 0.321674
74 0.506985 0.487099 0.860978 0.321674
66 0.506985 0.487099 0.860978 0.321674
74 0.508156 0.487099 0.858636 0.321674
66 0.508156 0.487099 0.858636 0.321674
74 0.508937 0.487099 0.857075 0.321674
66 0.508937 0.487099 0.857075 0.321674
74 0.508937 0.487385 0.857075 0.322248
66 0.508937 0.487385 0.857075 0.322248
74 0.508937 0.487385 0.857075 0.322248
66 0.508937 0.487385 0.857075 0.322248
74 0.509717 0.487385 0.855514 0.321101
66 0.509717 0.487385 0.855514 0.321101
74 0.509717 0.487385 0.855514 0.322248
66 0.509717 0.487385 0.855514 0.322248
74 0.510108 0.487672 0.854733 0.321674
66 0.510108 0.487672 0.854733 0.321674
74 0.510498 0.487672 0.853952 0.321674
66 0.510498 0.487672 0.853952 0.321674
74 0.511279 0.487672 0.852391 0.321674
66 0.511279 0.487672 0.852391 0.321674
74 0.512059 0.487672 0.852391 0.321674
66 0.512059 0.487672 0.852391 0.321674
74 0.512059 0.487672 0.852391 0.321674
66 0.512059 0.487672 0.852391 0.321674
74 0.51284 0.487672 0.85083 0.321674
66 0.51284 0.487672 0.85083 0.321674
74 0.51323 0.487959 0.850049 0.321101
66 0.51323 0.487959 0.850049 0.321101
74 0.514011 0.487959 0.850049 0.321101
66 0.514011 0.487959 0.850049 0.321101
74 0.514401 0.487959 0.849269 0.321101
66 0.514401 0.487959 0.849269 0.321101
74 0.515182 0.487959 0.847708 0.321101
66 0.515182 0.487959 0.847708 0.321101
74 0.515182 0.487959 0.847708 0.321101
66 0.515182 0.487959 0.847708 0.321101
74 0.515962 0.487959 0.847708 0.321101
66 0.515962 0.487959 0.847708 0.321101
74 0.515572 0.487959 0.848488 0.321101
66 0.515572 0.487959 0.848488 0.321101
74 0.515962 0.487959 0.847708 0.321101
66 0.515962 0.487959 0.847708 0.321101
74 0.515962 0.488245 0.847708 0.320528
66 0.515962 0.488245 0.847708 0.320528
74 0.516743 0.488245 0.847708 0.320528
66 0.516743 0.488245 0.847708 0.320528
74 0.517133 0.488245 0.846927 0.320528
66 0.517133 0.488245 0.846927 0.320528
74 0.517523 0.488532 0.846147 0.319954
66 0.517523 0.488532 0.846147 0.319954
74 0.517523 0.488532 0.846147 0.319954
66 0.517523 0.488532 0.846147 0.319954
74 0.518304 0.488532 0.846147 0.319954
66 0.518304 0.488532 0.846147 0.319954
74 0.518304 0.488532 0.846147 0.319954
66 0.518304 0.488532 0.846147 0.319954
74 0.518304 0.488532 0.846147 0.319954
66 0.518304 0.488532 0.846147 0.319954
74 0.518304 0.488532 0.846147 0.319954
66 0.518304 0.488532 0.846147 0.319954
74 0.518304 0.488532 0.846147 0.319954
66 0.518304 0.488532 0.846147 0.319954
74 0.518694 0.488819 0.845366 0.319381
66 0.518694 0.488819 0.845366 0.319381
74 0.518694 0.488819 0.845366 0.319381
66 0.518694 0.488819 0.845366 0.319381
74 0.519084 0.488819 0.844585 0.319381
66 0.519084 0.488819 0.844585 0.319381
74 0.518694 0.488819 0.845366 0.319381
66 0.518694 0.488819 0.845366 0.319381
74 0.518304 0.488819 0.846147 0.319381
66 0.518304 0.488819 0.846147 0.319381
74 0.518694 0.488819 0.846927 0.319381
66 0.518694 0.488819 0.846927 0.319381
74 0.519084 0.488819 0.846147 0.319381
66 0.519084 0.488819 0.846147 0.319381
74 0.518304 0.488819 0.847708 0.319381
66 0.518304 0.488819 0.847708 0.319381
74 0.518304 0.488819 0.847708 0.319381
66 0.518304 0.488819 0.847708 0.319381
74 0.518304 0.488819 0.847708 0.319381
66 0.518304 0.488819 0.847708 0.319381
74 0.518304 0.488819 0.847708 0.319381
66 0.518304 0.488819 0.847708 0.319381
74 0.518304 0.488819 0.847708 0.319381
66 0.518304 0.488819 0.847708 0.319381
74 0.518304 0.488819 0.847708 0.319381
66 0.518304 0.488819 0.847708 0.319381
74 0.518694 0.488819 0.846927 0.319381
66 0.518694 0.488819 0.846927 0.319381
74 0.518304 0.489106 0.846147 0.318807
66 0.518304 0.489106 0.846147 0.318807
74 0.519084 0.489106 0.844585 0.318807
66 0.519084 0.489106 0.844585 0.318807
74 0.519084 0.488819 0.844585 0.319381
66 0.519084 0.488819 0.844585 0.319381
74 0.519084 0.488819 0.844585 0.319381
66 0.519084 0.488819 0.844585 0.319381
74 0.519084 0.488819 0.844585 0.319381
66 0.519084 0.488819 0.844585 0.319381
74 0.519084 0.488819 0.843024 0.319381
66 0.519084 0.488819 0.843024 0.319381
74 0.519084 0.488819 0.843024 0.319381
66 0.519084 0.488819 0.843024 0.319381
74 0.519084 0.488819 0.843024 0.319381
66 0.519084 0.488819 0.843024 0.319381
74 0.519084 0.488819 0.843024 0.319381
66 0.519084 0.488819 0.843024 0.319381
74 0.519084 0.488819 0.843024 0.319381
66 0.519084 0.488819 0.843024 0.319381
74 0.519084 0.488819 0.841463 0.319381
66 0.519084 0.488819 0.841463 0.319381
74 0.519865 0.488819 0.841463 0.319381
66 0.519865 0.488819 0.841463 0.319381
74 0.519865 0.488819 0.841463 0.319381
66 0.507766 0.486812 0.887517 0.321101
74 0.519865 0.488819 0.841463 0.319381
66 0.507766 0.486812 0.885956 0.321101
74 0.519865 0.488819 0.841463 0.319381
66 0.508156 0.486812 0.886737 0.321101
74 0.519865 0.488819 0.841463 0.319381
66 0.508156 0.486812 0.885176 0.321101
74 0.520646 0.488819 0.841463 0.319381
66 0.508156 0.486812 0.886737 0.321101
74 0.520646 0.488819 0.841463 0.319381
66 0.508156 0.486812 0.885176 0.321101
74 0.520255 0.488819 0.842244 0.319381
66 0.507766 0.486812 0.885956 0.321101
74 0.520255 0.488819 0.842244 0.319381
66 0.507766 0.486812 0.885956 0.321101
74 0.520255 0.488819 0.842244 0.319381
66 0.517523 0.484518 0.857075 0.325688
74 0.520255 0.488819 0.842244 0.319381
66 0.517523 0.484518 0.857075 0.325688
74 0.520646 0.488819 0.841463 0.319381
66 0.517523 0.484518 0.857075 0.325688
74 0.520255 0.488819 0.840683 0.319381
66 0.517523 0.484518 0.857075 0.325688
74 0.520646 0.488819 0.841463 0.319381
66 0.517523 0.484518 0.857075 0.325688
74 0.520646 0.488532 0.839902 0.319954
66 0.517523 0.484518 0.857075 0.325688
74 0.520646 0.488532 0.839902 0.319954
66 0.517523 0.484518 0.857075 0.325688
74 0.521426 0.488532 0.839902 0.319954
66 0.517523 0.484518 0.857075 0.325688
74 0.521036 0.488532 0.839121 0.319954
66 0.517914 0.484518 0.856294 0.325688
74 0.521426 0.488532 0.838341 0.319954
66 0.517523 0.485092 0.857075 0.325688
74 0.521426 0.488532 0.838341 0.319954
66 0.517523 0.485092 0.857075 0.325688
74 0.521426 0.488532 0.839902 0.319954
66 0.517523 0.485092 0.857075 0.325688
74 0.521426 0.488532 0.838341 0.319954
66 0.514791 0.484232 0.859416 0.325115
74 0.495277 0.486239 0.920301 0.323394
66 0.502692 0.487099 0.874247 0.321674
