50 0.506157 0.480991 0.97482 0.347926
68 0.508891 0.496544 0.963104 0.317972
53 0.504204 0.472062 0.975601 0.365783
48 0.509281 0.462846 0.967009 0.385369
49 0.504204 0.472062 0.975601 0.365783
101 0.509281 0.462846 0.967009 0.385369
95 0.506157 0.480991 0.97482 0.347926
54 0.504204 0.472062 0.975601 0.365783
104 0.509281 0.49568 0.956074 0.3197
79 0.504204 0.472062 0.975601 0.365783
103 0.508891 0.496544 0.963104 0.317972
109 0.504204 0.472062 0.975601 0.365783
111 0.508891 0.496544 0.963104 0.317972
48 0.501861 0.52477 0.972477 0.260369
46 0.504204 0.472062 0.975601 0.365783
49 0.503813 0.531106 0.979507 0.253456
73 0.508891 0.496544 0.963104 0.317972
47 0.512015 0.455645 0.959979 0.402074
74 0.509281 0.49568 0.956074 0.3197
101 0.503813 0.531106 0.979507 0.253456
76 0.509281 0.49568 0.956074 0.3197
50 0.492097 0.53197 0.948263 0.248272
84 0.504204 0.472062 0.975601 0.365783
81 0.504204 0.472062 0.975601 0.365783
67 0.509281 0.49568 0.956074 0.3197
75 0.508891 0.496544 0.963104 0.317972
77 0.509281 0.49568 0.956074 0.3197
110 0.506157 0.480991 0.97482 0.347926
42 0.504204 0.472062 0.975601 0.365783
100 0.506157 0.480991 0.97482 0.347926
56 0.509281 0.49568 0.956074 0.3197
17 0.508891 0.496544 0.963104 0.317972
66 0.509281 0.462846 0.967009 0.385369
97 0.509281 0.49568 0.956074 0.3197
99 0.511624 0.480415 0.956074 0.355991
38 0.512015 0.455645 0.959979 0.402074
108 0.508891 0.496544 0.963104 0.317972
102 0.509281 0.462846 0.967009 0.385369
79 0.503813 0.531106 0.979507 0.253456
95 0.492097 0.53197 0.948263 0.248272
109 0.492097 0.53197 0.948263 0.248272
46 0.503813 0.531106 0.979507 0.253456
50 0.65154 0.458237 0.673118 0.409562
42 0.492097 0.53197 0.948263 0.248272
53 0.492097 0.53197 0.948263 0.248272
51 0.512015 0.455645 0.959979 0.402074
41 0.509281 0.49568 0.956074 0.3197
80 0.504204 0.472062 0.975601 0.365783
47 0.503813 0.514977 0.968571 0.289171
54 0.492097 0.53197 0.948263 0.248272
75 0.570207 0.458525 0.834221 0.407834
33 0.504204 0.472062 0.975601 0.365783
68 0.570207 0.458525 0.834221 0.407834
105 0.508891 0.496544 0.963104 0.317972
66 0.501861 0.52477 0.972477 0.260369
65 0.506157 0.480991 0.97482 0.347926
102 0.501861 0.52477 0.972477 0.260369
100 0.492097 0.53197 0.948263 0.248272
15 0.512015 0.455645 0.959979 0.402074
48 0.65154 0.458237 0.673118 0.409562
26 0.506157 0.480991 0.97482 0.347926
34 0.506157 0.480991 0.97482 0.347926
110 0.492097 0.53197 0.948263 0.248272
0 0.504204 0.472062 0.975601 0.365783
84 0.503813 0.531106 0.979507 0.253456
49 0.65154 0.458237 0.673118 0.409562
14 0.512015 0.455645 0.959979 0.402074
78 0.504204 0.472062 0.975601 0.365783
14 0.503813 0.531106 0.979507 0.253456
101 0.65154 0.458237 0.673118 0.409562
51 0.501861 0.52477 0.972477 0.260369
33 0.503813 0.531106 0.979507 0.253456
103 0.570207 0.458525 0.834221 0.407834
73 0.570207 0.458525 0.834221 0.407834
38 0.503813 0.531106 0.979507 0.253456
31 0.509281 0.49568 0.956074 0.3197
4 0.504204 0.472062 0.975601 0.365783
111 0.570207 0.458525 0.834221 0.407834
52 0.510843 0.457373 0.963885 0.392857
16 0.512015 0.455645 0.959979 0.402074
50 0.784426 0.452189 0.408909 0.395161
7 0.504204 0.472062 0.975601 0.365783
99 0.496393 0.533986 0.945919 0.254608
67 0.572941 0.457949 0.827191 0.408986
5 0.503813 0.531106 0.979507 0.253456
47 0.700652 0.457949 0.573332 0.406682
7 0.492097 0.53197 0.948263 0.248272
11 0.509281 0.49568 0.956074 0.3197
5 0.509281 0.462846 0.967009 0.385369
17 0.570207 0.458525 0.834221 0.407834
72 0.535058 0.455645 0.91077 0.408986
109 0.65154 0.458237 0.673118 0.409562
12 0.509281 0.49568 0.956074 0.3197
21 0.509281 0.49568 0.956074 0.3197
28 0.508891 0.496544 0.963104 0.317972
53 0.700652 0.457949 0.573332 0.406682
36 0.507719 0.471486 0.971696 0.361175
49 0.784426 0.452189 0.408909 0.395161
54 0.700652 0.457949 0.573332 0.406682
84 0.65154 0.458237 0.673118 0.409562
50 0.512406 0.507488 0.973258 0.302995
48 0.507719 0.461982 0.981069 0.403226
46 0.506547 0.482719 0.984975 0.349078
111 0.512406 0.507488 0.973258 0.302995
110 0.506547 0.482719 0.984975 0.349078
68 0.512406 0.506912 0.968571 0.296083
99 0.506547 0.482719 0.984975 0.349078
67 0.512406 0.506912 0.968571 0.296083
49 0.512406 0.506912 0.968571 0.296083
101 0.506547 0.482719 0.984975 0.349078
100 0.506547 0.482719 0.984975 0.349078
73 0.512406 0.507488 0.973258 0.302995
102 0.506547 0.482719 0.984975 0.349078
77 0.506547 0.482719 0.984975 0.349078
95 0.506547 0.482719 0.984975 0.349078
75 0.512406 0.507488 0.973258 0.302995
84 0.507719 0.461982 0.981069 0.403226
47 0.506547 0.482719 0.984975 0.349078
53 0.512406 0.506912 0.968571 0.296083
76 0.512406 0.507488 0.973258 0.302995
50 0.510545 0.418275 0.97891 0.479119
109 0.512406 0.507488 0.973258 0.302995
56 0.506547 0.482719 0.984975 0.349078
111 0.53662 0.455069 0.920143 0.415899
103 0.506547 0.482719 0.984975 0.349078
46 0.488191 0.532258 0.907645 0.24424
51 0.504594 0.452189 0.984194 0.415899
110 0.488191 0.532258 0.907645 0.24424
68 0.425312 0.537874 0.803758 0.233007
101 0.488191 0.532258 0.907645 0.24424
53 0.538182 0.46083 0.920143 0.410138
50 0.425312 0.537874 0.803758 0.233007
52 0.504594 0.452189 0.984194 0.415899
48 0.541306 0.506336 0.91077 0.292627
67 0.538182 0.46083 0.920143 0.410138
49 0.538182 0.46083 0.920143 0.410138
54 0.504594 0.452189 0.984194 0.415899
100 0.488191 0.532258 0.907645 0.24424
102 0.488191 0.532258 0.907645 0.24424
97 0.504594 0.452189 0.984194 0.415899
109 0.53662 0.455069 0.920143 0.415899
105 0.512406 0.507488 0.973258 0.302995
99 0.488191 0.532258 0.907645 0.24424
68 0.53662 0.455069 0.920143 0.415899
95 0.488191 0.532258 0.907645 0.24424
50 0.64119 0.459389 0.70944 0.40841
77 0.488191 0.532258 0.907645 0.24424
111 0.425312 0.537874 0.803758 0.233007
75 0.53662 0.455069 0.920143 0.415899
76 0.53662 0.455069 0.920143 0.415899
48 0.693622 0.461982 0.604576 0.40553
104 0.512406 0.507488 0.973258 0.302995
49 0.425312 0.537874 0.803758 0.233007
104 0.510545 0.418275 0.97891 0.479119
7 0.512406 0.506912 0.968571 0.296083
66 0.512406 0.507488 0.973258 0.302995
48 0.425312 0.537874 0.803758 0.233007
38 0.507719 0.461982 0.981069 0.403226
67 0.425312 0.537874 0.803758 0.233007
74 0.506547 0.482719 0.984975 0.349078
50 0.3638 0.485599 0.71354 0.352535
103 0.488191 0.532258 0.907645 0.24424
68 0.502642 0.480415 0.974039 0.392857
68 0.496393 0.123272 0.984975 0.246544
53 0.502642 0.480415 0.974039 0.392857
68 0.499127 0.556452 0.990442 0.407834
95 0.497565 0.47235 0.990442 0.415899
68 0.499908 0.0671803 0.982631 0.134361
68 0.49444 0.932892 0.979507 0.134217
68 0.497565 0.366359 0.977945 0.634793
68 0.496783 0.865495 0.987318 0.269009
95 0.497565 0.375 0.98888 0.617512
53 0.496393 0.123272 0.984975 0.246544
53 0.497565 0.366359 0.977945 0.634793
53 0.499908 0.0671803 0.982631 0.134361
48 0.502642 0.480415 0.974039 0.392857
48 0.499908 0.0671803 0.982631 0.134361
101 0.498346 0.491647 0.990442 0.366935
53 0.496783 0.865495 0.987318 0.269009
67 0.498346 0.491647 0.990442 0.366935
56 0.497565 0.366359 0.977945 0.634793
109 0.498346 0.491647 0.990442 0.366935
101 0.496393 0.123272 0.984975 0.246544
102 0.498346 0.491647 0.990442 0.366935
84 0.502642 0.480415 0.974039 0.392857
68 0.492097 0.0399266 0.984194 0.0798531
56 0.497565 0.47235 0.990442 0.415899
95 0.496393 0.123272 0.984975 0.246544
109 0.496393 0.123272 0.984975 0.246544
110 0.498346 0.491647 0.990442 0.366935
52 0.502642 0.480415 0.974039 0.392857
48 0.496393 0.123272 0.984975 0.246544
77 0.496393 0.123272 0.984975 0.246544
95 0.499127 0.556452 0.990442 0.407834
77 0.498346 0.491647 0.990442 0.366935
68 0.499127 0.754608 0.985756 0.490783
68 0.488191 0.283986 0.962323 0.567972
48 0.48741 0.872696 0.962323 0.254608
84 0.497565 0.366359 0.977945 0.634793
52 0.497565 0.366359 0.977945 0.634793
48 0.497565 0.366359 0.977945 0.634793
74 0.497565 0.47235 0.990442 0.415899
102 0.496393 0.123272 0.984975 0.246544
109 0.499908 0.0671803 0.982631 0.134361
111 0.502642 0.480415 0.974039 0.392857
48 0.492097 0.0399266 0.984194 0.0798531
67 0.496393 0.123272 0.984975 0.246544
52 0.496393 0.123272 0.984975 0.246544
53 0.499127 0.556452 0.990442 0.407834
53 0.499127 0.754608 0.985756 0.490783
53 0.492097 0.0399266 0.984194 0.0798531
84 0.496393 0.123272 0.984975 0.246544
95 0.484676 0.9303 0.958417 0.139401
50 0.496393 0.123272 0.984975 0.246544
110 0.496393 0.123272 0.984975 0.246544
104 0.497565 0.366359 0.977945 0.634793
101 0.499908 0.0671803 0.982631 0.134361
75 0.496393 0.123272 0.984975 0.246544
95 0.48741 0.872696 0.962323 0.254608
101 0.496783 0.865495 0.987318 0.269009
75 0.502642 0.480415 0.974039 0.392857
95 0.488191 0.283986 0.962323 0.567972
76 0.499908 0.0671803 0.982631 0.134361
50 0.499908 0.0671803 0.982631 0.134361
81 0.497565 0.375 0.98888 0.617512
52 0.48741 0.872696 0.962323 0.254608
80 0.497565 0.47235 0.990442 0.415899
67 0.48741 0.872696 0.962323 0.254608
101 0.488191 0.625 0.963885 0.476959
101 0.497565 0.366359 0.977945 0.634793
50 0.502642 0.480415 0.974039 0.392857
109 0.48741 0.872696 0.962323 0.254608
52 0.499908 0.0671803 0.982631 0.134361
102 0.49444 0.932892 0.979507 0.134217
99 0.502642 0.480415 0.974039 0.392857
101 0.49444 0.932892 0.979507 0.134217
67 0.497565 0.375 0.98888 0.617512
53 0.49444 0.932892 0.979507 0.134217
49 0.499908 0.0671803 0.982631 0.134361
109 0.497565 0.366359 0.977945 0.634793
48 0.499127 0.754608 0.985756 0.490783
49 0.496393 0.123272 0.984975 0.246544
74 0.496393 0.123272 0.984975 0.246544
104 0.497565 0.47235 0.990442 0.415899
99 0.496393 0.123272 0.984975 0.246544
102 0.505376 0.0443548 0.965447 0.0887097
111 0.497565 0.366359 0.977945 0.634793
79 0.497565 0.375 0.98888 0.617512
76 0.502642 0.480415 0.974039 0.392857
80 0.496393 0.123272 0.984975 0.246544
111 0.496393 0.123272 0.984975 0.246544
102 0.496783 0.865495 0.987318 0.269009
67 0.49444 0.932892 0.979507 0.134217
76 0.496393 0.123272 0.984975 0.246544
52 0.499127 0.754608 0.985756 0.490783
67 0.488191 0.625 0.963885 0.476959
109 0.492097 0.0399266 0.984194 0.0798531
100 0.499908 0.0671803 0.982631 0.134361
100 0.496393 0.123272 0.984975 0.246544
108 0.497565 0.375 0.98888 0.617512
110 0.497565 0.375 0.98888 0.617512
49 0.502642 0.480415 0.974039 0.392857
111 0.48741 0.872696 0.962323 0.254608
80 0.497565 0.375 0.98888 0.617512
84 0.499127 0.556452 0.990442 0.407834
74 0.497565 0.366359 0.977945 0.634793
99 0.499908 0.0671803 0.982631 0.134361
78 0.497565 0.47235 0.990442 0.415899
105 0.497565 0.366359 0.977945 0.634793
77 0.499908 0.0671803 0.982631 0.134361
84 0.499908 0.0671803 0.982631 0.134361
53 0.488191 0.283986 0.962323 0.567972
84 0.48741 0.872696 0.962323 0.254608
78 0.498346 0.337846 0.987318 0.675691
110 0.496783 0.865495 0.987318 0.269009
111 0.499908 0.0671803 0.982631 0.134361
77 0.49444 0.932892 0.979507 0.134217
75 0.497565 0.366359 0.977945 0.634793
95 0.497565 0.406682 0.982631 0.813364
68 0.497565 0.406682 0.982631 0.813364
68 0.266357 0.561636 0.526465 0.206221
108 0.497565 0.47235 0.990442 0.415899
101 0.492097 0.0399266 0.984194 0.0798531
67 0.499908 0.0671803 0.982631 0.134361
56 0.48741 0.8197 0.959198 0.360599
48 0.498346 0.932604 0.965447 0.134793
110 0.499908 0.0671803 0.982631 0.134361
95 0.499127 0.754608 0.985756 0.490783
56 0.496002 0.130328 0.982631 0.260657
54 0.497565 0.47235 0.990442 0.415899
102 0.488191 0.625 0.963885 0.476959
101 0.499127 0.754608 0.985756 0.490783
81 0.497565 0.47235 0.990442 0.415899
79 0.497565 0.47235 0.990442 0.415899
77 0.496783 0.865495 0.987318 0.269009
50 0.492097 0.0399266 0.984194 0.0798531
100 0.502642 0.480415 0.974039 0.392857
110 0.49444 0.932892 0.979507 0.134217
75 0.505376 0.0443548 0.965447 0.0887097
46 0.492097 0.470046 0.984194 0.412442
48 0.305803 0.0362543 0.611606 0.0725086
102 0.488191 0.077693 0.967009 0.155386
101 0.488191 0.283986 0.962323 0.567972
109 0.484676 0.9303 0.958417 0.139401
52 0.499127 0.556452 0.990442 0.407834
48 0.669505 0.046767 0.64656 0.093534
68 0.155245 0.564516 0.306194 0.203917
110 0.488191 0.625 0.963885 0.476959
51 0.499908 0.0671803 0.982631 0.134361
76 0.492097 0.0399266 0.984194 0.0798531
109 0.499127 0.754608 0.985756 0.490783
67 0.488191 0.283986 0.962323 0.567972
46 0.499908 0.0671803 0.982631 0.134361
48 0.499127 0.556452 0.990442 0.407834
80 0.48741 0.8197 0.959198 0.360599
77 0.497565 0.366359 0.977945 0.634793
109 0.488191 0.625 0.963885 0.476959
95 0.499908 0.0671803 0.982631 0.134361
53 0.497174 0.435772 0.974039 0.871544
77 0.492097 0.0399266 0.984194 0.0798531
67 0.499127 0.754608 0.985756 0.490783
56 0.499127 0.556452 0.990442 0.407834
50 0.496783 0.865495 0.987318 0.269009
99 0.492097 0.0399266 0.984194 0.0798531
68 0.733849 0.0574597 0.528809 0.114919
84 0.499127 0.754608 0.985756 0.490783
109 0.488191 0.283986 0.962323 0.567972
49 0.492097 0.0399266 0.984194 0.0798531
46 0.496393 0.123272 0.984975 0.246544
75 0.488191 0.077693 0.967009 0.155386
103 0.498346 0.491647 0.990442 0.366935
84 0.492097 0.0399266 0.984194 0.0798531
105 0.497565 0.47235 0.990442 0.415899
102 0.496002 0.304147 0.982631 0.608295
78 0.496002 0.130328 0.982631 0.260657
100 0.492097 0.0399266 0.984194 0.0798531
56 0.497174 0.435772 0.974039 0.871544
111 0.499127 0.754608 0.985756 0.490783
84 0.49444 0.932892 0.979507 0.134217
52 0.492097 0.0399266 0.984194 0.0798531
84 0.488191 0.283986 0.962323 0.567972
47 0.502642 0.480415 0.974039 0.392857
111 0.499127 0.556452 0.990442 0.407834
68 0.368096 0.539171 0.723695 0.246544
76 0.497565 0.366359 0.977945 0.634793
74 0.499127 0.556452 0.990442 0.407834
99 0.48741 0.872696 0.962323 0.254608
54 0.497565 0.366359 0.977945 0.634793
80 0.499127 0.556452 0.990442 0.407834
77 0.488191 0.625 0.963885 0.476959
68 0.337243 0.0336622 0.674485 0.0673243
110 0.488191 0.283986 0.962323 0.567972
110 0.499127 0.754608 0.985756 0.490783
74 0.488191 0.283986 0.962323 0.567972
108 0.496002 0.130328 0.982631 0.260657
51 0.502642 0.480415 0.974039 0.392857
80 0.499908 0.0671803 0.982631 0.134361
111 0.492097 0.0399266 0.984194 0.0798531
54 0.496393 0.123272 0.984975 0.246544
51 0.496393 0.123272 0.984975 0.246544
104 0.499127 0.556452 0.990442 0.407834
53 0.669505 0.046767 0.64656 0.093534
52 0.488191 0.283986 0.962323 0.567972
80 0.488191 0.283986 0.962323 0.567972
51 0.492097 0.0399266 0.984194 0.0798531
50 0.498346 0.932604 0.965447 0.134793
47 0.488191 0.077693 0.967009 0.155386
47 0.484286 0.122696 0.959198 0.245392
56 0.488191 0.283986 0.962323 0.567972
103 0.497565 0.375 0.98888 0.617512
77 0.488191 0.283986 0.962323 0.567972
50 0.155245 0.564516 0.306194 0.203917
48 0.155245 0.564516 0.306194 0.203917
50 0.266357 0.561636 0.526465 0.206221
104 0.48741 0.8197 0.959198 0.360599
110 0.492097 0.0399266 0.984194 0.0798531
73 0.499908 0.0671803 0.982631 0.134361
67 0.492097 0.0399266 0.984194 0.0798531
68 0.478818 0.532834 0.957636 0.276498
52 0.49444 0.932892 0.979507 0.134217
108 0.488191 0.283986 0.962323 0.567972
108 0.499127 0.556452 0.990442 0.407834
47 0.505376 0.0443548 0.965447 0.0887097
99 0.498346 0.932604 0.965447 0.134793
77 0.499127 0.754608 0.985756 0.490783
111 0.484676 0.9303 0.958417 0.139401
104 0.496002 0.130328 0.982631 0.260657
76 0.499127 0.556452 0.990442 0.407834
54 0.499908 0.0671803 0.982631 0.134361
99 0.497565 0.366359 0.977945 0.634793
73 0.502642 0.480415 0.974039 0.392857
104 0.488191 0.283986 0.962323 0.567972
67 0.497565 0.406682 0.982631 0.813364
50 0.669505 0.046767 0.64656 0.093534
109 0.669505 0.046767 0.64656 0.093534
53 0.305803 0.0362543 0.611606 0.0725086
108 0.497565 0.406682 0.982631 0.813364
103 0.496393 0.123272 0.984975 0.246544
109 0.305803 0.0362543 0.611606 0.0725086
104 0.497565 0.406682 0.982631 0.813364
50 0.499127 0.556452 0.990442 0.407834
75 0.499127 0.556452 0.990442 0.407834
100 0.496783 0.865495 0.987318 0.269009
73 0.497565 0.366359 0.977945 0.634793
56 0.499908 0.0671803 0.982631 0.134361
46 0.492097 0.0399266 0.984194 0.0798531
95 0.492097 0.0399266 0.984194 0.0798531
68 0.294477 0.0671803 0.588954 0.134361
56 0.49444 0.932892 0.979507 0.134217
48 0.16579 0.516417 0.329236 0.309332
103 0.499908 0.0671803 0.982631 0.134361
46 0.497565 0.366359 0.977945 0.634793
54 0.48741 0.8197 0.959198 0.360599
50 0.305803 0.0362543 0.611606 0.0725086
81 0.48741 0.8197 0.959198 0.360599
75 0.484676 0.9303 0.958417 0.139401
49 0.337243 0.0336622 0.674485 0.0673243
73 0.496393 0.123272 0.984975 0.246544
49 0.498346 0.932604 0.965447 0.134793
49 0.496783 0.865495 0.987318 0.269009
49 0.499127 0.556452 0.990442 0.407834
48 0.266357 0.561636 0.526465 0.206221
84 0.497565 0.406682 0.982631 0.813364
50 0.499127 0.754608 0.985756 0.490783
75 0.489363 0.862903 0.978726 0.274194
80 0.497565 0.406682 0.982631 0.813364
99 0.499127 0.556452 0.990442 0.407834
74 0.48741 0.8197 0.959198 0.360599
51 0.492878 0.366647 0.985756 0.625
52 0.497565 0.406682 0.982631 0.813364
78 0.499127 0.556452 0.990442 0.407834
49 0.669505 0.046767 0.64656 0.093534
48 0.497174 0.435772 0.974039 0.871544
103 0.48741 0.872696 0.962323 0.254608
48 0.488191 0.283986 0.962323 0.567972
79 0.497565 0.406682 0.982631 0.813364
76 0.500298 0.851959 0.972477 0.296083
46 0.48741 0.872696 0.962323 0.254608
50 0.497565 0.366359 0.977945 0.634793
101 0.733849 0.0574597 0.528809 0.114919
81 0.496393 0.123272 0.984975 0.246544
97 0.502642 0.480415 0.974039 0.392857
100 0.499127 0.556452 0.990442 0.407834
76 0.337243 0.0336622 0.674485 0.0673243
76 0.498346 0.932604 0.965447 0.134793
101 0.266357 0.561636 0.526465 0.206221
78 0.48741 0.8197 0.959198 0.360599
81 0.497565 0.406682 0.982631 0.813364
49 0.497565 0.366359 0.977945 0.634793
56 0.491316 0.720766 0.957636 0.558468
68 0.742441 0.120392 0.5085 0.240783
68 0.221639 0.0383065 0.443278 0.0766129
74 0.49444 0.932892 0.979507 0.134217
66 0.497565 0.47235 0.990442 0.415899
95 0.478818 0.532834 0.957636 0.276498
17 0.497565 0.375 0.98888 0.617512
73 0.492097 0.0399266 0.984194 0.0798531
66 0.497565 0.366359 0.977945 0.634793
103 0.499127 0.754608 0.985756 0.490783
75 0.305803 0.0362543 0.611606 0.0725086
52 0.669505 0.046767 0.64656 0.093534
100 0.669505 0.046767 0.64656 0.093534
74 0.506157 0.470046 0.96076 0.396313
95 0.506157 0.470046 0.96076 0.396313
104 0.50147 0.498848 0.976382 0.349078
108 0.504204 0.484447 0.975601 0.368664
79 0.50147 0.498848 0.976382 0.349078
105 0.50147 0.498848 0.976382 0.349078
97 0.503032 0.467166 0.97482 0.415899
84 0.503032 0.467166 0.97482 0.415899
104 0.502251 0.413018 0.976382 0.501152
67 0.506157 0.470046 0.96076 0.396313
103 0.503032 0.467166 0.97482 0.415899
68 0.506157 0.470046 0.96076 0.396313
80 0.501079 0.464862 0.977164 0.413594
66 0.506157 0.470046 0.96076 0.396313
109 0.506157 0.470046 0.96076 0.396313
53 0.501079 0.464862 0.977164 0.413594
78 0.50147 0.498848 0.976382 0.349078
81 0.50147 0.498848 0.976382 0.349078
77 0.506157 0.470046 0.96076 0.396313
52 0.497565 0.454565 0.985756 0.436492
42 0.503032 0.467166 0.97482 0.415899
95 0.495612 0.542051 0.955293 0.353687
56 0.506547 0.485599 0.958417 0.375576
79 0.502251 0.413018 0.976382 0.501152
105 0.502251 0.413018 0.976382 0.501152
75 0.503032 0.467166 0.97482 0.415899
54 0.507328 0.449885 0.959979 0.441244
81 0.502251 0.413018 0.976382 0.501152
101 0.506157 0.470046 0.96076 0.396313
110 0.506157 0.470046 0.96076 0.396313
33 0.503032 0.467166 0.97482 0.415899
17 0.497565 0.454565 0.985756 0.436492
76 0.507328 0.449885 0.959979 0.441244
108 0.507719 0.394585 0.959198 0.531106
78 0.499127 0.420579 0.967009 0.484879
41 0.507328 0.449885 0.959979 0.441244
47 0.507719 0.463998 0.973258 0.421083
79 0.502251 0.623848 0.979507 0.752304
104 0.502251 0.623848 0.979507 0.752304
74 0.495612 0.542051 0.955293 0.353687
73 0.503032 0.467166 0.97482 0.415899
48 0.507719 0.463998 0.973258 0.421083
105 0.502251 0.623848 0.979507 0.752304
78 0.50147 0.754032 0.976382 0.491935
74 0.509281 0.265409 0.965447 0.530818
78 0.499127 0.896313 0.976382 0.207373
50 0.503032 0.467166 0.97482 0.415899
53 0.496002 0.525346 0.951387 0.302995
80 0.496002 0.525346 0.951387 0.302995
78 0.505376 0.266993 0.97482 0.533986
100 0.503032 0.467166 0.97482 0.415899
74 0.515139 0.124424 0.966228 0.248848
52 0.496002 0.525346 0.951387 0.302995
111 0.509281 0.46515 0.968571 0.422235
56 0.499908 0.409058 0.970134 0.50216
78 0.503032 0.935484 0.962323 0.129032
81 0.502251 0.623848 0.979507 0.752304
104 0.507719 0.122984 0.977945 0.245968
46 0.507719 0.463998 0.973258 0.421083
78 0.507719 0.122984 0.977945 0.245968
79 0.498736 0.903802 0.970915 0.192396
104 0.499127 0.896313 0.976382 0.207373
104 0.498346 0.984447 0.959198 0.031106
66 0.495612 0.542051 0.955293 0.353687
79 0.505376 0.266993 0.97482 0.533986
105 0.507719 0.122984 0.977945 0.245968
79 0.507719 0.122984 0.977945 0.245968
108 0.505376 0.266993 0.97482 0.533986
78 0.502251 0.623848 0.979507 0.752304
105 0.499127 0.975806 0.959198 0.0483871
49 0.507719 0.463998 0.973258 0.421083
17 0.496002 0.525346 0.951387 0.302995
99 0.503032 0.467166 0.97482 0.415899
108 0.502251 0.623848 0.979507 0.752304
104 0.505376 0.266993 0.97482 0.533986
74 0.507328 0.628024 0.963104 0.743952
66 0.509281 0.265409 0.965447 0.530818
21 0.504204 0.484447 0.975601 0.368664
79 0.499127 0.975806 0.959198 0.0483871
66 0.515139 0.124424 0.966228 0.248848
104 0.503032 0.935484 0.962323 0.129032
81 0.507719 0.122984 0.977945 0.245968
74 0.502642 0.345622 0.972477 0.631336
84 0.495612 0.542051 0.955293 0.353687
105 0.498736 0.903802 0.970915 0.192396
108 0.507719 0.122984 0.977945 0.245968
103 0.495612 0.542051 0.955293 0.353687
67 0.495612 0.542051 0.955293 0.353687
81 0.499127 0.896313 0.976382 0.207373
108 0.509373 0.544931 0.981254 0.314516
79 0.50147 0.754032 0.976382 0.491935
108 0.50147 0.754032 0.976382 0.491935
78 0.509672 0.185052 0.969353 0.370104
104 0.50147 0.754032 0.976382 0.491935
95 0.507719 0.122984 0.977945 0.245968
97 0.507719 0.122984 0.977945 0.245968
81 0.505376 0.266993 0.97482 0.533986
81 0.498346 0.984447 0.959198 0.031106
79 0.509764 0.603687 0.980472 0.607143
95 0.502251 0.623848 0.979507 0.752304
74 0.509672 0.185052 0.969353 0.370104
95 0.499127 0.3678 0.970134 0.576613
105 0.505376 0.266993 0.97482 0.533986
104 0.509672 0.185052 0.969353 0.370104
108 0.499127 0.896313 0.976382 0.207373
78 0.510154 0.862327 0.979691 0.275346
81 0.503032 0.935484 0.962323 0.129032
33 0.505376 0.266993 0.97482 0.533986
78 0.507811 0.0734447 0.984378 0.146889
32 0.502251 0.413018 0.976382 0.501152
28 0.502251 0.413018 0.976382 0.501152
102 0.849062 0.449021 0.285885 0.384217
102 0.509281 0.46515 0.968571 0.422235
79 0.509672 0.185052 0.969353 0.370104
97 0.502642 0.345622 0.972477 0.631336
33 0.515139 0.124424 0.966228 0.248848
68 0.842228 0.454493 0.299554 0.398618
81 0.50147 0.754032 0.976382 0.491935
80 0.507719 0.122984 0.977945 0.245968
108 0.503032 0.935484 0.962323 0.129032
105 0.509764 0.603687 0.980472 0.607143
78 0.499127 0.975806 0.959198 0.0483871
74 0.505376 0.753456 0.962323 0.493088
80 0.502642 0.345622 0.972477 0.631336
54 0.496002 0.525346 0.951387 0.302995
66 0.507328 0.628024 0.963104 0.743952
78 0.514749 0.464862 0.963885 0.418203
79 0.504985 0.472638 0.983412 0.431452
108 0.501861 0.411938 0.992786 0.550547
74 0.503032 0.503168 0.984194 0.330069
66 0.503032 0.503168 0.984194 0.330069
104 0.505376 0.482143 0.982631 0.392857
108 0.507328 0.470046 0.975601 0.388249
74 0.501861 0.411938 0.992786 0.550547
81 0.504985 0.472638 0.983412 0.431452
66 0.501861 0.411938 0.992786 0.550547
80 0.501861 0.411938 0.992786 0.550547
78 0.503813 0.361751 0.987318 0.663594
95 0.5085 0.493376 0.977945 0.349654
33 0.503032 0.503168 0.984194 0.330069
17 0.503032 0.503168 0.984194 0.330069
79 0.509672 0.581797 0.970915 0.678572
33 0.501861 0.411938 0.992786 0.550547
105 0.504985 0.472638 0.983412 0.431452
68 0.504595 0.492512 0.965447 0.345622
56 0.501861 0.411938 0.992786 0.550547
56 0.505766 0.497696 0.986537 0.330645
80 0.505766 0.497696 0.986537 0.330645
104 0.509672 0.581797 0.970915 0.678572
79 0.502251 0.521313 0.990442 0.286866
54 0.501861 0.411938 0.992786 0.550547
79 0.503813 0.361751 0.987318 0.663594
17 0.501861 0.411938 0.992786 0.550547
81 0.509672 0.581797 0.970915 0.678572
75 0.503032 0.503168 0.984194 0.330069
95 0.501861 0.411938 0.992786 0.550547
41 0.501861 0.411938 0.992786 0.550547
109 0.5085 0.493376 0.977945 0.349654
104 0.504594 0.384793 0.984194 0.735023
50 0.495612 0.487615 0.988099 0.354263
42 0.501861 0.411938 0.992786 0.550547
54 0.498346 0.482719 0.995129 0.381336
53 0.513187 0.461982 0.970134 0.406682
75 0.501861 0.411938 0.992786 0.550547
101 0.504595 0.492512 0.965447 0.345622
97 0.501861 0.411938 0.992786 0.550547
97 0.498346 0.482719 0.995129 0.381336
42 0.498346 0.482719 0.995129 0.381336
105 0.509672 0.581797 0.970915 0.678572
78 0.509672 0.581797 0.970915 0.678572
48 0.513187 0.461982 0.970134 0.406682
81 0.503813 0.361751 0.987318 0.663594
84 0.501861 0.411938 0.992786 0.550547
67 0.5085 0.493376 0.977945 0.349654
78 0.502251 0.521313 0.990442 0.286866
76 0.503032 0.503168 0.984194 0.330069
84 0.505766 0.497696 0.986537 0.330645
76 0.501861 0.411938 0.992786 0.550547
103 0.505376 0.482143 0.982631 0.392857
41 0.503032 0.503168 0.984194 0.330069
49 0.498346 0.482719 0.995129 0.381336
77 0.504595 0.492512 0.965447 0.345622
81 0.502251 0.521313 0.990442 0.286866
53 0.497174 0.383569 0.992786 0.580789
109 0.501861 0.411938 0.992786 0.550547
108 0.505376 0.38076 0.985756 0.761521
110 0.504595 0.492512 0.965447 0.345622
111 0.513187 0.461982 0.970134 0.406682
68 0.506547 0.428067 0.978726 0.515985
108 0.509672 0.581797 0.970915 0.678572
104 0.492878 0.521601 0.973258 0.28053
52 0.513187 0.461982 0.970134 0.406682
52 0.497174 0.383569 0.992786 0.580789
47 0.513187 0.461982 0.970134 0.406682
103 0.497174 0.383569 0.992786 0.580789
105 0.502251 0.521313 0.990442 0.286866
67 0.501861 0.411938 0.992786 0.550547
102 0.495612 0.487615 0.988099 0.354263
66 0.509672 0.581797 0.970915 0.678572
100 0.498346 0.482719 0.995129 0.381336
50 0.501861 0.411938 0.992786 0.550547
110 0.501861 0.411938 0.992786 0.550547
68 0.50147 0.486175 0.987318 0.347926
67 0.50147 0.486175 0.987318 0.347926
101 0.50147 0.486175 0.987318 0.347926
95 0.50147 0.486175 0.987318 0.347926
102 0.50147 0.486175 0.987318 0.347926
77 0.50147 0.486175 0.987318 0.347926
109 0.50147 0.486175 0.987318 0.347926
84 0.502642 0.459677 0.986537 0.40553
53 0.504594 0.466302 0.984194 0.400346
111 0.502642 0.459677 0.986537 0.40553
68 0.501172 0.546227 0.997657 0.243952
103 0.501861 0.455069 0.986537 0.408986
102 0.501172 0.546227 0.997657 0.243952
56 0.506157 0.458237 0.97482 0.404954
52 0.510843 0.453917 0.971696 0.419355
48 0.510843 0.461982 0.971696 0.418203
110 0.50147 0.486175 0.987318 0.347926
101 0.501172 0.546227 0.997657 0.243952
49 0.510843 0.461982 0.971696 0.418203
47 0.510843 0.453917 0.971696 0.419355
50 0.510843 0.461982 0.971696 0.418203
67 0.501172 0.546227 0.997657 0.243952
99 0.510843 0.453917 0.971696 0.419355
54 0.510843 0.453917 0.971696 0.419355
105 0.501861 0.455069 0.986537 0.408986
77 0.501172 0.546227 0.997657 0.243952
97 0.510843 0.453917 0.971696 0.419355
76 0.510843 0.453917 0.971696 0.419355
73 0.510843 0.453917 0.971696 0.419355
67 0.507328 0.387097 0.975601 0.557604
84 0.49444 0.523329 0.970134 0.285138
51 0.510843 0.461982 0.971696 0.418203
104 0.509281 0.457949 0.965447 0.404378
46 0.510843 0.453917 0.971696 0.419355
100 0.510843 0.453917 0.971696 0.419355
111 0.49444 0.523329 0.970134 0.285138
68 0.507328 0.387097 0.975601 0.557604
102 0.507328 0.387097 0.975601 0.557604
77 0.507328 0.387097 0.975601 0.557604
56 0.49444 0.523329 0.970134 0.285138
101 0.507328 0.387097 0.975601 0.557604
75 0.501861 0.455069 0.986537 0.408986
80 0.510843 0.453917 0.971696 0.419355
109 0.501172 0.546227 0.997657 0.243952
81 0.501861 0.455069 0.986537 0.408986
111 0.499517 0.343894 0.988099 0.646313
95 0.501172 0.546227 0.997657 0.243952
52 0.49444 0.512961 0.968571 0.297811
53 0.499517 0.343894 0.988099 0.646313
67 0.50147 0.465726 0.968571 0.377304
111 0.506938 0.459677 0.959198 0.392857
68 0.50147 0.465726 0.968571 0.377304
48 0.563568 0.464286 0.841251 0.396313
53 0.501079 0.463998 0.970915 0.385369
52 0.501079 0.463998 0.970915 0.385369
101 0.50147 0.465726 0.968571 0.377304
102 0.499517 0.485599 0.966228 0.339862
84 0.506938 0.459677 0.959198 0.392857
77 0.50147 0.465726 0.968571 0.377304
109 0.50147 0.465726 0.968571 0.377304
95 0.50147 0.465726 0.968571 0.377304
47 0.563568 0.464286 0.841251 0.396313
110 0.50147 0.465726 0.968571 0.377304
103 0.506938 0.459677 0.959198 0.392857
54 0.49444 0.463134 0.973258 0.391705
49 0.563568 0.464286 0.841251 0.396313
51 0.563568 0.464286 0.841251 0.396313
56 0.50147 0.465726 0.968571 0.377304
73 0.563568 0.464286 0.841251 0.396313
50 0.563568 0.464286 0.841251 0.396313
46 0.563568 0.464286 0.841251 0.396313
99 0.496783 0.462558 0.981069 0.394009
76 0.506938 0.459677 0.959198 0.392857
52 0.645194 0.453629 0.693622 0.392281
48 0.499127 0.50432 0.967009 0.300115
111 0.503515 0.517569 0.99297 0.273618
97 0.506938 0.459677 0.959198 0.392857
53 0.645194 0.453629 0.693622 0.392281
100 0.563568 0.464286 0.841251 0.396313
68 0.502251 0.486751 0.979507 0.358295
67 0.502642 0.468894 0.98185 0.395161
52 0.507719 0.464862 0.971696 0.400922
101 0.502251 0.486751 0.979507 0.358295
53 0.507719 0.464862 0.971696 0.400922
111 0.502642 0.468894 0.98185 0.395161
48 0.540525 0.461982 0.899834 0.408986
84 0.507719 0.46083 0.973258 0.410138
109 0.502642 0.468894 0.98185 0.395161
95 0.502642 0.468894 0.98185 0.395161
77 0.502251 0.486751 0.979507 0.358295
54 0.5085 0.459965 0.970134 0.414171
103 0.5085 0.459965 0.970134 0.414171
102 0.502251 0.486751 0.979507 0.358295
105 0.5085 0.459965 0.970134 0.414171
47 0.540525 0.461982 0.899834 0.408986
56 0.507719 0.46083 0.973258 0.410138
80 0.5085 0.459965 0.970134 0.414171
110 0.502642 0.468894 0.98185 0.395161
50 0.5085 0.459965 0.970134 0.414171
66 0.5085 0.459965 0.970134 0.414171
49 0.5085 0.459965 0.970134 0.414171
67 0.489753 0.531394 0.957636 0.27477
46 0.540525 0.461982 0.899834 0.408986
97 0.503032 0.440956 0.981069 0.444124
73 0.540525 0.461982 0.899834 0.408986
78 0.507719 0.464862 0.971696 0.400922
108 0.507719 0.464862 0.971696 0.400922
48 0.526075 0.459389 0.925611 0.427995
53 0.506157 0.457661 0.949825 0.414171
52 0.506157 0.457661 0.949825 0.414171
68 0.497565 0.480127 0.967009 0.377304
84 0.506157 0.457661 0.949825 0.414171
54 0.506157 0.457661 0.949825 0.414171
47 0.526075 0.459389 0.925611 0.427995
67 0.497565 0.480127 0.967009 0.377304
103 0.548336 0.464286 0.870152 0.417051
80 0.506157 0.457661 0.949825 0.414171
49 0.526075 0.459389 0.925611 0.427995
108 0.497565 0.471774 0.967009 0.382488
50 0.526075 0.459389 0.925611 0.427995
102 0.497565 0.480127 0.967009 0.377304
101 0.497565 0.480127 0.967009 0.377304
51 0.526075 0.459389 0.925611 0.427995
111 0.497565 0.471774 0.967009 0.382488
78 0.497565 0.471774 0.967009 0.382488
73 0.548336 0.464286 0.870152 0.417051
95 0.497565 0.480127 0.967009 0.377304
77 0.497565 0.480127 0.967009 0.377304
99 0.526075 0.459389 0.925611 0.427995
46 0.526075 0.459389 0.925611 0.427995
66 0.497565 0.471774 0.967009 0.382488
56 0.506157 0.457661 0.949825 0.414171
42 0.532324 0.461982 0.906864 0.415899
68 0.271044 0.480127 0.534276 0.363479
100 0.548336 0.464286 0.870152 0.417051
76 0.526075 0.459389 0.925611 0.427995
79 0.497565 0.480127 0.967009 0.377304
102 0.271044 0.480127 0.534276 0.363479
101 0.271044 0.480127 0.534276 0.363479
75 0.506157 0.457661 0.949825 0.414171
53 0.5085 0.459101 0.973258 0.41129
52 0.5085 0.459101 0.973258 0.41129
80 0.5085 0.459101 0.973258 0.41129
108 0.513187 0.459677 0.973258 0.410138
84 0.5085 0.459101 0.973258 0.41129
54 0.5085 0.459101 0.973258 0.41129
78 0.513187 0.459677 0.973258 0.410138
68 0.493268 0.470334 0.961542 0.391129
42 0.513187 0.459677 0.973258 0.410138
95 0.513187 0.459677 0.973258 0.410138
67 0.506938 0.464286 0.976382 0.403226
48 0.507719 0.457661 0.97482 0.416475
101 0.493268 0.470334 0.961542 0.391129
101 0.10584 0.514113 0.207774 0.293203
111 0.493268 0.470334 0.961542 0.391129
77 0.10584 0.514113 0.207774 0.293203
102 0.10584 0.514113 0.207774 0.293203
105 0.5085 0.459101 0.973258 0.41129
77 0.493659 0.478687 0.952949 0.376728
33 0.513187 0.459677 0.973258 0.410138
102 0.493659 0.478687 0.952949 0.376728
103 0.5085 0.459101 0.973258 0.41129
56 0.5085 0.459101 0.973258 0.41129
47 0.507719 0.457661 0.97482 0.416475
77 0.14509 0.488767 0.287838 0.340438
101 0.14509 0.488767 0.287838 0.340438
66 0.493268 0.470334 0.961542 0.391129
68 0.10584 0.514113 0.207774 0.293203
79 0.513187 0.459677 0.973258 0.410138
50 0.5085 0.459101 0.973258 0.41129
102 0.14509 0.488767 0.287838 0.340438
109 0.493268 0.470334 0.961542 0.391129
74 0.513187 0.459677 0.973258 0.410138
81 0.5085 0.459101 0.973258 0.41129
104 0.5085 0.459101 0.973258 0.41129
17 0.513187 0.459677 0.973258 0.410138
77 0.0785012 0.489055 0.152902 0.345622
67 0.10584 0.514113 0.207774 0.293203
110 0.493268 0.470334 0.961542 0.391129
101 0.0785012 0.489055 0.152902 0.345622
41 0.513187 0.459677 0.973258 0.410138
111 0.101641 0.491647 0.200549 0.334677
52 0.506938 0.457949 0.981069 0.402074
53 0.507719 0.457373 0.977945 0.40553
84 0.506938 0.460541 0.977945 0.401498
48 0.506938 0.457949 0.981069 0.402074
67 0.505376 0.457373 0.979507 0.408986
80 0.506938 0.457949 0.981069 0.402074
54 0.506938 0.460541 0.977945 0.401498
68 0.506157 0.465438 0.981069 0.389401
111 0.506157 0.465438 0.981069 0.389401
42 0.506938 0.460541 0.977945 0.401498
77 0.505766 0.468318 0.978726 0.388249
108 0.506938 0.460541 0.977945 0.401498
56 0.506938 0.460541 0.977945 0.401498
102 0.505766 0.468318 0.978726 0.388249
47 0.506938 0.457949 0.981069 0.402074
52 0.792041 0.453341 0.399926 0.400922
53 0.50147 0.458525 0.990442 0.40553
52 0.507328 0.455069 0.972477 0.414747
80 0.510843 0.454493 0.968571 0.418203
67 0.499908 0.464574 0.990442 0.394585
68 0.499908 0.464574 0.990442 0.394585
84 0.513968 0.453917 0.971696 0.413594
80 0.774076 0.457949 0.437419 0.417051
108 0.507328 0.455069 0.972477 0.414747
48 0.507328 0.455069 0.972477 0.414747
53 0.342515 0.4447 0.673313 0.428571
53 0.179264 0.456221 0.346811 0.40553
102 0.499908 0.464574 0.990442 0.394585
54 0.507328 0.455069 0.972477 0.414747
105 0.540525 0.455933 0.89671 0.415323
53 0.642753 0.458525 0.69538 0.415899
77 0.499908 0.464574 0.990442 0.394585
52 0.342515 0.4447 0.673313 0.428571
80 0.676535 0.448445 0.632501 0.398041
101 0.499908 0.464574 0.990442 0.394585
53 0.0727405 0.461694 0.138451 0.401498
111 0.512406 0.457661 0.971696 0.410714
52 0.179264 0.456221 0.346811 0.40553
103 0.507328 0.455069 0.972477 0.414747
108 0.774076 0.457949 0.437419 0.417051
79 0.543259 0.460829 0.888118 0.400922
52 0.510062 0.459965 0.963885 0.409562
53 0.499127 0.457085 0.992005 0.415323
48 0.523732 0.456797 0.934984 0.414747
68 0.510062 0.459965 0.963885 0.409562
54 0.510062 0.459965 0.963885 0.409562
80 0.510062 0.459965 0.963885 0.409562
84 0.510062 0.459965 0.963885 0.409562
52 0.273778 0.437212 0.541306 0.448157
108 0.5085 0.458813 0.970134 0.413018
50 0.510062 0.459965 0.963885 0.409562
77 0.511234 0.460541 0.961542 0.41417
67 0.511234 0.460541 0.961542 0.41417
105 0.523732 0.456797 0.934984 0.414747
103 0.525684 0.459101 0.927954 0.413594
102 0.511234 0.460541 0.961542 0.41417
51 0.510062 0.459965 0.963885 0.409562
47 0.510062 0.459965 0.963885 0.409562
111 0.510062 0.459965 0.963885 0.409562
101 0.511234 0.460541 0.961542 0.41417
53 0.505376 0.459389 0.985756 0.403802
52 0.510843 0.463134 0.971696 0.40553
48 0.513968 0.460829 0.970134 0.407834
67 0.509281 0.46371 0.968571 0.39977
68 0.509281 0.46371 0.968571 0.39977
84 0.505376 0.462558 0.982631 0.402074
103 0.513968 0.460829 0.970134 0.407834
80 0.505376 0.462558 0.982631 0.402074
111 0.509281 0.46371 0.968571 0.39977
54 0.510843 0.463134 0.971696 0.40553
105 0.513968 0.460829 0.970134 0.407834
108 0.504204 0.46371 0.988099 0.406682
77 0.509281 0.46371 0.968571 0.39977
53 0.512406 0.459677 0.96076 0.398618
52 0.505376 0.456797 0.976382 0.404378
67 0.496783 0.46371 0.990442 0.390553
54 0.505376 0.456797 0.976382 0.404378
68 0.496783 0.46371 0.990442 0.390553
52 0.725257 0.455645 0.531933 0.40553
84 0.505376 0.456797 0.976382 0.404378
48 0.505376 0.456797 0.976382 0.404378
77 0.496783 0.46371 0.990442 0.390553
80 0.506938 0.454205 0.967009 0.41417
101 0.496783 0.46371 0.990442 0.390553
80 0.725257 0.455645 0.531933 0.40553
102 0.496783 0.46371 0.990442 0.390553
53 0.725257 0.455645 0.531933 0.40553
53 0.502642 0.457661 0.972477 0.407258
68 0.502642 0.457661 0.972477 0.407258
52 0.524122 0.449021 0.931078 0.417627
67 0.502642 0.457661 0.972477 0.407258
102 0.499127 0.457373 0.97482 0.39977
84 0.524122 0.449021 0.931078 0.417627
48 0.511624 0.450749 0.954512 0.416475
54 0.524122 0.449021 0.931078 0.417627
77 0.502642 0.457661 0.972477 0.407258
101 0.499127 0.457373 0.97482 0.39977
80 0.524122 0.449021 0.931078 0.417627
50 0.524122 0.449021 0.931078 0.417627
105 0.524122 0.449021 0.931078 0.417627
108 0.500689 0.449885 0.976382 0.417051
42 0.524122 0.449021 0.931078 0.417627
111 0.500689 0.449885 0.976382 0.417051
49 0.511624 0.450749 0.954512 0.416475
2 0.524122 0.449021 0.931078 0.417627
103 0.524122 0.449021 0.931078 0.417627
75 0.524122 0.449021 0.931078 0.417627
76 0.524122 0.449021 0.931078 0.417627
53 0.535839 0.451901 0.915456 0.411866
52 0.513577 0.453917 0.959979 0.407834
105 0.546774 0.453917 0.887336 0.407834
68 0.500689 0.454493 0.987318 0.408986
67 0.546774 0.453917 0.887336 0.407834
48 0.5953 0.454493 0.788722 0.404378
2 0.513577 0.453917 0.959979 0.407834
80 0.546774 0.453917 0.887336 0.407834
84 0.513577 0.453917 0.959979 0.407834
52 0.504594 0.457949 0.984194 0.408986
53 0.503032 0.461406 0.987318 0.39977
48 0.504594 0.457949 0.984194 0.408986
54 0.504594 0.457949 0.984194 0.408986
48 0.509281 0.871544 0.976382 0.256912
68 0.503813 0.458813 0.985756 0.404954
67 0.503813 0.458813 0.985756 0.404954
80 0.504594 0.457949 0.984194 0.408986
77 0.503813 0.458813 0.985756 0.404954
53 0.503813 0.454781 0.973258 0.400346
52 0.498736 0.455645 0.984975 0.398618
48 0.500689 0.790899 0.979507 0.418203
67 0.498736 0.455645 0.984975 0.398618
48 0.503813 0.871544 0.977945 0.256912
68 0.503813 0.457085 0.971696 0.396889
2 0.498736 0.455645 0.984975 0.398618
109 0.503813 0.0834533 0.976382 0.166907
102 0.50147 0.458525 0.981069 0.395161
84 0.498736 0.455645 0.984975 0.398618
103 0.500689 0.836406 0.984194 0.327189
48 0.498736 0.455645 0.984975 0.398618
77 0.503813 0.457085 0.971696 0.396889
103 0.505376 0.107575 0.977945 0.21515
76 0.505376 0.107575 0.977945 0.21515
67 0.496002 0.828917 0.982631 0.342166
111 0.496002 0.828917 0.982631 0.342166
84 0.503813 0.0834533 0.976382 0.166907
84 0.500689 0.790899 0.979507 0.418203
54 0.506938 0.458525 0.970134 0.394009
47 0.500689 0.790899 0.979507 0.418203
68 0.496002 0.828917 0.982631 0.342166
76 0.504204 0.0568116 0.98185 0.113623
73 0.496002 0.828917 0.982631 0.342166
49 0.500689 0.790899 0.979507 0.418203
53 0.496002 0.828917 0.982631 0.342166
56 0.496002 0.828917 0.982631 0.342166
52 0.500689 0.790899 0.979507 0.418203
53 0.505766 0.461694 0.966228 0.393433
52 0.502251 0.455645 0.963885 0.407834
67 0.554585 0.454205 0.862341 0.410714
68 0.505766 0.461694 0.966228 0.393433
84 0.554585 0.454205 0.862341 0.410714
105 0.554585 0.454205 0.862341 0.410714
102 0.505766 0.461694 0.966228 0.393433
77 0.497174 0.460253 0.978726 0.397465
111 0.502251 0.455645 0.963885 0.407834
48 0.505766 0.461694 0.966228 0.393433
95 0.554585 0.454205 0.862341 0.410714
2 0.502251 0.455645 0.963885 0.407834
53 0.506938 0.456221 0.970134 0.40553
52 0.512406 0.450533 0.963885 0.418059
67 0.504985 0.455645 0.970915 0.400922
2 0.512406 0.450533 0.963885 0.418059
102 0.499517 0.456797 0.984975 0.39977
68 0.499517 0.456797 0.984975 0.39977
54 0.506938 0.454493 0.967009 0.410138
77 0.499517 0.456797 0.984975 0.39977
80 0.512406 0.450533 0.963885 0.418059
48 0.508109 0.451613 0.970915 0.412442
84 0.512406 0.450533 0.963885 0.418059
53 0.509281 0.453341 0.971696 0.41129
52 0.540525 0.453053 0.904521 0.413018
84 0.540525 0.453053 0.904521 0.413018
68 0.509281 0.453341 0.971696 0.41129
67 0.509281 0.453341 0.971696 0.41129
48 0.512406 0.452189 0.963885 0.412442
77 0.503813 0.455069 0.976382 0.41129
2 0.512406 0.452189 0.963885 0.412442
52 0.737364 0.456797 0.51553 0.408986
53 0.50147 0.449813 0.977945 0.418347
52 0.499908 0.454205 0.984194 0.419931
68 0.494831 0.461694 0.989661 0.394585
67 0.494831 0.461694 0.989661 0.394585
77 0.502251 0.452765 0.973258 0.41129
2 0.496002 0.461406 0.992005 0.395161
111 0.494831 0.461694 0.989661 0.394585
84 0.502642 0.448445 0.975601 0.423387
54 0.502642 0.448445 0.975601 0.423387
101 0.502251 0.452765 0.973258 0.41129
102 0.502251 0.452765 0.973258 0.41129
48 0.496002 0.461406 0.992005 0.395161
53 0.497565 0.467454 0.979507 0.394585
52 0.503813 0.452477 0.976382 0.421083
68 0.497174 0.466014 0.977164 0.395161
77 0.497174 0.466014 0.977164 0.395161
67 0.497174 0.466014 0.977164 0.395161
48 0.49444 0.802995 0.976382 0.394009
48 0.505376 0.453917 0.96076 0.414747
77 0.501861 0.872696 0.972477 0.254608
101 0.497174 0.466014 0.977164 0.395161
48 0.501861 0.872696 0.972477 0.254608
108 0.505376 0.453917 0.96076 0.414747
102 0.497174 0.466014 0.977164 0.395161
101 0.501861 0.872696 0.972477 0.254608
53 0.506938 0.452477 0.963885 0.411866
52 0.506938 0.452477 0.963885 0.411866
67 0.50147 0.453917 0.971696 0.41129
68 0.50147 0.453917 0.971696 0.41129
48 0.505376 0.456221 0.959198 0.404378
48 0.496783 0.897465 0.987318 0.205069
77 0.50147 0.453917 0.971696 0.41129
84 0.506938 0.452477 0.963885 0.411866
108 0.505376 0.456221 0.959198 0.404378
2 0.496002 0.464286 0.973258 0.390553
105 0.496002 0.464286 0.973258 0.390553
53 0.500689 0.453341 0.985756 0.413594
52 0.507719 0.450461 0.967009 0.415899
67 0.507719 0.450461 0.967009 0.415899
108 0.499127 0.44326 0.985756 0.4303
68 0.507719 0.450461 0.967009 0.415899
53 0.5085 0.455645 0.977945 0.410138
52 0.509672 0.454781 0.975601 0.411866
67 0.507719 0.452765 0.979507 0.412442
48 0.509672 0.454781 0.975601 0.411866
68 0.5085 0.453629 0.976382 0.410714
77 0.505376 0.452189 0.982631 0.41129
101 0.505376 0.452189 0.982631 0.41129
102 0.505376 0.452189 0.982631 0.41129
53 0.506157 0.454205 0.976382 0.415323
52 0.523732 0.455933 0.952168 0.41417
2 0.511624 0.452477 0.967009 0.417627
68 0.511624 0.451325 0.967009 0.418779
67 0.511624 0.451325 0.967009 0.418779
84 0.511624 0.452477 0.967009 0.417627
53 0.513187 0.457373 0.970134 0.413594
52 0.513187 0.457373 0.970134 0.413594
67 0.502251 0.46803 0.987318 0.389977
2 0.50147 0.467166 0.987318 0.389401
84 0.50147 0.467166 0.987318 0.389401
68 0.537401 0.00378024 0.909207 0.00756048
54 0.513187 0.457373 0.970134 0.413594
67 0.537401 0.00378024 0.909207 0.00756048
53 0.497565 0.454493 0.982631 0.408986
52 0.497565 0.454493 0.982631 0.408986
67 0.496393 0.46227 0.988099 0.394585
84 0.504595 0.453053 0.968571 0.411866
68 0.495221 0.47091 0.981069 0.376152
53 0.503813 0.454781 0.981069 0.40841
52 0.503813 0.454781 0.981069 0.40841
67 0.498346 0.458525 0.990442 0.406682
68 0.498346 0.458525 0.990442 0.406682
2 0.505376 0.452189 0.970134 0.414747
48 0.506157 0.453629 0.97482 0.413018
84 0.503813 0.454781 0.981069 0.40841
53 0.500689 0.456509 0.981069 0.409562
67 0.506938 0.455645 0.970134 0.412442
52 0.500689 0.456509 0.981069 0.409562
68 0.503423 0.455069 0.972477 0.41129
84 0.506938 0.455645 0.970134 0.412442
77 0.495221 0.454205 0.982631 0.411866
53 0.501079 0.450749 0.98185 0.421083
52 0.501079 0.450749 0.98185 0.421083
68 0.506547 0.445781 0.969353 0.428715
67 0.506157 0.444988 0.965447 0.4303
77 0.506157 0.444988 0.965447 0.4303
108 0.506157 0.444988 0.965447 0.4303
101 0.506157 0.444988 0.965447 0.4303
53 0.497565 0.464286 0.985756 0.394009
52 0.501079 0.454205 0.975601 0.411866
68 0.496783 0.459677 0.984194 0.402074
67 0.496783 0.459677 0.984194 0.402074
84 0.506938 0.457949 0.965447 0.404378
2 0.506938 0.457949 0.965447 0.404378
108 0.497565 0.449957 0.976382 0.418059
53 0.499908 0.452189 0.979507 0.417051
52 0.499908 0.452189 0.979507 0.417051
68 0.497565 0.46515 0.984194 0.392281
67 0.507719 0.454781 0.96076 0.413018
84 0.507719 0.454781 0.96076 0.413018
77 0.507719 0.454781 0.96076 0.413018
2 0.499908 0.452189 0.979507 0.417051
53 0.495221 0.452765 0.979507 0.417051
52 0.495221 0.452765 0.979507 0.417051
84 0.495221 0.452765 0.979507 0.417051
67 0.506938 0.451541 0.970134 0.421803
68 0.506938 0.451541 0.970134 0.421803
53 0.506157 0.453341 0.963885 0.420507
52 0.499517 0.453917 0.980288 0.419355
67 0.499127 0.465726 0.982631 0.394585
53 0.497565 0.452189 0.977945 0.420507
68 0.497174 0.460829 0.978726 0.39977
52 0.497565 0.452189 0.977945 0.420507
67 0.497174 0.460829 0.978726 0.39977
77 0.504985 0.451541 0.958417 0.421803
102 0.497174 0.460829 0.978726 0.39977
48 0.504985 0.451541 0.958417 0.421803
53 0.499517 0.449381 0.98185 0.422667
52 0.50147 0.457373 0.981069 0.40553
77 0.50147 0.457373 0.981069 0.40553
68 0.50147 0.457373 0.981069 0.40553
108 0.50147 0.457373 0.981069 0.40553
67 0.50147 0.457373 0.981069 0.40553
53 0.503813 0.452189 0.973258 0.414747
52 0.504594 0.462558 0.971696 0.394009
77 0.508891 0.453341 0.963104 0.412442
67 0.504594 0.462558 0.971696 0.394009
68 0.508891 0.453341 0.963104 0.412442
101 0.508891 0.453341 0.963104 0.412442
108 0.500298 0.452765 0.977164 0.415899
2 0.504594 0.462558 0.971696 0.394009
102 0.500298 0.452765 0.977164 0.415899
53 0.503032 0.451613 0.977945 0.414747
52 0.509672 0.449957 0.96779 0.420363
68 0.502251 0.459965 0.987318 0.403802
77 0.502251 0.459965 0.987318 0.403802
67 0.502251 0.459965 0.987318 0.403802
2 0.509672 0.449957 0.96779 0.420363
108 0.509672 0.449957 0.96779 0.420363
53 0.510062 0.453053 0.971696 0.414171
52 0.510062 0.453053 0.971696 0.414171
68 0.501861 0.462846 0.989661 0.400346
53 0.513187 0.456221 0.96076 0.414747
52 0.512406 0.452477 0.968571 0.419931
2 0.503813 0.460829 0.984194 0.404378
53 0.503423 0.453917 0.98185 0.417051
52 0.502251 0.46515 0.985756 0.392281
67 0.502251 0.46515 0.985756 0.392281
68 0.502251 0.46515 0.985756 0.392281
77 0.502251 0.46515 0.985756 0.392281
108 0.505376 0.456221 0.977945 0.410138
2 0.507719 0.455645 0.973258 0.412442
53 0.502251 0.453053 0.982631 0.416475
52 0.50147 0.465438 0.982631 0.388249
67 0.50147 0.465438 0.982631 0.388249
77 0.50147 0.465438 0.982631 0.388249
68 0.50147 0.465438 0.982631 0.388249
101 0.50147 0.465438 0.982631 0.388249
108 0.503423 0.455933 0.980288 0.410714
53 0.510453 0.451325 0.966228 0.417627
52 0.507719 0.456797 0.971696 0.407834
67 0.507719 0.456797 0.971696 0.407834
84 0.507719 0.456797 0.971696 0.407834
2 0.507719 0.456797 0.971696 0.407834
77 0.507719 0.456797 0.971696 0.407834
52 0.506157 0.455069 0.971696 0.414747
53 0.502251 0.451037 0.981069 0.422811
108 0.502251 0.46371 0.982631 0.396313
67 0.501861 0.464862 0.986537 0.392857
2 0.502251 0.46371 0.982631 0.396313
48 0.501861 0.464862 0.986537 0.392857
77 0.501861 0.464862 0.986537 0.392857
101 0.501861 0.464862 0.986537 0.392857
53 0.505376 0.452477 0.977945 0.419931
52 0.50147 0.455357 0.984194 0.409562
2 0.501079 0.453053 0.98185 0.417627
108 0.50147 0.455357 0.984194 0.409562
67 0.50147 0.455357 0.984194 0.409562
68 0.50147 0.455357 0.984194 0.409562
77 0.50147 0.455357 0.984194 0.409562
48 0.50147 0.455357 0.984194 0.409562
101 0.50147 0.455357 0.984194 0.409562
53 0.503423 0.452189 0.980288 0.415899
52 0.5085 0.455357 0.968571 0.409562
67 0.499908 0.457373 0.984194 0.406682
84 0.5085 0.455357 0.968571 0.409562
2 0.499908 0.457373 0.984194 0.406682
77 0.5085 0.455357 0.968571 0.409562
68 0.499908 0.457373 0.984194 0.406682
53 0.50147 0.450173 0.981069 0.421083
52 0.498736 0.461118 0.986537 0.398041
67 0.498736 0.461118 0.986537 0.398041
84 0.498736 0.461118 0.986537 0.398041
68 0.498736 0.461118 0.986537 0.398041
77 0.498736 0.461118 0.986537 0.398041
2 0.498346 0.458525 0.984194 0.406682
53 0.501079 0.456221 0.98185 0.41129
52 0.508109 0.455933 0.970915 0.40841
67 0.499127 0.464862 0.98888 0.389401
68 0.499127 0.464862 0.98888 0.389401
84 0.508109 0.455933 0.970915 0.40841
77 0.499127 0.464862 0.98888 0.389401
2 0.508109 0.455933 0.970915 0.40841
53 0.497955 0.455645 0.98185 0.408986
52 0.505376 0.458237 0.963885 0.403802
67 0.497955 0.467166 0.980288 0.387097
84 0.505376 0.458237 0.963885 0.403802
68 0.497955 0.467166 0.980288 0.387097
2 0.505376 0.458237 0.963885 0.403802
77 0.497955 0.467166 0.980288 0.387097
53 0.50147 0.454205 0.981069 0.407258
52 0.506157 0.457085 0.965447 0.403802
68 0.501079 0.464574 0.975601 0.389977
67 0.501079 0.464574 0.975601 0.389977
77 0.501079 0.464574 0.975601 0.389977
84 0.506157 0.457085 0.965447 0.403802
53 0.502251 0.453629 0.981069 0.413018
52 0.507719 0.457949 0.965447 0.404378
67 0.503032 0.467742 0.976382 0.384793
68 0.503032 0.467742 0.976382 0.384793
84 0.507719 0.457949 0.965447 0.404378
77 0.503032 0.467742 0.976382 0.384793
54 0.507719 0.457949 0.965447 0.404378
2 0.507719 0.457949 0.965447 0.404378
53 0.501861 0.452765 0.98185 0.414747
52 0.505766 0.455645 0.966228 0.407834
67 0.502251 0.465438 0.977945 0.390553
68 0.502251 0.465438 0.977945 0.390553
84 0.505766 0.455645 0.966228 0.407834
54 0.501861 0.452765 0.98185 0.414747
77 0.502251 0.463134 0.976382 0.394009
2 0.505766 0.455645 0.966228 0.407834
53 0.506157 0.452477 0.981069 0.414171
52 0.501861 0.463422 0.983413 0.389977
67 0.492487 0.467166 0.96779 0.383641
68 0.501861 0.463422 0.983413 0.389977
84 0.501861 0.463422 0.983413 0.389977
54 0.506157 0.452477 0.981069 0.414171
77 0.500689 0.459965 0.984194 0.400346
2 0.501861 0.463422 0.983413 0.389977
53 0.506547 0.452477 0.980288 0.415323
52 0.510062 0.451613 0.968571 0.415899
67 0.50147 0.460253 0.987318 0.39977
68 0.510062 0.451613 0.968571 0.415899
84 0.510062 0.451613 0.968571 0.415899
77 0.50147 0.460253 0.987318 0.39977
54 0.506547 0.452477 0.980288 0.415323
53 0.505376 0.453053 0.982631 0.417627
52 0.5085 0.448445 0.967009 0.423387
67 0.500298 0.460253 0.984975 0.402074
68 0.500298 0.460253 0.984975 0.402074
77 0.500298 0.460253 0.984975 0.402074
54 0.505376 0.453053 0.982631 0.417627
84 0.5085 0.448445 0.967009 0.423387
53 0.506157 0.454493 0.981069 0.413594
52 0.5085 0.452477 0.967009 0.415323
67 0.499908 0.464286 0.984194 0.394009
68 0.5085 0.452477 0.967009 0.415323
84 0.5085 0.452477 0.967009 0.415323
77 0.499908 0.464286 0.984194 0.394009
53 0.503813 0.454493 0.979507 0.413594
52 0.5085 0.453053 0.967009 0.415323
67 0.500689 0.46659 0.982631 0.389401
54 0.5085 0.453053 0.967009 0.415323
68 0.500689 0.46659 0.982631 0.389401
84 0.5085 0.453053 0.967009 0.415323
53 0.502251 0.454205 0.979507 0.413018
52 0.506938 0.455645 0.963885 0.410138
67 0.498346 0.466014 0.981069 0.390553
68 0.506938 0.455645 0.963885 0.410138
54 0.506938 0.455645 0.963885 0.410138
53 0.502251 0.453917 0.979507 0.417051
52 0.506938 0.456509 0.963885 0.410714
68 0.506938 0.456509 0.963885 0.410714
67 0.497955 0.464862 0.983413 0.392857
2 0.498346 0.462846 0.981069 0.398041
53 0.502251 0.453917 0.979507 0.415899
52 0.499127 0.461406 0.985756 0.400922
68 0.498736 0.463998 0.986537 0.394585
67 0.498736 0.463998 0.986537 0.394585
2 0.498736 0.463998 0.986537 0.394585
53 0.502251 0.452765 0.981069 0.417051
52 0.499908 0.458525 0.987318 0.406682
2 0.499908 0.458525 0.987318 0.406682
67 0.499908 0.460829 0.987318 0.39977
68 0.499908 0.460829 0.987318 0.39977
77 0.49444 0.883065 0.981069 0.233871
53 0.503032 0.451901 0.981069 0.418779
52 0.500689 0.459677 0.98888 0.403226
2 0.500689 0.456797 0.98888 0.410138
68 0.507719 0.452189 0.971696 0.415899
53 0.503032 0.451325 0.981069 0.419931
52 0.500689 0.459389 0.990442 0.40265
68 0.506938 0.451613 0.973258 0.417051
54 0.506938 0.451613 0.973258 0.417051
2 0.506547 0.452189 0.977164 0.418203
53 0.505376 0.452189 0.979507 0.415899
52 0.499908 0.460829 0.990442 0.39977
67 0.499908 0.460829 0.990442 0.39977
2 0.506938 0.453053 0.976382 0.416475
68 0.506938 0.452765 0.973258 0.414747
53 0.505766 0.453053 0.978726 0.414171
52 0.506938 0.452765 0.973258 0.414747
2 0.500689 0.459101 0.98888 0.404378
67 0.499908 0.460541 0.990442 0.399194
68 0.506938 0.452765 0.973258 0.414747
53 0.506938 0.453341 0.979507 0.412442
52 0.501861 0.459677 0.989661 0.403226
2 0.501861 0.459677 0.989661 0.403226
67 0.501079 0.461118 0.991224 0.398041
68 0.508109 0.452765 0.974039 0.413594
53 0.507328 0.454205 0.978726 0.410714
52 0.502251 0.461694 0.98888 0.399193
2 0.502251 0.461694 0.98888 0.399193
67 0.50147 0.463134 0.990442 0.394009
68 0.5085 0.454493 0.973258 0.410138
53 0.507719 0.454781 0.977945 0.410714
52 0.507719 0.455645 0.973258 0.407834
2 0.50147 0.462558 0.98888 0.397465
68 0.507719 0.455645 0.973258 0.407834
67 0.501079 0.464286 0.989661 0.391705
53 0.507328 0.454493 0.977164 0.410138
52 0.507719 0.455645 0.971696 0.407834
2 0.506938 0.455933 0.977945 0.409562
67 0.500298 0.464286 0.989661 0.391705
53 0.506938 0.454493 0.976382 0.41129
52 0.500298 0.464286 0.989661 0.391705
67 0.500298 0.464286 0.989661 0.391705
53 0.507719 0.453917 0.976382 0.412442
52 0.500689 0.46371 0.98888 0.392857
67 0.500689 0.46371 0.98888 0.392857
53 0.507719 0.454205 0.976382 0.411866
52 0.501079 0.463998 0.991224 0.392281
67 0.501079 0.463998 0.991224 0.392281
53 0.507719 0.454205 0.977945 0.411866
52 0.500689 0.46371 0.992005 0.392857
67 0.500689 0.46371 0.992005 0.392857
53 0.508109 0.454493 0.977164 0.41129
52 0.500689 0.46371 0.992005 0.392857
67 0.500689 0.46371 0.992005 0.392857
53 0.5085 0.454493 0.977945 0.41129
52 0.50147 0.46371 0.992005 0.392857
67 0.50147 0.46371 0.992005 0.392857
53 0.507719 0.454205 0.977945 0.411866
52 0.501079 0.46371 0.991224 0.392857
77 0.501079 0.46371 0.991224 0.392857
67 0.501079 0.46371 0.991224 0.392857
53 0.506157 0.454205 0.977945 0.411866
52 0.501079 0.464286 0.991224 0.392857
77 0.501079 0.464286 0.991224 0.392857
53 0.506157 0.454205 0.977945 0.411866
52 0.500689 0.46371 0.990442 0.394009
77 0.500689 0.46371 0.990442 0.394009
53 0.506157 0.453917 0.977945 0.412442
52 0.50147 0.463422 0.990442 0.393433
77 0.50147 0.463422 0.990442 0.393433
53 0.506547 0.453917 0.978726 0.412442
52 0.50147 0.463134 0.990442 0.395161
53 0.506157 0.454205 0.977945 0.411866
52 0.500689 0.463134 0.990442 0.395161
77 0.500689 0.463134 0.990442 0.395161
53 0.506547 0.454205 0.978726 0.411866
52 0.500689 0.462558 0.990442 0.396313
77 0.500689 0.462558 0.990442 0.396313
53 0.506547 0.454493 0.978726 0.41129
52 0.500298 0.46227 0.989661 0.396889
77 0.500298 0.46227 0.989661 0.396889
53 0.506547 0.454493 0.978726 0.41129
52 0.500298 0.461982 0.989661 0.397465
77 0.500298 0.461982 0.989661 0.397465
53 0.506547 0.454493 0.978726 0.41129
52 0.500298 0.461982 0.989661 0.397465
53 0.506547 0.454493 0.978726 0.41129
52 0.500298 0.461982 0.989661 0.397465
53 0.506938 0.454493 0.977945 0.41129
52 0.500298 0.461982 0.989661 0.397465
53 0.506938 0.454493 0.977945 0.41129
52 0.500298 0.461982 0.989661 0.397465
53 0.506938 0.454205 0.979507 0.411866
52 0.499908 0.461982 0.990442 0.397465
53 0.507328 0.454205 0.978726 0.411866
52 0.500298 0.461982 0.989661 0.397465
53 0.506938 0.454205 0.979507 0.411866
52 0.500298 0.461982 0.989661 0.397465
53 0.506938 0.454205 0.979507 0.411866
52 0.499908 0.46227 0.990442 0.396889
53 0.506938 0.454205 0.979507 0.411866
52 0.499908 0.46227 0.990442 0.396889
53 0.506938 0.454493 0.979507 0.41129
52 0.499908 0.461982 0.990442 0.397465
53 0.507328 0.454493 0.978726 0.41129
52 0.499908 0.461694 0.990442 0.396889
53 0.507328 0.454493 0.978726 0.41129
52 0.499908 0.461694 0.990442 0.396889
53 0.507719 0.454493 0.977945 0.41129
52 0.500298 0.461406 0.991224 0.397465
53 0.507719 0.454493 0.977945 0.41129
52 0.499908 0.461406 0.990442 0.397465
53 0.507719 0.454205 0.977945 0.411866
52 0.500689 0.461406 0.990442 0.398618
53 0.507719 0.454493 0.977945 0.41129
52 0.500689 0.461694 0.990442 0.398041
53 0.507719 0.454493 0.977945 0.41129
52 0.500689 0.461406 0.990442 0.398618
53 0.507719 0.454493 0.977945 0.41129
52 0.500689 0.461118 0.990442 0.398041
53 0.5085 0.454493 0.977945 0.41129
52 0.501079 0.461118 0.991224 0.398041
53 0.5085 0.454493 0.977945 0.41129
52 0.501079 0.460829 0.991224 0.398618
53 0.5085 0.454493 0.977945 0.41129
52 0.501079 0.461118 0.991224 0.399194
53 0.5085 0.454493 0.977945 0.41129
52 0.501079 0.460829 0.991224 0.398618
53 0.5085 0.454493 0.977945 0.41129
52 0.501079 0.460829 0.991224 0.398618
53 0.5085 0.454205 0.977945 0.410714
52 0.50147 0.460829 0.990442 0.398618
53 0.5085 0.454205 0.977945 0.410714
52 0.50147 0.460829 0.990442 0.398618
53 0.508109 0.454205 0.978726 0.410714
52 0.50147 0.461118 0.990442 0.398041
53 0.5085 0.454205 0.977945 0.410714
52 0.50147 0.461118 0.990442 0.398041
53 0.5085 0.454205 0.977945 0.410714
52 0.50147 0.461118 0.990442 0.398041
53 0.5085 0.454205 0.977945 0.410714
52 0.50147 0.461118 0.990442 0.398041
53 0.5085 0.454205 0.977945 0.410714
52 0.50147 0.461118 0.990442 0.398041
53 0.5085 0.454205 0.977945 0.410714
52 0.50147 0.461118 0.990442 0.398041
53 0.5085 0.454205 0.977945 0.410714
52 0.50147 0.461118 0.990442 0.398041
53 0.5085 0.454205 0.977945 0.410714
52 0.50147 0.461118 0.990442 0.398041
53 0.5085 0.454205 0.977945 0.410714
52 0.50147 0.461118 0.990442 0.398041
53 0.5085 0.454205 0.977945 0.410714
52 0.50147 0.461118 0.990442 0.398041
53 0.5085 0.454493 0.977945 0.41129
52 0.50147 0.460829 0.990442 0.398618
53 0.5085 0.454493 0.977945 0.41129
52 0.50147 0.460829 0.990442 0.398618
53 0.5085 0.454205 0.977945 0.410714
52 0.50147 0.460829 0.990442 0.398618
53 0.5085 0.454205 0.977945 0.410714
52 0.50147 0.460829 0.990442 0.398618
53 0.5085 0.454493 0.977945 0.41129
52 0.50147 0.460829 0.990442 0.398618
53 0.5085 0.454493 0.977945 0.41129
52 0.50147 0.460829 0.990442 0.398618
53 0.5085 0.454493 0.977945 0.41129
52 0.50147 0.460829 0.990442 0.398618
53 0.5085 0.454493 0.977945 0.41129
52 0.50147 0.460829 0.990442 0.398618
53 0.5085 0.454493 0.977945 0.41129
52 0.50147 0.460829 0.990442 0.398618
53 0.5085 0.454493 0.977945 0.41129
52 0.50147 0.460829 0.990442 0.398618
53 0.5085 0.454205 0.977945 0.411866
52 0.50147 0.461118 0.990442 0.398041
53 0.5085 0.454205 0.977945 0.411866
52 0.50147 0.461118 0.990442 0.398041
53 0.5085 0.454205 0.977945 0.411866
52 0.50147 0.461406 0.990442 0.397465
53 0.5085 0.454205 0.977945 0.411866
52 0.50147 0.461406 0.990442 0.397465
53 0.5085 0.453917 0.977945 0.412442
52 0.50147 0.461406 0.990442 0.397465
53 0.5085 0.453917 0.977945 0.412442
52 0.50147 0.461406 0.990442 0.397465
53 0.507719 0.454205 0.977945 0.411866
52 0.50147 0.461406 0.990442 0.397465
53 0.507719 0.453917 0.977945 0.412442
52 0.50147 0.461406 0.990442 0.398618
53 0.507719 0.453917 0.977945 0.412442
52 0.50147 0.461406 0.990442 0.398618
53 0.507719 0.453917 0.977945 0.412442
52 0.501079 0.461406 0.991224 0.398618
53 0.507719 0.453917 0.977945 0.412442
52 0.501079 0.461406 0.991224 0.398618
53 0.507719 0.453917 0.977945 0.412442
52 0.501079 0.461406 0.991224 0.398618
53 0.507719 0.453917 0.977945 0.412442
52 0.50147 0.461406 0.990442 0.398618
53 0.507719 0.453917 0.977945 0.412442
52 0.50147 0.461406 0.990442 0.398618
53 0.507719 0.453917 0.977945 0.412442
52 0.500689 0.461406 0.990442 0.398618
53 0.507719 0.453917 0.977945 0.412442
52 0.500689 0.461406 0.990442 0.398618
53 0.507719 0.453917 0.977945 0.412442
52 0.500689 0.461118 0.990442 0.398041
53 0.507719 0.453917 0.977945 0.412442
52 0.500689 0.461406 0.990442 0.398618
53 0.506938 0.453917 0.977945 0.412442
52 0.500689 0.461406 0.990442 0.398618
53 0.506938 0.453917 0.977945 0.412442
52 0.500689 0.461694 0.98888 0.398041
53 0.506938 0.453917 0.977945 0.412442
52 0.500689 0.461694 0.98888 0.398041
53 0.506938 0.453917 0.977945 0.412442
52 0.500689 0.461694 0.990442 0.398041
53 0.506938 0.453917 0.977945 0.413594
52 0.500689 0.461694 0.98888 0.398041
53 0.506938 0.453917 0.977945 0.413594
52 0.500689 0.461694 0.98888 0.398041
53 0.507328 0.453917 0.977164 0.413594
52 0.500689 0.461694 0.98888 0.398041
53 0.507328 0.453917 0.977164 0.413594
52 0.500689 0.461406 0.98888 0.398618
53 0.507328 0.453917 0.977164 0.413594
52 0.500689 0.461406 0.98888 0.398618
53 0.506938 0.453917 0.977945 0.413594
52 0.500689 0.461406 0.98888 0.398618
53 0.506938 0.453917 0.977945 0.413594
52 0.500689 0.461406 0.98888 0.398618
53 0.506938 0.453917 0.977945 0.413594
52 0.500689 0.461406 0.98888 0.398618
53 0.506938 0.453917 0.977945 0.413594
52 0.500689 0.461406 0.98888 0.398618
53 0.506938 0.453917 0.977945 0.413594
52 0.500689 0.461406 0.98888 0.398618
53 0.506938 0.453917 0.977945 0.413594
52 0.500689 0.461406 0.98888 0.398618
53 0.506938 0.453917 0.977945 0.413594
52 0.500689 0.461406 0.98888 0.398618
53 0.506938 0.453917 0.976382 0.413594
52 0.500689 0.461406 0.98888 0.398618
53 0.506938 0.453917 0.976382 0.413594
52 0.500689 0.461694 0.98888 0.399193
53 0.506938 0.453917 0.976382 0.413594
52 0.500689 0.461694 0.98888 0.399193
53 0.506938 0.453917 0.976382 0.413594
52 0.500689 0.461694 0.98888 0.399193
53 0.506547 0.453917 0.977164 0.413594
52 0.500689 0.461694 0.98888 0.399193
53 0.506547 0.453917 0.977164 0.413594
52 0.500689 0.461694 0.98888 0.399193
53 0.506547 0.453917 0.977164 0.413594
52 0.500689 0.461694 0.98888 0.399193
53 0.506547 0.453917 0.977164 0.413594
52 0.500689 0.461694 0.98888 0.399193
53 0.506547 0.453917 0.977164 0.413594
52 0.500689 0.461694 0.98888 0.399193
53 0.506547 0.453917 0.977164 0.413594
52 0.500689 0.461694 0.98888 0.399193
53 0.506547 0.453917 0.977164 0.413594
52 0.500689 0.461694 0.98888 0.399193
53 0.506547 0.453917 0.977164 0.413594
52 0.500689 0.461694 0.98888 0.399193
53 0.506547 0.453917 0.977164 0.413594
52 0.500689 0.461694 0.98888 0.399193
53 0.506157 0.453917 0.977945 0.413594
52 0.500689 0.461982 0.98888 0.398618
53 0.506157 0.453917 0.977945 0.413594
52 0.500689 0.461982 0.98888 0.398618
53 0.506157 0.453917 0.977945 0.413594
52 0.500689 0.461982 0.98888 0.398618
53 0.506157 0.454205 0.976382 0.41417
52 0.500689 0.461982 0.98888 0.398618
53 0.506157 0.454205 0.976382 0.41417
52 0.500689 0.461982 0.98888 0.398618
53 0.505766 0.454205 0.977164 0.41417
52 0.500689 0.461982 0.98888 0.39977
53 0.505766 0.454205 0.977164 0.41417
52 0.500298 0.46227 0.988099 0.399194
53 0.505766 0.454205 0.977164 0.41417
52 0.499908 0.46227 0.98888 0.399194
53 0.505766 0.454205 0.977164 0.41417
52 0.500298 0.461982 0.988099 0.39977
53 0.505766 0.454205 0.977164 0.41417
52 0.500689 0.461982 0.98888 0.39977
53 0.505766 0.454205 0.977164 0.41417
52 0.500298 0.461982 0.988099 0.39977
53 0.505766 0.454205 0.977164 0.41417
52 0.500298 0.461982 0.988099 0.39977
53 0.505376 0.454205 0.976382 0.41417
52 0.500298 0.461982 0.988099 0.39977
53 0.505376 0.454205 0.976382 0.41417
52 0.500298 0.46227 0.988099 0.399194
53 0.505376 0.454493 0.976382 0.413594
52 0.500298 0.46227 0.988099 0.399194
53 0.505376 0.454205 0.976382 0.41417
52 0.500298 0.461982 0.988099 0.39977
53 0.505376 0.454205 0.976382 0.41417
52 0.500298 0.461982 0.988099 0.39977
53 0.505376 0.454205 0.976382 0.41417
52 0.499908 0.461982 0.98888 0.39977
53 0.505376 0.454493 0.976382 0.413594
52 0.499908 0.461982 0.987318 0.39977
53 0.505376 0.454493 0.976382 0.413594
52 0.499908 0.461982 0.98888 0.39977
53 0.505376 0.454493 0.976382 0.413594
52 0.499908 0.461982 0.987318 0.39977
53 0.505376 0.454493 0.976382 0.413594
52 0.499908 0.46227 0.987318 0.400346
53 0.505376 0.454493 0.976382 0.413594
52 0.499908 0.46227 0.987318 0.400346
53 0.505376 0.454493 0.976382 0.413594
52 0.499908 0.46227 0.987318 0.400346
53 0.505376 0.454493 0.976382 0.413594
52 0.499908 0.46227 0.987318 0.400346
53 0.505376 0.454493 0.976382 0.413594
52 0.499908 0.46227 0.987318 0.400346
53 0.505376 0.454493 0.976382 0.413594
52 0.499908 0.46227 0.987318 0.400346
53 0.504985 0.454493 0.975601 0.413594
52 0.499908 0.46227 0.987318 0.400346
53 0.504594 0.454493 0.976382 0.413594
52 0.499908 0.46227 0.987318 0.400346
53 0.504985 0.454493 0.975601 0.413594
52 0.500298 0.46227 0.988099 0.400346
53 0.504985 0.454493 0.975601 0.413594
52 0.499908 0.46227 0.987318 0.400346
53 0.504985 0.454493 0.975601 0.413594
52 0.499908 0.46227 0.987318 0.400346
53 0.504985 0.454493 0.975601 0.413594
52 0.499908 0.462558 0.987318 0.39977
53 0.504594 0.454493 0.976382 0.413594
52 0.499908 0.462558 0.987318 0.39977
53 0.504985 0.454493 0.975601 0.413594
52 0.499908 0.462558 0.98888 0.39977
53 0.504985 0.454781 0.975601 0.413018
52 0.499908 0.462558 0.98888 0.39977
53 0.504985 0.454781 0.975601 0.413018
52 0.499908 0.462558 0.98888 0.39977
53 0.504985 0.454781 0.975601 0.413018
52 0.499517 0.462558 0.988099 0.39977
53 0.504985 0.454781 0.975601 0.413018
52 0.499908 0.462558 0.987318 0.39977
53 0.504594 0.454781 0.976382 0.413018
52 0.499517 0.462558 0.988099 0.39977
53 0.504594 0.454781 0.976382 0.413018
52 0.499517 0.462558 0.988099 0.39977
53 0.504595 0.454781 0.97482 0.413018
52 0.499517 0.462846 0.988099 0.399194
53 0.504595 0.454781 0.97482 0.413018
52 0.499517 0.462846 0.988099 0.399194
53 0.504595 0.454781 0.97482 0.413018
52 0.499517 0.462846 0.988099 0.399194
53 0.504595 0.455069 0.97482 0.412442
52 0.499517 0.462846 0.988099 0.399194
53 0.504595 0.455357 0.97482 0.413018
52 0.499908 0.462846 0.987318 0.399194
53 0.504595 0.455069 0.97482 0.413594
52 0.499517 0.462846 0.988099 0.399194
53 0.504595 0.455069 0.97482 0.413594
52 0.499517 0.463134 0.988099 0.398618
53 0.504595 0.455357 0.97482 0.413018
52 0.499517 0.463134 0.988099 0.398618
53 0.504204 0.455357 0.974039 0.413018
52 0.499517 0.463134 0.988099 0.398618
53 0.503813 0.455357 0.97482 0.413018
52 0.499908 0.463134 0.987318 0.398618
53 0.503813 0.455357 0.97482 0.413018
52 0.499517 0.463134 0.988099 0.398618
53 0.504204 0.455357 0.974039 0.413018
52 0.499517 0.463134 0.988099 0.398618
53 0.503813 0.455357 0.97482 0.413018
52 0.499517 0.463134 0.988099 0.398618
53 0.503813 0.455645 0.97482 0.412442
52 0.499517 0.463134 0.988099 0.398618
53 0.503813 0.455645 0.97482 0.412442
52 0.499517 0.463134 0.988099 0.398618
53 0.504204 0.455645 0.974039 0.412442
52 0.499517 0.463422 0.988099 0.398041
53 0.503813 0.455645 0.97482 0.412442
52 0.499517 0.463422 0.988099 0.398041
53 0.503813 0.455645 0.97482 0.412442
52 0.499517 0.463422 0.988099 0.398041
53 0.503813 0.455645 0.97482 0.412442
52 0.499517 0.463422 0.988099 0.398041
53 0.503813 0.455645 0.97482 0.412442
52 0.499517 0.463422 0.988099 0.398041
53 0.503813 0.455933 0.97482 0.413018
52 0.499517 0.463422 0.988099 0.398041
53 0.503813 0.455933 0.97482 0.413018
52 0.499517 0.46371 0.988099 0.398618
53 0.503423 0.455645 0.974039 0.413594
52 0.499517 0.46371 0.988099 0.397465
53 0.503423 0.455645 0.974039 0.413594
52 0.499127 0.463422 0.98888 0.398041
53 0.503423 0.455645 0.974039 0.413594
52 0.499127 0.46371 0.987318 0.398618
53 0.503032 0.455645 0.97482 0.413594
52 0.499127 0.46371 0.98888 0.398618
53 0.503423 0.455645 0.974039 0.413594
52 0.506157 0.458237 0.973258 0.40841
53 0.503032 0.455645 0.97482 0.413594
52 0.506157 0.458237 0.973258 0.40841
53 0.503813 0.455645 0.97482 0.413594
52 0.506157 0.458237 0.973258 0.40841
53 0.503813 0.455645 0.97482 0.413594
52 0.506157 0.458237 0.973258 0.40841
53 0.503813 0.455645 0.97482 0.413594
52 0.506157 0.458237 0.973258 0.40841
53 0.503813 0.455645 0.97482 0.413594
52 0.506157 0.458237 0.973258 0.40841
53 0.503813 0.455645 0.97482 0.413594
52 0.506157 0.458237 0.973258 0.40841
53 0.503423 0.455933 0.975601 0.413018
52 0.506157 0.458525 0.973258 0.407834
53 0.503423 0.455645 0.975601 0.413594
52 0.506157 0.458525 0.973258 0.407834
53 0.503423 0.455933 0.975601 0.413018
52 0.506157 0.458525 0.973258 0.407834
53 0.503423 0.455933 0.975601 0.413018
52 0.506157 0.458525 0.973258 0.407834
53 0.503032 0.455933 0.976382 0.413018
52 0.506157 0.458525 0.973258 0.407834
53 0.503032 0.455933 0.97482 0.413018
52 0.506157 0.458525 0.973258 0.407834
53 0.503032 0.455933 0.97482 0.413018
52 0.505766 0.458525 0.974039 0.407834
53 0.503032 0.455933 0.976382 0.413018
52 0.505766 0.458525 0.974039 0.407834
53 0.503032 0.455933 0.976382 0.413018
52 0.505766 0.458525 0.974039 0.407834
53 0.503032 0.455933 0.97482 0.413018
52 0.505376 0.458525 0.973258 0.407834
53 0.503032 0.455933 0.976382 0.413018
52 0.505376 0.458525 0.973258 0.407834
53 0.502642 0.455933 0.975601 0.413018
52 0.505376 0.458525 0.973258 0.407834
53 0.502642 0.455933 0.975601 0.413018
52 0.505766 0.458525 0.974039 0.407834
53 0.502642 0.456221 0.975601 0.412442
52 0.505376 0.458525 0.973258 0.407834
53 0.502642 0.455933 0.975601 0.413018
52 0.505766 0.458525 0.974039 0.407834
53 0.502642 0.456221 0.975601 0.412442
52 0.505376 0.458525 0.973258 0.407834
53 0.502642 0.455933 0.975601 0.413018
52 0.505376 0.458525 0.973258 0.407834
53 0.502642 0.455933 0.975601 0.413018
52 0.505376 0.458525 0.973258 0.407834
53 0.502642 0.456221 0.975601 0.412442
52 0.505766 0.458525 0.974039 0.407834
53 0.502642 0.456221 0.975601 0.412442
52 0.505766 0.458525 0.974039 0.407834
53 0.502642 0.456221 0.975601 0.412442
52 0.505766 0.458525 0.974039 0.407834
53 0.502642 0.456221 0.975601 0.412442
52 0.505766 0.458525 0.974039 0.407834
53 0.502642 0.456221 0.975601 0.412442
52 0.505766 0.458813 0.974039 0.407258
53 0.502642 0.456221 0.975601 0.412442
52 0.506157 0.458813 0.973258 0.407258
53 0.502642 0.456221 0.975601 0.412442
52 0.505766 0.458813 0.974039 0.407258
53 0.502642 0.456221 0.975601 0.412442
52 0.505766 0.458813 0.974039 0.407258
53 0.502642 0.456221 0.975601 0.412442
52 0.505766 0.458813 0.974039 0.407258
53 0.503032 0.456221 0.97482 0.412442
52 0.505766 0.458813 0.974039 0.407258
53 0.502642 0.456221 0.975601 0.412442
52 0.505766 0.459101 0.974039 0.406682
53 0.503032 0.456221 0.97482 0.412442
52 0.505766 0.459101 0.974039 0.406682
53 0.502642 0.456221 0.975601 0.412442
52 0.505766 0.459101 0.974039 0.406682
53 0.503032 0.456221 0.97482 0.412442
52 0.505766 0.459101 0.974039 0.406682
53 0.502642 0.456221 0.975601 0.412442
52 0.505766 0.459101 0.974039 0.406682
53 0.503032 0.456221 0.976382 0.412442
52 0.505766 0.459101 0.974039 0.406682
53 0.503032 0.456221 0.97482 0.412442
52 0.505766 0.459101 0.974039 0.406682
53 0.503032 0.456221 0.976382 0.412442
52 0.505766 0.459101 0.974039 0.406682
53 0.503032 0.456221 0.976382 0.412442
52 0.505766 0.459101 0.974039 0.406682
53 0.503032 0.456221 0.976382 0.412442
52 0.505766 0.459101 0.974039 0.406682
53 0.503423 0.456221 0.975601 0.412442
52 0.505376 0.459101 0.97482 0.406682
53 0.503032 0.456221 0.976382 0.412442
52 0.505766 0.459389 0.974039 0.406106
53 0.503032 0.456221 0.976382 0.412442
52 0.505376 0.459389 0.973258 0.406106
53 0.503032 0.456509 0.976382 0.411866
52 0.505766 0.459389 0.974039 0.406106
53 0.503032 0.456509 0.976382 0.411866
52 0.505376 0.459389 0.97482 0.406106
53 0.503032 0.456509 0.976382 0.411866
52 0.505376 0.459389 0.97482 0.406106
53 0.503032 0.456509 0.976382 0.411866
52 0.505376 0.459677 0.97482 0.40553
53 0.503032 0.456509 0.976382 0.411866
52 0.505376 0.459677 0.97482 0.40553
53 0.503032 0.456509 0.976382 0.411866
52 0.505766 0.459677 0.974039 0.40553
53 0.505376 0.454493 0.976382 0.413594
52 0.499908 0.461982 0.987318 0.39977
