48 0.516444 0.457184 0.947075 0.453448
79 0.509423 0.461782 0.956436 0.477586
95 0.499282 0.462356 0.943954 0.466092
53 0.509423 0.461782 0.956436 0.477586
84 0.509423 0.461782 0.956436 0.477586
50 0.516444 0.457184 0.947075 0.453448
49 0.499282 0.462356 0.943954 0.466092
111 0.509423 0.461782 0.956436 0.477586
74 0.509423 0.461782 0.956436 0.477586
103 0.509423 0.461782 0.956436 0.477586
56 0.509423 0.461782 0.956436 0.477586
54 0.509423 0.461782 0.956436 0.477586
68 0.509423 0.461782 0.956436 0.477586
109 0.509423 0.461782 0.956436 0.477586
104 0.509423 0.461782 0.956436 0.477586
101 0.509423 0.461782 0.956436 0.477586
77 0.509423 0.461782 0.956436 0.477586
67 0.509423 0.461782 0.956436 0.477586
81 0.507083 0.469612 0.954876 0.469971
17 0.509423 0.461782 0.956436 0.477586
76 0.509423 0.461782 0.956436 0.477586
110 0.499282 0.462356 0.943954 0.466092
100 0.499282 0.462356 0.943954 0.466092
97 0.509423 0.461782 0.956436 0.477586
75 0.516444 0.457184 0.947075 0.453448
105 0.499282 0.462356 0.943954 0.466092
46 0.509423 0.461782 0.956436 0.477586
80 0.509423 0.461782 0.956436 0.477586
33 0.499282 0.462356 0.943954 0.466092
66 0.499282 0.462356 0.943954 0.466092
42 0.499282 0.462356 0.943954 0.466092
73 0.509423 0.461782 0.956436 0.477586
51 0.509423 0.461782 0.956436 0.477586
47 0.507083 0.469612 0.954876 0.469971
99 0.507083 0.469612 0.954876 0.469971
102 0.516444 0.457184 0.947075 0.453448
31 0.509423 0.461782 0.956436 0.477586
16 0.507083 0.469612 0.954876 0.469971
108 0.499282 0.462356 0.943954 0.466092
11 0.499282 0.462356 0.943954 0.466092
28 0.509423 0.461782 0.956436 0.477586
78 0.509423 0.461782 0.956436 0.477586
0 0.509423 0.461782 0.956436 0.477586
14 0.499282 0.462356 0.943954 0.466092
41 0.509423 0.461782 0.956436 0.477586
21 0.499282 0.462356 0.943954 0.466092
38 0.509423 0.461782 0.956436 0.477586
5 0.516444 0.457184 0.947075 0.453448
7 0.499282 0.462356 0.943954 0.466092
15 0.509423 0.461782 0.956436 0.477586
12 0.496161 0.448276 0.945515 0.452874
34 0.499282 0.462356 0.943954 0.466092
52 0.514104 0.469828 0.947075 0.468391
13 0.499672 0.472701 0.946295 0.447701
26 0.499672 0.472701 0.946295 0.447701
4 0.507083 0.469612 0.954876 0.469971
94 0.507083 0.469612 0.954876 0.469971
92 0.509423 0.461782 0.956436 0.477586
101 0.525806 0.410057 0.898707 0.353448
72 0.509423 0.461782 0.956436 0.477586
54 0.351642 0.538506 0.657257 0.316092
65 0.514884 0.404885 0.948635 0.376437
52 0.512544 0.337644 0.948635 0.467241
22 0.516444 0.457184 0.947075 0.453448
42 0.351642 0.538506 0.657257 0.316092
75 0.507863 0.351149 0.956436 0.554023
88 0.516834 0.463793 0.941614 0.458621
48 0.351642 0.538506 0.657257 0.316092
50 0.512544 0.337644 0.948635 0.467241
78 0.500842 0.408908 0.957997 0.579885
104 0.500842 0.408908 0.957997 0.579885
108 0.500842 0.408908 0.957997 0.579885
56 0.500842 0.408908 0.957997 0.579885
81 0.500842 0.408908 0.957997 0.579885
111 0.500842 0.408908 0.957997 0.579885
79 0.500842 0.408908 0.957997 0.579885
54 0.500842 0.408908 0.957997 0.579885
105 0.500842 0.408908 0.957997 0.579885
80 0.500842 0.408908 0.957997 0.579885
74 0.500842 0.408908 0.957997 0.579885
95 0.500842 0.408908 0.957997 0.579885
66 0.500842 0.408908 0.957997 0.579885
75 0.500842 0.408908 0.957997 0.579885
103 0.500842 0.408908 0.957997 0.579885
46 0.509423 0.385058 0.967358 0.618391
84 0.500842 0.408908 0.957997 0.579885
33 0.502402 0.364943 0.957997 0.668966
17 0.500842 0.408908 0.957997 0.579885
48 0.500062 0.454023 0.959557 0.498851
110 0.500842 0.408908 0.957997 0.579885
68 0.509423 0.385058 0.967358 0.618391
99 0.500842 0.408908 0.957997 0.579885
41 0.500842 0.408908 0.957997 0.579885
109 0.500842 0.408908 0.957997 0.579885
67 0.500062 0.454023 0.959557 0.498851
53 0.500842 0.408908 0.957997 0.579885
108 0.339746 0.438218 0.637364 0.536207
52 0.509423 0.385058 0.967358 0.618391
101 0.500062 0.454023 0.959557 0.498851
78 0.339746 0.438218 0.637364 0.536207
42 0.509423 0.385058 0.967358 0.618391
48 0.511764 0.347701 0.967358 0.683908
105 0.302494 0.468463 0.559741 0.476868
78 0.499282 0.453161 0.956436 0.906322
77 0.500842 0.408908 0.957997 0.579885
73 0.509423 0.385058 0.967358 0.618391
108 0.215754 0.425287 0.387626 0.565517
108 0.499282 0.453161 0.956436 0.906322
79 0.302494 0.468463 0.559741 0.476868
97 0.500062 0.454023 0.959557 0.498851
50 0.509423 0.385058 0.967358 0.618391
76 0.500842 0.408908 0.957997 0.579885
102 0.500062 0.454023 0.959557 0.498851
47 0.500842 0.408908 0.957997 0.579885
104 0.339746 0.438218 0.637364 0.536207
101 0.511764 0.347701 0.967358 0.683908
33 0.339746 0.438218 0.637364 0.536207
80 0.499282 0.453161 0.956436 0.906322
67 0.511764 0.347701 0.967358 0.683908
78 0.508643 0.303448 0.973599 0.606897
81 0.499282 0.453161 0.956436 0.906322
33 0.461836 0.455675 0.876863 0.50704
78 0.215754 0.425287 0.387626 0.565517
104 0.499282 0.453161 0.956436 0.906322
33 0.511764 0.459483 0.970479 0.918966
66 0.499282 0.453161 0.956436 0.906322
81 0.339746 0.438218 0.637364 0.536207
56 0.499282 0.453161 0.956436 0.906322
46 0.499282 0.481897 0.957997 0.438506
66 0.339746 0.438218 0.637364 0.536207
74 0.499282 0.453161 0.956436 0.906322
79 0.499282 0.453161 0.956436 0.906322
111 0.499282 0.453161 0.956436 0.906322
100 0.509423 0.385058 0.967358 0.618391
111 0.508643 0.303448 0.973599 0.606897
108 0.508643 0.303448 0.973599 0.606897
80 0.339746 0.438218 0.637364 0.536207
105 0.212 0.466667 0.377972 0.470115
103 0.511764 0.459483 0.970479 0.918966
80 0.508643 0.303448 0.973599 0.606897
79 0.508643 0.303448 0.973599 0.606897
17 0.339746 0.438218 0.637364 0.536207
84 0.499282 0.453161 0.956436 0.906322
75 0.508643 0.303448 0.973599 0.606897
104 0.215754 0.425287 0.387626 0.565517
97 0.511764 0.347701 0.967358 0.683908
33 0.215754 0.425287 0.387626 0.565517
75 0.499282 0.453161 0.956436 0.906322
79 0.359249 0.386207 0.681831 0.637931
68 0.499282 0.481897 0.957997 0.438506
104 0.508643 0.303448 0.973599 0.606897
95 0.508643 0.303448 0.973599 0.606897
74 0.339746 0.438218 0.637364 0.536207
52 0.499282 0.481897 0.957997 0.438506
50 0.512482 0.948851 0.975036 0.102299
95 0.499282 0.453161 0.956436 0.906322
105 0.499282 0.453161 0.956436 0.906322
31 0.500842 0.408908 0.957997 0.579885
54 0.499282 0.453161 0.956436 0.906322
79 0.215754 0.425287 0.387626 0.565517
56 0.508643 0.303448 0.973599 0.606897
81 0.508643 0.303448 0.973599 0.606897
95 0.339746 0.438218 0.637364 0.536207
74 0.508643 0.303448 0.973599 0.606897
111 0.302494 0.468463 0.559741 0.476868
66 0.215754 0.425287 0.387626 0.565517
56 0.302494 0.468463 0.559741 0.476868
84 0.508643 0.303448 0.973599 0.606897
105 0.508643 0.303448 0.973599 0.606897
109 0.508643 0.303448 0.973599 0.606897
75 0.339746 0.438218 0.637364 0.536207
81 0.215754 0.425287 0.387626 0.565517
49 0.509423 0.385058 0.967358 0.618391
66 0.508643 0.303448 0.973599 0.606897
17 0.499282 0.453161 0.956436 0.906322
105 0.359249 0.386207 0.681831 0.637931
54 0.508643 0.303448 0.973599 0.606897
102 0.511764 0.347701 0.967358 0.683908
52 0.511764 0.459483 0.970479 0.918966
84 0.339746 0.438218 0.637364 0.536207
46 0.499282 0.453161 0.956436 0.906322
53 0.508643 0.303448 0.973599 0.606897
109 0.511764 0.459483 0.970479 0.918966
103 0.508643 0.303448 0.973599 0.606897
21 0.502402 0.364943 0.957997 0.668966
110 0.499282 0.453161 0.956436 0.906322
35 0.502402 0.364943 0.957997 0.668966
41 0.499282 0.453161 0.956436 0.906322
99 0.499282 0.453161 0.956436 0.906322
111 0.512482 0.948851 0.975036 0.102299
46 0.339746 0.438218 0.637364 0.536207
72 0.502402 0.414296 0.972039 0.573707
80 0.215754 0.425287 0.387626 0.565517
41 0.508643 0.303448 0.973599 0.606897
73 0.499282 0.481897 0.957997 0.438506
103 0.339746 0.438218 0.637364 0.536207
108 0.499282 0.398276 0.993882 0.663218
81 0.499282 0.398276 0.993882 0.663218
78 0.498111 0.483046 0.991542 0.475287
104 0.498111 0.483046 0.991542 0.475287
79 0.498111 0.483046 0.991542 0.475287
81 0.48758 0.490517 0.964238 0.46954
108 0.48758 0.490517 0.964238 0.46954
68 0.496941 0.13477 0.990762 0.26954
95 0.498111 0.483046 0.991542 0.475287
105 0.498111 0.483046 0.991542 0.475287
56 0.498502 0.388506 0.984521 0.670115
56 0.48758 0.490517 0.964238 0.46954
80 0.498111 0.483046 0.991542 0.475287
53 0.501232 0.126149 0.97906 0.252299
48 0.501232 0.126149 0.97906 0.252299
48 0.503182 0.0842672 0.975159 0.168534
53 0.499672 0.475862 0.982181 0.471264
68 0.498111 0.483046 0.991542 0.475287
78 0.499282 0.358908 0.993882 0.717816
74 0.498111 0.483046 0.991542 0.475287
68 0.503182 0.0842672 0.975159 0.168534
52 0.498111 0.483046 0.991542 0.475287
84 0.498111 0.483046 0.991542 0.475287
75 0.501232 0.126149 0.97906 0.252299
95 0.503962 0.136351 0.972039 0.272701
101 0.496941 0.13477 0.990762 0.26954
53 0.503182 0.0842672 0.975159 0.168534
74 0.503962 0.136351 0.972039 0.272701
50 0.496941 0.13477 0.990762 0.26954
109 0.496941 0.13477 0.990762 0.26954
84 0.501232 0.126149 0.97906 0.252299
79 0.496941 0.387356 0.984521 0.774713
77 0.496941 0.13477 0.990762 0.26954
49 0.496941 0.13477 0.990762 0.26954
108 0.503962 0.136351 0.972039 0.272701
76 0.501232 0.126149 0.97906 0.252299
52 0.496941 0.13477 0.990762 0.26954
104 0.499282 0.358908 0.993882 0.717816
53 0.497331 0.190805 0.988422 0.381609
99 0.501232 0.126149 0.97906 0.252299
101 0.498111 0.483046 0.991542 0.475287
105 0.496941 0.387356 0.984521 0.774713
54 0.498111 0.483046 0.991542 0.475287
102 0.496941 0.13477 0.990762 0.26954
100 0.496941 0.13477 0.990762 0.26954
110 0.496941 0.13477 0.990762 0.26954
67 0.499672 0.475862 0.982181 0.471264
109 0.498111 0.483046 0.991542 0.475287
109 0.503182 0.0842672 0.975159 0.168534
68 0.484069 0.232615 0.961897 0.46523
80 0.496941 0.13477 0.990762 0.26954
67 0.501232 0.126149 0.97906 0.252299
75 0.497331 0.190805 0.988422 0.381609
56 0.503962 0.136351 0.972039 0.272701
95 0.48758 0.574138 0.956436 0.545977
78 0.503962 0.136351 0.972039 0.272701
108 0.496941 0.437069 0.984521 0.874138
111 0.496941 0.13477 0.990762 0.26954
52 0.503182 0.0842672 0.975159 0.168534
95 0.496941 0.387356 0.984521 0.774713
75 0.503182 0.0842672 0.975159 0.168534
50 0.503182 0.0842672 0.975159 0.168534
48 0.498502 0.388506 0.984521 0.670115
49 0.503182 0.0842672 0.975159 0.168534
51 0.501232 0.126149 0.97906 0.252299
68 0.500062 0.414368 0.97984 0.828736
48 0.497331 0.190805 0.988422 0.381609
81 0.496941 0.437069 0.984521 0.874138
84 0.497331 0.190805 0.988422 0.381609
53 0.500062 0.414368 0.97984 0.828736
46 0.501232 0.126149 0.97906 0.252299
66 0.498111 0.483046 0.991542 0.475287
111 0.499672 0.475862 0.982181 0.471264
76 0.503182 0.0842672 0.975159 0.168534
95 0.484069 0.232615 0.961897 0.46523
75 0.498111 0.483046 0.991542 0.475287
84 0.503182 0.0842672 0.975159 0.168534
100 0.503182 0.0842672 0.975159 0.168534
80 0.500062 0.414368 0.97984 0.828736
51 0.503182 0.0842672 0.975159 0.168534
99 0.503182 0.0842672 0.975159 0.168534
108 0.484069 0.232615 0.961897 0.46523
101 0.503182 0.0842672 0.975159 0.168534
17 0.48758 0.490517 0.964238 0.46954
104 0.503962 0.136351 0.972039 0.272701
47 0.501232 0.126149 0.97906 0.252299
74 0.500062 0.414368 0.97984 0.828736
81 0.503962 0.136351 0.972039 0.272701
110 0.498111 0.483046 0.991542 0.475287
104 0.48758 0.574138 0.956436 0.545977
53 0.500062 0.56681 0.989202 0.551437
68 0.48758 0.574138 0.956436 0.545977
67 0.497331 0.190805 0.988422 0.381609
84 0.496941 0.387356 0.984521 0.774713
79 0.503962 0.136351 0.972039 0.272701
74 0.484069 0.232615 0.961897 0.46523
78 0.48758 0.574138 0.956436 0.545977
76 0.497331 0.190805 0.988422 0.381609
77 0.503182 0.0842672 0.975159 0.168534
80 0.484069 0.232615 0.961897 0.46523
52 0.496941 0.387356 0.984521 0.774713
99 0.497331 0.190805 0.988422 0.381609
73 0.503182 0.0842672 0.975159 0.168534
80 0.503182 0.0842672 0.975159 0.168534
48 0.500842 0.487069 0.97828 0.439655
17 0.499282 0.398276 0.993882 0.663218
46 0.503182 0.0842672 0.975159 0.168534
47 0.503182 0.0842672 0.975159 0.168534
111 0.503182 0.0842672 0.975159 0.168534
73 0.496941 0.13477 0.990762 0.26954
97 0.496941 0.13477 0.990762 0.26954
54 0.501232 0.126149 0.97906 0.252299
103 0.499282 0.398276 0.993882 0.663218
33 0.48758 0.490517 0.964238 0.46954
78 0.484069 0.232615 0.961897 0.46523
77 0.498111 0.483046 0.991542 0.475287
66 0.503962 0.136351 0.972039 0.272701
67 0.500062 0.56681 0.989202 0.551437
109 0.500062 0.414368 0.97984 0.828736
105 0.503962 0.136351 0.972039 0.272701
33 0.499282 0.398276 0.993882 0.663218
79 0.48758 0.574138 0.956436 0.545977
101 0.484069 0.232615 0.961897 0.46523
17 0.496941 0.13477 0.990762 0.26954
109 0.484069 0.232615 0.961897 0.46523
95 0.503182 0.0842672 0.975159 0.168534
80 0.48758 0.574138 0.956436 0.545977
75 0.500062 0.414368 0.97984 0.828736
67 0.503182 0.0842672 0.975159 0.168534
110 0.503182 0.0842672 0.975159 0.168534
74 0.48758 0.574138 0.956436 0.545977
33 0.497331 0.190805 0.988422 0.381609
84 0.48758 0.574138 0.956436 0.545977
101 0.48758 0.574138 0.956436 0.545977
102 0.503182 0.0842672 0.975159 0.168534
103 0.48758 0.490517 0.964238 0.46954
77 0.484069 0.232615 0.961897 0.46523
67 0.500062 0.414368 0.97984 0.828736
54 0.503182 0.0842672 0.975159 0.168534
56 0.484069 0.232615 0.961897 0.46523
103 0.496941 0.13477 0.990762 0.26954
108 0.503182 0.0842672 0.975159 0.168534
81 0.503182 0.0842672 0.975159 0.168534
74 0.503182 0.0842672 0.975159 0.168534
33 0.501232 0.126149 0.97906 0.252299
56 0.503182 0.0842672 0.975159 0.168534
101 0.500062 0.414368 0.97984 0.828736
54 0.497331 0.190805 0.988422 0.381609
54 0.500062 0.414368 0.97984 0.828736
77 0.500062 0.414368 0.97984 0.828736
102 0.500842 0.487069 0.97828 0.439655
52 0.484069 0.232615 0.961897 0.46523
109 0.48758 0.574138 0.956436 0.545977
76 0.499672 0.475862 0.982181 0.471264
110 0.484069 0.232615 0.961897 0.46523
111 0.500062 0.414368 0.97984 0.828736
66 0.500062 0.414368 0.97984 0.828736
105 0.48758 0.574138 0.956436 0.545977
97 0.503182 0.0842672 0.975159 0.168534
79 0.484069 0.232615 0.961897 0.46523
52 0.48758 0.574138 0.956436 0.545977
79 0.503182 0.0842672 0.975159 0.168534
51 0.497331 0.190805 0.988422 0.381609
110 0.48758 0.574138 0.956436 0.545977
2 0.496941 0.13477 0.990762 0.26954
78 0.503182 0.0842672 0.975159 0.168534
81 0.484069 0.232615 0.961897 0.46523
110 0.500062 0.414368 0.97984 0.828736
104 0.503182 0.0842672 0.975159 0.168534
104 0.484069 0.232615 0.961897 0.46523
41 0.48758 0.490517 0.964238 0.46954
102 0.484069 0.232615 0.961897 0.46523
47 0.497331 0.190805 0.988422 0.381609
103 0.503182 0.0842672 0.975159 0.168534
66 0.484069 0.232615 0.961897 0.46523
66 0.503182 0.0842672 0.975159 0.168534
68 0.500842 0.686207 0.97984 0.525287
46 0.496941 0.466954 0.992322 0.472989
6 0.498111 0.483046 0.991542 0.475287
73 0.498502 0.388506 0.984521 0.670115
54 0.48758 0.574138 0.956436 0.545977
50 0.484069 0.232615 0.961897 0.46523
104 0.509423 0.469828 0.975159 0.467241
105 0.509423 0.469828 0.975159 0.467241
79 0.502012 0.465517 0.965018 0.473563
95 0.509423 0.469828 0.975159 0.467241
81 0.509423 0.469828 0.975159 0.467241
78 0.513262 0.486782 0.973476 0.434483
74 0.509423 0.470115 0.970479 0.468966
108 0.509423 0.470115 0.970479 0.468966
74 0.512154 0.208333 0.969699 0.416667
74 0.502402 0.296552 0.984521 0.593103
103 0.509423 0.470115 0.970479 0.468966
66 0.509423 0.470115 0.970479 0.468966
67 0.509423 0.470115 0.970479 0.468966
84 0.509423 0.469828 0.972039 0.464943
80 0.509423 0.470115 0.970479 0.468966
56 0.509423 0.469828 0.972039 0.464943
52 0.504743 0.472701 0.97672 0.468391
104 0.507863 0.185489 0.97672 0.370977
74 0.506303 0.0949713 0.9814 0.189943
53 0.504743 0.472701 0.97672 0.468391
66 0.512154 0.208333 0.969699 0.416667
66 0.502402 0.296552 0.984521 0.593103
95 0.507863 0.185489 0.97672 0.370977
78 0.512154 0.208333 0.969699 0.416667
104 0.506303 0.0949713 0.9814 0.189943
109 0.509423 0.470115 0.970479 0.468966
68 0.509423 0.470115 0.970479 0.468966
97 0.512154 0.208333 0.969699 0.416667
97 0.509423 0.469828 0.972039 0.464943
79 0.507863 0.185489 0.97672 0.370977
95 0.506303 0.0949713 0.9814 0.189943
108 0.512154 0.208333 0.969699 0.416667
33 0.509423 0.470115 0.970479 0.468966
17 0.509423 0.469828 0.975159 0.467241
78 0.506303 0.0949713 0.9814 0.189943
105 0.507863 0.185489 0.97672 0.370977
78 0.502402 0.296552 0.984521 0.593103
105 0.506303 0.0949713 0.9814 0.189943
42 0.509423 0.470115 0.970479 0.468966
33 0.502402 0.211207 0.987641 0.422414
104 0.507863 0.287356 0.975159 0.574713
66 0.506303 0.0949713 0.9814 0.189943
79 0.509423 0.292529 0.972039 0.585057
54 0.509423 0.470115 0.970479 0.468966
79 0.506303 0.0949713 0.9814 0.189943
81 0.507863 0.185489 0.97672 0.370977
108 0.502402 0.296552 0.984521 0.593103
53 0.508581 0.0581178 0.982837 0.116236
75 0.502402 0.211207 0.987641 0.422414
78 0.503962 0.388506 0.972039 0.614943
77 0.509423 0.470115 0.970479 0.468966
80 0.512154 0.208333 0.969699 0.416667
75 0.509423 0.470115 0.970479 0.468966
108 0.513324 0.0760057 0.967358 0.152011
97 0.506303 0.0949713 0.9814 0.189943
78 0.438042 0.443678 0.840197 0.288506
81 0.506303 0.0949713 0.9814 0.189943
76 0.512154 0.208333 0.969699 0.416667
50 0.508643 0.0652299 0.97672 0.13046
48 0.508643 0.0652299 0.97672 0.13046
95 0.508581 0.0581178 0.982837 0.116236
42 0.502402 0.211207 0.987641 0.422414
76 0.508643 0.0652299 0.97672 0.13046
42 0.508643 0.0652299 0.97672 0.13046
97 0.502402 0.296552 0.984521 0.593103
50 0.512154 0.208333 0.969699 0.416667
52 0.508643 0.0652299 0.97672 0.13046
53 0.507863 0.185489 0.97672 0.370977
84 0.507863 0.185489 0.97672 0.370977
104 0.508581 0.0581178 0.982837 0.116236
68 0.507863 0.185489 0.97672 0.370977
74 0.508581 0.0581178 0.982837 0.116236
104 0.414638 0.454598 0.79651 0.377012
67 0.507863 0.185489 0.97672 0.370977
80 0.508643 0.0652299 0.97672 0.13046
109 0.512154 0.208333 0.969699 0.416667
33 0.507863 0.307471 0.975159 0.614943
95 0.507863 0.287356 0.975159 0.574713
79 0.414638 0.454598 0.79651 0.377012
105 0.507863 0.287356 0.975159 0.574713
111 0.506303 0.464943 0.97828 0.467816
54 0.508643 0.0652299 0.97672 0.13046
53 0.506303 0.0949713 0.9814 0.189943
68 0.506303 0.0949713 0.9814 0.189943
67 0.506303 0.0949713 0.9814 0.189943
81 0.507863 0.287356 0.975159 0.574713
84 0.508643 0.0652299 0.97672 0.13046
33 0.506303 0.0949713 0.9814 0.189943
52 0.507863 0.185489 0.97672 0.370977
103 0.508643 0.0652299 0.97672 0.13046
105 0.414638 0.454598 0.79651 0.377012
101 0.509423 0.470115 0.970479 0.468966
78 0.508581 0.0581178 0.982837 0.116236
68 0.508581 0.0581178 0.982837 0.116236
109 0.508643 0.0652299 0.97672 0.13046
41 0.509423 0.470115 0.970479 0.468966
103 0.507863 0.185489 0.97672 0.370977
42 0.503182 0.107974 0.984521 0.215948
97 0.508581 0.0581178 0.982837 0.116236
105 0.508581 0.0581178 0.982837 0.116236
77 0.512154 0.208333 0.969699 0.416667
75 0.507863 0.307471 0.975159 0.614943
75 0.513324 0.0760057 0.967358 0.152011
80 0.502402 0.296552 0.984521 0.593103
81 0.414638 0.454598 0.79651 0.377012
21 0.502402 0.481609 0.972039 0.445977
80 0.503182 0.107974 0.984521 0.215948
50 0.503182 0.107974 0.984521 0.215948
81 0.508581 0.0581178 0.982837 0.116236
101 0.507863 0.185489 0.97672 0.370977
76 0.503182 0.107974 0.984521 0.215948
66 0.508581 0.0581178 0.982837 0.116236
48 0.503182 0.107974 0.984521 0.215948
17 0.512154 0.208333 0.969699 0.416667
54 0.512154 0.208333 0.969699 0.416667
67 0.508581 0.0581178 0.982837 0.116236
48 0.512154 0.208333 0.969699 0.416667
48 0.504743 0.472701 0.97672 0.468391
73 0.508643 0.0652299 0.97672 0.13046
49 0.508643 0.0652299 0.97672 0.13046
56 0.507863 0.185489 0.97672 0.370977
56 0.506303 0.0949713 0.9814 0.189943
56 0.508581 0.0581178 0.982837 0.116236
50 0.504743 0.472701 0.97672 0.468391
42 0.507863 0.307471 0.975159 0.614943
110 0.504743 0.472701 0.97672 0.468391
73 0.504743 0.472701 0.97672 0.468391
76 0.509423 0.470115 0.970479 0.468966
101 0.508643 0.0652299 0.97672 0.13046
77 0.506303 0.0949713 0.9814 0.189943
54 0.503182 0.107974 0.984521 0.215948
84 0.502402 0.296552 0.984521 0.593103
52 0.503182 0.107974 0.984521 0.215948
79 0.508581 0.0581178 0.982837 0.116236
100 0.512154 0.208333 0.969699 0.416667
77 0.508581 0.0581178 0.982837 0.116236
73 0.512154 0.208333 0.969699 0.416667
17 0.502402 0.296552 0.984521 0.593103
10 0.502012 0.465517 0.965018 0.473563
76 0.502402 0.296552 0.984521 0.593103
41 0.502402 0.211207 0.987641 0.422414
110 0.507863 0.185489 0.97672 0.370977
110 0.508643 0.0652299 0.97672 0.13046
50 0.502402 0.296552 0.984521 0.593103
109 0.502402 0.296552 0.984521 0.593103
84 0.503182 0.107974 0.984521 0.215948
17 0.506303 0.0949713 0.9814 0.189943
46 0.504743 0.472701 0.97672 0.468391
108 0.438042 0.443678 0.840197 0.288506
103 0.503182 0.107974 0.984521 0.215948
100 0.508643 0.0652299 0.97672 0.13046
68 0.502402 0.296552 0.984521 0.593103
47 0.508581 0.0581178 0.982837 0.116236
47 0.507863 0.185489 0.97672 0.370977
104 0.503962 0.454598 0.965798 0.470115
105 0.505523 0.456322 0.965798 0.450575
79 0.506303 0.434986 0.968918 0.525431
81 0.503962 0.454598 0.965798 0.470115
104 0.505523 0.342529 0.964238 0.685058
78 0.505133 0.385345 0.965018 0.77069
108 0.505523 0.342529 0.964238 0.685058
78 0.507083 0.448276 0.964238 0.471264
81 0.505523 0.342529 0.964238 0.685058
105 0.505523 0.342529 0.964238 0.685058
108 0.510203 0.454095 0.962677 0.43204
56 0.503962 0.454598 0.965798 0.470115
80 0.505523 0.342529 0.964238 0.685058
80 0.510203 0.454095 0.962677 0.43204
79 0.507473 0.379023 0.966578 0.758046
95 0.503962 0.454598 0.965798 0.470115
56 0.505523 0.342529 0.964238 0.685058
103 0.503962 0.454598 0.965798 0.470115
53 0.510203 0.454095 0.962677 0.43204
95 0.505523 0.342529 0.964238 0.685058
84 0.510203 0.454095 0.962677 0.43204
53 0.496941 0.360345 0.982961 0.656322
103 0.505523 0.342529 0.964238 0.685058
48 0.510203 0.454095 0.962677 0.43204
84 0.505523 0.342529 0.964238 0.685058
33 0.505523 0.342529 0.964238 0.685058
68 0.510203 0.454095 0.962677 0.43204
33 0.510203 0.454095 0.962677 0.43204
66 0.505523 0.354023 0.964238 0.708046
74 0.505523 0.354023 0.964238 0.708046
52 0.505523 0.354023 0.964238 0.708046
48 0.496941 0.360345 0.982961 0.656322
111 0.510203 0.454095 0.962677 0.43204
52 0.507083 0.448276 0.964238 0.471264
78 0.503962 0.261494 0.97672 0.522988
105 0.500062 0.460273 0.954876 0.500144
81 0.499282 0.471264 0.945515 0.475862
104 0.500062 0.460273 0.954876 0.500144
81 0.500842 0.366667 0.954876 0.674713
56 0.500062 0.460273 0.954876 0.500144
95 0.499282 0.468463 0.951756 0.469971
79 0.500842 0.452227 0.945515 0.509339
95 0.500842 0.366667 0.954876 0.674713
103 0.500842 0.452227 0.945515 0.509339
104 0.500062 0.361782 0.950195 0.723563
108 0.500842 0.452227 0.945515 0.509339
105 0.500062 0.361782 0.950195 0.723563
78 0.48836 0.471911 0.97672 0.458477
56 0.500062 0.361782 0.950195 0.723563
78 0.500062 0.361782 0.950195 0.723563
80 0.48836 0.471911 0.97672 0.458477
95 0.501622 0.0288793 0.957997 0.0577586
95 0.501622 0.12069 0.961117 0.241379
103 0.501622 0.0288793 0.957997 0.0577586
84 0.500842 0.452227 0.945515 0.509339
103 0.505913 0.0122845 0.958777 0.024569
108 0.500062 0.361782 0.950195 0.723563
95 0.503182 0.445402 0.948635 0.491954
105 0.492651 0.468894 0.966578 0.453017
56 0.503182 0.445402 0.948635 0.491954
104 0.505523 0.449713 0.929912 0.474138
67 0.503182 0.445402 0.948635 0.491954
81 0.492651 0.468894 0.966578 0.453017
103 0.505523 0.449713 0.929912 0.474138
84 0.503182 0.445402 0.948635 0.491954
68 0.503182 0.445402 0.948635 0.491954
109 0.503182 0.445402 0.948635 0.491954
111 0.503182 0.445402 0.948635 0.491954
48 0.492651 0.468894 0.966578 0.453017
80 0.492651 0.468894 0.966578 0.453017
46 0.492651 0.468894 0.966578 0.453017
52 0.495381 0.465517 0.962677 0.45977
101 0.504352 0.415014 0.950975 0.567672
79 0.505523 0.449713 0.929912 0.474138
17 0.505523 0.449713 0.929912 0.474138
53 0.495381 0.465517 0.962677 0.45977
66 0.500842 0.45431 0.945515 0.47069
75 0.492651 0.468894 0.966578 0.453017
76 0.492651 0.468894 0.966578 0.453017
102 0.503182 0.445402 0.948635 0.491954
74 0.500842 0.45431 0.945515 0.47069
108 0.500842 0.45431 0.945515 0.47069
77 0.503182 0.445402 0.948635 0.491954
97 0.503182 0.445402 0.948635 0.491954
47 0.495381 0.465517 0.962677 0.45977
105 0.496941 0.458118 0.959557 0.47227
104 0.496941 0.464655 0.962677 0.479885
103 0.496941 0.464655 0.962677 0.479885
81 0.496941 0.464655 0.962677 0.479885
56 0.496941 0.464655 0.962677 0.479885
105 0.632781 0.464368 0.684757 0.450575
105 0.500062 0.111135 0.97984 0.22227
80 0.494991 0.463506 0.955656 0.447701
104 0.500842 0.425 0.954876 0.532759
81 0.502402 0.42931 0.954876 0.545977
105 0.501622 0.441667 0.957997 0.505172
103 0.500842 0.425 0.954876 0.532759
79 0.510922 0.431034 0.978156 0.52069
56 0.500842 0.425 0.954876 0.532759
81 0.383043 0.447414 0.716157 0.504023
104 0.383043 0.447414 0.716157 0.504023
81 0.758284 0.464368 0.439992 0.478161
81 0.656965 0.460632 0.64263 0.471839
95 0.500842 0.425 0.954876 0.532759
105 0.507083 0.46408 0.970479 0.471839
104 0.496941 0.47931 0.950195 0.450575
81 0.506303 0.461997 0.972039 0.464512
103 0.507863 0.471911 0.961117 0.461925
80 0.493041 0.465445 0.951756 0.461063
79 0.495381 0.477012 0.940834 0.451724
56 0.495381 0.477012 0.940834 0.451724
80 0.505523 0.311494 0.970479 0.622989
105 0.507863 0.465805 0.970479 0.468391
104 0.504743 0.485632 0.956436 0.426437
103 0.512544 0.467241 0.957997 0.46092
81 0.507863 0.465805 0.970479 0.468391
48 0.505133 0.464368 0.972819 0.471264
80 0.505523 0.46602 0.972039 0.472557
79 0.505133 0.48592 0.958777 0.432759
76 0.507863 0.465805 0.970479 0.468391
75 0.503182 0.486782 0.953316 0.424138
95 0.507863 0.465805 0.970479 0.468391
46 0.505523 0.46602 0.972039 0.472557
105 0.495771 0.461494 0.935373 0.463218
104 0.511764 0.458621 0.967358 0.467816
56 0.508253 0.452227 0.971259 0.489799
95 0.508253 0.452227 0.971259 0.489799
80 0.539068 0.461207 0.869062 0.459195
103 0.511764 0.458621 0.967358 0.467816
81 0.493431 0.460632 0.944734 0.463793
41 0.502402 0.432112 0.954876 0.535776
105 0.505133 0.458908 0.927572 0.459195
104 0.499282 0.459483 0.951756 0.46954
105 0.640582 0.466379 0.659793 0.464943
105 0.404886 0.510345 0.753603 0.374713
105 0.502402 0.190661 0.959557 0.381322
105 0.518785 0.562069 0.901827 0.278161
105 0.502792 0.462069 0.950975 0.466667
104 0.502792 0.462069 0.950975 0.466667
105 0.504743 0.172989 0.961117 0.345977
105 0.500842 0.0302802 0.948635 0.0605603
81 0.4868 0.465805 0.973599 0.463793
105 0.506303 0.116667 0.959557 0.233333
80 0.501622 0.0437859 0.956436 0.0875718
52 0.501622 0.0437859 0.956436 0.0875718
105 0.501622 0.458908 0.943954 0.472988
104 0.498501 0.457759 0.950195 0.466092
105 0.677541 0.464871 0.590557 0.473707
81 0.501622 0.458908 0.943954 0.472988
105 0.502402 0.279885 0.964238 0.55977
105 0.775642 0.453448 0.399035 0.447126
103 0.500842 0.456968 0.943954 0.474569
104 0.502402 0.279885 0.964238 0.55977
105 0.482509 0.459267 0.954096 0.476868
103 0.510593 0.462069 0.890126 0.466667
105 0.503962 0.102155 0.967358 0.20431
56 0.493041 0.440302 0.950195 0.515948
104 0.493041 0.440302 0.950195 0.515948
81 0.519565 0.457974 0.870622 0.461063
105 0.501232 0.51954 0.91821 0.344828
105 0.507863 0.0517241 0.968918 0.103448
104 0.503962 0.102155 0.967358 0.20431
95 0.502402 0.105675 0.964238 0.211351
105 0.496161 0.464655 0.911189 0.458046
105 0.618251 0.459483 0.660768 0.438506
104 0.498501 0.464655 0.928352 0.464943
105 0.499282 0.190948 0.945515 0.381897
103 0.498501 0.464655 0.928352 0.464943
105 0.504743 0.453951 0.953316 0.471408
104 0.505523 0.454095 0.948635 0.468822
105 0.508643 0.149282 0.970479 0.298563
56 0.503572 0.452874 0.952536 0.477012
103 0.503182 0.455101 0.954876 0.473707
67 0.508643 0.0999282 0.970479 0.199856
48 0.509423 0.0714799 0.975159 0.14296
48 0.508643 0.149282 0.970479 0.298563
105 0.509423 0.0714799 0.975159 0.14296
68 0.508643 0.0999282 0.970479 0.199856
67 0.507083 0.178305 0.967358 0.356609
95 0.508643 0.0999282 0.970479 0.199856
52 0.509423 0.0714799 0.975159 0.14296
52 0.508643 0.149282 0.970479 0.298563
53 0.509423 0.0714799 0.975159 0.14296
103 0.508643 0.149282 0.970479 0.298563
95 0.507083 0.178305 0.967358 0.356609
103 0.509423 0.0714799 0.975159 0.14296
104 0.508643 0.149282 0.970479 0.298563
56 0.508643 0.149282 0.970479 0.298563
95 0.503572 0.452874 0.952536 0.477012
53 0.508643 0.149282 0.970479 0.298563
104 0.509423 0.0714799 0.975159 0.14296
105 0.495771 0.456034 0.940054 0.484483
104 0.4907 0.431106 0.937713 0.534339
81 0.49148 0.445474 0.945515 0.506753
105 0.498502 0.46329 0.937713 0.457328
104 0.497331 0.443103 0.947855 0.493103
56 0.497331 0.443103 0.947855 0.493103
95 0.495381 0.463506 0.940834 0.454598
52 0.501622 0.143103 0.956436 0.286207
105 0.501622 0.143103 0.956436 0.286207
80 0.501622 0.143103 0.956436 0.286207
52 0.496941 0.0930316 0.953316 0.186063
16 0.309126 1 0.590947 0
80 0.500452 0.0796695 0.955656 0.159339
41 0.496941 0.45352 0.945515 0.481466
54 0.498502 0.161638 0.956436 0.323276
53 0.501622 0.143103 0.956436 0.286207
105 0.500452 0.0796695 0.955656 0.159339
53 0.496941 0.0930316 0.953316 0.186063
105 0.500842 0.462356 0.956436 0.477586
104 0.502012 0.460057 0.955656 0.477586
105 0.495771 0.46092 0.940054 0.472414
104 0.493041 0.46092 0.954876 0.473563
105 0.481339 0.549282 0.925231 0.301437
105 0.663206 0.43592 0.628588 0.402874
105 0.499672 0.459483 0.935373 0.471839
104 0.498892 0.440517 0.944734 0.505172
105 0.500842 0.0688937 0.957997 0.137787
105 0.496551 0.463721 0.929132 0.461063
104 0.48992 0.450862 0.936153 0.475287
103 0.494601 0.460417 0.926791 0.468822
48 0.48641 0.84569 0.326873 0.308621
48 0.472367 0.906322 0.379142 0.187356
105 0.650626 0.445977 0.645946 0.437931
105 0.508643 0.457759 0.909629 0.466092
104 0.48875 0.438793 0.938493 0.502874
105 0.49148 0.184914 0.954876 0.369828
104 0.49148 0.184914 0.954876 0.369828
81 0.48875 0.439727 0.924451 0.510201
105 0.505523 0.091954 0.961117 0.183908
81 0.49148 0.184914 0.954876 0.369828
105 0.499672 0.45352 0.938493 0.486063
104 0.496941 0.436782 0.943954 0.51954
105 0.507863 0.460345 0.962677 0.457471
104 0.507083 0.45431 0.964238 0.474138
56 0.506303 0.446552 0.965798 0.486207
103 0.507083 0.452945 0.967358 0.471121
105 0.497721 0.466954 0.929912 0.468391
104 0.502012 0.457184 0.944734 0.487931
103 0.502012 0.463218 0.938493 0.468966
105 0.505523 0.458908 0.951756 0.467241
104 0.500842 0.448204 0.951756 0.497845
103 0.500842 0.448563 0.951756 0.494828
105 0.903388 0.427299 0.149785 0.381034
95 0.500842 0.448204 0.951756 0.497845
105 0.48914 0.468678 0.97672 0.468391
104 0.501622 0.441667 0.959557 0.518965
105 0.660768 0.468103 0.620981 0.477586
105 0.899487 0.422126 0.157586 0.375287
103 0.507863 0.460991 0.959557 0.475718
105 0.85346 0.411566 0.24652 0.355029
105 0.501232 0.462644 0.940054 0.462069
104 0.499282 0.46523 0.942394 0.461494
105 0.499672 0.0413434 0.954096 0.0826868
105 0.500842 0.120259 0.957997 0.240517
105 0.496941 0.0719828 0.959557 0.143966
105 0.493041 0.463218 0.920551 0.464368
105 0.722788 0.458908 0.504743 0.45
104 0.512544 0.450647 0.967358 0.502155
105 0.49148 0.466092 0.954876 0.45977
104 0.502402 0.461494 0.940834 0.466667
105 0.503962 0.464943 0.931472 0.46092
104 0.499282 0.462931 0.942394 0.460345
105 0.512154 0.038829 0.941614 0.077658
105 0.482899 0.465805 0.945515 0.454598
104 0.494601 0.466954 0.947075 0.466092
105 0.896367 0.427586 0.160706 0.37931
105 0.858335 0.421839 0.236769 0.372414
105 0.500062 0.461494 0.928352 0.470115
104 0.500062 0.464943 0.947075 0.467816
105 0.899487 0.41092 0.156025 0.354023
105 0.850339 0.399425 0.252761 0.333333
105 0.501622 0.460848 0.922111 0.472557
104 0.498501 0.45 0.948635 0.495402
105 0.497721 0.460057 0.950195 0.475287
105 0.906508 0.446839 0.143543 0.418966
105 0.526976 0.263793 0.926011 0.527586
105 0.865746 0.457759 0.221946 0.445402
105 0.501622 0.459195 0.911189 0.481609
105 0.870622 0.456897 0.215315 0.445977
105 0.902608 0.45 0.151345 0.431034
104 0.498501 0.445115 0.940834 0.50977
105 0.67052 0.461566 0.606159 0.468822
105 0.505523 0.463506 0.940834 0.467241
105 0.903388 0.437356 0.148224 0.401149
105 0.500842 0.45431 0.950195 0.486782
105 0.861261 0.43398 0.232478 0.396408
105 0.896367 0.437356 0.165387 0.402299
105 0.494601 0.446624 0.951756 0.497557
104 0.499282 0.43592 0.953316 0.520115
105 0.911189 0.446839 0.143543 0.423563
105 0.503182 0.457759 0.937713 0.475287
105 0.794365 0.439583 0.361589 0.410489
105 0.639705 0.452299 0.667789 0.437931
105 0.847219 0.418319 0.262123 0.372557
105 0.502012 0.462069 0.924451 0.471264
105 0.901827 0.421911 0.152905 0.376868
105 0.506303 0.463793 0.934593 0.467816
104 0.505523 0.459267 0.943954 0.479167
105 0.909629 0.420115 0.140423 0.366667
105 0.504352 0.464943 0.940054 0.466667
105 0.795925 0.45 0.361589 0.428736
105 0.851119 0.449713 0.252761 0.425862
105 0.698994 0.453951 0.55233 0.436925
105 0.910409 0.431537 0.134182 0.389799
105 0.502402 0.46408 0.929912 0.476437
105 0.85502 0.460417 0.24496 0.449282
105 0.901827 0.462356 0.152905 0.451149
105 0.500062 0.463793 0.91899 0.474713
105 0.762185 0.453161 0.42907 0.424713
105 0.897147 0.467888 0.156025 0.459626
105 0.844878 0.460417 0.262123 0.445833
105 0.505523 0.464871 0.923671 0.471408
105 0.913529 0.472701 0.126381 0.47069
105 0.504743 0.461494 0.91431 0.472414
105 0.903388 0.46954 0.146664 0.462069
105 0.841758 0.461566 0.268364 0.45158
105 0.503962 0.458046 0.933033 0.47931
105 0.895586 0.464368 0.165387 0.451724
105 0.834736 0.460057 0.287087 0.447701
105 0.763745 0.463218 0.42595 0.451724
104 0.504743 0.459195 0.943954 0.482759
105 0.500842 0.459267 0.923671 0.47342
105 0.901827 0.426724 0.149785 0.377586
104 0.507083 0.45977 0.942394 0.481609
105 0.799046 0.441667 0.355348 0.41092
105 0.667399 0.457184 0.615521 0.445402
105 0.501232 0.456034 0.936933 0.485632
104 0.502402 0.455747 0.947075 0.490805
105 0.903388 0.454023 0.146664 0.431034
105 0.501622 0.453161 0.937713 0.487931
105 0.500842 0.462356 0.920551 0.475287
105 0.890906 0.463147 0.174749 0.453017
105 0.496941 0.460417 0.91587 0.475718
104 0.498502 0.447055 0.934593 0.503592
105 0.910409 0.441667 0.134182 0.407471
105 0.496941 0.461782 0.91899 0.471839
105 0.904948 0.451078 0.143543 0.425431
104 0.500452 0.450287 0.950975 0.501724
105 0.498111 0.459195 0.938493 0.47931
105 0.906508 0.451221 0.140423 0.430891
104 0.496941 0.455675 0.947075 0.492098
105 0.501622 0.461494 0.940834 0.474713
105 0.910409 0.464943 0.132622 0.458621
105 0.504352 0.462931 0.938493 0.46954
105 0.900267 0.483908 0.159146 0.495402
105 0.503182 0.461207 0.940834 0.47069
105 0.900267 0.481609 0.156026 0.487356
105 0.500842 0.462356 0.942394 0.47069
105 0.911189 0.47069 0.132622 0.467816
105 0.500842 0.464296 0.942394 0.459914
105 0.907288 0.468103 0.138863 0.462644
104 0.500842 0.452874 0.950195 0.488506
105 0.498502 0.463793 0.939274 0.46092
105 0.908068 0.465805 0.134182 0.459195
105 0.497721 0.46329 0.939274 0.461925
105 0.904168 0.470402 0.143543 0.466092
105 0.896305 0.731035 0.20739 0.326437
105 0.495381 0.463506 0.934593 0.463793
105 0.904948 0.468391 0.140423 0.46092
105 0.496161 0.46444 0.934593 0.464224
105 0.906508 0.466954 0.137302 0.456897
105 0.495771 0.464943 0.936933 0.465517
105 0.908068 0.463793 0.134182 0.448276
105 0.498501 0.464368 0.940834 0.466667
105 0.907288 0.462141 0.135742 0.443534
105 0.496941 0.464943 0.939274 0.465517
105 0.904948 0.467313 0.140423 0.45273
105 0.496941 0.46523 0.940834 0.466092
105 0.901827 0.466954 0.146664 0.452299
105 0.498111 0.464943 0.943174 0.465517
105 0.898707 0.466164 0.152905 0.45273
105 0.499282 0.46523 0.945515 0.464943
105 0.894026 0.460632 0.162266 0.441954
105 0.499282 0.46602 0.945515 0.463362
105 0.892466 0.458908 0.165387 0.439655
105 0.499282 0.466667 0.945515 0.462069
105 0.891686 0.457543 0.168508 0.437787
105 0.499672 0.467241 0.947855 0.462069
105 0.889345 0.455747 0.173188 0.434483
105 0.500062 0.466954 0.947075 0.461494
105 0.890126 0.451652 0.173188 0.425431
105 0.500062 0.466954 0.947075 0.461494
105 0.884665 0.449713 0.18411 0.420115
105 0.500842 0.465805 0.947075 0.464943
105 0.500842 0.466379 0.947075 0.464943
105 0.500842 0.466595 0.947075 0.464512
105 0.869842 0.447414 0.215315 0.416667
105 0.500842 0.466379 0.945515 0.464943
105 0.500842 0.466379 0.945515 0.464943
105 0.500842 0.466379 0.945515 0.464943
105 0.500842 0.466379 0.945515 0.464943
105 0.500062 0.466379 0.943954 0.464943
105 0.500062 0.466667 0.943954 0.465517
105 0.500452 0.466667 0.943174 0.465517
105 0.500842 0.466164 0.943954 0.466523
105 0.501622 0.466379 0.943954 0.467241
105 0.501622 0.466379 0.943954 0.467241
105 0.499282 0.462931 0.948635 0.475287
105 0.499282 0.462931 0.948635 0.475287
105 0.499672 0.462644 0.947855 0.475862
105 0.500062 0.462931 0.947075 0.475287
105 0.500062 0.462644 0.947075 0.475862
105 0.500062 0.462644 0.947075 0.477012
105 0.500062 0.462644 0.947075 0.477012
105 0.500062 0.462644 0.947075 0.477012
105 0.500062 0.462356 0.947075 0.477586
105 0.500062 0.462356 0.947075 0.477586
105 0.500062 0.462141 0.947075 0.478017
105 0.500062 0.462141 0.947075 0.478017
105 0.500062 0.462356 0.947075 0.477586
105 0.500062 0.462356 0.947075 0.477586
105 0.499672 0.462356 0.947855 0.477586
105 0.499672 0.462356 0.947855 0.477586
105 0.499282 0.462069 0.947075 0.478161
105 0.499282 0.462069 0.947075 0.478161
105 0.499282 0.462069 0.947075 0.478161
105 0.498502 0.462141 0.947075 0.478017
105 0.498502 0.462356 0.947075 0.477586
105 0.498502 0.461782 0.947075 0.477586
105 0.498502 0.461782 0.947075 0.477586
105 0.498502 0.461566 0.947075 0.478017
105 0.498502 0.461494 0.947075 0.478161
105 0.498502 0.461494 0.947075 0.478161
105 0.498502 0.461494 0.947075 0.478161
105 0.498502 0.460991 0.947075 0.478017
105 0.498892 0.461207 0.946295 0.477586
105 0.498892 0.460991 0.946295 0.478017
105 0.502012 0.463865 0.941614 0.47227
105 0.501622 0.463793 0.940834 0.472414
105 0.501622 0.463506 0.940834 0.471839
105 0.501622 0.463721 0.940834 0.472557
105 0.501622 0.463793 0.940834 0.472414
105 0.501622 0.463793 0.940834 0.472414
105 0.501622 0.463506 0.940834 0.471839
105 0.501622 0.463506 0.940834 0.471839
105 0.501622 0.463506 0.940834 0.471839
105 0.501622 0.463506 0.940834 0.471839
105 0.501622 0.463506 0.940834 0.471839
105 0.501622 0.463865 0.940834 0.47227
105 0.501622 0.46408 0.940834 0.471839
105 0.501622 0.46408 0.940834 0.471839
105 0.501622 0.46408 0.940834 0.471839
105 0.501622 0.46408 0.940834 0.471839
105 0.501622 0.464296 0.942394 0.471408
105 0.501622 0.46408 0.940834 0.471839
105 0.501622 0.46408 0.940834 0.471839
105 0.501622 0.46408 0.940834 0.471839
105 0.501622 0.464296 0.940834 0.471408
105 0.501622 0.46408 0.940834 0.471839
105 0.501622 0.46408 0.940834 0.471839
105 0.501622 0.46408 0.940834 0.471839
105 0.501622 0.46408 0.940834 0.471839
105 0.501622 0.46408 0.940834 0.471839
105 0.501622 0.463793 0.940834 0.472414
105 0.501622 0.464296 0.940834 0.472557
105 0.501622 0.464296 0.940834 0.472557
105 0.501622 0.464296 0.940834 0.472557
105 0.501622 0.463865 0.940834 0.47227
105 0.501622 0.463865 0.940834 0.47227
105 0.501622 0.463793 0.940834 0.472414
105 0.501232 0.463793 0.941614 0.472414
105 0.501622 0.463793 0.940834 0.472414
105 0.501232 0.463793 0.941614 0.472414
105 0.501232 0.463793 0.941614 0.472414
105 0.501232 0.463721 0.941614 0.472557
105 0.501232 0.464081 0.941614 0.472989
105 0.500842 0.463793 0.940834 0.472414
105 0.500842 0.463793 0.940834 0.472414
105 0.500842 0.463865 0.940834 0.47227
105 0.500842 0.463865 0.940834 0.47227
105 0.500842 0.463865 0.940834 0.47227
105 0.500452 0.46408 0.940054 0.471839
105 0.500842 0.46408 0.940834 0.471839
105 0.500842 0.46408 0.940834 0.471839
105 0.500842 0.46408 0.940834 0.471839
105 0.500842 0.46408 0.940834 0.471839
105 0.500062 0.46408 0.940834 0.471839
105 0.500842 0.46408 0.940834 0.471839
105 0.500842 0.46408 0.940834 0.471839
105 0.500842 0.463793 0.940834 0.472414
105 0.500842 0.463793 0.942394 0.472414
105 0.500842 0.463865 0.942394 0.47227
105 0.500842 0.463793 0.942394 0.472414
105 0.500452 0.463793 0.941614 0.472414
105 0.500452 0.463793 0.941614 0.472414
105 0.500062 0.463793 0.940834 0.472414
105 0.500452 0.463793 0.941614 0.472414
105 0.500452 0.463721 0.941614 0.472557
105 0.500452 0.463506 0.941614 0.472988
105 0.500452 0.463506 0.941614 0.472988
105 0.861199 0.588506 0.277602 0.626437
105 0.500062 0.463506 0.942394 0.472988
105 0.861004 0.590948 0.277992 0.627299
105 0.500062 0.463506 0.942394 0.472988
105 0.861394 0.590805 0.277212 0.629885
105 0.500062 0.463506 0.942394 0.472988
105 0.861979 0.59023 0.276042 0.627586
105 0.500062 0.463506 0.942394 0.472988
105 0.861979 0.59023 0.276042 0.627586
105 0.500062 0.463506 0.942394 0.472988
105 0.861979 0.59023 0.276042 0.629885
105 0.500062 0.463506 0.942394 0.472988
105 0.862759 0.589655 0.274481 0.629885
105 0.500062 0.463506 0.942394 0.472988
105 0.500062 0.463506 0.942394 0.472988
105 0.500062 0.463506 0.942394 0.472988
105 0.500062 0.463506 0.942394 0.472988
105 0.499282 0.463506 0.942394 0.472988
105 0.499282 0.463506 0.942394 0.472988
105 0.499282 0.463506 0.942394 0.472988
105 0.499282 0.46329 0.942394 0.47342
105 0.499282 0.463218 0.942394 0.473563
105 0.499282 0.463218 0.942394 0.473563
105 0.499282 0.463218 0.942394 0.473563
105 0.499282 0.463218 0.942394 0.473563
105 0.499282 0.463218 0.942394 0.473563
105 0.499282 0.463218 0.942394 0.473563
105 0.499282 0.463218 0.942394 0.473563
105 0.499282 0.463218 0.942394 0.473563
105 0.499282 0.463218 0.942394 0.473563
105 0.499282 0.463218 0.942394 0.473563
105 0.499282 0.463218 0.942394 0.473563
105 0.499282 0.463218 0.943954 0.473563
105 0.499282 0.46329 0.943954 0.47342
105 0.499282 0.46329 0.943954 0.47342
105 0.499282 0.463506 0.943954 0.472988
105 0.499282 0.46329 0.943954 0.47342
105 0.498892 0.463506 0.943174 0.472988
105 0.498892 0.46329 0.943174 0.47342
105 0.498892 0.463506 0.943174 0.472988
105 0.499282 0.463721 0.943954 0.472557
105 0.499282 0.463721 0.943954 0.472557
105 0.499672 0.463506 0.944734 0.472988
105 0.499282 0.463506 0.945515 0.472988
105 0.499282 0.463506 0.945515 0.472988
105 0.499282 0.463793 0.945515 0.472414
105 0.499282 0.463793 0.945515 0.472414
105 0.499282 0.463793 0.945515 0.472414
105 0.499282 0.463506 0.945515 0.471839
105 0.499282 0.463793 0.945515 0.472414
105 0.499282 0.463506 0.945515 0.471839
105 0.499282 0.463506 0.945515 0.471839
105 0.499282 0.463506 0.945515 0.471839
105 0.499282 0.463721 0.945515 0.471408
105 0.499282 0.463793 0.945515 0.471264
105 0.499282 0.46408 0.945515 0.471839
105 0.499282 0.46408 0.945515 0.471839
105 0.499282 0.46408 0.945515 0.471839
105 0.499282 0.46408 0.945515 0.471839
105 0.499282 0.46408 0.945515 0.471839
105 0.499282 0.46408 0.945515 0.471839
105 0.499282 0.46408 0.945515 0.471839
105 0.499282 0.46408 0.945515 0.471839
105 0.499282 0.46408 0.945515 0.471839
105 0.499282 0.464296 0.945515 0.471408
105 0.499282 0.464368 0.945515 0.471264
105 0.499282 0.464368 0.945515 0.471264
105 0.499282 0.464368 0.945515 0.471264
105 0.499282 0.464368 0.945515 0.471264
105 0.499282 0.464368 0.945515 0.471264
105 0.499282 0.464368 0.945515 0.471264
105 0.499282 0.46444 0.945515 0.471121
105 0.499282 0.464655 0.945515 0.47069
105 0.499282 0.464368 0.945515 0.471264
105 0.498501 0.46444 0.945515 0.471121
105 0.498501 0.46408 0.945515 0.47069
105 0.498501 0.464296 0.945515 0.470259
105 0.498501 0.464296 0.945515 0.470259
105 0.498501 0.464296 0.945515 0.470259
105 0.498501 0.464655 0.945515 0.47069
105 0.498501 0.464296 0.945515 0.470259
105 0.498501 0.464296 0.945515 0.470259
105 0.498501 0.464368 0.945515 0.470115
105 0.498892 0.464655 0.944734 0.47069
105 0.499282 0.464655 0.945515 0.47069
105 0.499282 0.464368 0.945515 0.470115
105 0.499282 0.464655 0.945515 0.47069
105 0.499282 0.464368 0.945515 0.470115
105 0.499282 0.46444 0.945515 0.469971
105 0.499282 0.464655 0.945515 0.46954
105 0.499282 0.464655 0.945515 0.46954
105 0.499282 0.464655 0.945515 0.46954
105 0.499282 0.464943 0.945515 0.470115
105 0.499282 0.464655 0.945515 0.46954
105 0.499282 0.464943 0.945515 0.470115
105 0.499282 0.464655 0.945515 0.46954
105 0.499282 0.464655 0.945515 0.46954
105 0.499282 0.464655 0.945515 0.46954
105 0.499282 0.465014 0.945515 0.469971
105 0.499282 0.464871 0.945515 0.469109
105 0.499282 0.464655 0.945515 0.46954
105 0.499282 0.464943 0.945515 0.468966
105 0.499282 0.464943 0.945515 0.468966
105 0.499282 0.464655 0.945515 0.46954
105 0.499282 0.464943 0.945515 0.468966
105 0.499282 0.464943 0.945515 0.468966
105 0.499282 0.464871 0.945515 0.469109
105 0.499282 0.464943 0.945515 0.468966
105 0.499282 0.464943 0.945515 0.468966
105 0.499282 0.464943 0.945515 0.468966
105 0.499282 0.464943 0.945515 0.468966
105 0.499282 0.464943 0.945515 0.468966
105 0.499282 0.464943 0.945515 0.468966
105 0.499282 0.464943 0.945515 0.468966
105 0.499282 0.464943 0.945515 0.468966
105 0.499282 0.464943 0.945515 0.468966
105 0.499282 0.464943 0.945515 0.468966
105 0.499282 0.46444 0.945515 0.468822
105 0.499282 0.464943 0.945515 0.468966
105 0.499282 0.464655 0.945515 0.468391
105 0.499282 0.464943 0.945515 0.468966
105 0.499282 0.464655 0.945515 0.468391
105 0.499282 0.464871 0.945515 0.46796
105 0.499282 0.463218 0.942394 0.473563
