48 0.498501 0.467529 0.961117 0.425862
50 0.506303 0.468678 0.97984 0.428161
49 0.498501 0.467529 0.961117 0.425862
101 0.498501 0.467529 0.961117 0.425862
68 0.506303 0.468678 0.97984 0.428161
67 0.498501 0.467529 0.961117 0.425862
54 0.498501 0.467529 0.961117 0.425862
103 0.506303 0.468678 0.97984 0.428161
104 0.498501 0.467529 0.961117 0.425862
95 0.498501 0.467529 0.961117 0.425862
84 0.498501 0.467529 0.961117 0.425862
17 0.498501 0.467529 0.961117 0.425862
109 0.498501 0.467529 0.961117 0.425862
53 0.500062 0.47069 0.959557 0.424138
79 0.498501 0.467529 0.961117 0.425862
111 0.498501 0.467529 0.961117 0.425862
74 0.498501 0.467529 0.961117 0.425862
100 0.498501 0.467529 0.961117 0.425862
110 0.498501 0.467529 0.961117 0.425862
77 0.498501 0.467529 0.961117 0.425862
81 0.498501 0.467529 0.961117 0.425862
76 0.498501 0.467529 0.961117 0.425862
46 0.500842 0.462644 0.951756 0.433333
56 0.498501 0.467529 0.961117 0.425862
66 0.498501 0.467529 0.961117 0.425862
75 0.506303 0.468678 0.97984 0.428161
97 0.498501 0.467529 0.961117 0.425862
42 0.500842 0.462644 0.951756 0.433333
108 0.498501 0.467529 0.961117 0.425862
33 0.500842 0.462644 0.951756 0.433333
0 0.498501 0.467529 0.961117 0.425862
16 0.506303 0.468678 0.97984 0.428161
99 0.500062 0.47069 0.959557 0.424138
102 0.498501 0.467529 0.961117 0.425862
51 0.498501 0.467529 0.961117 0.425862
73 0.495771 0.46523 0.961897 0.432759
14 0.500842 0.462644 0.951756 0.433333
7 0.500842 0.462644 0.951756 0.433333
11 0.500842 0.462644 0.951756 0.433333
80 0.507083 0.470977 0.97984 0.425862
31 0.506303 0.468678 0.97984 0.428161
38 0.498501 0.467529 0.961117 0.425862
5 0.506303 0.468678 0.97984 0.428161
47 0.500062 0.47069 0.959557 0.424138
15 0.498501 0.467529 0.961117 0.425862
28 0.498501 0.467529 0.961117 0.425862
78 0.498501 0.467529 0.961117 0.425862
13 0.500842 0.462644 0.951756 0.433333
52 0.506303 0.468678 0.97984 0.428161
41 0.498501 0.467529 0.961117 0.425862
4 0.500062 0.47069 0.959557 0.424138
21 0.498501 0.467529 0.961117 0.425862
94 0.500062 0.47069 0.959557 0.424138
65 0.498501 0.467529 0.961117 0.425862
48 0.516444 0.531609 0.948635 0.306897
34 0.506303 0.468678 0.97984 0.428161
12 0.498501 0.467529 0.961117 0.425862
88 0.506303 0.468678 0.97984 0.428161
105 0.500842 0.462644 0.951756 0.433333
8 0.505523 0.467529 0.945515 0.431609
50 0.516444 0.531609 0.948635 0.306897
53 0.516444 0.531609 0.948635 0.306897
92 0.507083 0.470977 0.97984 0.425862
64 0.507083 0.470977 0.97984 0.425862
26 0.500842 0.462644 0.951756 0.433333
54 0.516444 0.531609 0.948635 0.306897
109 0.516444 0.531609 0.948635 0.306897
6 0.500842 0.462644 0.951756 0.433333
22 0.498501 0.467529 0.961117 0.425862
19 0.505523 0.467529 0.945515 0.431609
101 0.516444 0.531609 0.948635 0.306897
55 0.500842 0.462644 0.951756 0.433333
24 0.500842 0.462644 0.951756 0.433333
71 0.500842 0.462644 0.951756 0.433333
84 0.516444 0.531609 0.948635 0.306897
104 0.516444 0.531609 0.948635 0.306897
48 0.48719 0.462644 0.969699 0.463218
111 0.495381 0.468463 0.965798 0.45158
103 0.505523 0.469828 0.982961 0.446552
95 0.495381 0.468463 0.965798 0.45158
56 0.505523 0.469828 0.982961 0.446552
104 0.505523 0.469828 0.982961 0.446552
102 0.499282 0.464368 0.986081 0.46092
68 0.505523 0.469828 0.982961 0.446552
66 0.495381 0.468463 0.965798 0.45158
101 0.495381 0.468463 0.965798 0.45158
109 0.48719 0.462644 0.969699 0.463218
108 0.507473 0.454885 0.97906 0.466092
54 0.499282 0.464368 0.986081 0.46092
67 0.495381 0.468463 0.965798 0.45158
80 0.495381 0.468463 0.965798 0.45158
110 0.505523 0.469828 0.982961 0.446552
50 0.50156 0.879885 0.99688 0.24023
75 0.496161 0.464655 0.957997 0.441954
84 0.495381 0.468463 0.965798 0.45158
81 0.505523 0.469828 0.982961 0.446552
53 0.495381 0.468463 0.965798 0.45158
105 0.495381 0.468463 0.965798 0.45158
46 0.507473 0.454885 0.97906 0.466092
79 0.505523 0.469828 0.982961 0.446552
111 0.50156 0.879885 0.99688 0.24023
99 0.496161 0.464655 0.957997 0.441954
78 0.505523 0.469828 0.982961 0.446552
48 0.50156 0.879885 0.99688 0.24023
47 0.499282 0.464368 0.986081 0.46092
74 0.505523 0.469828 0.982961 0.446552
73 0.495381 0.468463 0.965798 0.45158
77 0.48719 0.462644 0.969699 0.463218
52 0.499282 0.464368 0.986081 0.46092
46 0.50156 0.879885 0.99688 0.24023
101 0.50156 0.879885 0.99688 0.24023
50 0.478998 0.463147 0.951756 0.442672
76 0.495381 0.468463 0.965798 0.45158
50 0.506693 0.920115 0.983741 0.15977
68 0.50156 0.879885 0.99688 0.24023
17 0.505523 0.469828 0.982961 0.446552
110 0.50156 0.879885 0.99688 0.24023
49 0.50156 0.879885 0.99688 0.24023
100 0.478998 0.463147 0.951756 0.442672
41 0.505523 0.469828 0.982961 0.446552
73 0.50156 0.879885 0.99688 0.24023
68 0.506693 0.920115 0.983741 0.15977
99 0.503182 0.900575 0.987642 0.198851
33 0.505523 0.469828 0.982961 0.446552
109 0.50156 0.879885 0.99688 0.24023
75 0.50156 0.879885 0.99688 0.24023
102 0.50156 0.879885 0.99688 0.24023
48 0.509752 0.924138 0.980497 0.151724
95 0.50156 0.879885 0.99688 0.24023
49 0.478998 0.463147 0.951756 0.442672
100 0.50156 0.879885 0.99688 0.24023
42 0.507473 0.454885 0.97906 0.466092
97 0.495381 0.468463 0.965798 0.45158
111 0.509752 0.924138 0.980497 0.151724
46 0.506693 0.920115 0.983741 0.15977
76 0.503962 0.89023 0.990762 0.21954
56 0.494991 0.383046 0.950975 0.600575
77 0.50156 0.879885 0.99688 0.24023
67 0.50156 0.879885 0.99688 0.24023
110 0.506693 0.920115 0.983741 0.15977
49 0.506693 0.920115 0.983741 0.15977
101 0.506693 0.920115 0.983741 0.15977
78 0.494991 0.383046 0.950975 0.600575
53 0.50156 0.879885 0.99688 0.24023
51 0.50156 0.879885 0.99688 0.24023
103 0.494991 0.383046 0.950975 0.600575
67 0.506693 0.920115 0.983741 0.15977
80 0.507473 0.371839 0.97906 0.624138
54 0.50156 0.879885 0.99688 0.24023
104 0.507473 0.371839 0.97906 0.624138
104 0.50156 0.879885 0.99688 0.24023
48 0.507473 0.371839 0.97906 0.624138
95 0.509752 0.924138 0.980497 0.151724
84 0.50156 0.879885 0.99688 0.24023
100 0.506693 0.920115 0.983741 0.15977
111 0.507473 0.371839 0.97906 0.624138
50 0.570211 0.944828 0.859577 0.110345
103 0.50156 0.879885 0.99688 0.24023
51 0.478998 0.463147 0.951756 0.442672
52 0.50156 0.879885 0.99688 0.24023
110 0.494991 0.383046 0.950975 0.600575
73 0.509752 0.924138 0.980497 0.151724
68 0.570211 0.944828 0.859577 0.110345
77 0.506693 0.920115 0.983741 0.15977
102 0.506693 0.920115 0.983741 0.15977
48 0.570211 0.944828 0.859577 0.110345
54 0.507473 0.371839 0.97906 0.624138
56 0.50156 0.879885 0.99688 0.24023
75 0.507473 0.371839 0.97906 0.624138
95 0.507473 0.371839 0.97906 0.624138
99 0.507473 0.371839 0.97906 0.624138
79 0.494991 0.383046 0.950975 0.600575
47 0.50156 0.879885 0.99688 0.24023
66 0.50156 0.879885 0.99688 0.24023
56 0.506693 0.920115 0.983741 0.15977
109 0.507473 0.371839 0.97906 0.624138
81 0.494991 0.383046 0.950975 0.600575
31 0.505523 0.469828 0.982961 0.446552
99 0.530425 0.943391 0.93915 0.113218
68 0.494991 0.383046 0.950975 0.600575
74 0.501622 0.892529 0.990762 0.214943
66 0.507473 0.371839 0.97906 0.624138
52 0.507473 0.371839 0.97906 0.624138
101 0.570211 0.944828 0.859577 0.110345
84 0.507473 0.371839 0.97906 0.624138
48 0.388016 0.905172 0.773301 0.189655
105 0.50156 0.879885 0.99688 0.24023
111 0.570211 0.944828 0.859577 0.110345
97 0.50156 0.879885 0.99688 0.24023
75 0.509752 0.924138 0.980497 0.151724
51 0.509752 0.924138 0.980497 0.151724
48 0.272069 0.462716 0.537118 0.458477
50 0.388016 0.905172 0.773301 0.189655
95 0.544139 0.511207 0.902608 0.340805
103 0.506693 0.920115 0.983741 0.15977
54 0.506693 0.920115 0.983741 0.15977
67 0.507473 0.371839 0.97906 0.624138
53 0.509752 0.924138 0.980497 0.151724
46 0.570211 0.944828 0.859577 0.110345
95 0.486019 0.471264 0.959557 0.445977
68 0.498501 0.471839 0.990762 0.442529
53 0.498501 0.471839 0.990762 0.442529
56 0.486019 0.471264 0.959557 0.445977
101 0.498501 0.471839 0.990762 0.442529
67 0.498501 0.471839 0.990762 0.442529
95 0.496161 0.360345 0.982961 0.65977
53 0.496161 0.360345 0.982961 0.65977
78 0.496941 0.407759 0.990762 0.57069
81 0.48641 0.470115 0.961897 0.448276
78 0.498502 0.333333 0.993882 0.666667
108 0.48641 0.470115 0.961897 0.448276
84 0.486019 0.471264 0.959557 0.445977
79 0.48641 0.470115 0.961897 0.448276
108 0.497721 0.378161 0.990762 0.756322
52 0.486019 0.471264 0.959557 0.445977
56 0.496161 0.360345 0.982961 0.65977
104 0.48641 0.470115 0.961897 0.448276
110 0.498501 0.471839 0.990762 0.442529
95 0.496551 0.547701 0.9775 0.632184
102 0.500842 0.460057 0.97984 0.466092
48 0.495381 0.36092 0.9814 0.721839
108 0.48797 0.307471 0.965018 0.614943
68 0.496161 0.360345 0.982961 0.65977
109 0.498501 0.471839 0.990762 0.442529
68 0.494211 0.203592 0.98062 0.407184
95 0.493821 0.437931 0.984521 0.875862
56 0.493821 0.437931 0.984521 0.875862
80 0.486019 0.471264 0.959557 0.445977
81 0.497721 0.378161 0.990762 0.756322
105 0.48641 0.470115 0.961897 0.448276
77 0.500842 0.460057 0.97984 0.466092
84 0.497721 0.321264 0.989202 0.642529
53 0.493821 0.437931 0.984521 0.875862
79 0.486019 0.337931 0.962677 0.675862
48 0.500842 0.460057 0.97984 0.466092
52 0.496161 0.360345 0.982961 0.65977
74 0.486019 0.471264 0.959557 0.445977
104 0.497721 0.378161 0.990762 0.756322
80 0.497721 0.321264 0.989202 0.642529
81 0.48797 0.307471 0.965018 0.614943
68 0.502402 0.586782 0.982961 0.588506
48 0.498892 0.106537 0.974379 0.213075
111 0.498501 0.471839 0.990762 0.442529
50 0.494211 0.203592 0.98062 0.407184
52 0.493821 0.437931 0.984521 0.875862
68 0.498892 0.106537 0.974379 0.213075
74 0.48797 0.307471 0.965018 0.614943
48 0.494211 0.203592 0.98062 0.407184
78 0.496941 0.510345 0.986081 0.549425
50 0.498892 0.106537 0.974379 0.213075
101 0.497721 0.321264 0.989202 0.642529
68 0.493821 0.437931 0.984521 0.875862
101 0.494211 0.203592 0.98062 0.407184
56 0.496551 0.547701 0.9775 0.632184
53 0.496551 0.547701 0.9775 0.632184
67 0.496161 0.360345 0.982961 0.65977
84 0.496551 0.547701 0.9775 0.632184
105 0.497721 0.378161 0.990762 0.756322
74 0.497721 0.378161 0.990762 0.756322
53 0.494211 0.203592 0.98062 0.407184
102 0.494211 0.203592 0.98062 0.407184
110 0.497721 0.321264 0.989202 0.642529
49 0.494211 0.203592 0.98062 0.407184
104 0.48797 0.307471 0.965018 0.614943
111 0.497721 0.321264 0.989202 0.642529
81 0.496551 0.547701 0.9775 0.632184
75 0.495381 0.36092 0.9814 0.721839
67 0.496551 0.547701 0.9775 0.632184
109 0.497721 0.321264 0.989202 0.642529
54 0.486019 0.471264 0.959557 0.445977
52 0.496551 0.547701 0.9775 0.632184
77 0.496161 0.317816 0.984521 0.635632
17 0.497721 0.321264 0.989202 0.642529
49 0.498892 0.106537 0.974379 0.213075
101 0.498892 0.106537 0.974379 0.213075
100 0.494211 0.203592 0.98062 0.407184
108 0.496551 0.547701 0.9775 0.632184
49 0.496161 0.317816 0.984521 0.635632
50 0.496161 0.317816 0.984521 0.635632
68 0.496941 0.74181 0.986081 0.516379
80 0.496551 0.547701 0.9775 0.632184
48 0.495771 0.653448 0.982181 0.693103
101 0.496551 0.547701 0.9775 0.632184
75 0.500842 0.460057 0.97984 0.466092
104 0.496551 0.547701 0.9775 0.632184
105 0.496551 0.547701 0.9775 0.632184
79 0.496551 0.547701 0.9775 0.632184
76 0.498501 0.471839 0.990762 0.442529
77 0.494211 0.203592 0.98062 0.407184
17 0.486019 0.471264 0.959557 0.445977
53 0.498892 0.106537 0.974379 0.213075
100 0.498892 0.106537 0.974379 0.213075
103 0.498501 0.471839 0.990762 0.442529
76 0.497721 0.321264 0.989202 0.642529
102 0.498892 0.106537 0.974379 0.213075
54 0.497721 0.321264 0.989202 0.642529
50 0.501622 0.0596264 0.975159 0.119253
102 0.496161 0.360345 0.982961 0.65977
51 0.496161 0.317816 0.984521 0.635632
33 0.497721 0.321264 0.989202 0.642529
100 0.496161 0.317816 0.984521 0.635632
109 0.496551 0.547701 0.9775 0.632184
66 0.497721 0.321264 0.989202 0.642529
67 0.493821 0.437931 0.984521 0.875862
46 0.495381 0.36092 0.9814 0.721839
74 0.496551 0.547701 0.9775 0.632184
95 0.494211 0.203592 0.98062 0.407184
67 0.494211 0.203592 0.98062 0.407184
52 0.485239 0.186494 0.959557 0.372989
66 0.48641 0.470115 0.961897 0.448276
110 0.494211 0.203592 0.98062 0.407184
50 0.500842 0.481322 0.975159 0.422414
110 0.496551 0.547701 0.9775 0.632184
97 0.497721 0.321264 0.989202 0.642529
53 0.495771 0.653448 0.982181 0.693103
109 0.494211 0.203592 0.98062 0.407184
76 0.498892 0.106537 0.974379 0.213075
48 0.501622 0.0596264 0.975159 0.119253
109 0.498892 0.106537 0.974379 0.213075
111 0.496551 0.547701 0.9775 0.632184
77 0.493821 0.437931 0.984521 0.875862
49 0.500842 0.481322 0.975159 0.422414
51 0.498892 0.106537 0.974379 0.213075
2 0.497721 0.321264 0.989202 0.642529
73 0.495381 0.36092 0.9814 0.721839
102 0.502402 0.586782 0.982961 0.588506
78 0.48836 0.633764 0.954876 0.732471
77 0.498892 0.106537 0.974379 0.213075
99 0.500842 0.460057 0.97984 0.466092
105 0.48797 0.307471 0.965018 0.614943
68 0.501622 0.0596264 0.975159 0.119253
51 0.494211 0.203592 0.98062 0.407184
99 0.497721 0.321264 0.989202 0.642529
100 0.500842 0.481322 0.975159 0.422414
46 0.498892 0.106537 0.974379 0.213075
46 0.494211 0.203592 0.98062 0.407184
76 0.494211 0.203592 0.98062 0.407184
49 0.501622 0.0596264 0.975159 0.119253
52 0.498892 0.106537 0.974379 0.213075
54 0.496551 0.547701 0.9775 0.632184
47 0.485239 0.186494 0.959557 0.372989
101 0.496941 0.74181 0.986081 0.516379
103 0.496161 0.360345 0.982961 0.65977
51 0.500842 0.460057 0.97984 0.466092
100 0.501622 0.0596264 0.975159 0.119253
46 0.500842 0.460057 0.97984 0.466092
95 0.495771 0.653448 0.982181 0.693103
84 0.496941 0.74181 0.986081 0.516379
110 0.498892 0.106537 0.974379 0.213075
47 0.500842 0.460057 0.97984 0.466092
75 0.494211 0.203592 0.98062 0.407184
51 0.493821 0.437931 0.984521 0.875862
101 0.501622 0.0596264 0.975159 0.119253
56 0.495771 0.653448 0.982181 0.693103
84 0.494211 0.203592 0.98062 0.407184
68 0.537898 0.52931 0.908849 0.311494
109 0.496941 0.74181 0.986081 0.516379
48 0.4868 0.55273 0.970479 0.630172
111 0.496941 0.74181 0.986081 0.516379
67 0.498892 0.106537 0.974379 0.213075
41 0.48797 0.307471 0.965018 0.614943
47 0.502792 0.0711207 0.957217 0.142241
47 0.495381 0.36092 0.9814 0.721839
51 0.501622 0.0596264 0.975159 0.119253
78 0.494211 0.203592 0.98062 0.407184
77 0.502402 0.586782 0.982961 0.588506
111 0.494211 0.203592 0.98062 0.407184
73 0.500842 0.460057 0.97984 0.466092
47 0.49031 0.115733 0.966578 0.231466
102 0.501622 0.0596264 0.975159 0.119253
50 0.496161 0.741954 0.982961 0.516092
99 0.494211 0.203592 0.98062 0.407184
78 0.498501 0.508908 0.975159 0.367241
73 0.494211 0.203592 0.98062 0.407184
77 0.496941 0.74181 0.986081 0.516379
68 0.494601 0.918391 0.973599 0.163218
111 0.498892 0.106537 0.974379 0.213075
73 0.498892 0.106537 0.974379 0.213075
99 0.498892 0.106537 0.974379 0.213075
46 0.496941 0.74181 0.986081 0.516379
52 0.495771 0.653448 0.982181 0.693103
67 0.495771 0.653448 0.982181 0.693103
102 0.496941 0.74181 0.986081 0.516379
76 0.496941 0.74181 0.986081 0.516379
6 0.497721 0.321264 0.989202 0.642529
49 0.493821 0.437931 0.984521 0.875862
99 0.496941 0.74181 0.986081 0.516379
100 0.496941 0.74181 0.986081 0.516379
75 0.496941 0.74181 0.986081 0.516379
74 0.485239 0.186494 0.959557 0.372989
103 0.493821 0.437931 0.984521 0.875862
17 0.496551 0.547701 0.9775 0.632184
75 0.502792 0.0711207 0.957217 0.142241
76 0.501622 0.0596264 0.975159 0.119253
66 0.496551 0.547701 0.9775 0.632184
95 0.506303 0.479023 0.984521 0.413218
68 0.506303 0.479023 0.984521 0.413218
110 0.506303 0.478736 0.968918 0.408046
67 0.506303 0.478736 0.968918 0.408046
109 0.506303 0.478736 0.968918 0.408046
101 0.506303 0.479023 0.984521 0.413218
53 0.509752 0.476437 0.980497 0.426437
56 0.506303 0.479023 0.984521 0.413218
77 0.506303 0.479023 0.984521 0.413218
84 0.506303 0.479023 0.984521 0.413218
104 0.506303 0.478736 0.968918 0.408046
68 0.494601 0.556897 0.986081 0.267816
102 0.506303 0.478736 0.968918 0.408046
111 0.509752 0.476437 0.980497 0.426437
95 0.494601 0.556897 0.986081 0.267816
103 0.506303 0.479023 0.984521 0.413218
97 0.509752 0.476437 0.980497 0.426437
74 0.506303 0.478736 0.968918 0.408046
52 0.510922 0.471839 0.978156 0.435632
67 0.494601 0.556897 0.986081 0.267816
102 0.494601 0.556897 0.986081 0.267816
81 0.506303 0.478736 0.968918 0.408046
110 0.494601 0.556897 0.986081 0.267816
68 0.496941 0.61092 0.954876 0.158621
101 0.494601 0.556897 0.986081 0.267816
77 0.494601 0.556897 0.986081 0.267816
76 0.506303 0.478736 0.968918 0.408046
105 0.506303 0.478736 0.968918 0.408046
17 0.505523 0.478736 0.97984 0.431034
68 0.493431 0.627012 0.986861 0.112644
95 0.496941 0.61092 0.954876 0.158621
56 0.494601 0.556897 0.986081 0.267816
109 0.494601 0.556897 0.986081 0.267816
47 0.510922 0.471839 0.978156 0.435632
95 0.62498 0.492241 0.737806 0.36954
53 0.504743 0.390517 0.987641 0.277586
108 0.506303 0.478736 0.968918 0.408046
95 0.493431 0.627012 0.986861 0.112644
95 0.504743 0.390517 0.987641 0.277586
99 0.506303 0.479023 0.984521 0.413218
84 0.494601 0.556897 0.986081 0.267816
53 0.494601 0.556897 0.986081 0.267816
80 0.506303 0.479023 0.984521 0.413218
102 0.496941 0.61092 0.954876 0.158621
67 0.496941 0.61092 0.954876 0.158621
111 0.494601 0.556897 0.986081 0.267816
73 0.509752 0.476437 0.980497 0.426437
95 0.830056 0.464368 0.316732 0.429885
104 0.494601 0.556897 0.986081 0.267816
52 0.504743 0.390517 0.987641 0.277586
100 0.509752 0.476437 0.980497 0.426437
102 0.493431 0.627012 0.986861 0.112644
21 0.506303 0.478736 0.968918 0.408046
49 0.509752 0.476437 0.980497 0.426437
101 0.496941 0.61092 0.954876 0.158621
67 0.504743 0.390517 0.987641 0.277586
68 0.581913 0.516954 0.836173 0.320115
56 0.504743 0.390517 0.987641 0.277586
68 0.467296 0.408621 0.91899 0.312644
68 0.644775 0.478161 0.679491 0.397701
77 0.496941 0.61092 0.954876 0.158621
68 0.830056 0.464368 0.316732 0.429885
110 0.504743 0.390517 0.987641 0.277586
95 0.505133 0.464943 0.971259 0.443678
67 0.510984 0.463506 0.965798 0.441954
68 0.510984 0.463506 0.965798 0.441954
56 0.505133 0.464943 0.971259 0.443678
109 0.510984 0.463506 0.965798 0.441954
111 0.506303 0.468391 0.951756 0.447126
84 0.510984 0.463506 0.965798 0.441954
68 0.498892 0.522701 0.983741 0.312069
101 0.503962 0.46444 0.948635 0.457328
77 0.506303 0.468391 0.951756 0.447126
102 0.503962 0.46444 0.948635 0.457328
110 0.510984 0.463506 0.965798 0.441954
103 0.505133 0.464943 0.971259 0.443678
104 0.506693 0.471839 0.966578 0.442529
53 0.510984 0.463506 0.965798 0.441954
67 0.498892 0.522701 0.983741 0.312069
95 0.498892 0.522701 0.983741 0.312069
109 0.498892 0.522701 0.983741 0.312069
97 0.510984 0.463506 0.965798 0.441954
101 0.498892 0.522701 0.983741 0.312069
102 0.500452 0.524425 0.946295 0.321264
56 0.498892 0.522701 0.983741 0.312069
111 0.498892 0.522701 0.983741 0.312069
105 0.506693 0.471839 0.966578 0.442529
77 0.498892 0.522701 0.983741 0.312069
49 0.503962 0.46444 0.948635 0.457328
95 0.506693 0.471552 0.961897 0.428161
56 0.506303 0.472126 0.962677 0.418966
67 0.504743 0.47069 0.972039 0.425287
68 0.497721 0.467816 0.942394 0.428736
84 0.506303 0.465517 0.968918 0.429885
109 0.504743 0.47069 0.972039 0.425287
101 0.497721 0.467816 0.942394 0.428736
111 0.500062 0.466667 0.947075 0.425287
103 0.506693 0.471552 0.961897 0.428161
77 0.497721 0.467816 0.942394 0.428736
102 0.497721 0.467816 0.942394 0.428736
104 0.506303 0.472126 0.962677 0.418966
110 0.497721 0.467816 0.942394 0.428736
97 0.506303 0.465517 0.968918 0.429885
53 0.500062 0.466667 0.947075 0.425287
105 0.498111 0.471839 0.985301 0.426437
52 0.500062 0.466667 0.947075 0.425287
95 0.510203 0.477874 0.956436 0.414368
56 0.510203 0.477874 0.956436 0.414368
67 0.503182 0.472989 0.97828 0.421839
111 0.494601 0.465517 0.951756 0.425287
84 0.500452 0.473563 0.955656 0.424138
68 0.503182 0.472989 0.97828 0.421839
103 0.510203 0.477874 0.956436 0.414368
109 0.503182 0.472989 0.97828 0.421839
101 0.494601 0.465517 0.951756 0.425287
52 0.500452 0.473563 0.955656 0.424138
97 0.500452 0.473563 0.955656 0.424138
53 0.494601 0.465517 0.951756 0.425287
77 0.494601 0.465517 0.951756 0.425287
102 0.494601 0.465517 0.951756 0.425287
110 0.494601 0.465517 0.951756 0.425287
104 0.509033 0.480172 0.957217 0.43046
105 0.509033 0.480172 0.957217 0.43046
17 0.504743 0.478736 0.967358 0.422989
48 0.504743 0.478736 0.967358 0.422989
95 0.501622 0.479598 0.965798 0.428161
56 0.501622 0.479598 0.965798 0.428161
67 0.496161 0.462356 0.951756 0.431609
68 0.496161 0.462356 0.951756 0.431609
109 0.505851 0.464368 0.988298 0.437931
84 0.501622 0.476437 0.967358 0.427586
111 0.505851 0.464368 0.988298 0.437931
103 0.501622 0.476437 0.967358 0.427586
101 0.496161 0.467529 0.957997 0.444253
109 0.496161 0.0103807 0.954876 0.0207615
105 0.503182 0.473276 0.967358 0.436207
104 0.503182 0.473276 0.967358 0.436207
95 0.496161 0.0103807 0.954876 0.0207615
68 0.496161 0.0103807 0.954876 0.0207615
101 0.496161 0.0103807 0.954876 0.0207615
95 0.496941 0.467241 0.940834 0.428736
56 0.506303 0.467816 0.972039 0.436782
104 0.506303 0.467816 0.972039 0.436782
109 0.49148 0.460345 0.967358 0.41954
68 0.496941 0.467241 0.940834 0.428736
67 0.496941 0.467241 0.940834 0.428736
84 0.49148 0.460345 0.967358 0.41954
103 0.506303 0.467816 0.972039 0.436782
95 0.511764 0.468966 0.973599 0.441379
56 0.508643 0.470977 0.97672 0.437356
68 0.493041 0.467241 0.942394 0.443678
109 0.508643 0.470977 0.97672 0.437356
95 0.508971 0.304598 0.982057 0.609195
95 0.504681 0.0876437 0.990638 0.175287
84 0.508643 0.470977 0.97672 0.437356
67 0.499282 0.466667 0.970479 0.442529
84 0.504681 0.0876437 0.990638 0.175287
104 0.511764 0.468966 0.973599 0.441379
95 0.506303 0.475575 0.97828 0.42931
109 0.498501 0.474138 0.965798 0.431034
56 0.506303 0.475575 0.97828 0.42931
103 0.506303 0.475575 0.97828 0.42931
67 0.498501 0.474138 0.965798 0.431034
104 0.506303 0.475575 0.97828 0.42931
68 0.498501 0.474138 0.965798 0.431034
95 0.501622 0.475 0.987641 0.424713
109 0.49148 0.467241 0.970479 0.447126
68 0.49031 0.472701 0.963458 0.433908
67 0.49031 0.472701 0.963458 0.433908
56 0.501622 0.475 0.987641 0.424713
111 0.49148 0.467241 0.970479 0.447126
95 0.505913 0.469253 0.97906 0.433908
103 0.507083 0.472701 0.973599 0.422414
109 0.496941 0.47069 0.953316 0.441379
84 0.496941 0.466595 0.975159 0.44727
56 0.507083 0.472701 0.973599 0.422414
104 0.507083 0.472701 0.973599 0.422414
68 0.507083 0.472701 0.973599 0.422414
95 0.506303 0.472701 0.97828 0.433908
109 0.496161 0.471552 0.970479 0.446552
67 0.505523 0.472989 0.97984 0.444828
104 0.511764 0.478736 0.964238 0.428736
68 0.511764 0.478736 0.964238 0.428736
22 0.496161 0.471552 0.970479 0.446552
25 0.496161 0.471552 0.970479 0.446552
31 0.505523 0.472989 0.97984 0.444828
34 0.496161 0.471552 0.970479 0.446552
29 0.505523 0.472989 0.97984 0.444828
95 0.499282 0.468678 0.982961 0.435057
109 0.500842 0.468966 0.982961 0.436782
84 0.493041 0.468103 0.97672 0.437356
103 0.512154 0.470977 0.963458 0.435057
104 0.510593 0.474138 0.971259 0.428736
22 0.500842 0.468966 0.982961 0.436782
95 0.501622 0.46954 0.945515 0.445977
104 0.509813 0.477874 0.958777 0.432759
103 0.509813 0.477874 0.958777 0.432759
56 0.509813 0.477874 0.958777 0.432759
109 0.510142 0.467241 0.979717 0.444828
68 0.508643 0.466667 0.968918 0.439081
95 0.500842 0.470977 0.948635 0.439655
56 0.505913 0.473276 0.969699 0.440805
104 0.502402 0.467816 0.951756 0.437931
84 0.500842 0.470977 0.948635 0.439655
103 0.505913 0.473276 0.969699 0.440805
22 0.506631 0.468678 0.986738 0.438506
68 0.502402 0.467816 0.951756 0.437931
95 0.496551 0.469253 0.950975 0.432759
56 0.512544 0.474713 0.962677 0.427586
104 0.496551 0.469253 0.950975 0.432759
67 0.496551 0.469253 0.950975 0.432759
84 0.496551 0.469253 0.950975 0.432759
68 0.502792 0.0246408 0.97594 0.0492816
67 0.502792 0.0246408 0.97594 0.0492816
105 0.512544 0.474713 0.962677 0.427586
67 0.505523 0.0890805 0.97672 0.178161
95 0.494211 0.468678 0.955656 0.444253
109 0.509423 0.475287 0.959557 0.432184
109 0.497721 0.0498563 0.9814 0.0997127
109 0.501622 0.0859195 0.984521 0.171839
103 0.509423 0.475287 0.959557 0.432184
84 0.508643 0.46954 0.970479 0.442529
95 0.497721 0.0498563 0.9814 0.0997127
22 0.502792 0.468103 0.991542 0.446552
109 0.503182 0.294253 0.9814 0.588506
109 0.516834 0.902299 0.960337 0.195402
95 0.502012 0.466667 0.955656 0.433333
22 0.509752 0.466092 0.980497 0.444828
56 0.512544 0.475 0.956436 0.431609
67 0.510203 0.466164 0.967358 0.446983
34 0.510203 0.466164 0.967358 0.446983
104 0.512544 0.475 0.956436 0.431609
95 0.506303 0.473851 0.968918 0.428161
22 0.507473 0.472989 0.966578 0.426437
84 0.501622 0.466379 0.951756 0.444253
67 0.501622 0.466379 0.951756 0.444253
56 0.506303 0.473851 0.968918 0.428161
103 0.506303 0.473851 0.968918 0.428161
109 0.501622 0.466379 0.951756 0.444253
104 0.506303 0.473851 0.968918 0.428161
95 0.503572 0.469253 0.989982 0.438506
22 0.503572 0.469253 0.989982 0.438506
103 0.510203 0.478448 0.968918 0.421264
56 0.510203 0.478448 0.968918 0.421264
95 0.498501 0.466379 0.953316 0.432759
22 0.502402 0.463218 0.9814 0.436782
104 0.499282 0.465805 0.956436 0.42931
109 0.507473 0.470115 0.972819 0.429885
84 0.498892 0.468391 0.952536 0.431034
103 0.508643 0.472126 0.967358 0.423563
95 0.49109 0.470115 0.960337 0.434483
95 0.497721 0.0818247 0.97828 0.163649
68 0.497721 0.0818247 0.97828 0.163649
67 0.49148 0.471264 0.961117 0.434483
95 0.494991 0.468391 0.966578 0.44023
104 0.500842 0.466092 0.992322 0.451724
95 0.497721 0.253448 0.987641 0.506897
56 0.499282 0.469253 0.970479 0.435057
95 0.495381 0.0851293 0.97828 0.170259
67 0.494991 0.468391 0.966578 0.44023
22 0.501622 0.47069 0.959557 0.432184
104 0.497721 0.253448 0.987641 0.506897
104 0.495381 0.0851293 0.97828 0.170259
105 0.495381 0.101006 0.9814 0.202012
95 0.497331 0.468678 0.958777 0.437356
67 0.49187 0.079023 0.969699 0.158046
104 0.503962 0.467816 0.957997 0.441379
67 0.497331 0.468678 0.958777 0.437356
22 0.501622 0.466667 0.984521 0.448276
84 0.501622 0.467816 0.987641 0.437931
68 0.48953 0.0702586 0.952536 0.140517
95 0.504743 0.472126 0.968918 0.435057
56 0.494991 0.471839 0.957216 0.434483
84 0.494991 0.471839 0.957216 0.434483
4 0.0649944 0.26092 0.10444 0.0304598
67 0.494991 0.471839 0.957216 0.434483
109 0.494991 0.471839 0.957216 0.434483
4 0.0554012 0.258621 0.0813039 0.0275862
104 0.494991 0.471839 0.957216 0.434483
95 0.497721 0.468391 0.956436 0.437931
22 0.495381 0.466667 0.965798 0.441379
34 0.495381 0.466667 0.965798 0.441379
95 0.494601 0.466954 0.970479 0.438506
67 0.500842 0.468966 0.989202 0.436782
101 0.482509 0.00860273 0.957217 0.0172055
68 0.482509 0.00860273 0.957217 0.0172055
67 0.482509 0.00860273 0.957217 0.0172055
67 0.48758 0.087069 0.968918 0.174138
101 0.493041 0.0356322 0.97672 0.0712644
67 0.493041 0.0356322 0.97672 0.0712644
68 0.493041 0.0356322 0.97672 0.0712644
68 0.48758 0.087069 0.968918 0.174138
101 0.48758 0.087069 0.968918 0.174138
77 0.482509 0.00860273 0.957217 0.0172055
22 0.503182 0.465805 0.986081 0.443103
95 0.495771 0.466667 0.968138 0.442529
95 0.49031 0.467816 0.969698 0.443678
34 0.501622 0.469253 0.9814 0.436207
22 0.501622 0.469253 0.9814 0.436207
104 0.501622 0.469253 0.9814 0.436207
109 0.501622 0.468966 0.984521 0.43908
95 0.492651 0.470115 0.969698 0.434483
56 0.514884 0.473563 0.962677 0.426437
104 0.514884 0.473563 0.962677 0.426437
67 0.502012 0.47069 0.986861 0.435632
67 0.493821 0.0724138 0.975159 0.144828
95 0.499282 0.471264 0.961117 0.433333
22 0.507083 0.472414 0.975159 0.434483
104 0.511764 0.473851 0.967358 0.428161
95 0.497721 0.472126 0.957997 0.438506
22 0.507863 0.470402 0.975159 0.432759
67 0.496161 0.0764368 0.972039 0.152874
105 0.501622 0.0804598 0.972039 0.16092
34 0.509033 0.472701 0.972819 0.435057
95 0.504743 0.472414 0.9814 0.435632
95 0.495381 0.470115 0.965798 0.435632
67 0.497331 0.0518678 0.98062 0.103736
101 0.497331 0.0518678 0.98062 0.103736
77 0.497331 0.0518678 0.98062 0.103736
104 0.507473 0.471839 0.983741 0.435632
22 0.498892 0.46954 0.98062 0.436782
56 0.507473 0.471839 0.983741 0.435632
95 0.505913 0.472414 0.9775 0.432184
22 0.506303 0.470977 0.975159 0.435057
67 0.49109 0.0630747 0.9775 0.126149
34 0.506303 0.470977 0.975159 0.435057
56 0.495771 0.468103 0.961897 0.435057
67 0.499672 0.468103 0.982181 0.437356
95 0.493821 0.467816 0.962677 0.43908
56 0.507863 0.468678 0.973599 0.433908
22 0.494211 0.467241 0.961897 0.441379
105 0.500842 0.0641523 0.986081 0.128305
104 0.510984 0.470115 0.965798 0.432184
67 0.494991 0.467241 0.958777 0.436782
95 0.500842 0.470977 0.957997 0.435057
22 0.501232 0.469828 0.97906 0.439655
104 0.506303 0.472989 0.967358 0.433333
95 0.498502 0.46954 0.956436 0.433333
22 0.509423 0.47069 0.968918 0.435632
95 0.498502 0.468966 0.956436 0.436782
22 0.510203 0.468966 0.970479 0.437931
95 0.492651 0.47069 0.965018 0.44023
22 0.503962 0.470115 0.973599 0.44023
95 0.495381 0.470977 0.962677 0.437356
22 0.505523 0.472126 0.975159 0.43046
95 0.502402 0.469828 0.987641 0.432759
22 0.502402 0.47069 0.9814 0.433333
95 0.503962 0.471552 0.984521 0.436207
22 0.49148 0.472126 0.970479 0.435057
95 0.508643 0.471264 0.973599 0.434483
22 0.507083 0.471264 0.970479 0.432184
95 0.499282 0.469828 0.961117 0.43046
22 0.507863 0.47069 0.972039 0.431034
34 0.507863 0.47069 0.972039 0.431034
95 0.507083 0.471264 0.97672 0.432184
67 0.482899 0.466667 0.953316 0.435632
22 0.507083 0.47069 0.975159 0.433333
95 0.505133 0.46954 0.97906 0.432184
22 0.504743 0.47069 0.97828 0.429885
67 0.480168 0.466379 0.946295 0.439655
95 0.497331 0.468103 0.958777 0.435057
22 0.506693 0.47069 0.974379 0.432184
95 0.497721 0.465517 0.959557 0.434483
22 0.506303 0.46954 0.973599 0.431034
67 0.498501 0.464943 0.975159 0.435632
95 0.495381 0.467816 0.965798 0.432184
22 0.507863 0.47069 0.975159 0.431034
95 0.494991 0.466092 0.966578 0.435632
22 0.507473 0.468966 0.97594 0.434483
95 0.498892 0.466954 0.97594 0.43046
22 0.507083 0.469253 0.975159 0.431609
95 0.496161 0.470402 0.962677 0.427012
22 0.507863 0.470402 0.967358 0.43046
67 0.479388 0.466667 0.943174 0.429885
95 0.498502 0.470115 0.959557 0.428736
95 0.498111 0.470115 0.958777 0.429885
95 0.497721 0.470115 0.957997 0.434483
22 0.508643 0.470977 0.973599 0.432759
95 0.496161 0.469253 0.961117 0.432759
22 0.506303 0.471264 0.975159 0.431034
104 0.506303 0.471264 0.975159 0.431034
95 0.496941 0.46954 0.957997 0.432184
22 0.505523 0.470402 0.973599 0.433908
95 0.496551 0.470402 0.957217 0.431609
22 0.503962 0.471839 0.970479 0.429885
95 0.496161 0.470115 0.957997 0.433333
22 0.503182 0.471264 0.972039 0.431034
95 0.493821 0.470115 0.962677 0.433333
22 0.503182 0.47069 0.975159 0.432184
95 0.493041 0.468678 0.964238 0.435057
22 0.503962 0.471264 0.975159 0.431034
95 0.494991 0.466092 0.961897 0.437931
22 0.505913 0.470402 0.97594 0.431609
95 0.494991 0.466667 0.960337 0.437931
22 0.506303 0.471264 0.975159 0.431034
95 0.494991 0.466379 0.960337 0.438506
22 0.507083 0.470402 0.973599 0.432759
95 0.495771 0.466092 0.961897 0.437931
95 0.494991 0.466954 0.963458 0.438506
95 0.494601 0.467816 0.962677 0.437931
95 0.493431 0.468391 0.963457 0.437931
95 0.493431 0.468678 0.963457 0.437356
95 0.494601 0.468391 0.961117 0.437931
95 0.494601 0.468391 0.961117 0.435632
95 0.494211 0.468678 0.961897 0.436207
95 0.494601 0.468966 0.961117 0.436782
95 0.509752 0.932471 0.980497 0.135057
95 0.495381 0.468966 0.959557 0.436782
95 0.509362 0.935345 0.981277 0.12931
95 0.507083 0.898276 0.9814 0.203448
95 0.495381 0.469253 0.959557 0.435057
95 0.508581 0.927012 0.982837 0.145977
95 0.495381 0.46954 0.959557 0.434483
95 0.508971 0.920977 0.982057 0.158046
95 0.496161 0.46954 0.957997 0.435632
95 0.509362 0.930747 0.981277 0.138506
95 0.496161 0.469828 0.957997 0.435057
95 0.509423 0.941379 0.97984 0.117241
95 0.507863 0.896552 0.97828 0.206897
95 0.495771 0.469253 0.958777 0.435057
95 0.510142 0.949425 0.979717 0.101149
95 0.507863 0.897701 0.97828 0.204598
95 0.495771 0.46954 0.958777 0.435632
95 0.510532 0.956897 0.978937 0.0862068
95 0.507863 0.898851 0.97828 0.202299
95 0.495771 0.469253 0.958777 0.435057
95 0.507863 0.900575 0.97984 0.198851
95 0.510532 0.966092 0.978937 0.067816
95 0.496161 0.469253 0.959557 0.435057
95 0.510142 0.963218 0.979717 0.0735632
95 0.507863 0.899425 0.97984 0.201149
95 0.495771 0.469253 0.960337 0.435057
95 0.507863 0.901149 0.97984 0.197701
95 0.510532 0.968966 0.978937 0.062069
95 0.495771 0.469253 0.960337 0.435057
95 0.507863 0.902299 0.97984 0.195402
95 0.510142 0.972414 0.979717 0.0551724
95 0.495381 0.46954 0.959557 0.435632
95 0.507473 0.906034 0.97906 0.187931
95 0.510593 0.977012 0.9775 0.0459769
95 0.495381 0.469253 0.959557 0.435057
95 0.508253 0.90977 0.97906 0.18046
95 0.510984 0.980747 0.975159 0.0385057
95 0.495381 0.469253 0.959557 0.435057
95 0.508643 0.911207 0.97828 0.177586
95 0.495381 0.46954 0.959557 0.435632
95 0.507863 0.912931 0.97828 0.174138
95 0.495381 0.469253 0.959557 0.436207
95 0.508643 0.913218 0.97828 0.173563
95 0.495381 0.468966 0.959557 0.435632
95 0.508643 0.911782 0.97828 0.176437
95 0.494601 0.468966 0.961117 0.436782
95 0.508643 0.910345 0.97828 0.17931
95 0.494601 0.469253 0.961117 0.436207
95 0.509033 0.909483 0.97906 0.181034
95 0.494601 0.468966 0.962677 0.436782
95 0.509423 0.909195 0.97828 0.181609
95 0.494601 0.468966 0.961117 0.436782
95 0.509423 0.909483 0.97828 0.181034
95 0.494601 0.468966 0.961117 0.436782
95 0.509033 0.90977 0.97906 0.18046
95 0.494601 0.468966 0.961117 0.436782
95 0.509423 0.91092 0.97828 0.178161
22 0.504743 0.46954 0.975159 0.433333
95 0.494601 0.468678 0.961117 0.437356
95 0.509423 0.911494 0.97828 0.177011
22 0.504743 0.46954 0.975159 0.433333
95 0.494601 0.468678 0.961117 0.437356
95 0.509423 0.912069 0.97828 0.175862
22 0.504743 0.469828 0.975159 0.433908
95 0.494601 0.468678 0.962677 0.437356
95 0.509033 0.912069 0.97906 0.175862
22 0.504743 0.470115 0.975159 0.433333
95 0.494601 0.468678 0.962677 0.437356
95 0.509033 0.912356 0.97906 0.175287
22 0.507083 0.47069 0.970479 0.432184
95 0.494601 0.468391 0.961117 0.437931
95 0.508643 0.912069 0.97984 0.175862
22 0.504743 0.46954 0.975159 0.433333
95 0.494601 0.468391 0.962677 0.437931
95 0.508643 0.912069 0.97984 0.175862
22 0.504743 0.46954 0.975159 0.433333
95 0.494601 0.468391 0.962677 0.437931
95 0.508643 0.912069 0.97984 0.175862
22 0.504743 0.46954 0.975159 0.433333
95 0.494601 0.468391 0.961117 0.437931
22 0.504743 0.469828 0.975159 0.432759
95 0.508643 0.912069 0.97984 0.175862
95 0.494601 0.468391 0.961117 0.437931
22 0.504743 0.469828 0.975159 0.432759
95 0.508643 0.912644 0.97984 0.174713
95 0.494601 0.468391 0.961117 0.437931
22 0.504743 0.469828 0.975159 0.432759
95 0.508643 0.913218 0.97984 0.173563
95 0.494991 0.468391 0.961897 0.437931
22 0.504743 0.470115 0.975159 0.432184
95 0.508643 0.913793 0.97984 0.172414
95 0.494601 0.468391 0.961117 0.437931
22 0.505133 0.470115 0.974379 0.432184
95 0.507863 0.914368 0.97984 0.171264
95 0.494601 0.468391 0.961117 0.437931
22 0.505523 0.470115 0.973599 0.432184
95 0.508253 0.915517 0.97906 0.168966
95 0.494991 0.468391 0.960337 0.436782
22 0.505523 0.470115 0.973599 0.432184
95 0.508253 0.915517 0.97906 0.168966
95 0.495381 0.468391 0.961117 0.436782
22 0.505523 0.470115 0.973599 0.432184
95 0.508253 0.915517 0.97906 0.168966
95 0.495381 0.468391 0.961117 0.436782
22 0.505523 0.470115 0.973599 0.432184
95 0.508643 0.915517 0.97828 0.168966
95 0.495381 0.468391 0.961117 0.436782
22 0.505523 0.470115 0.973599 0.432184
95 0.508643 0.914943 0.97828 0.170115
95 0.495381 0.468103 0.961117 0.437356
22 0.505523 0.470115 0.973599 0.432184
95 0.495381 0.468103 0.961117 0.437356
22 0.505523 0.470115 0.973599 0.432184
95 0.495381 0.467816 0.961117 0.436782
22 0.505523 0.470115 0.973599 0.432184
95 0.495381 0.467529 0.961117 0.437356
22 0.505913 0.470115 0.972819 0.432184
95 0.495771 0.467529 0.960337 0.437356
22 0.506303 0.470115 0.973599 0.432184
95 0.496161 0.467816 0.961117 0.437931
22 0.506303 0.470115 0.973599 0.432184
95 0.496161 0.467529 0.961117 0.437356
22 0.506303 0.470115 0.973599 0.432184
95 0.496161 0.467529 0.961117 0.437356
22 0.506303 0.470115 0.973599 0.432184
95 0.496161 0.467816 0.961117 0.437931
22 0.505913 0.469828 0.972819 0.432759
95 0.496161 0.467529 0.961117 0.438506
22 0.506303 0.469828 0.973599 0.432759
95 0.496161 0.467529 0.961117 0.438506
22 0.506303 0.469828 0.973599 0.432759
95 0.496161 0.467529 0.961117 0.438506
22 0.506693 0.469828 0.974379 0.432759
95 0.496161 0.467529 0.961117 0.438506
22 0.506693 0.469828 0.974379 0.432759
95 0.496161 0.467529 0.961117 0.438506
22 0.506693 0.469828 0.974379 0.432759
95 0.496161 0.467529 0.961117 0.438506
22 0.506693 0.469828 0.974379 0.432759
95 0.496161 0.467529 0.961117 0.438506
22 0.506693 0.469828 0.974379 0.432759
95 0.496161 0.467529 0.961117 0.438506
22 0.506693 0.469828 0.974379 0.432759
95 0.496161 0.467529 0.961117 0.438506
22 0.506693 0.469828 0.974379 0.432759
95 0.496161 0.467241 0.961117 0.439081
22 0.506693 0.469828 0.974379 0.432759
95 0.496161 0.467241 0.961117 0.439081
22 0.506693 0.469828 0.974379 0.432759
95 0.496161 0.467241 0.961117 0.439081
22 0.507083 0.469828 0.973599 0.432759
95 0.496161 0.467241 0.961117 0.439081
22 0.507083 0.469828 0.973599 0.432759
95 0.496161 0.467241 0.961117 0.439081
22 0.507083 0.469828 0.973599 0.432759
95 0.496161 0.467241 0.961117 0.439081
22 0.507083 0.469828 0.973599 0.432759
95 0.496161 0.467241 0.961117 0.439081
22 0.507083 0.469828 0.973599 0.432759
95 0.496161 0.467241 0.961117 0.439081
22 0.507083 0.469828 0.973599 0.432759
95 0.496161 0.467241 0.961117 0.439081
22 0.507083 0.469828 0.973599 0.432759
95 0.496161 0.467241 0.961117 0.439081
22 0.507083 0.469828 0.973599 0.432759
95 0.496161 0.467241 0.961117 0.439081
22 0.507083 0.470115 0.973599 0.432184
95 0.496161 0.467241 0.961117 0.439081
22 0.507083 0.469828 0.973599 0.432759
95 0.496161 0.467241 0.961117 0.439081
22 0.507083 0.470115 0.973599 0.432184
95 0.496161 0.467241 0.961117 0.439081
22 0.507083 0.469828 0.973599 0.432759
95 0.496161 0.466954 0.961117 0.439655
22 0.506303 0.470115 0.973599 0.432184
95 0.496161 0.467241 0.961117 0.44023
22 0.506303 0.469828 0.973599 0.432759
95 0.496161 0.466954 0.961117 0.439655
22 0.507083 0.469828 0.973599 0.432759
95 0.496161 0.467241 0.961117 0.44023
22 0.506303 0.469828 0.973599 0.432759
95 0.496161 0.466954 0.961117 0.439655
22 0.507083 0.469828 0.973599 0.432759
95 0.496161 0.466954 0.961117 0.439655
22 0.507083 0.469828 0.973599 0.432759
95 0.496161 0.466954 0.961117 0.439655
22 0.507083 0.469828 0.973599 0.432759
95 0.496161 0.466954 0.961117 0.439655
22 0.506303 0.469828 0.973599 0.432759
95 0.496551 0.466954 0.960337 0.439655
22 0.506303 0.469828 0.973599 0.432759
95 0.496161 0.466954 0.961117 0.439655
22 0.507083 0.469828 0.973599 0.432759
95 0.496551 0.466954 0.960337 0.439655
22 0.507083 0.469828 0.973599 0.432759
95 0.496161 0.466954 0.961117 0.439655
22 0.507083 0.469828 0.973599 0.432759
95 0.496161 0.466954 0.961117 0.439655
22 0.507083 0.469828 0.973599 0.432759
95 0.496161 0.466667 0.961117 0.44023
22 0.507083 0.469828 0.973599 0.432759
95 0.496161 0.466667 0.961117 0.44023
22 0.506693 0.469828 0.974379 0.432759
95 0.496161 0.466667 0.961117 0.44023
22 0.506303 0.469828 0.973599 0.432759
95 0.496161 0.466667 0.961117 0.44023
22 0.506303 0.469828 0.973599 0.432759
95 0.496161 0.466667 0.961117 0.44023
22 0.506303 0.469828 0.973599 0.432759
95 0.496161 0.466667 0.961117 0.44023
22 0.506693 0.469828 0.974379 0.432759
95 0.496161 0.466954 0.961117 0.439655
22 0.507083 0.46954 0.973599 0.433333
95 0.496161 0.466954 0.961117 0.439655
22 0.506303 0.469828 0.973599 0.432759
95 0.496161 0.466954 0.961117 0.439655
22 0.506303 0.46954 0.973599 0.433333
95 0.496161 0.466954 0.961117 0.439655
22 0.506303 0.46954 0.973599 0.433333
95 0.496161 0.466954 0.961117 0.439655
22 0.506303 0.46954 0.973599 0.433333
95 0.496161 0.466954 0.961117 0.439655
22 0.506303 0.46954 0.973599 0.433333
95 0.496161 0.466954 0.961117 0.439655
22 0.505523 0.469828 0.973599 0.432759
95 0.496161 0.466954 0.961117 0.439655
22 0.505523 0.46954 0.973599 0.433333
95 0.496161 0.466954 0.961117 0.439655
22 0.505523 0.46954 0.973599 0.432184
95 0.496161 0.466954 0.961117 0.439655
22 0.505523 0.46954 0.973599 0.433333
95 0.496161 0.466954 0.961117 0.439655
22 0.505523 0.46954 0.973599 0.433333
95 0.496161 0.466954 0.961117 0.439655
22 0.505523 0.46954 0.973599 0.433333
95 0.496161 0.466954 0.961117 0.439655
22 0.505523 0.46954 0.973599 0.433333
95 0.496161 0.466667 0.961117 0.44023
22 0.505523 0.469253 0.973599 0.432759
95 0.496161 0.466667 0.961117 0.44023
22 0.505523 0.469253 0.973599 0.432759
95 0.496161 0.466954 0.961117 0.439655
22 0.505523 0.469253 0.973599 0.432759
95 0.496161 0.466954 0.961117 0.439655
22 0.505523 0.469253 0.973599 0.432759
95 0.496161 0.466954 0.961117 0.439655
22 0.505523 0.469253 0.973599 0.432759
95 0.496161 0.466667 0.961117 0.44023
22 0.505523 0.469253 0.973599 0.432759
95 0.496161 0.466667 0.961117 0.44023
22 0.505523 0.469253 0.973599 0.432759
95 0.496161 0.466667 0.961117 0.44023
22 0.505523 0.469253 0.973599 0.432759
95 0.496161 0.466667 0.961117 0.44023
22 0.505523 0.46954 0.973599 0.433333
95 0.496161 0.466667 0.961117 0.44023
22 0.505523 0.469253 0.973599 0.432759
95 0.496161 0.466954 0.961117 0.439655
22 0.505133 0.46954 0.972819 0.433333
95 0.496161 0.466667 0.961117 0.44023
22 0.504743 0.469253 0.973599 0.432759
95 0.496161 0.466667 0.961117 0.44023
22 0.504743 0.469253 0.973599 0.432759
95 0.496161 0.466667 0.961117 0.44023
22 0.504743 0.469253 0.973599 0.432759
95 0.496551 0.466667 0.960337 0.44023
22 0.504743 0.469253 0.973599 0.432759
95 0.496551 0.466954 0.960337 0.440805
22 0.505523 0.46954 0.973599 0.433333
95 0.496551 0.466954 0.960337 0.440805
22 0.505133 0.468966 0.972819 0.433333
95 0.496551 0.466954 0.960337 0.440805
22 0.505133 0.469253 0.972819 0.432759
95 0.496551 0.466954 0.960337 0.440805
22 0.505523 0.469253 0.972039 0.432759
95 0.496551 0.466954 0.960337 0.440805
22 0.505523 0.469253 0.972039 0.432759
95 0.496941 0.466954 0.959557 0.440805
22 0.504743 0.46954 0.972039 0.433333
95 0.496941 0.466954 0.959557 0.440805
22 0.505133 0.469253 0.971259 0.432759
95 0.496941 0.466954 0.959557 0.440805
22 0.505133 0.46954 0.971259 0.433333
95 0.496941 0.466954 0.959557 0.440805
22 0.505133 0.469253 0.971259 0.432759
95 0.496941 0.466954 0.959557 0.440805
22 0.505133 0.468966 0.971259 0.433333
95 0.496941 0.466954 0.959557 0.440805
22 0.505133 0.468966 0.971259 0.433333
95 0.496941 0.466954 0.959557 0.440805
22 0.505523 0.468966 0.970479 0.433333
95 0.496941 0.466954 0.959557 0.440805
22 0.505523 0.468966 0.970479 0.433333
95 0.496941 0.466954 0.959557 0.440805
22 0.505523 0.468966 0.970479 0.433333
95 0.496941 0.466667 0.959557 0.441379
22 0.505523 0.468966 0.970479 0.433333
95 0.496941 0.466667 0.959557 0.441379
22 0.505523 0.468966 0.970479 0.433333
95 0.496941 0.466667 0.959557 0.441379
22 0.505523 0.468966 0.970479 0.433333
95 0.496941 0.466667 0.959557 0.441379
22 0.505523 0.468966 0.970479 0.433333
95 0.496941 0.466667 0.959557 0.441379
22 0.505523 0.468966 0.970479 0.433333
95 0.496941 0.466667 0.959557 0.441379
22 0.505523 0.468966 0.970479 0.433333
95 0.496941 0.466667 0.959557 0.441379
22 0.505133 0.468678 0.971259 0.433908
95 0.496941 0.466667 0.959557 0.441379
22 0.505133 0.468678 0.971259 0.433908
95 0.496941 0.466667 0.959557 0.441379
22 0.505133 0.468678 0.971259 0.433908
95 0.496941 0.466667 0.959557 0.441379
22 0.505133 0.468678 0.971259 0.433908
95 0.496941 0.466667 0.959557 0.441379
22 0.505133 0.468678 0.971259 0.433908
95 0.496941 0.466667 0.959557 0.441379
22 0.505133 0.468678 0.971259 0.433908
95 0.496941 0.466667 0.959557 0.441379
22 0.505133 0.468678 0.971259 0.433908
95 0.496941 0.466667 0.959557 0.441379
22 0.505133 0.468391 0.971259 0.434483
95 0.496941 0.466667 0.959557 0.441379
22 0.505133 0.468391 0.971259 0.434483
95 0.496941 0.466667 0.959557 0.441379
22 0.505133 0.468391 0.971259 0.434483
95 0.496941 0.466667 0.959557 0.441379
22 0.505133 0.468391 0.971259 0.434483
95 0.496941 0.466667 0.959557 0.441379
22 0.505133 0.468391 0.971259 0.434483
95 0.496941 0.466667 0.959557 0.441379
22 0.504743 0.468391 0.972039 0.434483
95 0.496941 0.466667 0.959557 0.441379
22 0.504743 0.468391 0.972039 0.434483
95 0.496941 0.466667 0.959557 0.441379
22 0.504743 0.468391 0.972039 0.434483
95 0.496941 0.466667 0.959557 0.441379
22 0.504743 0.468391 0.972039 0.434483
95 0.496941 0.466667 0.959557 0.441379
22 0.504743 0.468391 0.972039 0.434483
95 0.496941 0.466667 0.959557 0.441379
22 0.504743 0.468391 0.972039 0.434483
95 0.496941 0.466667 0.959557 0.441379
22 0.504743 0.468391 0.972039 0.434483
95 0.496941 0.466667 0.959557 0.441379
22 0.504743 0.468391 0.972039 0.434483
95 0.496941 0.466667 0.959557 0.441379
22 0.504743 0.468678 0.972039 0.435057
95 0.496941 0.466667 0.959557 0.441379
22 0.504743 0.468391 0.972039 0.434483
95 0.497721 0.466667 0.959557 0.441379
22 0.504743 0.468391 0.972039 0.434483
95 0.496941 0.466667 0.959557 0.441379
22 0.504743 0.468678 0.972039 0.435057
95 0.496941 0.466667 0.959557 0.441379
22 0.504743 0.468678 0.972039 0.435057
95 0.497721 0.466954 0.959557 0.441954
22 0.504743 0.468391 0.972039 0.434483
95 0.497721 0.466954 0.959557 0.441954
22 0.504743 0.468391 0.972039 0.434483
95 0.497721 0.466667 0.959557 0.442529
22 0.504743 0.468391 0.972039 0.434483
95 0.497721 0.466954 0.959557 0.441954
22 0.504743 0.468391 0.972039 0.434483
95 0.497721 0.466954 0.961117 0.441954
22 0.504743 0.468391 0.972039 0.434483
95 0.497721 0.466954 0.959557 0.441954
22 0.504743 0.468391 0.972039 0.434483
95 0.498111 0.466954 0.960337 0.441954
22 0.504743 0.468391 0.972039 0.434483
95 0.497721 0.466667 0.959557 0.442529
22 0.504743 0.468391 0.972039 0.434483
95 0.497721 0.466667 0.959557 0.442529
22 0.504743 0.468391 0.972039 0.434483
95 0.498111 0.466667 0.960337 0.442529
22 0.504743 0.468391 0.972039 0.434483
95 0.498111 0.466667 0.960337 0.442529
22 0.504743 0.468391 0.972039 0.434483
95 0.498111 0.466667 0.960337 0.442529
22 0.504743 0.468391 0.972039 0.434483
95 0.498111 0.466667 0.960337 0.442529
22 0.504743 0.468391 0.972039 0.434483
95 0.498111 0.466667 0.960337 0.442529
22 0.504743 0.468391 0.972039 0.434483
95 0.498502 0.466667 0.959557 0.442529
22 0.505133 0.468391 0.971259 0.434483
95 0.498502 0.466092 0.968918 0.442529
22 0.505133 0.468103 0.971259 0.435057
95 0.498502 0.466092 0.968918 0.442529
22 0.505133 0.468103 0.971259 0.435057
95 0.498502 0.466092 0.968918 0.442529
22 0.505133 0.468103 0.971259 0.435057
95 0.498502 0.466092 0.968918 0.442529
22 0.504743 0.468103 0.972039 0.435057
95 0.498502 0.466092 0.968918 0.442529
22 0.504743 0.468103 0.972039 0.435057
95 0.498502 0.466092 0.968918 0.442529
22 0.505133 0.468103 0.971259 0.435057
95 0.498502 0.466092 0.968918 0.442529
22 0.505133 0.468103 0.971259 0.435057
95 0.498502 0.465805 0.968918 0.443103
22 0.505133 0.468103 0.971259 0.435057
95 0.498502 0.466092 0.968918 0.442529
22 0.505133 0.468103 0.971259 0.435057
95 0.498502 0.466092 0.968918 0.442529
22 0.505133 0.468103 0.971259 0.435057
95 0.498502 0.466092 0.968918 0.442529
22 0.505133 0.468103 0.971259 0.435057
95 0.498502 0.466092 0.968918 0.442529
22 0.505133 0.468391 0.971259 0.435632
95 0.498502 0.466092 0.968918 0.442529
22 0.505133 0.468103 0.971259 0.435057
95 0.498502 0.466092 0.968918 0.442529
22 0.505133 0.468103 0.971259 0.435057
95 0.498502 0.466092 0.968918 0.442529
22 0.505133 0.468103 0.971259 0.435057
95 0.498502 0.466379 0.968918 0.443103
22 0.505133 0.468391 0.971259 0.435632
95 0.498111 0.466092 0.968138 0.442529
22 0.505133 0.468391 0.971259 0.435632
95 0.498111 0.466379 0.968138 0.443103
22 0.505133 0.468391 0.971259 0.435632
95 0.498111 0.466092 0.968138 0.442529
22 0.505133 0.468391 0.971259 0.435632
95 0.497721 0.466092 0.967358 0.442529
22 0.505133 0.468391 0.971259 0.435632
95 0.497721 0.466379 0.967358 0.443103
22 0.505133 0.468391 0.971259 0.435632
95 0.497721 0.466379 0.967358 0.443103
22 0.505133 0.468391 0.971259 0.435632
95 0.497721 0.466379 0.967358 0.443103
22 0.505133 0.468391 0.971259 0.435632
95 0.497721 0.466092 0.967358 0.442529
22 0.505133 0.468391 0.971259 0.435632
95 0.497721 0.466379 0.967358 0.443103
22 0.505133 0.468391 0.971259 0.435632
95 0.497721 0.466379 0.967358 0.443103
22 0.505133 0.468391 0.971259 0.435632
95 0.497721 0.466092 0.967358 0.442529
22 0.505133 0.468391 0.971259 0.435632
95 0.497721 0.466379 0.967358 0.443103
22 0.505523 0.468391 0.970479 0.435632
95 0.497721 0.466379 0.967358 0.443103
22 0.505523 0.468391 0.970479 0.435632
95 0.497721 0.466379 0.967358 0.443103
22 0.505523 0.468391 0.972039 0.435632
95 0.497331 0.466379 0.966578 0.443103
22 0.505523 0.468391 0.972039 0.435632
95 0.496941 0.466379 0.967358 0.443103
22 0.505523 0.468391 0.972039 0.435632
95 0.496941 0.466379 0.965798 0.443103
22 0.505913 0.468391 0.971259 0.435632
95 0.496941 0.466379 0.965798 0.443103
22 0.505913 0.468391 0.971259 0.435632
95 0.497331 0.466379 0.966578 0.443103
22 0.505523 0.468391 0.970479 0.435632
95 0.496941 0.466379 0.965798 0.443103
22 0.505523 0.468391 0.970479 0.435632
95 0.496941 0.466379 0.965798 0.443103
95 0.496941 0.466379 0.965798 0.443103
95 0.496551 0.466379 0.966578 0.443103
95 0.496551 0.466092 0.966578 0.443678
95 0.496551 0.466092 0.966578 0.443678
95 0.496551 0.466092 0.966578 0.443678
95 0.496551 0.466379 0.966578 0.443103
95 0.496551 0.466379 0.966578 0.443103
95 0.496551 0.466092 0.966578 0.443678
95 0.496941 0.466954 0.959557 0.440805
22 0.505133 0.469253 0.971259 0.432759
