48 0.500094 0.498272 0.976801 0.37212
50 0.500094 0.498272 0.976801 0.37212
49 0.500094 0.498272 0.976801 0.37212
68 0.500094 0.498272 0.976801 0.37212
53 0.498145 0.49856 0.974462 0.360023
47 0.498535 0.470334 0.972124 0.415323
74 0.500094 0.498272 0.976801 0.37212
95 0.494637 0.503456 0.96121 0.355991
101 0.502823 0.488479 0.966667 0.389401
111 0.500094 0.498272 0.976801 0.37212
103 0.500094 0.498272 0.976801 0.37212
67 0.500094 0.498272 0.976801 0.37212
79 0.500094 0.498272 0.976801 0.37212
104 0.500094 0.498272 0.976801 0.37212
109 0.498145 0.479839 0.97914 0.414747
54 0.502823 0.488479 0.966667 0.389401
46 0.500094 0.498272 0.976801 0.37212
84 0.502823 0.488479 0.966667 0.389401
76 0.498145 0.479839 0.97914 0.414747
75 0.502823 0.488479 0.966667 0.389401
56 0.494637 0.503456 0.96121 0.355991
100 0.500094 0.498272 0.976801 0.37212
17 0.500094 0.498272 0.976801 0.37212
102 0.498145 0.479839 0.97914 0.414747
77 0.502823 0.488479 0.966667 0.389401
66 0.502823 0.488479 0.966667 0.389401
81 0.498145 0.49856 0.974462 0.360023
73 0.498925 0.475806 0.977581 0.406682
97 0.500094 0.498272 0.976801 0.37212
42 0.500094 0.498272 0.976801 0.37212
108 0.502823 0.488479 0.966667 0.389401
0 0.966667 0.0636521 0.034301 0.0437788
110 0.500094 0.498272 0.976801 0.37212
16 0.966667 0.0636521 0.034301 0.0437788
38 0.498535 0.470334 0.972124 0.415323
80 0.500094 0.498272 0.976801 0.37212
7 0.496196 0.505472 0.972124 0.349654
33 0.502823 0.488479 0.966667 0.389401
105 0.502823 0.488479 0.966667 0.389401
31 0.500094 0.498272 0.976801 0.37212
18 0.965887 0.0675403 0.0358602 0.047523
15 0.498535 0.470334 0.972124 0.415323
41 0.498145 0.479839 0.97914 0.414747
5 0.500094 0.498272 0.976801 0.37212
16 0.500094 0.498272 0.976801 0.37212
99 0.494637 0.502592 0.96121 0.351958
20 0.966667 0.0636521 0.034301 0.0437788
5 0.966667 0.0636521 0.034301 0.0437788
51 0.498145 0.479839 0.97914 0.414747
52 0.503602 0.47235 0.963548 0.43318
28 0.494637 0.503456 0.96121 0.355991
11 0.494637 0.503456 0.96121 0.355991
33 0.965887 0.063076 0.0343011 0.047523
78 0.502823 0.488479 0.966667 0.389401
65 0.494637 0.503456 0.96121 0.355991
14 0.500094 0.498272 0.976801 0.37212
0 0.500094 0.498272 0.976801 0.37212
48 0.583118 0.458813 0.790484 0.46371
94 0.494637 0.502592 0.96121 0.351958
8 0.968226 0.062428 0.034301 0.0416187
21 0.494637 0.502592 0.96121 0.351958
26 0.502823 0.488479 0.966667 0.389401
16 0.972903 0.062212 0.0218279 0.0414747
12 0.502823 0.488479 0.966667 0.389401
50 0.594909 0.452189 0.777816 0.456221
92 0.494637 0.503456 0.96121 0.355991
13 0.502823 0.488479 0.966667 0.389401
15 0.968226 0.062428 0.034301 0.0416187
34 0.502043 0.493664 0.976021 0.37788
64 0.498145 0.49856 0.974462 0.360023
72 0.505161 0.484735 0.96043 0.392281
14 0.965887 0.063076 0.0343011 0.047523
32 0.966667 0.0636521 0.034301 0.0437788
88 0.498145 0.479839 0.97914 0.414747
49 0.583118 0.458813 0.790484 0.46371
4 0.498145 0.49856 0.974462 0.360023
92 0.966667 0.0636521 0.034301 0.0437788
36 0.491129 0.506912 0.96043 0.346774
48 0.513737 0.477535 0.968226 0.417051
111 0.513737 0.477535 0.968226 0.417051
101 0.513737 0.477535 0.968226 0.417051
68 0.513737 0.477535 0.968226 0.417051
46 0.513737 0.477535 0.968226 0.417051
109 0.513737 0.477535 0.968226 0.417051
110 0.513737 0.477535 0.968226 0.417051
50 0.515296 0.47523 0.965108 0.413594
103 0.513737 0.477535 0.968226 0.417051
102 0.513737 0.477535 0.968226 0.417051
75 0.513737 0.477535 0.968226 0.417051
99 0.50828 0.469182 0.974462 0.431452
54 0.513737 0.477535 0.968226 0.417051
67 0.513737 0.477535 0.968226 0.417051
95 0.513737 0.477535 0.968226 0.417051
56 0.50828 0.469182 0.974462 0.431452
53 0.50828 0.469182 0.974462 0.431452
84 0.50828 0.469182 0.974462 0.431452
73 0.513737 0.477535 0.968226 0.417051
77 0.513737 0.477535 0.968226 0.417051
105 0.513737 0.477535 0.968226 0.417051
100 0.513737 0.477535 0.968226 0.417051
47 0.50828 0.469182 0.974462 0.431452
80 0.513737 0.477535 0.968226 0.417051
66 0.513737 0.477535 0.968226 0.417051
104 0.513737 0.477535 0.968226 0.417051
76 0.50828 0.469182 0.974462 0.431452
52 0.513737 0.477535 0.968226 0.417051
49 0.50828 0.469182 0.974462 0.431452
108 0.513737 0.477535 0.968226 0.417051
42 0.513737 0.477535 0.968226 0.417051
74 0.513737 0.477535 0.968226 0.417051
51 0.504771 0.444124 0.987715 0.478111
41 0.513737 0.477535 0.968226 0.417051
97 0.513737 0.477535 0.968226 0.417051
81 0.513737 0.477535 0.968226 0.417051
48 0.668871 0.436924 0.648602 0.462558
17 0.513737 0.477535 0.968226 0.417051
79 0.515296 0.47523 0.965108 0.413594
48 0.36172 0.509217 0.708629 0.353687
111 0.36172 0.509217 0.708629 0.353687
78 0.515296 0.47523 0.965108 0.413594
66 0.36172 0.509217 0.708629 0.353687
95 0.36172 0.509217 0.708629 0.353687
108 0.36172 0.509217 0.708629 0.353687
75 0.36172 0.509217 0.708629 0.353687
104 0.36172 0.509217 0.708629 0.353687
111 0.18432 0.506048 0.35714 0.346198
105 0.368737 0.507776 0.723441 0.345046
79 0.36172 0.509217 0.708629 0.353687
33 0.515296 0.47523 0.965108 0.413594
95 0.493468 0.436348 0.983817 0.516705
53 0.491129 0.441244 0.974462 0.504608
68 0.493468 0.436348 0.983817 0.516705
81 0.493468 0.436348 0.983817 0.516705
53 0.491129 0.352247 0.977581 0.704493
84 0.491129 0.441244 0.974462 0.504608
48 0.497366 0.261953 0.977581 0.523906
48 0.490349 0.448733 0.980699 0.498848
56 0.493468 0.436348 0.983817 0.516705
108 0.493468 0.436348 0.983817 0.516705
56 0.491129 0.352247 0.977581 0.704493
104 0.493468 0.436348 0.983817 0.516705
52 0.491129 0.441244 0.974462 0.504608
79 0.493468 0.436348 0.983817 0.516705
95 0.491129 0.352247 0.977581 0.704493
52 0.491129 0.352247 0.977581 0.704493
78 0.494247 0.349078 0.985376 0.698157
68 0.491129 0.352247 0.977581 0.704493
81 0.491129 0.352247 0.977581 0.704493
84 0.491129 0.352247 0.977581 0.704493
74 0.493468 0.436348 0.983817 0.516705
109 0.491129 0.441244 0.974462 0.504608
80 0.494247 0.349078 0.985376 0.698157
78 0.486841 0.445276 0.965887 0.498848
105 0.493468 0.436348 0.983817 0.516705
48 0.495027 0.437788 0.980699 0.875576
111 0.491129 0.441244 0.974462 0.504608
108 0.491129 0.352247 0.977581 0.704493
75 0.491129 0.441244 0.974462 0.504608
68 0.497366 0.236031 0.985376 0.472062
80 0.486841 0.445276 0.965887 0.498848
104 0.491129 0.352247 0.977581 0.704493
67 0.493468 0.436348 0.983817 0.516705
101 0.493468 0.436348 0.983817 0.516705
77 0.491129 0.441244 0.974462 0.504608
50 0.501263 0.210685 0.974462 0.421371
110 0.491129 0.441244 0.974462 0.504608
75 0.491129 0.352247 0.977581 0.704493
95 0.48957 0.500288 0.976021 0.351959
79 0.491129 0.352247 0.977581 0.704493
74 0.491129 0.352247 0.977581 0.704493
109 0.491129 0.352247 0.977581 0.704493
111 0.491129 0.352247 0.977581 0.704493
101 0.497366 0.261953 0.977581 0.523906
105 0.491129 0.352247 0.977581 0.704493
53 0.497366 0.236031 0.985376 0.472062
54 0.493468 0.436348 0.983817 0.516705
76 0.491129 0.441244 0.974462 0.504608
50 0.505161 0.0553715 0.963548 0.110743
49 0.501263 0.210685 0.974462 0.421371
99 0.491129 0.441244 0.974462 0.504608
95 0.497366 0.236031 0.985376 0.472062
50 0.500484 0.0974222 0.977581 0.194844
77 0.497366 0.261953 0.977581 0.523906
81 0.48957 0.500288 0.976021 0.351959
79 0.48957 0.500288 0.976021 0.351959
76 0.497366 0.261953 0.977581 0.523906
46 0.497366 0.261953 0.977581 0.523906
110 0.497366 0.262961 0.988495 0.525922
100 0.502043 0.259505 0.972903 0.519009
54 0.491129 0.352247 0.977581 0.704493
48 0.500484 0.0974222 0.977581 0.194844
67 0.491129 0.352247 0.977581 0.704493
51 0.497366 0.261953 0.977581 0.523906
81 0.274798 0.500576 0.540242 0.347926
48 0.505161 0.0553715 0.963548 0.110743
108 0.442796 0.493952 0.87 0.378456
50 0.498145 0.323445 0.990054 0.646889
48 0.485672 0.179003 0.961989 0.358007
104 0.48957 0.500288 0.976021 0.351959
78 0.497366 0.236031 0.985376 0.472062
51 0.490349 0.448733 0.980699 0.498848
56 0.48957 0.500288 0.976021 0.351959
46 0.491129 0.441244 0.974462 0.504608
104 0.274798 0.500576 0.540242 0.347926
102 0.490349 0.448733 0.980699 0.498848
109 0.497366 0.236031 0.985376 0.472062
75 0.497366 0.236031 0.985376 0.472062
47 0.490349 0.448733 0.980699 0.498848
68 0.500484 0.0974222 0.977581 0.194844
49 0.498145 0.323445 0.990054 0.646889
102 0.501263 0.210685 0.974462 0.421371
68 0.496586 0.800115 0.985376 0.39977
17 0.497366 0.262961 0.988495 0.525922
66 0.493468 0.436348 0.983817 0.516705
101 0.495027 0.437788 0.980699 0.875576
97 0.491129 0.441244 0.974462 0.504608
68 0.505161 0.0553715 0.963548 0.110743
73 0.497366 0.261953 0.977581 0.523906
101 0.485672 0.179003 0.961989 0.358007
105 0.48957 0.500288 0.976021 0.351959
103 0.494247 0.349078 0.985376 0.698157
99 0.497366 0.261953 0.977581 0.523906
108 0.497366 0.236031 0.985376 0.472062
49 0.490349 0.448733 0.980699 0.498848
68 0.48957 0.500288 0.976021 0.351959
49 0.505161 0.0553715 0.963548 0.110743
84 0.497366 0.236031 0.985376 0.472062
97 0.497366 0.262961 0.988495 0.525922
53 0.48957 0.500288 0.976021 0.351959
100 0.485672 0.179003 0.961989 0.358007
49 0.500484 0.0974222 0.977581 0.194844
77 0.495027 0.437788 0.980699 0.875576
84 0.48957 0.500288 0.976021 0.351959
33 0.497366 0.262961 0.988495 0.525922
110 0.495027 0.437788 0.980699 0.875576
66 0.491129 0.352247 0.977581 0.704493
17 0.493468 0.436348 0.983817 0.516705
47 0.497366 0.261953 0.977581 0.523906
78 0.442796 0.493952 0.87 0.378456
108 0.274798 0.500576 0.540242 0.347926
52 0.497366 0.236031 0.985376 0.472062
76 0.495027 0.437788 0.980699 0.875576
79 0.274798 0.500576 0.540242 0.347926
48 0.498535 0.743376 0.983038 0.513249
67 0.497366 0.236031 0.985376 0.472062
33 0.493468 0.436348 0.983817 0.516705
99 0.495027 0.437788 0.980699 0.875576
100 0.505161 0.0553715 0.963548 0.110743
101 0.505161 0.0553715 0.963548 0.110743
103 0.483333 0.498848 0.957312 0.384793
53 0.498535 0.743376 0.983038 0.513249
46 0.495027 0.437788 0.980699 0.875576
73 0.491129 0.441244 0.974462 0.504608
100 0.500484 0.0974222 0.977581 0.194844
101 0.500484 0.0974222 0.977581 0.194844
80 0.497366 0.236031 0.985376 0.472062
52 0.48957 0.500288 0.976021 0.351959
74 0.48957 0.500288 0.976021 0.351959
111 0.497366 0.236031 0.985376 0.472062
67 0.48957 0.500288 0.976021 0.351959
2 0.497366 0.262961 0.988495 0.525922
109 0.48957 0.500288 0.976021 0.351959
51 0.495027 0.437788 0.980699 0.875576
74 0.497366 0.236031 0.985376 0.472062
53 0.486452 0.835253 0.955753 0.329493
100 0.495027 0.437788 0.980699 0.875576
97 0.495027 0.437788 0.980699 0.875576
56 0.274798 0.500576 0.540242 0.347926
46 0.485672 0.179003 0.961989 0.358007
78 0.274798 0.500576 0.540242 0.347926
51 0.503602 0.0498272 0.972903 0.0996544
102 0.498145 0.323445 0.990054 0.646889
48 0.486452 0.835253 0.955753 0.329493
56 0.497366 0.236031 0.985376 0.472062
73 0.495027 0.437788 0.980699 0.875576
105 0.274798 0.500576 0.540242 0.347926
17 0.496586 0.400346 0.986935 0.800691
109 0.486841 0.766561 0.956532 0.466878
50 0.490349 0.448733 0.980699 0.498848
46 0.505161 0.0553715 0.963548 0.110743
102 0.505161 0.0553715 0.963548 0.110743
51 0.500484 0.0974222 0.977581 0.194844
101 0.48957 0.500288 0.976021 0.351959
76 0.505161 0.0553715 0.963548 0.110743
102 0.500484 0.0974222 0.977581 0.194844
95 0.486841 0.639401 0.956532 0.665899
101 0.500484 0.801267 0.972903 0.397465
33 0.496586 0.400346 0.986935 0.800691
100 0.491129 0.441244 0.974462 0.504608
53 0.505161 0.0553715 0.963548 0.110743
53 0.500484 0.0974222 0.977581 0.194844
47 0.485672 0.179003 0.961989 0.358007
102 0.500484 0.801267 0.972903 0.397465
52 0.498535 0.743376 0.983038 0.513249
76 0.500484 0.0974222 0.977581 0.194844
54 0.48957 0.500288 0.976021 0.351959
68 0.498145 0.927419 0.966667 0.145161
46 0.500484 0.0974222 0.977581 0.194844
81 0.192554 0.499424 0.381989 0.355991
47 0.495027 0.437788 0.980699 0.875576
111 0.498535 0.743376 0.983038 0.513249
111 0.48957 0.500288 0.976021 0.351959
2 0.493468 0.436348 0.983817 0.516705
41 0.493468 0.436348 0.983817 0.516705
68 0.497755 0.586982 0.976801 0.648617
47 0.505161 0.0553715 0.963548 0.110743
56 0.486841 0.766561 0.956532 0.466878
95 0.486841 0.766561 0.956532 0.466878
84 0.486841 0.766561 0.956532 0.466878
109 0.500484 0.0974222 0.977581 0.194844
104 0.192554 0.499424 0.381989 0.355991
67 0.496586 0.800115 0.985376 0.39977
110 0.485672 0.179003 0.961989 0.358007
81 0.285907 0.441748 0.568696 0.504752
110 0.48957 0.500288 0.976021 0.351959
77 0.500484 0.0974222 0.977581 0.194844
50 0.500484 0.801267 0.972903 0.397465
77 0.505161 0.0553715 0.963548 0.110743
80 0.480995 0.499424 0.961989 0.34447
109 0.505161 0.0553715 0.963548 0.110743
77 0.485672 0.179003 0.961989 0.358007
75 0.48957 0.500288 0.976021 0.351959
51 0.485672 0.179003 0.961989 0.358007
73 0.505161 0.0553715 0.963548 0.110743
76 0.485672 0.179003 0.961989 0.358007
41 0.497366 0.262961 0.988495 0.525922
95 0.50711 0.474654 0.967446 0.412442
68 0.509059 0.480703 0.965108 0.43606
109 0.50711 0.474654 0.967446 0.412442
67 0.50711 0.474654 0.967446 0.412442
110 0.50711 0.474654 0.967446 0.412442
77 0.509059 0.480703 0.965108 0.43606
84 0.50711 0.474654 0.967446 0.412442
53 0.503602 0.47091 0.96043 0.432604
101 0.509059 0.480703 0.965108 0.43606
56 0.50711 0.474654 0.967446 0.412442
103 0.50711 0.474654 0.967446 0.412442
102 0.500484 0.472638 0.965108 0.442972
111 0.503602 0.47091 0.96043 0.432604
104 0.50711 0.474654 0.967446 0.412442
97 0.50711 0.474654 0.967446 0.412442
74 0.50711 0.474654 0.967446 0.412442
76 0.50711 0.474654 0.967446 0.412442
99 0.50711 0.474654 0.967446 0.412442
81 0.503602 0.47091 0.96043 0.432604
105 0.50711 0.474654 0.967446 0.412442
52 0.503602 0.47091 0.96043 0.432604
80 0.50711 0.474654 0.967446 0.412442
47 0.503602 0.47091 0.96043 0.432604
73 0.50711 0.474654 0.967446 0.412442
12 0.968226 0.0637961 0.034301 0.031106
100 0.50711 0.474654 0.967446 0.412442
108 0.503602 0.47091 0.96043 0.432604
17 0.50711 0.474654 0.967446 0.412442
54 0.50711 0.474654 0.967446 0.412442
66 0.50711 0.474654 0.967446 0.412442
68 0.48879 0.545939 0.977581 0.267569
50 0.50711 0.474654 0.967446 0.412442
48 0.501263 0.486751 0.961989 0.398618
95 0.50672 0.456221 0.968226 0.464286
56 0.50672 0.456221 0.968226 0.464286
67 0.503992 0.458525 0.970564 0.464286
68 0.544919 0.443476 0.898064 0.463278
109 0.544919 0.443476 0.898064 0.463278
84 0.504382 0.447581 0.982258 0.464286
104 0.50672 0.456221 0.968226 0.464286
111 0.544919 0.443476 0.898064 0.463278
103 0.50672 0.456221 0.968226 0.464286
53 0.516855 0.442684 0.961989 0.460253
105 0.50672 0.456221 0.968226 0.464286
68 0.505161 0.507776 0.963548 0.391129
77 0.544919 0.443476 0.898064 0.463278
110 0.544919 0.443476 0.898064 0.463278
101 0.544919 0.443476 0.898064 0.463278
68 0.564019 0.370392 0.838038 0.326613
95 0.564019 0.370392 0.838038 0.326613
67 0.564019 0.370392 0.838038 0.326613
102 0.544919 0.443476 0.898064 0.463278
97 0.544919 0.443476 0.898064 0.463278
109 0.505161 0.507776 0.963548 0.391129
56 0.564019 0.370392 0.838038 0.326613
111 0.505161 0.507776 0.963548 0.391129
109 0.564019 0.370392 0.838038 0.326613
54 0.516855 0.442684 0.961989 0.460253
33 0.983817 0.499424 0.0280646 0.0489631
81 0.50672 0.456221 0.968226 0.464286
52 0.516855 0.442684 0.961989 0.460253
80 0.503992 0.458525 0.970564 0.464286
111 0.564019 0.370392 0.838038 0.326613
77 0.564019 0.370392 0.838038 0.326613
101 0.564019 0.370392 0.838038 0.326613
108 0.503992 0.458525 0.970564 0.464286
110 0.564019 0.370392 0.838038 0.326613
49 0.544919 0.443476 0.898064 0.463278
79 0.50672 0.456221 0.968226 0.464286
102 0.537124 0.342166 0.901183 0.258065
33 0.983038 0.528226 0.0311828 0.120968
76 0.544919 0.443476 0.898064 0.463278
48 0.544919 0.443476 0.898064 0.463278
95 0.503212 0.46659 0.967446 0.437788
84 0.503212 0.46659 0.967446 0.437788
103 0.503212 0.46659 0.967446 0.437788
56 0.503212 0.46659 0.967446 0.437788
109 0.503212 0.46659 0.967446 0.437788
67 0.490349 0.46659 0.977581 0.458525
111 0.490349 0.46659 0.977581 0.458525
68 0.502043 0.467166 0.963548 0.448157
53 0.490349 0.46659 0.977581 0.458525
52 0.505161 0.46551 0.94328 0.467598
97 0.503212 0.46659 0.967446 0.437788
0 0.965887 0.0637241 0.0374194 0.0512673
105 0.503212 0.46659 0.967446 0.437788
5 0.965887 0.0637241 0.0374194 0.0512673
33 0.965887 0.0637241 0.0374194 0.0512673
54 0.503212 0.46659 0.967446 0.437788
101 0.490349 0.46659 0.977581 0.458525
75 0.503212 0.46659 0.967446 0.437788
77 0.490349 0.46659 0.977581 0.458525
104 0.503212 0.46659 0.967446 0.437788
110 0.490349 0.46659 0.977581 0.458525
15 0.965887 0.0637241 0.0374194 0.0512673
16 0.965887 0.0637241 0.0374194 0.0512673
7 0.965887 0.0637241 0.0374194 0.0512673
12 0.965887 0.0637241 0.0374194 0.0512673
41 0.503212 0.46659 0.967446 0.437788
14 0.965887 0.0637241 0.0374194 0.0512673
76 0.503212 0.46659 0.967446 0.437788
20 0.965887 0.0637241 0.0374194 0.0512673
99 0.503212 0.46659 0.967446 0.437788
18 0.965887 0.0637241 0.0374194 0.0512673
32 0.965887 0.0637241 0.0374194 0.0512673
102 0.490349 0.46659 0.977581 0.458525
3 0.965887 0.0637241 0.0374194 0.0512673
103 0.498925 0.471774 0.972903 0.43894
56 0.498925 0.471774 0.972903 0.43894
84 0.505551 0.46659 0.96121 0.447005
95 0.498925 0.471774 0.972903 0.43894
111 0.501263 0.467454 0.977581 0.446429
67 0.501263 0.467454 0.977581 0.446429
52 0.501263 0.467454 0.977581 0.446429
97 0.505551 0.46659 0.96121 0.447005
109 0.498925 0.471774 0.972903 0.43894
48 0.493468 0.465726 0.963548 0.446429
75 0.498925 0.471774 0.972903 0.43894
53 0.501263 0.467454 0.977581 0.446429
54 0.501263 0.467454 0.977581 0.446429
105 0.498925 0.471774 0.972903 0.43894
68 0.501263 0.467454 0.977581 0.446429
41 0.498925 0.471774 0.972903 0.43894
76 0.501263 0.467454 0.977581 0.446429
99 0.498925 0.471774 0.972903 0.43894
46 0.501263 0.467454 0.977581 0.446429
17 0.498925 0.471774 0.972903 0.43894
80 0.501263 0.467454 0.977581 0.446429
73 0.501263 0.467454 0.977581 0.446429
104 0.498925 0.471774 0.972903 0.43894
47 0.493468 0.465726 0.963548 0.446429
100 0.493468 0.465726 0.963548 0.446429
103 0.501263 0.476959 0.976021 0.442396
84 0.501263 0.476959 0.976021 0.442396
56 0.501263 0.476959 0.976021 0.442396
95 0.511398 0.457661 0.952634 0.462558
105 0.501263 0.476959 0.976021 0.442396
52 0.509059 0.459101 0.955753 0.457373
109 0.501263 0.476959 0.976021 0.442396
111 0.501263 0.476959 0.976021 0.442396
75 0.492298 0.470334 0.964328 0.460253
16 0.968226 0.0690524 0.0405376 0.0393145
0 0.968226 0.0690524 0.0405376 0.0393145
33 0.968226 0.0690524 0.0405376 0.0393145
32 0.969785 0.0684764 0.0405376 0.0398906
67 0.505551 0.463998 0.965887 0.449885
68 0.501263 0.476959 0.976021 0.442396
8 0.968226 0.0690524 0.0405376 0.0393145
5 0.968226 0.0690524 0.0405376 0.0393145
80 0.501263 0.476959 0.976021 0.442396
7 0.968226 0.0690524 0.0405376 0.0393145
13 0.968226 0.0690524 0.0405376 0.0393145
97 0.504382 0.456509 0.966667 0.464862
20 0.968226 0.0690524 0.0405376 0.0393145
14 0.968226 0.0690524 0.0405376 0.0393145
4 0.969785 0.0684764 0.0405376 0.0398906
3 0.968226 0.0690524 0.0405376 0.0393145
15 0.968226 0.0690524 0.0405376 0.0393145
84 0.498925 0.452765 0.966667 0.443548
103 0.498925 0.452765 0.966667 0.443548
95 0.512177 0.452693 0.947957 0.449453
56 0.509839 0.458525 0.944839 0.458525
75 0.495027 0.457085 0.955753 0.434908
54 0.495027 0.457085 0.955753 0.434908
53 0.509449 0.460541 0.9425 0.459101
67 0.498535 0.461694 0.964328 0.452189
80 0.498535 0.461694 0.964328 0.452189
52 0.509449 0.460541 0.9425 0.459101
109 0.495027 0.457085 0.955753 0.434908
111 0.509449 0.460541 0.9425 0.459101
76 0.495027 0.457085 0.955753 0.434908
68 0.498535 0.461694 0.964328 0.452189
97 0.511398 0.456797 0.947957 0.467742
0 0.968226 0.0635081 0.0374193 0.0387385
48 0.495027 0.457085 0.957312 0.462558
104 0.495027 0.457085 0.957312 0.462558
95 0.492688 0.451685 0.980699 0.47451
84 0.492688 0.451685 0.980699 0.47451
56 0.50672 0.452189 0.974462 0.475806
103 0.502043 0.467166 0.980699 0.447005
109 0.502043 0.467166 0.980699 0.447005
75 0.488011 0.474654 0.958871 0.440092
0 0.965107 0.0691964 0.0374193 0.0522753
67 0.492688 0.451685 0.980699 0.47451
68 0.488011 0.474654 0.958871 0.440092
52 0.498535 0.449381 0.965887 0.480271
111 0.492688 0.451685 0.980699 0.47451
18 0.965107 0.0691964 0.0374193 0.0522753
97 0.498535 0.449381 0.965887 0.480271
15 0.965107 0.0691964 0.0374193 0.0522753
84 0.504382 0.461477 0.955753 0.46875
103 0.502043 0.466014 0.96043 0.457373
75 0.496586 0.470622 0.965107 0.447005
54 0.549597 0.457949 0.85129 0.475806
52 0.549597 0.457949 0.85129 0.475806
80 0.549597 0.457949 0.85129 0.475806
109 0.498535 0.473214 0.967446 0.440668
56 0.502043 0.466014 0.96043 0.457373
111 0.502043 0.466014 0.96043 0.457373
76 0.498535 0.473214 0.967446 0.440668
53 0.549597 0.457949 0.85129 0.475806
0 0.965107 0.0679723 0.034301 0.0483871
95 0.502043 0.466014 0.96043 0.457373
99 0.498535 0.473214 0.967446 0.440668
73 0.498535 0.473214 0.967446 0.440668
33 0.967446 0.141381 0.0358602 0.210325
16 0.965107 0.0679723 0.034301 0.0483871
0 0.966667 0.116647 0.034301 0.145737
17 0.965107 0.0679723 0.034301 0.0483871
42 0.549597 0.457949 0.85129 0.475806
48 0.502043 0.459101 0.96043 0.448157
8 0.965107 0.0679723 0.034301 0.0483871
67 0.504382 0.461477 0.955753 0.46875
18 0.965107 0.0679723 0.034301 0.0483871
103 0.5075 0.477535 0.977581 0.447005
84 0.487621 0.46263 0.95965 0.471054
75 0.498535 0.470622 0.967446 0.458525
109 0.5075 0.477535 0.977581 0.447005
95 0.497366 0.461333 0.976021 0.471342
54 0.498925 0.458021 0.963548 0.476814
14 0.966667 0.0672523 0.0389785 0.0432028
7 0.966667 0.0672523 0.0389785 0.0432028
56 0.497366 0.461333 0.976021 0.471342
15 0.966667 0.0672523 0.0389785 0.0432028
80 0.497366 0.461333 0.976021 0.471342
18 0.966667 0.0672523 0.0389785 0.0432028
7 0.966667 0.0923099 0.0374193 0.0961981
0 0.966667 0.0672523 0.0389785 0.0432028
16 0.966667 0.0672523 0.0389785 0.0432028
20 0.966667 0.0672523 0.0389785 0.0432028
33 0.966667 0.0672523 0.0389785 0.0432028
17 0.966667 0.0672523 0.0389785 0.0432028
14 0.966667 0.0964502 0.0358603 0.100302
84 0.209315 0.466878 0.408495 0.430299
103 0.495417 0.462846 0.964328 0.444124
84 0.492688 0.453341 0.983817 0.463134
95 0.492688 0.453341 0.983817 0.463134
109 0.496976 0.461694 0.970564 0.439516
56 0.493078 0.452117 0.984597 0.458669
75 0.497366 0.464286 0.96043 0.442396
68 0.496976 0.461694 0.970564 0.439516
84 0.501263 0.47523 0.971344 0.453917
95 0.495806 0.461982 0.976021 0.486175
103 0.500094 0.476959 0.970564 0.451613
67 0.505161 0.462846 0.96043 0.482143
109 0.495806 0.461982 0.976021 0.486175
56 0.501263 0.47523 0.971344 0.453917
52 0.501263 0.47523 0.971344 0.453917
68 0.501263 0.47523 0.971344 0.453917
111 0.501263 0.47523 0.971344 0.453917
16 0.966667 0.0697725 0.0374193 0.046803
97 0.505161 0.459749 0.961989 0.487183
54 0.500094 0.476959 0.970564 0.451613
14 0.966667 0.0697725 0.0374193 0.046803
16 0.966667 0.0961621 0.0374193 0.102031
84 0.505941 0.456797 0.955753 0.465438
33 0.966667 0.0666763 0.0358603 0.0345622
54 0.495806 0.46515 0.972903 0.442972
14 0.966667 0.0666763 0.0358603 0.0345622
18 0.966667 0.0666763 0.0358603 0.0345622
20 0.966667 0.0666763 0.0358603 0.0345622
75 0.494247 0.464862 0.971344 0.450461
16 0.966667 0.0666763 0.0358603 0.0345622
15 0.966667 0.0666763 0.0358603 0.0345622
95 0.505941 0.456797 0.955753 0.465438
103 0.494247 0.464862 0.971344 0.450461
18 0.969785 0.0616359 0.034301 0.031106
24 0.966667 0.0666763 0.0358603 0.0345622
21 0.966667 0.0666763 0.0358603 0.0345622
52 0.494247 0.454997 0.980699 0.467886
13 0.966667 0.0666763 0.0358603 0.0345622
80 0.494247 0.454997 0.980699 0.467886
14 0.969785 0.0616359 0.034301 0.031106
8 0.966667 0.0666763 0.0358603 0.0345622
0 0.966667 0.0666763 0.0358603 0.0345622
15 0.969785 0.0616359 0.034301 0.031106
11 0.966667 0.0666763 0.0358603 0.0345622
33 0.969785 0.0616359 0.034301 0.031106
26 0.966667 0.0666763 0.0358603 0.0345622
7 0.966667 0.0666763 0.0358603 0.0345622
17 0.966667 0.0666763 0.0358603 0.0345622
16 0.969785 0.0616359 0.034301 0.031106
20 0.969785 0.0616359 0.034301 0.031106
33 0.968226 0.0694124 0.0389785 0.0455069
5 0.966667 0.0666763 0.0358603 0.0345622
109 0.495806 0.46515 0.972903 0.442972
13 0.969785 0.0616359 0.034301 0.031106
103 0.50672 0.455357 0.957312 0.478687
84 0.502043 0.454565 0.957312 0.46875
95 0.530887 0.455069 0.896505 0.471198
75 0.495806 0.459965 0.976021 0.468318
109 0.495806 0.459965 0.976021 0.468318
56 0.495806 0.459965 0.976021 0.468318
80 0.502043 0.454565 0.957312 0.46875
14 0.966667 0.0925979 0.0374193 0.101959
14 0.966667 0.0682604 0.0374193 0.0443548
76 0.495806 0.459965 0.976021 0.468318
84 0.493468 0.462846 0.97914 0.459101
103 0.497755 0.468318 0.962769 0.447005
95 0.493468 0.462846 0.97914 0.459101
56 0.504382 0.461694 0.952634 0.461405
0 0.966667 0.0666763 0.0405376 0.0384505
8 0.966667 0.0666763 0.0405376 0.0384505
14 0.966667 0.0666763 0.0405376 0.0384505
5 0.966667 0.0666763 0.0405376 0.0384505
16 0.966667 0.0666763 0.0405376 0.0384505
3 0.966667 0.0666763 0.0405376 0.0384505
7 0.966667 0.0666763 0.0405376 0.0384505
33 0.966667 0.0643721 0.0374193 0.0385945
18 0.966667 0.0666763 0.0405376 0.0384505
15 0.966667 0.0666763 0.0405376 0.0384505
109 0.498925 0.466086 0.966667 0.452621
7 0.966667 0.102283 0.0405376 0.118592
0 0.966667 0.102283 0.0405376 0.118592
14 0.966667 0.102283 0.0405376 0.118592
84 0.500484 0.464214 0.976021 0.447149
54 0.498925 0.453917 0.982258 0.463134
52 0.504382 0.447293 0.977581 0.470622
103 0.500484 0.464214 0.976021 0.447149
80 0.498925 0.453917 0.982258 0.463134
75 0.505161 0.448445 0.969785 0.484447
0 0.966667 0.0645881 0.034301 0.0380184
15 0.968226 0.0645161 0.034301 0.0380184
14 0.968226 0.0645161 0.034301 0.0380184
16 0.968226 0.0645161 0.034301 0.0380184
5 0.966667 0.0645881 0.034301 0.0380184
18 0.966667 0.0645881 0.034301 0.0380184
21 0.966667 0.0645881 0.034301 0.0380184
33 0.966667 0.0643721 0.034301 0.0391705
8 0.966667 0.0645881 0.034301 0.0380184
0 0.967446 0.0862615 0.0358602 0.0829493
11 0.966667 0.0645881 0.034301 0.0380184
20 0.966667 0.0645881 0.034301 0.0380184
33 0.967446 0.0862615 0.0358602 0.0829493
3 0.966667 0.0645881 0.034301 0.0380184
33 0.966667 0.0752448 0.034301 0.0600518
7 0.966667 0.0645881 0.034301 0.0380184
5 0.967446 0.0862615 0.0358602 0.0829493
32 0.966667 0.0645881 0.034301 0.0380184
84 0.494247 0.455357 0.972903 0.470622
0 0.965107 0.0653802 0.0374193 0.0348502
8 0.965107 0.0653802 0.0374193 0.0348502
75 0.494247 0.455357 0.972903 0.470622
54 0.492688 0.455933 0.977581 0.467166
103 0.494247 0.454421 0.972903 0.467886
8 0.966667 0.0684764 0.0374193 0.0580357
33 0.965107 0.0653802 0.0374193 0.0348502
0 0.966667 0.0684764 0.0374193 0.0580357
14 0.965107 0.0653802 0.0374193 0.0348502
33 0.966667 0.0684764 0.0374193 0.0580357
5 0.965107 0.0653802 0.0374193 0.0348502
7 0.965107 0.0653802 0.0374193 0.0348502
16 0.965107 0.0653802 0.0374193 0.0348502
109 0.494247 0.454421 0.972903 0.467886
7 0.966667 0.0684764 0.0374193 0.0580357
17 0.965107 0.0653802 0.0374193 0.0348502
25 0.965107 0.0653802 0.0374193 0.0348502
21 0.965107 0.0653802 0.0374193 0.0348502
18 0.965107 0.0653802 0.0374193 0.0348502
15 0.965107 0.0653802 0.0374193 0.0348502
80 0.492688 0.455933 0.977581 0.467166
20 0.965107 0.0653802 0.0374193 0.0348502
6 0.965107 0.0653802 0.0374193 0.0348502
24 0.965107 0.0653802 0.0374193 0.0348502
109 0.502043 0.0718606 0.972903 0.143721
32 0.965107 0.0653802 0.0374193 0.0348502
14 0.965887 0.0769009 0.0374194 0.0705645
3 0.965107 0.0653802 0.0374193 0.0348502
5 0.966667 0.0684764 0.0374193 0.0580357
10 0.965107 0.0649481 0.0374193 0.0351382
14 0.964328 0.0648041 0.0374194 0.0587558
7 0.966667 0.0982143 0.0374193 0.125864
25 0.966667 0.0684764 0.0374193 0.0580357
16 0.964328 0.0648041 0.0374194 0.0587558
6 0.964328 0.0648041 0.0374194 0.0587558
84 0.503212 0.454493 0.975242 0.459677
103 0.502043 0.453341 0.985376 0.463134
54 0.509839 0.454421 0.969785 0.472494
95 0.502043 0.456221 0.986935 0.464286
56 0.502043 0.456221 0.986935 0.464286
52 0.5075 0.453053 0.972903 0.466014
80 0.504771 0.457301 0.976801 0.466734
103 0.502823 0.452477 0.961989 0.478687
84 0.494637 0.456797 0.979919 0.47235
95 0.503602 0.455141 0.963548 0.475662
84 0.499704 0.453917 0.977581 0.471198
103 0.501263 0.452837 0.983817 0.472206
95 0.499704 0.453917 0.977581 0.471198
0 0.967446 0.0634361 0.0358602 0.0329781
109 0.501263 0.452837 0.983817 0.472206
75 0.502043 0.453413 0.985376 0.472206
14 0.966667 0.0636521 0.034301 0.0328341
0 0.966667 0.0801411 0.0374193 0.0756048
14 0.966667 0.0801411 0.0374193 0.0756048
7 0.966667 0.0636521 0.034301 0.0328341
14 0.966667 0.0670363 0.0358603 0.0450749
16 0.0270413 0.539747 0.0472614 0.0506912
7 0.966667 0.0801411 0.0374193 0.0756048
7 0.966667 0.0694844 0.034301 0.0568836
15 0.988495 0.490783 0.0171505 0.0437788
8 0.966667 0.0636521 0.034301 0.0328341
15 0.0270413 0.539747 0.0472614 0.0506912
7 0.967446 0.12356 0.0389785 0.181452
84 0.689919 0.453989 0.592473 0.465294
16 0.988495 0.490783 0.0171505 0.0437788
14 0.967446 0.12356 0.0389785 0.181452
84 0.490739 0.460253 0.976801 0.455069
0 0.966667 0.0655962 0.0374193 0.0371544
103 0.493468 0.460901 0.97914 0.449165
8 0.966667 0.0655962 0.0374193 0.0371544
15 0.986156 0.490783 0.0155913 0.0576037
14 0.967446 0.0641561 0.0327419 0.0348502
16 0.986156 0.490783 0.0155913 0.0576037
15 0.967446 0.0641561 0.0327419 0.0348502
18 0.967446 0.0641561 0.0327419 0.0348502
18 0.969785 0.0578917 0.0249462 0.0254896
0 0.966667 0.0596198 0.0311828 0.0267857
109 0.487231 0.458453 0.974462 0.474798
16 0.967446 0.0641561 0.0327419 0.0348502
15 0.969785 0.0578917 0.0249462 0.0254896
15 0.983817 0.488479 0.0187097 0.0483871
18 0.986156 0.492224 0.0171506 0.0506912
17 0.967446 0.0641561 0.0327419 0.0348502
16 0.983817 0.488479 0.0187097 0.0483871
54 0.500484 0.455573 0.96043 0.47019
24 0.966667 0.0655962 0.0374193 0.0371544
16 0.985376 0.49856 0.0202688 0.0541475
84 0.491129 0.465438 0.968226 0.450461
103 0.498925 0.456869 0.977581 0.473358
75 0.498925 0.456869 0.977581 0.473358
84 0.492298 0.457877 0.975242 0.457517
54 0.502043 0.455141 0.954194 0.472206
103 0.496586 0.457949 0.977581 0.471198
75 0.496586 0.457949 0.977581 0.471198
52 0.492688 0.460829 0.976021 0.455069
53 0.502043 0.455141 0.954194 0.472206
109 0.496586 0.457949 0.977581 0.471198
84 0.493078 0.461117 0.976801 0.460253
54 0.501263 0.456149 0.957312 0.467886
52 0.491909 0.456725 0.980699 0.462126
111 0.501263 0.459965 0.955753 0.461406
75 0.501263 0.459965 0.955753 0.461406
53 0.491909 0.456725 0.980699 0.462126
97 0.501263 0.459965 0.955753 0.461406
84 0.504771 0.452693 0.958091 0.463278
54 0.491909 0.455717 0.977581 0.464142
109 0.490739 0.456509 0.981478 0.457949
111 0.493468 0.457085 0.977581 0.459101
95 0.490739 0.456509 0.981478 0.457949
52 0.493468 0.457085 0.977581 0.459101
56 0.491909 0.455717 0.977581 0.464142
103 0.491909 0.455717 0.977581 0.464142
75 0.503602 0.455717 0.96043 0.46299
53 0.491909 0.455717 0.977581 0.464142
80 0.491909 0.455717 0.977581 0.464142
14 0.966667 0.0652362 0.0389785 0.0388825
67 0.493468 0.457085 0.977581 0.459101
0 0.966667 0.0652362 0.0389785 0.0388825
84 0.510618 0.456293 0.961989 0.472206
95 0.517634 0.454781 0.935484 0.46947
103 0.509059 0.456797 0.961989 0.467742
0 0.966667 0.0650202 0.0389785 0.0339862
18 0.966667 0.0658122 0.0374193 0.0345622
14 0.966667 0.0650202 0.0389785 0.0339862
80 0.498925 0.454493 0.969785 0.471198
17 0.966667 0.0652362 0.0374193 0.0348502
8 0.966667 0.0650202 0.0389785 0.0339862
109 0.517634 0.454781 0.935484 0.46947
54 0.498925 0.454493 0.969785 0.471198
84 0.50828 0.454205 0.96043 0.46947
103 0.500094 0.462558 0.976801 0.457373
0 0.966667 0.0652362 0.0374193 0.0385945
18 0.966667 0.0652362 0.0374193 0.0385945
7 0.966667 0.0678283 0.0374193 0.0480991
14 0.966667 0.0652362 0.0374193 0.0385945
8 0.966667 0.0651642 0.0389785 0.0410426
14 0.966667 0.0700605 0.0358603 0.0548675
19 0.966667 0.0658122 0.0358603 0.0391705
5 0.966667 0.0651642 0.0389785 0.0410426
17 0.966667 0.0652362 0.0374193 0.0385945
15 0.966667 0.0652362 0.0374193 0.0385945
3 0.966667 0.0651642 0.0389785 0.0410426
24 0.966667 0.0652362 0.0374193 0.0385945
18 0.966667 0.0700605 0.0358603 0.0548675
95 0.498925 0.456509 0.980699 0.466014
33 0.966667 0.0640121 0.0374193 0.0380184
26 0.966667 0.0678283 0.0374193 0.0480991
16 0.966667 0.0652362 0.0374193 0.0385945
7 0.966667 0.0845334 0.0374193 0.103975
25 0.966667 0.0651642 0.0389785 0.0410426
23 0.966667 0.0658122 0.0358603 0.0391705
109 0.498925 0.456509 0.980699 0.466014
10 0.966667 0.0652362 0.0374193 0.0385945
84 0.50672 0.460253 0.957312 0.455069
56 0.498145 0.455717 0.972903 0.469902
103 0.50672 0.464574 0.958871 0.452189
111 0.498145 0.455717 0.972903 0.469902
95 0.497366 0.463062 0.977581 0.457517
109 0.50672 0.464574 0.958871 0.452189
84 0.67121 0.455933 0.633011 0.467166
84 0.504771 0.455645 0.954973 0.464286
56 0.484892 0.460829 0.965108 0.456221
103 0.505161 0.458813 0.96043 0.459101
109 0.493078 0.459677 0.975242 0.458525
0 0.966667 0.0634361 0.034301 0.0326901
80 0.505161 0.458813 0.96043 0.459101
95 0.505161 0.458813 0.96043 0.459101
67 0.484892 0.460829 0.965108 0.456221
54 0.498925 0.456509 0.972903 0.464862
75 0.493078 0.459677 0.975242 0.458525
52 0.505161 0.458813 0.96043 0.459101
84 0.498535 0.456149 0.976801 0.465582
103 0.50672 0.457301 0.96043 0.459821
0 0.966667 0.0637241 0.034301 0.0328341
67 0.494247 0.460757 0.976021 0.455213
56 0.50672 0.457301 0.96043 0.459821
0 0.968226 0.0722926 0.034301 0.0524193
84 0.503602 0.454781 0.966667 0.46947
103 0.50828 0.452477 0.957312 0.46947
80 0.497366 0.454781 0.976021 0.466014
52 0.497366 0.451901 0.976021 0.468318
84 0.496976 0.454565 0.973683 0.466446
103 0.492298 0.462846 0.981478 0.452189
0 0.967446 0.0695564 0.0358602 0.0492511
84 0.500484 0.454781 0.976021 0.468318
103 0.496586 0.462558 0.986935 0.457373
95 0.497755 0.459389 0.984597 0.456797
56 0.496586 0.462558 0.986935 0.457373
84 0.500094 0.455933 0.976801 0.46947
103 0.497366 0.463422 0.985376 0.447581
109 0.500094 0.455933 0.976801 0.46947
0 0.966667 0.0649481 0.0358603 0.0336982
84 0.500484 0.455645 0.97914 0.467742
103 0.495806 0.464574 0.97914 0.452189
109 0.505551 0.461333 0.95965 0.457517
84 0.494637 0.456221 0.979919 0.471198
56 0.496586 0.455357 0.974462 0.459101
95 0.505161 0.453917 0.957312 0.47235
103 0.505161 0.453917 0.957312 0.47235
109 0.494247 0.453917 0.980699 0.473502
67 0.496586 0.455357 0.974462 0.459101
0 0.965107 0.0667483 0.034301 0.0387385
84 0.502433 0.452693 0.976801 0.467886
103 0.5075 0.451685 0.961989 0.469902
109 0.502043 0.452189 0.977581 0.471198
0 0.965107 0.0658122 0.034301 0.0397465
84 0.496196 0.455357 0.973683 0.474078
109 0.496196 0.455717 0.979919 0.471054
103 0.498145 0.462558 0.974462 0.453917
0 0.965107 0.0652362 0.034301 0.0360023
95 0.496196 0.455717 0.979919 0.471054
56 0.498925 0.461406 0.974462 0.453917
14 0.965107 0.0652362 0.034301 0.0360023
18 0.965887 0.0640841 0.0343011 0.0334101
84 0.501263 0.456797 0.974462 0.474654
109 0.505941 0.455357 0.966667 0.471774
0 0.965107 0.0648041 0.034301 0.0385945
103 0.498535 0.459389 0.979919 0.455645
95 0.506331 0.451613 0.958091 0.478111
56 0.498535 0.459389 0.979919 0.455645
18 0.966667 0.0648041 0.0311828 0.0377304
14 0.965107 0.0648041 0.034301 0.0385945
33 0.965107 0.0648041 0.034301 0.0385945
7 0.966667 0.0673963 0.034301 0.0437788
16 0.966667 0.0645161 0.034301 0.0354263
24 0.966667 0.0645161 0.034301 0.0354263
15 0.966667 0.0645161 0.034301 0.0354263
23 0.966667 0.0648041 0.0311828 0.0377304
84 0.509839 0.451901 0.968226 0.468318
0 0.965107 0.0637961 0.032742 0.0342742
103 0.509059 0.456509 0.968226 0.462558
109 0.502823 0.454421 0.977581 0.465582
18 0.968226 0.0645161 0.034301 0.0354263
33 0.965107 0.0637961 0.032742 0.0342742
14 0.968226 0.0645161 0.034301 0.0354263
16 0.968226 0.0645161 0.034301 0.0354263
95 0.509449 0.452477 0.967446 0.466014
84 0.501263 0.455069 0.976021 0.46659
0 0.965887 0.0641561 0.0343011 0.0352823
56 0.498925 0.456221 0.985376 0.457373
103 0.5075 0.455933 0.965108 0.464862
109 0.5075 0.455933 0.965108 0.464862
84 0.504382 0.457661 0.974462 0.461406
0 0.966667 0.0648041 0.034301 0.0360023
18 0.968226 0.0668203 0.0358602 0.0408986
84 0.5075 0.456509 0.963548 0.468318
0 0.966667 0.0640841 0.0374193 0.0334101
33 0.966667 0.0640841 0.0374193 0.0334101
84 0.504382 0.455933 0.965107 0.466014
84 0.5075 0.454205 0.969785 0.468318
56 0.502043 0.459677 0.985376 0.456221
52 0.502043 0.459677 0.985376 0.456221
111 0.502043 0.459677 0.985376 0.456221
109 0.50672 0.457661 0.972903 0.466014
84 0.50711 0.454565 0.962769 0.467598
109 0.50789 0.459389 0.970564 0.46371
103 0.50789 0.459389 0.970564 0.46371
56 0.501263 0.459173 0.980699 0.453773
84 0.506331 0.452765 0.962769 0.46659
111 0.498145 0.463638 0.980699 0.449453
67 0.496586 0.460253 0.977581 0.450461
56 0.498145 0.463638 0.980699 0.449453
109 0.505161 0.457301 0.966667 0.460973
0 0.965887 0.0633641 0.0358602 0.0362903
84 0.504382 0.457373 0.965107 0.463134
0 0.966667 0.0637241 0.0358603 0.0372984
111 0.495806 0.46191 0.97914 0.454061
67 0.494247 0.458525 0.971344 0.453917
56 0.495806 0.46191 0.97914 0.454061
109 0.496196 0.457661 0.981478 0.464862
84 0.504382 0.455141 0.961989 0.464142
0 0.966667 0.0641561 0.0358603 0.0387385
56 0.495417 0.461982 0.979919 0.451613
103 0.495417 0.461982 0.979919 0.451613
109 0.504382 0.459029 0.963548 0.458669
0 0.967446 0.0709245 0.0343011 0.0548675
84 0.502043 0.454781 0.976021 0.464862
109 0.502043 0.457661 0.97914 0.466014
56 0.497366 0.463134 0.983817 0.451613
103 0.497366 0.463134 0.983817 0.451613
67 0.497366 0.458021 0.97914 0.453773
111 0.497366 0.463134 0.983817 0.451613
0 0.966667 0.0642281 0.034301 0.0455069
84 0.503992 0.454565 0.976801 0.465294
109 0.502823 0.456509 0.980699 0.46947
0 0.965887 0.0648041 0.0358602 0.0429147
56 0.499314 0.458237 0.981478 0.456797
103 0.499314 0.46371 0.984597 0.452765
84 0.503602 0.455141 0.976021 0.466446
103 0.506331 0.457949 0.967446 0.463134
109 0.501263 0.456725 0.980699 0.466734
0 0.966667 0.0659562 0.0374193 0.0408986
56 0.498925 0.459677 0.97914 0.453917
84 0.504382 0.456221 0.976021 0.465438
109 0.501263 0.457877 0.97914 0.466734
0 0.966667 0.0644441 0.0358603 0.0381624
103 0.506331 0.458021 0.967446 0.464142
84 0.499704 0.459101 0.980699 0.458525
109 0.503212 0.457445 0.97836 0.46875
0 0.966667 0.0649481 0.0358603 0.0371544
103 0.50672 0.457661 0.966667 0.466014
7 0.966667 0.0649481 0.0358603 0.0371544
84 0.50672 0.453989 0.968226 0.466446
0 0.966667 0.0659562 0.034301 0.0411866
18 0.966667 0.0699885 0.034301 0.0506912
7 0.966667 0.0699885 0.034301 0.0506912
103 0.5075 0.458021 0.968226 0.465294
33 0.966667 0.0699885 0.034301 0.0506912
109 0.503602 0.458453 0.977581 0.466734
84 0.509059 0.456509 0.955753 0.466014
0 0.966667 0.0659562 0.0358603 0.0397465
18 0.966667 0.0671083 0.034301 0.0436348
33 0.966667 0.0676843 0.034301 0.047379
7 0.966667 0.0671083 0.034301 0.0436348
84 0.50789 0.457301 0.956532 0.467886
0 0.966667 0.0652362 0.0358603 0.0380184
18 0.966667 0.0658122 0.034301 0.0406106
33 0.966667 0.0657402 0.034301 0.0427707
7 0.966667 0.0648041 0.0358603 0.0368664
15 0.966667 0.0648041 0.0358603 0.0368664
14 0.966667 0.0652362 0.0358603 0.0380184
8 0.966667 0.0652362 0.0358603 0.0380184
109 0.502823 0.459101 0.976021 0.465438
7 0.967446 0.0708525 0.0358602 0.0564516
16 0.966667 0.0648041 0.0358603 0.0368664
10 0.966667 0.0652362 0.0358603 0.0380184
84 0.509059 0.456869 0.952634 0.471054
0 0.967446 0.0646601 0.0358602 0.0380184
33 0.966667 0.0655962 0.034301 0.0426267
18 0.966667 0.0665323 0.034301 0.0417627
7 0.966667 0.0665323 0.034301 0.0417627
15 0.966667 0.0650202 0.034301 0.0372984
109 0.511008 0.457445 0.951855 0.469902
14 0.966667 0.0665323 0.034301 0.0417627
10 0.967446 0.0646601 0.0358602 0.0380184
84 0.500484 0.456797 0.976021 0.465438
0 0.966667 0.0649481 0.0374193 0.0394585
18 0.966667 0.0664602 0.034301 0.0424827
33 0.966667 0.0652362 0.034301 0.0383065
7 0.966667 0.0664602 0.034301 0.0424827
16 0.966667 0.0664602 0.034301 0.0424827
14 0.966667 0.0664602 0.034301 0.0424827
33 0.966667 0.0697005 0.0374193 0.0509793
15 0.966667 0.0652362 0.034301 0.0383065
11 0.966667 0.0664602 0.034301 0.0424827
23 0.966667 0.0664602 0.034301 0.0424827
8 0.966667 0.0664602 0.034301 0.0424827
10 0.966667 0.0649481 0.0374193 0.0394585
84 0.50672 0.458453 0.963548 0.462126
0 0.966667 0.0652362 0.0358603 0.0388825
18 0.966667 0.0665323 0.032742 0.0429147
33 0.966667 0.0665323 0.032742 0.0429147
14 0.966667 0.0665323 0.032742 0.0429147
7 0.966667 0.0665323 0.032742 0.0429147
16 0.966667 0.0665323 0.032742 0.0429147
15 0.966667 0.0650922 0.034301 0.0380184
11 0.966667 0.0665323 0.032742 0.0429147
23 0.966667 0.0665323 0.032742 0.0429147
8 0.966667 0.0665323 0.032742 0.0429147
10 0.966667 0.0652362 0.0358603 0.0388825
19 0.966667 0.0665323 0.032742 0.0429147
84 0.505941 0.458021 0.965107 0.461838
0 0.966667 0.0653802 0.034301 0.0394585
18 0.966667 0.0675403 0.034301 0.0455069
33 0.966667 0.0653802 0.034301 0.0394585
67 0.496976 0.460541 0.983038 0.449885
14 0.966667 0.0675403 0.034301 0.0455069
15 0.966667 0.0653802 0.034301 0.0394585
7 0.966667 0.0675403 0.034301 0.0455069
16 0.966667 0.0675403 0.034301 0.0455069
11 0.966667 0.0675403 0.034301 0.0455069
23 0.966667 0.0675403 0.034301 0.0455069
8 0.966667 0.0675403 0.034301 0.0455069
84 0.498145 0.455141 0.977581 0.459533
18 0.966667 0.0681884 0.034301 0.0478111
0 0.966667 0.0653082 0.034301 0.0403226
33 0.967446 0.0662442 0.0343011 0.0452189
56 0.50672 0.453053 0.963548 0.462558
84 0.505941 0.456797 0.965107 0.459677
56 0.506331 0.452693 0.964328 0.462126
0 0.967446 0.0655242 0.0358602 0.0400346
18 0.966667 0.0678283 0.034301 0.046659
33 0.967446 0.0656682 0.0343011 0.0434908
84 0.498145 0.454565 0.977581 0.461838
56 0.506331 0.455645 0.965887 0.461982
0 0.967446 0.0652362 0.0358602 0.0391705
18 0.966667 0.0672523 0.034301 0.0443548
84 0.510228 0.455357 0.947177 0.46371
56 0.5075 0.455141 0.968226 0.464142
0 0.966667 0.0648041 0.034301 0.0385945
84 0.50711 0.451613 0.969005 0.46659
56 0.499704 0.457085 0.986935 0.457949
0 0.967446 0.0649481 0.0358602 0.0400346
33 0.966667 0.0649481 0.034301 0.0426267
84 0.50789 0.451901 0.970564 0.466014
56 0.500094 0.457085 0.987715 0.457949
0 0.966667 0.0650202 0.0374193 0.0398905
18 0.966667 0.0660282 0.034301 0.0439228
33 0.966667 0.0650202 0.0374193 0.0398905
84 0.50789 0.452261 0.970564 0.464142
18 0.966667 0.0665323 0.034301 0.0446429
56 0.499704 0.457373 0.988495 0.456221
0 0.966667 0.0653802 0.0374193 0.0403226
109 0.502823 0.455573 0.97914 0.46443
33 0.966667 0.0653802 0.0374193 0.0403226
84 0.50828 0.453341 0.969785 0.463134
18 0.967446 0.0667483 0.0343011 0.0442108
0 0.966667 0.0658122 0.0374193 0.0400346
56 0.500484 0.457085 0.988495 0.457949
33 0.966667 0.0658122 0.0374193 0.0400346
109 0.503992 0.455933 0.97836 0.46371
84 0.508669 0.453629 0.970564 0.46371
18 0.967446 0.0672523 0.0343011 0.0460829
0 0.966667 0.0653802 0.0374193 0.0403226
109 0.504382 0.455933 0.977581 0.46371
33 0.966667 0.0661002 0.0374193 0.0411866
56 0.509059 0.456149 0.971344 0.460973
84 0.50828 0.453845 0.969785 0.463278
18 0.967446 0.0671083 0.0343011 0.0460829
0 0.966667 0.0655242 0.0374193 0.0407546
109 0.503602 0.456221 0.977581 0.464286
33 0.967446 0.0671083 0.0343011 0.0460829
84 0.5075 0.453629 0.968226 0.46371
18 0.967446 0.0658122 0.0343011 0.0437788
0 0.966667 0.0652362 0.0374193 0.0397465
84 0.50828 0.453629 0.969785 0.464862
18 0.967446 0.0654522 0.0343011 0.0424827
0 0.967446 0.0650922 0.0374193 0.0385945
84 0.508669 0.453629 0.969005 0.464862
18 0.967446 0.0662442 0.0343011 0.0436348
0 0.967446 0.0653802 0.0374193 0.0391705
84 0.50828 0.453413 0.968226 0.465294
18 0.967446 0.0665323 0.0343011 0.0443548
0 0.966667 0.0653802 0.0374193 0.0391705
84 0.508669 0.453629 0.969005 0.464862
0 0.967446 0.0653802 0.0374193 0.0391705
18 0.967446 0.0671083 0.0343011 0.0457949
84 0.50828 0.453845 0.968226 0.46443
0 0.966667 0.0653802 0.0374193 0.0391705
18 0.967446 0.0673963 0.0343011 0.046371
84 0.50789 0.453917 0.967446 0.464286
0 0.966667 0.0653082 0.0374193 0.0394585
18 0.966667 0.0676843 0.034301 0.046947
84 0.5075 0.453341 0.968226 0.464286
0 0.966667 0.0653802 0.0374193 0.0394585
18 0.966667 0.0682604 0.034301 0.0483871
84 0.5075 0.453341 0.968226 0.464286
0 0.966667 0.0653082 0.0374193 0.0397465
18 0.966667 0.0688364 0.034301 0.0498272
84 0.5075 0.453053 0.968226 0.464862
0 0.966667 0.0653082 0.0358603 0.0398905
18 0.966667 0.0687644 0.034301 0.0496832
84 0.50789 0.452477 0.969005 0.466014
0 0.966667 0.0653802 0.0358603 0.0400346
18 0.966667 0.0686204 0.034301 0.0493952
84 0.50828 0.452189 0.969785 0.46659
0 0.966667 0.0653082 0.0358603 0.0398905
18 0.966667 0.0686924 0.034301 0.0492511
84 0.50828 0.452189 0.969785 0.46659
0 0.966667 0.0650922 0.0358603 0.0397465
18 0.966667 0.0685484 0.034301 0.0492512
84 0.50828 0.451901 0.969785 0.467166
0 0.966667 0.0650202 0.0358603 0.0398905
18 0.966667 0.0683324 0.034301 0.0488191
84 0.50828 0.451901 0.969785 0.468318
0 0.966667 0.0649481 0.0358603 0.0400346
18 0.966667 0.0678283 0.034301 0.0480991
84 0.50828 0.451613 0.969785 0.468894
0 0.966667 0.0648041 0.0358603 0.0400346
18 0.966667 0.0672523 0.034301 0.047235
84 0.50828 0.451541 0.969785 0.469038
0 0.966667 0.0649481 0.0358603 0.0403226
18 0.966667 0.0669643 0.034301 0.046371
84 0.5075 0.451541 0.969785 0.469038
0 0.966667 0.0649481 0.034301 0.0404666
18 0.966667 0.0667483 0.034301 0.046227
84 0.50789 0.451325 0.969005 0.46947
0 0.966667 0.0650922 0.034301 0.0406106
18 0.966667 0.0670363 0.034301 0.046947
84 0.5075 0.451325 0.968226 0.46947
0 0.966667 0.0650922 0.034301 0.0408986
18 0.966667 0.0670363 0.034301 0.047091
84 0.5075 0.451613 0.968226 0.470046
0 0.966667 0.0652362 0.034301 0.0411866
18 0.966667 0.0671083 0.034301 0.047235
84 0.5075 0.451613 0.968226 0.470046
0 0.966667 0.0652362 0.034301 0.0411866
18 0.966667 0.0668923 0.034301 0.046803
84 0.5075 0.451613 0.968226 0.470046
0 0.966667 0.0653082 0.034301 0.0413306
18 0.966667 0.0665323 0.034301 0.0460829
84 0.5075 0.451613 0.968226 0.470046
0 0.966667 0.0653802 0.034301 0.0414747
18 0.966667 0.0662442 0.034301 0.0452189
84 0.5075 0.451613 0.968226 0.470046
0 0.966667 0.0654522 0.034301 0.0414747
18 0.966667 0.0661002 0.034301 0.0449309
84 0.5075 0.451901 0.968226 0.470622
0 0.966667 0.0654522 0.034301 0.0413306
18 0.966667 0.0659562 0.034301 0.0444988
84 0.50711 0.451901 0.969005 0.470622
0 0.966667 0.0654522 0.034301 0.0413306
18 0.966667 0.0659562 0.034301 0.0443548
84 0.50711 0.451901 0.969005 0.470622
0 0.966667 0.0654522 0.034301 0.0413306
18 0.966667 0.0658122 0.034301 0.0440668
84 0.50711 0.451901 0.969005 0.470622
0 0.966667 0.0654522 0.034301 0.0413306
18 0.966667 0.0656682 0.034301 0.0437788
84 0.50711 0.451901 0.969005 0.470622
0 0.966667 0.0653802 0.034301 0.0411866
18 0.966667 0.0655242 0.034301 0.0437788
84 0.50711 0.451901 0.969005 0.470622
0 0.966667 0.0653802 0.034301 0.0411866
18 0.966667 0.0653802 0.034301 0.0434908
84 0.50711 0.451901 0.969005 0.470622
0 0.966667 0.0653802 0.034301 0.0411866
18 0.966667 0.0653802 0.034301 0.0434908
84 0.50711 0.451901 0.969005 0.470622
0 0.966667 0.0653082 0.034301 0.0410426
18 0.966667 0.0652362 0.034301 0.0432028
84 0.50672 0.451685 0.969785 0.471054
0 0.966667 0.0652362 0.034301 0.0408986
18 0.966667 0.0650922 0.034301 0.0429147
84 0.50672 0.451613 0.969785 0.471198
0 0.966667 0.0652362 0.034301 0.0407546
18 0.966667 0.0649481 0.034301 0.0424827
84 0.50672 0.451541 0.969785 0.47019
0 0.966667 0.0652362 0.034301 0.0406106
18 0.966667 0.0648041 0.034301 0.0423387
84 0.50672 0.451541 0.969785 0.47019
0 0.966667 0.0652362 0.034301 0.0406106
18 0.966667 0.0648041 0.034301 0.0420507
84 0.50672 0.451541 0.969785 0.47019
0 0.966667 0.0652362 0.034301 0.0406106
18 0.966667 0.0646601 0.034301 0.0417627
84 0.50672 0.451685 0.969785 0.471054
0 0.966667 0.0652362 0.034301 0.0406106
18 0.966667 0.0646601 0.034301 0.0417627
84 0.50672 0.451541 0.969785 0.47019
0 0.966667 0.0652362 0.034301 0.0406106
18 0.966667 0.0645161 0.034301 0.0414746
84 0.50672 0.451685 0.969785 0.471054
0 0.966667 0.0652362 0.034301 0.0403226
18 0.966667 0.0645161 0.034301 0.0411866
84 0.50672 0.451325 0.969785 0.470622
0 0.966667 0.0652362 0.034301 0.0403226
18 0.966667 0.0644441 0.034301 0.0411866
84 0.50672 0.451613 0.969785 0.471198
0 0.966667 0.0652362 0.034301 0.0403226
18 0.966667 0.0644441 0.034301 0.0413306
84 0.503602 0.454493 0.972903 0.471198
0 0.966667 0.0652362 0.034301 0.0403226
18 0.966667 0.0644441 0.034301 0.0411866
84 0.503602 0.454493 0.972903 0.471198
0 0.966667 0.0652362 0.034301 0.0403226
18 0.966667 0.0645161 0.034301 0.0411866
84 0.5075 0.452189 0.968226 0.471198
0 0.966667 0.0652362 0.034301 0.0403226
18 0.966667 0.0643721 0.034301 0.0411866
84 0.5075 0.452189 0.968226 0.471198
0 0.966667 0.0652362 0.034301 0.0403226
18 0.966667 0.0643721 0.034301 0.0411866
33 0.966667 0.0643721 0.034301 0.0411866
84 0.5075 0.452189 0.968226 0.471198
0 0.966667 0.0651642 0.034301 0.0404666
18 0.966667 0.0644441 0.034301 0.0413306
33 0.966667 0.0644441 0.034301 0.0413306
84 0.5075 0.452189 0.968226 0.471198
0 0.966667 0.0652362 0.034301 0.0403226
18 0.966667 0.0643721 0.034301 0.0414746
33 0.966667 0.0643721 0.034301 0.0414746
84 0.5075 0.452261 0.968226 0.471054
0 0.966667 0.0652362 0.034301 0.0403226
18 0.966667 0.0643721 0.034301 0.0414746
33 0.966667 0.0643721 0.034301 0.0414746
84 0.5075 0.452261 0.968226 0.471054
0 0.966667 0.0652362 0.034301 0.0403226
18 0.966667 0.0643721 0.034301 0.0413306
33 0.966667 0.0643721 0.034301 0.0413306
84 0.5075 0.452261 0.968226 0.471054
0 0.966667 0.0652362 0.034301 0.0403226
18 0.966667 0.0643721 0.034301 0.0414746
33 0.966667 0.0643721 0.034301 0.0414746
84 0.5075 0.452261 0.968226 0.471054
0 0.966667 0.0652362 0.034301 0.0403226
18 0.967446 0.0643721 0.0327419 0.0414746
33 0.967446 0.0643721 0.0327419 0.0414746
84 0.5075 0.452261 0.968226 0.471054
0 0.966667 0.0651642 0.0358603 0.0403226
18 0.966667 0.0643001 0.034301 0.0413306
33 0.966667 0.0643001 0.034301 0.0413306
84 0.5075 0.452261 0.968226 0.471054
0 0.966667 0.0652362 0.0358603 0.0403226
18 0.967446 0.0643721 0.0327419 0.0414746
33 0.967446 0.0643721 0.0327419 0.0414746
84 0.50711 0.452261 0.969005 0.471054
0 0.966667 0.0652362 0.0358603 0.0403226
18 0.967446 0.0643721 0.0327419 0.0414746
33 0.967446 0.0643721 0.0327419 0.0414746
84 0.50711 0.452477 0.969005 0.470622
0 0.966667 0.0652362 0.0358603 0.0403226
18 0.967446 0.0643721 0.0327419 0.0414746
33 0.967446 0.0643721 0.0327419 0.0414746
84 0.50711 0.452477 0.969005 0.470622
0 0.966667 0.0653082 0.0358603 0.0403226
18 0.967446 0.0643721 0.0327419 0.0414746
33 0.967446 0.0643721 0.0327419 0.0414746
84 0.50672 0.452477 0.969785 0.470622
0 0.966667 0.0652362 0.0358603 0.0403226
18 0.966667 0.0644441 0.034301 0.0414747
33 0.966667 0.0644441 0.034301 0.0414747
84 0.50672 0.452477 0.969785 0.470622
0 0.966667 0.0652362 0.0358603 0.0403226
18 0.966667 0.0644441 0.034301 0.0414747
33 0.966667 0.0644441 0.034301 0.0414747
84 0.50672 0.452477 0.969785 0.470622
0 0.966667 0.0652362 0.0358603 0.0403226
18 0.966667 0.0644441 0.034301 0.0414747
33 0.966667 0.0644441 0.034301 0.0414747
84 0.50672 0.452261 0.969785 0.471054
0 0.966667 0.0653082 0.0358603 0.0401786
18 0.966667 0.0643721 0.034301 0.0413306
33 0.966667 0.0643721 0.034301 0.0413306
84 0.50672 0.452477 0.969785 0.470622
0 0.966667 0.0652362 0.0358603 0.0403226
18 0.966667 0.0643721 0.034301 0.0413306
33 0.966667 0.0643721 0.034301 0.0413306
84 0.50672 0.452477 0.969785 0.470622
0 0.966667 0.0653082 0.0358603 0.0401786
18 0.966667 0.0643721 0.034301 0.0411866
33 0.966667 0.0643721 0.034301 0.0411866
84 0.50711 0.452261 0.969005 0.471054
0 0.966667 0.0653082 0.0358603 0.0401786
18 0.966667 0.0643001 0.034301 0.0413306
33 0.966667 0.0643001 0.034301 0.0413306
84 0.50672 0.452261 0.969785 0.471054
0 0.966667 0.0653082 0.0358603 0.0401786
18 0.966667 0.0643001 0.034301 0.0413306
33 0.966667 0.0643001 0.034301 0.0413306
84 0.50672 0.452261 0.969785 0.471054
0 0.966667 0.0653082 0.0358603 0.0403226
18 0.966667 0.0643001 0.034301 0.0413306
33 0.966667 0.0643001 0.034301 0.0413306
84 0.5075 0.452261 0.969785 0.471054
0 0.966667 0.0653802 0.0358603 0.0403226
18 0.966667 0.0643001 0.034301 0.0413306
33 0.966667 0.0643001 0.034301 0.0413306
84 0.50672 0.452477 0.969785 0.470622
0 0.966667 0.0653802 0.0358603 0.0403226
18 0.966667 0.0643721 0.034301 0.0414746
33 0.966667 0.0643721 0.034301 0.0414746
84 0.5075 0.452477 0.969785 0.470622
0 0.966667 0.0653802 0.0358603 0.0406106
18 0.966667 0.0643721 0.034301 0.0414746
33 0.966667 0.0643721 0.034301 0.0414746
84 0.5075 0.452477 0.969785 0.470622
0 0.966667 0.0653802 0.0358603 0.0406106
18 0.966667 0.0643721 0.034301 0.0414746
33 0.966667 0.0643721 0.034301 0.0414746
84 0.5075 0.452477 0.969785 0.470622
0 0.966667 0.0654522 0.0358603 0.0406106
18 0.966667 0.0644441 0.034301 0.0416187
33 0.966667 0.0644441 0.034301 0.0416187
84 0.5075 0.452477 0.969785 0.470622
0 0.966667 0.0653802 0.0358603 0.0406106
18 0.966667 0.0644441 0.034301 0.0414747
33 0.966667 0.0644441 0.034301 0.0414747
84 0.5075 0.452477 0.969785 0.470622
0 0.966667 0.0654522 0.0358603 0.0407546
18 0.966667 0.0644441 0.034301 0.0416187
33 0.966667 0.0644441 0.034301 0.0416187
84 0.5075 0.452477 0.971344 0.470622
0 0.966667 0.0654522 0.0358603 0.0407546
18 0.966667 0.0644441 0.034301 0.0416187
33 0.966667 0.0644441 0.034301 0.0416187
84 0.5075 0.452765 0.971344 0.471198
0 0.966667 0.0654522 0.0358603 0.0407546
18 0.966667 0.0644441 0.034301 0.0416187
33 0.966667 0.0644441 0.034301 0.0416187
84 0.5075 0.452693 0.971344 0.47019
0 0.966667 0.0654522 0.0358603 0.0407546
18 0.966667 0.0644441 0.034301 0.0416187
33 0.966667 0.0644441 0.034301 0.0416187
84 0.5075 0.452837 0.971344 0.471054
0 0.966667 0.0654522 0.0358603 0.0407546
18 0.966667 0.0643721 0.034301 0.0417627
33 0.966667 0.0643721 0.034301 0.0417627
84 0.5075 0.452837 0.971344 0.471054
0 0.966667 0.0654522 0.0358603 0.0407546
18 0.966667 0.0643721 0.034301 0.0416187
33 0.966667 0.0643721 0.034301 0.0416187
84 0.50789 0.453053 0.970564 0.470622
0 0.966667 0.0653802 0.0358603 0.0407546
18 0.966667 0.0643001 0.034301 0.0414747
33 0.966667 0.0643001 0.034301 0.0414747
84 0.50789 0.453053 0.970564 0.470622
0 0.966667 0.0653802 0.0358603 0.0408986
18 0.966667 0.0643721 0.034301 0.0414746
33 0.966667 0.0643721 0.034301 0.0414746
84 0.50789 0.453053 0.970564 0.470622
0 0.966667 0.0653802 0.0358603 0.0408986
18 0.966667 0.0643721 0.034301 0.0414746
33 0.966667 0.0643721 0.034301 0.0414746
84 0.50789 0.453053 0.970564 0.470622
0 0.966667 0.0653802 0.0358603 0.0408986
18 0.966667 0.0643001 0.034301 0.0416187
84 0.50789 0.453341 0.970564 0.471198
0 0.966667 0.0653802 0.0358603 0.0408986
18 0.966667 0.0643721 0.034301 0.0417627
84 0.5075 0.453053 0.971344 0.470622
0 0.966667 0.0653802 0.0358603 0.0408986
18 0.966667 0.0643001 0.034301 0.0416187
84 0.5075 0.453053 0.971344 0.470622
0 0.966667 0.0653802 0.0358603 0.0408986
18 0.966667 0.0642281 0.034301 0.0414746
84 0.5075 0.453341 0.971344 0.471198
0 0.966667 0.0653082 0.0358603 0.0410426
18 0.966667 0.0642281 0.034301 0.0414746
84 0.5075 0.453053 0.971344 0.470622
0 0.966667 0.0653082 0.0358603 0.0410426
18 0.966667 0.0642281 0.034301 0.0414746
84 0.5075 0.453053 0.971344 0.470622
0 0.966667 0.0653802 0.0358603 0.0408986
18 0.966667 0.0642281 0.034301 0.0416187
84 0.5075 0.453341 0.971344 0.471198
0 0.966667 0.0653802 0.0358603 0.0408986
18 0.966667 0.0643001 0.034301 0.0417627
84 0.5075 0.453053 0.971344 0.470622
0 0.966667 0.0653802 0.0358603 0.0411866
18 0.966667 0.0643721 0.034301 0.0417627
84 0.5075 0.453341 0.971344 0.471198
0 0.966667 0.0653802 0.0358603 0.0411866
18 0.966667 0.0644441 0.034301 0.0419067
84 0.5075 0.453053 0.971344 0.470622
0 0.966667 0.0653802 0.0358603 0.0411866
18 0.966667 0.0645161 0.034301 0.0420507
84 0.5075 0.453341 0.971344 0.471198
0 0.966667 0.0654522 0.0358603 0.0413306
18 0.966667 0.0645161 0.034301 0.0420507
84 0.5075 0.453053 0.971344 0.470622
0 0.966667 0.0654522 0.0358603 0.0413306
18 0.966667 0.0645881 0.034301 0.0421947
84 0.5075 0.453053 0.971344 0.470622
0 0.966667 0.0655242 0.0358603 0.0414747
18 0.966667 0.0646601 0.034301 0.0421947
84 0.5075 0.453341 0.971344 0.471198
0 0.966667 0.0655242 0.0358603 0.0414747
18 0.966667 0.0646601 0.034301 0.0423387
84 0.5075 0.453053 0.971344 0.470622
0 0.966667 0.0655242 0.0358603 0.0414747
18 0.966667 0.0646601 0.034301 0.0423387
84 0.5075 0.453053 0.971344 0.470622
0 0.966667 0.0654522 0.0358603 0.0413306
18 0.966667 0.0646601 0.034301 0.0423387
84 0.5075 0.453053 0.971344 0.470622
0 0.966667 0.0654522 0.0358603 0.0413306
18 0.966667 0.0645881 0.034301 0.0420507
84 0.5075 0.453053 0.971344 0.470622
0 0.966667 0.0654522 0.0358603 0.0413306
18 0.966667 0.0645161 0.034301 0.0420507
84 0.5075 0.453053 0.971344 0.470622
0 0.966667 0.0654522 0.0358603 0.0413306
18 0.966667 0.0644441 0.034301 0.0419067
84 0.5075 0.453341 0.971344 0.471198
0 0.966667 0.0654522 0.0358603 0.0414747
18 0.966667 0.0644441 0.034301 0.0419067
84 0.5075 0.453269 0.971344 0.47019
0 0.966667 0.0654522 0.0358603 0.0414747
18 0.966667 0.0643721 0.034301 0.0417627
84 0.5075 0.453413 0.971344 0.471054
0 0.966667 0.0655242 0.0358603 0.0414747
18 0.966667 0.0643721 0.034301 0.0417627
84 0.50711 0.453341 0.972124 0.470046
0 0.966667 0.0655242 0.0358603 0.0414747
18 0.966667 0.0643721 0.034301 0.0417627
84 0.5075 0.453629 0.971344 0.470622
0 0.966667 0.0654522 0.0358603 0.0416187
18 0.966667 0.0643001 0.034301 0.0417627
84 0.50672 0.453341 0.971344 0.470046
0 0.966667 0.0655242 0.0358603 0.0417627
84 0.50672 0.453341 0.971344 0.470046
0 0.966667 0.0655242 0.0358603 0.0414747
84 0.50672 0.453629 0.971344 0.470622
0 0.966667 0.0655242 0.0358603 0.0417627
84 0.506331 0.453845 0.970564 0.47019
0 0.966667 0.0655242 0.0358603 0.0417627
84 0.505941 0.453629 0.971344 0.46947
0 0.966667 0.0655242 0.0358603 0.0417627
84 0.505941 0.453629 0.971344 0.46947
0 0.966667 0.0655242 0.0358603 0.0417627
84 0.50672 0.453917 0.971344 0.470046
0 0.966667 0.0654522 0.0358603 0.0417627
84 0.50672 0.453917 0.971344 0.470046
0 0.966667 0.0653802 0.0358603 0.0417627
84 0.505941 0.453917 0.971344 0.470046
0 0.966667 0.0653802 0.0358603 0.0417627
84 0.505941 0.453917 0.971344 0.470046
0 0.966667 0.0653802 0.0358603 0.0417627
84 0.505941 0.453917 0.971344 0.470046
0 0.966667 0.0654522 0.0358603 0.0419067
84 0.505941 0.454205 0.971344 0.46947
0 0.966667 0.0655242 0.0358603 0.0420507
84 0.505941 0.453917 0.971344 0.470046
0 0.966667 0.0655242 0.0358603 0.0420507
84 0.505941 0.453989 0.971344 0.469902
0 0.966667 0.0655242 0.0358603 0.0420507
84 0.505941 0.454205 0.971344 0.46947
0 0.966667 0.0655242 0.0358603 0.0420507
84 0.505941 0.453989 0.971344 0.469902
0 0.966667 0.0655242 0.0358603 0.0420507
84 0.505941 0.454205 0.971344 0.46947
0 0.966667 0.0655242 0.0358603 0.0420507
84 0.505941 0.454205 0.971344 0.46947
0 0.966667 0.0655242 0.0358603 0.0420507
84 0.505941 0.454205 0.971344 0.46947
0 0.966667 0.0655242 0.0358603 0.0420507
84 0.505941 0.454205 0.971344 0.46947
0 0.966667 0.0655242 0.0358603 0.0420507
84 0.505941 0.454205 0.971344 0.46947
0 0.966667 0.0655242 0.0374193 0.0421947
84 0.505941 0.454205 0.971344 0.46947
0 0.966667 0.0655242 0.0374193 0.0423387
84 0.505941 0.454205 0.971344 0.46947
0 0.966667 0.0655242 0.0374193 0.0423387
84 0.505941 0.454205 0.971344 0.46947
0 0.966667 0.0655242 0.0374193 0.0423387
84 0.505941 0.454205 0.971344 0.46947
0 0.966667 0.0655242 0.0374193 0.0426267
84 0.505941 0.454205 0.971344 0.46947
0 0.966667 0.0655242 0.0374193 0.0426267
84 0.505941 0.454205 0.971344 0.46947
0 0.966667 0.0655242 0.0374193 0.0426267
84 0.505941 0.454421 0.971344 0.469038
0 0.966667 0.0655242 0.0374193 0.0426267
84 0.50672 0.454421 0.971344 0.469038
0 0.966667 0.0655242 0.0374193 0.0429147
84 0.505941 0.454421 0.971344 0.469038
0 0.966667 0.0655242 0.0374193 0.0429147
84 0.50672 0.454493 0.971344 0.468894
0 0.966667 0.0655242 0.0374193 0.0429147
84 0.50672 0.454493 0.971344 0.468894
0 0.966667 0.0655242 0.0374193 0.0429147
84 0.505941 0.454493 0.971344 0.468894
0 0.966667 0.0655242 0.0374193 0.0430587
84 0.50672 0.454565 0.971344 0.46875
0 0.966667 0.0655242 0.0374193 0.0429147
84 0.505941 0.454781 0.971344 0.468318
0 0.966667 0.0655962 0.0374193 0.0430588
84 0.50672 0.454565 0.971344 0.46875
0 0.966667 0.0655962 0.0374193 0.0430588
84 0.506331 0.454781 0.970564 0.468318
0 0.966667 0.0655962 0.0374193 0.0430588
84 0.50672 0.454781 0.971344 0.468318
0 0.966667 0.0655962 0.0374193 0.0430588
84 0.50672 0.454781 0.971344 0.468318
0 0.966667 0.0656682 0.0374193 0.0429147
84 0.50672 0.454997 0.971344 0.467886
0 0.966667 0.0656682 0.0374193 0.0429147
84 0.50672 0.454997 0.971344 0.467886
0 0.966667 0.0656682 0.0374193 0.0429147
84 0.50672 0.455069 0.971344 0.467742
0 0.966667 0.0656682 0.0374193 0.0429147
84 0.50672 0.455069 0.971344 0.467742
0 0.966667 0.0656682 0.0374193 0.0429147
84 0.50672 0.455069 0.971344 0.467742
0 0.966667 0.0656682 0.0374193 0.0429147
84 0.50672 0.455069 0.971344 0.467742
0 0.966667 0.0657402 0.0374193 0.0427707
84 0.50672 0.455069 0.971344 0.467742
0 0.966667 0.0657402 0.0374193 0.0427707
84 0.50672 0.455069 0.971344 0.467742
0 0.966667 0.0657402 0.0374193 0.0427707
84 0.50672 0.455069 0.971344 0.467742
0 0.966667 0.0657402 0.0374193 0.0427707
84 0.50672 0.455069 0.971344 0.467742
0 0.966667 0.0658122 0.0374193 0.0427707
84 0.50672 0.455357 0.971344 0.468318
0 0.966667 0.0658122 0.0374193 0.0426267
84 0.50711 0.455357 0.972124 0.468318
0 0.966667 0.0658122 0.0374193 0.0426267
84 0.50711 0.455357 0.972124 0.468318
0 0.966667 0.0658122 0.0374193 0.0426267
84 0.50711 0.455357 0.972124 0.468318
0 0.966667 0.0658122 0.0374193 0.0426267
84 0.50711 0.455573 0.972124 0.467886
0 0.966667 0.0658842 0.0374193 0.0424827
84 0.50711 0.455645 0.972124 0.467742
0 0.966667 0.0658842 0.0374193 0.0424827
84 0.50711 0.455645 0.972124 0.467742
0 0.966667 0.0659562 0.0374193 0.0423387
84 0.50711 0.455645 0.972124 0.467742
0 0.966667 0.0659562 0.0374193 0.0423387
84 0.5075 0.455645 0.971344 0.467742
0 0.966667 0.0659562 0.0374193 0.0423387
84 0.5075 0.455645 0.971344 0.467742
0 0.966667 0.0659562 0.0374193 0.0423387
84 0.5075 0.455645 0.971344 0.467742
0 0.966667 0.0659562 0.0374193 0.0423387
84 0.5075 0.455645 0.971344 0.467742
0 0.966667 0.0660282 0.0374193 0.0423387
84 0.5075 0.455645 0.971344 0.467742
0 0.966667 0.0660282 0.0374193 0.0421947
84 0.50711 0.455645 0.972124 0.467742
0 0.966667 0.0660282 0.0374193 0.0421947
84 0.50711 0.455645 0.972124 0.467742
0 0.966667 0.0660282 0.0374193 0.0421947
84 0.50711 0.455645 0.972124 0.467742
0 0.966667 0.0660282 0.0374193 0.0421947
84 0.50711 0.455717 0.972124 0.467598
0 0.966667 0.0661002 0.0374193 0.0420507
84 0.50711 0.455717 0.972124 0.467598
0 0.966667 0.0661002 0.0374193 0.0420507
84 0.5075 0.455717 0.971344 0.467598
0 0.966667 0.0661002 0.0374193 0.0420507
84 0.5075 0.455717 0.971344 0.467598
0 0.966667 0.0661002 0.0374193 0.0420507
84 0.5075 0.455717 0.971344 0.467598
0 0.966667 0.0661002 0.0374193 0.0420507
84 0.5075 0.455933 0.971344 0.467166
0 0.966667 0.0661002 0.0374193 0.0420507
84 0.5075 0.455933 0.971344 0.467166
0 0.966667 0.0661002 0.0374193 0.0420507
84 0.5075 0.455933 0.971344 0.467166
0 0.966667 0.0660282 0.0374193 0.0421947
84 0.5075 0.455933 0.971344 0.467166
0 0.966667 0.0661002 0.0374193 0.0420507
84 0.5075 0.455933 0.971344 0.467166
0 0.966667 0.0661002 0.0374193 0.0420507
84 0.5075 0.455933 0.971344 0.467166
0 0.966667 0.0661002 0.0374193 0.0420507
84 0.5075 0.456149 0.971344 0.466734
0 0.966667 0.0660282 0.0374193 0.0420507
84 0.5075 0.456149 0.971344 0.466734
0 0.966667 0.0659562 0.0374193 0.0420507
84 0.5075 0.456293 0.971344 0.467598
0 0.966667 0.0659562 0.0374193 0.0420507
84 0.5075 0.456221 0.971344 0.467742
0 0.966667 0.0659562 0.0374193 0.0420507
84 0.5075 0.456221 0.971344 0.46659
0 0.966667 0.0659562 0.0374193 0.0420507
84 0.5075 0.456149 0.971344 0.466734
0 0.966667 0.0659562 0.0374193 0.0417627
84 0.5075 0.456221 0.971344 0.46659
0 0.966667 0.0659562 0.0374193 0.0417627
84 0.5075 0.456509 0.971344 0.467166
0 0.966667 0.0659562 0.0374193 0.0417627
84 0.5075 0.456221 0.971344 0.46659
0 0.966667 0.0659562 0.0374193 0.0417627
84 0.5075 0.456725 0.971344 0.466734
0 0.966667 0.0659562 0.0374193 0.0417627
84 0.5075 0.456725 0.971344 0.466734
0 0.966667 0.0659562 0.0374193 0.0417627
84 0.5075 0.456797 0.971344 0.46659
0 0.966667 0.0659562 0.0374193 0.0414747
84 0.5075 0.456797 0.971344 0.46659
0 0.966667 0.0659562 0.0374193 0.0414747
84 0.5075 0.456797 0.971344 0.46659
0 0.966667 0.0659562 0.0374193 0.0414747
84 0.5075 0.456797 0.971344 0.46659
0 0.966667 0.0659562 0.0374193 0.0414747
84 0.5075 0.456797 0.971344 0.46659
0 0.966667 0.0659562 0.0374193 0.0413306
84 0.5075 0.456797 0.971344 0.46659
0 0.966667 0.0659562 0.0374193 0.0411866
84 0.5075 0.456869 0.971344 0.466446
0 0.966667 0.0659562 0.0374193 0.0411866
84 0.5075 0.456869 0.971344 0.466446
0 0.966667 0.0659562 0.0374193 0.0411866
84 0.5075 0.456797 0.971344 0.46659
0 0.966667 0.0659562 0.0374193 0.0411866
84 0.5075 0.456797 0.971344 0.46659
0 0.966667 0.0659562 0.0374193 0.0410426
84 0.5075 0.456797 0.971344 0.46659
0 0.966667 0.0659562 0.0374193 0.0410426
84 0.5075 0.456869 0.971344 0.466446
0 0.966667 0.0659562 0.0374193 0.0410426
84 0.5075 0.456869 0.971344 0.466446
0 0.966667 0.0659562 0.0374193 0.0408986
84 0.5075 0.457085 0.971344 0.466014
0 0.966667 0.0659562 0.0374193 0.0408986
84 0.5075 0.456869 0.971344 0.466446
0 0.966667 0.0659562 0.0358603 0.0408986
84 0.5075 0.457085 0.971344 0.466014
0 0.966667 0.0659562 0.0358603 0.0408986
84 0.5075 0.457085 0.971344 0.466014
0 0.966667 0.0659562 0.0358603 0.0407546
84 0.5075 0.457085 0.971344 0.466014
0 0.966667 0.0659562 0.0358603 0.0406106
84 0.5075 0.457085 0.971344 0.466014
0 0.966667 0.0659562 0.0358603 0.0406106
84 0.5075 0.457301 0.971344 0.465582
0 0.966667 0.0659562 0.0358603 0.0406106
84 0.50828 0.456797 0.971344 0.465438
0 0.966667 0.0659562 0.0358603 0.0404666
84 0.5075 0.456869 0.971344 0.465294
0 0.966667 0.0659562 0.0358603 0.0404666
84 0.5075 0.456869 0.971344 0.465294
0 0.966667 0.0659562 0.0358603 0.0403226
84 0.5075 0.456797 0.971344 0.465438
0 0.966667 0.0659562 0.0358603 0.0403226
84 0.5075 0.457301 0.971344 0.465582
0 0.966667 0.0659562 0.0358603 0.0403226
84 0.5075 0.457301 0.971344 0.465582
0 0.966667 0.0659562 0.0358603 0.0403226
84 0.50789 0.457301 0.972124 0.465582
0 0.966667 0.0659562 0.0358603 0.0403226
84 0.5075 0.457373 0.971344 0.465438
0 0.966667 0.0659562 0.0358603 0.0403226
84 0.5075 0.457373 0.971344 0.465438
0 0.966667 0.0659562 0.0358603 0.0403226
84 0.5075 0.457373 0.971344 0.465438
0 0.966667 0.0659562 0.0358603 0.0403226
84 0.5075 0.457373 0.971344 0.465438
0 0.966667 0.0659562 0.0358603 0.0403226
84 0.5075 0.457373 0.971344 0.465438
0 0.966667 0.0659562 0.0358603 0.0403226
84 0.5075 0.457373 0.971344 0.465438
0 0.966667 0.0659562 0.034301 0.0403226
84 0.505941 0.454205 0.971344 0.46947
0 0.966667 0.0655242 0.0374193 0.0421947
