48 0.504397 0.479263 0.968192 0.33871
50 0.504397 0.479263 0.968192 0.33871
101 0.48839 0.46947 0.96585 0.357143
95 0.48839 0.46947 0.96585 0.357143
49 0.48839 0.46947 0.96585 0.357143
68 0.498931 0.477535 0.988493 0.342166
67 0.48839 0.46947 0.96585 0.357143
54 0.498931 0.477535 0.988493 0.342166
53 0.499712 0.479839 0.983808 0.337558
84 0.498931 0.477535 0.988493 0.342166
102 0.504397 0.479263 0.968192 0.33871
109 0.504397 0.479263 0.968192 0.33871
75 0.504397 0.479263 0.968192 0.33871
103 0.498931 0.477535 0.988493 0.342166
17 0.498931 0.477535 0.988493 0.342166
79 0.498931 0.477535 0.988493 0.342166
104 0.48839 0.46947 0.96585 0.357143
100 0.48839 0.46947 0.96585 0.357143
76 0.493466 0.455933 0.961946 0.381912
111 0.504397 0.479263 0.968192 0.33871
46 0.48839 0.46947 0.96585 0.357143
47 0.503616 0.483007 0.972877 0.333525
77 0.504397 0.479263 0.968192 0.33871
110 0.48839 0.46947 0.96585 0.357143
97 0.498931 0.477535 0.988493 0.342166
99 0.490342 0.471198 0.965069 0.353687
66 0.504397 0.479263 0.968192 0.33871
81 0.503616 0.483007 0.972877 0.333525
56 0.48839 0.46947 0.96585 0.357143
74 0.48839 0.46947 0.96585 0.357143
73 0.499712 0.483295 0.98537 0.330645
108 0.504397 0.479263 0.968192 0.33871
31 0.498931 0.477535 0.988493 0.342166
7 0.48839 0.46947 0.96585 0.357143
42 0.484486 0.454781 0.931494 0.38076
0 0.48839 0.46947 0.96585 0.357143
38 0.48839 0.46947 0.96585 0.357143
33 0.48839 0.46947 0.96585 0.357143
51 0.48839 0.46947 0.96585 0.357143
14 0.498931 0.477535 0.988493 0.342166
16 0.48839 0.46947 0.96585 0.357143
80 0.498931 0.477535 0.988493 0.342166
15 0.48839 0.46947 0.96585 0.357143
105 0.499712 0.483295 0.98537 0.330645
5 0.498931 0.477535 0.988493 0.342166
28 0.498931 0.477535 0.988493 0.342166
26 0.498931 0.477535 0.988493 0.342166
50 0.427878 0.432892 0.804224 0.335829
11 0.48839 0.46947 0.96585 0.357143
2 0.504397 0.479263 0.968192 0.33871
48 0.412653 0.433756 0.773773 0.341014
41 0.498931 0.477535 0.988493 0.342166
88 0.48839 0.46947 0.96585 0.357143
4 0.503616 0.483007 0.972877 0.333525
12 0.489562 0.466014 0.969754 0.362903
94 0.490342 0.471198 0.965069 0.353687
50 0.597312 0.502592 0.768307 0.285138
34 0.489562 0.466014 0.969754 0.362903
78 0.506739 0.484735 0.96663 0.327765
65 0.48839 0.46947 0.96585 0.357143
13 0.504397 0.479263 0.968192 0.33871
48 0.597312 0.502592 0.768307 0.285138
55 0.493466 0.455933 0.961946 0.381912
92 0.48839 0.46947 0.96585 0.357143
21 0.493466 0.455933 0.961946 0.381912
52 0.499712 0.483295 0.98537 0.330645
8 0.493466 0.455933 0.961946 0.381912
64 0.48839 0.46947 0.96585 0.357143
72 0.503616 0.483007 0.972877 0.333525
101 0.412653 0.433756 0.773773 0.341014
36 0.489562 0.466014 0.969754 0.362903
101 0.597312 0.502592 0.768307 0.285138
109 0.412653 0.433756 0.773773 0.341014
79 0.412653 0.433756 0.773773 0.341014
104 0.412653 0.433756 0.773773 0.341014
49 0.412653 0.433756 0.773773 0.341014
22 0.506739 0.484735 0.96663 0.327765
24 0.484486 0.454781 0.931494 0.38076
73 0.441152 0.44182 0.835456 0.360599
67 0.412653 0.433756 0.773773 0.341014
68 0.597312 0.502592 0.768307 0.285138
68 0.427878 0.432892 0.804224 0.335829
111 0.412653 0.433756 0.773773 0.341014
62 0.498931 0.477535 0.988493 0.342166
50 0.500883 0.468318 0.979904 0.37212
48 0.457549 0.46515 0.89792 0.406106
46 0.491904 0.460541 0.961946 0.385369
101 0.491904 0.460541 0.961946 0.385369
68 0.467699 0.462846 0.926029 0.389977
49 0.500883 0.468318 0.979904 0.37212
111 0.457549 0.46515 0.89792 0.406106
110 0.491904 0.460541 0.961946 0.385369
67 0.477459 0.457949 0.94711 0.395161
100 0.491904 0.460541 0.961946 0.385369
102 0.477459 0.457949 0.94711 0.395161
50 0.387374 0.475518 0.74625 0.424539
47 0.477459 0.457949 0.94711 0.395161
99 0.500883 0.468318 0.979904 0.37212
95 0.491904 0.460541 0.961946 0.385369
109 0.457549 0.46515 0.89792 0.406106
75 0.500883 0.468318 0.979904 0.37212
111 0.493466 0.876152 0.971315 0.247696
73 0.477459 0.457949 0.94711 0.395161
50 0.499322 0.87788 0.984589 0.24424
53 0.457549 0.46515 0.89792 0.406106
77 0.457549 0.46515 0.89792 0.406106
50 0.195395 0.458525 0.365805 0.388249
49 0.387374 0.475518 0.74625 0.424539
76 0.491904 0.460541 0.961946 0.385369
103 0.467699 0.462846 0.926029 0.389977
52 0.491904 0.460541 0.961946 0.385369
51 0.457549 0.46515 0.89792 0.406106
84 0.457549 0.46515 0.89792 0.406106
46 0.493466 0.876152 0.971315 0.247696
48 0.493466 0.876152 0.971315 0.247696
101 0.493466 0.876152 0.971315 0.247696
68 0.493466 0.876152 0.971315 0.247696
48 0.314467 0.489919 0.596922 0.453341
110 0.493466 0.876152 0.971315 0.247696
48 0.487219 0.366359 0.952576 0.584101
49 0.195395 0.458525 0.365805 0.388249
54 0.500883 0.468318 0.979904 0.37212
56 0.500883 0.468318 0.979904 0.37212
50 0.508979 0.922235 0.982042 0.15553
48 0.195395 0.458525 0.365805 0.388249
50 0.501274 0.367512 0.980685 0.580645
49 0.493466 0.876152 0.971315 0.247696
46 0.314467 0.489919 0.596922 0.453341
99 0.493466 0.876152 0.971315 0.247696
73 0.493466 0.876152 0.971315 0.247696
76 0.493466 0.876152 0.971315 0.247696
109 0.493466 0.876152 0.971315 0.247696
111 0.487219 0.366359 0.952576 0.584101
99 0.387374 0.475518 0.74625 0.424539
97 0.491904 0.460541 0.961946 0.385369
80 0.457549 0.46515 0.89792 0.406106
100 0.493466 0.876152 0.971315 0.247696
104 0.500883 0.468318 0.979904 0.37212
95 0.493466 0.876152 0.971315 0.247696
46 0.195395 0.458525 0.365805 0.388249
48 0.431392 0.908122 0.862784 0.183756
101 0.195395 0.458525 0.365805 0.388249
102 0.499322 0.87788 0.984589 0.24424
66 0.457549 0.46515 0.89792 0.406106
75 0.499322 0.87788 0.984589 0.24424
77 0.499322 0.87788 0.984589 0.24424
101 0.314467 0.489919 0.596922 0.453341
50 0.394402 0.910426 0.788413 0.179148
47 0.314467 0.489919 0.596922 0.453341
75 0.387374 0.475518 0.74625 0.424539
50 0.570662 0.943836 0.858675 0.112327
46 0.501274 0.367512 0.980685 0.580645
105 0.457549 0.46515 0.89792 0.406106
88 0.493856 0.455357 0.975219 0.396889
68 0.314467 0.489919 0.596922 0.453341
67 0.314467 0.489919 0.596922 0.453341
51 0.493466 0.876152 0.971315 0.247696
67 0.493466 0.876152 0.971315 0.247696
110 0.314467 0.489919 0.596922 0.453341
110 0.487219 0.366359 0.952576 0.584101
68 0.431392 0.908122 0.862784 0.183756
101 0.501274 0.367512 0.980685 0.580645
52 0.314467 0.489919 0.596922 0.453341
68 0.487219 0.366359 0.952576 0.584101
50 0.142789 0.471774 0.266838 0.418203
38 0.467699 0.462846 0.926029 0.389977
52 0.501274 0.367512 0.980685 0.580645
54 0.499322 0.87788 0.984589 0.24424
100 0.314467 0.489919 0.596922 0.453341
100 0.195395 0.458525 0.365805 0.388249
46 0.508979 0.922235 0.982042 0.15553
49 0.508979 0.922235 0.982042 0.15553
46 0.394402 0.910426 0.788413 0.179148
42 0.44935 0.46659 0.881523 0.396313
109 0.487219 0.366359 0.952576 0.584101
84 0.493466 0.876152 0.971315 0.247696
104 0.499322 0.87788 0.984589 0.24424
99 0.487219 0.366359 0.952576 0.584101
73 0.314467 0.489919 0.596922 0.453341
110 0.195395 0.458525 0.365805 0.388249
68 0.570662 0.943836 0.858675 0.112327
99 0.502054 0.919931 0.98537 0.160138
41 0.500883 0.468318 0.979904 0.37212
51 0.314467 0.489919 0.596922 0.453341
17 0.500883 0.468318 0.979904 0.37212
49 0.501274 0.367512 0.980685 0.580645
50 0.495027 0.367584 0.990054 0.585109
50 0.485658 0.486823 0.96663 0.504464
49 0.495027 0.367584 0.990054 0.585109
49 0.485658 0.486823 0.96663 0.504464
50 0.486048 0.601959 0.970534 0.702765
100 0.494246 0.335541 0.988493 0.671083
100 0.485658 0.486823 0.96663 0.504464
50 0.496979 0.487903 0.98615 0.351382
51 0.494246 0.335541 0.988493 0.671083
48 0.495027 0.367584 0.990054 0.585109
48 0.485658 0.486823 0.96663 0.504464
46 0.495027 0.367584 0.990054 0.585109
51 0.485658 0.486823 0.96663 0.504464
46 0.485658 0.486823 0.96663 0.504464
49 0.486048 0.601959 0.970534 0.702765
76 0.495027 0.367584 0.990054 0.585109
49 0.496979 0.487903 0.98615 0.351382
73 0.494246 0.335541 0.988493 0.671083
68 0.502835 0.358943 0.971315 0.589718
99 0.49737 0.333525 0.976 0.667051
47 0.494246 0.335541 0.988493 0.671083
100 0.486048 0.601959 0.970534 0.702765
48 0.486048 0.601959 0.970534 0.702765
76 0.485658 0.486823 0.96663 0.504464
99 0.485658 0.486823 0.96663 0.504464
47 0.485658 0.486823 0.96663 0.504464
46 0.486048 0.601959 0.970534 0.702765
73 0.485658 0.486823 0.96663 0.504464
68 0.495808 0.516129 0.988493 0.532258
50 0.483315 0.185628 0.96663 0.371256
75 0.49737 0.333525 0.976 0.667051
101 0.502835 0.358943 0.971315 0.589718
48 0.493466 0.411866 0.980685 0.823733
51 0.486048 0.601959 0.970534 0.702765
50 0.493466 0.411866 0.980685 0.823733
48 0.49737 0.237759 0.979123 0.475518
100 0.496979 0.487903 0.98615 0.351382
101 0.485658 0.486823 0.96663 0.504464
48 0.496979 0.487903 0.98615 0.351382
46 0.496979 0.487903 0.98615 0.351382
68 0.494246 0.182748 0.988493 0.365495
49 0.483315 0.185628 0.96663 0.371256
46 0.493466 0.411866 0.980685 0.823733
49 0.493466 0.411866 0.980685 0.823733
75 0.485658 0.486823 0.96663 0.504464
50 0.485658 0.28197 0.971315 0.56394
50 0.432563 0.430876 0.865126 0.336406
51 0.496979 0.487903 0.98615 0.351382
97 0.494246 0.335541 0.988493 0.671083
68 0.496979 0.487903 0.98615 0.351382
101 0.494246 0.182748 0.988493 0.365495
99 0.486048 0.601959 0.970534 0.702765
47 0.486048 0.601959 0.970534 0.702765
100 0.483315 0.185628 0.96663 0.371256
50 0.499712 0.0658122 0.971315 0.131624
50 0.482534 0.716446 0.965069 0.567108
50 0.495808 0.104767 0.988493 0.209533
50 0.272304 0.612759 0.544608 0.698445
68 0.495027 0.389977 0.980685 0.779954
76 0.486048 0.601959 0.970534 0.702765
68 0.495418 0.595478 0.989273 0.786002
51 0.495027 0.22307 0.990054 0.446141
73 0.486048 0.601959 0.970534 0.702765
110 0.495027 0.367584 0.990054 0.585109
101 0.496979 0.487903 0.98615 0.351382
49 0.432563 0.430876 0.865126 0.336406
48 0.495808 0.104767 0.988493 0.209533
77 0.502835 0.358943 0.971315 0.589718
101 0.486048 0.601959 0.970534 0.702765
49 0.485658 0.28197 0.971315 0.56394
46 0.49737 0.237759 0.979123 0.475518
102 0.494246 0.182748 0.988493 0.365495
49 0.272304 0.612759 0.544608 0.698445
25 0.485658 0.486823 0.96663 0.504464
48 0.499712 0.0658122 0.971315 0.131624
47 0.496979 0.487903 0.98615 0.351382
76 0.493466 0.411866 0.980685 0.823733
25 0.495027 0.367584 0.990054 0.585109
51 0.432563 0.430876 0.865126 0.336406
76 0.496979 0.487903 0.98615 0.351382
48 0.495418 0.729263 0.98615 0.541475
102 0.502835 0.358943 0.971315 0.589718
99 0.496979 0.487903 0.98615 0.351382
101 0.495027 0.389977 0.980685 0.779954
77 0.495808 0.516129 0.988493 0.532258
77 0.49737 0.237759 0.979123 0.475518
68 0.495808 0.104767 0.988493 0.209533
97 0.485658 0.486823 0.96663 0.504464
49 0.495808 0.104767 0.988493 0.209533
110 0.485658 0.486823 0.96663 0.504464
84 0.49737 0.333525 0.976 0.667051
68 0.499712 0.0658122 0.971315 0.131624
49 0.499712 0.0658122 0.971315 0.131624
53 0.49737 0.237759 0.979123 0.475518
73 0.496979 0.487903 0.98615 0.351382
52 0.494246 0.335541 0.988493 0.671083
109 0.494246 0.335541 0.988493 0.671083
76 0.49737 0.237759 0.979123 0.475518
53 0.495027 0.389977 0.980685 0.779954
17 0.495027 0.367584 0.990054 0.585109
47 0.483315 0.185628 0.96663 0.371256
17 0.485658 0.486823 0.96663 0.504464
110 0.495027 0.22307 0.990054 0.446141
100 0.499712 0.0658122 0.971315 0.131624
48 0.432563 0.430876 0.865126 0.336406
101 0.499712 0.0658122 0.971315 0.131624
102 0.495808 0.516129 0.988493 0.532258
48 0.272304 0.612759 0.544608 0.698445
52 0.485658 0.486823 0.96663 0.504464
100 0.495808 0.104767 0.988493 0.209533
73 0.49737 0.237759 0.979123 0.475518
67 0.49737 0.237759 0.979123 0.475518
101 0.495808 0.104767 0.988493 0.209533
50 0.152842 0.608295 0.305683 0.684332
88 0.485658 0.486823 0.96663 0.504464
46 0.432563 0.430876 0.865126 0.336406
100 0.495418 0.729263 0.98615 0.541475
77 0.495027 0.389977 0.980685 0.779954
51 0.272304 0.612759 0.544608 0.698445
109 0.49737 0.237759 0.979123 0.475518
88 0.495027 0.367584 0.990054 0.585109
77 0.496979 0.487903 0.98615 0.351382
50 0.600826 0.518145 0.77065 0.295507
68 0.495418 0.729263 0.98615 0.541475
102 0.496979 0.487903 0.98615 0.351382
75 0.496979 0.487903 0.98615 0.351382
49 0.482534 0.716446 0.965069 0.567108
110 0.495027 0.389977 0.980685 0.779954
46 0.272304 0.612759 0.544608 0.698445
51 0.502835 0.0596198 0.977562 0.11924
111 0.495027 0.309332 0.990054 0.618664
100 0.432563 0.430876 0.865126 0.336406
51 0.495808 0.104767 0.988493 0.209533
46 0.495418 0.729263 0.98615 0.541475
95 0.49737 0.237759 0.979123 0.475518
75 0.496198 0.217166 0.981466 0.434332
75 0.486048 0.601959 0.970534 0.702765
46 0.499712 0.0658122 0.971315 0.131624
53 0.495027 0.367584 0.990054 0.585109
99 0.496198 0.217166 0.981466 0.434332
102 0.499712 0.0658122 0.971315 0.131624
47 0.432563 0.430876 0.865126 0.336406
2 0.495027 0.367584 0.990054 0.585109
6 0.492685 0.536002 0.98537 0.552419
6 0.487219 0.383065 0.971315 0.605991
102 0.495808 0.104767 0.988493 0.209533
109 0.485658 0.486823 0.96663 0.504464
102 0.495027 0.389977 0.980685 0.779954
52 0.483315 0.185628 0.96663 0.371256
25 0.486048 0.601959 0.970534 0.702765
26 0.495027 0.367584 0.990054 0.585109
84 0.495027 0.22307 0.990054 0.446141
110 0.496979 0.487903 0.98615 0.351382
67 0.495027 0.389977 0.980685 0.779954
53 0.495808 0.104767 0.988493 0.209533
49 0.152842 0.608295 0.305683 0.684332
2 0.485658 0.486823 0.96663 0.504464
101 0.496979 0.74856 0.979904 0.50288
76 0.499712 0.0658122 0.971315 0.131624
100 0.242634 0.559332 0.485267 0.584101
46 0.495808 0.104767 0.988493 0.209533
50 0.492685 0.463134 0.969754 0.384793
49 0.492685 0.463134 0.969754 0.384793
110 0.495418 0.468318 0.970534 0.381336
101 0.495418 0.468318 0.970534 0.381336
76 0.495418 0.471774 0.973658 0.367512
100 0.495418 0.468318 0.970534 0.381336
47 0.492685 0.463134 0.969754 0.384793
48 0.505856 0.463134 0.988288 0.389401
68 0.503616 0.478111 0.952576 0.357143
102 0.499712 0.467454 0.952576 0.375
46 0.492685 0.463134 0.969754 0.384793
77 0.492685 0.463134 0.969754 0.384793
73 0.492685 0.463134 0.969754 0.384793
51 0.495418 0.468318 0.970534 0.381336
97 0.503616 0.478111 0.952576 0.357143
53 0.503616 0.478111 0.952576 0.357143
17 0.492685 0.463134 0.969754 0.384793
67 0.499712 0.467454 0.952576 0.375
95 0.492685 0.463134 0.969754 0.384793
99 0.503616 0.478111 0.952576 0.357143
48 0.496589 0.0766129 0.961946 0.153226
109 0.503616 0.478111 0.952576 0.357143
68 0.552806 0.43174 0.843264 0.472926
25 0.492685 0.463134 0.969754 0.384793
50 0.503616 0.376728 0.951014 0.543779
50 0.495027 0.456797 0.969754 0.406682
77 0.495027 0.456797 0.969754 0.406682
101 0.495027 0.456797 0.969754 0.406682
102 0.495027 0.456797 0.969754 0.406682
49 0.503226 0.463998 0.990835 0.422235
68 0.495027 0.456797 0.969754 0.406682
110 0.495027 0.456797 0.969754 0.406682
48 0.503226 0.463998 0.990835 0.422235
76 0.495027 0.456797 0.969754 0.406682
100 0.495027 0.456797 0.969754 0.406682
111 0.503226 0.463998 0.990835 0.422235
109 0.495027 0.456797 0.969754 0.406682
73 0.503226 0.463998 0.990835 0.422235
67 0.496589 0.458237 0.963507 0.418779
47 0.503226 0.463998 0.990835 0.422235
51 0.503226 0.463998 0.990835 0.422235
29 0.495027 0.456797 0.969754 0.406682
99 0.503226 0.463998 0.990835 0.422235
102 0.494246 0.512097 0.988493 0.284562
97 0.496589 0.458237 0.963507 0.418779
50 0.494246 0.512097 0.988493 0.284562
101 0.494246 0.512097 0.988493 0.284562
77 0.494246 0.512097 0.988493 0.284562
68 0.494246 0.512097 0.988493 0.284562
13 0.495027 0.456797 0.969754 0.406682
46 0.503226 0.463998 0.990835 0.422235
50 0.500102 0.442396 0.961165 0.421659
49 0.500102 0.442396 0.961165 0.421659
76 0.500102 0.442396 0.961165 0.421659
73 0.498931 0.438652 0.963507 0.423387
46 0.498931 0.438652 0.963507 0.423387
99 0.498931 0.438652 0.963507 0.423387
100 0.500102 0.442396 0.961165 0.421659
48 0.498931 0.438652 0.963507 0.423387
47 0.500102 0.442396 0.961165 0.421659
77 0.505958 0.459101 0.943206 0.380184
75 0.500102 0.442396 0.961165 0.421659
51 0.498931 0.438652 0.963507 0.423387
102 0.505958 0.459101 0.943206 0.380184
101 0.505958 0.459101 0.943206 0.380184
110 0.505958 0.459101 0.943206 0.380184
41 0.500102 0.442396 0.961165 0.421659
97 0.500102 0.442396 0.961165 0.421659
74 0.500102 0.442396 0.961165 0.421659
66 0.500102 0.442396 0.961165 0.421659
103 0.500102 0.442396 0.961165 0.421659
68 0.505958 0.459101 0.943206 0.380184
77 0.501274 0.383713 0.961946 0.542483
17 0.500102 0.442396 0.961165 0.421659
33 0.500102 0.442396 0.961165 0.421659
110 0.501274 0.383713 0.961946 0.542483
109 0.500102 0.442396 0.961165 0.421659
49 0.493466 0.458525 0.961946 0.384793
50 0.494246 0.447293 0.963507 0.409562
100 0.494246 0.447293 0.963507 0.409562
46 0.494246 0.447293 0.963507 0.409562
97 0.494246 0.447293 0.963507 0.409562
73 0.494246 0.447293 0.963507 0.409562
48 0.49737 0.458525 0.969754 0.384793
51 0.493466 0.458525 0.961946 0.384793
101 0.493466 0.458525 0.961946 0.384793
99 0.494246 0.447293 0.963507 0.409562
47 0.493466 0.458525 0.961946 0.384793
17 0.494246 0.447293 0.963507 0.409562
49 0.501274 0.371832 0.958822 0.567396
110 0.494246 0.447293 0.963507 0.409562
111 0.493466 0.458525 0.961946 0.384793
51 0.501274 0.371832 0.958822 0.567396
102 0.492685 0.453053 0.965069 0.398041
76 0.494246 0.447293 0.963507 0.409562
48 0.501274 0.371832 0.958822 0.567396
68 0.492685 0.453053 0.965069 0.398041
41 0.494246 0.447293 0.963507 0.409562
67 0.493466 0.458525 0.961946 0.384793
47 0.501274 0.371832 0.958822 0.567396
56 0.494246 0.447293 0.963507 0.409562
95 0.494246 0.447293 0.963507 0.409562
77 0.492685 0.453053 0.965069 0.398041
109 0.494246 0.447293 0.963507 0.409562
101 0.501274 0.371832 0.958822 0.567396
66 0.49776 0.4447 0.959603 0.417051
84 0.494246 0.447293 0.963507 0.409562
111 0.501274 0.371832 0.958822 0.567396
28 0.494246 0.447293 0.963507 0.409562
74 0.49776 0.4447 0.959603 0.417051
54 0.494246 0.447293 0.963507 0.409562
33 0.494246 0.447293 0.963507 0.409562
52 0.493466 0.458525 0.961946 0.384793
103 0.49776 0.4447 0.959603 0.417051
75 0.49776 0.4447 0.959603 0.417051
52 0.501274 0.371832 0.958822 0.567396
102 0.501274 0.371832 0.958822 0.567396
12 0.493466 0.458525 0.961946 0.384793
6 0.494246 0.447293 0.963507 0.409562
20 0.493466 0.458525 0.961946 0.384793
53 0.493466 0.458525 0.961946 0.384793
15 0.494246 0.447293 0.963507 0.409562
49 0.490342 0.465438 0.971315 0.388249
50 0.491123 0.464574 0.969754 0.38076
47 0.486438 0.46659 0.965069 0.387097
51 0.491123 0.464574 0.969754 0.38076
48 0.496589 0.455357 0.963507 0.404954
46 0.491123 0.464574 0.969754 0.38076
73 0.491123 0.464574 0.969754 0.38076
100 0.491123 0.464574 0.969754 0.38076
99 0.491123 0.464574 0.969754 0.38076
76 0.491123 0.464574 0.969754 0.38076
34 0.505466 0.466302 0.989069 0.385369
101 0.491123 0.464574 0.969754 0.38076
12 0.505466 0.466302 0.989069 0.385369
17 0.491123 0.464574 0.969754 0.38076
4 0.505466 0.466302 0.989069 0.385369
110 0.491123 0.464574 0.969754 0.38076
97 0.491123 0.464574 0.969754 0.38076
50 0.498931 0.460253 0.963507 0.383641
51 0.507027 0.460829 0.985946 0.37788
49 0.507027 0.460829 0.985946 0.37788
47 0.507027 0.460829 0.985946 0.37788
100 0.498931 0.460253 0.963507 0.383641
48 0.507027 0.460829 0.985946 0.37788
46 0.507027 0.460829 0.985946 0.37788
76 0.498931 0.460253 0.963507 0.383641
99 0.498931 0.460253 0.963507 0.383641
73 0.498931 0.460253 0.963507 0.383641
97 0.498931 0.460253 0.963507 0.383641
110 0.498931 0.460253 0.963507 0.383641
50 0.503616 0.454205 0.965069 0.400346
49 0.498931 0.455069 0.954138 0.398618
47 0.506349 0.445565 0.970534 0.416475
46 0.498931 0.455069 0.954138 0.398618
100 0.505568 0.444628 0.972096 0.414891
51 0.506349 0.445565 0.970534 0.416475
48 0.495027 0.439012 0.990054 0.422667
76 0.503616 0.454205 0.965069 0.400346
73 0.506349 0.445565 0.970534 0.416475
99 0.495027 0.439012 0.990054 0.422667
110 0.498931 0.455069 0.954138 0.398618
101 0.498931 0.455069 0.954138 0.398618
50 0.499712 0.463134 0.968192 0.384793
49 0.502054 0.474078 0.965069 0.366359
100 0.502835 0.470046 0.968192 0.368664
46 0.502054 0.474078 0.965069 0.366359
76 0.496589 0.463134 0.965069 0.382488
99 0.502835 0.470046 0.968192 0.368664
73 0.502835 0.470046 0.968192 0.368664
47 0.502054 0.474078 0.965069 0.366359
48 0.502835 0.470046 0.968192 0.368664
102 0.496589 0.463134 0.965069 0.382488
101 0.496589 0.463134 0.965069 0.382488
17 0.496589 0.463134 0.965069 0.382488
50 0.502054 0.458813 0.968192 0.398041
49 0.49776 0.460253 0.953357 0.39977
46 0.49776 0.460253 0.953357 0.39977
47 0.505178 0.457949 0.98537 0.404378
100 0.505178 0.457949 0.98537 0.404378
48 0.505178 0.457949 0.98537 0.404378
76 0.49737 0.459677 0.952576 0.398618
99 0.505178 0.457949 0.98537 0.404378
73 0.49737 0.459677 0.952576 0.398618
101 0.49737 0.459677 0.952576 0.398618
51 0.505178 0.457949 0.98537 0.404378
66 0.49737 0.459677 0.952576 0.398618
102 0.49737 0.459677 0.952576 0.398618
17 0.49737 0.459677 0.952576 0.398618
67 0.49737 0.459677 0.952576 0.398618
75 0.49737 0.459677 0.952576 0.398618
110 0.49737 0.459677 0.952576 0.398618
95 0.49737 0.459677 0.952576 0.398618
103 0.505178 0.457949 0.98537 0.404378
68 0.49737 0.459677 0.952576 0.398618
111 0.49737 0.459677 0.952576 0.398618
49 0.494637 0.461694 0.95648 0.385369
50 0.499712 0.463998 0.965069 0.379608
100 0.499322 0.461406 0.962726 0.389401
46 0.499322 0.461406 0.962726 0.389401
101 0.494637 0.461694 0.95648 0.385369
48 0.494637 0.461694 0.95648 0.385369
76 0.499322 0.461406 0.962726 0.389401
73 0.499322 0.461406 0.962726 0.389401
99 0.499322 0.461406 0.962726 0.389401
102 0.494637 0.461694 0.95648 0.385369
47 0.507418 0.459677 0.985165 0.389401
51 0.506637 0.459965 0.986726 0.387673
77 0.494637 0.461694 0.95648 0.385369
110 0.499712 0.463998 0.965069 0.379608
17 0.500493 0.466302 0.958822 0.376152
66 0.499712 0.463998 0.965069 0.379608
67 0.494637 0.461694 0.95648 0.385369
4 0.507418 0.459677 0.985165 0.389401
12 0.507418 0.459677 0.985165 0.389401
34 0.507418 0.459677 0.985165 0.389401
68 0.494637 0.461694 0.95648 0.385369
97 0.499322 0.461406 0.962726 0.389401
95 0.499712 0.463998 0.965069 0.379608
74 0.499322 0.461406 0.962726 0.389401
50 0.501664 0.452477 0.953357 0.401498
49 0.495027 0.456509 0.965069 0.395737
46 0.496198 0.455645 0.962726 0.395161
100 0.501664 0.451325 0.951795 0.403802
48 0.501664 0.452477 0.953357 0.401498
47 0.496198 0.455645 0.962726 0.395161
73 0.501664 0.451325 0.951795 0.403802
99 0.501664 0.452477 0.953357 0.401498
51 0.496198 0.455645 0.962726 0.395161
101 0.498931 0.453917 0.958822 0.39977
76 0.501664 0.452477 0.953357 0.401498
110 0.501664 0.451325 0.951795 0.403802
4 0.495027 0.456509 0.965069 0.395737
102 0.501664 0.451325 0.951795 0.403802
49 0.493466 0.459389 0.971315 0.387673
50 0.493466 0.459389 0.971315 0.387673
46 0.49815 0.470046 0.958822 0.370968
100 0.499712 0.474654 0.952576 0.359447
4 0.493466 0.460253 0.968192 0.388249
101 0.499712 0.474654 0.952576 0.359447
48 0.499712 0.474654 0.952576 0.359447
76 0.493466 0.459389 0.971315 0.387673
47 0.49815 0.470046 0.958822 0.370968
12 0.493466 0.460253 0.968192 0.388249
110 0.49815 0.470046 0.958822 0.370968
102 0.499712 0.474654 0.952576 0.359447
29 0.493466 0.459389 0.971315 0.387673
51 0.505856 0.459677 0.988288 0.387097
73 0.499712 0.474654 0.952576 0.359447
34 0.493466 0.460253 0.968192 0.388249
99 0.499712 0.474654 0.952576 0.359447
46 0.495808 0.46803 0.957261 0.368088
49 0.495808 0.46803 0.957261 0.368088
50 0.495027 0.461982 0.965069 0.383641
100 0.495808 0.46803 0.957261 0.368088
47 0.495808 0.46803 0.957261 0.368088
76 0.495808 0.46803 0.957261 0.368088
48 0.495808 0.46803 0.957261 0.368088
73 0.495808 0.46803 0.957261 0.368088
99 0.495808 0.46803 0.957261 0.368088
4 0.510931 0.463134 0.978138 0.383641
51 0.492294 0.464286 0.964288 0.380184
100 0.500493 0.464862 0.951014 0.387097
46 0.498931 0.460253 0.955699 0.389401
49 0.49776 0.461118 0.95648 0.393433
47 0.501274 0.461406 0.958822 0.390553
50 0.49776 0.461118 0.95648 0.393433
76 0.496198 0.463422 0.958042 0.388825
99 0.500493 0.464862 0.951014 0.387097
73 0.500493 0.464862 0.951014 0.387097
110 0.496198 0.463422 0.958042 0.388825
51 0.505958 0.458813 0.986931 0.393433
48 0.501274 0.461406 0.958822 0.390553
97 0.501274 0.461406 0.958822 0.390553
111 0.49815 0.461694 0.961946 0.391129
77 0.500493 0.464862 0.951014 0.387097
49 0.501274 0.461982 0.958822 0.380184
50 0.501664 0.460829 0.958042 0.391705
46 0.501274 0.461982 0.958822 0.380184
47 0.501274 0.461982 0.958822 0.380184
100 0.501664 0.465438 0.95648 0.379032
76 0.510253 0.461982 0.975219 0.385945
48 0.502054 0.461982 0.957261 0.388249
51 0.489952 0.466878 0.979904 0.375
73 0.501664 0.460829 0.958042 0.391705
49 0.492685 0.457661 0.960384 0.392281
47 0.493466 0.459101 0.961946 0.396313
46 0.494637 0.459965 0.95648 0.398041
73 0.500883 0.464574 0.94711 0.387673
100 0.496589 0.459965 0.954138 0.395737
50 0.492685 0.457661 0.960384 0.392281
99 0.500883 0.464574 0.94711 0.387673
48 0.494637 0.459965 0.95648 0.398041
76 0.500883 0.464574 0.94711 0.387673
51 0.501664 0.457373 0.990835 0.398617
111 0.495808 0.462558 0.957261 0.391705
109 0.506739 0.923099 0.935398 0.153802
109 0.496589 0.459965 0.954138 0.395737
110 0.496589 0.459965 0.954138 0.395737
101 0.496589 0.459965 0.954138 0.395737
76 0.506739 0.923099 0.935398 0.153802
109 0.427976 0.856855 0.732195 0.28629
84 0.494637 0.459965 0.95648 0.398041
109 0.494246 0.981567 0.943206 0.0368664
49 0.502835 0.457949 0.958822 0.388249
46 0.501274 0.456797 0.952576 0.395161
50 0.501274 0.456797 0.952576 0.395161
47 0.501274 0.456797 0.952576 0.395161
100 0.499712 0.461406 0.949453 0.383641
4 0.502835 0.457949 0.958822 0.388249
12 0.502835 0.457949 0.958822 0.388249
101 0.501274 0.456797 0.952576 0.395161
48 0.501274 0.456797 0.952576 0.395161
51 0.502445 0.458525 0.959603 0.389401
34 0.502835 0.457949 0.958822 0.388249
49 0.496198 0.46515 0.953357 0.383064
46 0.498931 0.46227 0.954138 0.381912
100 0.495418 0.468318 0.961165 0.375576
50 0.49776 0.461694 0.95648 0.385369
76 0.495418 0.468318 0.961165 0.375576
47 0.508979 0.458525 0.982042 0.387097
12 0.496198 0.46515 0.953357 0.383064
73 0.495418 0.468318 0.961165 0.375576
4 0.51015 0.461982 0.979699 0.389401
109 0.495418 0.468318 0.961165 0.375576
34 0.496198 0.46515 0.953357 0.383064
29 0.498931 0.46227 0.954138 0.381912
101 0.498931 0.46227 0.954138 0.381912
97 0.49815 0.464286 0.958822 0.381336
99 0.495418 0.468318 0.961165 0.375576
110 0.495418 0.468318 0.961165 0.375576
56 0.495418 0.468318 0.961165 0.375576
95 0.49815 0.464286 0.958822 0.381336
111 0.495418 0.468318 0.961165 0.375576
74 0.495418 0.468318 0.961165 0.375576
35 0.508979 0.458525 0.982042 0.387097
66 0.495418 0.468318 0.961165 0.375576
75 0.495418 0.468318 0.961165 0.375576
51 0.50976 0.461406 0.98048 0.383641
3 0.498931 0.46227 0.954138 0.381912
49 0.496589 0.46515 0.952576 0.381912
46 0.507418 0.464286 0.985165 0.384793
50 0.501274 0.466302 0.952576 0.383065
100 0.49815 0.465438 0.958822 0.383641
47 0.507418 0.464286 0.985165 0.384793
4 0.506637 0.463134 0.986726 0.381336
76 0.501274 0.466302 0.952576 0.383065
34 0.49815 0.464862 0.954138 0.379032
29 0.49815 0.465438 0.958822 0.382488
12 0.49815 0.464862 0.954138 0.379032
101 0.501274 0.466302 0.952576 0.383065
48 0.501274 0.466302 0.952576 0.383065
46 0.495418 0.461406 0.964288 0.383641
49 0.495418 0.461406 0.964288 0.383641
47 0.495027 0.460253 0.960384 0.385945
100 0.501664 0.466014 0.953357 0.376728
50 0.500883 0.469182 0.95648 0.372696
34 0.495027 0.460253 0.960384 0.385945
73 0.501664 0.466014 0.953357 0.376728
12 0.495027 0.460253 0.960384 0.385945
76 0.49815 0.461406 0.961946 0.387097
4 0.495027 0.460253 0.960384 0.385945
99 0.500883 0.469182 0.95648 0.372696
51 0.495418 0.461406 0.964288 0.383641
48 0.49815 0.461406 0.961946 0.387097
97 0.49815 0.461406 0.961946 0.387097
111 0.49815 0.461406 0.961946 0.387097
35 0.503226 0.461118 0.978342 0.383065
46 0.505466 0.459101 0.989069 0.383641
49 0.495808 0.461406 0.957261 0.387097
100 0.49815 0.469182 0.957261 0.375
50 0.495808 0.461406 0.957261 0.387097
47 0.505466 0.459101 0.989069 0.383641
73 0.49815 0.469182 0.957261 0.375
99 0.49815 0.469182 0.957261 0.375
76 0.496589 0.463134 0.958822 0.389401
111 0.496589 0.463134 0.958822 0.389401
49 0.495027 0.458525 0.968192 0.391705
46 0.495027 0.458525 0.968192 0.391705
47 0.495027 0.459965 0.965069 0.388825
100 0.495027 0.461694 0.957261 0.391129
50 0.493075 0.459677 0.959603 0.391705
4 0.495027 0.459965 0.965069 0.388825
12 0.495027 0.458525 0.968192 0.391705
101 0.495027 0.461694 0.957261 0.391129
51 0.494246 0.460541 0.965069 0.389977
48 0.493075 0.459677 0.959603 0.391705
34 0.493075 0.459677 0.959603 0.391705
49 0.500493 0.459677 0.954138 0.388249
46 0.500493 0.460253 0.957261 0.390553
47 0.498931 0.461406 0.951014 0.387097
50 0.49815 0.460829 0.952576 0.389401
100 0.498931 0.461406 0.951014 0.385945
4 0.510931 0.458525 0.978138 0.388249
34 0.510931 0.458525 0.978138 0.388249
12 0.500493 0.459677 0.954138 0.388249
35 0.510931 0.458525 0.978138 0.388249
49 0.498931 0.46515 0.957261 0.384217
46 0.50976 0.462846 0.98048 0.387673
100 0.496198 0.46515 0.95648 0.383064
50 0.496198 0.466014 0.95648 0.382488
47 0.496198 0.466014 0.95648 0.382488
101 0.496198 0.46515 0.95648 0.383064
77 0.496198 0.46515 0.95648 0.383064
12 0.498931 0.46515 0.957261 0.384217
48 0.496198 0.466014 0.95648 0.382488
95 0.496198 0.466014 0.95648 0.382488
51 0.496198 0.466014 0.95648 0.382488
111 0.496198 0.466014 0.95648 0.382488
49 0.498541 0.461982 0.964288 0.385945
46 0.496979 0.461117 0.961165 0.384217
100 0.496979 0.461117 0.961165 0.384217
47 0.49737 0.459965 0.957261 0.386521
50 0.49815 0.460541 0.958822 0.387673
4 0.495027 0.460829 0.961946 0.389401
35 0.496979 0.461117 0.961165 0.384217
3 0.496979 0.461117 0.961165 0.384217
49 0.49737 0.457949 0.963507 0.389401
46 0.510541 0.458525 0.978918 0.387097
100 0.494246 0.459389 0.960384 0.388825
12 0.49737 0.457949 0.963507 0.389401
47 0.510541 0.458525 0.978918 0.387097
50 0.508589 0.460541 0.982822 0.384217
50 0.498931 0.0694844 0.958822 0.138969
4 0.510541 0.458525 0.978918 0.387097
34 0.49737 0.457949 0.963507 0.389401
76 0.498931 0.0694844 0.958822 0.138969
49 0.500493 0.46227 0.972877 0.383065
46 0.49737 0.460253 0.960384 0.381336
100 0.499712 0.463134 0.974438 0.384793
101 0.499712 0.463134 0.974438 0.384793
47 0.49815 0.460541 0.961946 0.384217
12 0.500493 0.46227 0.972877 0.383065
50 0.503226 0.463134 0.983027 0.384793
29 0.499712 0.463134 0.974438 0.384793
4 0.503616 0.460829 0.982246 0.382488
104 0.499712 0.463998 0.974438 0.384217
34 0.500493 0.46227 0.972877 0.383065
49 0.492685 0.462846 0.96663 0.383065
46 0.492685 0.462846 0.96663 0.383065
100 0.49815 0.46227 0.955699 0.386521
47 0.49815 0.46227 0.955699 0.386521
50 0.493856 0.462558 0.962726 0.382488
101 0.493856 0.462558 0.962726 0.382488
48 0.492685 0.462846 0.96663 0.383065
4 0.50752 0.459677 0.983808 0.385945
12 0.492685 0.460829 0.963507 0.384793
49 0.495808 0.464574 0.965069 0.381912
46 0.495808 0.464574 0.965069 0.381912
100 0.500102 0.464862 0.958041 0.382488
47 0.504787 0.459101 0.984589 0.385945
4 0.503226 0.459677 0.981466 0.384793
50 0.495027 0.463134 0.965069 0.387097
49 0.496589 0.460829 0.955699 0.388249
46 0.496589 0.460829 0.955699 0.388249
47 0.508198 0.461406 0.983603 0.387097
100 0.496589 0.460829 0.955699 0.388249
50 0.508198 0.461406 0.983603 0.387097
4 0.508198 0.460253 0.983603 0.384793
49 0.495027 0.461982 0.958822 0.388249
46 0.499322 0.464286 0.95648 0.385945
4 0.50976 0.460253 0.98048 0.388249
50 0.508979 0.461406 0.982042 0.387097
47 0.499322 0.464286 0.95648 0.385945
34 0.495027 0.461982 0.958822 0.388249
100 0.499322 0.464286 0.95648 0.385945
35 0.496589 0.463422 0.958822 0.386521
49 0.490342 0.461982 0.971315 0.385945
46 0.489562 0.462558 0.971315 0.385945
47 0.501274 0.460541 0.974438 0.387673
100 0.493466 0.463422 0.977562 0.385369
50 0.503226 0.46227 0.976781 0.385369
4 0.501274 0.460541 0.974438 0.387673
49 0.495027 0.457949 0.96663 0.391705
46 0.506349 0.458525 0.98615 0.391705
47 0.507027 0.457949 0.985946 0.392857
4 0.507027 0.457949 0.985946 0.392857
50 0.495808 0.461406 0.968192 0.385945
100 0.49737 0.461406 0.976 0.387097
49 0.495808 0.463422 0.957261 0.385369
46 0.496589 0.46371 0.958822 0.383641
47 0.505958 0.46371 0.979123 0.388249
4 0.50976 0.462846 0.98048 0.387673
50 0.505958 0.46371 0.979123 0.388249
49 0.491904 0.460253 0.968192 0.385945
46 0.494246 0.461118 0.96663 0.386521
4 0.504787 0.460253 0.981466 0.385945
47 0.502835 0.460253 0.979123 0.384793
50 0.502835 0.460253 0.979123 0.384793
20 0.494246 0.461694 0.96663 0.384217
49 0.49737 0.460253 0.968192 0.390553
46 0.495418 0.461982 0.967411 0.388249
100 0.49776 0.464286 0.959603 0.387097
50 0.494246 0.46227 0.963507 0.391129
47 0.508979 0.461694 0.982042 0.389977
76 0.494246 0.46227 0.963507 0.391129
4 0.508979 0.461694 0.982042 0.389977
29 0.494246 0.46227 0.963507 0.391129
49 0.493466 0.461118 0.958822 0.386521
46 0.499322 0.464286 0.953357 0.379032
47 0.494246 0.462558 0.960384 0.383641
100 0.499322 0.464286 0.953357 0.379032
49 0.489562 0.463422 0.96663 0.381912
46 0.493466 0.463422 0.965069 0.381912
100 0.49815 0.46371 0.968192 0.381336
47 0.502054 0.462558 0.979123 0.382488
4 0.504397 0.462558 0.983808 0.381336
50 0.502054 0.462558 0.979123 0.382488
29 0.49815 0.46371 0.968192 0.381336
49 0.490342 0.462558 0.960384 0.387097
46 0.505958 0.460541 0.972877 0.387673
47 0.50791 0.462558 0.983027 0.387097
4 0.508301 0.461694 0.980685 0.387673
50 0.50791 0.462558 0.983027 0.387097
49 0.49737 0.46659 0.96663 0.382488
46 0.495418 0.46227 0.970534 0.389977
47 0.495418 0.46227 0.970534 0.389977
50 0.495418 0.46227 0.970534 0.389977
100 0.495808 0.465438 0.963507 0.382488
4 0.49815 0.461982 0.974438 0.391705
20 0.49737 0.46659 0.96663 0.382488
49 0.490342 0.461117 0.963507 0.384217
46 0.491123 0.462558 0.963507 0.387097
4 0.502835 0.459965 0.980685 0.384217
20 0.490342 0.461117 0.963507 0.384217
50 0.493466 0.461694 0.961946 0.387673
101 0.493466 0.461694 0.961946 0.387673
49 0.500883 0.461982 0.962726 0.384793
46 0.496979 0.461117 0.958042 0.385369
4 0.507418 0.460253 0.985165 0.384793
47 0.507027 0.460829 0.985946 0.384793
20 0.500883 0.461982 0.962726 0.384793
49 0.499712 0.462558 0.949453 0.384793
46 0.500102 0.465438 0.954918 0.380184
47 0.498541 0.463134 0.951795 0.385945
50 0.498541 0.463134 0.951795 0.385945
4 0.499712 0.462558 0.949453 0.384793
49 0.49776 0.462558 0.951795 0.385945
46 0.499712 0.465726 0.958822 0.38076
47 0.49776 0.46227 0.954918 0.387673
4 0.49776 0.462558 0.951795 0.385945
50 0.49776 0.46227 0.954918 0.387673
49 0.49776 0.462558 0.954918 0.387097
46 0.501274 0.461982 0.961946 0.389401
50 0.509082 0.460829 0.977562 0.388249
47 0.509082 0.460829 0.977562 0.388249
100 0.501274 0.461982 0.961946 0.389401
49 0.49815 0.462846 0.954138 0.386521
46 0.501274 0.462558 0.965069 0.384793
100 0.501274 0.462558 0.965069 0.384793
50 0.501274 0.462558 0.965069 0.384793
47 0.49815 0.462846 0.955699 0.385369
12 0.999322 0.473502 0.00135684 0.753456
101 0.501274 0.462558 0.965069 0.384793
49 0.498931 0.462558 0.954138 0.388249
46 0.499712 0.463422 0.965069 0.385369
100 0.500493 0.461406 0.960384 0.388249
47 0.498541 0.462846 0.954918 0.387673
50 0.510541 0.463134 0.978918 0.387097
4 0.511322 0.461694 0.977357 0.387673
49 0.498931 0.461694 0.951014 0.389977
46 0.49815 0.46227 0.961946 0.386521
47 0.499712 0.46227 0.954138 0.387673
4 0.511712 0.460829 0.976576 0.389401
50 0.49815 0.46227 0.961946 0.386521
49 0.498541 0.463134 0.953357 0.388249
46 0.502835 0.465726 0.965069 0.384217
100 0.502835 0.465726 0.965069 0.384217
4 0.510541 0.462558 0.978918 0.390553
50 0.49815 0.462558 0.955699 0.388249
47 0.49815 0.462558 0.955699 0.388249
49 0.49737 0.462558 0.954138 0.385945
46 0.49815 0.462846 0.955699 0.386521
100 0.501274 0.463134 0.965069 0.384793
47 0.49815 0.462846 0.955699 0.386521
50 0.501274 0.461982 0.961946 0.387097
49 0.502835 0.461406 0.961946 0.385945
46 0.50791 0.462558 0.978342 0.382488
4 0.510541 0.461982 0.978918 0.384793
20 0.504397 0.462558 0.961946 0.383641
49 0.496589 0.462846 0.957261 0.383065
46 0.501664 0.463422 0.958042 0.384217
100 0.501664 0.463422 0.958042 0.384217
49 0.503616 0.46371 0.969754 0.385945
46 0.507027 0.46227 0.985946 0.387673
100 0.504397 0.464862 0.965069 0.383641
20 0.503616 0.463134 0.96663 0.385945
50 0.507027 0.46227 0.985946 0.387673
49 0.504397 0.463134 0.971315 0.387097
46 0.505958 0.462846 0.983808 0.387673
100 0.502054 0.46227 0.972877 0.387673
50 0.505958 0.462846 0.983808 0.387673
49 0.502835 0.463134 0.971315 0.384793
46 0.503616 0.461982 0.982246 0.385945
47 0.503616 0.461982 0.982246 0.385945
49 0.495808 0.461982 0.957261 0.389401
46 0.503616 0.461982 0.982246 0.385945
4 0.495808 0.461406 0.957261 0.385945
49 0.500102 0.462558 0.961165 0.388249
46 0.506739 0.461406 0.98537 0.387097
4 0.495808 0.461406 0.957261 0.385945
20 0.500883 0.462846 0.968973 0.384217
49 0.340234 0.290323 0.680467 0.580645
49 0.499712 0.463134 0.958822 0.388249
46 0.500493 0.463134 0.969754 0.385945
4 0.495027 0.461982 0.955699 0.384793
20 0.502835 0.46371 0.971315 0.383641
49 0.337696 0.27765 0.675392 0.5553
49 0.498931 0.462558 0.957261 0.388249
46 0.500102 0.463134 0.967411 0.384793
20 0.502835 0.463998 0.969754 0.383065
4 0.496198 0.460829 0.954918 0.384793
49 0.334768 0.266417 0.669536 0.532834
49 0.496589 0.462558 0.958822 0.387097
46 0.499712 0.462846 0.968192 0.385369
20 0.502054 0.46371 0.969754 0.383641
4 0.495808 0.461117 0.954138 0.385369
49 0.329498 0.267569 0.658995 0.535138
49 0.496589 0.461694 0.958822 0.387673
46 0.500493 0.462558 0.968192 0.385945
20 0.502445 0.46371 0.972096 0.382488
49 0.327546 0.271313 0.655091 0.542627
4 0.494246 0.460829 0.951014 0.387097
49 0.495027 0.462558 0.958822 0.388249
46 0.501664 0.461406 0.973658 0.389401
20 0.502054 0.464286 0.972877 0.382488
49 0.495027 0.46227 0.958822 0.388825
46 0.503616 0.461406 0.976 0.389401
20 0.500493 0.464286 0.971315 0.383641
4 0.495027 0.461118 0.952576 0.389977
100 0.498931 0.463134 0.968192 0.385945
29 0.498931 0.463134 0.968192 0.385945
49 0.495808 0.462558 0.957261 0.388249
46 0.502054 0.461406 0.976 0.389401
20 0.500883 0.464574 0.968973 0.381912
4 0.495808 0.460829 0.954138 0.389401
49 0.210035 0.107935 0.42007 0.21587
49 0.49737 0.462558 0.958822 0.388249
46 0.498541 0.460541 0.958042 0.389977
20 0.502445 0.464286 0.967411 0.382488
4 0.498541 0.460541 0.958042 0.389977
49 0.496589 0.462558 0.958822 0.388249
46 0.504006 0.461406 0.978342 0.389401
20 0.500883 0.463998 0.968973 0.383065
4 0.499322 0.460829 0.959603 0.389401
49 0.496589 0.462558 0.958822 0.388249
46 0.499322 0.463134 0.968973 0.385945
20 0.498541 0.462558 0.958042 0.388249
49 0.495808 0.462846 0.960384 0.387673
46 0.498931 0.463998 0.969754 0.383065
20 0.49815 0.462846 0.958822 0.387673
49 0.495808 0.463134 0.960384 0.387097
20 0.49815 0.463422 0.958822 0.386521
46 0.49737 0.463134 0.96663 0.384793
49 0.494246 0.463134 0.960384 0.387097
46 0.496589 0.464286 0.969754 0.383641
20 0.49737 0.463422 0.958822 0.386521
49 0.495027 0.463134 0.958822 0.387097
46 0.496979 0.464574 0.967411 0.383065
20 0.49737 0.463422 0.957261 0.386521
49 0.495027 0.463134 0.958822 0.387097
46 0.506349 0.461982 0.979904 0.388249
49 0.495027 0.463134 0.958822 0.387097
46 0.506349 0.46227 0.979904 0.387673
49 0.495027 0.463134 0.958822 0.387097
46 0.50752 0.461982 0.980685 0.387097
20 0.496589 0.463134 0.957261 0.385945
49 0.495027 0.463134 0.957261 0.387097
46 0.50791 0.461694 0.979904 0.387673
20 0.496979 0.462846 0.95648 0.385369
49 0.495027 0.462846 0.955699 0.386521
46 0.508301 0.461694 0.979123 0.387673
20 0.496589 0.462846 0.955699 0.385369
49 0.495808 0.463134 0.955699 0.385945
46 0.508301 0.461694 0.979123 0.387673
20 0.496979 0.462846 0.954918 0.385369
49 0.496589 0.46371 0.955699 0.385945
46 0.508301 0.461406 0.977562 0.387097
20 0.49737 0.463134 0.954138 0.384793
49 0.496589 0.463134 0.955699 0.385945
46 0.508301 0.461406 0.977562 0.385945
20 0.49737 0.463134 0.954138 0.384793
49 0.496979 0.463134 0.954918 0.385945
46 0.508301 0.461406 0.977562 0.385945
20 0.49737 0.463134 0.954138 0.384793
49 0.496979 0.463134 0.954918 0.385945
46 0.50752 0.461406 0.977562 0.385945
49 0.49737 0.462846 0.954138 0.385369
46 0.50752 0.461406 0.977562 0.385945
49 0.49737 0.462846 0.954138 0.385369
46 0.50713 0.461406 0.976781 0.385945
49 0.49737 0.462846 0.954138 0.385369
46 0.506739 0.461406 0.976 0.385945
49 0.49737 0.463134 0.954138 0.384793
46 0.506739 0.461406 0.976 0.385945
49 0.49737 0.463134 0.954138 0.384793
46 0.506739 0.461406 0.976 0.385945
49 0.49737 0.463134 0.954138 0.384793
46 0.50713 0.461406 0.976781 0.385945
49 0.49776 0.463134 0.953357 0.384793
46 0.50713 0.461694 0.976781 0.385369
49 0.49815 0.463134 0.954138 0.384793
46 0.506739 0.461694 0.976 0.385369
49 0.49815 0.463134 0.954138 0.384793
46 0.506739 0.461694 0.976 0.385369
49 0.49815 0.463134 0.954138 0.385945
46 0.506739 0.461982 0.976 0.385945
49 0.498541 0.463134 0.953357 0.385945
46 0.506739 0.461982 0.976 0.385945
49 0.498541 0.463134 0.953357 0.385945
46 0.50713 0.461982 0.976781 0.385945
49 0.498541 0.463134 0.953357 0.385945
46 0.50713 0.461982 0.976781 0.385945
49 0.498541 0.463134 0.953357 0.385945
46 0.50752 0.461694 0.977562 0.386521
49 0.498541 0.463134 0.953357 0.385945
46 0.50752 0.461982 0.977562 0.385945
49 0.498931 0.463422 0.954138 0.386521
46 0.508301 0.461982 0.977562 0.385945
49 0.498931 0.463422 0.954138 0.386521
46 0.508301 0.461982 0.979123 0.385945
49 0.498931 0.463422 0.954138 0.386521
46 0.508301 0.461982 0.979123 0.385945
49 0.49815 0.463422 0.954138 0.386521
46 0.508691 0.461982 0.978342 0.385945
49 0.49815 0.463422 0.954138 0.386521
46 0.508301 0.461982 0.979123 0.385945
49 0.49815 0.463422 0.954138 0.386521
46 0.508691 0.461982 0.978342 0.385945
49 0.498931 0.463422 0.954138 0.386521
46 0.508301 0.461982 0.979123 0.385945
49 0.498931 0.463422 0.954138 0.386521
46 0.508691 0.461982 0.978342 0.385945
49 0.498931 0.46371 0.954138 0.385945
46 0.509082 0.461982 0.979123 0.385945
49 0.498931 0.46371 0.954138 0.385945
46 0.509082 0.461982 0.979123 0.385945
49 0.498931 0.46371 0.954138 0.385945
46 0.509472 0.461982 0.979904 0.385945
49 0.498931 0.46371 0.954138 0.385945
46 0.509472 0.461982 0.979904 0.385945
49 0.498931 0.46371 0.954138 0.385945
46 0.509472 0.46227 0.979904 0.386521
49 0.498931 0.46371 0.954138 0.385945
46 0.509472 0.462558 0.979904 0.385945
49 0.498931 0.46371 0.954138 0.385945
46 0.509472 0.46227 0.979904 0.386521
49 0.498931 0.46371 0.954138 0.385945
46 0.509472 0.46227 0.979904 0.386521
49 0.498931 0.46371 0.954138 0.385945
46 0.509472 0.46227 0.979904 0.386521
49 0.498931 0.46371 0.954138 0.385945
46 0.50976 0.462558 0.98048 0.385945
49 0.498931 0.46371 0.954138 0.385945
46 0.50976 0.46227 0.98048 0.386521
49 0.498931 0.46371 0.954138 0.385945
46 0.509472 0.46227 0.979904 0.386521
49 0.498931 0.46371 0.954138 0.385945
46 0.509472 0.46227 0.979904 0.386521
49 0.498931 0.46371 0.954138 0.385945
46 0.509472 0.46227 0.979904 0.386521
49 0.498931 0.46371 0.954138 0.385945
46 0.509082 0.461982 0.980685 0.385945
49 0.498931 0.46371 0.954138 0.385945
46 0.509082 0.46227 0.980685 0.386521
49 0.498931 0.46371 0.954138 0.385945
46 0.509082 0.461982 0.980685 0.385945
49 0.498931 0.46371 0.954138 0.385945
46 0.509082 0.461982 0.980685 0.385945
49 0.498931 0.46371 0.954138 0.385945
46 0.509082 0.461982 0.980685 0.385945
49 0.498931 0.46371 0.954138 0.385945
46 0.509082 0.461982 0.980685 0.385945
49 0.498931 0.463422 0.954138 0.386521
46 0.509082 0.461982 0.980685 0.385945
49 0.498931 0.463422 0.954138 0.386521
46 0.509082 0.461982 0.980685 0.385945
49 0.498931 0.463422 0.954138 0.386521
46 0.509082 0.461982 0.980685 0.385945
49 0.498931 0.463422 0.954138 0.386521
46 0.509082 0.461982 0.980685 0.385945
49 0.498931 0.463134 0.954138 0.385945
46 0.509082 0.461982 0.980685 0.385945
49 0.498931 0.463134 0.954138 0.385945
46 0.509082 0.461982 0.980685 0.385945
49 0.498931 0.463134 0.954138 0.385945
46 0.509082 0.461694 0.980685 0.386521
49 0.498931 0.463134 0.954138 0.385945
46 0.509082 0.461694 0.980685 0.386521
49 0.498931 0.463134 0.954138 0.385945
46 0.509082 0.461694 0.980685 0.386521
49 0.498931 0.463134 0.954138 0.385945
46 0.509082 0.461694 0.980685 0.386521
49 0.498931 0.463134 0.954138 0.385945
46 0.509082 0.461694 0.980685 0.386521
49 0.498931 0.463134 0.954138 0.385945
46 0.509082 0.461694 0.980685 0.386521
49 0.498931 0.463134 0.954138 0.385945
46 0.509082 0.461694 0.980685 0.386521
49 0.498931 0.463134 0.954138 0.385945
46 0.509082 0.461694 0.980685 0.386521
49 0.498931 0.463134 0.954138 0.385945
46 0.509082 0.461694 0.980685 0.386521
49 0.498931 0.463134 0.954138 0.385945
49 0.498931 0.463134 0.954138 0.385945
46 0.509082 0.461694 0.980685 0.386521
49 0.498931 0.463134 0.954138 0.385945
49 0.498931 0.463134 0.954138 0.385945
49 0.498931 0.463134 0.954138 0.385945
49 0.498931 0.463134 0.954138 0.385945
49 0.498931 0.463134 0.954138 0.385945
49 0.498541 0.463134 0.953357 0.387097
49 0.498931 0.463134 0.954138 0.387097
49 0.498541 0.462558 0.953357 0.385945
49 0.498541 0.463134 0.953357 0.387097
49 0.498541 0.463134 0.953357 0.387097
49 0.498541 0.463134 0.953357 0.387097
49 0.498541 0.463134 0.953357 0.387097
49 0.49815 0.463134 0.954138 0.387097
49 0.49815 0.463134 0.954138 0.387097
49 0.49815 0.463134 0.954138 0.387097
49 0.49815 0.463134 0.952576 0.387097
49 0.49776 0.463134 0.953357 0.387097
49 0.49776 0.463134 0.953357 0.387097
49 0.49776 0.463134 0.953357 0.387097
49 0.49776 0.463134 0.953357 0.387097
49 0.49815 0.462558 0.952576 0.387097
49 0.49737 0.463134 0.954138 0.387097
49 0.49815 0.462558 0.954138 0.387097
49 0.49776 0.462558 0.953357 0.387097
49 0.49815 0.462558 0.954138 0.387097
49 0.49776 0.462846 0.953357 0.387673
49 0.49815 0.462846 0.954138 0.387673
49 0.49815 0.462846 0.954138 0.387673
49 0.49776 0.462846 0.953357 0.387673
49 0.49737 0.462846 0.954138 0.387673
49 0.49737 0.462846 0.954138 0.387673
49 0.49737 0.462846 0.954138 0.387673
49 0.49737 0.462846 0.954138 0.387673
49 0.49737 0.462846 0.954138 0.387673
49 0.49737 0.462846 0.954138 0.387673
49 0.49737 0.462846 0.954138 0.387673
49 0.49737 0.462846 0.954138 0.387673
49 0.49815 0.462846 0.954138 0.387673
49 0.49737 0.462846 0.954138 0.387673
49 0.49815 0.462846 0.954138 0.387673
49 0.49815 0.463134 0.954138 0.388249
49 0.49815 0.462846 0.954138 0.387673
49 0.49815 0.463134 0.954138 0.388249
49 0.49815 0.462846 0.955699 0.387673
49 0.49815 0.463134 0.955699 0.388249
49 0.49815 0.463134 0.955699 0.388249
49 0.49815 0.463134 0.954138 0.388249
49 0.49815 0.463134 0.955699 0.388249
49 0.49815 0.463134 0.955699 0.388249
49 0.49815 0.463134 0.955699 0.388249
49 0.49815 0.463134 0.955699 0.388249
49 0.49815 0.463134 0.955699 0.388249
49 0.49815 0.462846 0.955699 0.388825
49 0.49815 0.462846 0.955699 0.388825
49 0.498541 0.462846 0.954918 0.388825
49 0.498541 0.462846 0.954918 0.388825
49 0.498541 0.462846 0.954918 0.388825
49 0.498541 0.462846 0.954918 0.388825
49 0.498541 0.462846 0.954918 0.388825
49 0.498541 0.462558 0.954918 0.389401
49 0.498541 0.462558 0.954918 0.389401
49 0.498541 0.462558 0.954918 0.389401
49 0.498931 0.462558 0.954138 0.389401
49 0.498931 0.462558 0.954138 0.389401
49 0.498931 0.462558 0.954138 0.389401
49 0.498931 0.462558 0.954138 0.389401
49 0.498931 0.462558 0.954138 0.389401
49 0.498931 0.462558 0.954138 0.389401
49 0.498931 0.462558 0.954138 0.389401
49 0.498931 0.462558 0.954138 0.389401
49 0.498931 0.462558 0.954138 0.389401
49 0.498931 0.462558 0.954138 0.389401
49 0.498931 0.462558 0.954138 0.389401
49 0.498931 0.462558 0.954138 0.389401
49 0.498931 0.462558 0.954138 0.389401
49 0.498931 0.462558 0.954138 0.389401
49 0.498931 0.462558 0.954138 0.389401
49 0.498931 0.462558 0.954138 0.389401
49 0.498931 0.462558 0.954138 0.389401
49 0.498931 0.462558 0.954138 0.389401
49 0.498931 0.462558 0.954138 0.389401
49 0.498931 0.462558 0.954138 0.389401
49 0.498931 0.462558 0.954138 0.389401
49 0.498931 0.462558 0.954138 0.389401
49 0.498931 0.462558 0.954138 0.389401
49 0.498931 0.462558 0.954138 0.389401
49 0.498931 0.462846 0.954138 0.389977
49 0.498931 0.462558 0.954138 0.389401
49 0.498931 0.462558 0.954138 0.389401
49 0.498931 0.462846 0.954138 0.389977
49 0.498931 0.462846 0.954138 0.389977
49 0.498931 0.462846 0.954138 0.389977
49 0.498931 0.462846 0.954138 0.389977
49 0.498931 0.462846 0.954138 0.389977
49 0.498931 0.462846 0.954138 0.389977
49 0.498931 0.462846 0.954138 0.389977
49 0.498931 0.462846 0.954138 0.389977
49 0.498931 0.462846 0.954138 0.389977
49 0.498931 0.462846 0.954138 0.389977
49 0.498931 0.462846 0.955699 0.389977
49 0.498931 0.462846 0.955699 0.389977
49 0.498931 0.462846 0.955699 0.389977
49 0.498931 0.463134 0.955699 0.389401
49 0.498931 0.463134 0.955699 0.389401
49 0.498931 0.463134 0.955699 0.389401
49 0.498931 0.462846 0.955699 0.389977
49 0.499712 0.462846 0.955699 0.389977
49 0.499712 0.463134 0.955699 0.389401
49 0.498931 0.463134 0.955699 0.389401
49 0.499712 0.462846 0.955699 0.389977
49 0.499712 0.462846 0.955699 0.389977
49 0.498931 0.462846 0.955699 0.389977
49 0.499712 0.462846 0.955699 0.389977
49 0.498931 0.462846 0.955699 0.389977
49 0.499712 0.462846 0.955699 0.389977
49 0.499712 0.462846 0.955699 0.389977
49 0.499712 0.462846 0.955699 0.389977
49 0.499322 0.463134 0.95648 0.389401
49 0.499322 0.462846 0.95648 0.389977
49 0.498931 0.462846 0.955699 0.389977
49 0.498931 0.462846 0.955699 0.389977
49 0.498931 0.462846 0.955699 0.389977
49 0.498541 0.462846 0.954918 0.389977
49 0.498541 0.463134 0.954918 0.389401
49 0.498541 0.463134 0.954918 0.389401
49 0.498931 0.463134 0.954138 0.389401
49 0.498541 0.463134 0.954918 0.389401
49 0.498541 0.463134 0.954918 0.389401
49 0.498541 0.462558 0.954918 0.389401
49 0.49815 0.462558 0.955699 0.389401
49 0.49815 0.462558 0.955699 0.389401
49 0.498541 0.462558 0.954918 0.389401
49 0.498541 0.462558 0.954918 0.389401
49 0.498541 0.462846 0.954918 0.388825
49 0.49815 0.462558 0.955699 0.389401
49 0.49815 0.462558 0.955699 0.389401
49 0.498541 0.462558 0.954918 0.389401
49 0.49815 0.462558 0.955699 0.389401
49 0.49815 0.462846 0.955699 0.388825
49 0.49815 0.462558 0.954138 0.389401
49 0.49815 0.462558 0.954138 0.389401
49 0.49815 0.462558 0.954138 0.389401
49 0.49815 0.462558 0.954138 0.389401
49 0.49776 0.462558 0.954918 0.389401
49 0.49776 0.462558 0.954918 0.389401
49 0.49776 0.462558 0.954918 0.389401
49 0.49776 0.462558 0.954918 0.389401
49 0.49776 0.462558 0.954918 0.389401
49 0.49776 0.462558 0.954918 0.389401
49 0.49737 0.462558 0.955699 0.389401
49 0.49737 0.462558 0.955699 0.389401
49 0.496979 0.462558 0.954918 0.389401
49 0.496979 0.46227 0.954918 0.388825
49 0.496979 0.46227 0.954918 0.388825
49 0.496979 0.46227 0.954918 0.388825
49 0.496979 0.46227 0.954918 0.388825
49 0.498541 0.462846 0.954918 0.388825
