50 0.507812 0.458849 0.917188 0.319926
48 0.509375 0.44771 0.926562 0.344678
68 0.509375 0.44771 0.926562 0.344678
95 0.507812 0.458849 0.917188 0.319926
101 0.509375 0.44771 0.926562 0.344678
53 0.510156 0.443069 0.926562 0.35396
49 0.507812 0.458849 0.917188 0.319926
111 0.508594 0.452351 0.934375 0.335396
77 0.508594 0.452351 0.934375 0.335396
103 0.509375 0.44771 0.926562 0.344678
54 0.507031 0.448639 0.932813 0.340347
73 0.509375 0.44771 0.926562 0.344678
104 0.507812 0.458849 0.917188 0.319926
109 0.504687 0.466275 0.915625 0.305074
67 0.507812 0.458849 0.917188 0.319926
74 0.508594 0.452351 0.934375 0.335396
47 0.500781 0.435102 0.965625 0.371132
79 0.507812 0.458849 0.917188 0.319926
76 0.508594 0.452351 0.934375 0.335396
66 0.509375 0.44771 0.926562 0.344678
81 0.507031 0.448639 0.932813 0.340347
84 0.508594 0.452351 0.934375 0.335396
102 0.509375 0.44771 0.926562 0.344678
110 0.508594 0.452351 0.934375 0.335396
17 0.508594 0.452351 0.934375 0.335396
105 0.507812 0.458849 0.917188 0.319926
46 0.507812 0.458849 0.917188 0.319926
75 0.507812 0.458849 0.917188 0.319926
14 0.507812 0.458849 0.917188 0.319926
42 0.507812 0.458849 0.917188 0.319926
56 0.508594 0.452351 0.934375 0.335396
99 0.507031 0.448639 0.932813 0.340347
97 0.507812 0.458849 0.917188 0.319926
108 0.508594 0.452351 0.934375 0.335396
51 0.508594 0.452351 0.934375 0.335396
100 0.508594 0.452351 0.934375 0.335396
33 0.507812 0.458849 0.917188 0.319926
48 0.630859 0.429146 0.699219 0.378094
50 0.630859 0.429146 0.699219 0.378094
16 0.41875 0.811881 0.0359375 0.0816832
38 0.515625 0.438428 0.93125 0.363243
7 0.507812 0.458849 0.917188 0.319926
31 0.508594 0.452351 0.934375 0.335396
50 0.783008 0.420792 0.399609 0.360149
47 0.474219 0.481745 0.860937 0.275371
5 0.509375 0.44771 0.926562 0.344678
11 0.507812 0.458849 0.917188 0.319926
101 0.630859 0.429146 0.699219 0.378094
68 0.630859 0.429146 0.699219 0.378094
28 0.508594 0.452351 0.934375 0.335396
78 0.508203 0.43224 0.930469 0.375619
12 0.508594 0.452351 0.934375 0.335396
49 0.630859 0.429146 0.699219 0.378094
26 0.492188 0.459158 0.896875 0.324257
80 0.508594 0.452351 0.934375 0.335396
41 0.507031 0.448639 0.932813 0.340347
21 0.507812 0.458849 0.917188 0.319926
15 0.507812 0.458849 0.917188 0.319926
109 0.630859 0.429146 0.699219 0.378094
111 0.630859 0.429146 0.699219 0.378094
54 0.630859 0.429146 0.699219 0.378094
65 0.507812 0.458849 0.917188 0.319926
52 0.497656 0.446163 0.90625 0.347772
48 0.783008 0.420792 0.399609 0.360149
47 0.781445 0.430616 0.402734 0.37763
0 0.508594 0.452351 0.934375 0.335396
5 0.41875 0.811881 0.0359375 0.0816832
16 0.507812 0.458849 0.917188 0.319926
53 0.471094 0.487624 0.845312 0.273515
34 0.509375 0.44771 0.926562 0.344678
38 0.474219 0.481745 0.860937 0.275371
36 0.507812 0.458849 0.917188 0.319926
111 0.509375 0.443069 0.967188 0.405941
103 0.509375 0.443069 0.967188 0.405941
48 0.500781 0.448948 0.939062 0.401609
95 0.509375 0.443069 0.967188 0.405941
102 0.509375 0.443069 0.967188 0.405941
68 0.509375 0.443069 0.967188 0.405941
110 0.509375 0.443069 0.967188 0.405941
56 0.508594 0.448948 0.965625 0.386757
101 0.509375 0.443069 0.967188 0.405941
111 0.413281 0.482054 0.740625 0.362624
54 0.508594 0.448948 0.965625 0.386757
109 0.509375 0.443069 0.967188 0.405941
48 0.38291 0.474938 0.685742 0.357054
67 0.509375 0.443069 0.967188 0.405941
104 0.507031 0.433787 0.979688 0.413366
84 0.509375 0.443069 0.967188 0.405941
75 0.509375 0.443069 0.967188 0.405941
108 0.510938 0.413289 0.96875 0.459313
53 0.509375 0.443069 0.967188 0.405941
74 0.502344 0.438738 0.98125 0.402228
73 0.509375 0.443069 0.967188 0.405941
66 0.509375 0.443069 0.967188 0.405941
77 0.509375 0.443069 0.967188 0.405941
105 0.502344 0.438738 0.98125 0.402228
99 0.500781 0.448948 0.939062 0.401609
50 0.509375 0.443069 0.967188 0.405941
46 0.509375 0.443069 0.967188 0.405941
80 0.507031 0.433787 0.979688 0.413366
76 0.500781 0.448948 0.939062 0.401609
101 0.38291 0.474938 0.685742 0.357054
79 0.502344 0.438738 0.98125 0.402228
78 0.510938 0.413289 0.96875 0.459313
102 0.413281 0.482054 0.740625 0.362624
81 0.507031 0.433787 0.979688 0.413366
103 0.413281 0.482054 0.740625 0.362624
68 0.413281 0.482054 0.740625 0.362624
67 0.413281 0.482054 0.740625 0.362624
109 0.413281 0.482054 0.740625 0.362624
95 0.38291 0.474938 0.685742 0.357054
73 0.413281 0.482054 0.740625 0.362624
50 0.413281 0.482054 0.740625 0.362624
52 0.502344 0.438196 0.976562 0.402073
77 0.413281 0.482054 0.740625 0.362624
100 0.509375 0.443069 0.967188 0.405941
47 0.502344 0.438196 0.976562 0.402073
99 0.38291 0.474938 0.685742 0.357054
33 0.502344 0.438738 0.98125 0.402228
75 0.413281 0.482054 0.740625 0.362624
41 0.502344 0.438738 0.98125 0.402228
110 0.413281 0.482054 0.740625 0.362624
53 0.413281 0.482054 0.740625 0.362624
111 0.503125 0.83849 0.95625 0.32302
48 0.503125 0.83849 0.95625 0.32302
84 0.413281 0.482054 0.740625 0.362624
46 0.413281 0.482054 0.740625 0.362624
56 0.413281 0.482054 0.740625 0.362624
76 0.413281 0.482054 0.740625 0.362624
54 0.38291 0.474938 0.685742 0.357054
51 0.500781 0.448948 0.939062 0.401609
47 0.38291 0.474938 0.685742 0.357054
42 0.502344 0.438738 0.98125 0.402228
52 0.38291 0.474938 0.685742 0.357054
17 0.502344 0.438738 0.98125 0.402228
80 0.413281 0.482054 0.740625 0.362624
66 0.413281 0.482054 0.740625 0.362624
105 0.38291 0.474938 0.685742 0.357054
97 0.507031 0.433787 0.979688 0.413366
49 0.509375 0.443069 0.967188 0.405941
104 0.413281 0.482054 0.740625 0.362624
51 0.413281 0.482054 0.740625 0.362624
100 0.413281 0.482054 0.740625 0.362624
74 0.38291 0.474938 0.685742 0.357054
108 0.452344 0.466584 0.829687 0.376238
48 0.455078 0.927599 0.910156 0.144802
68 0.503125 0.83849 0.95625 0.32302
49 0.413281 0.482054 0.740625 0.362624
111 0.480469 0.909653 0.960938 0.180693
48 0.639746 0.819307 0.720508 0.361386
104 0.510938 0.331064 0.96875 0.615099
48 0.885547 0.818069 0.228906 0.363861
50 0.503125 0.83849 0.95625 0.32302
99 0.503125 0.83849 0.95625 0.32302
68 0.501562 0.895111 0.94375 0.209777
109 0.503125 0.83849 0.95625 0.32302
68 0.455078 0.927599 0.910156 0.144802
81 0.413281 0.482054 0.740625 0.362624
97 0.38291 0.474938 0.685742 0.357054
48 0.353516 0.898824 0.707031 0.202351
102 0.48125 0.917079 0.953125 0.165842
50 0.480469 0.909653 0.960938 0.180693
68 0.501172 0.424505 0.989844 0.45297
53 0.501172 0.424505 0.989844 0.45297
95 0.501172 0.424505 0.989844 0.45297
101 0.491016 0.425665 0.961719 0.45065
102 0.491016 0.4375 0.958594 0.418317
67 0.491016 0.425665 0.961719 0.45065
53 0.500781 0.330755 0.979688 0.66151
48 0.491016 0.425665 0.961719 0.45065
109 0.491016 0.425665 0.961719 0.45065
110 0.501172 0.424505 0.989844 0.45297
56 0.501172 0.424505 0.989844 0.45297
68 0.492188 0.620049 0.95625 0.717822
77 0.501172 0.424505 0.989844 0.45297
84 0.501172 0.424505 0.989844 0.45297
68 0.486719 0.525371 0.935938 0.443069
68 0.500781 0.330755 0.979688 0.66151
95 0.500781 0.330755 0.979688 0.66151
56 0.500781 0.330755 0.979688 0.66151
52 0.501172 0.424505 0.989844 0.45297
68 0.497656 0.197092 0.982813 0.394183
111 0.491016 0.425665 0.961719 0.45065
68 0.489062 0.826114 0.954687 0.347772
68 0.504297 0.722772 0.985156 0.554455
48 0.501172 0.095297 0.978906 0.190594
48 0.589063 0.816213 0.821875 0.367574
68 0.501172 0.095297 0.978906 0.190594
53 0.475 0.842822 0.95 0.314356
95 0.492188 0.620049 0.95625 0.717822
53 0.504297 0.722772 0.985156 0.554455
52 0.500781 0.330755 0.979688 0.66151
104 0.503125 0.421101 0.979688 0.447401
48 0.475 0.842822 0.95 0.314356
53 0.492188 0.620049 0.95625 0.717822
53 0.501172 0.095297 0.978906 0.190594
48 0.500781 0.330755 0.979688 0.66151
105 0.503125 0.421101 0.979688 0.447401
68 0.488672 0.48453 0.907031 0.318069
78 0.503125 0.421101 0.979688 0.447401
84 0.500781 0.330755 0.979688 0.66151
103 0.501172 0.424505 0.989844 0.45297
67 0.492188 0.620049 0.95625 0.717822
101 0.492188 0.620049 0.95625 0.717822
48 0.504297 0.722772 0.985156 0.554455
53 0.497656 0.197092 0.982813 0.394183
102 0.486719 0.525371 0.935938 0.443069
67 0.500781 0.330755 0.979688 0.66151
68 0.466797 0.923886 0.919531 0.152228
79 0.49375 0.419864 0.9875 0.435025
74 0.503125 0.421101 0.979688 0.447401
53 0.486719 0.525371 0.935938 0.443069
101 0.486719 0.525371 0.935938 0.443069
95 0.489453 0.793317 0.953906 0.413366
95 0.486719 0.525371 0.935938 0.443069
102 0.492188 0.620049 0.95625 0.717822
99 0.500781 0.42698 0.970312 0.450495
109 0.501172 0.095297 0.978906 0.190594
53 0.589063 0.816213 0.821875 0.367574
53 0.448438 0.457611 0.80625 0.360767
81 0.49375 0.419864 0.9875 0.435025
104 0.500781 0.330755 0.979688 0.66151
80 0.501172 0.424505 0.989844 0.45297
105 0.500781 0.330755 0.979688 0.66151
67 0.486719 0.525371 0.935938 0.443069
109 0.489453 0.793317 0.953906 0.413366
54 0.503125 0.421101 0.979688 0.447401
68 0.493359 0.0570854 0.986719 0.114171
48 0.497656 0.197092 0.982813 0.394183
101 0.500781 0.330755 0.979688 0.66151
108 0.503125 0.421101 0.979688 0.447401
101 0.497656 0.197092 0.982813 0.394183
50 0.491016 0.425665 0.961719 0.45065
102 0.500781 0.364558 0.989062 0.616182
78 0.49375 0.336634 0.9875 0.658416
52 0.504297 0.722772 0.985156 0.554455
48 0.493359 0.0570854 0.986719 0.114171
109 0.500781 0.330755 0.979688 0.66151
75 0.503125 0.421101 0.979688 0.447401
101 0.501172 0.095297 0.978906 0.190594
76 0.501172 0.424505 0.989844 0.45297
50 0.501172 0.095297 0.978906 0.190594
110 0.500781 0.330755 0.979688 0.66151
102 0.483594 0.835087 0.954687 0.329827
102 0.497656 0.197092 0.982813 0.394183
67 0.489062 0.826114 0.954687 0.347772
95 0.448438 0.457611 0.80625 0.360767
67 0.504297 0.722772 0.985156 0.554455
95 0.497656 0.197092 0.982813 0.394183
111 0.500781 0.330755 0.979688 0.66151
110 0.492188 0.620049 0.95625 0.717822
77 0.497656 0.197092 0.982813 0.394183
79 0.49375 0.336634 0.9875 0.658416
46 0.501172 0.424505 0.989844 0.45297
56 0.489453 0.793317 0.953906 0.413366
109 0.492188 0.620049 0.95625 0.717822
95 0.494141 0.451733 0.988281 0.903465
100 0.491016 0.425665 0.961719 0.45065
56 0.501172 0.605043 0.982031 0.76021
101 0.504297 0.722772 0.985156 0.554455
102 0.505469 0.0717048 0.964063 0.14341
84 0.489453 0.793317 0.953906 0.413366
49 0.589063 0.816213 0.821875 0.367574
49 0.501172 0.095297 0.978906 0.190594
108 0.500781 0.330755 0.979688 0.66151
109 0.497656 0.197092 0.982813 0.394183
111 0.489062 0.826114 0.954687 0.347772
56 0.494141 0.451733 0.988281 0.903465
48 0.705078 0.820545 0.589844 0.358911
76 0.501172 0.095297 0.978906 0.190594
101 0.483594 0.835087 0.954687 0.329827
77 0.501172 0.095297 0.978906 0.190594
52 0.501172 0.095297 0.978906 0.190594
67 0.497656 0.197092 0.982813 0.394183
81 0.49375 0.336634 0.9875 0.658416
48 0.492188 0.620049 0.95625 0.717822
53 0.493359 0.0570854 0.986719 0.114171
49 0.491016 0.425665 0.961719 0.45065
99 0.542969 0.814975 0.904688 0.37005
67 0.448438 0.457611 0.80625 0.360767
84 0.504687 0.603342 0.984375 0.757426
77 0.504297 0.722772 0.985156 0.554455
109 0.486719 0.525371 0.935938 0.443069
100 0.501172 0.095297 0.978906 0.190594
50 0.542969 0.814975 0.904688 0.37005
48 0.455078 0.925124 0.910156 0.149752
111 0.504297 0.722772 0.985156 0.554455
52 0.500781 0.809406 0.989062 0.381188
110 0.489453 0.793317 0.953906 0.413366
101 0.488672 0.48453 0.907031 0.318069
51 0.589063 0.816213 0.821875 0.367574
99 0.501172 0.095297 0.978906 0.190594
77 0.492188 0.620049 0.95625 0.717822
50 0.497656 0.197092 0.982813 0.394183
77 0.486719 0.525371 0.935938 0.443069
48 0.448438 0.457611 0.80625 0.360767
53 0.455078 0.925124 0.910156 0.149752
51 0.501172 0.095297 0.978906 0.190594
48 0.486719 0.525371 0.935938 0.443069
77 0.500781 0.330755 0.979688 0.66151
47 0.491016 0.425665 0.961719 0.45065
50 0.493359 0.0570854 0.986719 0.114171
54 0.500781 0.330755 0.979688 0.66151
111 0.501172 0.095297 0.978906 0.190594
110 0.497656 0.197092 0.982813 0.394183
110 0.486719 0.525371 0.935938 0.443069
67 0.501172 0.095297 0.978906 0.190594
77 0.475 0.842822 0.95 0.314356
46 0.584375 0.818069 0.83125 0.363861
78 0.494141 0.451733 0.988281 0.903465
101 0.493359 0.0570854 0.986719 0.114171
95 0.466797 0.923886 0.919531 0.152228
84 0.497656 0.197092 0.982813 0.394183
84 0.501172 0.095297 0.978906 0.190594
49 0.497656 0.197092 0.982813 0.394183
51 0.491016 0.425665 0.961719 0.45065
52 0.497656 0.197092 0.982813 0.394183
52 0.504687 0.603342 0.984375 0.757426
84 0.486719 0.525371 0.935938 0.443069
109 0.493359 0.0570854 0.986719 0.114171
104 0.494141 0.451733 0.988281 0.903465
103 0.500781 0.330755 0.979688 0.66151
100 0.497656 0.197092 0.982813 0.394183
80 0.500781 0.330755 0.979688 0.66151
110 0.501172 0.095297 0.978906 0.190594
52 0.671777 0.816522 0.656445 0.366955
104 0.501172 0.605043 0.982031 0.76021
67 0.455078 0.925124 0.910156 0.149752
102 0.504297 0.722772 0.985156 0.554455
75 0.501172 0.095297 0.978906 0.190594
53 0.494141 0.451733 0.988281 0.903465
101 0.466797 0.923886 0.919531 0.152228
68 0.671777 0.816522 0.656445 0.366955
99 0.497656 0.197092 0.982813 0.394183
109 0.448438 0.457611 0.80625 0.360767
78 0.501172 0.605043 0.982031 0.76021
111 0.497656 0.197092 0.982813 0.394183
76 0.542969 0.814975 0.904688 0.37005
68 0.390625 0.461324 0.69375 0.350866
73 0.501172 0.424505 0.989844 0.45297
74 0.500781 0.330755 0.979688 0.66151
49 0.493359 0.0570854 0.986719 0.114171
75 0.500781 0.330755 0.979688 0.66151
49 0.705078 0.820545 0.589844 0.358911
47 0.589063 0.816213 0.821875 0.367574
111 0.492188 0.620049 0.95625 0.717822
46 0.501172 0.095297 0.978906 0.190594
77 0.488672 0.48453 0.907031 0.318069
80 0.497656 0.197092 0.982813 0.394183
76 0.497656 0.197092 0.982813 0.394183
109 0.478906 0.867574 0.957812 0.264851
100 0.493359 0.0570854 0.986719 0.114171
100 0.542969 0.814975 0.904688 0.37005
109 0.466797 0.923886 0.919531 0.152228
77 0.493359 0.0570854 0.986719 0.114171
81 0.494141 0.451733 0.988281 0.903465
68 0.253516 0.467822 0.428906 0.344059
95 0.501172 0.095297 0.978906 0.190594
108 0.494141 0.451733 0.988281 0.903465
102 0.466797 0.923886 0.919531 0.152228
76 0.493359 0.0570854 0.986719 0.114171
68 0.494141 0.451733 0.988281 0.903465
68 0.4625 0.873144 0.925 0.253713
95 0.499219 0.870668 0.982813 0.258663
75 0.497656 0.197092 0.982813 0.394183
48 0.325781 0.878713 0.651563 0.242574
80 0.489453 0.793317 0.953906 0.413366
77 0.589063 0.816213 0.821875 0.367574
111 0.671777 0.816522 0.656445 0.366955
47 0.490234 0.0894957 0.969531 0.178991
110 0.448438 0.457611 0.80625 0.360767
103 0.489453 0.793317 0.953906 0.413366
46 0.505469 0.762995 0.979688 0.47401
77 0.455078 0.925124 0.910156 0.149752
99 0.504297 0.722772 0.985156 0.554455
73 0.501172 0.095297 0.978906 0.190594
51 0.493359 0.0570854 0.986719 0.114171
78 0.497656 0.197092 0.982813 0.394183
52 0.486719 0.525371 0.935938 0.443069
46 0.705078 0.820545 0.589844 0.358911
111 0.486719 0.525371 0.935938 0.443069
74 0.497656 0.197092 0.982813 0.394183
68 0.325781 0.878713 0.651563 0.242574
53 0.705078 0.820545 0.589844 0.358911
48 0.494141 0.451733 0.988281 0.903465
52 0.494141 0.451733 0.988281 0.903465
104 0.489453 0.793317 0.953906 0.413366
80 0.501172 0.095297 0.978906 0.190594
56 0.448438 0.457611 0.80625 0.360767
99 0.493359 0.0570854 0.986719 0.114171
50 0.504297 0.722772 0.985156 0.554455
75 0.493359 0.0570854 0.986719 0.114171
56 0.497656 0.197092 0.982813 0.394183
105 0.501172 0.605043 0.982031 0.76021
78 0.504297 0.722772 0.985156 0.554455
46 0.500781 0.330755 0.979688 0.66151
76 0.500781 0.330755 0.979688 0.66151
79 0.500781 0.4375 0.976562 0.875
52 0.448438 0.457611 0.80625 0.360767
84 0.493359 0.0570854 0.986719 0.114171
53 0.325781 0.878713 0.651563 0.242574
68 0.751562 0.056776 0.496875 0.113552
105 0.494141 0.451733 0.988281 0.903465
53 0.253516 0.467822 0.428906 0.344059
84 0.671777 0.816522 0.656445 0.366955
99 0.455078 0.925124 0.910156 0.149752
52 0.478906 0.867574 0.957812 0.264851
51 0.497656 0.197092 0.982813 0.394183
102 0.427734 0.497525 0.766406 0.289604
84 0.488672 0.48453 0.907031 0.318069
101 0.671777 0.816522 0.656445 0.366955
56 0.486719 0.525371 0.935938 0.443069
46 0.497656 0.197092 0.982813 0.394183
49 0.505469 0.762995 0.979688 0.47401
51 0.705078 0.820545 0.589844 0.358911
73 0.505469 0.762995 0.979688 0.47401
84 0.494141 0.451733 0.988281 0.903465
48 0.253516 0.467822 0.428906 0.344059
48 0.751562 0.056776 0.496875 0.113552
105 0.489453 0.793317 0.953906 0.413366
75 0.584375 0.818069 0.83125 0.363861
50 0.705078 0.820545 0.589844 0.358911
99 0.500781 0.330755 0.979688 0.66151
81 0.504297 0.722772 0.985156 0.554455
110 0.478906 0.867574 0.957812 0.264851
111 0.466797 0.923886 0.919531 0.152228
52 0.493359 0.0570854 0.986719 0.114171
17 0.501172 0.424505 0.989844 0.45297
111 0.493359 0.0570854 0.986719 0.114171
67 0.493359 0.0570854 0.986719 0.114171
54 0.501172 0.095297 0.978906 0.190594
110 0.493359 0.0570854 0.986719 0.114171
73 0.589063 0.816213 0.821875 0.367574
50 0.500781 0.330755 0.979688 0.66151
80 0.494141 0.451733 0.988281 0.903465
50 0.492188 0.620049 0.95625 0.717822
103 0.501172 0.095297 0.978906 0.190594
48 0.293555 0.91646 0.587109 0.167079
53 0.751562 0.056776 0.496875 0.113552
66 0.503125 0.421101 0.979688 0.447401
73 0.500781 0.330755 0.979688 0.66151
109 0.671777 0.816522 0.656445 0.366955
84 0.478906 0.867574 0.957812 0.264851
68 0.419922 0.513304 0.753906 0.262995
75 0.505469 0.762995 0.979688 0.47401
99 0.478906 0.867574 0.957812 0.264851
100 0.492188 0.620049 0.95625 0.717822
103 0.505859 0.656559 0.980469 0.686881
68 0.242188 0.530941 0.414062 0.216584
46 0.493359 0.0570854 0.986719 0.114171
47 0.705078 0.820545 0.589844 0.358911
84 0.466797 0.923886 0.919531 0.152228
110 0.486719 0.923267 0.951563 0.153465
68 0.507812 0.439434 0.965625 0.405786
95 0.502344 0.448329 0.964063 0.376856
77 0.502344 0.448329 0.964063 0.376856
109 0.502344 0.448329 0.964063 0.376856
67 0.507812 0.439434 0.965625 0.405786
110 0.507812 0.439434 0.965625 0.405786
101 0.507812 0.439434 0.965625 0.405786
102 0.507812 0.439434 0.965625 0.405786
84 0.502344 0.448329 0.964063 0.376856
53 0.505469 0.417389 0.96875 0.443688
103 0.49375 0.449567 0.978125 0.373144
111 0.502344 0.448329 0.964063 0.376856
95 0.505469 0.613243 0.960938 0.699257
56 0.502344 0.448329 0.964063 0.376856
104 0.49375 0.449567 0.978125 0.373144
74 0.49375 0.449567 0.978125 0.373144
68 0.5 0.590347 0.95 0.549505
68 0.503906 0.504641 0.939062 0.321163
97 0.505859 0.433091 0.960156 0.411046
104 0.494141 0.59901 0.988281 0.700495
105 0.503125 0.454208 0.971875 0.368812
67 0.505469 0.613243 0.960938 0.699257
102 0.503906 0.504641 0.939062 0.321163
103 0.503125 0.36827 0.96875 0.525835
56 0.505469 0.613243 0.960938 0.699257
84 0.503125 0.36827 0.96875 0.525835
76 0.506641 0.405941 0.967969 0.455446
105 0.494141 0.59901 0.988281 0.700495
84 0.494141 0.59901 0.988281 0.700495
68 0.345898 0.461634 0.609766 0.358911
53 0.515234 0.483292 0.969531 0.345297
109 0.505469 0.613243 0.960938 0.699257
66 0.503125 0.454208 0.971875 0.368812
99 0.502344 0.448329 0.964063 0.376856
109 0.503125 0.36827 0.96875 0.525835
81 0.503125 0.454208 0.971875 0.368812
111 0.503125 0.36827 0.96875 0.525835
101 0.503906 0.504641 0.939062 0.321163
80 0.49375 0.449567 0.978125 0.373144
77 0.5 0.590347 0.95 0.549505
100 0.506641 0.405941 0.967969 0.455446
52 0.503125 0.454208 0.971875 0.368812
108 0.503125 0.454208 0.971875 0.368812
110 0.5 0.590347 0.95 0.549505
53 0.505469 0.613243 0.960938 0.699257
101 0.507812 0.632426 0.967188 0.670792
68 0.25293 0.445622 0.442578 0.399598
47 0.505469 0.417389 0.96875 0.443688
48 0.505469 0.417389 0.96875 0.443688
95 0.503125 0.36827 0.96875 0.525835
79 0.503125 0.454208 0.971875 0.368812
73 0.505859 0.433091 0.960156 0.411046
77 0.503125 0.36827 0.96875 0.525835
78 0.503125 0.454208 0.971875 0.368812
67 0.503906 0.504641 0.939062 0.321163
102 0.5 0.590347 0.95 0.549505
110 0.503906 0.504641 0.939062 0.321163
95 0.515234 0.524752 0.969531 0.337871
81 0.494141 0.59901 0.988281 0.700495
97 0.507031 0.176361 0.951563 0.352723
103 0.505469 0.613243 0.960938 0.699257
50 0.49375 0.449567 0.978125 0.373144
75 0.510156 0.0586324 0.935938 0.117265
79 0.494141 0.59901 0.988281 0.700495
74 0.494141 0.59901 0.988281 0.700495
97 0.510156 0.0586324 0.935938 0.117265
17 0.503125 0.454208 0.971875 0.368812
111 0.505469 0.613243 0.960938 0.699257
76 0.510156 0.0586324 0.935938 0.117265
97 0.494141 0.59901 0.988281 0.700495
74 0.555078 0.0594833 0.852344 0.118967
68 0.200195 0.982673 0.379297 0.0346535
68 0.33125 0.983602 0.638281 0.032797
68 0.231055 0.935025 0.434766 0.12995
108 0.494141 0.59901 0.988281 0.700495
75 0.507031 0.176361 0.951563 0.352723
67 0.421777 0.467203 0.75332 0.342822
74 0.507031 0.176361 0.951563 0.352723
99 0.503125 0.36827 0.96875 0.525835
109 0.345898 0.461634 0.609766 0.358911
56 0.506641 0.358911 0.961719 0.539604
68 0.832031 0.449257 0.304688 0.358911
68 0.377734 0.934715 0.732031 0.130569
68 0.197461 0.483911 0.326562 0.344059
54 0.505859 0.433091 0.960156 0.411046
50 0.510156 0.0586324 0.935938 0.117265
52 0.494141 0.59901 0.988281 0.700495
109 0.41875 0.419864 0.753125 0.449876
66 0.494141 0.59901 0.988281 0.700495
68 0.495313 0.607054 0.985937 0.763614
102 0.421777 0.467203 0.75332 0.342822
68 0.131934 0.434715 0.235352 0.430074
109 0.25293 0.445622 0.442578 0.399598
48 0.546875 0.0566213 0.853125 0.113243
50 0.507031 0.176361 0.951563 0.352723
42 0.546875 0.0566213 0.853125 0.113243
76 0.507031 0.176361 0.951563 0.352723
49 0.505469 0.417389 0.96875 0.443688
68 0.668359 0.451733 0.635156 0.344059
77 0.345898 0.461634 0.609766 0.358911
110 0.421777 0.467203 0.75332 0.342822
78 0.494141 0.59901 0.988281 0.700495
67 0.330664 0.420792 0.579297 0.459158
66 0.555078 0.0594833 0.852344 0.118967
52 0.506641 0.358911 0.961719 0.539604
46 0.503125 0.36827 0.96875 0.525835
95 0.345898 0.461634 0.609766 0.358911
50 0.503125 0.36827 0.96875 0.525835
97 0.50625 0.314356 0.959375 0.628713
77 0.41875 0.419864 0.753125 0.449876
77 0.470703 0.520111 0.857031 0.279084
95 0.507031 0.448639 0.967188 0.404703
56 0.507031 0.448639 0.967188 0.404703
67 0.507031 0.448639 0.967188 0.404703
68 0.510156 0.452661 0.965625 0.413985
109 0.510156 0.448639 0.970312 0.412129
103 0.507031 0.448639 0.967188 0.404703
84 0.507031 0.448639 0.967188 0.404703
104 0.500781 0.46465 0.976562 0.458075
111 0.508594 0.447401 0.964063 0.37995
53 0.5 0.439666 0.984375 0.407797
95 0.507031 0.615718 0.967188 0.743812
68 0.507031 0.615718 0.967188 0.743812
56 0.507031 0.615718 0.967188 0.743812
101 0.510156 0.452661 0.965625 0.413985
54 0.5 0.439666 0.984375 0.407797
105 0.501953 0.444384 0.980469 0.413212
77 0.5125 0.459855 0.957812 0.399598
67 0.507031 0.615718 0.967188 0.743812
110 0.510156 0.448639 0.970312 0.412129
80 0.5 0.439666 0.984375 0.407797
79 0.500781 0.46465 0.976562 0.458075
102 0.5125 0.459855 0.957812 0.399598
97 0.508594 0.471844 0.954687 0.443688
52 0.5 0.439666 0.984375 0.407797
109 0.507031 0.615718 0.967188 0.743812
104 0.507031 0.615718 0.967188 0.743812
81 0.501953 0.444384 0.980469 0.413212
78 0.505859 0.4375 0.969531 0.387376
48 0.505859 0.4375 0.969531 0.387376
84 0.507031 0.615718 0.967188 0.743812
108 0.505859 0.44802 0.966406 0.418317
103 0.507031 0.615718 0.967188 0.743812
111 0.507031 0.615718 0.967188 0.743812
49 0.508594 0.447401 0.964063 0.37995
76 0.508594 0.471844 0.954687 0.443688
101 0.50625 0.595297 0.964063 0.680693
66 0.508594 0.471844 0.954687 0.443688
74 0.508594 0.471844 0.954687 0.443688
105 0.507031 0.615718 0.967188 0.743812
79 0.507031 0.615718 0.967188 0.743812
77 0.50625 0.595297 0.964063 0.680693
68 0.519141 0.508663 0.961719 0.294554
47 0.508594 0.447401 0.964063 0.37995
102 0.50625 0.595297 0.964063 0.680693
73 0.505859 0.4375 0.969531 0.387376
53 0.507031 0.615718 0.967188 0.743812
75 0.508594 0.471844 0.954687 0.443688
81 0.494141 0.607673 0.983594 0.762376
110 0.507031 0.615718 0.967188 0.743812
68 0.505859 0.443998 0.969531 0.373144
102 0.505859 0.443998 0.969531 0.373144
101 0.505859 0.443998 0.969531 0.373144
77 0.505859 0.443998 0.969531 0.373144
67 0.505859 0.443998 0.969531 0.373144
110 0.505859 0.443998 0.969531 0.373144
102 0.508594 0.611541 0.964063 0.717512
109 0.505859 0.443998 0.969531 0.373144
68 0.508594 0.611541 0.964063 0.717512
102 0.504297 0.738243 0.963281 0.5
111 0.508984 0.443379 0.961719 0.369431
101 0.508594 0.611541 0.964063 0.717512
102 0.513281 0.530322 0.960938 0.398515
68 0.504297 0.738243 0.963281 0.5
77 0.508594 0.611541 0.964063 0.717512
101 0.504297 0.738243 0.963281 0.5
102 0.5125 0.838799 0.975 0.322401
68 0.513281 0.530322 0.960938 0.398515
77 0.504297 0.738243 0.963281 0.5
84 0.508984 0.443379 0.961719 0.369431
95 0.508984 0.443379 0.961719 0.369431
102 0.507031 0.892327 0.985937 0.215347
67 0.508594 0.611541 0.964063 0.717512
101 0.5125 0.838799 0.975 0.322401
68 0.5125 0.838799 0.975 0.322401
102 0.514063 0.52599 0.971875 0.27599
101 0.513281 0.530322 0.960938 0.398515
53 0.508984 0.443379 0.961719 0.369431
33 0.417969 0.808787 0.0359375 0.0829208
77 0.5125 0.838799 0.975 0.322401
109 0.508594 0.611541 0.964063 0.717512
16 0.417969 0.808787 0.0359375 0.0829208
101 0.507031 0.892327 0.985937 0.215347
68 0.507031 0.892327 0.985937 0.215347
77 0.513281 0.530322 0.960938 0.398515
5 0.417969 0.808787 0.0359375 0.0829208
68 0.514063 0.52599 0.971875 0.27599
15 0.417969 0.808787 0.0359375 0.0829208
77 0.507031 0.892327 0.985937 0.215347
16 0.597656 0.0560025 0.08125 0.100866
67 0.504297 0.738243 0.963281 0.5
110 0.508594 0.611541 0.964063 0.717512
0 0.417969 0.808787 0.0359375 0.0829208
16 0.602344 0.0826114 0.046875 0.0925124
33 0.444922 0.0559251 0.0460938 0.0450186
50 0.505859 0.443998 0.969531 0.373144
102 0.506641 0.953898 0.986719 0.092203
68 0.505469 0.0824567 0.982813 0.164913
68 0.6125 0.472772 0.751562 0.419554
102 0.505469 0.0824567 0.982813 0.164913
102 0.6125 0.472772 0.751562 0.419554
20 0.417969 0.808787 0.0359375 0.0829208
14 0.417969 0.808787 0.0359375 0.0829208
95 0.510156 0.440594 0.945312 0.367574
67 0.507031 0.437809 0.951563 0.371906
109 0.510156 0.440594 0.945312 0.367574
56 0.510156 0.440594 0.945312 0.367574
68 0.507031 0.437809 0.951563 0.371906
84 0.504687 0.439666 0.95 0.369431
111 0.511719 0.440671 0.9375 0.366182
103 0.510156 0.440594 0.945312 0.367574
97 0.502344 0.442528 0.965625 0.364944
101 0.512109 0.443688 0.957031 0.358911
52 0.516406 0.438428 0.923437 0.369431
102 0.512109 0.443688 0.957031 0.358911
77 0.502344 0.442528 0.965625 0.364944
110 0.502344 0.442528 0.965625 0.364944
53 0.516406 0.438428 0.923437 0.369431
104 0.509766 0.446473 0.938281 0.36448
6 0.502344 0.442528 0.965625 0.364944
76 0.502344 0.442528 0.965625 0.364944
17 0.509766 0.446473 0.938281 0.36448
68 0.502734 0.459158 0.957031 0.383663
67 0.503125 0.456064 0.9625 0.382426
52 0.499609 0.453899 0.967969 0.369431
111 0.503125 0.456064 0.9625 0.382426
84 0.503125 0.44771 0.95625 0.378094
95 0.503125 0.456064 0.9625 0.382426
109 0.502734 0.459158 0.957031 0.383663
56 0.503125 0.456064 0.9625 0.382426
101 0.502734 0.459158 0.957031 0.383663
53 0.499609 0.453899 0.967969 0.369431
103 0.503125 0.447401 0.95625 0.424505
77 0.502734 0.459158 0.957031 0.383663
52 0.501953 0.378094 0.972656 0.535891
48 0.503125 0.447401 0.95625 0.424505
105 0.502734 0.459158 0.957031 0.383663
97 0.498828 0.444926 0.964844 0.357673
102 0.502734 0.459158 0.957031 0.383663
68 0.498437 0.434715 0.953125 0.387995
67 0.500781 0.43634 0.94375 0.381033
53 0.547656 0.439356 0.853125 0.388614
102 0.501562 0.426052 0.946875 0.415223
101 0.499609 0.452042 0.942969 0.381807
84 0.508594 0.438738 0.93125 0.37995
77 0.500781 0.43634 0.94375 0.381033
111 0.508594 0.438738 0.93125 0.37995
52 0.547656 0.439356 0.853125 0.388614
48 0.502344 0.402847 0.945312 0.472772
95 0.503125 0.437809 0.940625 0.39047
109 0.521094 0.440517 0.926562 0.381343
110 0.508594 0.438738 0.93125 0.37995
54 0.547656 0.439356 0.853125 0.388614
68 0.515625 0.457921 0.94375 0.375
67 0.496875 0.441213 0.970312 0.383663
111 0.500781 0.443069 0.960938 0.378713
101 0.50625 0.465656 0.934375 0.373144
77 0.492969 0.440903 0.976562 0.384282
102 0.50625 0.465656 0.934375 0.373144
53 0.50625 0.44423 0.951563 0.371442
84 0.50625 0.44423 0.951563 0.371442
109 0.506641 0.445235 0.963281 0.38552
52 0.50625 0.44423 0.951563 0.371442
110 0.496875 0.441213 0.970312 0.383663
95 0.50625 0.44423 0.951563 0.371442
56 0.50625 0.44423 0.951563 0.371442
109 0.510547 0.44802 0.944531 0.358911
111 0.501172 0.445545 0.967969 0.356436
84 0.501172 0.445545 0.967969 0.356436
77 0.499219 0.445854 0.970312 0.355817
110 0.499219 0.445854 0.970312 0.355817
68 0.501172 0.445545 0.967969 0.356436
67 0.507812 0.440594 0.95625 0.363861
84 0.396484 0.443069 0.701563 0.384901
99 0.510547 0.44802 0.944531 0.358911
48 0.507812 0.440594 0.95625 0.363861
75 0.507812 0.436881 0.942187 0.393564
111 0.396484 0.443069 0.701563 0.384901
103 0.507812 0.436881 0.942187 0.393564
76 0.510547 0.44802 0.944531 0.358911
102 0.494531 0.440285 0.982813 0.358292
73 0.510547 0.44802 0.944531 0.358911
56 0.507812 0.440594 0.95625 0.363861
101 0.499219 0.445854 0.970312 0.355817
77 0.396484 0.443069 0.701563 0.384901
53 0.507812 0.440594 0.95625 0.363861
109 0.399609 0.431389 0.705469 0.414449
100 0.510547 0.44802 0.944531 0.358911
68 0.396484 0.443069 0.701563 0.384901
47 0.507812 0.440594 0.95625 0.363861
110 0.396484 0.443069 0.701563 0.384901
54 0.507812 0.440594 0.95625 0.363861
52 0.507812 0.440594 0.95625 0.363861
95 0.499219 0.445854 0.970312 0.355817
67 0.503125 0.450804 0.95625 0.378094
68 0.510938 0.453899 0.946875 0.384282
53 0.503125 0.450804 0.95625 0.378094
111 0.503125 0.450804 0.95625 0.378094
48 0.503125 0.450804 0.95625 0.378094
84 0.510938 0.450495 0.940625 0.368812
77 0.507812 0.456064 0.940625 0.382426
102 0.510547 0.452351 0.947656 0.382426
101 0.507812 0.456064 0.940625 0.382426
56 0.510938 0.450495 0.940625 0.368812
52 0.510938 0.450495 0.940625 0.368812
103 0.502344 0.450418 0.957812 0.381343
95 0.502344 0.450418 0.957812 0.381343
33 0.0324707 0.232054 0.0176758 0.112005
109 0.502344 0.450418 0.957812 0.381343
7 0.0324707 0.232054 0.0176758 0.112005
33 0.0317871 0.216894 0.0225586 0.141708
49 0.502344 0.450418 0.957812 0.381343
77 0.509766 0.438428 0.958594 0.402847
109 0.509766 0.438428 0.958594 0.402847
68 0.509766 0.438428 0.958594 0.402847
111 0.508203 0.446782 0.953906 0.387376
67 0.50625 0.445467 0.959375 0.388769
101 0.509766 0.438428 0.958594 0.402847
84 0.51875 0.44686 0.945312 0.385984
52 0.51875 0.44686 0.945312 0.385984
53 0.51875 0.44686 0.945312 0.385984
56 0.51875 0.44686 0.945312 0.385984
102 0.509766 0.438428 0.958594 0.402847
110 0.509766 0.438428 0.958594 0.402847
95 0.508203 0.442141 0.955469 0.391708
48 0.508203 0.446782 0.953906 0.387376
54 0.508203 0.446782 0.953906 0.387376
97 0.51875 0.44686 0.945312 0.385984
103 0.508203 0.442141 0.955469 0.391708
50 0.510156 0.439975 0.957812 0.403465
76 0.509766 0.438428 0.958594 0.402847
73 0.509766 0.439356 0.955469 0.403465
99 0.508594 0.421101 0.942187 0.438738
47 0.508203 0.446782 0.953906 0.387376
6 0.51875 0.44686 0.945312 0.385984
66 0.509766 0.439356 0.955469 0.403465
49 0.509766 0.439356 0.955469 0.403465
67 0.510156 0.440594 0.954687 0.37005
68 0.510938 0.439047 0.959375 0.376856
111 0.494531 0.438119 0.975 0.376238
101 0.51875 0.440594 0.960938 0.375
84 0.500781 0.439279 0.978125 0.364016
77 0.51875 0.440594 0.960938 0.375
56 0.500781 0.439279 0.978125 0.364016
109 0.494531 0.438119 0.975 0.376238
53 0.507812 0.443069 0.959375 0.363861
102 0.51875 0.440594 0.960938 0.375
52 0.500781 0.439279 0.978125 0.364016
48 0.504297 0.0665223 0.967969 0.133045
95 0.500781 0.439279 0.978125 0.364016
48 0.509375 0.441909 0.9625 0.374845
53 0.504297 0.0665223 0.967969 0.133045
52 0.504297 0.0665223 0.967969 0.133045
68 0.504297 0.0665223 0.967969 0.133045
67 0.504297 0.0665223 0.967969 0.133045
68 0.5125 0.451423 0.940625 0.374381
67 0.50625 0.452042 0.946875 0.363243
101 0.5125 0.451423 0.940625 0.374381
95 0.502344 0.44129 0.967188 0.376083
77 0.5125 0.451423 0.940625 0.374381
84 0.505469 0.445545 0.967188 0.360149
102 0.5125 0.451423 0.940625 0.374381
109 0.502344 0.44129 0.967188 0.376083
111 0.510938 0.444616 0.953125 0.365718
53 0.510938 0.444616 0.953125 0.365718
52 0.510938 0.444616 0.953125 0.365718
33 0.0312988 0.277847 0.0201172 0.0247525
110 0.505469 0.452351 0.953125 0.358911
18 0.0312988 0.277847 0.0201172 0.0247525
56 0.505469 0.452351 0.953125 0.358911
20 0.0312988 0.277847 0.0201172 0.0247525
14 0.0312988 0.277847 0.0201172 0.0247525
48 0.505469 0.452351 0.953125 0.358911
109 0.503906 0.444926 0.967188 0.362624
111 0.514063 0.451114 0.946875 0.363861
68 0.507812 0.44686 0.95625 0.371132
84 0.503906 0.444926 0.967188 0.362624
95 0.513281 0.445545 0.946875 0.352723
67 0.510156 0.44802 0.948438 0.365099
77 0.512891 0.445545 0.949219 0.367574
110 0.512891 0.445545 0.949219 0.367574
101 0.512891 0.445545 0.949219 0.367574
53 0.510156 0.44802 0.948438 0.365099
102 0.512891 0.445545 0.949219 0.367574
103 0.503906 0.444926 0.967188 0.362624
56 0.514063 0.451114 0.946875 0.363861
100 0.512891 0.445545 0.949219 0.367574
76 0.512891 0.445545 0.949219 0.367574
99 0.512891 0.445545 0.949219 0.367574
46 0.512891 0.445545 0.949219 0.367574
73 0.512891 0.445545 0.949219 0.367574
48 0.512891 0.445545 0.949219 0.367574
111 0.34082 0.441522 0.585547 0.383045
68 0.511719 0.44771 0.923437 0.374381
67 0.504297 0.443379 0.957031 0.378094
95 0.494141 0.440517 0.974219 0.37763
111 0.494141 0.440517 0.974219 0.37763
56 0.494141 0.440517 0.974219 0.37763
84 0.494141 0.440517 0.974219 0.37763
101 0.514844 0.448561 0.929688 0.376392
77 0.514844 0.444616 0.932813 0.380569
109 0.504297 0.443379 0.957031 0.378094
53 0.504297 0.443379 0.957031 0.378094
102 0.514844 0.448561 0.929688 0.376392
111 0.502734 0.440903 0.978906 0.371906
67 0.519531 0.435025 0.948438 0.389851
68 0.51875 0.436262 0.946875 0.384901
53 0.510938 0.441522 0.957812 0.381807
77 0.51875 0.436262 0.946875 0.384901
52 0.510938 0.441522 0.957812 0.381807
84 0.502734 0.440903 0.978906 0.371906
101 0.51875 0.436262 0.946875 0.384901
102 0.510938 0.441522 0.957812 0.381807
109 0.502734 0.440903 0.978906 0.371906
48 0.51875 0.436959 0.95 0.390934
110 0.510938 0.441522 0.957812 0.381807
54 0.510938 0.441522 0.957812 0.381807
95 0.510156 0.443688 0.964063 0.363861
97 0.510938 0.441522 0.957812 0.381807
56 0.51875 0.436959 0.95 0.390934
101 0.499609 0.0157024 0.985156 0.0314047
68 0.499609 0.0157024 0.985156 0.0314047
111 0.504297 0.445545 0.946094 0.428218
67 0.499609 0.451114 0.966406 0.40099
68 0.499609 0.451114 0.966406 0.40099
109 0.504297 0.445545 0.946094 0.428218
84 0.504297 0.445545 0.946094 0.428218
77 0.505469 0.452661 0.942187 0.410272
53 0.499219 0.449567 0.970312 0.395421
102 0.505469 0.452661 0.942187 0.410272
110 0.504297 0.445545 0.946094 0.428218
101 0.505469 0.452661 0.942187 0.410272
76 0.504297 0.445545 0.946094 0.428218
95 0.501562 0.449799 0.95 0.413521
48 0.503125 0.808168 0.965625 0.373762
103 0.503125 0.808168 0.965625 0.373762
111 0.496094 0.0772741 0.973437 0.154548
84 0.503125 0.808168 0.965625 0.373762
48 0.504687 0.862005 0.91875 0.27599
109 0.503125 0.808168 0.965625 0.373762
111 0.500391 0.160582 0.964844 0.321163
109 0.504687 0.862005 0.91875 0.27599
48 0.512891 0.439975 0.941406 0.438119
109 0.496094 0.0772741 0.973437 0.154548
84 0.500391 0.160582 0.964844 0.321163
103 0.50625 0.862005 0.946875 0.27599
52 0.499219 0.449567 0.970312 0.395421
109 0.500391 0.160582 0.964844 0.321163
84 0.496094 0.0772741 0.973437 0.154548
110 0.496094 0.0772741 0.973437 0.154548
67 0.509766 0.440594 0.953906 0.378713
111 0.510156 0.442141 0.959375 0.384282
68 0.510156 0.441832 0.954687 0.386139
95 0.528906 0.44423 0.917188 0.364016
56 0.507812 0.44686 0.95 0.374845
53 0.510156 0.442141 0.959375 0.384282
84 0.510547 0.440053 0.960156 0.377321
77 0.510156 0.442141 0.959375 0.384282
109 0.5125 0.439047 0.954687 0.381807
52 0.510547 0.440053 0.960156 0.377321
6 0.528906 0.44423 0.917188 0.364016
101 0.510156 0.442141 0.959375 0.384282
102 0.510156 0.442141 0.959375 0.384282
48 0.510156 0.442141 0.959375 0.384282
84 0.503125 0.43224 0.959375 0.387995
67 0.510156 0.436881 0.945312 0.399752
53 0.513281 0.429765 0.946875 0.39047
52 0.518359 0.433787 0.928906 0.387376
111 0.513281 0.429765 0.946875 0.39047
68 0.510156 0.436881 0.945312 0.399752
54 0.504687 0.429765 0.94375 0.402847
95 0.510156 0.436881 0.945312 0.399752
109 0.510156 0.436881 0.945312 0.399752
77 0.513281 0.429765 0.946875 0.39047
56 0.513281 0.429765 0.946875 0.39047
2 0.518359 0.433787 0.928906 0.387376
102 0.510156 0.436881 0.945312 0.399752
48 0.510156 0.436881 0.945312 0.399752
110 0.507812 0.42729 0.95 0.402847
84 0.507031 0.453589 0.957812 0.39604
68 0.514844 0.450186 0.945312 0.418936
67 0.5125 0.452351 0.951563 0.419554
111 0.514844 0.450186 0.945312 0.418936
77 0.514844 0.450186 0.945312 0.418936
95 0.510938 0.451733 0.95625 0.405941
109 0.514844 0.450186 0.945312 0.418936
53 0.505469 0.456374 0.95 0.41151
103 0.510938 0.451733 0.95625 0.405941
52 0.505469 0.456374 0.95 0.41151
48 0.512891 0.450495 0.946094 0.414604
56 0.511719 0.452042 0.954687 0.41151
101 0.512891 0.450495 0.946094 0.414604
102 0.512891 0.450495 0.946094 0.414604
84 0.673828 0.449567 0.617969 0.365718
67 0.511719 0.453512 0.939062 0.404858
111 0.504687 0.457998 0.946875 0.415687
68 0.510156 0.461943 0.939062 0.409035
109 0.508984 0.456683 0.944531 0.409653
77 0.504687 0.457998 0.946875 0.415687
84 0.5125 0.453899 0.939062 0.406559
95 0.5125 0.453899 0.939062 0.406559
101 0.504687 0.457998 0.946875 0.415687
110 0.504687 0.457998 0.946875 0.415687
53 0.504687 0.457998 0.946875 0.415687
56 0.511719 0.453512 0.939062 0.404858
102 0.504687 0.457998 0.946875 0.415687
6 0.504687 0.457998 0.946875 0.415687
18 0.110547 0.157178 0.04375 0.0470297
18 0.107007 0.171101 0.0684082 0.0600248
48 0.504687 0.457998 0.946875 0.415687
18 0.0315308 0.276532 0.0170166 0.02862
67 0.508594 0.441522 0.965625 0.376856
111 0.510156 0.440671 0.960938 0.381033
68 0.514063 0.439666 0.95 0.384282
77 0.507031 0.438428 0.959375 0.38552
53 0.514844 0.439666 0.951563 0.38552
84 0.510156 0.440671 0.960938 0.381033
109 0.510156 0.440671 0.960938 0.381033
77 0.448438 0.86448 0.825 0.27104
95 0.50625 0.445235 0.965625 0.366955
101 0.448438 0.86448 0.825 0.27104
102 0.507031 0.438428 0.959375 0.38552
101 0.507031 0.438428 0.959375 0.38552
52 0.514844 0.439666 0.951563 0.38552
67 0.382031 0.448639 0.671875 0.378713
67 0.512109 0.436572 0.947656 0.383045
111 0.510938 0.437577 0.95 0.379796
109 0.517578 0.439434 0.944531 0.373608
68 0.514063 0.437191 0.940625 0.383045
84 0.520703 0.439975 0.938281 0.373762
56 0.510938 0.437577 0.95 0.379796
77 0.510938 0.437577 0.95 0.379796
95 0.517578 0.439434 0.944531 0.373608
110 0.517578 0.439434 0.944531 0.373608
6 0.514063 0.437191 0.940625 0.383045
53 0.514063 0.437191 0.940625 0.383045
52 0.514063 0.437191 0.940625 0.383045
67 0.512109 0.444616 0.941406 0.389233
111 0.515625 0.44276 0.934375 0.389233
68 0.511328 0.444384 0.939844 0.390934
77 0.511328 0.444384 0.939844 0.390934
109 0.511328 0.444384 0.939844 0.390934
84 0.515625 0.44276 0.934375 0.389233
53 0.511328 0.442141 0.938281 0.392946
56 0.511328 0.444384 0.939844 0.390934
95 0.511328 0.444384 0.939844 0.390934
101 0.511328 0.444384 0.939844 0.390934
110 0.515625 0.44276 0.934375 0.389233
48 0.511328 0.444384 0.939844 0.390934
6 0.511328 0.444384 0.939844 0.390934
67 0.516016 0.439047 0.936719 0.386757
111 0.514063 0.441909 0.935938 0.383509
84 0.519141 0.43634 0.938281 0.381033
109 0.514063 0.441909 0.935938 0.383509
77 0.516016 0.439047 0.936719 0.386757
68 0.516016 0.439047 0.936719 0.386757
53 0.514844 0.433787 0.9375 0.389851
95 0.519141 0.43634 0.938281 0.381033
56 0.514844 0.435025 0.935938 0.392327
48 0.514844 0.435025 0.935938 0.392327
52 0.514844 0.433787 0.9375 0.389851
101 0.514844 0.435025 0.935938 0.392327
110 0.514063 0.441909 0.935938 0.383509
54 0.514063 0.441909 0.935938 0.383509
67 0.511719 0.443379 0.953125 0.360767
111 0.521875 0.43224 0.940625 0.384282
68 0.521875 0.435721 0.935938 0.378558
109 0.521875 0.43224 0.940625 0.384282
84 0.528125 0.441136 0.915625 0.368967
77 0.521875 0.435721 0.935938 0.378558
53 0.528125 0.441136 0.915625 0.368967
95 0.527344 0.438428 0.920313 0.373144
110 0.521875 0.435721 0.935938 0.378558
56 0.527344 0.438428 0.920313 0.373144
6 0.521875 0.435721 0.935938 0.378558
48 0.521875 0.435721 0.935938 0.378558
67 0.518359 0.440903 0.947656 0.370668
111 0.51875 0.438119 0.948438 0.375
68 0.518359 0.440903 0.947656 0.370668
84 0.51875 0.438119 0.948438 0.375
109 0.51875 0.436881 0.946875 0.377475
77 0.519531 0.437191 0.94375 0.379332
95 0.516016 0.440594 0.950781 0.371287
53 0.516016 0.440594 0.950781 0.371287
56 0.51875 0.438119 0.948438 0.375
110 0.518359 0.439898 0.946094 0.372679
101 0.516016 0.440594 0.950781 0.371287
67 0.507031 0.441213 0.957812 0.381188
68 0.515234 0.439975 0.949219 0.397277
111 0.508984 0.439666 0.953906 0.397896
84 0.508984 0.439666 0.953906 0.397896
109 0.508984 0.439666 0.953906 0.397896
77 0.508984 0.439666 0.953906 0.397896
53 0.514844 0.440903 0.948438 0.395421
48 0.514844 0.440903 0.948438 0.395421
95 0.508984 0.439666 0.953906 0.397896
56 0.503125 0.44245 0.959375 0.386139
67 0.507031 0.44802 0.945312 0.39604
111 0.509375 0.451037 0.939062 0.388769
77 0.509375 0.451037 0.939062 0.388769
68 0.504687 0.451423 0.945312 0.399134
84 0.511719 0.44802 0.9375 0.373762
109 0.511719 0.44802 0.9375 0.373762
56 0.509375 0.451037 0.939062 0.388769
53 0.504687 0.451423 0.945312 0.399134
95 0.504687 0.451423 0.945312 0.399134
67 0.513281 0.448716 0.928125 0.376083
68 0.511719 0.44771 0.932813 0.379332
84 0.519922 0.448639 0.919531 0.362624
111 0.511719 0.44771 0.932813 0.379332
109 0.513281 0.448716 0.928125 0.376083
77 0.511719 0.44771 0.932813 0.379332
95 0.513281 0.448716 0.928125 0.376083
56 0.521094 0.449257 0.917188 0.37005
48 0.885938 0.806931 0.228125 0.325495
67 0.515625 0.438815 0.93125 0.387222
68 0.515625 0.437191 0.9375 0.386757
67 0.346094 0.438815 0.6 0.388459
111 0.486328 0.435953 0.875781 0.394183
84 0.515625 0.437191 0.9375 0.386757
77 0.486328 0.435953 0.875781 0.394183
109 0.517187 0.4375 0.935938 0.387376
111 0.346094 0.438815 0.6 0.388459
95 0.517187 0.4375 0.935938 0.387376
53 0.515625 0.437191 0.9375 0.386757
77 0.346094 0.438815 0.6 0.388459
56 0.517187 0.4375 0.935938 0.387376
68 0.346094 0.438815 0.6 0.388459
101 0.517187 0.4375 0.935938 0.387376
67 0.510156 0.44129 0.942187 0.389697
111 0.508203 0.443998 0.939844 0.389233
84 0.509375 0.446782 0.940625 0.373762
77 0.510156 0.445854 0.940625 0.381807
68 0.517187 0.452661 0.939062 0.371906
109 0.508203 0.443998 0.939844 0.389233
53 0.508203 0.443998 0.939844 0.389233
48 0.887305 0.821163 0.225391 0.357673
95 0.508203 0.443998 0.939844 0.389233
48 0.508203 0.443998 0.939844 0.389233
56 0.498437 0.446473 0.978125 0.369431
52 0.508203 0.443998 0.939844 0.389233
67 0.516406 0.436262 0.935938 0.387376
111 0.525 0.441213 0.91875 0.37005
109 0.525 0.441213 0.91875 0.37005
95 0.525 0.441213 0.91875 0.37005
68 0.516406 0.436262 0.935938 0.387376
84 0.516406 0.436262 0.935938 0.387376
56 0.525 0.441213 0.91875 0.37005
77 0.516406 0.436262 0.935938 0.387376
84 0.519531 0.436572 0.94375 0.38552
109 0.515625 0.441522 0.946875 0.373144
111 0.514844 0.437577 0.945312 0.387222
67 0.522656 0.439898 0.94375 0.378868
68 0.514844 0.437577 0.945312 0.387222
95 0.514844 0.441522 0.945312 0.374381
56 0.514844 0.441522 0.945312 0.374381
77 0.514844 0.437577 0.945312 0.387222
103 0.516406 0.440285 0.94375 0.378094
48 0.519531 0.436881 0.942187 0.387376
53 0.522656 0.439898 0.94375 0.378868
76 0.519531 0.436881 0.942187 0.387376
54 0.514844 0.437577 0.945312 0.387222
67 0.514844 0.450186 0.939062 0.379332
111 0.516406 0.44918 0.94375 0.390006
77 0.516406 0.44918 0.94375 0.390006
84 0.517187 0.45181 0.928125 0.385984
68 0.515625 0.445545 0.94375 0.386139
109 0.513672 0.45181 0.935156 0.394647
53 0.513672 0.45181 0.935156 0.394647
48 0.513672 0.45181 0.935156 0.394647
56 0.5125 0.447478 0.94375 0.374845
95 0.5125 0.447478 0.94375 0.374845
67 0.51875 0.451114 0.935938 0.402228
111 0.516406 0.44771 0.939062 0.400371
84 0.513281 0.446163 0.942187 0.394802
109 0.513281 0.446241 0.951563 0.384746
56 0.513281 0.446241 0.951563 0.384746
77 0.517969 0.445854 0.935938 0.404084
68 0.517969 0.445854 0.935938 0.404084
95 0.513281 0.446241 0.951563 0.384746
48 0.517969 0.445854 0.935938 0.404084
46 0.516406 0.44771 0.939062 0.400371
53 0.517969 0.445854 0.935938 0.404084
67 0.520312 0.448561 0.928125 0.381343
77 0.517187 0.450186 0.934375 0.401609
111 0.517187 0.450495 0.93125 0.397277
68 0.519531 0.446241 0.93125 0.381033
84 0.517969 0.445545 0.935938 0.39604
48 0.517187 0.450495 0.93125 0.397277
109 0.519531 0.446241 0.93125 0.381033
53 0.517187 0.450495 0.93125 0.397277
101 0.517969 0.445545 0.935938 0.39604
102 0.517969 0.445545 0.935938 0.39604
76 0.517969 0.445545 0.935938 0.39604
52 0.517187 0.450495 0.93125 0.397277
95 0.519531 0.446241 0.93125 0.381033
6 0.519531 0.446241 0.93125 0.381033
56 0.517187 0.450495 0.93125 0.397277
110 0.517187 0.450495 0.93125 0.397277
67 0.503906 0.441754 0.967188 0.367729
77 0.517969 0.443688 0.935938 0.387376
111 0.521094 0.443611 0.923437 0.373917
84 0.521094 0.443611 0.923437 0.373917
53 0.517969 0.443688 0.935938 0.387376
48 0.51875 0.445854 0.942187 0.384282
68 0.517969 0.443688 0.935938 0.387376
101 0.51875 0.445854 0.942187 0.384282
67 0.502344 0.443688 0.967188 0.360149
77 0.520312 0.442141 0.929688 0.368193
111 0.520312 0.442141 0.929688 0.368193
84 0.520312 0.442141 0.929688 0.368193
68 0.520703 0.438815 0.946094 0.374845
53 0.519531 0.441832 0.939062 0.373762
109 0.520312 0.442141 0.929688 0.368193
95 0.50625 0.443379 0.9625 0.358292
48 0.891406 0.783416 0.217187 0.324257
67 0.519531 0.446163 0.942187 0.366337
77 0.520312 0.445235 0.953125 0.376856
111 0.519922 0.445854 0.936719 0.370668
68 0.519531 0.443688 0.94375 0.381188
84 0.519922 0.445854 0.936719 0.370668
109 0.519922 0.445854 0.936719 0.370668
53 0.51875 0.443688 0.953125 0.382426
95 0.519922 0.445854 0.936719 0.370668
6 0.519922 0.445854 0.936719 0.370668
56 0.519922 0.445854 0.936719 0.370668
67 0.521094 0.444848 0.934375 0.368967
77 0.520312 0.445003 0.934375 0.373608
111 0.520312 0.445003 0.934375 0.373608
68 0.520703 0.446473 0.942969 0.375619
84 0.528906 0.445854 0.9125 0.360767
109 0.520312 0.445003 0.934375 0.373608
53 0.51875 0.442373 0.94375 0.383818
48 0.888281 0.771658 0.223438 0.305693
6 0.519922 0.439666 0.941406 0.380569
67 0.520312 0.457611 0.94375 0.406559
111 0.513672 0.454517 0.955469 0.391708
84 0.508594 0.450495 0.964063 0.375
68 0.518359 0.454827 0.953906 0.408416
48 0.891406 0.794554 0.217187 0.339109
109 0.508594 0.450495 0.964063 0.375
77 0.516797 0.451733 0.953906 0.410891
95 0.513672 0.454517 0.955469 0.391708
47 0.891406 0.794554 0.217187 0.339109
56 0.513672 0.454517 0.955469 0.391708
67 0.514844 0.462252 0.926562 0.382426
77 0.516406 0.454131 0.939062 0.401145
111 0.513672 0.457302 0.944531 0.392327
84 0.513672 0.457302 0.944531 0.392327
53 0.514844 0.450495 0.942187 0.393564
68 0.514844 0.454749 0.942187 0.399907
109 0.513672 0.457302 0.944531 0.392327
48 0.5125 0.80198 0.928125 0.358911
95 0.513672 0.457302 0.944531 0.392327
67 0.506641 0.448948 0.961719 0.371906
77 0.514063 0.451423 0.945312 0.402847
111 0.514063 0.451423 0.945312 0.402847
84 0.514063 0.451423 0.945312 0.402847
68 0.514063 0.451423 0.945312 0.402847
53 0.514063 0.451423 0.945312 0.402847
48 0.526953 0.80198 0.942969 0.366337
109 0.514063 0.451423 0.945312 0.402847
95 0.516406 0.453512 0.934375 0.388769
67 0.520312 0.461015 0.940625 0.389851
77 0.517969 0.453899 0.94375 0.404084
111 0.515625 0.450186 0.95 0.389233
84 0.515625 0.454208 0.946875 0.399752
109 0.515625 0.450186 0.95 0.389233
48 0.521875 0.912748 0.889063 0.174505
48 0.5375 0.807549 0.821875 0.365099
67 0.509766 0.44771 0.960156 0.374381
111 0.5125 0.44802 0.954687 0.399752
77 0.517578 0.448639 0.949219 0.402228
84 0.512891 0.451037 0.944531 0.385056
68 0.5125 0.44802 0.954687 0.399752
109 0.5125 0.44802 0.954687 0.399752
95 0.5125 0.44802 0.954687 0.399752
56 0.5125 0.44802 0.954687 0.399752
67 0.504297 0.451423 0.964844 0.36448
77 0.5125 0.452661 0.94375 0.387995
68 0.509375 0.452042 0.94375 0.39047
111 0.509375 0.452042 0.94375 0.39047
84 0.509375 0.452042 0.94375 0.39047
109 0.509375 0.452042 0.94375 0.39047
95 0.509375 0.452042 0.94375 0.39047
6 0.516406 0.45297 0.935938 0.37995
67 0.507812 0.455446 0.965625 0.386139
77 0.512891 0.455755 0.944531 0.410272
111 0.511328 0.456064 0.947656 0.412129
84 0.512891 0.455755 0.944531 0.410272
68 0.508594 0.459081 0.948438 0.414759
109 0.508594 0.459081 0.948438 0.414759
67 0.511328 0.455136 0.955469 0.391708
77 0.523438 0.458462 0.953125 0.397432
111 0.514063 0.452351 0.948438 0.408416
84 0.514063 0.452351 0.948438 0.408416
68 0.5125 0.451655 0.95 0.40362
53 0.5125 0.451655 0.95 0.40362
109 0.514063 0.452351 0.948438 0.408416
67 0.763672 0.434406 0.441406 0.334158
95 0.513281 0.457921 0.95 0.399752
67 0.510156 0.449567 0.9625 0.363243
77 0.514844 0.449257 0.948438 0.40099
111 0.510938 0.450804 0.951563 0.38552
84 0.510156 0.453048 0.948438 0.387222
109 0.514844 0.449954 0.948438 0.400835
68 0.510156 0.453048 0.948438 0.387222
67 0.658496 0.446473 0.650195 0.349629
67 0.810742 0.435025 0.347266 0.326733
67 0.510547 0.448639 0.966406 0.357673
111 0.513281 0.449567 0.946875 0.379332
77 0.519531 0.444616 0.948438 0.396658
84 0.513281 0.449567 0.946875 0.379332
68 0.519531 0.444616 0.948438 0.396658
109 0.519531 0.444616 0.948438 0.396658
95 0.513281 0.449567 0.946875 0.379332
67 0.649609 0.447401 0.666406 0.34901
56 0.513281 0.449567 0.946875 0.379332
67 0.507422 0.448948 0.966406 0.35953
77 0.520312 0.449335 0.95 0.39341
111 0.515625 0.448329 0.95 0.383045
68 0.515625 0.448329 0.95 0.383045
84 0.516406 0.448329 0.948438 0.379332
109 0.520312 0.449335 0.95 0.39341
53 0.520312 0.449335 0.95 0.39341
95 0.519141 0.451423 0.939844 0.370668
67 0.508203 0.446782 0.966406 0.362624
111 0.510938 0.448329 0.959375 0.370668
77 0.524219 0.449567 0.951563 0.389233
84 0.511719 0.44802 0.954687 0.37005
68 0.511328 0.446163 0.958594 0.384901
109 0.511719 0.44802 0.954687 0.37005
53 0.523828 0.445467 0.952344 0.392481
95 0.511719 0.44802 0.954687 0.37005
67 0.510938 0.443069 0.95 0.391089
111 0.510938 0.443069 0.95 0.391089
77 0.514844 0.443998 0.94375 0.396658
84 0.5125 0.446241 0.95 0.377321
109 0.510547 0.44245 0.947656 0.387376
68 0.510547 0.44245 0.947656 0.387376
95 0.510547 0.44245 0.947656 0.387376
53 0.514844 0.443998 0.94375 0.396658
67 0.505469 0.443688 0.967188 0.365099
77 0.517187 0.442141 0.946875 0.378094
111 0.5125 0.441832 0.945312 0.376238
84 0.5125 0.441832 0.945312 0.376238
68 0.514063 0.441522 0.946875 0.378094
109 0.5125 0.441832 0.945312 0.376238
95 0.5125 0.441832 0.945312 0.376238
67 0.5125 0.441213 0.940625 0.372525
111 0.510938 0.442373 0.940625 0.370204
77 0.514453 0.440285 0.941406 0.379332
84 0.510938 0.442373 0.940625 0.370204
109 0.514453 0.440285 0.941406 0.379332
68 0.510938 0.442373 0.940625 0.370204
67 0.517187 0.443069 0.93125 0.363861
111 0.510156 0.44245 0.935938 0.37005
77 0.5125 0.441832 0.9375 0.375
84 0.510156 0.44245 0.935938 0.37005
68 0.510156 0.44245 0.935938 0.37005
67 0.516797 0.443147 0.925781 0.364944
111 0.510938 0.442992 0.932813 0.370204
77 0.510938 0.442992 0.932813 0.370204
68 0.510938 0.442992 0.932813 0.370204
84 0.510938 0.442992 0.932813 0.370204
109 0.510938 0.442992 0.932813 0.370204
95 0.510938 0.442992 0.932813 0.370204
67 0.509375 0.441522 0.934375 0.378094
77 0.508984 0.443688 0.935156 0.382426
111 0.509375 0.44276 0.934375 0.375619
68 0.509375 0.44276 0.934375 0.375619
84 0.509375 0.44276 0.934375 0.375619
109 0.509375 0.44276 0.934375 0.375619
67 0.510156 0.441909 0.934375 0.376083
77 0.510938 0.443069 0.935938 0.37995
111 0.509766 0.442992 0.933594 0.373917
68 0.509766 0.442992 0.933594 0.373917
84 0.509766 0.442992 0.933594 0.373917
109 0.509766 0.442992 0.933594 0.373917
67 0.510938 0.442141 0.935938 0.374381
77 0.510938 0.443688 0.9375 0.378713
68 0.510156 0.443379 0.935938 0.373144
111 0.510156 0.443379 0.935938 0.373144
84 0.510156 0.443379 0.935938 0.373144
109 0.510156 0.443379 0.935938 0.373144
67 0.5125 0.442141 0.9375 0.375619
77 0.513281 0.444616 0.939062 0.380569
68 0.510938 0.443147 0.9375 0.374845
111 0.510938 0.443147 0.9375 0.374845
84 0.516406 0.443611 0.925 0.366491
109 0.510938 0.443147 0.9375 0.374845
48 0.895703 0.782178 0.208594 0.326733
48 0.616016 0.818069 0.764844 0.363861
67 0.513281 0.44245 0.939062 0.376238
77 0.514063 0.444926 0.940625 0.382426
68 0.511328 0.443147 0.936719 0.374845
111 0.511328 0.443147 0.936719 0.374845
84 0.517187 0.443765 0.925 0.36742
109 0.511328 0.443147 0.936719 0.374845
67 0.514844 0.444307 0.940625 0.382426
77 0.516406 0.447092 0.942187 0.387995
68 0.514063 0.445003 0.9375 0.381033
111 0.514063 0.445003 0.9375 0.381033
84 0.518359 0.445545 0.925781 0.373762
109 0.514063 0.445003 0.9375 0.381033
95 0.518359 0.445545 0.925781 0.373762
67 0.51875 0.447092 0.926562 0.378094
77 0.515625 0.448716 0.94375 0.392172
68 0.514063 0.446782 0.939062 0.386139
111 0.514063 0.446782 0.939062 0.386139
84 0.519141 0.447324 0.924219 0.378868
109 0.514063 0.446782 0.939062 0.386139
95 0.519141 0.447324 0.924219 0.378868
67 0.517969 0.447401 0.926562 0.376238
77 0.514844 0.449876 0.94375 0.388614
68 0.513672 0.447324 0.938281 0.38258
111 0.513672 0.447324 0.938281 0.38258
84 0.51875 0.447401 0.925 0.376238
109 0.513672 0.447324 0.938281 0.38258
95 0.51875 0.447401 0.925 0.376238
48 0.765234 0.797648 0.467969 0.357673
67 0.517187 0.445854 0.93125 0.368193
77 0.516406 0.44771 0.945312 0.381807
111 0.512891 0.445003 0.941406 0.374845
68 0.512891 0.445003 0.941406 0.374845
109 0.512891 0.445003 0.941406 0.374845
84 0.517578 0.445854 0.928906 0.368193
95 0.517578 0.445854 0.928906 0.368193
48 0.721875 0.805693 0.55625 0.373762
67 0.516406 0.444926 0.932813 0.365099
77 0.516016 0.445854 0.944531 0.378094
111 0.512109 0.443998 0.941406 0.371906
84 0.517187 0.445235 0.929688 0.36448
109 0.512109 0.443998 0.941406 0.371906
68 0.512109 0.443998 0.941406 0.371906
48 0.580469 0.808787 0.8375 0.37995
95 0.517187 0.445235 0.929688 0.36448
67 0.515625 0.446163 0.932813 0.366337
77 0.516406 0.44771 0.94375 0.380569
111 0.511719 0.445235 0.942187 0.374381
84 0.516406 0.446163 0.929688 0.366337
109 0.511719 0.445235 0.942187 0.374381
48 0.578906 0.808168 0.840625 0.378713
68 0.511719 0.445235 0.942187 0.374381
95 0.516406 0.446163 0.929688 0.366337
67 0.514453 0.445545 0.933594 0.365099
77 0.516016 0.447401 0.941406 0.37995
111 0.510938 0.444616 0.94375 0.373144
109 0.510938 0.444616 0.94375 0.373144
84 0.514844 0.446163 0.929688 0.365099
68 0.510938 0.444616 0.94375 0.373144
95 0.514844 0.446163 0.929688 0.365099
48 0.592969 0.808168 0.8125 0.378713
67 0.514844 0.446163 0.93125 0.365099
77 0.515625 0.44771 0.939062 0.380569
111 0.511719 0.445235 0.939062 0.373144
109 0.511719 0.445235 0.939062 0.373144
84 0.511719 0.445235 0.939062 0.373144
68 0.511719 0.445235 0.939062 0.373144
95 0.516016 0.446782 0.927344 0.365099
48 0.586719 0.808168 0.825 0.381188
67 0.514844 0.446473 0.929688 0.36448
77 0.514844 0.448561 0.9375 0.381343
111 0.511328 0.445854 0.939844 0.373144
109 0.511328 0.445854 0.939844 0.373144
84 0.511328 0.445854 0.939844 0.373144
68 0.511328 0.445854 0.939844 0.373144
95 0.511328 0.445854 0.939844 0.373144
67 0.514063 0.446473 0.928125 0.36448
77 0.514844 0.448639 0.935938 0.382426
111 0.511328 0.445854 0.936719 0.373144
84 0.511328 0.445854 0.936719 0.373144
68 0.511328 0.445854 0.936719 0.373144
109 0.511328 0.445854 0.936719 0.373144
95 0.511328 0.445854 0.936719 0.373144
67 0.514063 0.446163 0.928125 0.363861
77 0.514844 0.447092 0.934375 0.380569
111 0.512109 0.445235 0.935156 0.371906
84 0.512109 0.445235 0.935156 0.371906
68 0.512109 0.445235 0.935156 0.371906
109 0.512109 0.445235 0.935156 0.371906
95 0.512109 0.445235 0.935156 0.371906
67 0.514453 0.445854 0.928906 0.363243
77 0.514844 0.445854 0.934375 0.380569
111 0.5125 0.444926 0.934375 0.371287
84 0.5125 0.444926 0.934375 0.371287
109 0.5125 0.444926 0.934375 0.371287
68 0.5125 0.444926 0.934375 0.371287
95 0.5125 0.444926 0.934375 0.371287
67 0.514844 0.445545 0.929688 0.363861
77 0.515625 0.445545 0.934375 0.37995
111 0.5125 0.444307 0.934375 0.371287
84 0.5125 0.444307 0.934375 0.371287
109 0.5125 0.444307 0.934375 0.371287
68 0.5125 0.444307 0.934375 0.371287
95 0.5125 0.444307 0.934375 0.371287
67 0.515625 0.445854 0.928125 0.36448
77 0.515234 0.446473 0.933594 0.381807
111 0.5125 0.445467 0.934375 0.372679
84 0.5125 0.445467 0.934375 0.372679
109 0.5125 0.445467 0.934375 0.372679
68 0.5125 0.445467 0.934375 0.372679
95 0.5125 0.445467 0.934375 0.372679
67 0.516406 0.446163 0.926562 0.365099
77 0.514844 0.446705 0.932813 0.381343
111 0.512891 0.445622 0.933594 0.373608
84 0.512891 0.445622 0.933594 0.373608
68 0.512891 0.445622 0.933594 0.373608
109 0.512891 0.445622 0.933594 0.373608
95 0.512891 0.445622 0.933594 0.373608
67 0.516406 0.446782 0.926562 0.366337
77 0.514844 0.447092 0.932813 0.383045
111 0.5125 0.446163 0.934375 0.375
84 0.5125 0.446163 0.934375 0.375
68 0.5125 0.446163 0.934375 0.375
109 0.5125 0.446163 0.934375 0.375
95 0.5125 0.446163 0.934375 0.375
67 0.517187 0.447401 0.925 0.367574
77 0.514844 0.447942 0.932813 0.386293
111 0.5125 0.446705 0.934375 0.376392
68 0.5125 0.446705 0.934375 0.376392
84 0.5125 0.446705 0.934375 0.376392
109 0.5125 0.446705 0.934375 0.376392
95 0.5125 0.446705 0.934375 0.376392
67 0.517187 0.447092 0.925 0.366955
77 0.514844 0.447324 0.932813 0.386293
111 0.5125 0.446473 0.934375 0.376856
68 0.5125 0.446473 0.934375 0.376856
84 0.5125 0.446473 0.934375 0.376856
109 0.5125 0.446473 0.934375 0.376856
95 0.5125 0.446473 0.934375 0.376856
67 0.517578 0.447401 0.924219 0.366337
77 0.514844 0.447478 0.932813 0.387222
111 0.5125 0.446782 0.934375 0.376238
68 0.5125 0.446782 0.934375 0.376238
84 0.5125 0.446782 0.934375 0.376238
109 0.5125 0.446782 0.934375 0.376238
95 0.5125 0.446782 0.934375 0.376238
67 0.517187 0.44771 0.923437 0.366955
77 0.514063 0.447478 0.934375 0.387222
111 0.512109 0.446705 0.935156 0.376392
68 0.512109 0.446705 0.935156 0.376392
109 0.512109 0.446705 0.935156 0.376392
84 0.512109 0.446705 0.935156 0.376392
95 0.512109 0.446705 0.935156 0.376392
67 0.517187 0.447401 0.923437 0.367574
77 0.514063 0.44686 0.934375 0.387222
111 0.512109 0.446473 0.935156 0.376856
109 0.512109 0.446473 0.935156 0.376856
68 0.512109 0.446473 0.935156 0.376856
84 0.512109 0.446473 0.935156 0.376856
95 0.512109 0.446473 0.935156 0.376856
67 0.517187 0.447401 0.923437 0.367574
77 0.514063 0.447092 0.934375 0.387995
111 0.511719 0.446782 0.935938 0.377475
109 0.511719 0.446782 0.935938 0.377475
68 0.511719 0.446782 0.935938 0.377475
84 0.511719 0.446782 0.935938 0.377475
95 0.511719 0.446782 0.935938 0.377475
67 0.516797 0.447401 0.924219 0.368812
77 0.514063 0.44686 0.934375 0.388459
111 0.511719 0.447092 0.935938 0.378094
109 0.511719 0.447092 0.935938 0.378094
68 0.511719 0.447092 0.935938 0.378094
84 0.511719 0.447092 0.935938 0.378094
95 0.511719 0.447092 0.935938 0.378094
67 0.516406 0.447092 0.925 0.368193
77 0.514063 0.446473 0.934375 0.387995
111 0.511719 0.446782 0.935938 0.377475
109 0.511719 0.446782 0.935938 0.377475
68 0.511719 0.446782 0.935938 0.377475
84 0.511719 0.446782 0.935938 0.377475
95 0.511719 0.446782 0.935938 0.377475
67 0.516406 0.447401 0.926562 0.368812
77 0.514063 0.446163 0.934375 0.387376
111 0.511719 0.446705 0.935938 0.37763
109 0.511719 0.446705 0.935938 0.37763
68 0.511719 0.446705 0.935938 0.37763
84 0.517187 0.44802 0.925 0.368812
95 0.511719 0.446705 0.935938 0.37763
67 0.516406 0.447092 0.925 0.368193
77 0.514063 0.446086 0.934375 0.387531
111 0.511719 0.446705 0.935938 0.37763
109 0.511719 0.446705 0.935938 0.37763
68 0.511719 0.446705 0.935938 0.37763
84 0.517187 0.44802 0.925 0.368812
95 0.511719 0.446705 0.935938 0.37763
67 0.516406 0.447092 0.925 0.368193
77 0.513672 0.445854 0.935156 0.386757
111 0.511719 0.446241 0.935938 0.377321
109 0.511719 0.446241 0.935938 0.377321
68 0.511719 0.446241 0.935938 0.377321
84 0.517187 0.44802 0.925 0.368812
95 0.511719 0.446241 0.935938 0.377321
67 0.516406 0.446782 0.925 0.367574
77 0.513672 0.445622 0.935156 0.385984
111 0.511719 0.445854 0.935938 0.376856
109 0.511719 0.445854 0.935938 0.376856
68 0.511719 0.445854 0.935938 0.376856
84 0.511719 0.445854 0.935938 0.376856
95 0.511719 0.445854 0.935938 0.376856
67 0.516406 0.446782 0.925 0.367574
77 0.513281 0.445545 0.935938 0.384901
111 0.512109 0.445854 0.935156 0.376856
109 0.512109 0.445854 0.935156 0.376856
68 0.512109 0.445854 0.935156 0.376856
84 0.512109 0.445854 0.935156 0.376856
95 0.512109 0.445854 0.935156 0.376856
67 0.516406 0.446163 0.925 0.367574
77 0.514063 0.445235 0.935938 0.384282
111 0.512109 0.445545 0.935156 0.376238
109 0.512109 0.445545 0.935156 0.376238
68 0.512109 0.445545 0.935156 0.376238
84 0.512109 0.445545 0.935156 0.376238
95 0.512109 0.445545 0.935156 0.376238
67 0.516406 0.446473 0.925 0.366955
77 0.514063 0.445545 0.935938 0.383663
111 0.512109 0.445545 0.935156 0.376238
109 0.512109 0.445545 0.935156 0.376238
68 0.512109 0.445545 0.935156 0.376238
84 0.512109 0.445545 0.935156 0.376238
95 0.512109 0.445545 0.935156 0.376238
67 0.516406 0.446473 0.925 0.366955
77 0.513281 0.445545 0.935938 0.382426
111 0.512109 0.445235 0.935156 0.375619
109 0.512109 0.445235 0.935156 0.375619
68 0.512109 0.445235 0.935156 0.375619
84 0.512109 0.445235 0.935156 0.375619
95 0.512109 0.445235 0.935156 0.375619
67 0.516406 0.446473 0.925 0.365718
77 0.514063 0.445235 0.935938 0.381807
111 0.512109 0.445003 0.935156 0.374845
68 0.512109 0.445003 0.935156 0.374845
109 0.512109 0.445003 0.935156 0.374845
84 0.512109 0.445003 0.935156 0.374845
95 0.512109 0.445003 0.935156 0.374845
67 0.516406 0.446473 0.925 0.365718
77 0.513672 0.445235 0.935156 0.381807
111 0.5125 0.445235 0.934375 0.374381
68 0.5125 0.445235 0.934375 0.374381
109 0.5125 0.445235 0.934375 0.374381
84 0.5125 0.445235 0.934375 0.374381
95 0.5125 0.445235 0.934375 0.374381
67 0.516406 0.446473 0.925 0.365718
77 0.513672 0.444926 0.935156 0.381188
111 0.5125 0.445003 0.934375 0.374845
68 0.5125 0.445003 0.934375 0.374845
109 0.5125 0.445003 0.934375 0.374845
84 0.5125 0.445003 0.934375 0.374845
95 0.5125 0.445003 0.934375 0.374845
67 0.516797 0.446473 0.924219 0.365718
77 0.514063 0.445235 0.935938 0.381807
111 0.5125 0.445003 0.934375 0.374845
68 0.5125 0.445003 0.934375 0.374845
109 0.5125 0.445003 0.934375 0.374845
84 0.5125 0.445003 0.934375 0.374845
95 0.5125 0.445003 0.934375 0.374845
67 0.516406 0.446163 0.925 0.365099
77 0.512891 0.444616 0.933594 0.380569
111 0.512891 0.445003 0.935156 0.374845
68 0.512891 0.445003 0.935156 0.374845
109 0.512891 0.445003 0.935156 0.374845
84 0.512891 0.445003 0.935156 0.374845
95 0.512891 0.445003 0.935156 0.374845
67 0.516406 0.446473 0.925 0.365718
77 0.513281 0.444926 0.934375 0.37995
111 0.5125 0.445235 0.935938 0.374381
68 0.5125 0.445235 0.935938 0.374381
109 0.5125 0.445235 0.935938 0.374381
84 0.5125 0.445235 0.935938 0.374381
95 0.5125 0.445235 0.935938 0.374381
67 0.516797 0.446163 0.924219 0.365099
77 0.512891 0.444926 0.933594 0.37995
111 0.5125 0.445467 0.934375 0.373917
68 0.5125 0.445467 0.934375 0.373917
109 0.5125 0.445467 0.934375 0.373917
84 0.5125 0.445467 0.934375 0.373917
95 0.5125 0.445467 0.934375 0.373917
67 0.516406 0.446473 0.925 0.365718
77 0.5125 0.444926 0.934375 0.37995
111 0.5125 0.445235 0.934375 0.374381
68 0.5125 0.445235 0.934375 0.374381
109 0.5125 0.445235 0.934375 0.374381
84 0.5125 0.445235 0.934375 0.374381
95 0.5125 0.445235 0.934375 0.374381
67 0.516406 0.446473 0.925 0.365718
77 0.5125 0.444926 0.934375 0.37995
111 0.5125 0.445235 0.935938 0.374381
68 0.5125 0.445235 0.935938 0.374381
109 0.5125 0.445235 0.935938 0.374381
84 0.5125 0.445235 0.935938 0.374381
95 0.5125 0.445235 0.935938 0.374381
67 0.516406 0.446782 0.925 0.365099
77 0.512891 0.444926 0.933594 0.37995
111 0.5125 0.445235 0.934375 0.374381
68 0.5125 0.445235 0.934375 0.374381
109 0.5125 0.445235 0.934375 0.374381
84 0.5125 0.445235 0.934375 0.374381
95 0.5125 0.445235 0.934375 0.374381
67 0.516406 0.446782 0.925 0.365099
77 0.512891 0.444848 0.933594 0.380105
111 0.5125 0.445235 0.934375 0.374381
68 0.5125 0.445235 0.934375 0.374381
109 0.5125 0.445235 0.934375 0.374381
84 0.5125 0.445235 0.934375 0.374381
95 0.5125 0.445235 0.934375 0.374381
67 0.516406 0.446782 0.925 0.365099
77 0.513672 0.445235 0.935156 0.380569
111 0.5125 0.445467 0.934375 0.373917
68 0.5125 0.445467 0.934375 0.373917
84 0.5125 0.445467 0.934375 0.373917
109 0.5125 0.445467 0.934375 0.373917
95 0.5125 0.445467 0.934375 0.373917
67 0.516406 0.446782 0.925 0.365099
77 0.514063 0.445235 0.934375 0.380569
111 0.5125 0.445467 0.934375 0.373917
68 0.5125 0.445467 0.934375 0.373917
84 0.5125 0.445467 0.934375 0.373917
109 0.5125 0.445467 0.934375 0.373917
95 0.5125 0.445467 0.934375 0.373917
67 0.517187 0.446782 0.925 0.365099
77 0.514063 0.444926 0.935938 0.37995
111 0.5125 0.445545 0.935938 0.373762
68 0.5125 0.445545 0.935938 0.373762
84 0.5125 0.445545 0.935938 0.373762
109 0.5125 0.445545 0.935938 0.373762
95 0.5125 0.445545 0.935938 0.373762
67 0.516797 0.446782 0.925781 0.365099
77 0.514063 0.445235 0.935938 0.380569
111 0.512891 0.445545 0.935156 0.373762
68 0.512891 0.445545 0.935156 0.373762
84 0.512891 0.445545 0.935156 0.373762
109 0.512891 0.445545 0.935156 0.373762
95 0.512891 0.445545 0.935156 0.373762
67 0.516406 0.446782 0.926562 0.365099
77 0.514063 0.445235 0.935938 0.380569
111 0.5125 0.445545 0.935938 0.373762
68 0.5125 0.445545 0.935938 0.373762
84 0.5125 0.445545 0.935938 0.373762
109 0.5125 0.445545 0.935938 0.373762
95 0.5125 0.445545 0.935938 0.373762
67 0.516406 0.446782 0.926562 0.365099
77 0.514453 0.445467 0.936719 0.380105
111 0.5125 0.445545 0.935938 0.373762
68 0.5125 0.445545 0.935938 0.373762
84 0.5125 0.445545 0.935938 0.373762
109 0.5125 0.445545 0.935938 0.373762
95 0.5125 0.445545 0.935938 0.373762
67 0.516406 0.446782 0.926562 0.365099
77 0.514453 0.445545 0.936719 0.37995
111 0.5125 0.445622 0.935938 0.373608
68 0.5125 0.445622 0.935938 0.373608
84 0.5125 0.445622 0.935938 0.373608
109 0.5125 0.445622 0.935938 0.373608
95 0.5125 0.445622 0.935938 0.373608
67 0.516406 0.446782 0.926562 0.365099
77 0.514063 0.445854 0.9375 0.380569
111 0.5125 0.445545 0.935938 0.373762
68 0.5125 0.445545 0.935938 0.373762
84 0.5125 0.445545 0.935938 0.373762
109 0.5125 0.445545 0.935938 0.373762
95 0.5125 0.445545 0.935938 0.373762
67 0.516406 0.446782 0.926562 0.365099
77 0.514063 0.445622 0.935938 0.381033
111 0.5125 0.445545 0.935938 0.373762
68 0.5125 0.445545 0.935938 0.373762
84 0.5125 0.445545 0.935938 0.373762
109 0.5125 0.445545 0.935938 0.373762
95 0.5125 0.445545 0.935938 0.373762
67 0.516406 0.446782 0.926562 0.365099
77 0.514063 0.445854 0.9375 0.380569
111 0.5125 0.445545 0.935938 0.373762
68 0.5125 0.445545 0.935938 0.373762
84 0.5125 0.445545 0.935938 0.373762
109 0.5125 0.445545 0.935938 0.373762
95 0.5125 0.445545 0.935938 0.373762
67 0.516406 0.447092 0.926562 0.365718
77 0.514063 0.445854 0.9375 0.380569
111 0.512891 0.445854 0.936719 0.374381
68 0.512891 0.445854 0.936719 0.374381
84 0.512891 0.445854 0.936719 0.374381
109 0.512891 0.445854 0.936719 0.374381
95 0.512891 0.445854 0.936719 0.374381
67 0.516406 0.446782 0.926562 0.366337
77 0.514063 0.445854 0.9375 0.380569
111 0.512891 0.445545 0.936719 0.373762
68 0.512891 0.445545 0.936719 0.373762
84 0.512891 0.445545 0.936719 0.373762
109 0.512891 0.445545 0.936719 0.373762
95 0.512891 0.445545 0.936719 0.373762
67 0.516406 0.446782 0.926562 0.366337
77 0.514063 0.445854 0.9375 0.380569
111 0.512891 0.445622 0.936719 0.374845
68 0.512891 0.445622 0.936719 0.374845
84 0.512891 0.445622 0.936719 0.374845
109 0.512891 0.445622 0.936719 0.374845
95 0.512891 0.445622 0.936719 0.374845
67 0.516406 0.446782 0.926562 0.366337
77 0.514063 0.445854 0.9375 0.380569
111 0.512891 0.445622 0.936719 0.374845
68 0.512891 0.445622 0.936719 0.374845
84 0.516406 0.44802 0.926562 0.366337
109 0.512891 0.445622 0.936719 0.374845
95 0.512891 0.445622 0.936719 0.374845
67 0.516406 0.446782 0.926562 0.366337
77 0.514063 0.446086 0.9375 0.381343
111 0.512891 0.445622 0.936719 0.374845
68 0.512891 0.445622 0.936719 0.374845
84 0.516797 0.44802 0.927344 0.366337
109 0.512891 0.445622 0.936719 0.374845
95 0.512891 0.445622 0.936719 0.374845
67 0.516406 0.446782 0.926562 0.366337
77 0.514063 0.446163 0.9375 0.381188
111 0.5125 0.445622 0.9375 0.374845
68 0.5125 0.445622 0.9375 0.374845
84 0.516797 0.44802 0.927344 0.366337
109 0.5125 0.445622 0.9375 0.374845
95 0.5125 0.445622 0.9375 0.374845
67 0.516406 0.446782 0.926562 0.366337
77 0.514063 0.446086 0.9375 0.381343
111 0.512891 0.446086 0.936719 0.375155
68 0.512891 0.446086 0.936719 0.375155
84 0.516797 0.44802 0.927344 0.366337
109 0.512891 0.446086 0.936719 0.375155
95 0.512891 0.446086 0.936719 0.375155
67 0.516406 0.446782 0.926562 0.366337
77 0.514063 0.446473 0.9375 0.381807
111 0.512891 0.446086 0.936719 0.375155
68 0.512891 0.446086 0.936719 0.375155
84 0.516797 0.44802 0.927344 0.366337
109 0.512891 0.446086 0.936719 0.375155
95 0.512891 0.446086 0.936719 0.375155
67 0.516406 0.446782 0.928125 0.366337
77 0.514063 0.446473 0.9375 0.381807
111 0.512891 0.446086 0.936719 0.375155
68 0.512891 0.446086 0.936719 0.375155
84 0.516797 0.44802 0.927344 0.366337
109 0.512891 0.446086 0.936719 0.375155
95 0.512891 0.446086 0.936719 0.375155
67 0.516406 0.446782 0.928125 0.366337
77 0.514063 0.446163 0.9375 0.381188
111 0.5125 0.446163 0.9375 0.375
68 0.5125 0.446163 0.9375 0.375
84 0.516797 0.44802 0.927344 0.366337
109 0.5125 0.446163 0.9375 0.375
95 0.5125 0.446163 0.9375 0.375
67 0.516406 0.446782 0.928125 0.366337
77 0.514063 0.446163 0.9375 0.381188
111 0.5125 0.446086 0.9375 0.375155
68 0.5125 0.446086 0.9375 0.375155
84 0.516797 0.44802 0.927344 0.366337
109 0.5125 0.446086 0.9375 0.375155
95 0.5125 0.446086 0.9375 0.375155
67 0.516406 0.447092 0.928125 0.365718
77 0.514063 0.446163 0.9375 0.381188
111 0.5125 0.446086 0.9375 0.375155
68 0.5125 0.446086 0.9375 0.375155
84 0.516797 0.44802 0.927344 0.366337
109 0.5125 0.446086 0.9375 0.375155
95 0.5125 0.446086 0.9375 0.375155
67 0.516406 0.446782 0.928125 0.366337
77 0.514063 0.446163 0.9375 0.381188
111 0.512891 0.446086 0.936719 0.375155
68 0.512891 0.446086 0.936719 0.375155
109 0.512891 0.446086 0.936719 0.375155
84 0.517187 0.448329 0.926562 0.366955
95 0.512891 0.446086 0.936719 0.375155
67 0.516406 0.446782 0.928125 0.366337
77 0.514063 0.446163 0.9375 0.381188
111 0.5125 0.445854 0.9375 0.375619
68 0.5125 0.445854 0.9375 0.375619
109 0.5125 0.445854 0.9375 0.375619
84 0.516797 0.448329 0.927344 0.366955
95 0.5125 0.445854 0.9375 0.375619
67 0.516406 0.447092 0.928125 0.366955
77 0.513672 0.446473 0.938281 0.381807
111 0.512891 0.445854 0.936719 0.375619
68 0.512891 0.445854 0.936719 0.375619
109 0.512891 0.445854 0.936719 0.375619
84 0.517187 0.44802 0.928125 0.367574
95 0.512891 0.445854 0.936719 0.375619
67 0.517187 0.447092 0.928125 0.366955
77 0.514063 0.446473 0.9375 0.381807
111 0.517187 0.44802 0.928125 0.367574
68 0.512891 0.445854 0.936719 0.375619
109 0.512891 0.445854 0.936719 0.375619
84 0.517187 0.44802 0.928125 0.367574
95 0.512891 0.445854 0.936719 0.375619
67 0.517187 0.447092 0.928125 0.366955
77 0.514063 0.446473 0.9375 0.381807
111 0.517187 0.448329 0.928125 0.366955
68 0.5125 0.445622 0.9375 0.376083
109 0.5125 0.445622 0.9375 0.376083
84 0.517187 0.448329 0.928125 0.366955
95 0.5125 0.445622 0.9375 0.376083
67 0.516406 0.446782 0.928125 0.366337
77 0.513672 0.446473 0.938281 0.381807
111 0.517187 0.448329 0.928125 0.366955
68 0.512891 0.445622 0.936719 0.376083
109 0.512891 0.445622 0.936719 0.376083
84 0.517187 0.448329 0.928125 0.366955
95 0.512891 0.445622 0.936719 0.376083
67 0.516797 0.446782 0.928906 0.366337
77 0.513672 0.446473 0.938281 0.381807
111 0.517187 0.448329 0.928125 0.366955
68 0.5125 0.445622 0.9375 0.376083
109 0.5125 0.445622 0.9375 0.376083
84 0.517187 0.448329 0.928125 0.366955
95 0.5125 0.445622 0.9375 0.376083
67 0.516406 0.446782 0.929688 0.366337
77 0.513672 0.446163 0.938281 0.381188
111 0.517187 0.448329 0.928125 0.366955
68 0.5125 0.445545 0.9375 0.375
109 0.5125 0.445545 0.9375 0.375
84 0.517187 0.448329 0.928125 0.366955
95 0.5125 0.445545 0.9375 0.375
67 0.516406 0.447092 0.929688 0.366955
77 0.513672 0.446163 0.938281 0.381188
111 0.517187 0.448329 0.928125 0.366955
68 0.5125 0.445854 0.9375 0.375619
109 0.517187 0.448329 0.928125 0.366955
84 0.517187 0.448329 0.928125 0.366955
95 0.5125 0.445854 0.9375 0.375619
67 0.516406 0.447092 0.929688 0.366955
77 0.513672 0.446163 0.938281 0.381188
111 0.517187 0.448329 0.928125 0.366955
68 0.5125 0.445467 0.9375 0.375155
109 0.517187 0.448329 0.928125 0.366955
84 0.517187 0.448329 0.928125 0.366955
95 0.5125 0.445467 0.9375 0.375155
67 0.516797 0.447092 0.928906 0.366955
77 0.513672 0.446086 0.938281 0.381343
111 0.517187 0.448329 0.928125 0.366955
68 0.5125 0.445622 0.9375 0.376083
109 0.517187 0.448329 0.928125 0.366955
84 0.517187 0.448329 0.928125 0.366955
95 0.5125 0.445622 0.9375 0.376083
67 0.516797 0.447092 0.928906 0.366955
77 0.513672 0.446241 0.938281 0.382271
111 0.517187 0.448329 0.928125 0.366955
68 0.5125 0.445622 0.9375 0.376083
109 0.517187 0.448329 0.928125 0.366955
84 0.517187 0.448329 0.928125 0.366955
95 0.5125 0.445622 0.9375 0.376083
67 0.516406 0.447092 0.929688 0.366955
77 0.514063 0.446086 0.939062 0.381343
111 0.517187 0.44802 0.928125 0.367574
68 0.512891 0.445622 0.936719 0.376083
109 0.517187 0.44802 0.928125 0.367574
84 0.517187 0.44802 0.928125 0.367574
95 0.512891 0.445622 0.936719 0.376083
67 0.516406 0.446782 0.929688 0.367574
77 0.514063 0.446163 0.939062 0.382426
111 0.517187 0.448639 0.928125 0.367574
109 0.517187 0.448639 0.928125 0.367574
68 0.512891 0.445545 0.936719 0.376238
84 0.517187 0.448639 0.928125 0.367574
95 0.512891 0.445545 0.936719 0.376238
67 0.516406 0.447401 0.929688 0.367574
77 0.514063 0.446163 0.939062 0.382426
111 0.516406 0.447401 0.929688 0.367574
109 0.517187 0.448639 0.928125 0.367574
68 0.512891 0.445622 0.936719 0.376083
84 0.517187 0.448639 0.928125 0.367574
95 0.512891 0.445622 0.936719 0.376083
