50 0.531335 0.395089 0.911417 0.407526
50 0.514573 0.44898 0.969892 0.285714
48 0.562911 0.393814 0.848265 0.41773
68 0.514573 0.44898 0.969892 0.285714
48 0.484166 0.453444 0.915316 0.289541
47 0.562911 0.390625 0.849825 0.413903
53 0.532505 0.394133 0.910638 0.40625
49 0.482217 0.44611 0.912977 0.291454
53 0.482217 0.44611 0.912977 0.291454
54 0.514573 0.441964 0.966773 0.293367
49 0.562911 0.393814 0.848265 0.41773
84 0.531335 0.395089 0.911417 0.407526
101 0.514573 0.44898 0.969892 0.285714
111 0.531335 0.395089 0.911417 0.407526
68 0.534844 0.396604 0.904401 0.407047
111 0.484166 0.453444 0.915316 0.289541
101 0.531335 0.395089 0.911417 0.407526
54 0.532505 0.394133 0.910638 0.40625
54 0.393824 0.454719 0.728003 0.288265
50 0.697012 0.377471 0.578505 0.390466
73 0.512234 0.442283 0.965214 0.297194
109 0.562911 0.393814 0.848265 0.41773
109 0.393824 0.454719 0.728003 0.288265
103 0.514573 0.44898 0.969892 0.285714
79 0.482217 0.44611 0.912977 0.291454
76 0.482217 0.44611 0.912977 0.291454
74 0.482217 0.44611 0.912977 0.291454
75 0.562911 0.393814 0.848265 0.41773
109 0.514573 0.441964 0.966773 0.293367
104 0.482217 0.44611 0.912977 0.291454
79 0.531335 0.395089 0.911417 0.407526
48 0.697012 0.377471 0.578505 0.390466
103 0.534844 0.396604 0.904401 0.407047
95 0.484166 0.453444 0.915316 0.289541
42 0.393824 0.454719 0.728003 0.288265
100 0.531335 0.395089 0.911417 0.407526
67 0.482217 0.44611 0.912977 0.291454
84 0.514573 0.441964 0.966773 0.293367
95 0.508335 0.398517 0.963654 0.390466
110 0.482217 0.44611 0.912977 0.291454
46 0.482217 0.44611 0.912977 0.291454
81 0.514573 0.441964 0.966773 0.293367
66 0.484166 0.453444 0.915316 0.289541
17 0.508335 0.398517 0.963654 0.390466
77 0.531335 0.395089 0.911417 0.407526
74 0.531335 0.395089 0.911417 0.407526
100 0.514573 0.44898 0.969892 0.285714
66 0.531335 0.395089 0.911417 0.407526
42 0.514573 0.441964 0.966773 0.293367
81 0.532505 0.394133 0.910638 0.40625
76 0.531335 0.395089 0.911417 0.407526
38 0.562911 0.390625 0.849825 0.413903
17 0.484166 0.453444 0.915316 0.289541
111 0.697012 0.377471 0.578505 0.390466
68 0.697012 0.377471 0.578505 0.390466
47 0.720402 0.387755 0.537962 0.410714
73 0.563691 0.388712 0.843587 0.408163
104 0.563691 0.388712 0.843587 0.408163
101 0.697012 0.377471 0.578505 0.390466
67 0.531335 0.395089 0.911417 0.407526
73 0.403764 0.459503 0.748664 0.288903
75 0.512234 0.442283 0.965214 0.297194
102 0.531335 0.395089 0.911417 0.407526
49 0.697012 0.377471 0.578505 0.390466
77 0.514573 0.44898 0.969892 0.285714
84 0.393824 0.454719 0.728003 0.288265
75 0.403764 0.459503 0.748664 0.288903
80 0.514573 0.441964 0.966773 0.293367
97 0.482217 0.44611 0.912977 0.291454
56 0.534844 0.396604 0.904401 0.407047
46 0.531335 0.395089 0.911417 0.407526
47 0.49781 0.451531 0.941044 0.304847
38 0.482217 0.44611 0.912977 0.291454
100 0.697012 0.377471 0.578505 0.390466
108 0.393824 0.454719 0.728003 0.288265
51 0.482217 0.44611 0.912977 0.291454
110 0.532505 0.394133 0.910638 0.40625
81 0.393824 0.454719 0.728003 0.288265
109 0.697012 0.377471 0.578505 0.390466
108 0.531335 0.395089 0.911417 0.407526
80 0.638538 0.387436 0.700131 0.407526
99 0.49781 0.451531 0.941044 0.304847
33 0.531335 0.395089 0.911417 0.407526
56 0.482217 0.44611 0.912977 0.291454
42 0.531335 0.395089 0.911417 0.407526
15 0.562911 0.390625 0.849825 0.413903
84 0.697012 0.377471 0.578505 0.390466
53 0.720402 0.387755 0.537962 0.410714
104 0.697012 0.377471 0.578505 0.390466
73 0.697012 0.377471 0.578505 0.390466
26 0.508725 0.415179 0.969112 0.352679
102 0.484166 0.453444 0.915316 0.289541
16 0.562911 0.390625 0.849825 0.413903
51 0.532505 0.394133 0.910638 0.40625
99 0.532505 0.394133 0.910638 0.40625
38 0.720402 0.387755 0.537962 0.410714
75 0.697012 0.377471 0.578505 0.390466
52 0.507556 0.406808 0.971451 0.366231
33 0.484166 0.453444 0.915316 0.289541
5 0.562911 0.393814 0.848265 0.41773
48 0.373065 0.470982 0.675182 0.278699
68 0.7703 0.359136 0.424133 0.356983
66 0.697012 0.377471 0.578505 0.390466
111 0.373065 0.470982 0.675182 0.278699
17 0.697012 0.377471 0.578505 0.390466
41 0.482217 0.44611 0.912977 0.291454
7 0.512234 0.442283 0.965214 0.297194
52 0.638538 0.387436 0.700131 0.407526
16 0.482217 0.44611 0.912977 0.291454
108 0.514573 0.441964 0.966773 0.293367
79 0.697012 0.377471 0.578505 0.390466
5 0.512234 0.442283 0.965214 0.297194
103 0.697012 0.377471 0.578505 0.390466
50 0.373065 0.470982 0.675182 0.278699
80 0.393824 0.454719 0.728003 0.288265
54 0.720402 0.387755 0.537962 0.410714
105 0.514573 0.44898 0.969892 0.285714
50 0.7703 0.359136 0.424133 0.356983
7 0.531335 0.395089 0.911417 0.407526
7 0.393824 0.454719 0.728003 0.288265
88 0.638538 0.387436 0.700131 0.407526
46 0.697012 0.377471 0.578505 0.390466
97 0.562911 0.393814 0.848265 0.41773
65 0.514573 0.44898 0.969892 0.285714
95 0.697012 0.377471 0.578505 0.390466
78 0.532505 0.394133 0.910638 0.40625
56 0.697012 0.377471 0.578505 0.390466
99 0.720402 0.387755 0.537962 0.410714
15 0.514573 0.441964 0.966773 0.293367
67 0.697012 0.377471 0.578505 0.390466
74 0.697012 0.377471 0.578505 0.390466
72 0.532505 0.394133 0.910638 0.40625
94 0.482217 0.44611 0.912977 0.291454
26 0.403764 0.459503 0.748664 0.288903
0 0.532505 0.394133 0.910638 0.40625
14 0.514573 0.44898 0.969892 0.285714
15 0.720402 0.387755 0.537962 0.410714
28 0.531335 0.395089 0.911417 0.407526
4 0.532505 0.394133 0.910638 0.40625
21 0.482217 0.44611 0.912977 0.291454
14 0.532505 0.394133 0.910638 0.40625
101 0.373065 0.470982 0.675182 0.278699
88 0.507556 0.406808 0.971451 0.366231
28 0.482217 0.44611 0.912977 0.291454
105 0.562911 0.393814 0.848265 0.41773
31 0.514573 0.44898 0.969892 0.285714
110 0.720402 0.387755 0.537962 0.410714
0 0.482217 0.44611 0.912977 0.291454
5 0.403764 0.459503 0.748664 0.288903
78 0.482217 0.44611 0.912977 0.291454
77 0.697012 0.377471 0.578505 0.390466
11 0.393824 0.454719 0.728003 0.288265
12 0.512234 0.442283 0.965214 0.297194
94 0.562911 0.390625 0.849825 0.413903
65 0.532505 0.394133 0.910638 0.40625
64 0.512234 0.442283 0.965214 0.297194
7 0.697012 0.377471 0.578505 0.390466
49 0.373065 0.470982 0.675182 0.278699
16 0.720402 0.387755 0.537962 0.410714
81 0.720402 0.387755 0.537962 0.410714
68 0.373065 0.470982 0.675182 0.278699
48 0.505217 0.392219 0.976129 0.422194
50 0.500929 0.393495 0.987824 0.42602
48 0.677618 0.388712 0.628208 0.415179
99 0.505217 0.392219 0.976129 0.422194
101 0.5442 0.392857 0.901282 0.424745
111 0.500929 0.396684 0.989383 0.438776
46 0.500929 0.393495 0.987824 0.42602
49 0.505217 0.392219 0.976129 0.422194
110 0.505217 0.434311 0.979248 0.376276
68 0.505217 0.420201 0.969892 0.398119
47 0.5442 0.392857 0.901282 0.424745
73 0.506776 0.396365 0.976129 0.43176
100 0.500929 0.393495 0.987824 0.42602
50 0.677618 0.388712 0.628208 0.415179
67 0.506776 0.396365 0.976129 0.43176
51 0.5442 0.392857 0.901282 0.424745
75 0.506776 0.396365 0.976129 0.43176
77 0.505217 0.392219 0.976129 0.422194
102 0.506776 0.396365 0.976129 0.43176
84 0.506776 0.396365 0.976129 0.43176
50 0.432319 0.428492 0.806944 0.393017
109 0.56525 0.390625 0.857621 0.42602
53 0.5442 0.392857 0.901282 0.424745
95 0.500929 0.393495 0.987824 0.42602
46 0.677618 0.388712 0.628208 0.415179
76 0.505997 0.420599 0.971451 0.407526
110 0.624114 0.387755 0.738334 0.417092
111 0.677618 0.388712 0.628208 0.415179
103 0.506776 0.396365 0.976129 0.43176
52 0.505217 0.392219 0.976129 0.422194
48 0.432319 0.428492 0.806944 0.393017
101 0.455709 0.433355 0.852164 0.373724
49 0.677618 0.388712 0.628208 0.415179
100 0.677618 0.388712 0.628208 0.415179
67 0.677618 0.388712 0.628208 0.415179
49 0.367023 0.447066 0.675572 0.339286
54 0.505217 0.392219 0.976129 0.422194
101 0.677618 0.388712 0.628208 0.415179
56 0.503658 0.419324 0.966773 0.383929
68 0.677618 0.388712 0.628208 0.415179
110 0.508335 0.354592 0.979248 0.530612
73 0.677618 0.388712 0.628208 0.415179
84 0.677618 0.388712 0.628208 0.415179
99 0.677618 0.388712 0.628208 0.415179
102 0.677618 0.388712 0.628208 0.415179
47 0.677618 0.388712 0.628208 0.415179
50 0.212456 0.4489 0.365658 0.329241
53 0.677618 0.388712 0.628208 0.415179
51 0.677618 0.388712 0.628208 0.415179
46 0.432319 0.428492 0.806944 0.393017
97 0.505217 0.392219 0.976129 0.422194
75 0.677618 0.388712 0.628208 0.415179
109 0.49859 0.443798 0.959756 0.348374
77 0.677618 0.388712 0.628208 0.415179
68 0.367023 0.447066 0.675572 0.339286
76 0.677618 0.388712 0.628208 0.415179
103 0.677618 0.388712 0.628208 0.415179
100 0.432319 0.428492 0.806944 0.393017
38 0.505217 0.392219 0.976129 0.422194
52 0.677618 0.388712 0.628208 0.415179
104 0.505217 0.434311 0.979248 0.376276
111 0.367023 0.447066 0.675572 0.339286
66 0.500929 0.393495 0.987824 0.42602
99 0.367023 0.447066 0.675572 0.339286
49 0.212456 0.4489 0.365658 0.329241
109 0.718453 0.383211 0.554335 0.401945
95 0.677618 0.388712 0.628208 0.415179
48 0.212456 0.4489 0.365658 0.329241
105 0.505217 0.420201 0.969892 0.398119
51 0.432319 0.428492 0.806944 0.393017
50 0.774783 0.382334 0.436997 0.398597
80 0.506776 0.396365 0.976129 0.43176
47 0.432319 0.428492 0.806944 0.393017
56 0.677618 0.388712 0.628208 0.415179
67 0.367023 0.447066 0.675572 0.339286
105 0.624114 0.387755 0.738334 0.417092
74 0.503658 0.419324 0.966773 0.383929
50 0.49742 0.440689 0.991722 0.369898
48 0.49742 0.440689 0.991722 0.369898
49 0.49742 0.440689 0.991722 0.369898
68 0.49742 0.440689 0.991722 0.369898
68 0.501708 0.755899 0.989383 0.488201
50 0.486115 0.528061 0.961315 0.455357
100 0.49742 0.450973 0.991722 0.355708
48 0.501708 0.755899 0.989383 0.488201
99 0.49742 0.440689 0.991722 0.369898
68 0.486115 0.528061 0.961315 0.455357
53 0.501708 0.755899 0.989383 0.488201
68 0.502098 0.890944 0.983925 0.218112
51 0.49742 0.450973 0.991722 0.355708
76 0.49742 0.440689 0.991722 0.369898
46 0.503658 0.415497 0.976129 0.421556
48 0.486115 0.528061 0.961315 0.455357
49 0.486115 0.528061 0.961315 0.455357
101 0.49742 0.440689 0.991722 0.369898
68 0.527827 0.843431 0.934027 0.313138
47 0.503658 0.415497 0.976129 0.421556
75 0.503658 0.415497 0.976129 0.421556
48 0.491573 0.847258 0.976909 0.305485
53 0.503658 0.415497 0.976129 0.421556
101 0.501708 0.755899 0.989383 0.488201
102 0.501708 0.755899 0.989383 0.488201
100 0.486115 0.528061 0.961315 0.455357
50 0.49859 0.721301 0.99562 0.557398
50 0.49703 0.343112 0.987824 0.575255
73 0.49742 0.450973 0.991722 0.355708
52 0.503658 0.415497 0.976129 0.421556
102 0.49742 0.440689 0.991722 0.369898
109 0.501708 0.755899 0.989383 0.488201
48 0.49703 0.343112 0.987824 0.575255
77 0.49742 0.440689 0.991722 0.369898
109 0.49742 0.440689 0.991722 0.369898
99 0.486115 0.528061 0.961315 0.455357
102 0.491963 0.879464 0.976129 0.241071
50 0.4982 0.815689 0.980807 0.368622
53 0.527827 0.843431 0.934027 0.313138
48 0.528607 0.901786 0.924672 0.196429
111 0.501708 0.755899 0.989383 0.488201
68 0.503268 0.602997 0.983146 0.794005
48 0.503268 0.602997 0.983146 0.794005
77 0.501708 0.755899 0.989383 0.488201
67 0.501708 0.755899 0.989383 0.488201
100 0.49703 0.343112 0.987824 0.575255
49 0.49703 0.343112 0.987824 0.575255
110 0.503658 0.415497 0.976129 0.421556
53 0.502098 0.890944 0.983925 0.218112
101 0.502098 0.890944 0.983925 0.218112
111 0.503658 0.415497 0.976129 0.421556
52 0.502878 0.713329 0.987044 0.573342
99 0.499369 0.778699 0.984705 0.442602
50 0.255727 0.415896 0.504437 0.419483
68 0.49703 0.343112 0.987824 0.575255
51 0.49703 0.343112 0.987824 0.575255
50 0.500539 0.895408 0.965214 0.209184
101 0.486115 0.528061 0.961315 0.455357
77 0.491963 0.879464 0.976129 0.241071
99 0.49703 0.343112 0.987824 0.575255
67 0.502098 0.890944 0.983925 0.218112
49 0.255727 0.415896 0.504437 0.419483
97 0.49742 0.450973 0.991722 0.355708
46 0.486115 0.528061 0.961315 0.455357
46 0.502878 0.713329 0.987044 0.573342
76 0.49703 0.343112 0.987824 0.575255
49 0.501708 0.755899 0.989383 0.488201
100 0.501708 0.755899 0.989383 0.488201
84 0.503658 0.415497 0.976129 0.421556
84 0.501708 0.755899 0.989383 0.488201
95 0.501708 0.755899 0.989383 0.488201
68 0.594098 0.909439 0.810842 0.181122
110 0.501708 0.755899 0.989383 0.488201
50 0.49898 0.569515 0.991722 0.82398
109 0.502098 0.890944 0.983925 0.218112
95 0.502098 0.890944 0.983925 0.218112
53 0.503268 0.602997 0.983146 0.794005
76 0.486115 0.528061 0.961315 0.455357
50 0.157198 0.446987 0.312057 0.362404
101 0.527827 0.843431 0.934027 0.313138
67 0.503658 0.415497 0.976129 0.421556
51 0.486115 0.528061 0.961315 0.455357
47 0.486115 0.528061 0.961315 0.455357
52 0.4982 0.815689 0.980807 0.368622
99 0.491963 0.879464 0.976129 0.241071
50 0.378913 0.396604 0.743792 0.44021
49 0.491573 0.847258 0.976909 0.305485
49 0.528607 0.901786 0.924672 0.196429
100 0.491573 0.847258 0.976909 0.305485
109 0.527827 0.843431 0.934027 0.313138
102 0.486115 0.528061 0.961315 0.455357
76 0.499369 0.778699 0.984705 0.442602
46 0.501319 0.324059 0.97301 0.605708
53 0.486115 0.528061 0.961315 0.455357
73 0.49703 0.343112 0.987824 0.575255
51 0.499369 0.778699 0.984705 0.442602
48 0.673233 0.813775 0.649453 0.372449
73 0.502878 0.713329 0.987044 0.573342
50 0.478709 0.857781 0.957417 0.284439
46 0.4982 0.815689 0.980807 0.368622
111 0.491573 0.847258 0.976909 0.305485
53 0.673233 0.813775 0.649453 0.372449
109 0.486115 0.528061 0.961315 0.455357
77 0.486115 0.528061 0.961315 0.455357
53 0.594098 0.909439 0.810842 0.181122
49 0.157198 0.446987 0.312057 0.362404
99 0.255727 0.415896 0.504437 0.419483
48 0.495081 0.21317 0.983925 0.426339
100 0.255727 0.415896 0.504437 0.419483
68 0.673233 0.813775 0.649453 0.372449
47 0.502878 0.713329 0.987044 0.573342
48 0.157198 0.446987 0.312057 0.362404
84 0.502098 0.890944 0.983925 0.218112
110 0.491963 0.879464 0.976129 0.241071
109 0.49703 0.343112 0.987824 0.575255
99 0.157198 0.446987 0.312057 0.362404
101 0.503268 0.602997 0.983146 0.794005
75 0.501708 0.755899 0.989383 0.488201
49 0.378913 0.396604 0.743792 0.44021
52 0.486115 0.528061 0.961315 0.455357
47 0.501319 0.324059 0.97301 0.605708
101 0.501319 0.324059 0.97301 0.605708
68 0.495081 0.21317 0.983925 0.426339
75 0.491963 0.879464 0.976129 0.241071
52 0.502098 0.890944 0.983925 0.218112
110 0.486115 0.528061 0.961315 0.455357
48 0.255727 0.415896 0.504437 0.419483
111 0.486115 0.528061 0.961315 0.455357
67 0.527827 0.843431 0.934027 0.313138
68 0.255727 0.415896 0.504437 0.419483
68 0.689066 0.932079 0.621867 0.135842
56 0.501708 0.755899 0.989383 0.488201
50 0.495081 0.21317 0.983925 0.426339
75 0.501319 0.324059 0.97301 0.605708
50 0.154177 0.496811 0.305625 0.252551
102 0.553555 0.835459 0.891926 0.329082
75 0.486115 0.528061 0.961315 0.455357
50 0.279117 0.86926 0.558233 0.26148
50 0.255922 0.484375 0.505607 0.286352
100 0.157198 0.446987 0.312057 0.362404
47 0.4982 0.815689 0.980807 0.368622
68 0.157198 0.446987 0.312057 0.362404
111 0.500539 0.895408 0.965214 0.209184
51 0.527827 0.843431 0.934027 0.313138
47 0.491963 0.879464 0.976129 0.241071
97 0.49703 0.343112 0.987824 0.575255
48 0.164897 0.873725 0.329794 0.252551
76 0.491573 0.847258 0.976909 0.305485
48 0.49898 0.0887277 0.979248 0.177455
103 0.501708 0.755899 0.989383 0.488201
84 0.527827 0.843431 0.934027 0.313138
51 0.500539 0.895408 0.965214 0.209184
100 0.528607 0.901786 0.924672 0.196429
76 0.255727 0.415896 0.504437 0.419483
102 0.594098 0.909439 0.810842 0.181122
53 0.501319 0.324059 0.97301 0.605708
53 0.689066 0.932079 0.621867 0.135842
100 0.49898 0.611926 0.993281 0.776148
73 0.486115 0.528061 0.961315 0.455357
73 0.4982 0.815689 0.980807 0.368622
50 0.164897 0.873725 0.329794 0.252551
102 0.49898 0.611926 0.993281 0.776148
109 0.503268 0.602997 0.983146 0.794005
99 0.553555 0.835459 0.891926 0.329082
68 0.154177 0.496811 0.305625 0.252551
95 0.527827 0.843431 0.934027 0.313138
68 0.574996 0.694834 0.842808 0.610332
77 0.553555 0.835459 0.891926 0.329082
52 0.502488 0.600128 0.986264 0.799745
95 0.503658 0.415497 0.976129 0.421556
48 0.154177 0.496811 0.305625 0.252551
76 0.500539 0.895408 0.965214 0.209184
99 0.378913 0.396604 0.743792 0.44021
67 0.486115 0.528061 0.961315 0.455357
48 0.574996 0.694834 0.842808 0.610332
67 0.594098 0.909439 0.810842 0.181122
49 0.495081 0.21317 0.983925 0.426339
48 0.378913 0.396604 0.743792 0.44021
110 0.553555 0.835459 0.891926 0.329082
46 0.491963 0.879464 0.976129 0.241071
77 0.503268 0.602997 0.983146 0.794005
47 0.255727 0.415896 0.504437 0.419483
49 0.491183 0.644133 0.969892 0.711735
111 0.503268 0.602997 0.983146 0.794005
52 0.501319 0.324059 0.97301 0.605708
84 0.502488 0.600128 0.986264 0.799745
101 0.594098 0.909439 0.810842 0.181122
99 0.154177 0.496811 0.305625 0.252551
110 0.501319 0.324059 0.97301 0.605708
48 0.689066 0.932079 0.621867 0.135842
76 0.157198 0.446987 0.312057 0.362404
100 0.378913 0.396604 0.743792 0.44021
101 0.495081 0.21317 0.983925 0.426339
48 0.279117 0.86926 0.558233 0.26148
111 0.501319 0.324059 0.97301 0.605708
77 0.501319 0.324059 0.97301 0.605708
51 0.395188 0.388074 0.779851 0.485332
67 0.503268 0.602997 0.983146 0.794005
51 0.255727 0.415896 0.504437 0.419483
99 0.49898 0.611926 0.993281 0.776148
46 0.255727 0.415896 0.504437 0.419483
84 0.486115 0.528061 0.961315 0.455357
100 0.495081 0.21317 0.983925 0.426339
77 0.594098 0.909439 0.810842 0.181122
50 0.355913 0.478316 0.70247 0.298469
73 0.528607 0.901786 0.924672 0.196429
53 0.495081 0.21317 0.983925 0.426339
84 0.501319 0.324059 0.97301 0.605708
68 0.255922 0.484375 0.505607 0.286352
56 0.502098 0.890944 0.983925 0.218112
51 0.495081 0.21317 0.983925 0.426339
49 0.481048 0.793367 0.962095 0.321429
17 0.493912 0.405931 0.986264 0.435587
46 0.157198 0.446987 0.312057 0.362404
48 0.481048 0.793367 0.962095 0.321429
75 0.255727 0.415896 0.504437 0.419483
95 0.502488 0.600128 0.986264 0.799745
51 0.157198 0.446987 0.312057 0.362404
49 0.255922 0.484375 0.505607 0.286352
50 0.673233 0.813775 0.649453 0.372449
104 0.502878 0.713329 0.987044 0.573342
95 0.594098 0.909439 0.810842 0.181122
102 0.501319 0.324059 0.97301 0.605708
68 0.378913 0.396604 0.743792 0.44021
110 0.49898 0.611926 0.993281 0.776148
101 0.673233 0.813775 0.649453 0.372449
102 0.495081 0.21317 0.983925 0.426339
47 0.157198 0.446987 0.312057 0.362404
52 0.594098 0.909439 0.810842 0.181122
68 0.279117 0.86926 0.558233 0.26148
109 0.594098 0.909439 0.810842 0.181122
77 0.495081 0.21317 0.983925 0.426339
46 0.505217 0.550383 0.976129 0.820153
52 0.673233 0.813775 0.649453 0.372449
103 0.493912 0.405931 0.986264 0.435587
97 0.500149 0.44037 0.955078 0.357143
76 0.502878 0.425462 0.946502 0.37229
100 0.500149 0.44037 0.955078 0.357143
68 0.508335 0.397959 0.938705 0.426658
50 0.500149 0.44037 0.955078 0.357143
75 0.500149 0.44037 0.955078 0.357143
84 0.500149 0.44037 0.955078 0.357143
74 0.501319 0.432398 0.946502 0.375638
103 0.500149 0.44037 0.955078 0.357143
97 0.595267 0.396604 0.763283 0.435108
68 0.423353 0.440689 0.801486 0.36352
77 0.560572 0.393814 0.83735 0.426658
109 0.560572 0.393814 0.83735 0.426658
73 0.500149 0.44037 0.955078 0.357143
101 0.508335 0.397959 0.938705 0.426658
100 0.595267 0.396604 0.763283 0.435108
68 0.31732 0.408482 0.584742 0.410077
103 0.595267 0.396604 0.763283 0.435108
84 0.595267 0.396604 0.763283 0.435108
110 0.560572 0.393814 0.83735 0.426658
48 0.500149 0.44037 0.955078 0.357143
50 0.595267 0.396604 0.763283 0.435108
77 0.4982 0.454161 0.952739 0.337851
46 0.500149 0.44037 0.955078 0.357143
73 0.595267 0.396604 0.763283 0.435108
109 0.4982 0.454161 0.952739 0.337851
42 0.500149 0.44037 0.955078 0.357143
53 0.560572 0.393814 0.83735 0.426658
68 0.261964 0.439732 0.480268 0.362883
66 0.501319 0.432398 0.946502 0.375638
67 0.560572 0.393814 0.83735 0.426658
102 0.560572 0.393814 0.83735 0.426658
48 0.595267 0.396604 0.763283 0.435108
95 0.560572 0.393814 0.83735 0.426658
76 0.604915 0.394133 0.733071 0.432398
33 0.500149 0.44037 0.955078 0.357143
75 0.595267 0.396604 0.763283 0.435108
47 0.500149 0.44037 0.955078 0.357143
54 0.500149 0.44037 0.955078 0.357143
49 0.500149 0.44037 0.955078 0.357143
68 0.167236 0.412309 0.296659 0.404974
110 0.4982 0.454161 0.952739 0.337851
111 0.604915 0.394133 0.733071 0.432398
97 0.463505 0.37213 0.884909 0.491071
95 0.4982 0.454161 0.952739 0.337851
53 0.4982 0.454161 0.952739 0.337851
77 0.428031 0.402424 0.809283 0.420918
99 0.500149 0.44037 0.955078 0.357143
47 0.595267 0.396604 0.763283 0.435108
100 0.463505 0.37213 0.884909 0.491071
42 0.595267 0.396604 0.763283 0.435108
67 0.4982 0.454161 0.952739 0.337851
97 0.306405 0.384646 0.56603 0.469228
109 0.428031 0.402424 0.809283 0.420918
110 0.428031 0.402424 0.809283 0.420918
77 0.313227 0.442283 0.581233 0.360332
74 0.595267 0.396604 0.763283 0.435108
46 0.595267 0.396604 0.763283 0.435108
99 0.595267 0.396604 0.763283 0.435108
84 0.31732 0.408482 0.584742 0.410077
80 0.500149 0.44037 0.955078 0.357143
100 0.306405 0.384646 0.56603 0.469228
103 0.31732 0.408482 0.584742 0.410077
76 0.409319 0.380421 0.771859 0.472577
80 0.595267 0.396604 0.763283 0.435108
54 0.595267 0.396604 0.763283 0.435108
48 0.31732 0.408482 0.584742 0.410077
101 0.423353 0.440689 0.801486 0.36352
50 0.31732 0.408482 0.584742 0.410077
111 0.428031 0.402424 0.809283 0.420918
103 0.463505 0.37213 0.884909 0.491071
48 0.409319 0.380421 0.771859 0.472577
50 0.463505 0.37213 0.884909 0.491071
73 0.463505 0.37213 0.884909 0.491071
49 0.595267 0.396604 0.763283 0.435108
68 0.122211 0.406888 0.218304 0.419005
102 0.47481 0.439094 0.90596 0.38074
84 0.463505 0.37213 0.884909 0.491071
109 0.313227 0.442283 0.581233 0.360332
73 0.31732 0.408482 0.584742 0.410077
97 0.171622 0.397003 0.308939 0.458546
100 0.253583 0.415179 0.461946 0.399235
53 0.428031 0.402424 0.809283 0.420918
100 0.171622 0.397003 0.308939 0.458546
76 0.31732 0.408482 0.584742 0.410077
97 0.253583 0.415179 0.461946 0.399235
68 0.332523 0.473214 0.626064 0.280612
68 0.168113 0.912946 0.313227 0.174107
17 0.500149 0.44037 0.955078 0.357143
102 0.313227 0.442283 0.581233 0.360332
48 0.237015 0.393814 0.43037 0.459821
76 0.237015 0.393814 0.43037 0.459821
46 0.463505 0.37213 0.884909 0.491071
50 0.237015 0.393814 0.43037 0.459821
54 0.409319 0.380421 0.771859 0.472577
47 0.463505 0.37213 0.884909 0.491071
68 0.350455 0.915816 0.686097 0.168367
101 0.31732 0.408482 0.584742 0.410077
111 0.495861 0.451212 0.938705 0.352679
68 0.49898 0.919005 0.944943 0.16199
73 0.237015 0.393814 0.43037 0.459821
75 0.463505 0.37213 0.884909 0.491071
103 0.237015 0.393814 0.43037 0.459821
76 0.503658 0.307717 0.944943 0.593112
67 0.313227 0.442283 0.581233 0.360332
68 0.150766 0.459821 0.266057 0.315051
68 0.692724 0.378827 0.560572 0.403061
104 0.501319 0.432398 0.946502 0.375638
50 0.167236 0.412309 0.296659 0.404974
48 0.167236 0.412309 0.296659 0.404974
46 0.306405 0.384646 0.56603 0.469228
111 0.313227 0.442283 0.581233 0.360332
103 0.171622 0.397003 0.308939 0.458546
73 0.171622 0.397003 0.308939 0.458546
67 0.428031 0.402424 0.809283 0.420918
47 0.31732 0.408482 0.584742 0.410077
110 0.313227 0.442283 0.581233 0.360332
68 0.49781 0.850446 0.956637 0.299107
76 0.171622 0.397003 0.308939 0.458546
42 0.503658 0.307717 0.944943 0.593112
97 0.121042 0.391263 0.219473 0.473852
53 0.313227 0.442283 0.581233 0.360332
75 0.31732 0.408482 0.584742 0.410077
84 0.237015 0.393814 0.43037 0.459821
77 0.149986 0.435268 0.26021 0.374362
97 0.230778 0.358099 0.421014 0.53125
56 0.604915 0.394133 0.733071 0.432398
109 0.167236 0.412309 0.296659 0.404974
101 0.261964 0.439732 0.480268 0.362883
84 0.167236 0.412309 0.296659 0.404974
99 0.31732 0.408482 0.584742 0.410077
68 0.495861 0.967475 0.923112 0.065051
68 0.298413 0.962373 0.575776 0.075255
50 0.122211 0.406888 0.218304 0.419005
54 0.237015 0.393814 0.43037 0.459821
68 0.146868 0.960778 0.271125 0.0784438
95 0.428031 0.402424 0.809283 0.420918
68 0.502878 0.947066 0.95118 0.105867
49 0.31732 0.408482 0.584742 0.410077
49 0.463505 0.37213 0.884909 0.491071
75 0.237015 0.393814 0.43037 0.459821
42 0.409319 0.380421 0.771859 0.472577
33 0.595267 0.396604 0.763283 0.435108
48 0.122211 0.406888 0.218304 0.419005
100 0.122211 0.406888 0.218304 0.419005
102 0.168113 0.912946 0.313227 0.174107
68 0.555505 0.922194 0.836571 0.137755
52 0.604915 0.394133 0.733071 0.432398
46 0.253583 0.415179 0.461946 0.399235
95 0.313227 0.442283 0.581233 0.360332
99 0.463505 0.37213 0.884909 0.491071
68 0.108275 0.466199 0.190431 0.346939
47 0.237015 0.393814 0.43037 0.459821
54 0.31732 0.408482 0.584742 0.410077
66 0.595267 0.396604 0.763283 0.435108
68 0.185509 0.750638 0.346265 0.498724
54 0.171622 0.397003 0.308939 0.458546
52 0.501319 0.432398 0.946502 0.375638
102 0.350455 0.915816 0.686097 0.168367
46 0.171622 0.397003 0.308939 0.458546
101 0.168113 0.912946 0.313227 0.174107
54 0.503658 0.307717 0.944943 0.593112
50 0.517301 0.92602 0.888028 0.147959
103 0.121042 0.391263 0.219473 0.473852
110 0.167236 0.412309 0.296659 0.404974
109 0.668067 0.380102 0.613004 0.40051
109 0.122211 0.406888 0.218304 0.419005
101 0.149986 0.435268 0.26021 0.374362
77 0.350455 0.915816 0.686097 0.168367
68 0.7243 0.920281 0.508335 0.159439
111 0.167236 0.412309 0.296659 0.404974
77 0.168113 0.912946 0.313227 0.174107
73 0.121042 0.391263 0.219473 0.473852
100 0.230778 0.358099 0.421014 0.53125
68 0.502098 0.73852 0.948061 0.519133
77 0.668067 0.380102 0.613004 0.40051
51 0.595267 0.396604 0.763283 0.435108
51 0.500149 0.44037 0.955078 0.357143
101 0.350455 0.915816 0.686097 0.168367
75 0.171622 0.397003 0.308939 0.458546
68 0.757046 0.972258 0.444404 0.0554846
76 0.121042 0.391263 0.219473 0.473852
102 0.149986 0.435268 0.26021 0.374362
103 0.149986 0.435268 0.26021 0.374362
56 0.500149 0.44037 0.955078 0.357143
48 0.503658 0.307717 0.944943 0.593112
47 0.171622 0.397003 0.308939 0.458546
110 0.668067 0.380102 0.613004 0.40051
111 0.122211 0.406888 0.218304 0.419005
103 0.49898 0.919005 0.944943 0.16199
48 0.507556 0.396126 0.952739 0.446269
76 0.503268 0.414222 0.961315 0.401148
49 0.500539 0.395089 0.963654 0.439413
97 0.503268 0.414222 0.961315 0.401148
50 0.503658 0.412946 0.954299 0.430485
100 0.500539 0.395089 0.963654 0.439413
47 0.507556 0.396126 0.952739 0.446269
99 0.500539 0.395089 0.963654 0.439413
51 0.507556 0.396126 0.952739 0.446269
73 0.500539 0.395089 0.963654 0.439413
111 0.500539 0.395089 0.963654 0.439413
54 0.500539 0.395089 0.963654 0.439413
68 0.504827 0.422513 0.955078 0.397959
53 0.500539 0.395089 0.963654 0.439413
77 0.503658 0.412946 0.954299 0.430485
84 0.500539 0.395089 0.963654 0.439413
101 0.504827 0.422513 0.955078 0.397959
46 0.500539 0.395089 0.963654 0.439413
109 0.503268 0.414222 0.961315 0.401148
110 0.503658 0.412946 0.954299 0.430485
67 0.503658 0.412946 0.954299 0.430485
42 0.503268 0.414222 0.961315 0.401148
56 0.503268 0.414222 0.961315 0.401148
75 0.503268 0.414222 0.961315 0.401148
102 0.504827 0.422513 0.955078 0.397959
103 0.503268 0.414222 0.961315 0.401148
52 0.4982 0.39764 0.976129 0.445791
74 0.503658 0.412946 0.954299 0.430485
95 0.503658 0.412946 0.954299 0.430485
41 0.503268 0.414222 0.961315 0.401148
33 0.503268 0.414222 0.961315 0.401148
80 0.500539 0.395089 0.963654 0.439413
66 0.503658 0.412946 0.954299 0.430485
17 0.503268 0.414222 0.961315 0.401148
54 0.499759 0.388393 0.960536 0.447066
84 0.502488 0.388074 0.958197 0.445791
75 0.499759 0.388393 0.960536 0.447066
42 0.499759 0.388393 0.960536 0.447066
52 0.492742 0.395408 0.979248 0.433673
53 0.492742 0.395408 0.979248 0.433673
97 0.499759 0.388393 0.960536 0.447066
103 0.502488 0.388074 0.958197 0.445791
80 0.492742 0.395408 0.979248 0.433673
76 0.502488 0.388074 0.958197 0.445791
100 0.499759 0.388393 0.960536 0.447066
50 0.500539 0.389668 0.952739 0.449617
99 0.499759 0.388393 0.960536 0.447066
73 0.499759 0.388393 0.960536 0.447066
102 0.496641 0.842156 0.966773 0.315689
48 0.505997 0.391901 0.949621 0.431122
47 0.505997 0.391901 0.949621 0.431122
102 0.496641 0.920281 0.966773 0.159439
77 0.496641 0.842156 0.966773 0.315689
33 0.502488 0.388074 0.958197 0.445791
109 0.502488 0.388074 0.958197 0.445791
66 0.500539 0.389668 0.952739 0.449617
101 0.496641 0.842156 0.966773 0.315689
68 0.496641 0.842156 0.966773 0.315689
41 0.499759 0.388393 0.960536 0.447066
111 0.502488 0.388074 0.958197 0.445791
102 0.645113 0.944834 0.709773 0.110332
101 0.496641 0.920281 0.966773 0.159439
77 0.496641 0.920281 0.966773 0.159439
46 0.499759 0.388393 0.960536 0.447066
68 0.496641 0.920281 0.966773 0.159439
102 0.334277 0.942602 0.668555 0.114796
102 0.375014 0.903061 0.750029 0.193877
50 0.496641 0.842156 0.966773 0.315689
77 0.499759 0.403061 0.952739 0.43176
68 0.499759 0.403061 0.952739 0.43176
102 0.638291 0.910714 0.723417 0.178571
95 0.502488 0.388074 0.958197 0.445791
49 0.502488 0.388074 0.958197 0.445791
102 0.757676 0.943878 0.484648 0.112245
101 0.375014 0.903061 0.750029 0.193877
74 0.500539 0.389668 0.952739 0.449617
101 0.334277 0.942602 0.668555 0.114796
101 0.698812 0.944515 0.602376 0.110969
110 0.496641 0.842156 0.966773 0.315689
51 0.505997 0.391901 0.949621 0.431122
77 0.334277 0.942602 0.668555 0.114796
77 0.375014 0.903061 0.750029 0.193877
49 0.496641 0.842156 0.966773 0.315689
77 0.698812 0.944515 0.602376 0.110969
50 0.496641 0.920281 0.966773 0.159439
68 0.375014 0.903061 0.750029 0.193877
102 0.502098 0.408163 0.948061 0.42602
102 0.436217 0.948342 0.872435 0.103316
76 0.496641 0.842156 0.966773 0.315689
101 0.638291 0.910714 0.723417 0.178571
67 0.496641 0.842156 0.966773 0.315689
77 0.500149 0.734056 0.964434 0.531888
67 0.496641 0.920281 0.966773 0.159439
67 0.502488 0.388074 0.958197 0.445791
68 0.645113 0.944834 0.709773 0.110332
110 0.499759 0.403061 0.952739 0.43176
50 0.500149 0.734056 0.964434 0.531888
99 0.502878 0.39485 0.958976 0.428412
73 0.502878 0.39485 0.958976 0.428412
48 0.49742 0.395328 0.979248 0.421078
50 0.501319 0.410156 0.952739 0.41183
46 0.502878 0.39485 0.958976 0.428412
42 0.502878 0.391901 0.960536 0.433036
76 0.502878 0.39485 0.958976 0.428412
100 0.502878 0.39485 0.958976 0.428412
51 0.502878 0.39485 0.958976 0.428412
97 0.502878 0.39485 0.958976 0.428412
54 0.502878 0.391901 0.960536 0.433036
47 0.502878 0.391901 0.960536 0.433036
49 0.501319 0.404656 0.955858 0.42602
52 0.502878 0.391901 0.960536 0.433036
75 0.502878 0.39485 0.958976 0.428412
41 0.502878 0.39485 0.958976 0.428412
84 0.502878 0.391901 0.960536 0.433036
111 0.502878 0.39485 0.958976 0.428412
110 0.501319 0.410156 0.952739 0.41183
53 0.502878 0.391901 0.960536 0.433036
17 0.502878 0.39485 0.958976 0.428412
80 0.505217 0.386798 0.955858 0.436862
33 0.502878 0.39485 0.958976 0.428412
48 0.627623 0.385523 0.717283 0.402423
51 0.627623 0.385523 0.717283 0.402423
42 0.502098 0.396046 0.955858 0.431122
76 0.500539 0.41207 0.948061 0.409279
97 0.502098 0.394452 0.954299 0.448342
33 0.502098 0.394452 0.954299 0.448342
1 0.502098 0.394452 0.954299 0.448342
7 0.502098 0.394452 0.954299 0.448342
73 0.502098 0.394452 0.954299 0.448342
50 0.502878 0.397959 0.954299 0.436224
54 0.502098 0.396046 0.955858 0.431122
75 0.502098 0.394452 0.954299 0.448342
8 0.502098 0.394452 0.954299 0.448342
100 0.502878 0.397959 0.954299 0.436224
99 0.502098 0.394452 0.954299 0.448342
30 0.500539 0.41207 0.948061 0.409279
9 0.502098 0.394452 0.954299 0.448342
2 0.502098 0.394452 0.954299 0.448342
10 0.502098 0.394452 0.954299 0.448342
52 0.516132 0.399952 0.92779 0.420759
46 0.502098 0.394452 0.954299 0.448342
84 0.502098 0.396046 0.955858 0.431122
6 0.500539 0.41207 0.948061 0.409279
34 0.500539 0.41207 0.948061 0.409279
47 0.523929 0.396046 0.916875 0.433674
41 0.502878 0.397959 0.954299 0.436224
5 0.500539 0.41207 0.948061 0.409279
80 0.503268 0.395727 0.961315 0.4375
3 0.502098 0.394452 0.954299 0.448342
32 0.502098 0.394452 0.954299 0.448342
51 0.523929 0.396046 0.916875 0.433674
53 0.523929 0.396046 0.916875 0.433674
29 0.500539 0.41207 0.948061 0.409279
111 0.502098 0.394452 0.954299 0.448342
17 0.502098 0.394452 0.954299 0.448342
0 0.500539 0.41207 0.948061 0.409279
42 0.500539 0.399554 0.946502 0.426658
54 0.502098 0.40051 0.944943 0.442602
75 0.500539 0.399554 0.946502 0.426658
97 0.500539 0.399554 0.946502 0.426658
76 0.500539 0.399554 0.946502 0.426658
73 0.500539 0.399554 0.946502 0.426658
84 0.502098 0.40051 0.944943 0.442602
48 0.495861 0.401467 0.944943 0.44324
52 0.488844 0.399554 0.962095 0.432398
53 0.502098 0.40051 0.944943 0.442602
100 0.500539 0.399554 0.946502 0.426658
50 0.502098 0.415497 0.946502 0.421556
99 0.500539 0.399554 0.946502 0.426658
33 0.500539 0.399554 0.946502 0.426658
47 0.495861 0.401467 0.944943 0.44324
51 0.495861 0.401467 0.944943 0.44324
80 0.503268 0.397321 0.944163 0.440051
103 0.503268 0.397321 0.944163 0.440051
46 0.500539 0.399554 0.946502 0.426658
1 0.500539 0.399554 0.946502 0.426658
7 0.500539 0.399554 0.946502 0.426658
2 0.500539 0.399554 0.946502 0.426658
49 0.495861 0.401467 0.944943 0.44324
30 0.49898 0.407446 0.948061 0.428731
41 0.500539 0.399554 0.946502 0.426658
74 0.502098 0.415497 0.946502 0.421556
111 0.500539 0.399554 0.946502 0.426658
10 0.500539 0.399554 0.946502 0.426658
42 0.507556 0.398597 0.965214 0.428571
97 0.509115 0.393495 0.965214 0.442602
50 0.503658 0.401467 0.95118 0.43176
51 0.502098 0.397003 0.955858 0.426658
47 0.502098 0.397003 0.955858 0.426658
54 0.507556 0.398597 0.965214 0.428571
53 0.508335 0.397003 0.962095 0.430485
49 0.502098 0.397003 0.955858 0.426658
76 0.49859 0.401786 0.948841 0.431122
73 0.494302 0.398597 0.971451 0.424745
52 0.507556 0.398597 0.965214 0.428571
33 0.509115 0.393495 0.965214 0.442602
46 0.502098 0.397003 0.955858 0.426658
100 0.49859 0.401786 0.948841 0.431122
17 0.49859 0.401786 0.948841 0.431122
48 0.502098 0.397003 0.955858 0.426658
80 0.507556 0.398597 0.965214 0.428571
41 0.507556 0.398597 0.965214 0.428571
1 0.507556 0.398597 0.965214 0.428571
7 0.507556 0.398597 0.965214 0.428571
30 0.507556 0.398597 0.965214 0.428571
110 0.49859 0.401786 0.948841 0.431122
99 0.502098 0.397003 0.955858 0.426658
95 0.49859 0.401786 0.948841 0.431122
75 0.506776 0.39764 0.960536 0.434949
75 0.501319 0.401467 0.963654 0.427296
76 0.501319 0.401467 0.963654 0.427296
99 0.49898 0.398278 0.965214 0.433036
97 0.502098 0.399155 0.963654 0.432557
42 0.513013 0.398916 0.935587 0.429209
100 0.501319 0.401467 0.963654 0.427296
73 0.502098 0.399155 0.963654 0.432557
84 0.513013 0.398916 0.935587 0.429209
46 0.502098 0.399155 0.963654 0.432557
50 0.49898 0.398278 0.965214 0.433036
54 0.513013 0.398916 0.935587 0.429209
48 0.495471 0.399793 0.97379 0.424904
109 0.501319 0.401467 0.963654 0.427296
51 0.513013 0.398916 0.935587 0.429209
47 0.513013 0.398916 0.935587 0.429209
111 0.495471 0.399793 0.97379 0.424904
49 0.502098 0.399155 0.963654 0.432557
33 0.501319 0.401467 0.963654 0.427296
110 0.493522 0.398597 0.977688 0.427296
103 0.501319 0.401467 0.963654 0.427296
77 0.49898 0.398278 0.965214 0.433036
74 0.501319 0.401467 0.963654 0.427296
80 0.495471 0.399793 0.97379 0.424904
17 0.501319 0.40051 0.965214 0.429847
66 0.501319 0.401467 0.963654 0.427296
41 0.501319 0.40051 0.965214 0.429847
52 0.495471 0.399793 0.97379 0.424904
56 0.495471 0.399793 0.97379 0.424904
33 0.140338 0.233418 0.0522369 0.147959
53 0.495471 0.399793 0.97379 0.424904
50 0.499759 0.402742 0.960536 0.434311
49 0.491573 0.402105 0.978468 0.44324
48 0.492742 0.402424 0.979248 0.433674
47 0.496641 0.399793 0.968332 0.42618
46 0.506386 0.401865 0.958197 0.430963
51 0.496641 0.399793 0.968332 0.42618
76 0.499759 0.402742 0.960536 0.434311
100 0.499759 0.402742 0.960536 0.434311
102 0.499759 0.402742 0.960536 0.434311
50 0.501319 0.635204 0.966773 0.656888
33 0.241498 0.257653 0.0647114 0.0950255
76 0.501319 0.635204 0.966773 0.656888
75 0.501319 0.635204 0.966773 0.656888
99 0.501319 0.635204 0.966773 0.656888
53 0.496641 0.399793 0.968332 0.42618
67 0.496641 0.399793 0.968332 0.42618
73 0.499759 0.402742 0.960536 0.434311
68 0.499759 0.402742 0.960536 0.434311
99 0.507946 0.404337 0.958197 0.433036
12 0.0162509 0.265625 0.0319172 0.0427296
101 0.499759 0.402742 0.960536 0.434311
52 0.496641 0.399793 0.968332 0.42618
48 0.514963 0.400829 0.953519 0.433036
42 0.508335 0.399235 0.963654 0.438138
50 0.506776 0.394053 0.962095 0.441486
51 0.514963 0.400829 0.953519 0.433036
97 0.508335 0.399235 0.963654 0.438138
47 0.514963 0.400829 0.953519 0.433036
52 0.514963 0.400829 0.953519 0.433036
54 0.507556 0.399793 0.962095 0.433833
46 0.508335 0.399235 0.963654 0.438138
49 0.514963 0.400829 0.953519 0.433036
76 0.506776 0.394053 0.962095 0.441486
73 0.508335 0.399235 0.963654 0.438138
100 0.508335 0.399235 0.963654 0.438138
99 0.511064 0.400191 0.959756 0.435587
53 0.514963 0.400829 0.953519 0.433036
33 0.240134 0.259726 0.072508 0.0966199
80 0.507556 0.399793 0.962095 0.433833
75 0.506776 0.394053 0.962095 0.441486
33 0.270735 0.260204 0.133711 0.0994898
33 0.507556 0.399793 0.962095 0.433833
8 0.508335 0.399235 0.963654 0.438138
1 0.508335 0.399235 0.963654 0.438138
108 0.507556 0.399793 0.962095 0.433833
7 0.508335 0.399235 0.963654 0.438138
41 0.507556 0.399793 0.962095 0.433833
109 0.516912 0.865434 0.94962 0.269133
111 0.507556 0.399793 0.962095 0.433833
110 0.511064 0.400191 0.959756 0.435587
9 0.508335 0.399235 0.963654 0.438138
17 0.508335 0.399235 0.963654 0.438138
84 0.507556 0.399793 0.962095 0.433833
50 0.505997 0.397401 0.962095 0.432239
49 0.513013 0.393176 0.954298 0.424745
48 0.513013 0.393176 0.954298 0.424745
51 0.509505 0.396046 0.965993 0.440051
53 0.513793 0.397321 0.958976 0.421556
46 0.513013 0.393176 0.954298 0.424745
52 0.512234 0.397401 0.962095 0.422034
76 0.513013 0.393176 0.954298 0.424745
47 0.513013 0.393176 0.954298 0.424745
42 0.512234 0.397401 0.962095 0.422034
54 0.512234 0.397401 0.962095 0.422034
99 0.513013 0.393176 0.954298 0.424745
100 0.513013 0.393176 0.954298 0.424745
68 0.513013 0.393176 0.954298 0.424745
73 0.513013 0.393176 0.954298 0.424745
50 0.508335 0.401148 0.957417 0.424745
49 0.496251 0.396604 0.976909 0.423629
76 0.508335 0.401148 0.957417 0.424745
51 0.496251 0.396604 0.976909 0.423629
46 0.496251 0.396604 0.976909 0.423629
100 0.506776 0.399554 0.960536 0.425383
48 0.496251 0.396604 0.976909 0.423629
53 0.496251 0.396604 0.976909 0.423629
99 0.506776 0.399554 0.960536 0.425383
50 0.500539 0.396365 0.958976 0.42602
46 0.509895 0.394452 0.943383 0.427296
49 0.509895 0.394452 0.943383 0.427296
76 0.49898 0.40051 0.957417 0.428571
48 0.509895 0.394452 0.943383 0.427296
47 0.509895 0.394452 0.943383 0.427296
51 0.545759 0.390226 0.859181 0.419802
100 0.49898 0.40051 0.957417 0.428571
99 0.49898 0.40051 0.957417 0.428571
73 0.49742 0.418049 0.963654 0.396046
97 0.49742 0.418049 0.963654 0.396046
54 0.49898 0.40051 0.957417 0.428571
75 0.49898 0.40051 0.957417 0.428571
51 0.523149 0.395488 0.90596 0.429688
50 0.504437 0.392777 0.940265 0.428731
42 0.505217 0.392538 0.944943 0.44324
97 0.505217 0.392538 0.944943 0.44324
76 0.504437 0.392777 0.940265 0.428731
46 0.505217 0.392538 0.944943 0.44324
47 0.505217 0.392538 0.944943 0.44324
73 0.505217 0.392538 0.944943 0.44324
54 0.499759 0.394133 0.955858 0.433036
48 0.496641 0.395488 0.95118 0.432239
49 0.496641 0.395488 0.95118 0.432239
100 0.496641 0.395488 0.95118 0.432239
99 0.496641 0.395488 0.95118 0.432239
50 0.502878 0.395408 0.955858 0.4375
49 0.492353 0.395089 0.978468 0.439413
76 0.490793 0.393495 0.981586 0.435587
51 0.505217 0.392538 0.960536 0.449617
46 0.492353 0.395089 0.978468 0.439413
47 0.492353 0.395089 0.978468 0.439413
100 0.504437 0.395488 0.952739 0.441167
48 0.492353 0.395089 0.978468 0.439413
73 0.504437 0.395488 0.952739 0.441167
110 0.505217 0.389589 0.960536 0.449139
99 0.504437 0.395488 0.952739 0.441167
97 0.504437 0.395488 0.952739 0.441167
51 0.505217 0.385523 0.957417 0.458546
50 0.504827 0.395727 0.955078 0.441964
49 0.505217 0.385523 0.957417 0.458546
73 0.505217 0.385523 0.957417 0.458546
73 0.507166 0.839924 0.969112 0.320153
48 0.507166 0.839924 0.969112 0.320153
46 0.505217 0.385523 0.957417 0.458546
47 0.505217 0.385523 0.957417 0.458546
76 0.507166 0.84949 0.972231 0.30102
111 0.507166 0.839924 0.969112 0.320153
73 0.509895 0.780931 0.963654 0.438138
48 0.509895 0.780931 0.963654 0.438138
99 0.505217 0.386161 0.954298 0.459184
99 0.507166 0.839924 0.969112 0.320153
110 0.507166 0.84949 0.972231 0.30102
109 0.510674 0.834821 0.965214 0.330357
109 0.507946 0.897003 0.961315 0.205995
48 0.505997 0.910714 0.958976 0.178571
8 0.505217 0.385523 0.957417 0.458546
97 0.505217 0.386161 0.954298 0.459184
73 0.505997 0.910714 0.958976 0.178571
76 0.509895 0.780931 0.963654 0.438138
47 0.507166 0.839924 0.969112 0.320153
76 0.505217 0.386161 0.954298 0.459184
47 0.509895 0.780931 0.963654 0.438138
84 0.507166 0.839924 0.969112 0.320153
76 0.507946 0.897003 0.961315 0.205995
50 0.507166 0.84949 0.972231 0.30102
111 0.509895 0.780931 0.963654 0.438138
49 0.507166 0.84949 0.972231 0.30102
100 0.505217 0.385523 0.957417 0.458546
77 0.507166 0.84949 0.972231 0.30102
99 0.505997 0.910714 0.958976 0.178571
46 0.510674 0.834821 0.965214 0.330357
110 0.507946 0.897003 0.961315 0.205995
101 0.507166 0.84949 0.972231 0.30102
99 0.509895 0.780931 0.963654 0.438138
100 0.507166 0.839924 0.969112 0.320153
50 0.505217 0.395408 0.957417 0.444515
48 0.511454 0.399554 0.940265 0.429209
76 0.505997 0.395488 0.952739 0.438616
46 0.505997 0.395488 0.952739 0.438616
47 0.504827 0.399872 0.948841 0.434949
49 0.504437 0.395727 0.955858 0.435587
54 0.505997 0.395488 0.952739 0.438616
97 0.505217 0.395408 0.957417 0.444515
51 0.505997 0.394452 0.955858 0.444515
100 0.505217 0.395408 0.957417 0.444515
99 0.505997 0.395488 0.952739 0.438616
42 0.511454 0.399554 0.940265 0.429209
52 0.49898 0.399235 0.957417 0.436224
110 0.505217 0.395408 0.957417 0.444515
73 0.505217 0.395408 0.957417 0.444515
84 0.504827 0.399872 0.948841 0.434949
53 0.504827 0.399872 0.948841 0.434949
75 0.505997 0.395488 0.952739 0.438616
80 0.511454 0.399554 0.940265 0.429209
111 0.504827 0.399872 0.948841 0.434949
103 0.511454 0.399554 0.940265 0.429209
50 0.52159 0.395408 0.952739 0.430485
97 0.515352 0.402423 0.968332 0.432398
46 0.517691 0.395328 0.960536 0.431282
49 0.517691 0.395328 0.960536 0.431282
51 0.535864 0.39477 0.928272 0.427296
76 0.515352 0.402423 0.968332 0.432398
54 0.535864 0.39477 0.928272 0.427296
42 0.535864 0.39477 0.928272 0.427296
47 0.517691 0.395328 0.960536 0.431282
48 0.517691 0.395328 0.960536 0.431282
73 0.515352 0.402423 0.968332 0.432398
53 0.535864 0.39477 0.928272 0.427296
100 0.515352 0.402423 0.968332 0.432398
84 0.52159 0.395408 0.952739 0.430485
50 0.506776 0.401467 0.957417 0.42602
76 0.506776 0.401467 0.957417 0.42602
49 0.506776 0.401467 0.957417 0.42602
54 0.505217 0.399235 0.960536 0.428571
48 0.503658 0.398677 0.954299 0.428412
46 0.506776 0.401467 0.957417 0.42602
75 0.506776 0.401467 0.957417 0.42602
84 0.506776 0.401467 0.957417 0.42602
97 0.506776 0.399235 0.958976 0.431122
100 0.506776 0.401467 0.957417 0.42602
47 0.503658 0.398677 0.954299 0.428412
42 0.503658 0.398677 0.954299 0.428412
73 0.506776 0.401467 0.957417 0.42602
16 0.035718 0.470663 0.071436 0.0535714
53 0.503658 0.398677 0.954299 0.428412
50 0.502878 0.396684 0.952739 0.433674
49 0.504437 0.398597 0.952739 0.433036
46 0.503658 0.399235 0.954299 0.434311
47 0.503658 0.399235 0.954299 0.434311
51 0.501319 0.40051 0.955858 0.438776
73 0.503658 0.399235 0.954299 0.434311
100 0.503658 0.399235 0.954299 0.434311
99 0.503658 0.399235 0.954299 0.434311
48 0.501319 0.40051 0.955858 0.438776
76 0.504437 0.398597 0.952739 0.433036
97 0.503658 0.399235 0.954299 0.434311
84 0.501319 0.40051 0.955858 0.438776
110 0.503658 0.399235 0.954299 0.434311
54 0.503658 0.399235 0.954299 0.434311
76 0.505217 0.398597 0.957417 0.429209
46 0.499759 0.399235 0.971451 0.428571
50 0.500539 0.398916 0.969892 0.42602
47 0.502098 0.398597 0.965214 0.428571
75 0.504437 0.401228 0.960536 0.430963
49 0.499759 0.399235 0.971451 0.428571
99 0.502098 0.398597 0.965214 0.428571
73 0.504437 0.399793 0.960536 0.435108
100 0.505217 0.398597 0.957417 0.429209
48 0.502098 0.398597 0.965214 0.428571
54 0.504437 0.401228 0.960536 0.430963
42 0.502098 0.398597 0.965214 0.428571
97 0.505217 0.398597 0.957417 0.429209
51 0.500539 0.398916 0.969892 0.42602
48 0.4982 0.953444 0.932468 0.0931122
84 0.504827 0.398916 0.955078 0.427934
50 0.49859 0.399235 0.95196 0.424745
46 0.531725 0.392219 0.899723 0.427296
100 0.503658 0.395488 0.95118 0.42331
51 0.509115 0.394452 0.943383 0.427296
47 0.518471 0.393415 0.92779 0.42618
99 0.518471 0.393415 0.92779 0.42618
76 0.519641 0.392937 0.919214 0.427137
49 0.531725 0.392219 0.899723 0.427296
73 0.503658 0.395488 0.95118 0.42331
99 0.500539 0.860969 0.969892 0.278061
97 0.49859 0.399235 0.95196 0.424745
100 0.500539 0.860969 0.969892 0.278061
48 0.518471 0.393415 0.92779 0.42618
48 0.500539 0.860969 0.969892 0.278061
47 0.500539 0.860969 0.969892 0.278061
46 0.500539 0.860969 0.969892 0.278061
50 0.500539 0.860969 0.969892 0.278061
73 0.500539 0.860969 0.969892 0.278061
76 0.500539 0.860969 0.969892 0.278061
48 0.49781 0.936862 0.958197 0.126275
49 0.500539 0.860969 0.969892 0.278061
99 0.49781 0.936862 0.958197 0.126275
42 0.518471 0.393415 0.92779 0.42618
84 0.503658 0.395488 0.95118 0.42331
100 0.49781 0.936862 0.958197 0.126275
54 0.503658 0.395488 0.95118 0.42331
110 0.500539 0.860969 0.969892 0.278061
50 0.49781 0.936862 0.958197 0.126275
76 0.49781 0.936862 0.958197 0.126275
50 0.503658 0.399793 0.944943 0.423629
49 0.506386 0.399314 0.948841 0.42331
46 0.506386 0.399314 0.948841 0.42331
76 0.506386 0.399314 0.948841 0.42331
51 0.509115 0.395966 0.962095 0.421078
100 0.506386 0.399314 0.948841 0.42331
48 0.506386 0.399314 0.948841 0.42331
48 0.500929 0.942602 0.962875 0.114796
99 0.501708 0.873725 0.967553 0.252551
48 0.501708 0.873725 0.967553 0.252551
99 0.506386 0.399314 0.948841 0.42331
99 0.500929 0.942602 0.962875 0.114796
73 0.501708 0.873725 0.967553 0.252551
73 0.506386 0.399314 0.948841 0.42331
84 0.511844 0.396365 0.947282 0.422832
50 0.513013 0.394053 0.963654 0.427455
97 0.510674 0.392219 0.955858 0.432398
51 0.510285 0.395089 0.959756 0.43176
54 0.510285 0.390944 0.962875 0.426658
42 0.510285 0.390944 0.962875 0.426658
49 0.513013 0.394053 0.963654 0.427455
76 0.510285 0.390944 0.962875 0.426658
53 0.513013 0.394053 0.963654 0.427455
46 0.510285 0.395089 0.959756 0.43176
100 0.510285 0.395089 0.959756 0.43176
48 0.513013 0.394053 0.963654 0.427455
47 0.510285 0.395089 0.959756 0.43176
73 0.510674 0.392538 0.952739 0.4375
84 0.510285 0.395089 0.959756 0.43176
50 0.507166 0.393415 0.962875 0.428731
51 0.52003 0.395328 0.940265 0.427455
100 0.508335 0.397003 0.960536 0.429209
49 0.507166 0.395488 0.964434 0.428412
99 0.508335 0.397003 0.960536 0.429209
73 0.508335 0.397003 0.960536 0.429209
47 0.507166 0.395488 0.964434 0.428412
46 0.507166 0.395488 0.964434 0.428412
48 0.507166 0.395488 0.964434 0.428412
76 0.509115 0.392857 0.958976 0.434311
84 0.507166 0.395488 0.964434 0.428412
110 0.508335 0.397003 0.960536 0.429209
97 0.508335 0.397003 0.960536 0.429209
50 0.505997 0.395089 0.957417 0.432398
97 0.505997 0.395089 0.957417 0.432398
54 0.505997 0.395089 0.957417 0.432398
51 0.505997 0.395089 0.957417 0.432398
49 0.505997 0.395089 0.957417 0.432398
48 0.508335 0.397401 0.960536 0.427137
46 0.505997 0.395089 0.957417 0.432398
76 0.508335 0.397401 0.960536 0.427137
53 0.508335 0.397401 0.960536 0.427137
42 0.508335 0.397401 0.960536 0.427137
73 0.504437 0.397401 0.952739 0.428412
100 0.505997 0.395089 0.957417 0.432398
110 0.504437 0.397401 0.952739 0.428412
84 0.505997 0.395089 0.957417 0.432398
99 0.505997 0.395089 0.957417 0.432398
47 0.505997 0.395089 0.957417 0.432398
50 0.504437 0.394691 0.962095 0.433833
51 0.490403 0.394212 0.913756 0.437341
97 0.515983 0.396604 0.968034 0.432557
49 0.504437 0.394691 0.962095 0.433833
110 0.502878 0.391502 0.952739 0.442762
76 0.504437 0.394691 0.962095 0.433833
100 0.505607 0.390306 0.956637 0.442602
46 0.505607 0.390306 0.956637 0.442602
84 0.505607 0.390306 0.956637 0.442602
99 0.502878 0.391502 0.952739 0.442762
47 0.49859 0.396365 0.969112 0.43176
50 0.691555 0.396046 0.562911 0.429847
48 0.49859 0.396365 0.969112 0.43176
50 0.501319 0.397321 0.952739 0.420918
51 0.499759 0.396126 0.955858 0.420759
49 0.499759 0.396126 0.955858 0.420759
48 0.499759 0.396126 0.955858 0.420759
46 0.499759 0.396126 0.955858 0.420759
100 0.499759 0.396126 0.955858 0.420759
76 0.499759 0.396126 0.955858 0.420759
97 0.499759 0.396126 0.955858 0.420759
99 0.499759 0.396126 0.955858 0.420759
84 0.499759 0.396126 0.955858 0.420759
47 0.499759 0.396126 0.955858 0.420759
50 0.507556 0.401865 0.957417 0.419483
49 0.504047 0.399314 0.964434 0.424585
48 0.504047 0.399314 0.964434 0.424585
100 0.508335 0.398039 0.957417 0.432239
76 0.504047 0.399314 0.964434 0.424585
99 0.505997 0.401467 0.955858 0.423469
73 0.505997 0.401467 0.955858 0.423469
51 0.508335 0.398039 0.957417 0.432239
46 0.504047 0.399314 0.964434 0.424585
47 0.504047 0.399314 0.964434 0.424585
97 0.508335 0.398039 0.957417 0.432239
14 0.76952 0.0900032 0.0140338 0.0282207
110 0.508335 0.398039 0.957417 0.432239
33 0.76952 0.0900032 0.0140338 0.0282207
21 0.76952 0.0900032 0.0140338 0.0282207
50 0.509115 0.399554 0.952739 0.421556
49 0.505997 0.398517 0.952739 0.422353
51 0.505997 0.398517 0.952739 0.422353
50 0.505607 0.400431 0.959756 0.428731
49 0.505607 0.400431 0.959756 0.428731
97 0.505607 0.400431 0.959756 0.428731
46 0.501319 0.397242 0.97457 0.427455
51 0.502488 0.397959 0.972231 0.42602
100 0.505607 0.400431 0.959756 0.428731
48 0.506386 0.401148 0.955078 0.419643
47 0.502488 0.397959 0.972231 0.42602
76 0.506386 0.401148 0.955078 0.419643
54 0.505217 0.401148 0.962095 0.429847
110 0.505217 0.401148 0.962095 0.429847
84 0.505607 0.400431 0.959756 0.428731
73 0.505607 0.400431 0.959756 0.428731
99 0.505607 0.400431 0.959756 0.428731
50 0.511064 0.397003 0.945722 0.425383
49 0.509505 0.396684 0.948841 0.427296
76 0.507556 0.398677 0.943383 0.427136
100 0.507556 0.398677 0.943383 0.427136
48 0.507556 0.398677 0.943383 0.427136
46 0.502488 0.396046 0.962875 0.423469
110 0.505217 0.400829 0.95118 0.427934
51 0.509505 0.396684 0.948841 0.427296
97 0.505217 0.400829 0.95118 0.427934
84 0.505217 0.400829 0.95118 0.427934
102 0.505217 0.400829 0.95118 0.427934
68 0.505217 0.400829 0.95118 0.427934
50 0.505217 0.399314 0.963654 0.427137
49 0.503658 0.398916 0.966773 0.430485
76 0.504047 0.395966 0.959756 0.435108
54 0.504047 0.395966 0.959756 0.435108
97 0.504047 0.395966 0.959756 0.435108
48 0.505997 0.399872 0.954298 0.428571
51 0.505997 0.399872 0.954298 0.428571
42 0.504047 0.395966 0.959756 0.435108
53 0.505997 0.399872 0.954298 0.428571
46 0.505997 0.399872 0.954298 0.428571
100 0.505997 0.399872 0.954298 0.428571
47 0.505997 0.399872 0.954298 0.428571
84 0.505997 0.399872 0.954298 0.428571
99 0.505997 0.399872 0.954298 0.428571
50 0.502098 0.396365 0.966773 0.426658
49 0.506386 0.399235 0.948841 0.428571
46 0.503658 0.396046 0.952739 0.438776
76 0.503658 0.396046 0.952739 0.438776
100 0.503658 0.396126 0.952739 0.437341
97 0.503658 0.396046 0.952739 0.438776
48 0.506386 0.399235 0.948841 0.428571
51 0.503658 0.396126 0.952739 0.437341
99 0.503658 0.396046 0.952739 0.438776
54 0.503658 0.396126 0.952739 0.437341
73 0.503658 0.396126 0.952739 0.437341
47 0.506386 0.399235 0.948841 0.428571
84 0.503658 0.396126 0.952739 0.437341
110 0.503658 0.396046 0.952739 0.438776
50 0.506386 0.401467 0.95196 0.422194
49 0.507556 0.396684 0.949621 0.423469
48 0.501708 0.399952 0.964434 0.427137
76 0.505997 0.40059 0.954298 0.427137
51 0.505997 0.399554 0.955858 0.432398
53 0.505997 0.40059 0.954298 0.427137
97 0.505997 0.399554 0.955858 0.432398
54 0.505997 0.40059 0.954298 0.427137
46 0.507556 0.396684 0.949621 0.423469
84 0.505997 0.399554 0.955858 0.432398
110 0.505997 0.399554 0.955858 0.432398
47 0.501708 0.399952 0.964434 0.427137
50 0.505997 0.397959 0.946502 0.427296
49 0.495861 0.396684 0.97301 0.422832
48 0.504437 0.399314 0.948061 0.422034
76 0.505997 0.397959 0.946502 0.427296
51 0.495861 0.396684 0.97301 0.422832
97 0.502878 0.401786 0.949621 0.422194
46 0.495861 0.396684 0.97301 0.422832
100 0.504437 0.399314 0.948061 0.422034
84 0.504437 0.399314 0.948061 0.422034
110 0.503658 0.40051 0.949621 0.424745
53 0.504437 0.399314 0.948061 0.422034
50 0.509115 0.398039 0.94962 0.427136
49 0.509505 0.397959 0.95196 0.427934
51 0.507556 0.395089 0.952739 0.436224
48 0.509505 0.397959 0.95196 0.427934
76 0.509505 0.397959 0.95196 0.427934
53 0.509505 0.397959 0.95196 0.427934
102 0.509505 0.397959 0.95196 0.427934
84 0.509505 0.397959 0.95196 0.427934
46 0.509505 0.397959 0.95196 0.427934
50 0.502098 0.39477 0.969892 0.427296
76 0.508725 0.395089 0.958197 0.430485
49 0.500149 0.396763 0.976909 0.430963
51 0.502098 0.39477 0.969892 0.427296
53 0.506776 0.394212 0.960536 0.433514
48 0.506776 0.394212 0.960536 0.433514
100 0.506776 0.394212 0.960536 0.433514
102 0.506776 0.394212 0.960536 0.433514
110 0.507556 0.394212 0.960536 0.43479
97 0.506776 0.394212 0.960536 0.433514
54 0.506776 0.394212 0.960536 0.433514
50 0.508335 0.398278 0.963654 0.425383
49 0.508725 0.397321 0.962875 0.42602
51 0.509895 0.407526 0.958976 0.414541
76 0.508725 0.397321 0.962875 0.42602
48 0.508725 0.397321 0.962875 0.42602
97 0.508335 0.398278 0.963654 0.430485
54 0.508725 0.397321 0.962875 0.42602
110 0.509895 0.407526 0.958976 0.414541
46 0.508725 0.397321 0.962875 0.42602
50 0.511064 0.398278 0.945722 0.427934
49 0.510674 0.399235 0.949621 0.430485
51 0.510674 0.399235 0.949621 0.430485
76 0.510674 0.399235 0.949621 0.430485
48 0.510285 0.399314 0.953519 0.429688
46 0.510674 0.399235 0.949621 0.430485
50 0.504437 0.400829 0.952739 0.426658
49 0.507556 0.401068 0.949621 0.423629
48 0.505997 0.401228 0.962095 0.422034
51 0.505997 0.401228 0.962095 0.422034
46 0.507556 0.401068 0.949621 0.423629
47 0.505997 0.401228 0.962095 0.422034
76 0.506776 0.40051 0.944943 0.420918
100 0.507556 0.401068 0.949621 0.423629
99 0.503658 0.400829 0.95118 0.423469
73 0.507556 0.401068 0.949621 0.423629
84 0.507556 0.401068 0.949621 0.423629
54 0.507556 0.401068 0.949621 0.423629
50 0.509115 0.398677 0.94962 0.422034
49 0.509115 0.399155 0.957417 0.42618
76 0.509115 0.396684 0.94962 0.431122
51 0.509115 0.399155 0.957417 0.42618
100 0.509115 0.399554 0.94962 0.424107
99 0.509115 0.396684 0.94962 0.431122
46 0.509115 0.399554 0.94962 0.424107
48 0.509115 0.399554 0.94962 0.424107
84 0.508335 0.398278 0.95118 0.430485
47 0.509115 0.399554 0.94962 0.424107
110 0.509115 0.396684 0.94962 0.431122
73 0.509115 0.399554 0.94962 0.424107
50 0.509895 0.401228 0.95118 0.420759
49 0.510674 0.399872 0.957417 0.423469
51 0.510674 0.399872 0.957417 0.423469
76 0.511454 0.401467 0.957417 0.421556
46 0.510674 0.399872 0.957417 0.423469
84 0.510674 0.399872 0.957417 0.423469
100 0.511454 0.401467 0.957417 0.421556
50 0.512624 0.401148 0.961315 0.42602
51 0.510674 0.397959 0.960536 0.424107
49 0.513013 0.401148 0.962095 0.428571
46 0.510674 0.396365 0.958976 0.424745
47 0.514963 0.398597 0.958197 0.431122
76 0.512234 0.401467 0.958976 0.425383
48 0.513013 0.401148 0.962095 0.428571
100 0.513013 0.401148 0.962095 0.428571
84 0.514963 0.398597 0.958197 0.431122
50 0.517302 0.398916 0.9504 0.424745
49 0.512234 0.399952 0.965214 0.424585
51 0.512234 0.399952 0.965214 0.424585
100 0.512624 0.402105 0.964434 0.420281
50 0.515352 0.398597 0.952739 0.422832
49 0.515352 0.400431 0.952739 0.423629
51 0.515352 0.400431 0.952739 0.423629
76 0.518471 0.401228 0.944943 0.415657
100 0.515352 0.400431 0.952739 0.423629
48 0.515352 0.400431 0.952739 0.423629
50 0.511454 0.398039 0.944943 0.424585
49 0.510285 0.400431 0.944163 0.424904
51 0.510285 0.400431 0.944163 0.424904
76 0.510285 0.400431 0.944163 0.424904
100 0.510285 0.400431 0.944163 0.424904
99 0.513013 0.399952 0.938705 0.418208
48 0.510285 0.400431 0.944163 0.424904
50 0.510674 0.398597 0.948061 0.424745
49 0.510285 0.399793 0.947282 0.424904
51 0.510674 0.398597 0.944943 0.420918
100 0.510285 0.399793 0.947282 0.424904
76 0.511064 0.40059 0.942604 0.420759
46 0.510285 0.399793 0.947282 0.424904
29 0.510285 0.398597 0.945722 0.42602
48 0.510285 0.399793 0.947282 0.424904
99 0.511064 0.40059 0.942604 0.420759
73 0.511064 0.40059 0.942604 0.420759
50 0.511454 0.399235 0.948061 0.426658
49 0.512234 0.398916 0.944943 0.424107
51 0.512234 0.398916 0.944943 0.424107
46 0.502878 0.395488 0.962095 0.425861
100 0.511454 0.399554 0.944943 0.425383
76 0.510285 0.399155 0.944163 0.428731
48 0.511454 0.399554 0.944943 0.425383
99 0.510285 0.399155 0.944163 0.428731
29 0.511454 0.399235 0.948061 0.426658
50 0.513013 0.396046 0.954298 0.433674
49 0.514183 0.397003 0.95196 0.422832
51 0.514183 0.397003 0.95196 0.422832
46 0.514183 0.397003 0.95196 0.422832
100 0.513403 0.398278 0.9504 0.42602
76 0.512234 0.397003 0.952739 0.433036
48 0.513403 0.398278 0.9504 0.42602
99 0.513403 0.398278 0.9504 0.42602
47 0.513403 0.398278 0.9504 0.42602
73 0.513403 0.398278 0.9504 0.42602
50 0.511454 0.397242 0.952739 0.423629
49 0.508725 0.397879 0.959756 0.423629
51 0.508725 0.397879 0.959756 0.423629
76 0.509895 0.398916 0.955858 0.429847
100 0.510285 0.400431 0.953519 0.423629
46 0.508725 0.397879 0.959756 0.423629
48 0.510285 0.400431 0.953519 0.423629
29 0.509895 0.399235 0.957417 0.428571
99 0.509895 0.398916 0.955858 0.429847
50 0.510285 0.400829 0.953519 0.424745
49 0.509505 0.401148 0.955078 0.426658
51 0.511064 0.399235 0.955078 0.427296
46 0.502878 0.396365 0.965214 0.424745
100 0.509505 0.401148 0.955078 0.426658
76 0.509505 0.401148 0.955078 0.426658
48 0.509505 0.401148 0.955078 0.426658
97 0.511064 0.399793 0.955078 0.430006
54 0.509505 0.401148 0.955078 0.426658
29 0.509505 0.401148 0.955078 0.426658
50 0.514573 0.398278 0.948061 0.427934
49 0.513013 0.398597 0.95118 0.427934
76 0.511454 0.400431 0.949621 0.428731
46 0.505997 0.396046 0.963654 0.426658
48 0.510674 0.399793 0.949621 0.427455
100 0.510674 0.399793 0.949621 0.427455
51 0.513013 0.398597 0.95118 0.427934
97 0.511454 0.400431 0.949621 0.428731
99 0.511454 0.400431 0.949621 0.428731
54 0.511454 0.400431 0.949621 0.428731
84 0.510674 0.399793 0.949621 0.427455
50 0.508725 0.39764 0.959756 0.425383
49 0.511454 0.398278 0.954299 0.427934
76 0.509115 0.400431 0.952739 0.427455
48 0.509115 0.399554 0.952739 0.427296
100 0.509115 0.399554 0.952739 0.427296
97 0.509115 0.400431 0.952739 0.427455
51 0.511454 0.398278 0.954299 0.427934
46 0.509115 0.400431 0.952739 0.427455
110 0.509115 0.399554 0.95118 0.430485
54 0.509115 0.399554 0.95118 0.430485
84 0.509115 0.399554 0.952739 0.427296
73 0.509115 0.399554 0.952739 0.427296
99 0.509115 0.400431 0.952739 0.427455
50 0.506776 0.399235 0.948061 0.42602
49 0.509115 0.398677 0.954299 0.425861
76 0.505997 0.40059 0.949621 0.427137
100 0.506776 0.399554 0.95118 0.42602
48 0.506776 0.399554 0.95118 0.42602
46 0.505997 0.40059 0.949621 0.427137
51 0.509115 0.398677 0.954299 0.425861
73 0.506776 0.399554 0.95118 0.42602
97 0.505997 0.40059 0.949621 0.427137
99 0.505997 0.40059 0.949621 0.427137
50 0.509505 0.399235 0.948841 0.427296
49 0.513793 0.399235 0.95118 0.42602
51 0.513793 0.399235 0.95118 0.42602
100 0.509505 0.399872 0.9504 0.427296
46 0.509505 0.399872 0.9504 0.427296
48 0.509505 0.399872 0.9504 0.427296
76 0.510674 0.399155 0.946502 0.42618
97 0.508335 0.399235 0.95118 0.431122
73 0.509505 0.399872 0.9504 0.427296
47 0.509505 0.399872 0.9504 0.427296
99 0.509505 0.399872 0.9504 0.427296
84 0.509505 0.399872 0.9504 0.427296
50 0.509115 0.399314 0.94962 0.425861
49 0.516132 0.399554 0.948061 0.422832
51 0.512234 0.397401 0.957417 0.425861
46 0.506776 0.396046 0.958976 0.422832
100 0.509895 0.400191 0.95118 0.424107
76 0.511454 0.398916 0.944943 0.42602
99 0.511454 0.398916 0.944943 0.42602
73 0.509895 0.400191 0.95118 0.424107
48 0.509895 0.400191 0.95118 0.424107
47 0.512234 0.397401 0.957417 0.425861
97 0.509115 0.399952 0.952739 0.428412
84 0.506776 0.396046 0.958976 0.422832
50 0.508335 0.40051 0.95118 0.423469
49 0.513793 0.399872 0.952739 0.422832
51 0.515352 0.400191 0.940265 0.420281
100 0.509895 0.400829 0.952739 0.424107
46 0.513793 0.399872 0.952739 0.422832
76 0.510674 0.399872 0.946502 0.424107
99 0.510674 0.399872 0.946502 0.424107
48 0.509895 0.400829 0.952739 0.424107
73 0.509895 0.400829 0.952739 0.424107
47 0.509895 0.400829 0.952739 0.424107
84 0.508335 0.40051 0.95118 0.423469
97 0.509115 0.401148 0.954299 0.42602
50 0.506776 0.399872 0.954298 0.42602
49 0.508335 0.399872 0.962095 0.42602
51 0.508335 0.399554 0.95118 0.424745
76 0.507166 0.40059 0.953519 0.427137
100 0.507946 0.400431 0.956638 0.42618
46 0.507946 0.400431 0.956638 0.42618
99 0.507166 0.40059 0.953519 0.427137
48 0.507946 0.400431 0.956638 0.42618
73 0.507946 0.400431 0.956638 0.42618
84 0.506776 0.399872 0.954298 0.42602
47 0.507946 0.400431 0.956638 0.42618
50 0.506776 0.399952 0.952739 0.425861
51 0.507556 0.399554 0.949621 0.425383
49 0.506776 0.399554 0.963654 0.425383
99 0.506386 0.399554 0.95196 0.430485
76 0.506386 0.399554 0.95196 0.430485
46 0.506776 0.399952 0.952739 0.425861
100 0.507556 0.400191 0.955858 0.426658
48 0.507556 0.400191 0.955858 0.426658
73 0.506776 0.399155 0.954298 0.431282
47 0.507556 0.400191 0.955858 0.426658
84 0.506776 0.399952 0.952739 0.425861
50 0.507556 0.399872 0.958976 0.421556
51 0.507556 0.399872 0.958976 0.421556
49 0.507946 0.399872 0.961315 0.424745
76 0.509505 0.400191 0.948841 0.425383
99 0.508335 0.399155 0.95118 0.432557
46 0.508335 0.40051 0.95118 0.424745
48 0.509115 0.401068 0.954299 0.42618
100 0.509115 0.401068 0.954299 0.42618
73 0.508335 0.399155 0.95118 0.432557
47 0.509115 0.401068 0.954299 0.42618
77 0.507166 0.854592 0.972231 0.290816
84 0.508335 0.40051 0.95118 0.424745
77 0.513013 0.906569 0.960536 0.186862
77 0.503658 0.959184 0.965214 0.0816326
42 0.508335 0.399155 0.95118 0.432557
102 0.503658 0.959184 0.965214 0.0816326
29 0.509115 0.399235 0.952739 0.432398
50 0.506776 0.400191 0.958976 0.423469
51 0.506776 0.400191 0.958976 0.423469
49 0.506776 0.399872 0.963654 0.427296
76 0.510674 0.399952 0.948061 0.427137
48 0.509115 0.40051 0.955858 0.427296
99 0.509115 0.398039 0.95118 0.436065
46 0.507556 0.399554 0.954299 0.423469
73 0.509115 0.398039 0.95118 0.436065
100 0.509115 0.40051 0.955858 0.427296
47 0.506776 0.399872 0.963654 0.427296
42 0.509115 0.398039 0.95118 0.436065
84 0.509895 0.39764 0.954299 0.436225
97 0.509115 0.398039 0.95118 0.436065
50 0.503658 0.399554 0.963654 0.422832
51 0.503658 0.399554 0.963654 0.422832
76 0.509505 0.399872 0.948841 0.42602
49 0.502878 0.399793 0.968332 0.42618
99 0.508335 0.397959 0.952739 0.434949
48 0.507556 0.400431 0.955858 0.42618
46 0.509505 0.399872 0.948841 0.42602
73 0.508335 0.397959 0.952739 0.434949
47 0.502878 0.399793 0.968332 0.42618
100 0.508725 0.397003 0.955078 0.436224
97 0.508335 0.397959 0.952739 0.434949
42 0.508335 0.397959 0.952739 0.434949
84 0.508725 0.397003 0.955078 0.436224
50 0.503658 0.398916 0.963654 0.422832
51 0.508335 0.395727 0.955858 0.4375
76 0.509115 0.398597 0.94962 0.42602
49 0.502878 0.398916 0.966773 0.425383
48 0.502878 0.398916 0.966773 0.425383
99 0.508335 0.395966 0.954299 0.436384
46 0.509115 0.398597 0.94962 0.42602
73 0.508335 0.395966 0.954299 0.436384
47 0.507946 0.399314 0.955078 0.427137
100 0.507946 0.399314 0.955078 0.427137
97 0.508335 0.395966 0.954299 0.436384
84 0.508335 0.395727 0.955858 0.4375
50 0.505997 0.398597 0.958976 0.424745
51 0.508725 0.395408 0.953519 0.4375
76 0.509895 0.398517 0.949621 0.42618
49 0.505217 0.398916 0.962095 0.426658
99 0.508725 0.395408 0.953519 0.4375
48 0.505217 0.398916 0.962095 0.426658
46 0.507556 0.397003 0.957417 0.435587
100 0.507556 0.397003 0.957417 0.435587
73 0.508725 0.395408 0.953519 0.4375
47 0.507556 0.397003 0.957417 0.435587
97 0.507556 0.397003 0.957417 0.435587
50 0.506776 0.399155 0.958976 0.423629
51 0.509895 0.397003 0.954299 0.434311
76 0.510674 0.399155 0.949621 0.424904
49 0.505997 0.399872 0.962095 0.42602
99 0.509895 0.397003 0.954299 0.434311
100 0.507556 0.398517 0.957417 0.433833
48 0.505997 0.399872 0.962095 0.42602
46 0.507556 0.398517 0.957417 0.433833
97 0.507556 0.398517 0.957417 0.433833
73 0.509895 0.397003 0.954299 0.434311
50 0.504437 0.399554 0.958976 0.422832
51 0.507946 0.398039 0.95196 0.429688
76 0.508725 0.399872 0.948841 0.422832
49 0.506776 0.401148 0.95118 0.424745
99 0.507946 0.398039 0.95196 0.429688
48 0.506776 0.401148 0.95118 0.424745
100 0.505997 0.399872 0.955858 0.429847
46 0.505997 0.399872 0.955858 0.429847
97 0.507946 0.398039 0.95196 0.429688
50 0.502878 0.399554 0.962095 0.422832
76 0.507556 0.399793 0.95118 0.422353
51 0.507556 0.398916 0.952739 0.427934
49 0.505997 0.401467 0.952739 0.425383
99 0.507556 0.398916 0.952739 0.427934
48 0.505997 0.401467 0.952739 0.425383
100 0.505997 0.401068 0.955858 0.428731
46 0.505997 0.401068 0.955858 0.428731
97 0.505997 0.401068 0.955858 0.428731
50 0.502488 0.399155 0.961315 0.422353
76 0.507166 0.399314 0.9504 0.42331
51 0.506776 0.397959 0.95118 0.428571
49 0.505997 0.400829 0.954298 0.425383
99 0.506776 0.397959 0.95118 0.428571
100 0.505997 0.40051 0.955858 0.428571
48 0.505997 0.400829 0.954298 0.425383
46 0.505997 0.40051 0.955858 0.428571
50 0.504437 0.398916 0.958976 0.424107
76 0.508335 0.398916 0.95118 0.424107
51 0.507946 0.397959 0.95196 0.428571
49 0.506776 0.40059 0.954298 0.425861
99 0.507946 0.397959 0.95196 0.428571
100 0.507166 0.400829 0.956638 0.429209
48 0.506776 0.40059 0.954298 0.425861
46 0.507166 0.400829 0.956638 0.429209
73 0.507946 0.397959 0.95196 0.428571
97 0.507166 0.400829 0.956638 0.429209
29 0.507946 0.397959 0.95196 0.428571
50 0.506776 0.398916 0.957417 0.424107
76 0.509115 0.398597 0.95118 0.424745
51 0.508725 0.397959 0.955078 0.430485
49 0.507946 0.400829 0.955078 0.42602
99 0.509115 0.397879 0.952739 0.428731
48 0.507946 0.400829 0.955078 0.42602
46 0.508725 0.397959 0.955078 0.430485
73 0.509115 0.397879 0.952739 0.428731
100 0.507946 0.400829 0.955078 0.42602
97 0.509115 0.397879 0.952739 0.428731
29 0.509115 0.397879 0.952739 0.428731
50 0.505997 0.399314 0.958976 0.42331
76 0.509115 0.398916 0.952739 0.424107
51 0.509115 0.39788 0.955858 0.430006
49 0.506776 0.400431 0.958976 0.42618
99 0.508335 0.397959 0.954299 0.429209
48 0.507946 0.40059 0.955078 0.425861
46 0.507946 0.40059 0.955078 0.425861
73 0.508335 0.397959 0.954299 0.429209
100 0.507946 0.40059 0.955078 0.425861
97 0.508335 0.397959 0.954299 0.429209
29 0.508335 0.397959 0.954299 0.429209
84 0.507946 0.40059 0.955078 0.425861
50 0.506386 0.399235 0.959756 0.422194
76 0.509505 0.399235 0.95196 0.422832
49 0.506776 0.400191 0.960536 0.425383
51 0.508725 0.398597 0.956638 0.428571
99 0.508335 0.398278 0.954299 0.427934
48 0.509115 0.400829 0.955858 0.425383
46 0.509115 0.400829 0.955858 0.425383
100 0.509115 0.400829 0.955858 0.425383
73 0.508335 0.398278 0.954299 0.427934
29 0.508335 0.398278 0.954299 0.427934
84 0.509115 0.400829 0.955858 0.425383
97 0.508335 0.398278 0.954299 0.427934
50 0.507556 0.399235 0.958976 0.422194
76 0.509895 0.399235 0.95118 0.422194
49 0.508335 0.400191 0.958976 0.425383
51 0.509505 0.400829 0.955078 0.425383
99 0.509115 0.398597 0.955858 0.427296
48 0.509505 0.400829 0.955078 0.425383
46 0.509505 0.400829 0.955078 0.425383
100 0.509505 0.400829 0.955078 0.425383
73 0.509115 0.398597 0.955858 0.427296
29 0.509115 0.398597 0.955858 0.427296
84 0.509505 0.400829 0.955078 0.425383
50 0.507556 0.399554 0.958976 0.421556
76 0.510285 0.399235 0.95196 0.422194
49 0.508335 0.400191 0.958976 0.425383
51 0.509505 0.401068 0.955078 0.424904
99 0.509895 0.398916 0.954299 0.427296
46 0.509505 0.401068 0.955078 0.424904
48 0.509505 0.401068 0.955078 0.424904
100 0.509505 0.401068 0.955078 0.424904
73 0.509895 0.398916 0.954299 0.427296
29 0.510285 0.399235 0.95196 0.422194
84 0.509505 0.401068 0.955078 0.424904
97 0.509895 0.398916 0.954299 0.427296
50 0.507556 0.399554 0.957417 0.421556
76 0.509895 0.398916 0.95118 0.422832
49 0.508725 0.400431 0.956638 0.424904
51 0.509115 0.400829 0.954299 0.425383
99 0.509115 0.400829 0.954299 0.425383
48 0.508725 0.400431 0.956638 0.424904
46 0.509115 0.400829 0.954299 0.425383
100 0.509115 0.400829 0.954299 0.425383
73 0.509895 0.397959 0.954299 0.428571
29 0.509895 0.398278 0.955858 0.430485
84 0.509115 0.400829 0.954299 0.425383
97 0.509895 0.398278 0.955858 0.430485
50 0.508725 0.399872 0.953519 0.421556
76 0.510674 0.398916 0.949621 0.422832
49 0.509505 0.400191 0.953519 0.424107
51 0.509115 0.40051 0.952739 0.424745
46 0.509115 0.40051 0.952739 0.424745
99 0.509115 0.40051 0.952739 0.424745
48 0.509115 0.40051 0.952739 0.424745
100 0.509115 0.40051 0.952739 0.424745
73 0.510285 0.398039 0.953519 0.429688
29 0.509895 0.397959 0.954299 0.431123
84 0.509115 0.40051 0.952739 0.424745
97 0.509895 0.397959 0.954299 0.431123
47 0.509115 0.40051 0.952739 0.424745
50 0.509895 0.400191 0.95118 0.420918
76 0.511064 0.399314 0.948841 0.42331
49 0.510674 0.40051 0.95118 0.424107
51 0.509505 0.400829 0.95196 0.424745
46 0.510285 0.398039 0.955078 0.432239
100 0.509505 0.400829 0.95196 0.424745
99 0.509505 0.400829 0.95196 0.424745
48 0.509505 0.400829 0.95196 0.424745
73 0.510285 0.39764 0.953519 0.430485
29 0.510285 0.398039 0.955078 0.432239
47 0.509505 0.400829 0.95196 0.424745
84 0.509505 0.400829 0.95196 0.424745
97 0.510285 0.398039 0.955078 0.432239
50 0.509895 0.400431 0.95118 0.421078
76 0.511064 0.399554 0.948841 0.422832
49 0.510674 0.40059 0.952739 0.424586
51 0.509505 0.401068 0.95196 0.424904
46 0.510674 0.397242 0.955858 0.432557
100 0.509505 0.401068 0.95196 0.424904
48 0.509505 0.401068 0.95196 0.424904
99 0.509505 0.401068 0.95196 0.424904
73 0.510674 0.397321 0.952739 0.431123
29 0.510674 0.397242 0.955858 0.432557
47 0.509505 0.401068 0.95196 0.424904
97 0.510674 0.397242 0.955858 0.432557
84 0.509505 0.401068 0.95196 0.424904
50 0.511064 0.40059 0.9504 0.420759
76 0.511454 0.399554 0.949621 0.422832
49 0.511454 0.400829 0.95118 0.424107
46 0.511064 0.397003 0.955078 0.433036
51 0.510285 0.401068 0.95196 0.424904
48 0.510285 0.401068 0.95196 0.424904
100 0.510285 0.401068 0.95196 0.424904
99 0.510285 0.401068 0.95196 0.424904
73 0.510674 0.397003 0.952739 0.431122
29 0.511064 0.397003 0.955078 0.433036
47 0.510285 0.401068 0.95196 0.424904
97 0.511064 0.397003 0.955078 0.433036
84 0.510285 0.401068 0.95196 0.424904
50 0.511454 0.400431 0.948061 0.421078
76 0.511454 0.399554 0.948061 0.422832
49 0.511454 0.40059 0.95118 0.424586
46 0.511454 0.396684 0.954299 0.434311
51 0.510674 0.400829 0.952739 0.425383
100 0.510674 0.400829 0.952739 0.425383
48 0.510674 0.400829 0.952739 0.425383
99 0.510674 0.400829 0.952739 0.425383
73 0.511454 0.396684 0.954299 0.434311
29 0.511454 0.396684 0.954299 0.434311
97 0.511454 0.396684 0.954299 0.434311
84 0.510674 0.400829 0.952739 0.425383
47 0.510674 0.400829 0.952739 0.425383
50 0.512234 0.400191 0.946502 0.421556
76 0.512234 0.399554 0.948061 0.423469
49 0.511844 0.400431 0.9504 0.424904
100 0.510674 0.401148 0.952739 0.42602
51 0.510674 0.401148 0.952739 0.42602
46 0.511454 0.397003 0.954299 0.434311
48 0.510674 0.401148 0.952739 0.42602
99 0.510674 0.401148 0.952739 0.42602
73 0.511454 0.397003 0.954299 0.434311
29 0.511454 0.397003 0.954299 0.434311
97 0.511454 0.397003 0.954299 0.434311
84 0.510674 0.401148 0.952739 0.42602
50 0.512234 0.400829 0.949621 0.425383
76 0.512234 0.399554 0.948061 0.424107
49 0.512234 0.400829 0.949621 0.425383
100 0.510674 0.401148 0.952739 0.42602
51 0.510674 0.401148 0.952739 0.42602
46 0.511454 0.397003 0.954299 0.434311
48 0.510674 0.401148 0.952739 0.42602
99 0.511454 0.396763 0.95118 0.432239
73 0.511454 0.397003 0.954299 0.434311
29 0.511454 0.397003 0.954299 0.434311
97 0.511454 0.397003 0.954299 0.434311
84 0.510674 0.401148 0.952739 0.42602
50 0.511454 0.401228 0.95118 0.425861
76 0.511844 0.399872 0.948841 0.423469
49 0.511454 0.401228 0.95118 0.425861
100 0.510674 0.401228 0.952739 0.425861
46 0.511454 0.397401 0.954299 0.43479
51 0.510674 0.401228 0.952739 0.425861
48 0.510674 0.401228 0.952739 0.425861
99 0.511454 0.397003 0.952739 0.43176
73 0.511454 0.397401 0.954299 0.43479
29 0.511454 0.397401 0.954299 0.43479
84 0.510674 0.401228 0.952739 0.425861
97 0.511454 0.397401 0.954299 0.43479
50 0.511454 0.401148 0.95118 0.42602
76 0.511844 0.399554 0.948841 0.424107
49 0.511454 0.401148 0.95118 0.42602
100 0.509895 0.401467 0.952739 0.42602
51 0.509895 0.401467 0.952739 0.42602
46 0.511454 0.397401 0.954299 0.43479
48 0.509895 0.401467 0.952739 0.42602
99 0.511454 0.397003 0.95118 0.432398
73 0.511454 0.397401 0.954299 0.43479
29 0.511454 0.397401 0.954299 0.43479
97 0.511454 0.397401 0.954299 0.43479
84 0.509895 0.401467 0.952739 0.42602
50 0.510674 0.401148 0.95118 0.42602
76 0.511454 0.399554 0.948061 0.424107
49 0.510674 0.401148 0.95118 0.42602
51 0.509895 0.401467 0.95118 0.42602
100 0.509895 0.401467 0.95118 0.42602
46 0.511454 0.397003 0.954299 0.434949
99 0.511064 0.397003 0.95196 0.433036
48 0.509895 0.401467 0.95118 0.42602
73 0.511454 0.397003 0.954299 0.434949
29 0.511454 0.397003 0.954299 0.434949
84 0.509895 0.401467 0.95118 0.42602
97 0.511454 0.397003 0.954299 0.434949
50 0.510674 0.401068 0.95118 0.42618
76 0.511454 0.399554 0.948061 0.424107
49 0.510674 0.401068 0.95118 0.42618
51 0.509895 0.401068 0.95118 0.42618
100 0.511064 0.397003 0.953519 0.434949
46 0.511064 0.397003 0.953519 0.434949
99 0.511064 0.397003 0.95196 0.433036
48 0.509895 0.401068 0.95118 0.42618
73 0.511064 0.397003 0.953519 0.434949
29 0.511064 0.397003 0.953519 0.434949
84 0.509895 0.401068 0.95118 0.42618
50 0.509895 0.400829 0.95118 0.426658
76 0.511454 0.399554 0.948061 0.424745
49 0.509895 0.400829 0.95118 0.426658
51 0.511064 0.396763 0.953519 0.436065
100 0.511064 0.396763 0.953519 0.436065
46 0.511064 0.396763 0.953519 0.436065
99 0.511064 0.396684 0.95196 0.433674
48 0.509505 0.401228 0.95196 0.427137
73 0.511064 0.396763 0.953519 0.436065
29 0.511064 0.396763 0.953519 0.436065
84 0.509505 0.401228 0.95196 0.427137
50 0.509115 0.400829 0.952739 0.426658
76 0.511454 0.399554 0.948061 0.425383
49 0.509115 0.400829 0.952739 0.426658
100 0.510674 0.396046 0.952739 0.436225
51 0.509505 0.401148 0.95196 0.427296
46 0.510674 0.396046 0.952739 0.436225
48 0.509505 0.401148 0.95196 0.427296
99 0.510674 0.396604 0.952739 0.433833
73 0.510674 0.396046 0.952739 0.436225
29 0.510674 0.396046 0.952739 0.436225
84 0.509505 0.401148 0.95196 0.427296
50 0.509115 0.40051 0.952739 0.427296
76 0.511454 0.399554 0.949621 0.425383
49 0.509115 0.40051 0.952739 0.427296
100 0.510674 0.396365 0.954299 0.436224
51 0.510674 0.396365 0.954299 0.436224
46 0.510674 0.396365 0.954299 0.436224
48 0.509115 0.401148 0.952739 0.427296
99 0.510674 0.396684 0.952739 0.433674
73 0.510674 0.396365 0.954299 0.436224
29 0.510674 0.396365 0.954299 0.436224
84 0.509115 0.401148 0.952739 0.427296
50 0.509505 0.400431 0.95196 0.427455
76 0.511454 0.399554 0.949621 0.425383
49 0.509505 0.400431 0.95196 0.427455
100 0.510674 0.396763 0.954299 0.436065
51 0.510674 0.396763 0.954299 0.436065
46 0.510674 0.396763 0.954299 0.436065
48 0.509505 0.401148 0.95196 0.427296
99 0.511064 0.396684 0.95196 0.433674
73 0.510674 0.396763 0.954299 0.436065
29 0.510674 0.396763 0.954299 0.436065
84 0.509505 0.401148 0.95196 0.427296
50 0.509115 0.40051 0.952739 0.427934
76 0.511454 0.399554 0.949621 0.42602
49 0.509115 0.40051 0.952739 0.427934
100 0.510674 0.396763 0.954299 0.436065
51 0.510674 0.396763 0.954299 0.436065
46 0.510674 0.396763 0.954299 0.436065
99 0.511454 0.397003 0.952739 0.433673
48 0.509115 0.401148 0.952739 0.427934
73 0.510674 0.396763 0.954299 0.436065
29 0.510674 0.396763 0.954299 0.436065
84 0.509115 0.401148 0.952739 0.427934
50 0.509505 0.40059 0.95196 0.428412
76 0.511454 0.399554 0.948061 0.42602
49 0.509505 0.40059 0.95196 0.428412
100 0.510674 0.396684 0.952739 0.435587
51 0.510674 0.396684 0.952739 0.435587
48 0.509115 0.401148 0.95118 0.427934
46 0.510674 0.396684 0.952739 0.435587
99 0.511064 0.397003 0.95196 0.433673
73 0.510674 0.396684 0.952739 0.435587
29 0.510674 0.396684 0.952739 0.435587
84 0.509115 0.401148 0.95118 0.427934
50 0.511064 0.399872 0.945722 0.424745
76 0.511454 0.399872 0.948061 0.42602
49 0.509895 0.400829 0.95118 0.427934
100 0.510674 0.396684 0.952739 0.436224
51 0.510674 0.396684 0.952739 0.436224
48 0.509115 0.401228 0.95118 0.428412
46 0.510674 0.396684 0.952739 0.436224
99 0.511454 0.397003 0.952739 0.433673
73 0.510674 0.396684 0.952739 0.436224
29 0.510674 0.396684 0.952739 0.436224
84 0.509115 0.401228 0.95118 0.428412
50 0.511454 0.399872 0.944943 0.424745
76 0.511454 0.399872 0.948061 0.42602
49 0.509895 0.401148 0.95118 0.428571
100 0.510674 0.396365 0.952739 0.435587
48 0.509115 0.401228 0.95118 0.428412
51 0.510674 0.396365 0.952739 0.435587
46 0.510674 0.396365 0.952739 0.435587
99 0.511064 0.397003 0.95196 0.433673
73 0.510674 0.396365 0.952739 0.435587
29 0.510674 0.396365 0.952739 0.435587
84 0.509115 0.401228 0.95118 0.428412
50 0.511454 0.400191 0.944943 0.424745
76 0.511454 0.399554 0.948061 0.426658
49 0.509115 0.400829 0.95118 0.427934
100 0.510674 0.396763 0.952739 0.436065
48 0.511454 0.399554 0.948061 0.426658
51 0.510674 0.396763 0.952739 0.436065
46 0.510674 0.396763 0.952739 0.436065
99 0.511064 0.397401 0.95196 0.433514
73 0.510674 0.396763 0.952739 0.436065
29 0.510674 0.396763 0.952739 0.436065
84 0.509115 0.401228 0.94962 0.428412
50 0.511454 0.399793 0.944943 0.424904
76 0.511454 0.399554 0.948061 0.426658
49 0.509115 0.400829 0.95118 0.427934
100 0.510674 0.396604 0.952739 0.435108
48 0.511454 0.399554 0.948061 0.426658
51 0.510674 0.396604 0.952739 0.435108
46 0.510674 0.396604 0.952739 0.435108
99 0.511064 0.397401 0.95196 0.433514
73 0.510674 0.396604 0.952739 0.435108
29 0.510674 0.396604 0.952739 0.435108
84 0.508725 0.401228 0.9504 0.428412
50 0.511454 0.400191 0.944943 0.425383
76 0.511064 0.399554 0.948841 0.426658
49 0.509115 0.40059 0.95118 0.428412
100 0.509895 0.397003 0.952739 0.435587
48 0.511064 0.399554 0.948841 0.426658
51 0.509895 0.397003 0.952739 0.435587
46 0.509895 0.397003 0.952739 0.435587
99 0.510674 0.397321 0.952739 0.433036
73 0.509895 0.397003 0.952739 0.435587
29 0.509895 0.397003 0.952739 0.435587
84 0.508725 0.401467 0.9504 0.427934
50 0.510674 0.400191 0.944943 0.425383
76 0.511454 0.399554 0.948061 0.426658
49 0.509115 0.40059 0.95118 0.428412
100 0.509505 0.396684 0.95196 0.434949
48 0.511454 0.399554 0.948061 0.426658
46 0.509505 0.396684 0.95196 0.434949
51 0.509505 0.396684 0.95196 0.434949
99 0.510674 0.397321 0.952739 0.433036
73 0.509505 0.396684 0.95196 0.434949
29 0.509505 0.396684 0.95196 0.434949
84 0.508725 0.401228 0.9504 0.428412
50 0.510674 0.399872 0.944943 0.425383
76 0.511454 0.399155 0.948061 0.42618
49 0.509115 0.40051 0.95118 0.428571
100 0.509895 0.396763 0.95118 0.43479
48 0.511454 0.399155 0.948061 0.42618
46 0.509895 0.396763 0.95118 0.43479
51 0.509895 0.396763 0.95118 0.43479
99 0.510674 0.397321 0.952739 0.432398
73 0.509895 0.396763 0.95118 0.43479
29 0.509895 0.396763 0.95118 0.43479
84 0.508725 0.401148 0.9504 0.427934
50 0.510674 0.399872 0.944943 0.424745
76 0.511454 0.399155 0.948061 0.42618
49 0.509115 0.40051 0.95118 0.427934
100 0.509505 0.396763 0.95196 0.43479
48 0.511454 0.399155 0.948061 0.42618
46 0.509505 0.396763 0.95196 0.43479
51 0.509505 0.396763 0.95196 0.43479
99 0.510674 0.397321 0.952739 0.432398
73 0.509505 0.396763 0.95196 0.43479
29 0.509505 0.396763 0.95196 0.43479
84 0.508335 0.401148 0.95118 0.427934
50 0.510674 0.399793 0.944943 0.424904
76 0.511454 0.399155 0.948061 0.42618
49 0.509115 0.400191 0.95118 0.427934
100 0.509505 0.396763 0.95196 0.43479
48 0.509115 0.400191 0.94962 0.426658
46 0.509505 0.396763 0.95196 0.43479
51 0.509505 0.396763 0.95196 0.43479
99 0.510674 0.39764 0.95118 0.432398
73 0.509505 0.396763 0.95196 0.43479
29 0.509505 0.396763 0.95196 0.43479
84 0.508725 0.400829 0.9504 0.427934
50 0.510674 0.399554 0.944943 0.425383
76 0.510674 0.399155 0.948061 0.42618
49 0.509115 0.400191 0.95118 0.427934
100 0.509505 0.396763 0.95196 0.43479
48 0.509115 0.400191 0.94962 0.426658
46 0.509505 0.396763 0.95196 0.43479
51 0.509505 0.396763 0.95196 0.43479
99 0.509895 0.397321 0.95118 0.432398
73 0.509505 0.396763 0.95196 0.43479
29 0.509505 0.396763 0.95196 0.43479
84 0.508335 0.400829 0.95118 0.427934
50 0.511064 0.399793 0.944163 0.424904
76 0.510674 0.399155 0.948061 0.42618
49 0.509115 0.400191 0.95118 0.427934
100 0.509505 0.396763 0.95196 0.43479
48 0.509505 0.400191 0.948841 0.426658
46 0.509505 0.396763 0.95196 0.43479
51 0.509505 0.396763 0.95196 0.43479
99 0.509895 0.397321 0.95118 0.432398
73 0.509505 0.396763 0.95196 0.43479
29 0.509505 0.396763 0.95196 0.43479
84 0.508725 0.400829 0.9504 0.427934
50 0.510674 0.399793 0.944943 0.424904
76 0.510674 0.399554 0.946502 0.426658
49 0.509115 0.400191 0.95118 0.427934
100 0.509895 0.397003 0.95118 0.434311
48 0.509115 0.400191 0.94962 0.426658
46 0.509895 0.397003 0.95118 0.434311
51 0.509895 0.397003 0.95118 0.434311
99 0.509895 0.397321 0.95118 0.432398
73 0.509895 0.397003 0.95118 0.434311
29 0.509895 0.397003 0.95118 0.434311
84 0.508725 0.400829 0.9504 0.427934
50 0.510674 0.399793 0.944943 0.424904
76 0.510674 0.399235 0.948061 0.42602
49 0.509115 0.400191 0.95118 0.427934
100 0.509895 0.396763 0.95118 0.43479
48 0.509505 0.400191 0.948841 0.426658
46 0.509895 0.396763 0.95118 0.43479
51 0.509895 0.396763 0.95118 0.43479
99 0.509895 0.397321 0.95118 0.432398
73 0.509895 0.396763 0.95118 0.43479
29 0.509895 0.396763 0.95118 0.43479
84 0.508335 0.400829 0.95118 0.427934
50 0.511454 0.399793 0.944943 0.424904
76 0.510674 0.399155 0.946502 0.42618
49 0.509115 0.400191 0.95118 0.427934
100 0.509505 0.397003 0.95196 0.434311
48 0.509505 0.400191 0.948841 0.426658
51 0.509505 0.397003 0.95196 0.434311
46 0.509505 0.397003 0.95196 0.434311
99 0.509895 0.397321 0.95118 0.432398
73 0.509505 0.397003 0.95196 0.434311
29 0.509505 0.397003 0.95196 0.434311
84 0.509115 0.400829 0.94962 0.427934
50 0.511064 0.399793 0.944163 0.424904
76 0.510674 0.399155 0.946502 0.42618
49 0.509505 0.400191 0.9504 0.427934
100 0.509505 0.397003 0.95196 0.434311
48 0.509505 0.400191 0.948841 0.426658
51 0.509505 0.397003 0.95196 0.434311
46 0.509505 0.397003 0.95196 0.434311
99 0.509895 0.397321 0.95118 0.432398
73 0.509505 0.397003 0.95196 0.434311
29 0.509505 0.397003 0.95196 0.434311
84 0.508725 0.400829 0.9504 0.427934
50 0.510674 0.399554 0.944943 0.424745
76 0.510674 0.399155 0.946502 0.42618
49 0.509115 0.400191 0.95118 0.427934
100 0.509895 0.397003 0.95118 0.434311
48 0.509505 0.399793 0.948841 0.42618
51 0.509895 0.397003 0.95118 0.434311
46 0.509895 0.397003 0.95118 0.434311
99 0.509895 0.397321 0.95118 0.432398
73 0.509895 0.397003 0.95118 0.434311
29 0.509895 0.397003 0.95118 0.434311
84 0.508725 0.400829 0.9504 0.427934
50 0.511454 0.399554 0.944943 0.425383
76 0.510674 0.399235 0.948061 0.42602
49 0.509895 0.400191 0.95118 0.427934
100 0.509895 0.397003 0.95118 0.434311
48 0.509115 0.400829 0.94962 0.427934
51 0.509895 0.397003 0.95118 0.434311
99 0.509895 0.397401 0.95118 0.432239
46 0.509895 0.397003 0.95118 0.434311
73 0.509895 0.397003 0.95118 0.434311
29 0.509895 0.397003 0.95118 0.434311
84 0.509115 0.400829 0.94962 0.427934
50 0.511454 0.399554 0.944943 0.424745
76 0.511064 0.399235 0.947282 0.42602
49 0.509895 0.400431 0.95118 0.427455
100 0.509505 0.397003 0.95196 0.434311
48 0.509115 0.400829 0.94962 0.427934
51 0.509505 0.397003 0.95196 0.434311
99 0.509895 0.397401 0.95118 0.432239
46 0.509505 0.397003 0.95196 0.434311
73 0.509505 0.397003 0.95196 0.434311
29 0.509505 0.397003 0.95196 0.434311
84 0.509115 0.400829 0.94962 0.427934
50 0.511454 0.399554 0.944943 0.425383
76 0.511064 0.399235 0.947282 0.42602
49 0.509895 0.400191 0.95118 0.427296
100 0.509505 0.397003 0.95196 0.434311
48 0.509115 0.400829 0.94962 0.427934
51 0.509505 0.397003 0.95196 0.434311
99 0.509895 0.397401 0.95118 0.432239
46 0.509505 0.397003 0.95196 0.434311
29 0.509505 0.397003 0.95196 0.434311
73 0.509505 0.397003 0.95196 0.434311
84 0.509115 0.400829 0.94962 0.427934
50 0.511454 0.399554 0.944943 0.425383
76 0.509895 0.399793 0.948061 0.42618
49 0.509895 0.399872 0.95118 0.427296
100 0.509505 0.397003 0.95196 0.434311
48 0.509115 0.400829 0.94962 0.427934
51 0.509505 0.397003 0.95196 0.434311
99 0.509895 0.397321 0.95118 0.432398
46 0.509505 0.397003 0.95196 0.434311
29 0.509505 0.397003 0.95196 0.434311
73 0.509505 0.397003 0.95196 0.434311
84 0.509115 0.400829 0.94962 0.427934
50 0.511454 0.399554 0.944943 0.424745
76 0.511454 0.399235 0.946502 0.42602
49 0.509895 0.399872 0.95118 0.427296
100 0.509505 0.397003 0.95196 0.434311
48 0.509115 0.400829 0.94962 0.427934
51 0.509505 0.397003 0.95196 0.434311
99 0.509895 0.397321 0.95118 0.432398
46 0.509505 0.397003 0.95196 0.434311
29 0.509505 0.397003 0.95196 0.434311
73 0.509505 0.397003 0.95196 0.434311
84 0.509115 0.400829 0.94962 0.427934
50 0.511454 0.399554 0.944943 0.424745
76 0.509895 0.399872 0.948061 0.42602
49 0.509895 0.399872 0.95118 0.427296
100 0.509115 0.396604 0.952739 0.433833
48 0.508725 0.400829 0.9504 0.427934
51 0.509115 0.396604 0.952739 0.433833
99 0.509895 0.397321 0.95118 0.432398
46 0.509115 0.396604 0.952739 0.433833
29 0.509115 0.396604 0.952739 0.433833
73 0.509115 0.396604 0.952739 0.433833
84 0.508725 0.400829 0.9504 0.427934
50 0.511454 0.399554 0.944943 0.424745
76 0.511064 0.399235 0.947282 0.42602
49 0.509895 0.399872 0.95118 0.427296
100 0.509505 0.396684 0.95196 0.433674
48 0.509115 0.400829 0.94962 0.427934
51 0.509505 0.396684 0.95196 0.433674
99 0.509895 0.397321 0.95118 0.43176
46 0.509505 0.396684 0.95196 0.433674
29 0.509505 0.396684 0.95196 0.433674
73 0.509505 0.396684 0.95196 0.433674
50 0.511454 0.399554 0.944943 0.424745
76 0.509895 0.399872 0.948061 0.42602
49 0.509895 0.399872 0.95118 0.427296
100 0.509505 0.396684 0.95196 0.433674
48 0.509115 0.400829 0.94962 0.427934
51 0.509505 0.396684 0.95196 0.433674
99 0.509895 0.397401 0.95118 0.432239
46 0.509505 0.396684 0.95196 0.433674
29 0.509505 0.396684 0.95196 0.433674
73 0.509505 0.396684 0.95196 0.433674
50 0.511454 0.399554 0.944943 0.424745
76 0.509505 0.399872 0.948841 0.42602
49 0.509895 0.399872 0.95118 0.427296
100 0.509505 0.396684 0.95196 0.433674
51 0.509505 0.396684 0.95196 0.433674
48 0.508725 0.400829 0.9504 0.427296
99 0.509895 0.397321 0.95118 0.432398
46 0.509505 0.396684 0.95196 0.433674
29 0.509505 0.396684 0.95196 0.433674
73 0.509505 0.396684 0.95196 0.433674
50 0.511454 0.399554 0.944943 0.424745
76 0.509505 0.399793 0.948841 0.42618
49 0.509115 0.399872 0.95118 0.427296
100 0.509505 0.396684 0.95196 0.433674
51 0.509505 0.396684 0.95196 0.433674
48 0.508335 0.400431 0.95118 0.427455
99 0.509895 0.397401 0.95118 0.432239
46 0.509505 0.396684 0.95196 0.433674
29 0.509505 0.396684 0.95196 0.433674
73 0.509505 0.396684 0.95196 0.433674
50 0.511454 0.399554 0.944943 0.424745
76 0.509505 0.399872 0.948841 0.42602
49 0.509115 0.399872 0.95118 0.427296
100 0.509505 0.396684 0.95196 0.433674
51 0.509505 0.396684 0.95196 0.433674
48 0.508725 0.40051 0.9504 0.427296
99 0.509895 0.397003 0.95118 0.43176
46 0.509505 0.396684 0.95196 0.433674
29 0.509505 0.396684 0.95196 0.433674
73 0.509505 0.396684 0.95196 0.433674
50 0.511454 0.399235 0.944943 0.424745
76 0.509505 0.399872 0.948841 0.42602
49 0.509115 0.399872 0.95118 0.427296
100 0.509505 0.396604 0.95196 0.433833
51 0.509505 0.396604 0.95196 0.433833
48 0.508725 0.40059 0.9504 0.427137
99 0.509895 0.397003 0.95118 0.432398
46 0.509505 0.396604 0.95196 0.433833
29 0.509505 0.396604 0.95196 0.433833
73 0.509505 0.396604 0.95196 0.433833
50 0.511454 0.399235 0.944943 0.424745
76 0.509895 0.399872 0.948061 0.42602
49 0.509115 0.399872 0.95118 0.427296
100 0.509505 0.396604 0.95196 0.433833
51 0.509505 0.396604 0.95196 0.433833
48 0.509115 0.40051 0.94962 0.427296
99 0.509895 0.397003 0.95118 0.43176
46 0.509505 0.396604 0.95196 0.433833
29 0.509505 0.396604 0.95196 0.433833
73 0.509505 0.396604 0.95196 0.433833
50 0.511454 0.399235 0.944943 0.424745
76 0.509895 0.399554 0.948061 0.42602
49 0.509895 0.399872 0.95118 0.427296
100 0.509505 0.396604 0.95196 0.433833
51 0.509505 0.396604 0.95196 0.433833
48 0.509115 0.40051 0.94962 0.427296
99 0.509895 0.396763 0.95118 0.432239
46 0.509505 0.396604 0.95196 0.433833
29 0.509505 0.396604 0.95196 0.433833
73 0.509505 0.396604 0.95196 0.433833
50 0.511454 0.399235 0.944943 0.424745
76 0.509505 0.399554 0.948841 0.42602
49 0.509505 0.399872 0.95196 0.427296
100 0.509115 0.396684 0.952739 0.433674
51 0.509115 0.396684 0.952739 0.433674
48 0.509115 0.40059 0.94962 0.427137
99 0.509895 0.397003 0.95118 0.43176
46 0.509115 0.396684 0.952739 0.433674
29 0.509115 0.396684 0.952739 0.433674
73 0.509115 0.396684 0.952739 0.433674
50 0.511454 0.399235 0.944943 0.424745
76 0.509895 0.399872 0.948061 0.42602
49 0.509505 0.399872 0.95196 0.427296
100 0.509115 0.396604 0.952739 0.433833
51 0.509115 0.396604 0.952739 0.433833
48 0.508725 0.40059 0.9504 0.427137
99 0.509895 0.396763 0.95118 0.432239
46 0.509115 0.396604 0.952739 0.433833
29 0.509115 0.396604 0.952739 0.433833
73 0.509115 0.396604 0.952739 0.433833
50 0.511454 0.399235 0.944943 0.424745
76 0.509895 0.399554 0.948061 0.42602
49 0.509115 0.399872 0.95118 0.427296
100 0.509115 0.396365 0.952739 0.434311
51 0.509115 0.396365 0.952739 0.434311
48 0.508725 0.40059 0.9504 0.427137
99 0.509895 0.397003 0.95118 0.432398
46 0.508335 0.398517 0.954299 0.432557
29 0.509115 0.396365 0.952739 0.434311
73 0.509115 0.396365 0.952739 0.434311
50 0.511454 0.399235 0.944943 0.424745
76 0.509895 0.399872 0.948061 0.42602
49 0.509505 0.399872 0.95196 0.427296
100 0.509115 0.396365 0.952739 0.434311
51 0.508335 0.398517 0.954299 0.432557
48 0.508725 0.40059 0.9504 0.427137
99 0.509895 0.396684 0.95118 0.432398
46 0.508335 0.398517 0.954299 0.432557
29 0.509115 0.396365 0.952739 0.434311
73 0.509115 0.396365 0.952739 0.434311
50 0.511454 0.399155 0.944943 0.424904
76 0.509895 0.399872 0.948061 0.42602
49 0.509115 0.399872 0.95118 0.427296
100 0.509115 0.396365 0.952739 0.434311
51 0.509115 0.396365 0.952739 0.434311
48 0.509115 0.40059 0.94962 0.427137
99 0.509895 0.396684 0.95118 0.432398
46 0.509115 0.396365 0.952739 0.434311
29 0.509115 0.396365 0.952739 0.434311
73 0.509115 0.396365 0.952739 0.434311
50 0.511454 0.399235 0.944943 0.424745
76 0.509505 0.399872 0.948841 0.42602
49 0.509115 0.399872 0.95118 0.427296
100 0.509115 0.396365 0.952739 0.434311
51 0.509115 0.396365 0.952739 0.434311
48 0.509115 0.40051 0.94962 0.427296
99 0.509505 0.396684 0.9504 0.432398
46 0.509115 0.396365 0.952739 0.434311
73 0.509115 0.396365 0.952739 0.434311
29 0.509115 0.396365 0.952739 0.434311
50 0.511454 0.399155 0.944943 0.424904
76 0.509505 0.399793 0.948841 0.42618
49 0.509115 0.399872 0.95118 0.427296
100 0.509115 0.396365 0.952739 0.434311
51 0.509115 0.396365 0.952739 0.434311
48 0.509115 0.40051 0.94962 0.427296
99 0.509115 0.396684 0.95118 0.432398
46 0.509115 0.396365 0.952739 0.434311
73 0.509115 0.396365 0.952739 0.434311
29 0.509115 0.396365 0.952739 0.434311
50 0.511064 0.399155 0.945722 0.424904
76 0.509505 0.399872 0.948841 0.42602
49 0.509115 0.399872 0.95118 0.427296
100 0.509115 0.396365 0.952739 0.434311
51 0.509115 0.396365 0.952739 0.434311
48 0.508725 0.40051 0.9504 0.427296
99 0.509115 0.396684 0.95118 0.432398
46 0.509115 0.396365 0.952739 0.434311
73 0.509115 0.396365 0.952739 0.434311
29 0.509115 0.396365 0.952739 0.434311
50 0.511064 0.399155 0.945722 0.424904
76 0.509115 0.399554 0.94962 0.426658
49 0.509505 0.399872 0.95196 0.427296
100 0.509115 0.396365 0.952739 0.434311
51 0.509115 0.396365 0.952739 0.434311
48 0.508725 0.40051 0.9504 0.427296
99 0.509895 0.396684 0.95118 0.432398
46 0.509115 0.396365 0.952739 0.434311
73 0.509115 0.396365 0.952739 0.434311
29 0.509115 0.396365 0.952739 0.434311
50 0.510674 0.399235 0.946502 0.425383
76 0.509115 0.399554 0.94962 0.426658
49 0.509115 0.399872 0.952739 0.427296
100 0.509115 0.396365 0.952739 0.434311
51 0.509115 0.396365 0.952739 0.434311
48 0.508725 0.40051 0.9504 0.427296
99 0.509115 0.396365 0.952739 0.434311
46 0.509115 0.396365 0.952739 0.434311
73 0.509115 0.396365 0.952739 0.434311
29 0.509115 0.396365 0.952739 0.434311
50 0.511064 0.399235 0.945722 0.425383
76 0.509115 0.399554 0.94962 0.426658
49 0.509115 0.399872 0.952739 0.427296
100 0.509115 0.396365 0.952739 0.434311
51 0.509115 0.396365 0.952739 0.434311
48 0.508725 0.40051 0.9504 0.427296
99 0.509115 0.396365 0.952739 0.434311
46 0.508725 0.397321 0.947282 0.436224
73 0.509115 0.396365 0.952739 0.434311
29 0.509115 0.396365 0.952739 0.434311
50 0.510674 0.399235 0.946502 0.425383
76 0.509115 0.399554 0.94962 0.426658
49 0.509115 0.399872 0.952739 0.427296
100 0.509115 0.396365 0.952739 0.434311
51 0.509115 0.396365 0.952739 0.434311
48 0.508725 0.40051 0.9504 0.427296
99 0.509115 0.396365 0.952739 0.434311
46 0.508725 0.397321 0.947282 0.435587
73 0.509115 0.396365 0.952739 0.434311
29 0.509115 0.396365 0.952739 0.434311
50 0.510674 0.399155 0.946502 0.424904
76 0.509115 0.399554 0.94962 0.426658
49 0.509115 0.399872 0.95118 0.427296
100 0.509115 0.396365 0.952739 0.434311
51 0.509115 0.396365 0.952739 0.434311
48 0.508725 0.40051 0.9504 0.427296
46 0.508725 0.397321 0.947282 0.435587
99 0.509115 0.396365 0.952739 0.434311
73 0.509115 0.396365 0.952739 0.434311
29 0.509115 0.396365 0.952739 0.434311
50 0.510674 0.399235 0.946502 0.425383
76 0.509115 0.399554 0.94962 0.426658
49 0.509115 0.399952 0.95118 0.427137
100 0.508725 0.396365 0.95196 0.434311
51 0.508725 0.396365 0.95196 0.434311
46 0.508725 0.397401 0.947282 0.436065
48 0.508725 0.40051 0.9504 0.427296
99 0.508725 0.396365 0.95196 0.434311
73 0.508725 0.396365 0.95196 0.434311
29 0.508725 0.396365 0.95196 0.434311
50 0.510674 0.399235 0.946502 0.425383
76 0.509505 0.399554 0.948841 0.426658
49 0.509115 0.399872 0.95118 0.427296
100 0.508725 0.396365 0.95196 0.434311
51 0.508725 0.396365 0.95196 0.434311
46 0.508335 0.397321 0.946502 0.436224
48 0.508725 0.40051 0.9504 0.427296
99 0.508725 0.40051 0.9504 0.427296
73 0.508725 0.396365 0.95196 0.434311
29 0.508725 0.396365 0.95196 0.434311
50 0.510674 0.399235 0.946502 0.425383
76 0.509115 0.399554 0.94962 0.426658
49 0.509115 0.399952 0.95118 0.427137
100 0.508725 0.396365 0.95196 0.434949
51 0.508725 0.396365 0.95196 0.434949
46 0.508335 0.397321 0.946502 0.436224
48 0.508725 0.40051 0.9504 0.427296
99 0.508725 0.40051 0.9504 0.427296
73 0.508725 0.396365 0.95196 0.434949
29 0.508725 0.396365 0.95196 0.434949
50 0.510674 0.399235 0.946502 0.425383
76 0.509115 0.399554 0.94962 0.426658
49 0.508725 0.399872 0.95196 0.427296
100 0.508335 0.396046 0.952739 0.434949
51 0.508335 0.396046 0.952739 0.434949
46 0.508335 0.397321 0.946502 0.436224
48 0.508335 0.40051 0.949621 0.427296
99 0.508335 0.40051 0.949621 0.427296
73 0.508335 0.396046 0.952739 0.434949
29 0.508335 0.396046 0.952739 0.434949
50 0.510674 0.399314 0.946502 0.425861
76 0.509115 0.399314 0.94962 0.427137
49 0.508725 0.399793 0.95196 0.427455
100 0.508335 0.396365 0.95118 0.434949
51 0.508335 0.396365 0.95118 0.434949
46 0.508335 0.397321 0.946502 0.436224
48 0.508335 0.400431 0.949621 0.427455
99 0.508335 0.400431 0.949621 0.427455
73 0.508335 0.396365 0.95118 0.434949
29 0.508335 0.396365 0.95118 0.434949
50 0.510674 0.399235 0.946502 0.425383
76 0.509115 0.399554 0.94962 0.426658
49 0.509115 0.399872 0.95118 0.427296
100 0.508335 0.396046 0.95118 0.434949
51 0.508335 0.396046 0.95118 0.434949
46 0.508335 0.397321 0.948061 0.436224
48 0.508335 0.400431 0.949621 0.427455
99 0.508335 0.400431 0.949621 0.427455
73 0.508335 0.396046 0.95118 0.434949
29 0.508335 0.396046 0.95118 0.434949
