48 0.452201 0.472222 0.845148 0.464976
50 0.503658 0.470411 0.932469 0.456522
101 0.488845 0.470335 0.93091 0.451842
49 0.488845 0.470335 0.93091 0.451842
109 0.503658 0.470411 0.932469 0.456522
54 0.488845 0.470335 0.93091 0.451842
68 0.494692 0.467995 0.956639 0.455314
95 0.495862 0.475242 0.965215 0.442029
84 0.488845 0.470335 0.93091 0.451842
104 0.488845 0.470335 0.93091 0.451842
76 0.488845 0.470335 0.93091 0.451842
79 0.488845 0.470335 0.93091 0.451842
110 0.488845 0.470335 0.93091 0.451842
67 0.495862 0.475242 0.965215 0.442029
81 0.488845 0.470335 0.93091 0.451842
103 0.466235 0.469807 0.873215 0.461353
54 0.347337 0.470939 0.63542 0.448219
74 0.495862 0.475242 0.965215 0.442029
46 0.503658 0.470411 0.932469 0.456522
100 0.503658 0.470411 0.932469 0.456522
111 0.503658 0.470411 0.932469 0.456522
17 0.488845 0.470335 0.93091 0.451842
48 0.495862 0.522645 0.971452 0.350845
110 0.347337 0.470939 0.63542 0.448219
99 0.347337 0.470939 0.63542 0.448219
16 0.488845 0.470335 0.93091 0.451842
77 0.488845 0.470335 0.93091 0.451842
66 0.488845 0.470335 0.93091 0.451842
42 0.503658 0.470411 0.932469 0.456522
51 0.488845 0.470335 0.93091 0.451842
53 0.347337 0.470939 0.63542 0.448219
53 0.503658 0.470411 0.932469 0.456522
99 0.481438 0.470486 0.889588 0.45154
81 0.347337 0.470939 0.63542 0.448219
49 0.347337 0.470939 0.63542 0.448219
102 0.488845 0.470335 0.93091 0.451842
75 0.494692 0.467995 0.956639 0.455314
16 0.347337 0.470939 0.63542 0.448219
50 0.488065 0.537138 0.97613 0.331522
109 0.347337 0.470939 0.63542 0.448219
84 0.347337 0.470939 0.63542 0.448219
73 0.494692 0.467995 0.956639 0.455314
97 0.488845 0.470335 0.93091 0.451842
47 0.347337 0.470939 0.63542 0.448219
11 0.488845 0.470335 0.93091 0.451842
56 0.503658 0.470411 0.932469 0.456522
47 0.493523 0.482488 0.955859 0.428744
33 0.488845 0.470335 0.93091 0.451842
4 0.347337 0.470939 0.63542 0.448219
76 0.347337 0.470939 0.63542 0.448219
5 0.503268 0.468071 0.93013 0.456371
108 0.503658 0.470411 0.932469 0.456522
97 0.347337 0.470939 0.63542 0.448219
21 0.488845 0.470335 0.93091 0.451842
101 0.488065 0.537138 0.97613 0.331522
80 0.495862 0.475242 0.965215 0.442029
104 0.347337 0.470939 0.63542 0.448219
14 0.488845 0.470335 0.93091 0.451842
51 0.347337 0.470939 0.63542 0.448219
7 0.503658 0.470411 0.932469 0.456522
0 0.503658 0.470411 0.932469 0.456522
79 0.347337 0.470939 0.63542 0.448219
28 0.488845 0.470335 0.93091 0.451842
49 0.488065 0.537138 0.97613 0.331522
111 0.488065 0.537138 0.97613 0.331522
41 0.503658 0.470411 0.932469 0.456522
15 0.495862 0.475242 0.965215 0.442029
54 0.488065 0.537138 0.97613 0.331522
74 0.347337 0.470939 0.63542 0.448219
24 0.488845 0.470335 0.93091 0.451842
4 0.488845 0.470335 0.93091 0.451842
38 0.495862 0.475242 0.965215 0.442029
109 0.488065 0.537138 0.97613 0.331522
55 0.488845 0.470335 0.93091 0.451842
104 0.488065 0.537138 0.97613 0.331522
53 0.49898 0.550121 0.951181 0.300725
103 0.495862 0.53442 0.95274 0.332126
68 0.488065 0.537138 0.97613 0.331522
67 0.347337 0.470939 0.63542 0.448219
77 0.488065 0.537138 0.97613 0.331522
78 0.493523 0.470335 0.969893 0.449426
33 0.347337 0.470939 0.63542 0.448219
8 0.488845 0.470335 0.93091 0.451842
17 0.347337 0.470939 0.63542 0.448219
22 0.488845 0.470335 0.93091 0.451842
47 0.49898 0.550121 0.951181 0.300725
34 0.488845 0.470335 0.93091 0.451842
102 0.488065 0.537138 0.97613 0.331522
76 0.488065 0.537138 0.97613 0.331522
84 0.488065 0.537138 0.97613 0.331522
46 0.347337 0.470939 0.63542 0.448219
94 0.488845 0.470335 0.93091 0.451842
80 0.347337 0.470939 0.63542 0.448219
0 0.347337 0.470939 0.63542 0.448219
99 0.496641 0.52808 0.968333 0.341184
14 0.347337 0.470939 0.63542 0.448219
79 0.488065 0.537138 0.97613 0.331522
26 0.503658 0.470411 0.932469 0.456522
66 0.488065 0.537138 0.97613 0.331522
74 0.49898 0.550121 0.951181 0.300725
8 0.347337 0.470939 0.63542 0.448219
73 0.488065 0.537138 0.97613 0.331522
105 0.503658 0.470411 0.932469 0.456522
108 0.347337 0.470939 0.63542 0.448219
88 0.495862 0.475242 0.965215 0.442029
56 0.347337 0.470939 0.63542 0.448219
31 0.495862 0.475242 0.965215 0.442029
21 0.347337 0.470939 0.63542 0.448219
15 0.347337 0.470939 0.63542 0.448219
101 0.347337 0.470939 0.63542 0.448219
6 0.488845 0.470335 0.93091 0.451842
50 0.29471 0.421573 0.541861 0.366999
2 0.347337 0.470939 0.63542 0.448219
81 0.49898 0.550121 0.951181 0.300725
50 0.347337 0.470939 0.63542 0.448219
6 0.347337 0.470939 0.63542 0.448219
75 0.488065 0.537138 0.97613 0.331522
11 0.347337 0.470939 0.63542 0.448219
95 0.347337 0.470939 0.63542 0.448219
12 0.494692 0.467995 0.956639 0.455314
38 0.347337 0.470939 0.63542 0.448219
52 0.493523 0.470335 0.969893 0.449426
13 0.495862 0.475242 0.965215 0.442029
36 0.494692 0.467995 0.956639 0.455314
100 0.488065 0.537138 0.97613 0.331522
100 0.347337 0.470939 0.63542 0.448219
67 0.49898 0.550121 0.951181 0.300725
75 0.347337 0.470939 0.63542 0.448219
42 0.347337 0.470939 0.63542 0.448219
46 0.488065 0.537138 0.97613 0.331522
72 0.494692 0.467995 0.956639 0.455314
110 0.488065 0.537138 0.97613 0.331522
92 0.481438 0.470486 0.889588 0.45154
97 0.49898 0.550121 0.951181 0.300725
49 0.29471 0.421573 0.541861 0.366999
56 0.488065 0.537138 0.97613 0.331522
48 0.497421 0.480374 0.966774 0.49215
50 0.497421 0.480374 0.966774 0.49215
46 0.491963 0.475543 0.968333 0.490942
111 0.497421 0.480374 0.966774 0.49215
109 0.497421 0.480374 0.966774 0.49215
101 0.497421 0.480374 0.966774 0.49215
68 0.490404 0.477129 0.949622 0.487772
99 0.497421 0.480374 0.966774 0.49215
49 0.490404 0.477129 0.949622 0.487772
73 0.497421 0.480374 0.966774 0.49215
75 0.497421 0.480374 0.966774 0.49215
110 0.491963 0.475543 0.968333 0.490942
100 0.491963 0.488527 0.958978 0.478261
102 0.497421 0.480374 0.966774 0.49215
47 0.497421 0.480374 0.966774 0.49215
67 0.497421 0.480374 0.966774 0.49215
103 0.490404 0.477129 0.949622 0.487772
77 0.497421 0.480374 0.966774 0.49215
84 0.497421 0.480374 0.966774 0.49215
76 0.490404 0.477129 0.949622 0.487772
50 0.301337 0.483092 0.550438 0.486715
52 0.470913 0.48196 0.898164 0.497434
54 0.497421 0.480374 0.966774 0.49215
51 0.466235 0.478261 0.888808 0.485507
53 0.490404 0.477129 0.949622 0.487772
95 0.497421 0.480374 0.966774 0.49215
80 0.470913 0.48196 0.898164 0.497434
97 0.497421 0.480374 0.966774 0.49215
56 0.490404 0.477129 0.949622 0.487772
49 0.301337 0.483092 0.550438 0.486715
48 0.24949 0.482186 0.45376 0.490942
104 0.497421 0.480374 0.966774 0.49215
105 0.497421 0.480374 0.966774 0.49215
66 0.497421 0.480374 0.966774 0.49215
42 0.466235 0.478261 0.888808 0.485507
46 0.301337 0.483092 0.550438 0.486715
41 0.497421 0.480374 0.966774 0.49215
50 0.211872 0.442708 0.388659 0.404438
50 0.540302 0.522645 0.837351 0.377415
110 0.301337 0.483092 0.550438 0.486715
99 0.301337 0.483092 0.550438 0.486715
9 0.490404 0.477129 0.949622 0.487772
101 0.301337 0.483092 0.550438 0.486715
68 0.301337 0.483092 0.550438 0.486715
47 0.301337 0.483092 0.550438 0.486715
88 0.491963 0.475543 0.968333 0.490942
49 0.236626 0.451087 0.417116 0.411836
46 0.236626 0.451087 0.417116 0.411836
51 0.301337 0.483092 0.550438 0.486715
100 0.301337 0.483092 0.550438 0.486715
8 0.491963 0.488527 0.958978 0.478261
2 0.493133 0.502416 0.956639 0.451691
36 0.491963 0.475543 0.968333 0.490942
28 0.493133 0.502416 0.956639 0.451691
74 0.497421 0.480374 0.966774 0.49215
48 0.410099 0.88587 0.81708 0.228261
81 0.497421 0.480374 0.966774 0.49215
17 0.490404 0.477129 0.949622 0.487772
49 0.540302 0.522645 0.837351 0.377415
75 0.301337 0.483092 0.550438 0.486715
50 0.173181 0.382171 0.3066 0.280344
51 0.236626 0.451087 0.417116 0.411836
111 0.301337 0.483092 0.550438 0.486715
109 0.301337 0.483092 0.550438 0.486715
77 0.24949 0.482186 0.45376 0.490942
38 0.495862 0.482563 0.977689 0.48898
52 0.301337 0.483092 0.550438 0.486715
73 0.301337 0.483092 0.550438 0.486715
67 0.301337 0.483092 0.550438 0.486715
95 0.301337 0.483092 0.550438 0.486715
50 0.495082 0.361111 0.9543 0.722222
48 0.485726 0.365036 0.971452 0.730072
49 0.495082 0.361111 0.9543 0.722222
100 0.485726 0.365036 0.971452 0.730072
50 0.491963 0.481582 0.963655 0.486111
51 0.485726 0.370773 0.971452 0.741546
99 0.485726 0.365036 0.971452 0.730072
46 0.495082 0.361111 0.9543 0.722222
48 0.490404 0.67497 0.977689 0.65006
76 0.485726 0.365036 0.971452 0.730072
48 0.480658 0.781401 0.95352 0.437198
68 0.480658 0.781401 0.95352 0.437198
50 0.482218 0.251208 0.964435 0.502415
49 0.491963 0.481582 0.963655 0.486111
68 0.485726 0.365036 0.971452 0.730072
75 0.485726 0.365036 0.971452 0.730072
73 0.485726 0.365036 0.971452 0.730072
50 0.493912 0.601449 0.951961 0.603865
47 0.490794 0.370169 0.955079 0.740338
48 0.482607 0.478336 0.965215 0.524004
68 0.490404 0.67497 0.977689 0.65006
99 0.490404 0.67497 0.977689 0.65006
50 0.491573 0.745169 0.981588 0.509662
100 0.482218 0.47494 0.955079 0.541667
99 0.482218 0.47494 0.955079 0.541667
100 0.490404 0.67497 0.977689 0.65006
53 0.480658 0.781401 0.95352 0.437198
101 0.495082 0.361111 0.9543 0.722222
68 0.285159 0.885266 0.570319 0.229469
68 0.486506 0.250604 0.973011 0.501208
68 0.259626 0.941123 0.519251 0.117754
99 0.480658 0.781401 0.95352 0.437198
49 0.490404 0.67497 0.977689 0.65006
51 0.490014 0.476751 0.978469 0.528382
49 0.480658 0.781401 0.95352 0.437198
49 0.486506 0.250604 0.973011 0.501208
100 0.486506 0.250604 0.973011 0.501208
46 0.491963 0.481582 0.963655 0.486111
50 0.479489 0.362319 0.951181 0.272947
48 0.285159 0.885266 0.570319 0.229469
102 0.491573 0.745169 0.981588 0.509662
48 0.486506 0.250604 0.973011 0.501208
109 0.490404 0.67497 0.977689 0.65006
49 0.213041 0.373868 0.422184 0.284873
109 0.480658 0.781401 0.95352 0.437198
50 0.279117 0.369867 0.556675 0.27657
76 0.490404 0.67497 0.977689 0.65006
51 0.486506 0.250604 0.973011 0.501208
97 0.485726 0.370773 0.971452 0.741546
53 0.490404 0.67497 0.977689 0.65006
51 0.490404 0.67497 0.977689 0.65006
109 0.482218 0.371377 0.958198 0.727053
46 0.486506 0.250604 0.973011 0.501208
100 0.480658 0.781401 0.95352 0.437198
46 0.497031 0.671347 0.961316 0.657307
101 0.480658 0.781401 0.95352 0.437198
77 0.485726 0.365036 0.971452 0.730072
68 0.183512 0.950483 0.367023 0.0990338
48 0.194134 0.902778 0.388269 0.194444
49 0.479489 0.362319 0.951181 0.272947
68 0.479489 0.893116 0.95274 0.213768
73 0.490404 0.67497 0.977689 0.65006
77 0.491573 0.745169 0.981588 0.509662
111 0.480658 0.781401 0.95352 0.437198
53 0.285159 0.885266 0.570319 0.229469
76 0.482218 0.47494 0.955079 0.541667
76 0.486506 0.250604 0.973011 0.501208
68 0.482218 0.47494 0.955079 0.541667
68 0.194134 0.902778 0.388269 0.194444
48 0.259626 0.941123 0.519251 0.117754
0 0.4982 0.60628 0.297829 0.210145
101 0.487285 0.252415 0.974571 0.504831
101 0.497031 0.671347 0.961316 0.657307
48 0.183512 0.950483 0.367023 0.0990338
48 0.480268 0.870169 0.9543 0.259662
49 0.344998 0.404287 0.686877 0.346015
111 0.490404 0.67497 0.977689 0.65006
51 0.480658 0.781401 0.95352 0.437198
47 0.490014 0.476751 0.978469 0.528382
75 0.490404 0.67497 0.977689 0.65006
76 0.480658 0.781401 0.95352 0.437198
102 0.485726 0.365036 0.971452 0.730072
101 0.285159 0.885266 0.570319 0.229469
102 0.259626 0.941123 0.519251 0.117754
50 0.285159 0.885266 0.570319 0.229469
67 0.491573 0.745169 0.981588 0.509662
73 0.490014 0.476751 0.978469 0.528382
53 0.485726 0.365036 0.971452 0.730072
53 0.194134 0.902778 0.388269 0.194444
102 0.285159 0.885266 0.570319 0.229469
50 0.344998 0.404287 0.686877 0.346015
52 0.480658 0.781401 0.95352 0.437198
51 0.279117 0.369867 0.556675 0.27657
50 0.479489 0.844203 0.958978 0.311594
84 0.485726 0.370773 0.971452 0.741546
46 0.480658 0.781401 0.95352 0.437198
102 0.486506 0.250604 0.973011 0.501208
84 0.491573 0.745169 0.981588 0.509662
110 0.480658 0.781401 0.95352 0.437198
50 0.223372 0.408514 0.442065 0.346014
110 0.485726 0.365036 0.971452 0.730072
101 0.491963 0.481582 0.963655 0.486111
47 0.490404 0.67497 0.977689 0.65006
68 0.458438 0.934783 0.916876 0.130435
111 0.485726 0.370773 0.971452 0.741546
53 0.259626 0.941123 0.519251 0.117754
50 0.14258 0.370773 0.282431 0.275966
51 0.479489 0.362319 0.951181 0.272947
102 0.479489 0.844203 0.958978 0.311594
101 0.259626 0.941123 0.519251 0.117754
46 0.279117 0.369867 0.556675 0.27657
49 0.14258 0.370773 0.282431 0.275966
50 0.194134 0.902778 0.388269 0.194444
99 0.486506 0.250604 0.973011 0.501208
75 0.482218 0.47494 0.955079 0.541667
101 0.194134 0.902778 0.388269 0.194444
49 0.486895 0.589976 0.973791 0.509662
47 0.480658 0.781401 0.95352 0.437198
50 0.259626 0.941123 0.519251 0.117754
77 0.259626 0.941123 0.519251 0.117754
48 0.397625 0.928744 0.79525 0.142512
48 0.279117 0.369867 0.556675 0.27657
109 0.285159 0.885266 0.570319 0.229469
75 0.480658 0.781401 0.95352 0.437198
100 0.213041 0.373868 0.422184 0.284873
53 0.183512 0.950483 0.367023 0.0990338
51 0.344998 0.404287 0.686877 0.346015
99 0.285159 0.885266 0.570319 0.229469
48 0.344998 0.404287 0.686877 0.346015
52 0.490404 0.67497 0.977689 0.65006
16 0.4982 0.60628 0.297829 0.210145
102 0.183512 0.950483 0.367023 0.0990338
0 0.438947 0.604922 0.448303 0.217693
0 0.367413 0.657005 0.418286 0.158213
99 0.259626 0.941123 0.519251 0.117754
100 0.479489 0.362319 0.951181 0.272947
110 0.490404 0.67497 0.977689 0.65006
48 0.465455 0.907005 0.921554 0.18599
101 0.183512 0.950483 0.367023 0.0990338
47 0.213041 0.373868 0.422184 0.284873
48 0.223372 0.408514 0.442065 0.346014
49 0.285159 0.885266 0.570319 0.229469
46 0.479489 0.362319 0.951181 0.272947
76 0.213041 0.373868 0.422184 0.284873
73 0.486506 0.250604 0.973011 0.501208
47 0.479489 0.362319 0.951181 0.272947
99 0.213041 0.373868 0.422184 0.284873
100 0.534065 0.526268 0.854504 0.394324
77 0.285159 0.885266 0.570319 0.229469
48 0.479489 0.362319 0.951181 0.272947
53 0.45493 0.869263 0.9083 0.261473
48 0.486895 0.589976 0.973791 0.509662
77 0.183512 0.950483 0.367023 0.0990338
77 0.487285 0.252415 0.974571 0.504831
47 0.486506 0.250604 0.973011 0.501208
25 0.485726 0.370773 0.971452 0.741546
100 0.285159 0.885266 0.570319 0.229469
67 0.259626 0.941123 0.519251 0.117754
110 0.486506 0.250604 0.973011 0.501208
52 0.485726 0.365036 0.971452 0.730072
99 0.183512 0.950483 0.367023 0.0990338
77 0.479489 0.844203 0.958978 0.311594
50 0.183512 0.950483 0.367023 0.0990338
109 0.259626 0.941123 0.519251 0.117754
2 0.485726 0.370773 0.971452 0.741546
73 0.480658 0.781401 0.95352 0.437198
99 0.490404 0.852053 0.980808 0.295894
99 0.344998 0.404287 0.686877 0.346015
102 0.194134 0.902778 0.388269 0.194444
50 0.479489 0.893116 0.95274 0.213768
53 0.487285 0.252415 0.974571 0.504831
46 0.344998 0.404287 0.686877 0.346015
0 0.752758 0.575483 0.421794 0.241546
6 0.482218 0.371377 0.958198 0.727053
99 0.194134 0.902778 0.388269 0.194444
7 0.4982 0.60628 0.297829 0.210145
99 0.479489 0.362319 0.951181 0.272947
51 0.223372 0.408514 0.442065 0.346014
77 0.491963 0.481582 0.963655 0.486111
110 0.285159 0.885266 0.570319 0.229469
51 0.534065 0.526268 0.854504 0.394324
109 0.194134 0.902778 0.388269 0.194444
101 0.480268 0.870169 0.9543 0.259662
67 0.285159 0.885266 0.570319 0.229469
109 0.487285 0.252415 0.974571 0.504831
73 0.279117 0.369867 0.556675 0.27657
111 0.285159 0.885266 0.570319 0.229469
49 0.259626 0.941123 0.519251 0.117754
102 0.479489 0.893116 0.95274 0.213768
75 0.213041 0.373868 0.422184 0.284873
52 0.285159 0.885266 0.570319 0.229469
99 0.14258 0.370773 0.282431 0.275966
109 0.183512 0.950483 0.367023 0.0990338
49 0.490404 0.852053 0.980808 0.295894
33 0.4982 0.60628 0.297829 0.210145
102 0.491963 0.481582 0.963655 0.486111
67 0.485726 0.365036 0.971452 0.730072
77 0.194134 0.902778 0.388269 0.194444
67 0.183512 0.950483 0.367023 0.0990338
76 0.479489 0.362319 0.951181 0.272947
48 0.534065 0.526268 0.854504 0.394324
102 0.397625 0.928744 0.79525 0.142512
100 0.344998 0.404287 0.686877 0.346015
97 0.490404 0.67497 0.977689 0.65006
109 0.480268 0.870169 0.9543 0.259662
101 0.458438 0.934783 0.916876 0.130435
100 0.194134 0.902778 0.388269 0.194444
99 0.465455 0.907005 0.921554 0.18599
76 0.14258 0.370773 0.282431 0.275966
48 0.14258 0.370773 0.282431 0.275966
50 0.531726 0.600242 0.83891 0.414251
47 0.14258 0.370773 0.282431 0.275966
100 0.486895 0.589976 0.973791 0.509662
67 0.479489 0.844203 0.958978 0.311594
95 0.480658 0.781401 0.95352 0.437198
47 0.344998 0.404287 0.686877 0.346015
77 0.479489 0.893116 0.95274 0.213768
77 0.494302 0.629831 0.955859 0.740338
100 0.14258 0.370773 0.282431 0.275966
26 0.774199 0.573672 0.399184 0.23913
46 0.14258 0.370773 0.282431 0.275966
0 0.744962 0.604469 0.482607 0.192029
51 0.14258 0.370773 0.282431 0.275966
5 0.181562 0.693237 0.363125 0.142512
51 0.285159 0.885266 0.570319 0.229469
46 0.339151 0.872585 0.671284 0.254831
50 0.397625 0.928744 0.79525 0.142512
68 0.534065 0.526268 0.854504 0.394324
53 0.458438 0.934783 0.916876 0.130435
51 0.486895 0.589976 0.973791 0.509662
99 0.397625 0.928744 0.79525 0.142512
77 0.397625 0.928744 0.79525 0.142512
0 0.165872 0.639493 0.331744 0.257246
5 0.764063 0.628623 0.469353 0.137681
46 0.486895 0.589976 0.973791 0.509662
13 0.774199 0.573672 0.399184 0.23913
100 0.480268 0.870169 0.9543 0.259662
111 0.259626 0.941123 0.519251 0.117754
109 0.472862 0.476525 0.925452 0.524004
49 0.194134 0.902778 0.388269 0.194444
5 0.360981 0.657005 0.399964 0.157005
0 0.181562 0.693237 0.363125 0.142512
0 0.399574 0.676329 0.488065 0.165459
75 0.487285 0.252415 0.974571 0.504831
16 0.438947 0.604922 0.448303 0.217693
76 0.534065 0.526268 0.854504 0.394324
99 0.486895 0.589976 0.973791 0.509662
110 0.259626 0.941123 0.519251 0.117754
97 0.490014 0.476751 0.978469 0.528382
0 0.427252 0.643116 0.412438 0.160628
46 0.223372 0.408514 0.442065 0.346014
1 0.367413 0.657005 0.418286 0.158213
25 0.482218 0.47494 0.955079 0.541667
18 0.4982 0.60628 0.297829 0.210145
48 0.376087 0.819444 0.746326 0.361111
111 0.487285 0.252415 0.974571 0.504831
97 0.213041 0.373868 0.422184 0.284873
33 0.485726 0.370773 0.971452 0.741546
111 0.480268 0.870169 0.9543 0.259662
67 0.479489 0.893116 0.95274 0.213768
49 0.183512 0.950483 0.367023 0.0990338
1 0.4982 0.60628 0.297829 0.210145
30 0.774199 0.573672 0.399184 0.23913
73 0.479489 0.362319 0.951181 0.272947
73 0.344998 0.404287 0.686877 0.346015
100 0.259626 0.941123 0.519251 0.117754
95 0.259626 0.941123 0.519251 0.117754
16 0.405421 0.65474 0.458438 0.156703
0 0.193745 0.952295 0.387489 0.0954106
67 0.458438 0.934783 0.916876 0.130435
18 0.774199 0.573672 0.399184 0.23913
50 0.561743 0.541063 0.838131 0.358696
111 0.482607 0.478336 0.965215 0.524004
76 0.285159 0.885266 0.570319 0.229469
110 0.183512 0.950483 0.367023 0.0990338
4 0.13722 0.693841 0.264304 0.14372
76 0.344998 0.404287 0.686877 0.346015
75 0.259626 0.941123 0.519251 0.117754
51 0.480268 0.870169 0.9543 0.259662
110 0.194134 0.902778 0.388269 0.194444
1 0.762504 0.59843 0.425692 0.201691
7 0.367413 0.657005 0.418286 0.158213
99 0.534065 0.526268 0.854504 0.394324
17 0.485726 0.370773 0.971452 0.741546
110 0.490404 0.852053 0.980808 0.295894
103 0.490404 0.67497 0.977689 0.65006
49 0.458438 0.934783 0.916876 0.130435
48 0.261575 0.491244 0.520031 0.527174
4 0.789012 0.574275 0.374235 0.237923
7 0.438947 0.604922 0.448303 0.217693
14 0.774199 0.573672 0.399184 0.23913
23 0.774199 0.573672 0.399184 0.23913
5 0.165872 0.639493 0.331744 0.257246
16 0.762504 0.59843 0.425692 0.201691
46 0.194134 0.902778 0.388269 0.194444
84 0.259626 0.941123 0.519251 0.117754
50 0.0972622 0.373264 0.189457 0.274004
102 0.486506 0.627415 0.969893 0.745169
84 0.479489 0.844203 0.958978 0.311594
5 0.779851 0.592995 0.389438 0.207729
76 0.498201 0.477657 0.949622 0.4843
97 0.498201 0.477657 0.949622 0.4843
100 0.498201 0.483394 0.944944 0.487319
84 0.498201 0.477657 0.949622 0.4843
73 0.508336 0.469203 0.95274 0.481884
103 0.498201 0.477657 0.949622 0.4843
48 0.508336 0.469203 0.95274 0.481884
75 0.49898 0.488829 0.958977 0.477657
47 0.508336 0.469203 0.95274 0.481884
68 0.498201 0.477657 0.949622 0.4843
50 0.508336 0.469203 0.95274 0.481884
109 0.498201 0.477657 0.949622 0.4843
46 0.508336 0.469203 0.95274 0.481884
111 0.508336 0.469203 0.95274 0.481884
101 0.498201 0.477657 0.949622 0.4843
110 0.498201 0.477657 0.949622 0.4843
77 0.498201 0.477657 0.949622 0.4843
99 0.508336 0.469203 0.95274 0.481884
42 0.498201 0.483394 0.944944 0.487319
49 0.508336 0.469203 0.95274 0.481884
53 0.508336 0.469203 0.95274 0.481884
95 0.508336 0.469203 0.95274 0.481884
80 0.498201 0.477657 0.949622 0.4843
15 0.438069 0.658816 0.224736 0.113527
74 0.49898 0.488829 0.958977 0.477657
33 0.49898 0.488829 0.958977 0.477657
51 0.508336 0.469203 0.95274 0.481884
26 0.438069 0.658816 0.224736 0.113527
102 0.498201 0.477657 0.949622 0.4843
54 0.508336 0.469203 0.95274 0.481884
68 0.923893 0.482488 0.099796 0.417874
76 0.469743 0.395531 0.897385 0.324879
14 0.438069 0.658816 0.224736 0.113527
15 0.436218 0.652174 0.292371 0.121981
67 0.508336 0.469203 0.95274 0.481884
68 0.469743 0.395531 0.897385 0.324879
32 0.49898 0.488829 0.958977 0.477657
50 0.469743 0.395531 0.897385 0.324879
68 0.806944 0.479167 0.329015 0.395531
97 0.469743 0.395531 0.897385 0.324879
100 0.469743 0.395531 0.897385 0.324879
18 0.432612 0.657005 0.246566 0.118357
0 0.436218 0.652174 0.292371 0.121981
47 0.469743 0.395531 0.897385 0.324879
14 0.436218 0.652174 0.292371 0.121981
73 0.469743 0.395531 0.897385 0.324879
8 0.498201 0.483394 0.944944 0.487319
100 0.609594 0.45471 0.719038 0.507246
16 0.432612 0.657005 0.246566 0.118357
0 0.438069 0.658816 0.224736 0.113527
110 0.469743 0.395531 0.897385 0.324879
12 0.45376 0.661836 0.124745 0.103865
11 0.438069 0.658816 0.224736 0.113527
13 0.438069 0.658816 0.224736 0.113527
26 0.436218 0.652174 0.292371 0.121981
7 0.436218 0.652174 0.292371 0.121981
49 0.469743 0.395531 0.897385 0.324879
77 0.469743 0.395531 0.897385 0.324879
52 0.508336 0.469203 0.95274 0.481884
2 0.49898 0.488829 0.958977 0.477657
48 0.469743 0.395531 0.897385 0.324879
68 0.65881 0.485205 0.626844 0.452295
28 0.498201 0.483394 0.944944 0.487319
103 0.469743 0.395531 0.897385 0.324879
19 0.438069 0.658816 0.224736 0.113527
101 0.469743 0.395531 0.897385 0.324879
53 0.469743 0.395531 0.897385 0.324879
109 0.469743 0.395531 0.897385 0.324879
46 0.469743 0.395531 0.897385 0.324879
13 0.436218 0.652174 0.292371 0.121981
50 0.921554 0.449577 0.102915 0.455918
66 0.49898 0.488829 0.958977 0.477657
17 0.498201 0.483394 0.944944 0.487319
77 0.806944 0.479167 0.329015 0.395531
77 0.923893 0.482488 0.099796 0.417874
7 0.49898 0.488829 0.958977 0.477657
33 0.436218 0.652174 0.292371 0.121981
84 0.469743 0.395531 0.897385 0.324879
111 0.469743 0.395531 0.897385 0.324879
68 0.742233 0.496377 0.461557 0.346618
101 0.923893 0.482488 0.099796 0.417874
75 0.609594 0.45471 0.719038 0.507246
76 0.921554 0.449577 0.102915 0.455918
100 0.921554 0.449577 0.102915 0.455918
11 0.436218 0.652174 0.292371 0.121981
29 0.438069 0.658816 0.224736 0.113527
101 0.806944 0.479167 0.329015 0.395531
102 0.806944 0.479167 0.329015 0.395531
56 0.508336 0.469203 0.95274 0.481884
15 0.400743 0.660628 0.259626 0.130435
97 0.921554 0.449577 0.102915 0.455918
33 0.45376 0.661836 0.124745 0.103865
99 0.469743 0.395531 0.897385 0.324879
9 0.498201 0.483394 0.944944 0.487319
110 0.923893 0.482488 0.099796 0.417874
10 0.436218 0.652174 0.292371 0.121981
28 0.438069 0.658816 0.224736 0.113527
1 0.49898 0.488829 0.958977 0.477657
41 0.498201 0.483394 0.944944 0.487319
3 0.49898 0.488829 0.958977 0.477657
73 0.921554 0.449577 0.102915 0.455918
102 0.923893 0.482488 0.099796 0.417874
29 0.49898 0.488829 0.958977 0.477657
76 0.49898 0.586353 0.938706 0.268116
110 0.806944 0.479167 0.329015 0.395531
24 0.438069 0.658816 0.224736 0.113527
47 0.405032 0.438104 0.791351 0.424517
73 0.619924 0.488829 0.699937 0.469203
102 0.469743 0.395531 0.897385 0.324879
7 0.438069 0.658816 0.224736 0.113527
50 0.803826 0.44686 0.336812 0.449275
34 0.49898 0.488829 0.958977 0.477657
26 0.45376 0.661836 0.124745 0.103865
84 0.921554 0.449577 0.102915 0.455918
100 0.803826 0.44686 0.336812 0.449275
103 0.921554 0.449577 0.102915 0.455918
109 0.923893 0.482488 0.099796 0.417874
26 0.478612 0.65942 0.241888 0.11715
84 0.648577 0.440821 0.648869 0.483092
29 0.436218 0.652174 0.292371 0.121981
33 0.438069 0.658816 0.224736 0.113527
100 0.49898 0.586353 0.938706 0.268116
21 0.438069 0.658816 0.224736 0.113527
15 0.478612 0.65942 0.241888 0.11715
75 0.469743 0.395531 0.897385 0.324879
76 0.501319 0.476978 0.955859 0.498943
50 0.496641 0.472902 0.958978 0.496226
100 0.501319 0.476978 0.955859 0.498943
99 0.501319 0.476978 0.955859 0.498943
49 0.496641 0.472902 0.958978 0.496226
51 0.510525 0.475845 0.978949 0.492754
97 0.496251 0.476147 0.959757 0.496981
48 0.496251 0.476147 0.959757 0.496981
47 0.496251 0.476147 0.959757 0.496981
73 0.496251 0.476147 0.959757 0.496981
46 0.496251 0.476147 0.959757 0.496981
42 0.496251 0.476147 0.959757 0.496981
54 0.510525 0.475845 0.978949 0.492754
75 0.501319 0.476978 0.955859 0.498943
41 0.501319 0.476978 0.955859 0.498943
33 0.501319 0.476978 0.955859 0.498943
111 0.494302 0.476751 0.951181 0.490942
84 0.496251 0.476147 0.959757 0.496981
17 0.496641 0.472902 0.958978 0.496226
52 0.510525 0.475845 0.978949 0.492754
53 0.496251 0.476147 0.959757 0.496981
9 0.507017 0.480374 0.985966 0.500604
110 0.495082 0.476751 0.968333 0.50785
80 0.496251 0.476147 0.959757 0.496981
77 0.492743 0.495169 0.982367 0.466184
51 0.551217 0.519324 0.846707 0.397343
1 0.510525 0.475845 0.978949 0.492754
30 0.506387 0.478185 0.97691 0.490489
73 0.500539 0.487319 0.960537 0.477053
76 0.498201 0.465655 0.95274 0.519173
50 0.498201 0.465655 0.95274 0.519173
99 0.500539 0.487319 0.960537 0.477053
46 0.498201 0.465655 0.95274 0.519173
49 0.498201 0.477657 0.95274 0.497585
100 0.498201 0.465655 0.95274 0.519173
75 0.495082 0.462485 0.963655 0.525513
47 0.500539 0.487319 0.960537 0.477053
48 0.498201 0.477657 0.95274 0.497585
51 0.498201 0.477657 0.95274 0.497585
77 0.500539 0.487319 0.960537 0.477053
97 0.498201 0.465655 0.95274 0.519173
84 0.479489 0.491848 0.896605 0.499396
109 0.500539 0.487319 0.960537 0.477053
110 0.500539 0.487319 0.960537 0.477053
41 0.495082 0.462485 0.963655 0.525513
103 0.495082 0.462485 0.963655 0.525513
102 0.346168 0.942633 0.692335 0.114734
111 0.500539 0.487319 0.960537 0.477053
30 0.510915 0.481582 0.97817 0.483696
16 0.144334 0.544082 0.184584 0.101449
101 0.346168 0.942633 0.692335 0.114734
102 0.500539 0.487319 0.960537 0.477053
50 0.495862 0.788496 0.966774 0.423007
101 0.500539 0.487319 0.960537 0.477053
77 0.346168 0.942633 0.692335 0.114734
68 0.346168 0.942633 0.692335 0.114734
15 0.144334 0.544082 0.184584 0.101449
74 0.495082 0.462485 0.963655 0.525513
49 0.495862 0.788496 0.966774 0.423007
54 0.497031 0.482186 0.936367 0.496981
99 0.495862 0.788496 0.966774 0.423007
50 0.497421 0.576691 0.949622 0.295894
5 0.510915 0.481582 0.97817 0.483696
7 0.510915 0.481582 0.97817 0.483696
48 0.495862 0.788496 0.966774 0.423007
76 0.401523 0.470411 0.737555 0.455314
102 0.630105 0.954408 0.73979 0.0911836
99 0.496641 0.475845 0.951181 0.495169
73 0.497421 0.472298 0.957418 0.490187
46 0.497421 0.472298 0.957418 0.490187
50 0.497421 0.472298 0.957418 0.490187
51 0.509116 0.475543 0.968333 0.49215
100 0.497421 0.472298 0.957418 0.490187
76 0.497421 0.472298 0.957418 0.490187
49 0.497421 0.472298 0.957418 0.490187
47 0.497421 0.472298 0.957418 0.490187
48 0.497421 0.472298 0.957418 0.490187
97 0.497421 0.472298 0.957418 0.490187
75 0.494302 0.467995 0.963655 0.504831
110 0.497421 0.472298 0.957418 0.490187
41 0.497421 0.472298 0.957418 0.490187
42 0.507946 0.478563 0.964435 0.494565
51 0.301727 0.397343 0.558234 0.327295
17 0.497421 0.472298 0.957418 0.490187
99 0.301727 0.397343 0.558234 0.327295
101 0.497421 0.472298 0.957418 0.490187
102 0.494692 0.46792 0.955079 0.501359
46 0.301727 0.397343 0.558234 0.327295
73 0.301727 0.397343 0.558234 0.327295
109 0.497421 0.472298 0.957418 0.490187
76 0.493133 0.480148 0.955079 0.472071
73 0.510136 0.481582 0.979729 0.478865
99 0.493133 0.480148 0.955079 0.472071
50 0.496641 0.481205 0.957418 0.478412
100 0.493133 0.480148 0.955079 0.472071
46 0.493133 0.480148 0.955079 0.472071
97 0.493133 0.480148 0.955079 0.472071
42 0.493133 0.480148 0.955079 0.472071
47 0.493133 0.480148 0.955079 0.472071
51 0.496641 0.481205 0.957418 0.478412
8 0.510136 0.481582 0.979729 0.478865
75 0.493133 0.480148 0.955079 0.472071
49 0.496641 0.481205 0.957418 0.478412
1 0.510136 0.481582 0.979729 0.478865
33 0.493133 0.480148 0.955079 0.472071
9 0.510136 0.481582 0.979729 0.478865
34 0.493133 0.480148 0.955079 0.472071
7 0.509356 0.479771 0.981288 0.488527
5 0.509356 0.479771 0.981288 0.488527
30 0.496641 0.478563 0.957418 0.486111
6 0.510136 0.481582 0.979729 0.478865
48 0.493133 0.480148 0.955079 0.472071
41 0.510136 0.481582 0.979729 0.478865
29 0.495862 0.479771 0.955859 0.489734
10 0.509356 0.479771 0.981288 0.488527
2 0.510136 0.481582 0.979729 0.478865
3 0.510136 0.481582 0.979729 0.478865
110 0.496641 0.481205 0.957418 0.478412
17 0.496641 0.481205 0.957418 0.478412
84 0.493133 0.480148 0.955079 0.472071
23 0.510136 0.481582 0.979729 0.478865
80 0.510136 0.481582 0.979729 0.478865
25 0.496641 0.478563 0.957418 0.486111
77 0.496641 0.481205 0.957418 0.478412
76 0.496641 0.484375 0.963655 0.485356
73 0.495862 0.48196 0.957418 0.480525
99 0.497421 0.479167 0.960537 0.477657
100 0.498201 0.486111 0.955859 0.480676
75 0.497421 0.479167 0.960537 0.477657
51 0.47559 0.486187 0.912198 0.485356
46 0.47559 0.486187 0.912198 0.485356
50 0.496641 0.484375 0.963655 0.485356
97 0.495862 0.48196 0.957418 0.480525
42 0.512085 0.48128 0.975831 0.479469
47 0.495862 0.48196 0.957418 0.480525
48 0.495862 0.48196 0.957418 0.480525
49 0.495862 0.48196 0.957418 0.480525
110 0.496641 0.484375 0.963655 0.485356
84 0.495862 0.48196 0.957418 0.480525
103 0.496641 0.484375 0.963655 0.485356
5 0.512085 0.48128 0.975831 0.479469
1 0.512085 0.48128 0.975831 0.479469
109 0.496641 0.484375 0.963655 0.485356
77 0.496641 0.484375 0.963655 0.485356
54 0.495862 0.48196 0.957418 0.480525
33 0.495862 0.48196 0.957418 0.480525
111 0.495862 0.48196 0.957418 0.480525
41 0.495862 0.48196 0.957418 0.480525
9 0.512085 0.48128 0.975831 0.479469
7 0.512085 0.48128 0.975831 0.479469
29 0.512085 0.48128 0.975831 0.479469
34 0.497421 0.479167 0.960537 0.477657
101 0.496641 0.484375 0.963655 0.485356
8 0.512085 0.48128 0.975831 0.479469
30 0.512085 0.48128 0.975831 0.479469
17 0.495862 0.48196 0.957418 0.480525
3 0.512085 0.48128 0.975831 0.479469
73 0.485726 0.478865 0.924673 0.48913
99 0.501709 0.478563 0.947283 0.494565
76 0.492743 0.474638 0.951181 0.496377
100 0.498201 0.480374 0.934029 0.493358
50 0.492743 0.474638 0.951181 0.496377
47 0.485726 0.478865 0.924673 0.48913
49 0.498201 0.480374 0.934029 0.493358
110 0.492743 0.474638 0.951181 0.496377
46 0.501709 0.478563 0.947283 0.494565
75 0.492743 0.474638 0.951181 0.496377
77 0.500539 0.479167 0.929351 0.493358
48 0.485726 0.478865 0.924673 0.48913
51 0.485726 0.478865 0.924673 0.48913
109 0.492743 0.474638 0.951181 0.496377
73 0.346557 0.477733 0.629183 0.476902
99 0.501709 0.481356 0.955079 0.486564
73 0.501709 0.481356 0.955079 0.486564
76 0.496641 0.47577 0.963655 0.480827
75 0.495472 0.469127 0.964435 0.501359
100 0.496641 0.47577 0.963655 0.480827
109 0.496641 0.47577 0.963655 0.480827
103 0.49976 0.483092 0.95274 0.478261
77 0.496641 0.47577 0.963655 0.480827
84 0.495472 0.469127 0.964435 0.501359
110 0.496641 0.47577 0.963655 0.480827
46 0.496641 0.47577 0.963655 0.480827
50 0.496641 0.47577 0.963655 0.480827
49 0.496641 0.47577 0.963655 0.480827
47 0.514573 0.481582 0.969893 0.476449
48 0.49976 0.483092 0.95274 0.478261
76 0.494302 0.482563 0.957418 0.499849
99 0.490014 0.489432 0.964435 0.506643
73 0.490014 0.489432 0.964435 0.506643
75 0.494302 0.482563 0.957418 0.499849
50 0.494302 0.482563 0.957418 0.499849
100 0.490014 0.489432 0.964435 0.506643
109 0.489624 0.486413 0.957418 0.503019
110 0.489624 0.486413 0.957418 0.503019
46 0.494302 0.482563 0.957418 0.499849
103 0.494302 0.482563 0.957418 0.499849
77 0.489624 0.486413 0.957418 0.503019
41 0.490794 0.484224 0.955079 0.500151
84 0.494302 0.482563 0.957418 0.499849
33 0.490014 0.489432 0.964435 0.506643
17 0.494302 0.482563 0.957418 0.499849
97 0.493523 0.479997 0.955859 0.501359
42 0.493523 0.479997 0.955859 0.501359
5 0.493523 0.479997 0.955859 0.501359
49 0.494302 0.482563 0.957418 0.499849
7 0.492353 0.488225 0.964435 0.505435
47 0.486896 0.48913 0.950401 0.503623
54 0.494302 0.482563 0.957418 0.499849
3 0.489624 0.486413 0.957418 0.503019
99 0.49859 0.479167 0.95352 0.478865
73 0.49859 0.479167 0.95352 0.478865
100 0.497811 0.478563 0.947283 0.484903
76 0.494302 0.467391 0.948062 0.487923
50 0.494302 0.467391 0.948062 0.487923
46 0.494302 0.467391 0.948062 0.487923
47 0.494692 0.470109 0.950401 0.49215
49 0.494302 0.467391 0.948062 0.487923
99 0.502489 0.861111 0.950401 0.277778
76 0.500539 0.863527 0.944944 0.272947
77 0.497811 0.478563 0.947283 0.484903
73 0.500539 0.863527 0.944944 0.272947
109 0.500539 0.863527 0.944944 0.272947
110 0.497811 0.478563 0.947283 0.484903
99 0.3296 0.477733 0.604624 0.480525
51 0.494692 0.470109 0.950401 0.49215
75 0.500539 0.863527 0.944944 0.272947
73 0.501319 0.791063 0.941825 0.417874
48 0.494302 0.467391 0.948062 0.487923
97 0.494692 0.470109 0.950401 0.49215
99 0.501319 0.791063 0.941825 0.417874
111 0.497811 0.478563 0.947283 0.484903
75 0.494692 0.470109 0.950401 0.49215
16 0.879453 0.407005 0.0686098 0.0966184
109 0.497811 0.478563 0.947283 0.484903
8 0.494692 0.470109 0.950401 0.49215
18 0.879453 0.407005 0.0686098 0.0966184
100 0.500539 0.863527 0.944944 0.272947
103 0.500539 0.863527 0.944944 0.272947
73 0.3296 0.477733 0.604624 0.480525
76 0.501319 0.791063 0.941825 0.417874
77 0.502489 0.861111 0.950401 0.277778
0 0.073775 0.0455729 0.0945334 0.03476
42 0.494692 0.470109 0.950401 0.49215
1 0.494692 0.470109 0.950401 0.49215
14 0.879453 0.407005 0.0686098 0.0966184
99 0.758846 0.878019 0.482308 0.243961
41 0.495862 0.474109 0.948062 0.481733
99 0.495862 0.475317 0.957418 0.497434
73 0.495862 0.475317 0.957418 0.497434
50 0.487675 0.46407 0.97535 0.503019
100 0.495862 0.475317 0.957418 0.497434
76 0.495862 0.475317 0.957418 0.497434
51 0.486506 0.460673 0.973011 0.502566
110 0.498201 0.467391 0.95274 0.506039
46 0.487675 0.46407 0.97535 0.503019
47 0.487675 0.46407 0.97535 0.503019
49 0.498201 0.467391 0.95274 0.506039
77 0.497421 0.467316 0.9543 0.503774
48 0.495862 0.475317 0.957418 0.497434
109 0.495862 0.475317 0.957418 0.497434
8 0.486506 0.460673 0.973011 0.502566
111 0.495862 0.475317 0.957418 0.497434
1 0.486506 0.460673 0.973011 0.502566
99 0.382032 0.418554 0.707928 0.358545
102 0.497421 0.467316 0.9543 0.503774
99 0.507797 0.475845 0.984407 0.480676
100 0.503658 0.474562 0.966774 0.480827
73 0.507797 0.475845 0.984407 0.480676
76 0.49937 0.471316 0.95352 0.478865
110 0.49937 0.471316 0.95352 0.478865
46 0.487675 0.465278 0.97535 0.482488
49 0.487675 0.465278 0.97535 0.482488
50 0.487675 0.465278 0.97535 0.482488
47 0.487675 0.465278 0.97535 0.482488
48 0.508576 0.482186 0.982848 0.487319
51 0.486896 0.471618 0.972232 0.47343
99 0.56145 0.791063 0.582988 0.396135
8 0.487675 0.465278 0.97535 0.482488
99 0.225516 0.473128 0.442455 0.470411
99 0.358252 0.478789 0.708708 0.477204
75 0.49937 0.471316 0.95352 0.478865
77 0.49937 0.471316 0.95352 0.478865
102 0.497421 0.469505 0.957418 0.48128
73 0.501709 0.479544 0.973791 0.492603
99 0.492353 0.478261 0.962876 0.492754
46 0.486895 0.473354 0.973791 0.47962
100 0.492353 0.478261 0.962876 0.492754
76 0.486116 0.477582 0.972232 0.485658
50 0.486895 0.473354 0.973791 0.47962
47 0.486895 0.473354 0.973791 0.47962
75 0.489624 0.478563 0.966774 0.499396
49 0.486895 0.473354 0.973791 0.47962
48 0.486116 0.477582 0.972232 0.485658
73 0.298414 0.477053 0.583573 0.485507
99 0.298414 0.477053 0.583573 0.485507
110 0.486116 0.477582 0.972232 0.485658
73 0.494302 0.478261 0.941825 0.4843
100 0.494302 0.478261 0.941825 0.4843
99 0.494302 0.478261 0.941825 0.4843
76 0.490404 0.475845 0.9543 0.485507
47 0.494302 0.478261 0.941825 0.4843
46 0.490404 0.475845 0.9543 0.485507
110 0.495862 0.476751 0.951181 0.483696
73 0.223761 0.479393 0.40776 0.480827
77 0.495862 0.476751 0.951181 0.483696
100 0.223761 0.479393 0.40776 0.480827
99 0.223761 0.479393 0.40776 0.480827
8 0.490404 0.475845 0.9543 0.485507
50 0.490404 0.475845 0.9543 0.485507
48 0.488065 0.477959 0.941825 0.48128
73 0.175033 0.417346 0.331354 0.351298
51 0.490404 0.475845 0.9543 0.485507
99 0.505997 0.47894 0.974571 0.479318
100 0.492353 0.479469 0.951961 0.475845
73 0.505997 0.47894 0.974571 0.479318
110 0.485336 0.476374 0.969113 0.483243
76 0.485336 0.476374 0.969113 0.483243
50 0.486895 0.477355 0.973791 0.472826
46 0.485336 0.476374 0.969113 0.483243
47 0.485336 0.476374 0.969113 0.483243
49 0.485336 0.476374 0.969113 0.483243
73 0.487285 0.479469 0.95274 0.4843
99 0.487285 0.479469 0.95274 0.4843
100 0.491963 0.477355 0.9543 0.487319
76 0.493523 0.475845 0.951181 0.485507
76 0.488845 0.841184 0.946503 0.317633
73 0.493523 0.839372 0.941825 0.321256
99 0.493523 0.839372 0.941825 0.321256
46 0.488065 0.473505 0.969893 0.495018
47 0.488065 0.473505 0.969893 0.495018
109 0.493523 0.839372 0.941825 0.321256
110 0.493523 0.475845 0.951181 0.485507
50 0.488065 0.473505 0.969893 0.495018
103 0.493523 0.839372 0.941825 0.321256
109 0.493523 0.475845 0.951181 0.485507
49 0.488065 0.473505 0.969893 0.495018
75 0.494302 0.839976 0.941825 0.320048
100 0.493523 0.839372 0.941825 0.321256
76 0.436218 0.902778 0.74925 0.194444
99 0.436218 0.902778 0.74925 0.194444
73 0.396943 0.908514 0.639123 0.182971
48 0.493523 0.839372 0.941825 0.321256
109 0.436218 0.902778 0.74925 0.194444
76 0.492743 0.0620471 0.963655 0.124094
76 0.493523 0.479544 0.935588 0.481733
99 0.486506 0.483394 0.923113 0.496981
73 0.486506 0.483394 0.923113 0.496981
100 0.493523 0.479544 0.935588 0.481733
109 0.493523 0.479544 0.935588 0.481733
110 0.493523 0.479544 0.935588 0.481733
41 0.493133 0.483167 0.928571 0.487772
75 0.493523 0.479544 0.935588 0.481733
3 0.491184 0.479771 0.932469 0.483696
76 0.493523 0.480374 0.957418 0.484903
73 0.494302 0.481582 0.951181 0.499396
100 0.492353 0.481809 0.959757 0.47962
99 0.493133 0.482488 0.95352 0.497585
46 0.492353 0.481809 0.959757 0.47962
50 0.492353 0.481809 0.959757 0.47962
110 0.492353 0.481809 0.959757 0.47962
109 0.493523 0.480374 0.957418 0.484903
49 0.487675 0.477959 0.97535 0.480072
75 0.493523 0.480374 0.957418 0.484903
73 0.238185 0.484979 0.462336 0.497434
47 0.487675 0.477959 0.97535 0.480072
5 0.494692 0.480676 0.95352 0.496377
3 0.494692 0.480676 0.95352 0.496377
77 0.493133 0.482488 0.95352 0.497585
97 0.493523 0.480374 0.957418 0.484903
73 0.45376 0.479167 0.848266 0.48128
99 0.501709 0.478865 0.923893 0.477053
100 0.45376 0.479167 0.848266 0.48128
41 0.45376 0.479167 0.848266 0.48128
15 0.45376 0.479167 0.848266 0.48128
73 0.296464 0.393116 0.548488 0.306763
76 0.501709 0.478865 0.923893 0.477053
5 0.498201 0.478261 0.93091 0.483092
26 0.465065 0.479544 0.877114 0.479318
100 0.296464 0.393116 0.548488 0.306763
73 0.494692 0.478563 0.959757 0.476449
99 0.498201 0.482186 0.955859 0.470411
100 0.494692 0.478563 0.959757 0.476449
73 0.351235 0.477355 0.638539 0.475242
99 0.240524 0.362621 0.411659 0.240942
99 0.351235 0.477355 0.638539 0.475242
73 0.2261 0.384586 0.403082 0.287591
73 0.290617 0.364659 0.516522 0.246528
110 0.498201 0.482186 0.955859 0.470411
76 0.498201 0.482186 0.955859 0.470411
99 0.263329 0.394399 0.471302 0.30782
47 0.490404 0.487621 0.946503 0.488527
100 0.240524 0.362621 0.411659 0.240942
100 0.351235 0.477355 0.638539 0.475242
100 0.263329 0.394399 0.471302 0.30782
73 0.197448 0.361413 0.34032 0.236111
46 0.498201 0.482186 0.955859 0.470411
73 0.491573 0.486111 0.942605 0.481884
99 0.493523 0.488225 0.946503 0.477657
100 0.491573 0.486111 0.942605 0.481884
110 0.495862 0.485809 0.951181 0.469203
76 0.497031 0.485205 0.945723 0.477657
47 0.485726 0.477657 0.971452 0.483092
50 0.485726 0.483998 0.971452 0.467995
77 0.494302 0.486111 0.955859 0.47343
99 0.490794 0.856884 0.927012 0.286232
99 0.494302 0.479167 0.951181 0.486111
73 0.494302 0.479167 0.951181 0.486111
100 0.487285 0.47494 0.974571 0.474034
110 0.487285 0.47494 0.974571 0.474034
76 0.487285 0.47494 0.974571 0.474034
99 0.232338 0.46407 0.455319 0.453502
46 0.487285 0.47494 0.974571 0.474034
99 0.339735 0.476751 0.670115 0.483696
47 0.494302 0.479167 0.951181 0.486111
99 0.494302 0.769324 0.948062 0.461353
99 0.489624 0.839372 0.969893 0.321256
8 0.494302 0.479167 0.951181 0.486111
50 0.487285 0.47494 0.974571 0.474034
73 0.482607 0.48128 0.943384 0.486715
99 0.490404 0.481582 0.962096 0.489734
100 0.486506 0.480601 0.957418 0.491697
110 0.486506 0.480601 0.957418 0.491697
99 0.49898 0.833937 0.948062 0.332126
99 0.491184 0.729469 0.944944 0.541063
50 0.484946 0.474713 0.969893 0.491395
100 0.494302 0.478865 0.951181 0.487923
73 0.502099 0.477657 0.963655 0.485507
99 0.494302 0.478865 0.951181 0.487923
16 0.832868 0.40308 0.133711 0.0742753
41 0.47559 0.477053 0.913757 0.481884
17 0.832868 0.40308 0.133711 0.0742753
16 0.843588 0.400966 0.0966774 0.0785024
15 0.47559 0.477053 0.913757 0.481884
28 0.47559 0.477053 0.913757 0.481884
47 0.49976 0.483016 0.955859 0.49532
110 0.494302 0.478865 0.951181 0.487923
99 0.493133 0.479469 0.941045 0.481884
73 0.500929 0.47894 0.947283 0.482941
100 0.496251 0.476449 0.948842 0.485507
76 0.496251 0.476449 0.948842 0.485507
110 0.496251 0.476449 0.948842 0.485507
15 0.503268 0.477657 0.948842 0.478261
5 0.493133 0.479469 0.941045 0.481884
99 0.267032 0.411232 0.474811 0.341787
73 0.49976 0.478865 0.937147 0.483092
99 0.512234 0.479771 0.965215 0.483696
100 0.500539 0.476978 0.935588 0.488074
46 0.500539 0.476978 0.935588 0.488074
110 0.500539 0.476978 0.935588 0.488074
47 0.49976 0.478865 0.937147 0.483092
73 0.47754 0.481205 0.891147 0.478412
99 0.491184 0.48279 0.948062 0.48128
100 0.493523 0.483016 0.951181 0.483243
15 0.47754 0.481205 0.891147 0.478412
8 0.497811 0.483167 0.944164 0.47811
110 0.490794 0.483998 0.948842 0.478865
73 0.497421 0.480676 0.938706 0.486715
99 0.49976 0.483092 0.9543 0.478261
100 0.497421 0.483167 0.951181 0.482941
15 0.511065 0.48196 0.973791 0.484149
47 0.511065 0.48196 0.973791 0.484149
73 0.498201 0.480752 0.9543 0.482941
99 0.495082 0.479771 0.940266 0.48128
100 0.497421 0.480072 0.934028 0.483092
76 0.495082 0.479771 0.940266 0.48128
41 0.495082 0.479771 0.940266 0.48128
15 0.498201 0.480752 0.9543 0.482941
46 0.495082 0.479771 0.940266 0.48128
5 0.495082 0.479771 0.940266 0.48128
47 0.495082 0.479771 0.940266 0.48128
73 0.508726 0.481582 0.978469 0.482488
100 0.491963 0.476449 0.95274 0.483092
99 0.491184 0.476751 0.957418 0.483696
15 0.508726 0.481582 0.978469 0.482488
110 0.491963 0.476449 0.95274 0.483092
46 0.491963 0.476449 0.95274 0.483092
47 0.491963 0.476449 0.95274 0.483092
50 0.491963 0.476449 0.95274 0.483092
41 0.508726 0.481582 0.978469 0.482488
73 0.509116 0.478865 0.977689 0.4843
100 0.490404 0.478336 0.965215 0.479318
99 0.490404 0.478336 0.965215 0.479318
15 0.509116 0.478865 0.977689 0.4843
46 0.490404 0.478336 0.965215 0.479318
47 0.490404 0.478336 0.965215 0.479318
41 0.509116 0.478865 0.977689 0.4843
26 0.502878 0.480148 0.951181 0.484149
73 0.502878 0.481582 0.9543 0.482488
100 0.493912 0.483998 0.950401 0.466787
99 0.494302 0.483696 0.951181 0.474638
15 0.502878 0.481582 0.9543 0.482488
73 0.329405 0.480374 0.606573 0.483696
76 0.496251 0.484601 0.944164 0.46558
26 0.457269 0.483998 0.856842 0.486111
41 0.493912 0.484601 0.95352 0.482488
110 0.496251 0.484601 0.944164 0.46558
99 0.494302 0.48128 0.951181 0.479469
73 0.505997 0.482488 0.971452 0.483092
100 0.494302 0.48128 0.951181 0.479469
110 0.496251 0.48128 0.948842 0.483092
15 0.505997 0.482488 0.971452 0.483092
76 0.493133 0.479469 0.951961 0.486715
100 0.492743 0.478789 0.963655 0.477204
73 0.491184 0.479771 0.962096 0.476449
99 0.492743 0.478789 0.963655 0.477204
15 0.507167 0.478261 0.972232 0.480676
41 0.509506 0.478865 0.978469 0.479469
76 0.496251 0.477657 0.951961 0.479469
110 0.496251 0.477657 0.951961 0.479469
73 0.502878 0.481582 0.943384 0.489734
100 0.495082 0.480072 0.95274 0.481884
99 0.495082 0.480072 0.95274 0.481884
15 0.507556 0.479771 0.974571 0.483696
26 0.507556 0.479771 0.974571 0.483696
110 0.495082 0.480072 0.95274 0.481884
81 0.501709 0.0618961 0.958198 0.123792
73 0.510285 0.483394 0.973791 0.490942
100 0.497811 0.485205 0.95352 0.476449
99 0.497811 0.485205 0.95352 0.476449
15 0.510285 0.483394 0.973791 0.490942
110 0.497811 0.485205 0.95352 0.476449
73 0.506777 0.479771 0.957418 0.483696
100 0.492743 0.480374 0.944944 0.483696
99 0.492743 0.480374 0.944944 0.483696
15 0.500539 0.480072 0.948062 0.4843
110 0.492743 0.480374 0.944944 0.483696
26 0.500539 0.480072 0.948062 0.4843
73 0.505217 0.480752 0.968333 0.482941
100 0.491963 0.477959 0.955859 0.486111
99 0.493523 0.478261 0.955859 0.483092
47 0.493523 0.478261 0.955859 0.483092
46 0.493523 0.478261 0.955859 0.483092
15 0.497031 0.48128 0.955079 0.485507
110 0.493523 0.478261 0.955859 0.483092
26 0.497031 0.48128 0.955079 0.485507
73 0.49898 0.478261 0.951181 0.479469
100 0.491573 0.47343 0.955079 0.492754
99 0.492743 0.474562 0.9543 0.488074
110 0.491963 0.478185 0.943384 0.488074
15 0.501319 0.479393 0.958978 0.483243
73 0.500539 0.479469 0.957418 0.485507
100 0.492743 0.475242 0.957418 0.48913
99 0.492743 0.475242 0.957418 0.48913
15 0.500539 0.479469 0.957418 0.485507
46 0.492743 0.475242 0.957418 0.48913
41 0.491184 0.479469 0.944944 0.483092
47 0.492743 0.475242 0.957418 0.48913
73 0.500929 0.480601 0.956639 0.488074
99 0.493523 0.478261 0.941825 0.490338
100 0.493523 0.478261 0.941825 0.490338
15 0.504828 0.481884 0.959757 0.48913
47 0.492743 0.476374 0.941825 0.489281
73 0.501319 0.479167 0.962096 0.482488
99 0.491963 0.481884 0.9543 0.480676
100 0.493523 0.480601 0.95274 0.478412
15 0.501319 0.479167 0.962096 0.482488
110 0.493523 0.480601 0.95274 0.478412
73 0.510285 0.477657 0.973791 0.483092
100 0.491184 0.48279 0.963655 0.471618
99 0.497421 0.479469 0.949622 0.477053
15 0.510285 0.477657 0.973791 0.483092
76 0.491184 0.48279 0.963655 0.471618
46 0.491184 0.48279 0.963655 0.471618
50 0.491184 0.48279 0.963655 0.471618
110 0.497421 0.479469 0.949622 0.477053
41 0.511065 0.477959 0.973791 0.482488
100 0.495862 0.475543 0.951181 0.487319
73 0.504048 0.480072 0.978469 0.485507
99 0.497421 0.476525 0.948062 0.486564
110 0.497421 0.476525 0.948062 0.486564
76 0.497421 0.476525 0.948062 0.486564
50 0.497421 0.476525 0.948062 0.486564
46 0.495862 0.475543 0.951181 0.487319
15 0.506777 0.481356 0.979249 0.482941
73 0.509895 0.477053 0.97613 0.481884
100 0.495472 0.477053 0.951961 0.483092
99 0.495472 0.477053 0.951961 0.483092
15 0.509895 0.477053 0.97613 0.481884
110 0.495472 0.477053 0.951961 0.483092
100 0.495472 0.477657 0.955079 0.4843
73 0.510675 0.479771 0.977689 0.483696
99 0.495472 0.477657 0.955079 0.4843
15 0.509116 0.48128 0.979249 0.485507
110 0.495082 0.478865 0.95274 0.483092
76 0.495082 0.478865 0.95274 0.483092
73 0.507556 0.479771 0.963655 0.48128
100 0.496641 0.475166 0.949622 0.486866
99 0.495082 0.479469 0.949622 0.480676
15 0.507556 0.479771 0.963655 0.48128
46 0.493133 0.477053 0.95352 0.483092
110 0.498201 0.477053 0.946503 0.4843
73 0.507556 0.479469 0.962096 0.483092
100 0.492743 0.478261 0.955859 0.481884
99 0.494302 0.479771 0.948062 0.484903
15 0.508726 0.479469 0.967554 0.481884
73 0.504828 0.478865 0.965994 0.486715
100 0.492353 0.472902 0.961316 0.496226
99 0.493523 0.476525 0.95274 0.488979
15 0.504828 0.478865 0.965994 0.486715
46 0.491184 0.475921 0.960537 0.491395
76 0.491184 0.475921 0.960537 0.491395
73 0.502878 0.478563 0.966774 0.484903
100 0.491184 0.476147 0.957418 0.489734
99 0.491184 0.476147 0.957418 0.489734
15 0.502878 0.478563 0.966774 0.484903
73 0.502878 0.482488 0.962096 0.4843
100 0.491184 0.479771 0.957418 0.486111
99 0.491184 0.48128 0.960537 0.483092
15 0.506777 0.479771 0.969893 0.483696
73 0.508726 0.478865 0.972232 0.480676
100 0.495082 0.480676 0.949622 0.483092
99 0.495082 0.481884 0.955859 0.479469
15 0.508726 0.480752 0.972232 0.481733
100 0.491963 0.479469 0.960537 0.480676
73 0.509116 0.478563 0.971452 0.482488
99 0.496641 0.478865 0.946503 0.4843
15 0.509116 0.480676 0.971452 0.481884
110 0.493523 0.477129 0.955859 0.485356
73 0.49976 0.479997 0.946503 0.484451
100 0.492743 0.478185 0.960537 0.480827
99 0.498201 0.479393 0.951181 0.484451
15 0.510285 0.480978 0.972232 0.484903
110 0.493912 0.476751 0.958198 0.483696
73 0.500539 0.479771 0.941825 0.480072
100 0.495472 0.481809 0.955079 0.471165
99 0.500539 0.478261 0.943384 0.480676
15 0.506777 0.480601 0.966774 0.482035
73 0.49976 0.480148 0.943384 0.479318
100 0.492743 0.483696 0.969893 0.464976
99 0.500539 0.479469 0.944944 0.480676
47 0.500539 0.479469 0.944944 0.480676
73 0.49898 0.479997 0.941825 0.480827
100 0.488065 0.483394 0.97613 0.466787
99 0.49859 0.479997 0.945723 0.47962
73 0.49976 0.479771 0.943384 0.482488
100 0.486895 0.486639 0.973791 0.459088
99 0.49898 0.478865 0.944944 0.480676
15 0.507946 0.479771 0.969113 0.48128
73 0.498201 0.479997 0.943384 0.483243
100 0.495082 0.480676 0.949622 0.474638
99 0.497421 0.482488 0.941825 0.475845
73 0.496641 0.479469 0.943384 0.483092
99 0.497031 0.479771 0.942605 0.480072
100 0.495472 0.479469 0.948842 0.475845
73 0.497421 0.480148 0.941825 0.482941
100 0.493912 0.479167 0.945723 0.476449
99 0.495862 0.479997 0.941825 0.47962
73 0.497421 0.480676 0.941825 0.483092
99 0.495862 0.481809 0.943384 0.47962
100 0.495082 0.479544 0.946503 0.479318
73 0.49937 0.480601 0.941045 0.484451
100 0.495082 0.479469 0.948062 0.480676
99 0.496641 0.481809 0.943384 0.47962
73 0.498201 0.481205 0.943384 0.482035
100 0.495862 0.480374 0.951181 0.478865
99 0.496641 0.48128 0.946503 0.479469
73 0.49859 0.480374 0.944164 0.48128
100 0.495472 0.480072 0.951961 0.479469
99 0.497421 0.479771 0.948062 0.482488
73 0.496641 0.480978 0.944944 0.482488
100 0.493912 0.481582 0.951961 0.478865
99 0.496641 0.479544 0.946503 0.484149
46 0.496641 0.479544 0.946503 0.484149
73 0.496641 0.480676 0.944944 0.483092
100 0.493523 0.480374 0.955859 0.478865
99 0.497811 0.479167 0.947283 0.484903
46 0.497811 0.479167 0.947283 0.484903
73 0.496641 0.480978 0.943384 0.482488
100 0.494302 0.480676 0.95274 0.478261
99 0.495082 0.481582 0.95274 0.477657
50 0.821024 0.108696 0.357953 0.217391
15 0.496641 0.480978 0.943384 0.482488
50 0.484946 0.0706522 0.957418 0.141304
50 0.720253 0.102129 0.559494 0.204257
46 0.497421 0.47894 0.944944 0.484149
73 0.495862 0.480676 0.943384 0.483092
100 0.494692 0.479393 0.950401 0.480827
99 0.494302 0.480072 0.951181 0.480676
50 0.821413 0.110658 0.357173 0.221316
50 0.712846 0.102808 0.574308 0.205616
15 0.495862 0.480676 0.943384 0.483092
50 0.484946 0.0661232 0.957418 0.132246
47 0.821413 0.110658 0.357173 0.221316
48 0.821413 0.110658 0.357173 0.221316
46 0.497421 0.478261 0.943384 0.486715
73 0.494302 0.481356 0.943384 0.484149
100 0.495082 0.480072 0.946503 0.481884
99 0.493912 0.481582 0.945723 0.483696
50 0.813032 0.110658 0.373936 0.221316
50 0.708558 0.103412 0.582884 0.206824
47 0.813032 0.110658 0.373936 0.221316
48 0.813032 0.110658 0.373936 0.221316
15 0.494302 0.481356 0.943384 0.484149
46 0.495862 0.478336 0.941825 0.487772
73 0.494302 0.481205 0.941825 0.484451
100 0.495862 0.480072 0.944944 0.481884
99 0.493523 0.48128 0.946503 0.4843
50 0.807964 0.110658 0.384071 0.221316
46 0.495082 0.478563 0.943384 0.488527
48 0.778143 0.0980525 0.443715 0.196105
15 0.497031 0.480676 0.945723 0.483092
50 0.712456 0.103563 0.575087 0.207126
47 0.807964 0.110658 0.384071 0.221316
100 0.496641 0.480148 0.943384 0.481733
73 0.493523 0.480978 0.941825 0.484903
99 0.493133 0.48128 0.947283 0.4843
50 0.782236 0.0988829 0.435529 0.197766
46 0.494302 0.478789 0.944944 0.488074
48 0.782236 0.0988829 0.435529 0.197766
15 0.494302 0.480676 0.944944 0.483092
73 0.491963 0.480978 0.940266 0.484903
100 0.496251 0.479544 0.942605 0.480525
99 0.491963 0.480978 0.948062 0.483696
46 0.493523 0.47894 0.946503 0.487772
48 0.786914 0.0968448 0.426173 0.19369
50 0.874625 0.0928442 0.25075 0.185688
48 0.874625 0.0928442 0.25075 0.185688
50 0.786914 0.0968448 0.426173 0.19369
15 0.490794 0.480676 0.939486 0.483092
73 0.492743 0.480978 0.940266 0.483696
100 0.496251 0.479544 0.944164 0.480525
99 0.492353 0.480676 0.948842 0.483092
46 0.496251 0.479544 0.944164 0.480525
48 0.880862 0.089372 0.238276 0.178744
48 0.792956 0.0916365 0.414088 0.183273
50 0.880862 0.089372 0.238276 0.178744
15 0.490014 0.480676 0.939486 0.483092
73 0.493133 0.480978 0.941045 0.484903
100 0.496641 0.479167 0.943384 0.482488
99 0.492353 0.480148 0.948842 0.484149
48 0.882032 0.086881 0.235937 0.173762
48 0.794515 0.0883907 0.410969 0.176781
46 0.496641 0.479167 0.943384 0.482488
50 0.882032 0.086881 0.235937 0.173762
15 0.491184 0.480676 0.941825 0.483092
73 0.494692 0.480978 0.941045 0.484903
100 0.497031 0.478261 0.942605 0.485507
99 0.493523 0.480148 0.946503 0.485356
48 0.883396 0.0836353 0.233208 0.167271
48 0.791786 0.0858998 0.416427 0.1718
46 0.497031 0.478261 0.942605 0.485507
50 0.883396 0.0836353 0.233208 0.167271
15 0.492353 0.480978 0.942605 0.483696
73 0.495082 0.48128 0.940266 0.485507
100 0.496641 0.477733 0.940266 0.486564
99 0.494302 0.480148 0.944944 0.486564
48 0.88593 0.0806914 0.22814 0.161383
46 0.496641 0.477733 0.940266 0.486564
48 0.791981 0.0837862 0.416037 0.167572
50 0.88593 0.0806914 0.22814 0.161383
15 0.492743 0.48128 0.941825 0.4843
73 0.495082 0.480752 0.940266 0.486564
100 0.496641 0.477657 0.940266 0.486715
99 0.493523 0.480148 0.946503 0.486564
48 0.892947 0.0775211 0.214106 0.155042
46 0.496641 0.477657 0.940266 0.486715
48 0.805236 0.0809934 0.389529 0.161987
15 0.493133 0.48128 0.941045 0.4843
50 0.892947 0.0775211 0.214106 0.155042
73 0.494692 0.481356 0.941045 0.486564
100 0.497421 0.477355 0.940266 0.488527
99 0.494302 0.480148 0.946503 0.484149
48 0.894506 0.0769173 0.210988 0.153835
46 0.497421 0.477355 0.940266 0.488527
48 0.809524 0.080163 0.380953 0.160326
15 0.493133 0.48128 0.941045 0.4843
73 0.494302 0.481356 0.940266 0.486564
100 0.497421 0.477355 0.938706 0.488527
99 0.494302 0.480601 0.946503 0.484451
48 0.893727 0.0777476 0.212547 0.155495
46 0.497421 0.477355 0.938706 0.488527
48 0.806405 0.0812953 0.38719 0.162591
15 0.492353 0.481205 0.939486 0.484451
73 0.494692 0.48128 0.939486 0.486715
100 0.497031 0.477582 0.939486 0.489281
99 0.494302 0.480374 0.946503 0.484903
46 0.497031 0.477582 0.939486 0.489281
48 0.891388 0.0800876 0.217225 0.160175
48 0.798219 0.0837108 0.403563 0.167422
73 0.495082 0.48128 0.940266 0.486715
100 0.497031 0.477053 0.939486 0.490338
99 0.494692 0.480374 0.945723 0.486111
46 0.497031 0.477053 0.939486 0.490338
15 0.493523 0.480978 0.940266 0.484903
73 0.495472 0.481205 0.939486 0.486866
100 0.497421 0.477582 0.940266 0.490489
99 0.495472 0.480374 0.945723 0.486111
46 0.497421 0.477582 0.940266 0.490489
15 0.494302 0.480978 0.940266 0.484903
73 0.495862 0.481205 0.938706 0.486866
100 0.497421 0.477355 0.940266 0.489734
99 0.495862 0.480374 0.944944 0.486111
46 0.497421 0.477959 0.941825 0.489734
15 0.494692 0.480978 0.941045 0.484903
73 0.496641 0.48128 0.938706 0.486715
100 0.497421 0.477582 0.940266 0.489281
99 0.496251 0.480601 0.944164 0.485658
46 0.497421 0.477959 0.941825 0.489734
15 0.495862 0.481205 0.941825 0.484451
73 0.497031 0.48128 0.939486 0.486715
100 0.497811 0.477733 0.941045 0.48898
99 0.496641 0.480676 0.943384 0.485507
15 0.496641 0.481205 0.943384 0.484451
46 0.497421 0.478336 0.941825 0.488979
73 0.497421 0.48128 0.938706 0.486715
100 0.498201 0.478185 0.940266 0.488074
99 0.497421 0.478261 0.941825 0.487923
15 0.497421 0.48128 0.943384 0.4843
46 0.497421 0.478261 0.941825 0.487923
73 0.497421 0.48128 0.938706 0.486715
100 0.498201 0.478563 0.940266 0.488527
99 0.497421 0.478563 0.941825 0.487319
15 0.497811 0.481205 0.944164 0.484451
46 0.497421 0.478563 0.941825 0.487319
73 0.497421 0.480978 0.938706 0.486111
100 0.498201 0.478563 0.940266 0.487319
99 0.497421 0.478865 0.941825 0.486715
15 0.497811 0.481205 0.944164 0.484451
73 0.497421 0.480978 0.938706 0.486111
100 0.496641 0.478865 0.940266 0.487923
99 0.497421 0.478865 0.941825 0.486715
15 0.497421 0.481582 0.943384 0.484903
73 0.497421 0.480978 0.938706 0.486111
100 0.496641 0.479167 0.940266 0.488527
99 0.496641 0.479997 0.940266 0.489281
15 0.497421 0.481884 0.943384 0.485507
46 0.496641 0.479997 0.940266 0.489281
73 0.497421 0.48128 0.938706 0.486715
100 0.497031 0.478865 0.941045 0.48913
99 0.495862 0.480072 0.940266 0.490338
15 0.497421 0.481884 0.941825 0.485507
46 0.495862 0.480072 0.940266 0.490338
73 0.497421 0.480752 0.937147 0.486564
100 0.496641 0.478865 0.940266 0.48913
99 0.495862 0.479997 0.940266 0.490489
15 0.496641 0.481884 0.940266 0.485507
46 0.495862 0.479997 0.940266 0.490489
73 0.497421 0.48128 0.937147 0.486715
100 0.496641 0.478865 0.941825 0.48913
99 0.496251 0.480072 0.941045 0.490338
15 0.496251 0.481582 0.941045 0.484903
46 0.496251 0.480072 0.941045 0.490338
73 0.498201 0.48128 0.937147 0.486715
100 0.497421 0.478865 0.941825 0.48913
99 0.496641 0.480148 0.940266 0.490187
15 0.496641 0.481582 0.941825 0.484903
46 0.496641 0.480148 0.940266 0.490187
73 0.497421 0.48128 0.938706 0.486715
100 0.497031 0.478865 0.942605 0.48913
99 0.496251 0.480148 0.941045 0.490187
15 0.497031 0.481582 0.942605 0.484903
46 0.496251 0.480148 0.941045 0.490187
73 0.497421 0.48128 0.938706 0.486715
100 0.497031 0.47894 0.942605 0.48898
99 0.496251 0.479997 0.941045 0.489281
15 0.496641 0.481884 0.943384 0.485507
46 0.496251 0.479997 0.941045 0.489281
73 0.497421 0.48128 0.938706 0.486715
100 0.496641 0.479167 0.943384 0.488527
99 0.496251 0.479997 0.941045 0.489281
15 0.496641 0.481884 0.943384 0.485507
73 0.496641 0.481884 0.943384 0.485507
100 0.496641 0.478865 0.943384 0.48913
99 0.495862 0.479997 0.941825 0.489281
15 0.496641 0.481884 0.943384 0.485507
73 0.496251 0.481884 0.944164 0.485507
100 0.496641 0.478865 0.943384 0.48913
99 0.495862 0.480072 0.941825 0.48913
15 0.496251 0.481884 0.944164 0.485507
73 0.496251 0.481884 0.944164 0.485507
100 0.497031 0.478865 0.944164 0.48913
99 0.495862 0.479997 0.941825 0.489281
15 0.496251 0.481884 0.944164 0.485507
73 0.496641 0.481884 0.944944 0.485507
100 0.496641 0.478789 0.943384 0.489281
99 0.496251 0.479997 0.942605 0.489281
15 0.496641 0.481884 0.944944 0.485507
73 0.497031 0.481884 0.945723 0.485507
100 0.496641 0.478865 0.943384 0.48913
99 0.496251 0.480072 0.942605 0.48913
15 0.497031 0.481884 0.945723 0.485507
73 0.497421 0.48128 0.938706 0.486715
100 0.496641 0.478865 0.944944 0.48913
99 0.495862 0.480072 0.943384 0.48913
15 0.497811 0.481582 0.947283 0.484903
73 0.497421 0.48128 0.940266 0.486715
100 0.496641 0.478865 0.944944 0.48913
99 0.496641 0.480072 0.943384 0.48913
15 0.49859 0.481884 0.948842 0.485507
73 0.497811 0.48128 0.941045 0.486715
100 0.497031 0.47894 0.945723 0.48898
99 0.496641 0.480374 0.943384 0.488527
15 0.49937 0.481582 0.950401 0.484903
73 0.498201 0.48128 0.940266 0.486715
100 0.497031 0.479167 0.945723 0.488527
99 0.496641 0.480374 0.943384 0.488527
15 0.50015 0.481884 0.951961 0.485507
73 0.498201 0.48128 0.940266 0.486715
100 0.497031 0.479167 0.945723 0.488527
99 0.496641 0.480374 0.943384 0.488527
15 0.50015 0.481884 0.951961 0.485507
73 0.498201 0.48128 0.940266 0.486715
100 0.497031 0.47894 0.945723 0.48898
99 0.496641 0.480676 0.943384 0.48913
15 0.500539 0.481884 0.95274 0.485507
73 0.498201 0.48128 0.941825 0.486715
100 0.497031 0.47894 0.945723 0.48898
99 0.496641 0.480752 0.943384 0.488979
15 0.500929 0.481884 0.95352 0.485507
73 0.498201 0.48128 0.941825 0.486715
100 0.497421 0.479167 0.944944 0.488527
99 0.496641 0.480978 0.944944 0.488527
15 0.500929 0.481884 0.95352 0.485507
73 0.498201 0.48128 0.941825 0.486715
100 0.497031 0.479167 0.945723 0.488527
99 0.496641 0.480752 0.944944 0.488979
15 0.501319 0.481884 0.9543 0.485507
73 0.498201 0.48128 0.941825 0.486715
100 0.497031 0.479167 0.945723 0.488527
99 0.496641 0.480978 0.944944 0.488527
15 0.501319 0.481884 0.955859 0.485507
73 0.498201 0.48128 0.943384 0.486715
100 0.497031 0.479469 0.945723 0.487923
99 0.496641 0.481205 0.944944 0.488074
15 0.501319 0.481884 0.955859 0.485507
73 0.498201 0.48128 0.943384 0.486715
100 0.497031 0.479469 0.945723 0.487923
99 0.497031 0.481205 0.945723 0.488074
15 0.501319 0.481582 0.955859 0.484903
73 0.501319 0.481884 0.955859 0.485507
100 0.496641 0.479771 0.946503 0.488527
99 0.496641 0.48128 0.944944 0.487923
15 0.501319 0.481884 0.955859 0.485507
73 0.501709 0.481884 0.956639 0.485507
100 0.496641 0.479771 0.946503 0.488527
99 0.496641 0.48128 0.946503 0.487923
15 0.501709 0.481884 0.956639 0.485507
73 0.502099 0.481884 0.957418 0.485507
100 0.496641 0.479771 0.946503 0.488527
99 0.496641 0.48128 0.944944 0.487923
15 0.502099 0.481884 0.957418 0.485507
73 0.502099 0.481884 0.957418 0.485507
100 0.497031 0.479997 0.945723 0.488074
99 0.497031 0.48128 0.945723 0.487923
15 0.502099 0.481884 0.957418 0.485507
73 0.502489 0.481884 0.958198 0.485507
100 0.497031 0.479997 0.945723 0.488074
99 0.496641 0.48128 0.944944 0.487923
15 0.502489 0.481884 0.958198 0.485507
73 0.502099 0.481884 0.958977 0.485507
100 0.497031 0.480072 0.945723 0.487923
99 0.496641 0.48128 0.944944 0.487923
15 0.502099 0.481884 0.958977 0.485507
73 0.502099 0.481884 0.957418 0.485507
100 0.497031 0.480072 0.945723 0.487923
99 0.496251 0.481205 0.945723 0.488074
15 0.502099 0.481884 0.957418 0.485507
73 0.502099 0.481884 0.957418 0.485507
100 0.497031 0.479544 0.945723 0.487772
99 0.496641 0.481205 0.946503 0.488074
15 0.502099 0.481884 0.957418 0.485507
73 0.502099 0.481884 0.957418 0.485507
100 0.497421 0.480072 0.944944 0.487923
99 0.496641 0.48128 0.946503 0.487923
15 0.502099 0.481884 0.957418 0.485507
73 0.502099 0.481884 0.957418 0.485507
100 0.497421 0.480072 0.944944 0.487923
99 0.496641 0.481205 0.944944 0.488074
15 0.502099 0.481884 0.957418 0.485507
73 0.502099 0.481884 0.957418 0.485507
100 0.497421 0.480072 0.944944 0.487923
99 0.496641 0.481205 0.946503 0.488074
15 0.502099 0.481884 0.957418 0.485507
73 0.502099 0.481884 0.957418 0.485507
100 0.497421 0.480072 0.944944 0.487923
99 0.496641 0.481205 0.946503 0.488074
15 0.502099 0.481884 0.957418 0.485507
73 0.501709 0.481884 0.958198 0.485507
100 0.497421 0.480072 0.944944 0.487923
99 0.496641 0.480978 0.946503 0.488527
15 0.501709 0.481884 0.958198 0.485507
73 0.501709 0.481884 0.958198 0.485507
100 0.497421 0.480072 0.944944 0.487923
99 0.496641 0.481205 0.946503 0.488074
15 0.501709 0.481884 0.958198 0.485507
73 0.501319 0.481884 0.957418 0.485507
100 0.497421 0.480148 0.944944 0.487772
99 0.496641 0.481205 0.946503 0.488074
15 0.501319 0.481884 0.957418 0.485507
73 0.501319 0.481884 0.957418 0.485507
100 0.497421 0.480374 0.944944 0.487319
99 0.496641 0.48128 0.946503 0.487923
15 0.501319 0.481884 0.957418 0.485507
73 0.501319 0.481884 0.955859 0.485507
100 0.497031 0.480374 0.945723 0.487319
99 0.496641 0.48128 0.946503 0.487923
15 0.501319 0.481884 0.955859 0.485507
73 0.501319 0.481884 0.955859 0.485507
100 0.497421 0.480374 0.944944 0.487319
99 0.496641 0.48128 0.946503 0.487923
15 0.501319 0.481884 0.955859 0.485507
73 0.500539 0.481884 0.955859 0.485507
100 0.497421 0.480374 0.944944 0.487319
99 0.496641 0.48128 0.946503 0.487923
15 0.500539 0.481884 0.955859 0.485507
73 0.50015 0.481884 0.955079 0.485507
100 0.497421 0.480374 0.944944 0.487319
99 0.496641 0.48128 0.946503 0.487923
15 0.50015 0.481884 0.955079 0.485507
73 0.50015 0.481884 0.955079 0.485507
100 0.497421 0.480374 0.944944 0.487319
99 0.496641 0.481356 0.946503 0.487772
15 0.50015 0.481884 0.955079 0.485507
73 0.50015 0.481884 0.955079 0.485507
100 0.497421 0.480601 0.944944 0.486866
99 0.496641 0.481356 0.946503 0.487772
15 0.50015 0.481884 0.955079 0.485507
73 0.49976 0.481884 0.9543 0.485507
100 0.497421 0.480752 0.944944 0.487772
99 0.496641 0.481356 0.946503 0.487772
15 0.49976 0.481884 0.9543 0.485507
73 0.49937 0.481884 0.95352 0.485507
100 0.497031 0.480978 0.945723 0.487319
99 0.496251 0.481582 0.947283 0.487319
15 0.49937 0.481884 0.95352 0.485507
73 0.49937 0.481884 0.95352 0.485507
100 0.497031 0.480978 0.945723 0.487319
99 0.496641 0.481582 0.946503 0.487319
15 0.49937 0.481884 0.95352 0.485507
73 0.49937 0.481884 0.95352 0.485507
100 0.497031 0.480978 0.945723 0.487319
99 0.496641 0.48196 0.946503 0.487772
15 0.49937 0.481884 0.95352 0.485507
73 0.49937 0.482186 0.95352 0.486111
100 0.497031 0.480978 0.945723 0.487319
99 0.496641 0.481809 0.946503 0.486866
15 0.49937 0.482186 0.95352 0.486111
