49 0.503906 0.488056 0.926562 0.516677
95 0.508594 0.488507 0.935938 0.512169
53 0.508594 0.488507 0.935938 0.512169
56 0.508594 0.488507 0.935938 0.512169
48 0.504297 0.494291 0.921094 0.506611
105 0.508594 0.488507 0.935938 0.512169
67 0.508594 0.488507 0.935938 0.512169
79 0.508594 0.488507 0.935938 0.512169
74 0.508594 0.488507 0.935938 0.512169
84 0.508594 0.488507 0.935938 0.512169
50 0.503906 0.488056 0.926562 0.516677
109 0.503906 0.488056 0.926562 0.516677
101 0.503906 0.488056 0.926562 0.516677
54 0.508594 0.488507 0.935938 0.512169
42 0.503906 0.488056 0.926562 0.516677
81 0.509375 0.486854 0.93125 0.507061
97 0.508594 0.488507 0.935938 0.512169
110 0.508594 0.488507 0.935938 0.512169
104 0.503906 0.488056 0.926562 0.516677
17 0.508594 0.488507 0.935938 0.512169
99 0.509375 0.486854 0.93125 0.507061
14 0.503906 0.488056 0.926562 0.516677
68 0.504297 0.494291 0.921094 0.506611
46 0.504297 0.494291 0.921094 0.506611
76 0.508594 0.488507 0.935938 0.512169
11 0.508594 0.488507 0.935938 0.512169
33 0.510547 0.487079 0.942969 0.510216
78 0.510547 0.487079 0.942969 0.510216
73 0.508594 0.490986 0.932813 0.510817
41 0.508594 0.488507 0.935938 0.512169
77 0.504297 0.494291 0.921094 0.506611
31 0.508594 0.488507 0.935938 0.512169
47 0.509375 0.486854 0.93125 0.507061
100 0.503906 0.488056 0.926562 0.516677
103 0.506641 0.490084 0.930469 0.510216
51 0.508594 0.488507 0.935938 0.512169
111 0.503906 0.488056 0.926562 0.516677
15 0.508594 0.488507 0.935938 0.512169
0 0.508594 0.488507 0.935938 0.512169
102 0.504297 0.494291 0.921094 0.506611
21 0.508594 0.488507 0.935938 0.512169
75 0.508594 0.490986 0.932813 0.510817
108 0.508594 0.488507 0.935938 0.512169
66 0.504297 0.494291 0.921094 0.506611
34 0.508594 0.490986 0.932813 0.510817
80 0.504297 0.494291 0.921094 0.506611
16 0.508594 0.488507 0.935938 0.512169
13 0.503906 0.488056 0.926562 0.516677
12 0.508594 0.488507 0.935938 0.512169
5 0.510547 0.487079 0.942969 0.510216
28 0.508594 0.488507 0.935938 0.512169
24 0.508594 0.488507 0.935938 0.512169
38 0.508594 0.488507 0.935938 0.512169
19 0.503125 0.486854 0.925 0.510667
4 0.503125 0.486854 0.925 0.510667
7 0.504297 0.494291 0.921094 0.506611
48 0.495313 0.490685 0.934375 0.510216
111 0.508594 0.484375 0.945312 0.516827
56 0.50625 0.488582 0.948438 0.514423
99 0.495313 0.490685 0.934375 0.510216
54 0.508594 0.484375 0.945312 0.516827
75 0.50625 0.488582 0.948438 0.514423
110 0.508594 0.484375 0.945312 0.516827
95 0.495313 0.490685 0.934375 0.510216
109 0.495313 0.490685 0.934375 0.510216
101 0.508594 0.484375 0.945312 0.516827
103 0.497656 0.486178 0.93125 0.518029
46 0.497656 0.486178 0.93125 0.518029
111 0.504687 0.843149 0.959375 0.313702
102 0.497656 0.486178 0.93125 0.518029
50 0.504687 0.843149 0.959375 0.313702
67 0.497656 0.486178 0.93125 0.518029
68 0.50625 0.488582 0.948438 0.514423
53 0.497656 0.486178 0.93125 0.518029
48 0.504687 0.843149 0.959375 0.313702
105 0.50625 0.488582 0.948438 0.514423
50 0.508594 0.484375 0.945312 0.516827
84 0.495313 0.490685 0.934375 0.510216
104 0.50625 0.488582 0.948438 0.514423
108 0.508594 0.484375 0.945312 0.516827
80 0.50625 0.488582 0.948438 0.514423
52 0.508594 0.484375 0.945312 0.516827
77 0.508594 0.484375 0.945312 0.516827
47 0.495313 0.490685 0.934375 0.510216
66 0.50625 0.488582 0.948438 0.514423
100 0.508594 0.484375 0.945312 0.516827
50 0.498437 0.897236 0.967188 0.205529
41 0.50625 0.488582 0.948438 0.514423
78 0.508594 0.484375 0.945312 0.516827
81 0.508594 0.484375 0.945312 0.516827
46 0.499609 0.871995 0.972656 0.25601
74 0.50625 0.488582 0.948438 0.514423
97 0.495313 0.490685 0.934375 0.510216
76 0.497656 0.486178 0.93125 0.518029
68 0.499609 0.871995 0.972656 0.25601
17 0.50625 0.488582 0.948438 0.514423
49 0.508594 0.484375 0.945312 0.516827
73 0.50625 0.488582 0.948438 0.514423
51 0.508594 0.484375 0.945312 0.516827
101 0.504687 0.843149 0.959375 0.313702
99 0.499609 0.871995 0.972656 0.25601
79 0.50625 0.488582 0.948438 0.514423
109 0.504687 0.843149 0.959375 0.313702
110 0.499609 0.871995 0.972656 0.25601
76 0.499609 0.871995 0.972656 0.25601
42 0.50625 0.488582 0.948438 0.514423
102 0.499609 0.871995 0.972656 0.25601
75 0.499609 0.871995 0.972656 0.25601
95 0.504687 0.843149 0.959375 0.313702
48 0.498437 0.897236 0.967188 0.205529
100 0.499609 0.871995 0.972656 0.25601
73 0.504687 0.843149 0.959375 0.313702
49 0.504687 0.843149 0.959375 0.313702
68 0.496094 0.916767 0.985937 0.166466
54 0.499609 0.871995 0.972656 0.25601
99 0.496094 0.916767 0.985937 0.166466
101 0.498437 0.897236 0.967188 0.205529
53 0.499609 0.871995 0.972656 0.25601
67 0.504687 0.843149 0.959375 0.313702
77 0.499609 0.871995 0.972656 0.25601
46 0.496094 0.916767 0.985937 0.166466
50 0.500781 0.940805 0.98125 0.118389
67 0.498437 0.897236 0.967188 0.205529
48 0.500781 0.940805 0.98125 0.118389
48 0.315234 0.507212 0.541406 0.516827
111 0.500781 0.940805 0.98125 0.118389
103 0.504687 0.843149 0.959375 0.313702
110 0.496094 0.916767 0.985937 0.166466
56 0.499609 0.871995 0.972656 0.25601
49 0.498437 0.897236 0.967188 0.205529
84 0.499609 0.871995 0.972656 0.25601
111 0.498437 0.897236 0.967188 0.205529
51 0.499609 0.871995 0.972656 0.25601
52 0.504687 0.843149 0.959375 0.313702
66 0.504687 0.843149 0.959375 0.313702
48 0.416406 0.539663 0.739062 0.430288
104 0.499609 0.871995 0.972656 0.25601
95 0.498437 0.897236 0.967188 0.205529
33 0.508594 0.484375 0.945312 0.516827
41 0.499609 0.871995 0.972656 0.25601
74 0.498437 0.897236 0.967188 0.205529
105 0.499609 0.871995 0.972656 0.25601
101 0.500781 0.940805 0.98125 0.118389
97 0.499609 0.871995 0.972656 0.25601
66 0.498437 0.897236 0.967188 0.205529
49 0.500781 0.940805 0.98125 0.118389
48 0.508594 0.493915 0.979688 0.508564
50 0.508594 0.493915 0.979688 0.508564
68 0.510156 0.504282 0.976562 0.490234
49 0.508594 0.493915 0.979688 0.508564
100 0.508594 0.493915 0.979688 0.508564
53 0.508984 0.494291 0.977344 0.503005
51 0.508594 0.493915 0.979688 0.508564
99 0.508594 0.493915 0.979688 0.508564
76 0.508594 0.493915 0.979688 0.508564
101 0.510156 0.504282 0.976562 0.490234
46 0.508594 0.493915 0.979688 0.508564
52 0.508594 0.493915 0.979688 0.508564
48 0.503906 0.361779 0.985937 0.723558
75 0.508594 0.493915 0.979688 0.508564
47 0.508594 0.493915 0.979688 0.508564
68 0.498437 0.19381 0.984375 0.38762
95 0.516406 0.498197 0.954687 0.495192
50 0.503906 0.361779 0.985937 0.723558
68 0.5 0.345553 0.984375 0.691106
109 0.508594 0.493915 0.979688 0.508564
111 0.508594 0.493915 0.979688 0.508564
102 0.510156 0.504282 0.976562 0.490234
49 0.503906 0.361779 0.985937 0.723558
84 0.508594 0.493915 0.979688 0.508564
77 0.510156 0.504282 0.976562 0.490234
110 0.508594 0.493915 0.979688 0.508564
73 0.508594 0.493915 0.979688 0.508564
67 0.510156 0.504282 0.976562 0.490234
100 0.503906 0.361779 0.985937 0.723558
97 0.508594 0.493915 0.979688 0.508564
52 0.503906 0.361779 0.985937 0.723558
48 0.498437 0.19381 0.984375 0.38762
53 0.505469 0.362981 0.978125 0.725962
51 0.503906 0.361779 0.985937 0.723558
46 0.503906 0.361779 0.985937 0.723558
50 0.498437 0.19381 0.984375 0.38762
56 0.516406 0.503531 0.954687 0.489333
95 0.508594 0.375601 0.967188 0.751202
76 0.503906 0.361779 0.985937 0.723558
101 0.498437 0.19381 0.984375 0.38762
84 0.501953 0.343149 0.986719 0.686298
53 0.498437 0.19381 0.984375 0.38762
101 0.508594 0.375601 0.967188 0.751202
77 0.508594 0.375601 0.967188 0.751202
102 0.498437 0.19381 0.984375 0.38762
47 0.503906 0.361779 0.985937 0.723558
75 0.5 0.345553 0.984375 0.691106
80 0.501953 0.343149 0.986719 0.686298
48 0.503906 0.117638 0.978125 0.235276
109 0.5 0.345553 0.984375 0.691106
100 0.498437 0.19381 0.984375 0.38762
17 0.508594 0.493915 0.979688 0.508564
78 0.508594 0.375601 0.967188 0.751202
99 0.503906 0.361779 0.985937 0.723558
49 0.498437 0.19381 0.984375 0.38762
74 0.508594 0.375601 0.967188 0.751202
74 0.516406 0.503531 0.954687 0.489333
68 0.503906 0.117638 0.978125 0.235276
77 0.498437 0.19381 0.984375 0.38762
108 0.5 0.345553 0.984375 0.691106
73 0.503906 0.361779 0.985937 0.723558
111 0.501953 0.343149 0.986719 0.686298
109 0.498437 0.19381 0.984375 0.38762
110 0.503906 0.361779 0.985937 0.723558
97 0.503906 0.361779 0.985937 0.723558
104 0.516406 0.503531 0.954687 0.489333
67 0.508594 0.375601 0.967188 0.751202
54 0.516406 0.503531 0.954687 0.489333
50 0.503906 0.117638 0.978125 0.235276
76 0.498437 0.19381 0.984375 0.38762
102 0.508594 0.375601 0.967188 0.751202
95 0.505469 0.165264 0.970312 0.330529
75 0.505469 0.165264 0.970312 0.330529
80 0.516406 0.498197 0.954687 0.495192
56 0.501953 0.343149 0.986719 0.686298
110 0.498437 0.19381 0.984375 0.38762
46 0.498437 0.19381 0.984375 0.38762
67 0.498437 0.19381 0.984375 0.38762
81 0.501953 0.343149 0.986719 0.686298
52 0.498437 0.19381 0.984375 0.38762
53 0.503906 0.117638 0.978125 0.235276
48 0.512109 0.0748197 0.961719 0.149639
84 0.498437 0.19381 0.984375 0.38762
51 0.498437 0.19381 0.984375 0.38762
78 0.516406 0.498197 0.954687 0.495192
103 0.516406 0.503531 0.954687 0.489333
33 0.501953 0.343149 0.986719 0.686298
111 0.498437 0.19381 0.984375 0.38762
109 0.503906 0.117638 0.978125 0.235276
50 0.49375 0.574219 0.94375 0.315505
50 0.286328 0.121244 0.572656 0.242488
99 0.498437 0.19381 0.984375 0.38762
104 0.505078 0.425781 0.975781 0.851562
49 0.503906 0.117638 0.978125 0.235276
101 0.503906 0.117638 0.978125 0.235276
17 0.501953 0.343149 0.986719 0.686298
66 0.501953 0.343149 0.986719 0.686298
79 0.501953 0.343149 0.986719 0.686298
100 0.503906 0.117638 0.978125 0.235276
48 0.275977 0.583534 0.535547 0.361779
73 0.498437 0.19381 0.984375 0.38762
80 0.498437 0.19381 0.984375 0.38762
68 0.512109 0.0748197 0.961719 0.149639
49 0.332812 0.116887 0.665625 0.233774
47 0.485547 0.200871 0.960156 0.401743
33 0.508594 0.493915 0.979688 0.508564
50 0.512109 0.0748197 0.961719 0.149639
48 0.49375 0.574219 0.94375 0.315505
48 0.332812 0.116887 0.665625 0.233774
102 0.503906 0.117638 0.978125 0.235276
78 0.505469 0.165264 0.970312 0.330529
108 0.516406 0.498197 0.954687 0.495192
76 0.503906 0.117638 0.978125 0.235276
74 0.498437 0.19381 0.984375 0.38762
54 0.501953 0.343149 0.986719 0.686298
51 0.503906 0.117638 0.978125 0.235276
77 0.503906 0.117638 0.978125 0.235276
2 0.5 0.345553 0.984375 0.691106
97 0.502734 0.491662 0.961719 0.5311
103 0.498437 0.486478 0.945312 0.521034
84 0.499219 0.489258 0.940625 0.533504
95 0.499219 0.489258 0.940625 0.533504
68 0.499219 0.489258 0.940625 0.533504
53 0.498437 0.486478 0.945312 0.521034
48 0.498437 0.486478 0.945312 0.521034
76 0.501172 0.485577 0.963281 0.514423
73 0.498437 0.486478 0.945312 0.521034
109 0.498437 0.486478 0.945312 0.521034
47 0.498437 0.486478 0.945312 0.521034
111 0.498437 0.486478 0.945312 0.521034
100 0.498437 0.486478 0.945312 0.521034
42 0.498437 0.486478 0.945312 0.521034
56 0.499219 0.489258 0.940625 0.533504
74 0.499219 0.491587 0.945312 0.526442
75 0.499219 0.489258 0.940625 0.533504
67 0.502734 0.491662 0.961719 0.5311
80 0.501172 0.485577 0.963281 0.514423
101 0.501172 0.485577 0.963281 0.514423
110 0.498437 0.486478 0.945312 0.521034
50 0.501172 0.485577 0.963281 0.514423
54 0.498437 0.486478 0.945312 0.521034
46 0.498437 0.486478 0.945312 0.521034
77 0.498437 0.486478 0.945312 0.521034
52 0.499219 0.491587 0.945312 0.526442
99 0.498437 0.486478 0.945312 0.521034
12 0.929688 0.164213 0.140625 0.0441707
104 0.499219 0.491587 0.945312 0.526442
66 0.499219 0.491587 0.945312 0.526442
105 0.499219 0.491587 0.945312 0.526442
49 0.498437 0.486478 0.945312 0.521034
12 0.909375 0.161959 0.167187 0.0546875
17 0.499219 0.489258 0.940625 0.533504
33 0.499219 0.491587 0.945312 0.526442
12 0.939062 0.170974 0.11875 0.0594952
4 0.929688 0.164213 0.140625 0.0441707
68 0.193164 0.509691 0.351172 0.505859
26 0.917188 0.163011 0.159375 0.047476
51 0.501172 0.485577 0.963281 0.514423
81 0.501172 0.485577 0.963281 0.514423
108 0.499219 0.491587 0.945312 0.526442
41 0.501172 0.485577 0.963281 0.514423
0 0.929688 0.164213 0.140625 0.0441707
4 0.909375 0.161959 0.167187 0.0546875
29 0.909375 0.157752 0.175 0.046274
102 0.503125 0.489183 0.946875 0.530048
15 0.909375 0.157752 0.175 0.046274
14 0.929688 0.164213 0.140625 0.0441707
68 0.314453 0.507812 0.559375 0.510817
26 0.903125 0.162861 0.18125 0.0600962
78 0.488281 0.485577 0.976562 0.53125
20 0.929688 0.164213 0.140625 0.0441707
79 0.499219 0.491587 0.945312 0.526442
14 0.909375 0.161959 0.167187 0.0546875
28 0.501172 0.485577 0.963281 0.514423
26 0.9375 0.164663 0.121875 0.0432692
0 0.89375 0.157151 0.207813 0.0483774
12 0.946875 0.163161 0.10625 0.0390625
68 0.103027 0.510517 0.181445 0.498197
0 0.909375 0.161959 0.167187 0.0546875
5 0.929688 0.164213 0.140625 0.0441707
21 0.929688 0.164213 0.140625 0.0441707
27 0.917188 0.163011 0.159375 0.047476
56 0.497266 0.48107 0.952344 0.528245
95 0.502344 0.477464 0.939062 0.523438
68 0.502344 0.477464 0.939062 0.523438
67 0.502344 0.477464 0.939062 0.523438
78 0.483203 0.479642 0.966406 0.538311
0 0.077124 0.0501803 0.0898926 0.0168269
109 0.497266 0.48107 0.952344 0.528245
84 0.497266 0.48107 0.952344 0.528245
111 0.507812 0.479567 0.928125 0.521635
103 0.502344 0.477464 0.939062 0.523438
53 0.497266 0.48107 0.952344 0.528245
3 0.077124 0.0501803 0.0898926 0.0168269
101 0.502344 0.477464 0.939062 0.523438
104 0.497656 0.478966 0.953125 0.530048
5 0.077124 0.0501803 0.0898926 0.0168269
110 0.502344 0.477464 0.939062 0.523438
77 0.502344 0.477464 0.939062 0.523438
33 0.077124 0.0501803 0.0898926 0.0168269
4 0.077124 0.0501803 0.0898926 0.0168269
97 0.497266 0.48107 0.952344 0.528245
79 0.497656 0.478966 0.953125 0.530048
78 0.482812 0.324519 0.965625 0.579327
54 0.497266 0.48107 0.952344 0.528245
102 0.486719 0.481295 0.973437 0.528996
6 0.077124 0.0501803 0.0898926 0.0168269
32 0.077124 0.0501803 0.0898926 0.0168269
1 0.077124 0.0501803 0.0898926 0.0168269
0 0.0823975 0.0526593 0.10083 0.0265925
52 0.507812 0.479567 0.928125 0.521635
11 0.077124 0.0501803 0.0898926 0.0168269
108 0.497656 0.478966 0.953125 0.530048
0 0.0767334 0.0361328 0.0906738 0.0444712
81 0.497656 0.478966 0.953125 0.530048
0 0.100879 0.0522837 0.0376953 0.0202825
33 0.135742 0.144531 0.0699219 0.0330529
105 0.497266 0.48107 0.952344 0.528245
17 0.077124 0.0501803 0.0898926 0.0168269
66 0.497656 0.478966 0.953125 0.530048
3 0.100879 0.0522837 0.0376953 0.0202825
8 0.077124 0.0501803 0.0898926 0.0168269
10 0.077124 0.0501803 0.0898926 0.0168269
74 0.497656 0.478966 0.953125 0.530048
4 0.0736328 0.0489596 0.0882813 0.0303861
48 0.507812 0.479567 0.928125 0.521635
80 0.497266 0.48107 0.952344 0.528245
76 0.502344 0.477464 0.939062 0.523438
49 0.502344 0.477464 0.939062 0.523438
33 0.0823975 0.0526593 0.10083 0.0265925
23 0.077124 0.0501803 0.0898926 0.0168269
0 0.135742 0.144531 0.0699219 0.0330529
5 0.0823975 0.0526593 0.10083 0.0265925
15 0.077124 0.0501803 0.0898926 0.0168269
19 0.077124 0.0501803 0.0898926 0.0168269
6 0.0745117 0.0485089 0.0916016 0.0387996
68 0.483984 0.558894 0.963281 0.350962
3 0.0823975 0.0526593 0.10083 0.0265925
20 0.077124 0.0501803 0.0898926 0.0168269
32 0.0736328 0.0489596 0.0882813 0.0303861
33 0.100879 0.0522837 0.0376953 0.0202825
101 0.501172 0.486478 0.988281 0.539062
77 0.501172 0.486478 0.988281 0.539062
67 0.501172 0.486478 0.988281 0.539062
68 0.501562 0.481295 0.990625 0.544621
102 0.501172 0.486478 0.988281 0.539062
111 0.501172 0.486478 0.988281 0.539062
110 0.501172 0.486478 0.988281 0.539062
95 0.500391 0.485577 0.996094 0.539663
109 0.501172 0.486478 0.988281 0.539062
84 0.500391 0.485577 0.996094 0.539663
102 0.503125 0.313101 0.978125 0.626202
53 0.500391 0.485577 0.996094 0.539663
56 0.500391 0.485577 0.996094 0.539663
0 0.132617 0.140625 0.0652344 0.0288462
5 0.13125 0.139724 0.0632813 0.0240385
97 0.500391 0.485577 0.996094 0.539663
68 0.499609 0.30649 0.992969 0.612981
101 0.499609 0.30649 0.992969 0.612981
33 0.13125 0.139724 0.0632813 0.0240385
102 0.504687 0.165865 0.973437 0.331731
52 0.500391 0.485577 0.996094 0.539663
20 0.13125 0.139724 0.0632813 0.0240385
16 0.13125 0.139724 0.0632813 0.0240385
49 0.501172 0.486478 0.988281 0.539062
68 0.504687 0.165865 0.973437 0.331731
77 0.503125 0.313101 0.978125 0.626202
12 0.13125 0.139724 0.0632813 0.0240385
15 0.13125 0.139724 0.0632813 0.0240385
14 0.13125 0.139724 0.0632813 0.0240385
101 0.504687 0.165865 0.973437 0.331731
99 0.49375 0.481971 0.979688 0.545673
50 0.49375 0.481971 0.979688 0.545673
48 0.49375 0.481971 0.979688 0.545673
103 0.501562 0.481295 0.990625 0.544621
77 0.504687 0.165865 0.973437 0.331731
18 0.13125 0.139724 0.0632813 0.0240385
102 0.496484 0.0948017 0.966406 0.189603
76 0.492969 0.486178 0.973437 0.536058
67 0.499609 0.30649 0.992969 0.612981
100 0.49375 0.481971 0.979688 0.545673
8 0.132617 0.140625 0.0652344 0.0288462
7 0.13125 0.139724 0.0632813 0.0240385
110 0.499609 0.30649 0.992969 0.612981
3 0.13125 0.139724 0.0632813 0.0240385
73 0.492969 0.486178 0.973437 0.536058
68 0.496484 0.0948017 0.966406 0.189603
67 0.504687 0.165865 0.973437 0.331731
21 0.13125 0.139724 0.0632813 0.0240385
32 0.13125 0.139724 0.0632813 0.0240385
0 0.126172 0.139423 0.0560547 0.023137
30 0.126855 0.13762 0.0830078 0.0360577
6 0.501172 0.486478 0.988281 0.539062
4 0.13125 0.139724 0.0632813 0.0240385
32 0.126855 0.13762 0.0830078 0.0360577
47 0.501172 0.486478 0.988281 0.539062
102 0.50625 0.0175969 0.960938 0.0351938
97 0.503906 0.484675 0.957812 0.509014
109 0.503906 0.486478 0.960938 0.513822
56 0.503906 0.484675 0.957812 0.509014
48 0.475 0.487981 0.885938 0.518029
103 0.496875 0.487079 0.94375 0.513822
111 0.503906 0.486478 0.960938 0.513822
99 0.496875 0.487079 0.94375 0.513822
84 0.503906 0.486478 0.960938 0.513822
95 0.509375 0.485502 0.95625 0.514573
46 0.496875 0.487079 0.94375 0.513822
73 0.496875 0.487079 0.94375 0.513822
100 0.496875 0.487079 0.94375 0.513822
101 0.509375 0.485502 0.95625 0.514573
41 0.503906 0.484675 0.957812 0.509014
17 0.508984 0.484075 0.953906 0.51262
67 0.503906 0.486478 0.960938 0.513822
47 0.475 0.487981 0.885938 0.518029
75 0.496875 0.487079 0.94375 0.513822
76 0.496875 0.487079 0.94375 0.513822
66 0.508984 0.484075 0.953906 0.51262
110 0.509375 0.485502 0.95625 0.514573
54 0.496875 0.487079 0.94375 0.513822
77 0.503906 0.486478 0.960938 0.513822
68 0.509375 0.485502 0.95625 0.514573
49 0.509375 0.485502 0.95625 0.514573
102 0.509375 0.485502 0.95625 0.514573
51 0.494531 0.489859 0.935938 0.527494
74 0.508984 0.484075 0.953906 0.51262
28 0.509375 0.485502 0.95625 0.514573
50 0.509375 0.485502 0.95625 0.514573
104 0.508984 0.484075 0.953906 0.51262
33 0.508984 0.484075 0.953906 0.51262
52 0.509375 0.485502 0.95625 0.514573
6 0.509375 0.485502 0.95625 0.514573
42 0.503906 0.484675 0.957812 0.509014
20 0.509375 0.485502 0.95625 0.514573
108 0.508984 0.484075 0.953906 0.51262
34 0.509375 0.485502 0.95625 0.514573
8 0.503906 0.486478 0.960938 0.513822
12 0.509375 0.485502 0.95625 0.514573
15 0.509375 0.485502 0.95625 0.514573
53 0.509375 0.485502 0.95625 0.514573
3 0.509375 0.485502 0.95625 0.514573
0 0.074707 0.0486779 0.0931641 0.0249399
19 0.509375 0.485502 0.95625 0.514573
105 0.508984 0.484075 0.953906 0.51262
109 0.503906 0.487981 0.948438 0.521635
97 0.513281 0.48738 0.96875 0.512019
111 0.513281 0.48738 0.96875 0.512019
95 0.513281 0.48738 0.96875 0.512019
84 0.503906 0.487981 0.948438 0.521635
110 0.513281 0.48738 0.96875 0.512019
77 0.503906 0.487981 0.948438 0.521635
52 0.509375 0.48768 0.965625 0.516226
33 0.507812 0.483774 0.975 0.516827
34 0.513281 0.48738 0.96875 0.512019
101 0.503906 0.487981 0.948438 0.521635
6 0.513281 0.48738 0.96875 0.512019
56 0.507812 0.483774 0.975 0.516827
0 0.0756836 0.0496544 0.0941406 0.031851
68 0.507812 0.488056 0.964063 0.528696
16 0.135645 0.144231 0.0759766 0.0330529
9 0.513281 0.48738 0.96875 0.512019
76 0.503906 0.487981 0.948438 0.521635
67 0.505469 0.492188 0.939062 0.524038
103 0.507812 0.488056 0.964063 0.528696
12 0.513281 0.48738 0.96875 0.512019
8 0.135645 0.144231 0.0759766 0.0330529
8 0.513281 0.48738 0.96875 0.512019
32 0.0756836 0.0496544 0.0941406 0.031851
0 0.135645 0.144231 0.0759766 0.0330529
8 0.0756836 0.0496544 0.0941406 0.031851
53 0.509375 0.48768 0.965625 0.516226
1 0.513281 0.48738 0.96875 0.512019
4 0.0756836 0.0496544 0.0941406 0.031851
31 0.513281 0.48738 0.96875 0.512019
17 0.507812 0.483774 0.975 0.516827
33 0.133594 0.144531 0.0691406 0.03125
7 0.0756836 0.0496544 0.0941406 0.031851
20 0.507812 0.483774 0.975 0.516827
25 0.513281 0.48738 0.96875 0.512019
0 0.0766602 0.048152 0.0962891 0.0204327
15 0.513281 0.48738 0.96875 0.512019
7 0.135645 0.144231 0.0759766 0.0330529
29 0.513281 0.48738 0.96875 0.512019
75 0.507812 0.488056 0.964063 0.528696
2 0.513281 0.48738 0.96875 0.512019
73 0.503906 0.487981 0.948438 0.521635
15 0.133594 0.144531 0.0691406 0.03125
3 0.0756836 0.0496544 0.0941406 0.031851
16 0.0756836 0.0496544 0.0941406 0.031851
99 0.503906 0.487981 0.948438 0.521635
3 0.510938 0.486253 0.971875 0.517879
21 0.510938 0.486253 0.971875 0.517879
5 0.133594 0.144531 0.0691406 0.03125
100 0.503906 0.487981 0.948438 0.521635
19 0.510938 0.486253 0.971875 0.517879
28 0.507812 0.483774 0.975 0.516827
99 0.500781 0.480093 0.973437 0.535006
73 0.500781 0.480093 0.973437 0.535006
111 0.509375 0.491662 0.978125 0.540715
48 0.509375 0.491662 0.978125 0.540715
109 0.500781 0.480093 0.973437 0.535006
84 0.509375 0.491662 0.978125 0.540715
110 0.500781 0.480093 0.973437 0.535006
100 0.500781 0.480093 0.973437 0.535006
76 0.500781 0.480093 0.973437 0.535006
101 0.502734 0.480469 0.985156 0.527043
77 0.500781 0.480093 0.973437 0.535006
97 0.503516 0.482647 0.982031 0.533504
51 0.503516 0.482647 0.982031 0.533504
103 0.509375 0.491662 0.978125 0.540715
47 0.509375 0.491662 0.978125 0.540715
75 0.500781 0.480093 0.973437 0.535006
46 0.503125 0.486704 0.965625 0.539814
50 0.503516 0.482647 0.982031 0.533504
67 0.509375 0.491662 0.978125 0.540715
49 0.503516 0.482647 0.982031 0.533504
102 0.500781 0.480093 0.973437 0.535006
68 0.502734 0.480469 0.985156 0.527043
56 0.509375 0.491662 0.978125 0.540715
42 0.502734 0.480469 0.985156 0.527043
54 0.500781 0.480093 0.973437 0.535006
53 0.5125 0.483849 0.973437 0.5311
6 0.5125 0.483849 0.973437 0.5311
17 0.5125 0.483849 0.973437 0.5311
1 0.502734 0.480469 0.985156 0.527043
33 0.5125 0.483849 0.973437 0.5311
9 0.502734 0.480469 0.985156 0.527043
95 0.5125 0.483849 0.973437 0.5311
29 0.502734 0.480469 0.985156 0.527043
41 0.5125 0.483849 0.973437 0.5311
28 0.5125 0.483849 0.973437 0.5311
19 0.513672 0.482497 0.972656 0.520583
8 0.502734 0.480469 0.985156 0.527043
111 0.5 0.492112 0.95 0.527794
101 0.5 0.492112 0.95 0.527794
110 0.504687 0.488281 0.945312 0.517428
77 0.5 0.492112 0.95 0.527794
109 0.500781 0.486103 0.951563 0.519381
102 0.5 0.492112 0.95 0.527794
67 0.5 0.492112 0.95 0.527794
68 0.500781 0.486103 0.951563 0.519381
48 0.5 0.492112 0.95 0.527794
84 0.500781 0.486103 0.951563 0.519381
47 0.500781 0.486103 0.951563 0.519381
99 0.500781 0.486103 0.951563 0.519381
73 0.500781 0.486103 0.951563 0.519381
49 0.5 0.492112 0.95 0.527794
51 0.500781 0.486103 0.951563 0.519381
56 0.505859 0.487906 0.957031 0.522987
100 0.500781 0.486103 0.951563 0.519381
97 0.505859 0.487906 0.957031 0.522987
95 0.500781 0.486103 0.951563 0.519381
29 0.500781 0.486103 0.951563 0.519381
99 0.466797 0.493389 0.867969 0.527644
73 0.397656 0.492864 0.723437 0.521484
77 0.435937 0.491061 0.8125 0.510667
48 0.435937 0.491061 0.8125 0.510667
109 0.509766 0.496695 0.955469 0.535457
100 0.509766 0.496695 0.955469 0.535457
110 0.509766 0.496695 0.955469 0.535457
111 0.509766 0.496695 0.955469 0.535457
47 0.435937 0.491061 0.8125 0.510667
84 0.509766 0.496695 0.955469 0.535457
51 0.435937 0.491061 0.8125 0.510667
76 0.509766 0.496695 0.955469 0.535457
102 0.480469 0.490084 0.901563 0.517428
101 0.435937 0.491061 0.8125 0.510667
49 0.435937 0.491061 0.8125 0.510667
50 0.435937 0.491061 0.8125 0.510667
18 0.928125 0.489183 0.053125 0.0570913
75 0.509766 0.496695 0.955469 0.535457
46 0.509766 0.496695 0.955469 0.535457
103 0.509766 0.496695 0.955469 0.535457
18 0.93125 0.476262 0.05 0.0426683
67 0.480469 0.490084 0.901563 0.517428
18 0.934375 0.470252 0.046875 0.0402644
110 0.491406 0.494291 0.945312 0.515024
111 0.490625 0.491061 0.948438 0.522686
77 0.491406 0.494291 0.945312 0.515024
101 0.505859 0.485652 0.953906 0.509465
109 0.490625 0.491061 0.948438 0.522686
99 0.490625 0.491061 0.948438 0.522686
102 0.505859 0.485652 0.953906 0.509465
67 0.505859 0.485652 0.953906 0.509465
47 0.505859 0.485652 0.953906 0.509465
84 0.490625 0.491061 0.948438 0.522686
100 0.490625 0.491061 0.948438 0.522686
49 0.505469 0.48738 0.95 0.507212
6 0.505469 0.48738 0.95 0.507212
68 0.505859 0.485652 0.953906 0.509465
76 0.490625 0.491061 0.948438 0.522686
51 0.505469 0.48738 0.95 0.507212
73 0.490625 0.491061 0.948438 0.522686
14 0.0743164 0.436298 0.0541016 0.0823317
48 0.505859 0.485652 0.953906 0.509465
33 0.131641 0.139423 0.0636719 0.0279447
8 0.500781 0.488281 0.967188 0.513822
77 0.50625 0.488507 0.95 0.525391
111 0.499219 0.487906 0.928125 0.527794
101 0.50625 0.488507 0.95 0.525391
67 0.507031 0.484075 0.973437 0.515024
68 0.507031 0.484075 0.973437 0.515024
56 0.507031 0.484075 0.973437 0.515024
109 0.50625 0.488507 0.95 0.525391
110 0.50625 0.488507 0.95 0.525391
84 0.507031 0.484075 0.973437 0.515024
16 0.131641 0.141226 0.0697266 0.0282452
0 0.0737305 0.0452975 0.0919922 0.031851
102 0.50625 0.488507 0.95 0.525391
52 0.507031 0.484075 0.973437 0.515024
53 0.507031 0.484075 0.973437 0.515024
5 0.0750244 0.0452975 0.0909668 0.0265925
8 0.0737305 0.0452975 0.0919922 0.031851
95 0.507031 0.484075 0.973437 0.515024
18 0.131641 0.141226 0.0697266 0.0282452
15 0.131641 0.141226 0.0697266 0.0282452
0 0.131641 0.141226 0.0697266 0.0282452
33 0.131641 0.141226 0.0697266 0.0282452
0 0.0745117 0.0453726 0.0908203 0.0217849
48 0.505469 0.483248 0.953125 0.516677
33 0.0745117 0.0453726 0.0908203 0.0217849
73 0.488672 0.489183 0.902344 0.536058
8 0.0745117 0.0453726 0.0908203 0.0217849
14 0.131641 0.141226 0.0697266 0.0282452
8 0.131641 0.141226 0.0697266 0.0282452
7 0.0737305 0.0452975 0.0919922 0.031851
16 0.93125 0.494591 0.053125 0.0745192
6 0.0737305 0.0452975 0.0919922 0.031851
18 0.932031 0.491286 0.0515625 0.078726
18 0.9375 0.475962 0.05625 0.110577
99 0.50625 0.488507 0.95 0.525391
7 0.131641 0.141226 0.0697266 0.0282452
5 0.131641 0.141226 0.0697266 0.0282452
24 0.131641 0.141226 0.0697266 0.0282452
47 0.488672 0.489183 0.902344 0.536058
1 0.0737305 0.0452975 0.0919922 0.031851
16 0.0737305 0.0452975 0.0919922 0.031851
16 0.9375 0.475962 0.05625 0.110577
7 0.93125 0.494591 0.053125 0.0745192
103 0.507031 0.484075 0.973437 0.515024
100 0.50625 0.488507 0.95 0.525391
7 0.0745117 0.0453726 0.0908203 0.0217849
33 0.0737305 0.0452975 0.0919922 0.031851
49 0.511719 0.491587 0.95625 0.534856
25 0.0737305 0.0452975 0.0919922 0.031851
33 0.932031 0.491286 0.0515625 0.078726
26 0.131641 0.141226 0.0697266 0.0282452
16 0.0745117 0.0453726 0.0908203 0.0217849
6 0.505469 0.483248 0.953125 0.516677
33 0.935938 0.475962 0.05625 0.111779
7 0.9375 0.475962 0.05625 0.110577
17 0.131641 0.141226 0.0697266 0.0282452
20 0.131641 0.141226 0.0697266 0.0282452
32 0.0737305 0.0452975 0.0919922 0.031851
10 0.0737305 0.0452975 0.0919922 0.031851
1 0.131641 0.141226 0.0697266 0.0282452
16 0.942187 0.161508 0.0921875 0.0444712
15 0.93125 0.494591 0.053125 0.0745192
14 0.93125 0.494591 0.053125 0.0745192
6 0.0745117 0.0453726 0.0908203 0.0217849
4 0.0737305 0.0452975 0.0919922 0.031851
0 0.93125 0.494591 0.053125 0.0745192
8 0.0740234 0.054387 0.0921875 0.0420673
1 0.0745117 0.0453726 0.0908203 0.0217849
18 0.94375 0.4375 0.046875 0.0444712
46 0.511719 0.491587 0.95625 0.534856
3 0.0737305 0.0452975 0.0919922 0.031851
0 0.0740234 0.054387 0.0921875 0.0420673
25 0.0745117 0.0453726 0.0908203 0.0217849
18 0.942187 0.161508 0.0921875 0.0444712
7 0.0740234 0.054387 0.0921875 0.0420673
32 0.0745117 0.0453726 0.0908203 0.0217849
16 0.0740234 0.054387 0.0921875 0.0420673
16 0.128223 0.149189 0.0824219 0.0402644
14 0.942187 0.161508 0.0921875 0.0444712
15 0.9375 0.475962 0.05625 0.110577
101 0.503125 0.486704 0.965625 0.521785
77 0.505859 0.492112 0.982031 0.528996
102 0.502734 0.486854 0.960156 0.520282
111 0.508594 0.492188 0.982813 0.536058
110 0.499219 0.48768 0.951563 0.517428
67 0.505859 0.492112 0.982031 0.528996
48 0.508594 0.492188 0.982813 0.536058
68 0.502734 0.486854 0.960156 0.520282
6 0.499219 0.48768 0.951563 0.517428
8 0.499219 0.48768 0.951563 0.517428
49 0.507812 0.491061 0.984375 0.527494
47 0.508594 0.492188 0.982813 0.536058
51 0.502344 0.48768 0.967188 0.517428
73 0.502344 0.48768 0.967188 0.517428
99 0.505859 0.492112 0.982031 0.528996
9 0.499219 0.48768 0.951563 0.517428
50 0.507812 0.491061 0.984375 0.527494
53 0.508594 0.492188 0.982813 0.536058
109 0.499219 0.48768 0.951563 0.517428
1 0.499219 0.48768 0.951563 0.517428
101 0.505469 0.485502 0.960938 0.520583
77 0.505469 0.485502 0.960938 0.520583
102 0.503125 0.488882 0.957812 0.517428
110 0.507031 0.49091 0.960938 0.528996
8 0.503125 0.488882 0.95 0.522236
111 0.503125 0.488882 0.95 0.522236
6 0.501562 0.484976 0.954687 0.514423
99 0.503125 0.484976 0.9625 0.515625
9 0.503125 0.488882 0.95 0.522236
73 0.503125 0.488882 0.95 0.522236
100 0.503125 0.488882 0.95 0.522236
48 0.503125 0.488882 0.957812 0.517428
0 0.501562 0.484976 0.954687 0.514423
49 0.503125 0.488882 0.95 0.522236
67 0.503125 0.488882 0.957812 0.517428
51 0.503125 0.488882 0.95 0.522236
1 0.503125 0.488882 0.95 0.522236
29 0.507031 0.49091 0.960938 0.528996
12 0.507031 0.49091 0.960938 0.528996
101 0.507031 0.487906 0.979688 0.522987
77 0.503125 0.492488 0.970312 0.534255
102 0.510156 0.485652 0.973437 0.517879
110 0.507812 0.486253 0.979688 0.522686
111 0.503125 0.492488 0.970312 0.534255
6 0.512891 0.487079 0.967969 0.51863
68 0.512891 0.487079 0.967969 0.51863
67 0.512891 0.487079 0.967969 0.51863
48 0.512891 0.487079 0.967969 0.51863
8 0.512891 0.487079 0.967969 0.51863
100 0.503125 0.492488 0.970312 0.534255
49 0.503125 0.492488 0.970312 0.534255
99 0.503125 0.492488 0.970312 0.534255
0 0.512891 0.487079 0.967969 0.51863
73 0.5 0.495192 0.9625 0.53726
50 0.507812 0.486253 0.979688 0.522686
9 0.512891 0.487079 0.967969 0.51863
29 0.512891 0.487079 0.967969 0.51863
109 0.507031 0.488582 0.979688 0.522837
28 0.512891 0.487079 0.967969 0.51863
34 0.512891 0.487079 0.967969 0.51863
47 0.503125 0.492488 0.970312 0.534255
53 0.512891 0.487079 0.967969 0.51863
101 0.489062 0.483774 0.9125 0.514423
77 0.503906 0.486779 0.94375 0.521635
68 0.500781 0.487079 0.935938 0.513822
111 0.503906 0.486779 0.94375 0.521635
67 0.496875 0.484375 0.925 0.513221
102 0.499219 0.487906 0.948438 0.515775
6 0.489062 0.483774 0.9125 0.514423
34 0.489062 0.483774 0.9125 0.514423
110 0.503906 0.486779 0.94375 0.521635
48 0.499219 0.487906 0.948438 0.515775
17 0.489062 0.483774 0.9125 0.514423
12 0.489062 0.483774 0.9125 0.514423
49 0.500391 0.485276 0.946094 0.516226
3 0.489062 0.483774 0.9125 0.514423
28 0.489062 0.483774 0.9125 0.514423
95 0.489062 0.483774 0.9125 0.514423
27 0.489062 0.483774 0.9125 0.514423
9 0.489062 0.483774 0.9125 0.514423
29 0.489062 0.483774 0.9125 0.514423
8 0.503906 0.486779 0.94375 0.521635
25 0.489062 0.483774 0.9125 0.514423
109 0.500391 0.485276 0.946094 0.516226
100 0.505469 0.48768 0.951563 0.524639
20 0.489062 0.483774 0.9125 0.514423
78 0.500781 0.487079 0.935938 0.513822
24 0.496875 0.484375 0.925 0.513221
101 0.512891 0.484075 0.967969 0.516226
77 0.517187 0.48768 0.95625 0.524639
102 0.512891 0.484075 0.967969 0.516226
67 0.517187 0.48768 0.95625 0.524639
68 0.512891 0.484075 0.967969 0.516226
6 0.512891 0.484075 0.967969 0.516226
111 0.51875 0.491587 0.9625 0.538462
110 0.512891 0.484075 0.967969 0.516226
48 0.51875 0.491587 0.9625 0.538462
34 0.512891 0.484075 0.967969 0.516226
12 0.51875 0.491587 0.9625 0.538462
29 0.512891 0.484075 0.967969 0.516226
9 0.512891 0.484075 0.967969 0.516226
49 0.51875 0.491587 0.9625 0.538462
28 0.517187 0.48768 0.95625 0.524639
3 0.512891 0.484075 0.967969 0.516226
101 0.503125 0.4843 0.967188 0.516977
102 0.503125 0.489784 0.967188 0.508413
77 0.5 0.491887 0.953125 0.535457
110 0.5 0.491887 0.953125 0.535457
68 0.503125 0.489784 0.967188 0.508413
111 0.501562 0.493314 0.953125 0.536208
6 0.501562 0.493314 0.953125 0.536208
67 0.501562 0.493314 0.953125 0.536208
109 0.5 0.491887 0.953125 0.535457
29 0.50625 0.486779 0.964063 0.524038
9 0.501562 0.493314 0.953125 0.536208
34 0.5 0.491887 0.953125 0.535457
101 0.514453 0.493915 0.958594 0.526593
102 0.510156 0.487906 0.951563 0.512169
77 0.514453 0.493915 0.958594 0.526593
34 0.510938 0.48738 0.95 0.513221
6 0.507812 0.485502 0.945312 0.508564
8 0.507812 0.485502 0.945312 0.508564
49 0.516406 0.489483 0.957812 0.524639
9 0.507812 0.485502 0.945312 0.508564
110 0.507812 0.485502 0.945312 0.508564
4 0.516406 0.489483 0.957812 0.524639
25 0.510938 0.48738 0.95 0.513221
50 0.507812 0.485502 0.945312 0.508564
12 0.516406 0.489483 0.957812 0.524639
48 0.516406 0.489483 0.957812 0.524639
29 0.510938 0.48738 0.95 0.513221
101 0.505469 0.496394 0.960938 0.53125
102 0.507812 0.495718 0.971875 0.504958
77 0.507812 0.490685 0.970312 0.523438
68 0.499609 0.48445 0.985156 0.517879
67 0.510156 0.487079 0.967188 0.521034
110 0.507812 0.490685 0.970312 0.523438
109 0.507812 0.490685 0.970312 0.523438
6 0.510156 0.487079 0.967188 0.521034
95 0.507812 0.490685 0.970312 0.523438
34 0.507812 0.490685 0.970312 0.523438
111 0.507812 0.490685 0.970312 0.523438
53 0.499609 0.48445 0.985156 0.517879
29 0.507812 0.490685 0.970312 0.523438
68 0.500781 0.491511 0.964063 0.519381
101 0.505859 0.496995 0.947656 0.534856
67 0.503906 0.491286 0.954687 0.521034
77 0.50625 0.497521 0.9375 0.533804
102 0.505859 0.496995 0.947656 0.534856
53 0.503906 0.491286 0.954687 0.521034
109 0.50625 0.497521 0.9375 0.533804
111 0.50625 0.497521 0.9375 0.533804
95 0.505859 0.496995 0.947656 0.534856
6 0.50625 0.497521 0.9375 0.533804
110 0.505859 0.496995 0.947656 0.534856
52 0.503906 0.491286 0.954687 0.521034
101 0.499609 0.493089 0.953906 0.525841
77 0.5 0.493915 0.95 0.521785
102 0.506641 0.48768 0.964844 0.51262
110 0.499609 0.493089 0.953906 0.525841
68 0.506641 0.48768 0.964844 0.51262
49 0.506641 0.488882 0.961719 0.51262
67 0.506641 0.488882 0.961719 0.51262
48 0.5 0.493915 0.95 0.521785
50 0.499219 0.492788 0.979688 0.521635
6 0.5 0.493915 0.95 0.521785
53 0.506641 0.488882 0.961719 0.51262
76 0.506641 0.488882 0.961719 0.51262
29 0.5 0.493915 0.95 0.521785
95 0.506641 0.488882 0.961719 0.51262
109 0.499609 0.493089 0.953906 0.525841
51 0.506641 0.488882 0.961719 0.51262
19 0.5 0.493915 0.95 0.521785
77 0.503125 0.493915 0.948438 0.524189
101 0.499219 0.499099 0.951563 0.51863
102 0.498828 0.492488 0.958594 0.503005
110 0.503125 0.493915 0.948438 0.524189
111 0.503125 0.493915 0.948438 0.524189
99 0.500781 0.490385 0.95625 0.516827
77 0.427344 0.84976 0.709375 0.300481
101 0.427344 0.84976 0.709375 0.300481
68 0.501953 0.485577 0.983594 0.515625
77 0.495313 0.493465 0.965625 0.532302
101 0.494141 0.493314 0.974219 0.530198
102 0.489062 0.494065 0.96875 0.533504
67 0.509375 0.484901 0.964063 0.513371
110 0.497266 0.489709 0.986719 0.524189
109 0.498828 0.489709 0.980469 0.522987
111 0.495313 0.493465 0.965625 0.532302
6 0.498828 0.489709 0.980469 0.522987
95 0.509375 0.484901 0.964063 0.513371
53 0.509375 0.484901 0.964063 0.513371
48 0.495313 0.493465 0.965625 0.532302
50 0.489062 0.494065 0.96875 0.533504
84 0.495313 0.493465 0.965625 0.532302
101 0.507422 0.489709 0.957031 0.518179
95 0.507422 0.489709 0.957031 0.518179
77 0.510156 0.495793 0.94375 0.534856
50 0.504297 0.490685 0.967969 0.519832
102 0.507422 0.489709 0.957031 0.518179
109 0.510156 0.495793 0.94375 0.534856
68 0.507422 0.489709 0.957031 0.518179
111 0.518359 0.496995 0.963281 0.542067
76 0.505078 0.493089 0.960156 0.524639
110 0.505859 0.494291 0.941406 0.535457
49 0.510156 0.495793 0.94375 0.534856
67 0.507422 0.489709 0.957031 0.518179
53 0.507422 0.489709 0.957031 0.518179
46 0.510156 0.495793 0.94375 0.534856
48 0.510156 0.495793 0.94375 0.534856
84 0.510156 0.495793 0.94375 0.534856
66 0.505078 0.493089 0.960156 0.524639
75 0.505078 0.493089 0.960156 0.524639
97 0.504297 0.490685 0.967969 0.519832
103 0.505078 0.493089 0.960156 0.524639
47 0.518359 0.496995 0.963281 0.542067
54 0.510156 0.495793 0.94375 0.534856
99 0.510156 0.495793 0.94375 0.534856
80 0.507031 0.490084 0.953125 0.51863
100 0.510156 0.495793 0.94375 0.534856
52 0.507422 0.489709 0.957031 0.518179
74 0.505078 0.493089 0.960156 0.524639
78 0.507422 0.489709 0.957031 0.518179
34 0.504297 0.490685 0.967969 0.519832
104 0.507031 0.490084 0.953125 0.51863
73 0.518359 0.496995 0.963281 0.542067
16 0.0857422 0.447416 0.0800781 0.0997596
101 0.505078 0.491061 0.939844 0.521484
68 0.510156 0.487079 0.954687 0.516226
77 0.508594 0.48768 0.940625 0.51863
67 0.510156 0.486178 0.954687 0.515625
95 0.510156 0.486178 0.954687 0.515625
102 0.510156 0.486178 0.954687 0.515625
109 0.508594 0.485652 0.948438 0.511869
111 0.508594 0.485652 0.948438 0.511869
110 0.510156 0.487906 0.954687 0.515775
53 0.510156 0.486178 0.954687 0.515625
49 0.508594 0.48768 0.940625 0.51863
52 0.510156 0.486178 0.954687 0.515625
78 0.510156 0.487906 0.954687 0.515775
56 0.509375 0.488507 0.948438 0.516977
6 0.508594 0.485652 0.948438 0.511869
84 0.508594 0.485652 0.948438 0.511869
101 0.504297 0.0186486 0.933594 0.0372972
50 0.510156 0.487906 0.954687 0.515775
66 0.510156 0.487906 0.954687 0.515775
100 0.510156 0.487906 0.954687 0.515775
12 0.508594 0.48768 0.940625 0.51863
3 0.508594 0.48768 0.940625 0.51863
17 0.508594 0.48768 0.940625 0.51863
48 0.510156 0.487906 0.954687 0.515775
101 0.508984 0.490986 0.935156 0.524038
68 0.508984 0.48738 0.946094 0.513221
102 0.508984 0.48738 0.946094 0.513221
77 0.499219 0.488056 0.94375 0.515475
67 0.499219 0.488056 0.94375 0.515475
53 0.499219 0.488056 0.94375 0.515475
48 0.499219 0.488056 0.94375 0.515475
49 0.499219 0.488056 0.94375 0.515475
110 0.499219 0.488056 0.94375 0.515475
6 0.499219 0.488056 0.94375 0.515475
50 0.499219 0.488056 0.94375 0.515475
52 0.499219 0.488056 0.94375 0.515475
76 0.499219 0.488056 0.94375 0.515475
17 0.499219 0.488056 0.94375 0.515475
95 0.499219 0.488056 0.94375 0.515475
100 0.499219 0.488056 0.94375 0.515475
68 0.503516 0.488657 0.980469 0.516677
101 0.505469 0.490084 0.960938 0.522236
102 0.507031 0.488281 0.95625 0.519832
77 0.513672 0.491887 0.960156 0.525841
102 0.485156 0.02186 0.967188 0.04372
101 0.485156 0.02186 0.967188 0.04372
110 0.507812 0.490685 0.9625 0.51863
74 0.513281 0.493089 0.960938 0.524639
109 0.513672 0.491887 0.960156 0.525841
95 0.513672 0.491887 0.960156 0.525841
50 0.507031 0.491587 0.964063 0.519231
67 0.503516 0.488657 0.980469 0.516677
76 0.503125 0.489784 0.960938 0.522837
33 0.83125 0.158654 0.021875 0.0405649
66 0.513281 0.493089 0.960938 0.524639
102 0.493359 0.216196 0.980469 0.432392
53 0.503516 0.488657 0.980469 0.516677
19 0.513672 0.491887 0.960156 0.525841
102 0.49375 0.12192 0.979688 0.24384
17 0.513672 0.491887 0.960156 0.525841
29 0.513672 0.491887 0.960156 0.525841
101 0.507031 0.49369 0.967188 0.531851
68 0.504687 0.485652 0.96875 0.517879
77 0.501172 0.48768 0.942969 0.524639
67 0.505469 0.486178 0.967188 0.518029
102 0.504297 0.486478 0.969531 0.521034
53 0.501562 0.486478 0.959375 0.522236
95 0.501562 0.486478 0.959375 0.522236
111 0.501562 0.486478 0.959375 0.522236
6 0.501562 0.486478 0.959375 0.522236
52 0.501562 0.486478 0.959375 0.522236
48 0.501562 0.486478 0.959375 0.522236
110 0.501562 0.486478 0.959375 0.522236
109 0.501562 0.486478 0.959375 0.522236
84 0.501562 0.486478 0.959375 0.522236
49 0.507812 0.492488 0.960938 0.533053
51 0.501562 0.486478 0.959375 0.522236
78 0.504297 0.486478 0.969531 0.521034
50 0.501562 0.486478 0.959375 0.522236
2 0.501562 0.486478 0.959375 0.522236
66 0.507031 0.49369 0.967188 0.531851
17 0.501172 0.48768 0.942969 0.524639
100 0.501172 0.48768 0.942969 0.524639
101 0.503906 0.49369 0.959375 0.524639
68 0.507422 0.487981 0.975781 0.515625
77 0.503125 0.492488 0.95625 0.527043
102 0.508203 0.488056 0.958594 0.516677
95 0.508203 0.488056 0.957031 0.519081
67 0.508203 0.488056 0.957031 0.519081
109 0.507031 0.489784 0.964063 0.520433
6 0.503125 0.492488 0.95625 0.527043
110 0.507031 0.491662 0.967188 0.520282
28 0.503125 0.492488 0.95625 0.527043
53 0.509766 0.49046 0.961719 0.516677
111 0.503125 0.492488 0.95625 0.527043
17 0.508203 0.488056 0.957031 0.519081
52 0.509766 0.49046 0.961719 0.516677
68 0.522656 0.491587 0.951563 0.519231
102 0.522656 0.491587 0.951563 0.519231
101 0.514844 0.494892 0.967188 0.522236
50 0.519922 0.492188 0.955469 0.521635
76 0.519922 0.492188 0.955469 0.521635
74 0.519922 0.492188 0.955469 0.521635
77 0.514844 0.494892 0.967188 0.522236
101 0.501953 0.0119441 0.971094 0.0238882
17 0.519922 0.492188 0.955469 0.521635
48 0.519922 0.492188 0.955469 0.521635
101 0.501953 0.497596 0.939844 0.53125
102 0.513281 0.490385 0.960938 0.524038
68 0.507812 0.489183 0.970312 0.522837
77 0.501953 0.497596 0.939844 0.53125
109 0.510156 0.490685 0.954687 0.521034
110 0.510156 0.490685 0.954687 0.521034
95 0.501953 0.497596 0.939844 0.53125
67 0.501953 0.497596 0.939844 0.53125
50 0.513281 0.490385 0.960938 0.524038
111 0.501953 0.497596 0.939844 0.53125
66 0.503906 0.494666 0.951563 0.5311
101 0.499219 0.0109863 0.964063 0.0219727
49 0.508984 0.491286 0.969531 0.525841
76 0.510156 0.490685 0.954687 0.521034
101 0.496875 0.49707 0.9375 0.528696
110 0.502344 0.489183 0.945312 0.516827
102 0.501172 0.491511 0.963281 0.515775
77 0.502344 0.489183 0.945312 0.516827
95 0.497266 0.495868 0.922656 0.526292
68 0.496875 0.49707 0.9375 0.528696
50 0.507031 0.49031 0.953125 0.512169
109 0.497266 0.495868 0.922656 0.526292
111 0.502344 0.489183 0.945312 0.516827
76 0.497656 0.491887 0.95 0.51863
67 0.497266 0.495868 0.922656 0.526292
84 0.502344 0.489183 0.945312 0.516827
100 0.497266 0.495868 0.922656 0.526292
99 0.502344 0.489183 0.945312 0.516827
6 0.497266 0.495868 0.922656 0.526292
34 0.497266 0.495868 0.922656 0.526292
97 0.502344 0.489183 0.945312 0.516827
51 0.500781 0.489108 0.971875 0.519381
19 0.497266 0.495868 0.922656 0.526292
49 0.497266 0.495868 0.922656 0.526292
74 0.500781 0.489108 0.971875 0.519381
48 0.507031 0.49031 0.953125 0.512169
73 0.500781 0.489108 0.971875 0.519381
29 0.497266 0.495868 0.922656 0.526292
68 0.514063 0.486779 0.939062 0.516827
101 0.505078 0.49369 0.946094 0.524639
102 0.508594 0.494516 0.957812 0.516977
77 0.49375 0.496995 0.90625 0.530048
110 0.49375 0.496995 0.90625 0.530048
109 0.49375 0.496995 0.90625 0.530048
67 0.513281 0.490385 0.946875 0.519231
111 0.49375 0.496995 0.90625 0.530048
6 0.49375 0.496995 0.90625 0.530048
95 0.49375 0.496995 0.90625 0.530048
68 0.507812 0.486704 0.96875 0.513371
101 0.509375 0.489258 0.965625 0.517879
102 0.508984 0.491286 0.969531 0.51863
67 0.5125 0.48768 0.957812 0.515024
77 0.509375 0.489258 0.965625 0.517879
95 0.509375 0.486704 0.959375 0.509766
6 0.507031 0.493389 0.932813 0.524038
109 0.509375 0.486704 0.959375 0.509766
53 0.509375 0.486704 0.959375 0.509766
110 0.509375 0.489258 0.965625 0.517879
111 0.509375 0.486704 0.959375 0.509766
19 0.507031 0.493389 0.932813 0.524038
76 0.509375 0.486704 0.959375 0.509766
101 0.492578 0.0129395 0.961719 0.0258789
101 0.505078 0.495868 0.936719 0.534706
102 0.512891 0.487305 0.964844 0.514573
77 0.5125 0.49091 0.965625 0.521785
68 0.510156 0.485051 0.967188 0.520282
110 0.516016 0.48768 0.960156 0.519832
6 0.504297 0.495192 0.927344 0.53125
67 0.516016 0.48768 0.960156 0.519832
24 0.504297 0.495192 0.927344 0.53125
51 0.516016 0.48768 0.960156 0.519832
48 0.516016 0.48768 0.960156 0.519832
99 0.516016 0.48768 0.960156 0.519832
100 0.516016 0.48768 0.960156 0.519832
111 0.516016 0.48768 0.960156 0.519832
101 0.492578 0.0127517 0.971094 0.0255033
76 0.516016 0.48768 0.960156 0.519832
53 0.510156 0.485051 0.967188 0.520282
101 0.514844 0.494065 0.967188 0.5311
102 0.514844 0.487455 0.967188 0.52509
77 0.507031 0.496995 0.948438 0.53726
68 0.514844 0.489108 0.970312 0.526593
110 0.516406 0.489483 0.960938 0.523438
6 0.507031 0.496995 0.948438 0.53726
67 0.514844 0.487455 0.967188 0.52509
76 0.516406 0.489483 0.960938 0.523438
99 0.514844 0.487455 0.967188 0.52509
95 0.516406 0.489483 0.960938 0.523438
51 0.514844 0.487455 0.967188 0.52509
27 0.507031 0.496995 0.948438 0.53726
50 0.514844 0.489108 0.970312 0.526593
101 0.5125 0.491587 0.9625 0.519231
102 0.517187 0.487906 0.959375 0.514573
68 0.510156 0.486103 0.976562 0.512169
77 0.5125 0.491587 0.9625 0.519231
110 0.514063 0.489709 0.9625 0.518179
67 0.5125 0.491587 0.9625 0.519231
50 0.514063 0.485877 0.9625 0.51262
74 0.510156 0.486103 0.976562 0.512169
6 0.5125 0.491587 0.9625 0.519231
53 0.514063 0.488882 0.9625 0.515024
48 0.5125 0.491587 0.9625 0.519231
101 0.514844 0.486103 0.964063 0.518179
77 0.514063 0.487906 0.9625 0.518179
68 0.510938 0.483774 0.9625 0.513221
102 0.510938 0.483774 0.9625 0.513221
67 0.510938 0.483774 0.9625 0.513221
6 0.514063 0.487906 0.9625 0.518179
110 0.515625 0.4843 0.960938 0.514573
111 0.517187 0.484976 0.957812 0.515625
53 0.510938 0.483774 0.9625 0.513221
109 0.514063 0.487906 0.9625 0.518179
52 0.510938 0.483774 0.9625 0.513221
48 0.510938 0.483774 0.9625 0.513221
51 0.515625 0.4843 0.960938 0.514573
95 0.510938 0.483774 0.9625 0.513221
101 0.511328 0.488882 0.961719 0.527043
102 0.506641 0.483849 0.971094 0.514273
68 0.506641 0.483849 0.971094 0.514273
77 0.510938 0.489709 0.95625 0.522987
101 0.485156 0.0249023 0.964063 0.0498047
110 0.509375 0.485877 0.96875 0.513822
102 0.485156 0.0249023 0.964063 0.0498047
24 0.510938 0.489709 0.95625 0.522987
67 0.510938 0.489709 0.95625 0.522987
6 0.510938 0.489709 0.95625 0.522987
0 0.130273 0.14393 0.0644531 0.0330529
100 0.508594 0.485877 0.965625 0.51262
74 0.506641 0.483849 0.971094 0.514273
109 0.509375 0.485877 0.96875 0.513822
77 0.485156 0.0249023 0.964063 0.0498047
6 0.0775635 0.0465933 0.0808105 0.0243014
76 0.508594 0.485877 0.965625 0.51262
101 0.516406 0.492488 0.967188 0.529447
102 0.510938 0.486779 0.975 0.518029
68 0.510938 0.486779 0.975 0.518029
77 0.516406 0.491887 0.960938 0.528245
110 0.510938 0.488507 0.978125 0.524189
101 0.492188 0.0255409 0.984375 0.0510817
102 0.492188 0.0255409 0.984375 0.0510817
74 0.513281 0.486704 0.973437 0.518179
95 0.516406 0.491887 0.960938 0.528245
50 0.513281 0.486704 0.973437 0.518179
76 0.510938 0.487079 0.971875 0.51863
109 0.510938 0.487079 0.971875 0.51863
100 0.513281 0.486704 0.973437 0.518179
67 0.510938 0.488507 0.978125 0.524189
101 0.5125 0.491662 0.964063 0.519081
102 0.513281 0.489859 0.967188 0.521484
68 0.513281 0.489859 0.967188 0.521484
101 0.502344 0.0304237 0.982813 0.0608474
102 0.502344 0.0304237 0.982813 0.0608474
77 0.5125 0.491662 0.964063 0.519081
74 0.513281 0.489859 0.967188 0.521484
110 0.510938 0.490385 0.9625 0.519231
77 0.502344 0.0304237 0.982813 0.0608474
101 0.513672 0.496394 0.936719 0.53125
102 0.517187 0.489258 0.964063 0.526292
68 0.517187 0.489258 0.964063 0.526292
77 0.513672 0.496394 0.936719 0.53125
102 0.502344 0.019043 0.979688 0.0380859
101 0.502344 0.019043 0.979688 0.0380859
74 0.515625 0.492788 0.9625 0.516827
110 0.513281 0.490986 0.964063 0.522837
101 0.516406 0.494892 0.945312 0.531851
102 0.518359 0.487981 0.963281 0.524038
77 0.514063 0.491286 0.970312 0.522236
110 0.517187 0.488882 0.957812 0.519832
99 0.517969 0.489784 0.964063 0.521635
68 0.518359 0.487981 0.963281 0.524038
74 0.518359 0.487981 0.963281 0.524038
101 0.496875 0.0113431 0.98125 0.0226863
101 0.515234 0.492488 0.969531 0.523438
77 0.516406 0.492788 0.967188 0.519231
110 0.515625 0.489784 0.959375 0.522837
102 0.514063 0.491511 0.959375 0.510968
99 0.515625 0.489784 0.959375 0.522837
50 0.514063 0.491511 0.959375 0.510968
111 0.515234 0.492488 0.969531 0.523438
100 0.515625 0.489784 0.959375 0.522837
76 0.515625 0.489784 0.959375 0.522837
74 0.515625 0.489784 0.959375 0.522837
47 0.515234 0.492488 0.969531 0.523438
51 0.515234 0.49031 0.964844 0.516977
109 0.515625 0.489784 0.959375 0.522837
68 0.514063 0.491511 0.959375 0.510968
101 0.512109 0.492188 0.971094 0.522837
102 0.514063 0.486779 0.965625 0.519231
77 0.512109 0.492188 0.971094 0.522837
68 0.514063 0.486779 0.965625 0.519231
110 0.513672 0.487981 0.964844 0.516827
74 0.514063 0.486779 0.965625 0.519231
101 0.511719 0.493089 0.945312 0.527043
102 0.509375 0.484901 0.971875 0.521785
68 0.509375 0.484901 0.971875 0.521785
102 0.502344 0.0712891 0.990625 0.142578
101 0.502344 0.0712891 0.990625 0.142578
77 0.509375 0.491887 0.971875 0.521034
102 0.499609 0.0195312 0.989844 0.0390625
74 0.509375 0.484901 0.971875 0.521785
101 0.499609 0.0195312 0.989844 0.0390625
24 0.511719 0.493089 0.945312 0.527043
101 0.510938 0.494666 0.953125 0.532302
102 0.517187 0.486854 0.954687 0.515475
68 0.517187 0.486854 0.954687 0.515475
77 0.510938 0.491511 0.9625 0.521785
102 0.505469 0.0673828 0.9875 0.134766
101 0.505469 0.0673828 0.9875 0.134766
102 0.50625 0.0206956 0.98125 0.0413912
74 0.517187 0.486854 0.954687 0.515475
24 0.5125 0.49399 0.95 0.53125
101 0.514844 0.49399 0.95625 0.526442
102 0.513281 0.49046 0.967188 0.515475
101 0.501562 0.0216346 0.979688 0.0432692
102 0.501562 0.0216346 0.979688 0.0432692
68 0.513281 0.49046 0.967188 0.515475
77 0.509766 0.494666 0.958594 0.527494
110 0.514063 0.488582 0.964063 0.518029
24 0.514844 0.49399 0.95625 0.526442
74 0.513281 0.49046 0.967188 0.515475
102 0.508203 0.0712139 0.983594 0.142428
101 0.510938 0.495793 0.978125 0.53726
102 0.510938 0.489183 0.959375 0.515625
68 0.508594 0.49031 0.965625 0.512169
101 0.494531 0.0196064 0.989062 0.0392127
77 0.510938 0.495793 0.978125 0.53726
102 0.494531 0.0196064 0.989062 0.0392127
101 0.496094 0.292067 0.992188 0.584135
102 0.496094 0.292067 0.992188 0.584135
102 0.511328 0.49031 0.955469 0.518179
101 0.514844 0.496695 0.964063 0.542668
68 0.507812 0.49046 0.959375 0.514273
77 0.509766 0.494065 0.941406 0.537109
101 0.498828 0.0147611 0.980469 0.0295222
102 0.498828 0.0147611 0.980469 0.0295222
74 0.507812 0.49046 0.959375 0.514273
102 0.514453 0.487906 0.960156 0.514573
101 0.517578 0.495793 0.964844 0.536058
68 0.511328 0.488582 0.964844 0.513221
77 0.510938 0.492864 0.945312 0.5311
102 0.497656 0.0101788 0.976562 0.0203576
102 0.510156 0.484675 0.964063 0.519832
101 0.515234 0.490986 0.963281 0.528846
68 0.509375 0.488582 0.964063 0.512019
77 0.515234 0.490986 0.963281 0.528846
16 0.013501 0.459736 0.0218262 0.0492788
74 0.509375 0.488582 0.964063 0.512019
0 0.133105 0.135968 0.0580078 0.0261418
102 0.510156 0.48738 0.953125 0.520433
101 0.5125 0.491511 0.9625 0.522987
77 0.5125 0.494291 0.951563 0.533053
68 0.510156 0.488281 0.960938 0.515024
110 0.511719 0.489183 0.959375 0.520433
16 0.0136475 0.460337 0.0212402 0.0492788
102 0.503125 0.0182166 0.978125 0.0364333
102 0.512109 0.48738 0.961719 0.516827
101 0.510938 0.493389 0.953125 0.527644
77 0.510938 0.493389 0.953125 0.527644
102 0.496875 0.0155499 0.985937 0.0310998
68 0.510938 0.488582 0.965625 0.513221
101 0.496875 0.0155499 0.985937 0.0310998
16 0.0132568 0.461538 0.0211914 0.0528846
102 0.510938 0.48768 0.959375 0.516226
101 0.508594 0.494065 0.948438 0.528696
77 0.510547 0.494516 0.955469 0.528996
68 0.510547 0.490084 0.963281 0.515024
102 0.496094 0.0176908 0.982813 0.0353816
102 0.501172 0.0702374 0.988281 0.140475
16 0.0135254 0.460938 0.0214844 0.0516827
102 0.510156 0.486478 0.967188 0.522236
101 0.507031 0.49399 0.954687 0.530048
68 0.510156 0.489859 0.96875 0.517879
77 0.507031 0.49399 0.954687 0.530048
102 0.499219 0.0138033 0.985937 0.0276067
102 0.510938 0.488056 0.964063 0.52509
101 0.514844 0.495493 0.957812 0.530649
68 0.505469 0.486253 0.96875 0.522686
102 0.499219 0.017165 0.989062 0.0343299
77 0.513281 0.493465 0.9625 0.523888
30 0.0960938 0.97506 0.191016 0.0498798
16 0.0135742 0.460337 0.0223145 0.0528846
16 0.0187988 0.451923 0.0298828 0.0649038
102 0.513281 0.491286 0.959375 0.524639
101 0.517187 0.494666 0.95625 0.529898
68 0.507812 0.487906 0.964063 0.519381
102 0.499219 0.0193059 0.990625 0.0386118
30 0.0951172 0.974159 0.184375 0.0516827
77 0.517187 0.494666 0.95625 0.529898
101 0.499219 0.0193059 0.990625 0.0386118
102 0.509375 0.489784 0.95625 0.524038
101 0.514453 0.495267 0.957031 0.532302
68 0.510156 0.48738 0.954687 0.519231
77 0.514453 0.495267 0.957031 0.532302
102 0.497656 0.0208083 0.989062 0.0416166
101 0.497656 0.0208083 0.989062 0.0416166
30 0.0956787 0.970553 0.183643 0.0588942
101 0.517187 0.496094 0.959375 0.534255
102 0.510938 0.489183 0.960938 0.52524
68 0.510938 0.487079 0.959375 0.521034
77 0.514063 0.492188 0.959375 0.526442
102 0.495703 0.0237004 0.983594 0.0474008
102 0.4875 0.0701623 0.975 0.140325
101 0.495703 0.0237004 0.983594 0.0474008
101 0.499609 0.0770733 0.991406 0.154147
101 0.517187 0.496094 0.959375 0.533053
102 0.510938 0.489258 0.95625 0.52509
68 0.508594 0.486253 0.959375 0.520282
101 0.497656 0.111929 0.989062 0.223858
101 0.499219 0.0201322 0.989062 0.0402644
102 0.499219 0.0201322 0.989062 0.0402644
102 0.485938 0.0823317 0.971875 0.164663
77 0.513672 0.491887 0.960156 0.528245
101 0.498047 0.185998 0.986719 0.371995
101 0.515625 0.495793 0.95625 0.532452
102 0.510547 0.488882 0.957031 0.524639
102 0.503516 0.0245643 0.986719 0.0491286
101 0.503516 0.0245643 0.986719 0.0491286
77 0.513281 0.490986 0.9625 0.527644
102 0.497656 0.133263 0.990625 0.266526
101 0.497656 0.133263 0.990625 0.266526
68 0.510938 0.491587 0.9625 0.518029
102 0.510938 0.48768 0.957812 0.522236
101 0.510547 0.494666 0.950781 0.529898
102 0.502734 0.0269681 0.985156 0.0539363
102 0.492188 0.0458984 0.984375 0.0917969
68 0.510938 0.491662 0.965625 0.515475
77 0.511719 0.493314 0.967188 0.520583
101 0.502734 0.0269681 0.985156 0.0539363
102 0.495703 0.104192 0.986719 0.208383
102 0.507812 0.489183 0.964063 0.524038
101 0.50625 0.494892 0.951563 0.530649
102 0.502344 0.0432317 0.985937 0.0864633
101 0.502344 0.0432317 0.985937 0.0864633
77 0.509375 0.493314 0.971875 0.520583
101 0.498437 0.164213 0.9875 0.328425
102 0.498437 0.164213 0.9875 0.328425
102 0.507422 0.491286 0.964844 0.528245
101 0.504687 0.495493 0.95 0.531851
102 0.500781 0.0432692 0.985937 0.0865385
101 0.500781 0.0432692 0.985937 0.0865385
77 0.509375 0.492188 0.96875 0.527644
102 0.498437 0.210186 0.984375 0.420373
101 0.498437 0.210186 0.984375 0.420373
102 0.50625 0.491887 0.965625 0.528245
101 0.505469 0.495493 0.948438 0.533053
102 0.498828 0.042518 0.986719 0.0850361
101 0.498828 0.042518 0.986719 0.0850361
77 0.505469 0.495493 0.948438 0.533053
102 0.499219 0.225361 0.98125 0.450721
102 0.50625 0.493389 0.96875 0.530048
101 0.50625 0.496394 0.95 0.534856
77 0.50625 0.496394 0.95 0.534856
102 0.499219 0.0406025 0.989062 0.0812049
50 0.794922 0.170523 0.410156 0.341046
101 0.499219 0.0406025 0.989062 0.0812049
102 0.50625 0.494065 0.96875 0.532302
101 0.50625 0.496695 0.946875 0.535457
50 0.783203 0.173978 0.433594 0.347957
77 0.50625 0.496695 0.946875 0.535457
102 0.495313 0.0606971 0.979688 0.121394
102 0.606641 0.252855 0.786719 0.505709
50 0.145605 0.0828576 0.291211 0.165715
102 0.507031 0.494065 0.96875 0.532302
101 0.510938 0.496469 0.946875 0.535907
50 0.767773 0.161659 0.464453 0.323317
77 0.511328 0.49369 0.967969 0.524639
50 0.842969 0.0765475 0.314063 0.153095
50 0.720312 0.080003 0.559375 0.160006
50 0.140625 0.0827825 0.28125 0.165565
102 0.495703 0.0614483 0.980469 0.122897
48 0.767773 0.161659 0.464453 0.323317
102 0.607031 0.251052 0.785937 0.502103
102 0.505859 0.495117 0.963281 0.533804
101 0.510547 0.497521 0.942969 0.53741
50 0.745703 0.166617 0.508594 0.333233
77 0.510938 0.494065 0.964063 0.526292
50 0.831055 0.0797025 0.337891 0.159405
50 0.70625 0.0836839 0.5875 0.167368
102 0.493359 0.0557767 0.978906 0.111553
50 0.141309 0.0842097 0.282617 0.168419
48 0.745703 0.166617 0.508594 0.333233
102 0.505078 0.496394 0.960156 0.53726
101 0.511719 0.498723 0.940625 0.538612
50 0.738672 0.169772 0.522656 0.339543
50 0.832031 0.0819561 0.335938 0.163912
50 0.701172 0.0863131 0.597656 0.172626
77 0.511719 0.498723 0.940625 0.538612
102 0.492969 0.0527719 0.979688 0.105544
50 0.136719 0.0872897 0.273438 0.174579
50 0.652051 0.206731 0.695898 0.413462
102 0.503516 0.496995 0.958594 0.53726
101 0.510547 0.498272 0.941406 0.538311
50 0.745703 0.161358 0.508594 0.322716
77 0.510547 0.498272 0.941406 0.538311
50 0.712109 0.0854868 0.575781 0.170974
50 0.84082 0.0814303 0.318359 0.162861
102 0.492188 0.0459736 0.976562 0.0919471
102 0.503125 0.496995 0.959375 0.53726
101 0.507812 0.497671 0.939062 0.538311
50 0.735547 0.0833834 0.528906 0.166767
50 0.855469 0.0793269 0.289062 0.158654
50 0.770312 0.161058 0.459375 0.322115
77 0.504687 0.497671 0.971875 0.537109
102 0.489844 0.0460487 0.973437 0.0920974
50 0.130469 0.0860126 0.260938 0.172025
101 0.508594 0.497521 0.940625 0.53741
102 0.503125 0.496394 0.959375 0.536058
50 0.858789 0.0763972 0.282422 0.152794
50 0.742969 0.0809044 0.514063 0.161809
77 0.503516 0.497296 0.971094 0.536659
50 0.770312 0.178786 0.459375 0.357572
102 0.488281 0.0406025 0.96875 0.0812049
48 0.858789 0.0763972 0.282422 0.152794
101 0.507812 0.49707 0.940625 0.537109
102 0.503906 0.496094 0.95625 0.534255
50 0.859766 0.0745192 0.280469 0.149038
77 0.508594 0.493915 0.959375 0.527794
50 0.739453 0.0785757 0.521094 0.157151
68 0.505859 0.492788 0.963281 0.524038
50 0.763281 0.170823 0.473437 0.341647
102 0.486719 0.0368089 0.967188 0.0736178
50 0.129297 0.0820312 0.258594 0.164062
48 0.859766 0.0745192 0.280469 0.149038
49 0.859766 0.0745192 0.280469 0.149038
101 0.507812 0.496319 0.940625 0.536208
102 0.505469 0.495117 0.954687 0.532602
50 0.848047 0.0728666 0.303906 0.145733
77 0.510156 0.493389 0.957812 0.527644
50 0.717188 0.0772987 0.565625 0.154597
68 0.507812 0.492188 0.960938 0.522837
48 0.848047 0.0728666 0.303906 0.145733
102 0.486719 0.0354943 0.967188 0.0709886
50 0.135547 0.0803035 0.271094 0.160607
50 0.734375 0.16256 0.53125 0.32512
49 0.848047 0.0728666 0.303906 0.145733
101 0.506641 0.496094 0.936719 0.536659
102 0.50625 0.494591 0.95 0.532452
50 0.676953 0.0778245 0.646094 0.155649
77 0.510156 0.493089 0.954687 0.527043
50 0.8 0.0721154 0.4 0.144231
68 0.508594 0.492188 0.95625 0.522837
50 0.815625 0.298678 0.36875 0.597356
102 0.489062 0.0358699 0.967188 0.0717398
50 0.145605 0.0785006 0.291211 0.157001
50 0.671484 0.17503 0.657031 0.35006
48 0.8 0.0721154 0.4 0.144231
48 0.676953 0.0778245 0.646094 0.155649
101 0.505469 0.496094 0.932813 0.536659
102 0.507031 0.494591 0.945312 0.532452
50 0.66377 0.0783504 0.672461 0.156701
50 0.762109 0.0718149 0.475781 0.14363
50 0.755859 0.301983 0.488281 0.603966
77 0.510156 0.493314 0.951563 0.526593
50 0.653906 0.177734 0.692187 0.355469
68 0.509375 0.492263 0.953125 0.522686
102 0.489844 0.0360577 0.96875 0.0721154
50 0.15332 0.0769231 0.306641 0.153846
48 0.66377 0.0783504 0.672461 0.156701
48 0.762109 0.0718149 0.475781 0.14363
101 0.503906 0.496319 0.93125 0.536208
102 0.507422 0.494591 0.942969 0.532452
50 0.663281 0.0780499 0.673437 0.1561
50 0.739844 0.305288 0.520312 0.610577
50 0.771289 0.0715895 0.457422 0.143179
77 0.509375 0.493465 0.95 0.526292
68 0.509375 0.492488 0.951563 0.522236
50 0.652734 0.186298 0.694531 0.372596
48 0.663281 0.0780499 0.673437 0.1561
102 0.489062 0.0356821 0.967188 0.0713642
49 0.663281 0.0780499 0.673437 0.1561
50 0.153027 0.0755709 0.306055 0.151142
48 0.771289 0.0715895 0.457422 0.143179
49 0.771289 0.0715895 0.457422 0.143179
47 0.771289 0.0715895 0.457422 0.143179
47 0.663281 0.0780499 0.673437 0.1561
76 0.771289 0.0715895 0.457422 0.143179
76 0.663281 0.0780499 0.673437 0.1561
101 0.503906 0.496394 0.929688 0.536058
102 0.508203 0.494065 0.942969 0.5311
50 0.659766 0.0773738 0.680469 0.154748
50 0.716797 0.302284 0.566406 0.604567
50 0.753125 0.0714393 0.49375 0.142879
48 0.659766 0.0773738 0.680469 0.154748
77 0.510156 0.49369 0.95 0.525841
50 0.650391 0.178936 0.699219 0.357873
68 0.510156 0.492188 0.951563 0.521635
49 0.659766 0.0773738 0.680469 0.154748
102 0.488672 0.0358323 0.967969 0.0716647
48 0.753125 0.0714393 0.49375 0.142879
50 0.154785 0.0765475 0.30957 0.153095
49 0.753125 0.0714393 0.49375 0.142879
47 0.659766 0.0773738 0.680469 0.154748
76 0.659766 0.0773738 0.680469 0.154748
47 0.753125 0.0714393 0.49375 0.142879
76 0.753125 0.0714393 0.49375 0.142879
110 0.716797 0.302284 0.566406 0.604567
101 0.503125 0.496319 0.928125 0.536208
102 0.508594 0.49399 0.942187 0.53125
50 0.65752 0.078125 0.684961 0.15625
50 0.698828 0.299279 0.602344 0.598558
48 0.65752 0.078125 0.684961 0.15625
49 0.65752 0.078125 0.684961 0.15625
102 0.488281 0.0361704 0.967188 0.0723407
50 0.649707 0.191256 0.700586 0.382512
47 0.65752 0.078125 0.684961 0.15625
76 0.65752 0.078125 0.684961 0.15625
99 0.65752 0.078125 0.684961 0.15625
110 0.65752 0.078125 0.684961 0.15625
77 0.510156 0.49369 0.95 0.525841
110 0.698828 0.299279 0.602344 0.598558
99 0.698828 0.299279 0.602344 0.598558
101 0.502344 0.496695 0.926562 0.536659
102 0.508594 0.49399 0.945312 0.53125
50 0.656543 0.0801532 0.686914 0.160306
50 0.694531 0.301683 0.610937 0.603365
48 0.656543 0.0801532 0.686914 0.160306
49 0.656543 0.0801532 0.686914 0.160306
102 0.488281 0.0380108 0.967188 0.0760216
50 0.65 0.196364 0.7 0.392728
47 0.656543 0.0801532 0.686914 0.160306
76 0.656543 0.0801532 0.686914 0.160306
110 0.656543 0.0801532 0.686914 0.160306
99 0.656543 0.0801532 0.686914 0.160306
110 0.694531 0.301683 0.610937 0.603365
99 0.694531 0.301683 0.610937 0.603365
101 0.501953 0.49692 0.927344 0.53741
102 0.508594 0.492263 0.951563 0.529898
50 0.655176 0.0790264 0.689648 0.158053
50 0.686426 0.29988 0.627148 0.59976
102 0.488281 0.0386869 0.96875 0.0773738
49 0.655176 0.0790264 0.689648 0.158053
48 0.655176 0.0790264 0.689648 0.158053
77 0.500781 0.497521 0.923437 0.538612
50 0.649316 0.203425 0.701367 0.406851
102 0.48125 0.0734675 0.9625 0.146935
47 0.655176 0.0790264 0.689648 0.158053
102 0.508594 0.492713 0.951563 0.530198
101 0.501953 0.49692 0.927344 0.53741
50 0.654004 0.0785006 0.691992 0.157001
50 0.680859 0.296274 0.638281 0.592548
102 0.489062 0.0372221 0.96875 0.0744441
49 0.654004 0.0785006 0.691992 0.157001
77 0.500781 0.497296 0.923437 0.539062
48 0.654004 0.0785006 0.691992 0.157001
102 0.48125 0.0740685 0.9625 0.148137
76 0.500781 0.497296 0.923437 0.539062
102 0.507812 0.492713 0.953125 0.530198
101 0.501562 0.49692 0.928125 0.53741
50 0.653906 0.080003 0.692187 0.160006
50 0.679395 0.29387 0.641211 0.58774
102 0.489844 0.0377855 0.970312 0.0755709
77 0.500781 0.497296 0.923437 0.539062
49 0.653906 0.080003 0.692187 0.160006
48 0.653906 0.080003 0.692187 0.160006
102 0.48125 0.0745192 0.9625 0.149038
102 0.508594 0.492263 0.954687 0.529898
101 0.501953 0.496695 0.928906 0.537861
50 0.653809 0.0804537 0.692383 0.160907
50 0.673145 0.294471 0.653711 0.588942
102 0.491016 0.0382737 0.971094 0.0765475
49 0.653809 0.0804537 0.692383 0.160907
77 0.500781 0.497296 0.925 0.539062
48 0.653809 0.0804537 0.692383 0.160907
102 0.482031 0.0745192 0.964063 0.149038
102 0.508594 0.492112 0.954687 0.528996
101 0.501562 0.496695 0.929688 0.537861
50 0.653516 0.078726 0.692969 0.157452
50 0.667676 0.292969 0.664648 0.585938
102 0.489844 0.0289213 0.970312 0.0578425
77 0.500781 0.497296 0.925 0.539062
102 0.482031 0.0753456 0.964063 0.150691
102 0.508594 0.492112 0.957812 0.528996
101 0.502344 0.49692 0.93125 0.53741
50 0.653027 0.0783504 0.693945 0.156701
50 0.666797 0.292668 0.666406 0.585337
102 0.490625 0.0280574 0.971875 0.0561148
77 0.502344 0.49692 0.93125 0.53741
102 0.482422 0.0765475 0.964844 0.153095
102 0.509375 0.491887 0.957812 0.528245
101 0.502344 0.496995 0.932813 0.53726
50 0.653027 0.0778996 0.693945 0.155799
102 0.489844 0.0279447 0.973437 0.0558894
50 0.673145 0.294471 0.653711 0.588942
77 0.502344 0.496995 0.932813 0.53726
102 0.482812 0.0789513 0.965625 0.157903
102 0.49375 0.122822 0.978125 0.245643
102 0.509375 0.491587 0.959375 0.527644
101 0.503125 0.496695 0.934375 0.536659
50 0.653223 0.0773738 0.693555 0.154748
102 0.489844 0.0289588 0.973437 0.0579177
50 0.682324 0.296274 0.635352 0.592548
102 0.482812 0.0803786 0.965625 0.160757
77 0.503125 0.496695 0.934375 0.536659
102 0.494141 0.132212 0.978906 0.264423
102 0.508984 0.491587 0.960156 0.527644
101 0.504297 0.496695 0.938281 0.536659
50 0.653613 0.0770733 0.692773 0.154147
102 0.490625 0.0307242 0.973437 0.0614483
50 0.690234 0.297175 0.619531 0.594351
102 0.483203 0.0808293 0.966406 0.161659
102 0.494531 0.132512 0.979688 0.265024
77 0.504297 0.496695 0.938281 0.536659
102 0.508594 0.491286 0.960938 0.527043
101 0.504687 0.496469 0.940625 0.537109
102 0.489844 0.0317007 0.973437 0.0634014
50 0.654199 0.0760968 0.691602 0.152194
50 0.700391 0.298978 0.599219 0.597957
102 0.483203 0.0810547 0.966406 0.162109
102 0.495313 0.131836 0.98125 0.263672
77 0.504687 0.496469 0.940625 0.537109
102 0.509375 0.491286 0.9625 0.527043
101 0.505469 0.496695 0.942187 0.536659
102 0.490234 0.0328275 0.974219 0.065655
50 0.654688 0.0752704 0.690625 0.150541
102 0.483594 0.0814303 0.967188 0.162861
102 0.495703 0.134766 0.982031 0.269531
50 0.710547 0.301082 0.578906 0.602163
77 0.505469 0.496695 0.942187 0.536659
102 0.507812 0.492188 0.959375 0.528846
101 0.504687 0.496469 0.942187 0.537109
102 0.489844 0.0345553 0.973437 0.0691106
102 0.483594 0.0826322 0.967188 0.165264
50 0.747656 0.0683594 0.504687 0.136719
102 0.495703 0.140174 0.982031 0.280349
50 0.655176 0.0746695 0.689648 0.149339
77 0.504687 0.496469 0.942187 0.537109
50 0.717578 0.301683 0.564844 0.603365
102 0.507812 0.492188 0.959375 0.528846
101 0.503906 0.496469 0.942187 0.537109
102 0.490234 0.0356821 0.972656 0.0713642
102 0.483594 0.0847356 0.967188 0.169471
50 0.758984 0.0676082 0.482031 0.135216
102 0.496094 0.153245 0.982813 0.30649
77 0.503906 0.496469 0.942187 0.537109
50 0.656641 0.0736929 0.686719 0.147386
102 0.507812 0.492188 0.959375 0.528846
101 0.503516 0.496695 0.941406 0.536659
102 0.494531 0.0483774 0.979688 0.0967548
102 0.483594 0.0850361 0.967188 0.170072
50 0.77168 0.0670072 0.456641 0.134014
102 0.496094 0.157752 0.982813 0.315505
77 0.503516 0.496695 0.941406 0.536659
102 0.507812 0.492188 0.959375 0.528846
101 0.503125 0.49692 0.940625 0.53741
102 0.494531 0.0499549 0.979688 0.0999099
102 0.483594 0.0861629 0.967188 0.172326
102 0.496094 0.163462 0.982813 0.326923
50 0.778906 0.066857 0.442187 0.133714
77 0.503125 0.49692 0.940625 0.53741
102 0.507812 0.492188 0.959375 0.528846
101 0.502344 0.496695 0.939062 0.536659
102 0.49375 0.0498422 0.978125 0.0996845
102 0.483594 0.0874399 0.967188 0.17488
102 0.496094 0.171875 0.98125 0.34375
50 0.781641 0.0667067 0.436719 0.133413
77 0.511719 0.493465 0.964063 0.52509
102 0.507812 0.492488 0.959375 0.529447
101 0.501562 0.496995 0.9375 0.53726
102 0.49375 0.0491662 0.978125 0.0983323
102 0.483594 0.0871394 0.967188 0.174279
102 0.495313 0.171575 0.98125 0.343149
50 0.782031 0.066857 0.435937 0.133714
77 0.501562 0.496995 0.9375 0.53726
102 0.507812 0.492488 0.959375 0.529447
101 0.500781 0.49692 0.935938 0.53741
102 0.49375 0.0487154 0.978125 0.0974309
102 0.483203 0.0870643 0.966406 0.174129
102 0.495313 0.169471 0.98125 0.338942
50 0.786914 0.0670072 0.426172 0.134014
77 0.500781 0.49692 0.935938 0.53741
102 0.507812 0.492488 0.959375 0.529447
101 0.5 0.49692 0.934375 0.53741
102 0.49375 0.0499174 0.978125 0.0998347
102 0.483203 0.0873648 0.966406 0.17473
102 0.495313 0.165565 0.98125 0.33113
50 0.784961 0.0671575 0.430078 0.134315
77 0.5 0.49692 0.934375 0.53741
102 0.507812 0.492488 0.959375 0.529447
101 0.499609 0.49692 0.933594 0.53741
102 0.49375 0.049692 0.978125 0.099384
102 0.483203 0.0872897 0.966406 0.174579
102 0.495313 0.161358 0.98125 0.322716
77 0.499609 0.49692 0.933594 0.53741
50 0.778125 0.0672326 0.44375 0.134465
102 0.507422 0.492713 0.960156 0.528996
101 0.499219 0.49692 0.932813 0.53741
102 0.49375 0.049692 0.978125 0.099384
102 0.483594 0.0884165 0.967188 0.176833
102 0.495313 0.163462 0.98125 0.326923
77 0.511328 0.493465 0.963281 0.52509
50 0.767969 0.0679087 0.464063 0.135817
102 0.507812 0.492713 0.960938 0.528996
101 0.499219 0.49692 0.932813 0.53741
102 0.491016 0.0377855 0.974219 0.0755709
102 0.483594 0.0901442 0.967188 0.180288
102 0.496094 0.171875 0.98125 0.34375
77 0.511328 0.493465 0.963281 0.52509
50 0.767969 0.0680589 0.464063 0.136118
102 0.507812 0.492713 0.960938 0.528996
101 0.499219 0.496695 0.932813 0.537861
102 0.491016 0.0392503 0.974219 0.0785006
102 0.483594 0.0914213 0.967188 0.182843
102 0.496094 0.17503 0.982813 0.35006
77 0.511719 0.493465 0.964063 0.52509
50 0.76875 0.0682091 0.4625 0.136418
102 0.507422 0.492713 0.960156 0.528996
101 0.499609 0.49692 0.933594 0.53741
102 0.491406 0.0408654 0.973437 0.0817308
102 0.483594 0.0913462 0.967188 0.182692
102 0.496094 0.172175 0.982813 0.344351
77 0.511719 0.493465 0.964063 0.52509
50 0.763477 0.0685847 0.473047 0.137169
102 0.507812 0.492713 0.960938 0.528996
101 0.499609 0.496695 0.933594 0.537861
102 0.491406 0.0420297 0.973437 0.0840595
102 0.483984 0.0911959 0.967969 0.182392
102 0.496094 0.16872 0.982813 0.33744
77 0.511719 0.493465 0.964063 0.52509
50 0.763867 0.0688101 0.472266 0.13762
102 0.507812 0.492488 0.960938 0.529447
101 0.5 0.496695 0.932813 0.537861
102 0.492188 0.0430439 0.975 0.0860877
102 0.483984 0.0898438 0.967969 0.179688
102 0.496094 0.16226 0.982813 0.324519
77 0.511719 0.493465 0.964063 0.52509
50 0.765039 0.0688101 0.469922 0.13762
102 0.507812 0.492713 0.960938 0.528996
101 0.500391 0.49692 0.933594 0.53741
102 0.492188 0.0429312 0.975 0.0858624
102 0.496094 0.155649 0.982813 0.311298
102 0.483594 0.0883413 0.967188 0.176683
77 0.511719 0.493465 0.964063 0.52509
50 0.765234 0.0685096 0.469531 0.137019
102 0.507812 0.492788 0.959375 0.530048
101 0.5 0.49692 0.932813 0.53741
102 0.492188 0.0422551 0.975 0.0845102
102 0.496094 0.148438 0.982813 0.296875
102 0.483984 0.0865385 0.967969 0.173077
77 0.511719 0.493915 0.964063 0.525391
50 0.764453 0.0682843 0.471094 0.136569
102 0.507812 0.492488 0.959375 0.529447
101 0.500391 0.49692 0.933594 0.53741
102 0.492188 0.0415039 0.975 0.0830078
102 0.496094 0.148738 0.982813 0.297476
102 0.483984 0.086238 0.967969 0.172476
77 0.511719 0.493915 0.964063 0.525391
50 0.766016 0.0680589 0.467969 0.136118
102 0.507812 0.492788 0.959375 0.530048
101 0.500391 0.496695 0.933594 0.537861
102 0.492188 0.0418795 0.975 0.083759
102 0.496094 0.146484 0.982813 0.292969
102 0.483984 0.0860126 0.967969 0.172025
77 0.512109 0.493915 0.963281 0.525391
50 0.763281 0.0680589 0.473437 0.136118
102 0.507812 0.492788 0.959375 0.530048
101 0.500781 0.49707 0.932813 0.538311
102 0.492188 0.0419922 0.975 0.0839844
102 0.496094 0.148287 0.982813 0.296575
102 0.483984 0.086238 0.967969 0.172476
77 0.512109 0.493915 0.963281 0.525391
50 0.761719 0.0679087 0.476562 0.135817
102 0.508203 0.493089 0.958594 0.530649
101 0.500781 0.496995 0.932813 0.538462
102 0.492188 0.0418419 0.975 0.0836839
102 0.496094 0.15024 0.982813 0.300481
102 0.483984 0.0863131 0.967969 0.172626
50 0.760156 0.0674579 0.479688 0.134916
77 0.511719 0.493915 0.9625 0.525391
102 0.508594 0.493089 0.957812 0.530649
101 0.500781 0.496995 0.932813 0.538462
102 0.492188 0.0418044 0.975 0.0836088
102 0.484375 0.0858624 0.96875 0.171725
102 0.496094 0.148438 0.982813 0.296875
50 0.7625 0.0671575 0.475 0.134315
77 0.5125 0.493915 0.9625 0.525391
110 0.510547 0.492263 0.966406 0.521484
102 0.508594 0.493089 0.957812 0.530649
101 0.500781 0.496995 0.932813 0.538462
102 0.492578 0.0417293 0.975781 0.0834585
102 0.483984 0.0854868 0.967969 0.170974
102 0.496094 0.147536 0.982813 0.295072
50 0.764844 0.0667067 0.470313 0.133413
77 0.511719 0.493915 0.9625 0.525391
110 0.510547 0.492713 0.966406 0.521785
102 0.508594 0.493089 0.957812 0.530649
101 0.500781 0.49692 0.932813 0.538612
102 0.492969 0.04218 0.976562 0.08436
102 0.496094 0.144531 0.982813 0.289062
102 0.484375 0.0850361 0.96875 0.170072
50 0.76875 0.0664062 0.4625 0.132812
77 0.512109 0.493915 0.961719 0.525391
110 0.510938 0.492488 0.965625 0.522236
102 0.508594 0.493089 0.957812 0.530649
101 0.501562 0.49692 0.934375 0.538612
102 0.492969 0.0424429 0.976562 0.0848858
102 0.496875 0.139123 0.982813 0.278245
102 0.484375 0.0839844 0.96875 0.167969
50 0.778906 0.0658804 0.442187 0.131761
77 0.511719 0.494065 0.9625 0.526292
110 0.510156 0.492488 0.965625 0.522236
102 0.508594 0.493089 0.957812 0.530649
101 0.501562 0.49692 0.934375 0.538612
102 0.492969 0.0427434 0.976562 0.0854868
102 0.496875 0.135367 0.982813 0.270733
102 0.484375 0.0833083 0.96875 0.166617
50 0.791211 0.0654297 0.417578 0.130859
77 0.511719 0.49399 0.9625 0.526442
110 0.510156 0.492488 0.965625 0.522236
102 0.508594 0.493089 0.957812 0.530649
101 0.501562 0.496995 0.934375 0.538462
102 0.492969 0.0428936 0.976562 0.0857873
102 0.496875 0.13131 0.982813 0.26262
50 0.806641 0.064979 0.386719 0.129958
102 0.484375 0.0825571 0.96875 0.165114
77 0.511719 0.49399 0.9625 0.526442
110 0.510156 0.492488 0.965625 0.522236
102 0.508203 0.493389 0.958594 0.53125
101 0.502344 0.49692 0.935938 0.538612
102 0.492969 0.0428561 0.976562 0.0857121
50 0.818945 0.0644531 0.362109 0.128906
102 0.496875 0.132362 0.982813 0.264724
102 0.484375 0.0827073 0.96875 0.165415
77 0.511719 0.49399 0.9625 0.526442
110 0.510156 0.492488 0.965625 0.522236
102 0.508984 0.493389 0.958594 0.53125
101 0.502344 0.49707 0.935938 0.539513
102 0.492969 0.0433444 0.976562 0.0866887
50 0.829687 0.0640024 0.340625 0.128005
102 0.496875 0.130484 0.982813 0.260968
102 0.484375 0.082482 0.96875 0.164964
77 0.511719 0.49399 0.9625 0.526442
110 0.510156 0.492488 0.965625 0.522236
102 0.508594 0.493389 0.957812 0.53125
101 0.502344 0.49707 0.9375 0.539513
102 0.493359 0.0430439 0.975781 0.0860877
50 0.839844 0.0637019 0.320312 0.127404
102 0.497266 0.12838 0.983594 0.256761
102 0.484766 0.0820312 0.969531 0.164062
77 0.511719 0.49399 0.960938 0.526442
110 0.510156 0.492788 0.965625 0.522837
76 0.839844 0.0637019 0.320312 0.127404
102 0.508984 0.49369 0.958594 0.531851
101 0.502344 0.49707 0.9375 0.539513
102 0.49375 0.0434946 0.976562 0.0869892
50 0.851172 0.0633263 0.297656 0.126653
102 0.497656 0.12793 0.982813 0.255859
102 0.484766 0.0819561 0.969531 0.163912
77 0.511719 0.49399 0.9625 0.526442
110 0.510156 0.492713 0.965625 0.522987
76 0.851172 0.0633263 0.297656 0.126653
102 0.509375 0.49369 0.957812 0.531851
101 0.502344 0.49707 0.9375 0.539513
50 0.859766 0.0629507 0.280469 0.125901
102 0.49375 0.0434946 0.976562 0.0869892
102 0.497656 0.128305 0.982813 0.256611
102 0.484766 0.081881 0.969531 0.163762
77 0.511719 0.493915 0.960938 0.526593
76 0.859766 0.0629507 0.280469 0.125901
110 0.510156 0.492713 0.965625 0.522987
50 0.257031 0.104718 0.514063 0.209435
102 0.508984 0.49369 0.958594 0.531851
101 0.501953 0.49707 0.936719 0.539513
50 0.866602 0.0626502 0.266797 0.1253
102 0.494531 0.0433444 0.976562 0.0866887
102 0.497656 0.127855 0.982813 0.255709
102 0.485156 0.0816557 0.970312 0.163311
77 0.511719 0.494065 0.960938 0.527494
50 0.252539 0.105394 0.505078 0.210787
76 0.866602 0.0626502 0.266797 0.1253
110 0.510156 0.492713 0.965625 0.522987
50 0.194922 0.0800781 0.389844 0.160156
102 0.508984 0.49369 0.958594 0.531851
101 0.501562 0.49707 0.935938 0.539513
50 0.874609 0.0623498 0.250781 0.1247
102 0.494531 0.043457 0.976562 0.0869141
102 0.497656 0.126352 0.982813 0.252704
102 0.485156 0.0814303 0.970312 0.162861
77 0.511719 0.494291 0.960938 0.527043
50 0.25 0.10622 0.5 0.21244
76 0.874609 0.0623498 0.250781 0.1247
110 0.509766 0.492713 0.964844 0.522987
50 0.18623 0.0796274 0.372461 0.159255
102 0.508984 0.49399 0.958594 0.532452
101 0.501172 0.49707 0.935156 0.539513
50 0.879687 0.0619742 0.240625 0.123948
102 0.494531 0.0428561 0.976562 0.0857121
102 0.497656 0.127629 0.982813 0.255258
102 0.485156 0.08128 0.970312 0.16256
77 0.511719 0.494065 0.960938 0.527494
50 0.250195 0.106746 0.500391 0.213492
76 0.879687 0.0619742 0.240625 0.123948
110 0.510156 0.492713 0.964063 0.522987
102 0.508984 0.49399 0.958594 0.532452
101 0.501562 0.49707 0.935938 0.539513
50 0.883594 0.0617488 0.232812 0.123498
102 0.498047 0.126202 0.983594 0.252404
102 0.494531 0.0430063 0.976562 0.0860126
102 0.485156 0.0811298 0.970312 0.16226
77 0.511719 0.494065 0.960938 0.527494
50 0.250586 0.107572 0.501172 0.215144
76 0.883594 0.0617488 0.232812 0.123498
110 0.510156 0.492864 0.965625 0.523888
102 0.508984 0.494291 0.958594 0.533053
101 0.501562 0.497521 0.935938 0.539814
50 0.886914 0.0615986 0.226172 0.123197
102 0.498047 0.127329 0.983594 0.254657
102 0.496094 0.0541241 0.98125 0.108248
102 0.494531 0.0336538 0.979688 0.0673077
77 0.511719 0.494291 0.9625 0.527043
50 0.250781 0.108023 0.501562 0.216046
76 0.886914 0.0615986 0.226172 0.123197
110 0.510156 0.492864 0.964063 0.523888
102 0.508984 0.494516 0.958594 0.532602
101 0.502344 0.497296 0.935938 0.540264
50 0.889844 0.0615234 0.220313 0.123047
102 0.498437 0.127178 0.984375 0.254357
102 0.496094 0.0536734 0.982813 0.107347
77 0.500781 0.496319 0.935938 0.536208
50 0.249609 0.108248 0.499219 0.216496
76 0.889844 0.0615234 0.220313 0.123047
110 0.510156 0.492864 0.964063 0.523888
102 0.508594 0.494516 0.957812 0.532602
101 0.502344 0.497296 0.935938 0.540264
50 0.892969 0.0612981 0.214062 0.122596
102 0.498047 0.129733 0.983594 0.259465
102 0.496094 0.0541241 0.982813 0.108248
77 0.501172 0.496319 0.935156 0.536208
50 0.248047 0.108624 0.496094 0.217248
76 0.892969 0.0612981 0.214062 0.122596
110 0.510156 0.492864 0.964063 0.523888
102 0.508984 0.494516 0.957031 0.532602
101 0.501953 0.497296 0.935156 0.540264
50 0.895703 0.0612981 0.208594 0.122596
102 0.498047 0.133263 0.983594 0.266526
102 0.496094 0.0543495 0.982813 0.108699
77 0.501172 0.496319 0.935156 0.536208
50 0.24707 0.109075 0.494141 0.218149
76 0.895703 0.0612981 0.208594 0.122596
110 0.510156 0.492864 0.964063 0.523888
102 0.508984 0.494291 0.957031 0.533053
101 0.501953 0.497296 0.935156 0.540264
50 0.898438 0.0610727 0.203125 0.122145
102 0.498047 0.139123 0.983594 0.278245
102 0.496094 0.0542368 0.982813 0.108474
77 0.501172 0.496319 0.935156 0.536208
50 0.245117 0.109375 0.490234 0.21875
76 0.898438 0.0610727 0.203125 0.122145
110 0.510156 0.492864 0.964063 0.523888
102 0.509375 0.494516 0.95625 0.532602
101 0.499609 0.496469 0.950781 0.538311
50 0.899219 0.0608474 0.201562 0.121695
102 0.498437 0.141677 0.982813 0.283353
102 0.496094 0.0537861 0.982813 0.107572
77 0.501172 0.496319 0.935156 0.536208
102 0.485547 0.0826322 0.971094 0.165264
76 0.899219 0.0608474 0.201562 0.121695
110 0.510156 0.492864 0.964063 0.523888
50 0.242383 0.109525 0.484766 0.21905
102 0.509375 0.494291 0.95625 0.533053
101 0.499609 0.496469 0.950781 0.538311
50 0.900781 0.0604718 0.198437 0.120944
102 0.498047 0.144832 0.983594 0.289663
77 0.501562 0.496394 0.934375 0.536058
102 0.496484 0.0533353 0.982031 0.106671
102 0.485547 0.0830829 0.971094 0.166166
110 0.510156 0.492864 0.964063 0.523888
76 0.900781 0.0604718 0.198437 0.120944
50 0.239648 0.109525 0.479297 0.21905
102 0.509375 0.494291 0.95625 0.533053
101 0.5 0.496469 0.951563 0.538311
50 0.902344 0.0603215 0.195312 0.120643
77 0.501172 0.496319 0.935156 0.536208
102 0.497656 0.145282 0.982813 0.290565
102 0.496094 0.0419171 0.976562 0.0838341
102 0.485547 0.0830078 0.971094 0.166016
110 0.510156 0.493314 0.964063 0.524189
76 0.902344 0.0603215 0.195312 0.120643
102 0.509375 0.494591 0.95625 0.533654
101 0.500391 0.496469 0.952344 0.538311
77 0.502344 0.496319 0.935938 0.536208
50 0.903125 0.0599459 0.19375 0.119892
102 0.498047 0.145733 0.983594 0.291466
102 0.496094 0.0420297 0.976562 0.0840595
102 0.485156 0.0829327 0.970312 0.165865
110 0.510156 0.493089 0.9625 0.524639
76 0.903125 0.0599459 0.19375 0.119892
102 0.509375 0.494591 0.95625 0.533654
101 0.500391 0.496319 0.952344 0.53741
77 0.501953 0.496394 0.936719 0.536058
50 0.903906 0.0594952 0.192188 0.11899
102 0.498047 0.150841 0.983594 0.301683
102 0.496484 0.0526217 0.982031 0.105243
102 0.485156 0.0833834 0.970312 0.166767
110 0.510156 0.493314 0.9625 0.524189
102 0.509375 0.494591 0.95625 0.533654
101 0.500391 0.496319 0.952344 0.53741
77 0.501953 0.496394 0.936719 0.536058
50 0.904688 0.059345 0.190625 0.11869
102 0.497656 0.149038 0.982813 0.298077
102 0.496094 0.0522085 0.98125 0.104417
110 0.509375 0.493314 0.9625 0.524189
102 0.485547 0.0830829 0.971094 0.166166
