48 0.506703 0.49263 0.960397 0.43691
50 0.505534 0.494693 0.937791 0.426887
49 0.505534 0.494693 0.937791 0.426887
54 0.506703 0.49263 0.960397 0.43691
79 0.505534 0.494693 0.937791 0.426887
56 0.505924 0.494988 0.933893 0.42158
68 0.506313 0.488871 0.958059 0.434994
95 0.505534 0.494693 0.937791 0.426887
53 0.506703 0.49263 0.960397 0.43691
109 0.506703 0.49263 0.960397 0.43691
76 0.506703 0.49263 0.960397 0.43691
47 0.508652 0.492335 0.951822 0.435142
77 0.506703 0.49263 0.960397 0.43691
67 0.505534 0.494693 0.937791 0.426887
84 0.506703 0.49263 0.960397 0.43691
104 0.506313 0.488871 0.958059 0.434994
111 0.505534 0.494693 0.937791 0.426887
101 0.505534 0.494693 0.937791 0.426887
75 0.505534 0.494693 0.937791 0.426887
81 0.506703 0.49263 0.960397 0.43691
100 0.505924 0.494988 0.933893 0.42158
73 0.506313 0.488871 0.958059 0.434994
46 0.505144 0.496167 0.935452 0.42158
17 0.505924 0.494988 0.933893 0.42158
103 0.505924 0.494988 0.933893 0.42158
105 0.505534 0.494693 0.937791 0.426887
102 0.505534 0.494693 0.937791 0.426887
108 0.505534 0.494693 0.937791 0.426887
97 0.506703 0.49263 0.960397 0.43691
110 0.506703 0.49263 0.960397 0.43691
74 0.506703 0.49263 0.960397 0.43691
42 0.505144 0.496167 0.935452 0.42158
50 0.47864 0.554245 0.855938 0.311321
18 0.947925 0.917453 0.0873089 0.106132
66 0.505924 0.494988 0.933893 0.42158
99 0.508652 0.492335 0.951822 0.435142
53 0.502026 0.549528 0.922979 0.314858
33 0.505144 0.496167 0.935452 0.42158
51 0.506703 0.49263 0.960397 0.43691
41 0.506703 0.49263 0.960397 0.43691
14 0.505534 0.494693 0.937791 0.426887
79 0.47864 0.554245 0.855938 0.311321
49 0.47864 0.554245 0.855938 0.311321
5 0.506313 0.488871 0.958059 0.434994
17 0.947925 0.917453 0.0873089 0.106132
95 0.47864 0.554245 0.855938 0.311321
26 0.947925 0.917453 0.0873089 0.103774
14 0.947925 0.917453 0.0873089 0.106132
78 0.505534 0.494693 0.937791 0.426887
101 0.47864 0.554245 0.855938 0.311321
104 0.47864 0.554245 0.855938 0.311321
34 0.506313 0.488871 0.958059 0.434994
15 0.506703 0.49263 0.960397 0.43691
0 0.506703 0.49263 0.960397 0.43691
48 0.47864 0.554245 0.855938 0.311321
80 0.506703 0.49263 0.960397 0.43691
68 0.47864 0.554245 0.855938 0.311321
16 0.505534 0.494693 0.937791 0.426887
7 0.947925 0.917453 0.0873089 0.106132
81 0.502026 0.549528 0.922979 0.314858
38 0.505144 0.496167 0.935452 0.42158
54 0.328772 0.575177 0.554645 0.270637
11 0.505924 0.494988 0.933893 0.42158
54 0.502026 0.549528 0.922979 0.314858
42 0.47864 0.554245 0.855938 0.311321
53 0.328772 0.575177 0.554645 0.270637
28 0.505924 0.494988 0.933893 0.42158
48 0.328772 0.575177 0.554645 0.270637
79 0.328772 0.575177 0.554645 0.270637
31 0.505534 0.494693 0.937791 0.426887
46 0.47864 0.554245 0.855938 0.311321
110 0.502026 0.549528 0.922979 0.314858
6 0.947925 0.917453 0.0873089 0.106132
16 0.948704 0.919811 0.0873088 0.101415
14 0.346507 0.553656 0.581539 0.311321
49 0.346507 0.553656 0.581539 0.311321
14 0.47864 0.554245 0.855938 0.311321
21 0.505534 0.494693 0.937791 0.426887
103 0.47864 0.554245 0.855938 0.311321
24 0.947925 0.917453 0.0873089 0.106132
30 0.947925 0.917453 0.0873089 0.106132
95 0.346507 0.553656 0.581539 0.311321
109 0.502026 0.549528 0.922979 0.314858
105 0.47864 0.554245 0.855938 0.311321
67 0.328772 0.575177 0.554645 0.270637
52 0.500077 0.49204 0.951822 0.441627
109 0.328772 0.575177 0.554645 0.270637
7 0.502805 0.520342 0.92142 0.376769
23 0.947925 0.917453 0.0873089 0.106132
67 0.47864 0.554245 0.855938 0.311321
74 0.47864 0.554245 0.855938 0.311321
73 0.47864 0.554245 0.855938 0.311321
84 0.502026 0.549528 0.922979 0.314858
42 0.328772 0.575177 0.554645 0.270637
110 0.328772 0.575177 0.554645 0.270637
2 0.947925 0.917453 0.0873089 0.103774
46 0.328772 0.575177 0.554645 0.270637
72 0.506703 0.49263 0.960397 0.43691
104 0.328772 0.575177 0.554645 0.270637
9 0.947925 0.917453 0.0873089 0.106132
11 0.947925 0.917453 0.0873089 0.103774
12 0.504364 0.491156 0.946366 0.425708
4 0.947925 0.917453 0.0873089 0.106132
4 0.505534 0.494693 0.937791 0.426887
13 0.505534 0.494693 0.937791 0.426887
68 0.346507 0.553656 0.581539 0.311321
0 0.947925 0.917453 0.0873089 0.103774
50 0.346507 0.553656 0.581539 0.311321
26 0.505924 0.494988 0.933893 0.42158
99 0.504364 0.574293 0.918302 0.275943
75 0.47864 0.554245 0.855938 0.311321
34 0.47864 0.554245 0.855938 0.311321
33 0.948704 0.919811 0.0873088 0.101415
33 0.47864 0.554245 0.855938 0.311321
65 0.506313 0.488871 0.958059 0.434994
17 0.47864 0.554245 0.855938 0.311321
3 0.947925 0.917453 0.0873089 0.106132
1 0.947925 0.919811 0.0873089 0.103774
55 0.506703 0.49263 0.960397 0.43691
56 0.47864 0.554245 0.855938 0.311321
101 0.346507 0.553656 0.581539 0.311321
102 0.47864 0.554245 0.855938 0.311321
103 0.346507 0.553656 0.581539 0.311321
81 0.328772 0.575177 0.554645 0.270637
58 0.505534 0.494693 0.937791 0.426887
111 0.505924 0.489313 0.960397 0.448261
48 0.489163 0.493514 0.965854 0.435142
56 0.497349 0.498231 0.944806 0.429245
54 0.49423 0.499116 0.941688 0.434552
99 0.49423 0.499116 0.941688 0.434552
103 0.505924 0.489313 0.960397 0.448261
109 0.497349 0.498231 0.944806 0.429245
75 0.497349 0.498231 0.944806 0.429245
53 0.497349 0.498231 0.944806 0.429245
95 0.501636 0.501769 0.962736 0.431604
110 0.497349 0.498231 0.944806 0.429245
104 0.501636 0.501769 0.962736 0.431604
68 0.505924 0.489313 0.960397 0.448261
80 0.505924 0.489313 0.960397 0.448261
84 0.497349 0.498231 0.944806 0.429245
101 0.49423 0.499116 0.941688 0.434552
46 0.501636 0.501769 0.962736 0.431604
102 0.49423 0.499116 0.941688 0.434552
105 0.501636 0.501769 0.962736 0.431604
108 0.505924 0.489313 0.960397 0.448261
67 0.49423 0.499116 0.941688 0.434552
66 0.501636 0.501769 0.962736 0.431604
111 0.507483 0.39033 0.958838 0.646226
77 0.497349 0.498231 0.944806 0.429245
81 0.501636 0.501769 0.962736 0.431604
74 0.501636 0.501769 0.962736 0.431604
50 0.489163 0.493514 0.965854 0.435142
76 0.497349 0.498231 0.944806 0.429245
41 0.49423 0.499116 0.941688 0.434552
52 0.49423 0.499116 0.941688 0.434552
79 0.501636 0.501769 0.962736 0.431604
100 0.497349 0.498231 0.944806 0.429245
73 0.505924 0.489313 0.960397 0.448261
78 0.497349 0.498231 0.944806 0.429245
47 0.49423 0.499116 0.941688 0.434552
42 0.505924 0.489313 0.960397 0.448261
48 0.507483 0.39033 0.958838 0.646226
97 0.501636 0.501769 0.962736 0.431604
99 0.507483 0.39033 0.958838 0.646226
56 0.507483 0.39033 0.958838 0.646226
103 0.507483 0.39033 0.958838 0.646226
109 0.507483 0.39033 0.958838 0.646226
108 0.507483 0.39033 0.958838 0.646226
17 0.505924 0.489313 0.960397 0.448261
51 0.49423 0.494693 0.975988 0.438679
54 0.507483 0.39033 0.958838 0.646226
49 0.497349 0.498231 0.944806 0.429245
81 0.507483 0.39033 0.958838 0.646226
104 0.507483 0.39033 0.958838 0.646226
84 0.507483 0.39033 0.958838 0.646226
46 0.507483 0.39033 0.958838 0.646226
33 0.505924 0.489313 0.960397 0.448261
110 0.507483 0.39033 0.958838 0.646226
75 0.507483 0.39033 0.958838 0.646226
50 0.507483 0.39033 0.958838 0.646226
80 0.507483 0.39033 0.958838 0.646226
68 0.507483 0.39033 0.958838 0.646226
48 0.361123 0.513856 0.669238 0.401533
78 0.507483 0.39033 0.958838 0.646226
95 0.507483 0.39033 0.958838 0.646226
66 0.507483 0.39033 0.958838 0.646226
77 0.507483 0.39033 0.958838 0.646226
67 0.507483 0.39033 0.958838 0.646226
73 0.507483 0.39033 0.958838 0.646226
101 0.507483 0.39033 0.958838 0.646226
53 0.507483 0.39033 0.958838 0.646226
111 0.361123 0.513856 0.669238 0.401533
76 0.507483 0.39033 0.958838 0.646226
105 0.507483 0.39033 0.958838 0.646226
100 0.507483 0.39033 0.958838 0.646226
28 0.497349 0.498231 0.944806 0.429245
48 0.234253 0.507665 0.424851 0.398585
48 0.254716 0.452241 0.47747 0.520047
74 0.507483 0.39033 0.958838 0.646226
79 0.507483 0.39033 0.958838 0.646226
17 0.507483 0.39033 0.958838 0.646226
102 0.507483 0.39033 0.958838 0.646226
95 0.500467 0.492851 0.988461 0.469487
108 0.498128 0.486733 0.99002 0.473467
81 0.498128 0.486733 0.99002 0.473467
56 0.500467 0.492851 0.988461 0.469487
79 0.498128 0.486733 0.99002 0.473467
53 0.501246 0.49204 0.983784 0.469929
104 0.498128 0.486733 0.99002 0.473467
68 0.501246 0.49204 0.983784 0.469929
78 0.498128 0.486733 0.99002 0.473467
108 0.498518 0.354363 0.992359 0.708726
84 0.501246 0.49204 0.983784 0.469929
52 0.501246 0.49204 0.983784 0.469929
105 0.498128 0.486733 0.99002 0.473467
81 0.498518 0.354363 0.992359 0.708726
78 0.498518 0.354363 0.992359 0.708726
95 0.49423 0.351415 0.983784 0.70283
56 0.49423 0.351415 0.983784 0.70283
74 0.501246 0.49204 0.983784 0.469929
79 0.498518 0.354363 0.992359 0.708726
80 0.500467 0.492851 0.988461 0.469487
104 0.498518 0.354363 0.992359 0.708726
53 0.49423 0.351415 0.983784 0.70283
67 0.501246 0.49204 0.983784 0.469929
101 0.501246 0.49204 0.983784 0.469929
48 0.492671 0.492335 0.985343 0.475236
105 0.49423 0.351415 0.983784 0.70283
54 0.501246 0.49204 0.983784 0.469929
109 0.501246 0.49204 0.983784 0.469929
52 0.49423 0.351415 0.983784 0.70283
75 0.501246 0.49204 0.983784 0.469929
68 0.49423 0.351415 0.983784 0.70283
110 0.501246 0.49204 0.983784 0.469929
95 0.498128 0.551887 0.961956 0.323113
81 0.498128 0.551887 0.961956 0.323113
84 0.49423 0.351415 0.983784 0.70283
111 0.501246 0.49204 0.983784 0.469929
104 0.498128 0.551887 0.961956 0.323113
80 0.49423 0.351415 0.983784 0.70283
79 0.498128 0.551887 0.961956 0.323113
77 0.501246 0.49204 0.983784 0.469929
108 0.498128 0.551887 0.961956 0.323113
78 0.498128 0.551887 0.961956 0.323113
74 0.49423 0.351415 0.983784 0.70283
17 0.501246 0.49204 0.983784 0.469929
48 0.49423 0.351415 0.983784 0.70283
66 0.501246 0.49204 0.983784 0.469929
56 0.498128 0.551887 0.961956 0.323113
105 0.498128 0.551887 0.961956 0.323113
76 0.501246 0.49204 0.983784 0.469929
67 0.49423 0.351415 0.983784 0.70283
101 0.49423 0.351415 0.983784 0.70283
53 0.498128 0.551887 0.961956 0.323113
103 0.501246 0.49204 0.983784 0.469929
68 0.498128 0.551887 0.961956 0.323113
111 0.49423 0.351415 0.983784 0.70283
54 0.49423 0.351415 0.983784 0.70283
102 0.501246 0.49204 0.983784 0.469929
81 0.381879 0.570165 0.748556 0.25
33 0.498128 0.486733 0.99002 0.473467
84 0.498128 0.551887 0.961956 0.323113
109 0.49423 0.351415 0.983784 0.70283
99 0.492671 0.492335 0.985343 0.475236
53 0.500467 0.695755 0.985343 0.608491
66 0.49423 0.351415 0.983784 0.70283
52 0.498128 0.551887 0.961956 0.323113
108 0.381879 0.570165 0.748556 0.25
68 0.491112 0.201356 0.977547 0.402712
74 0.498128 0.551887 0.961956 0.323113
68 0.500467 0.695755 0.985343 0.608491
75 0.49423 0.351415 0.983784 0.70283
97 0.501246 0.49204 0.983784 0.469929
67 0.498128 0.551887 0.961956 0.323113
47 0.492671 0.492335 0.985343 0.475236
104 0.381879 0.570165 0.748556 0.25
80 0.498128 0.551887 0.961956 0.323113
46 0.493451 0.486733 0.986902 0.449882
81 0.30753 0.516215 0.603366 0.376769
81 0.249064 0.574293 0.487215 0.248821
79 0.381879 0.570165 0.748556 0.25
103 0.49423 0.351415 0.983784 0.70283
73 0.498908 0.493219 0.985343 0.454599
79 0.249064 0.574293 0.487215 0.248821
110 0.49423 0.351415 0.983784 0.70283
104 0.30753 0.516215 0.603366 0.376769
41 0.500467 0.492851 0.988461 0.469487
109 0.498128 0.551887 0.961956 0.323113
104 0.249064 0.574293 0.487215 0.248821
108 0.249064 0.574293 0.487215 0.248821
49 0.492671 0.492335 0.985343 0.475236
48 0.500467 0.695755 0.985343 0.608491
68 0.488774 0.835495 0.958838 0.329009
78 0.381879 0.570165 0.748556 0.25
48 0.496569 0.228479 0.968193 0.456958
77 0.497738 0.36763 0.968972 0.735259
95 0.488774 0.835495 0.958838 0.329009
17 0.49423 0.351415 0.983784 0.70283
51 0.493451 0.486733 0.986902 0.449882
108 0.30753 0.516215 0.603366 0.376769
53 0.496569 0.228479 0.968193 0.456958
78 0.491112 0.201356 0.977547 0.402712
95 0.500467 0.695755 0.985343 0.608491
56 0.30753 0.516215 0.603366 0.376769
79 0.30753 0.516215 0.603366 0.376769
48 0.496569 0.0807046 0.974429 0.161409
78 0.249064 0.574293 0.487215 0.248821
56 0.500467 0.695755 0.985343 0.608491
101 0.498128 0.551887 0.961956 0.323113
95 0.491112 0.201356 0.977547 0.402712
105 0.30753 0.516215 0.603366 0.376769
54 0.498128 0.551887 0.961956 0.323113
50 0.492671 0.492335 0.985343 0.475236
105 0.381879 0.570165 0.748556 0.25
33 0.498518 0.354363 0.992359 0.708726
101 0.496569 0.228479 0.968193 0.456958
78 0.30753 0.516215 0.603366 0.376769
53 0.488774 0.835495 0.958838 0.329009
101 0.500467 0.695755 0.985343 0.608491
74 0.497349 0.484596 0.954161 0.463591
95 0.497349 0.484596 0.954161 0.463591
97 0.497349 0.484596 0.954161 0.463591
103 0.502026 0.487028 0.954161 0.445755
84 0.502026 0.487028 0.954161 0.445755
68 0.497349 0.516215 0.943247 0.414505
104 0.497349 0.484596 0.954161 0.463591
109 0.497349 0.484596 0.954161 0.463591
67 0.497349 0.484596 0.954161 0.463591
66 0.497349 0.484596 0.954161 0.463591
77 0.497349 0.484596 0.954161 0.463591
53 0.497349 0.484596 0.954161 0.463591
105 0.497349 0.484596 0.954161 0.463591
101 0.497349 0.484596 0.954161 0.463591
56 0.497349 0.484596 0.954161 0.463591
108 0.497349 0.484596 0.954161 0.463591
80 0.497349 0.484596 0.954161 0.463591
79 0.497349 0.484596 0.954161 0.463591
75 0.497349 0.484596 0.954161 0.463591
110 0.497349 0.484596 0.954161 0.463591
68 0.636205 0.949882 0.696717 0.100236
42 0.497349 0.484596 0.954161 0.463591
33 0.497349 0.484596 0.954161 0.463591
76 0.497349 0.484596 0.954161 0.463591
95 0.500467 0.555425 0.932334 0.349057
68 0.726534 0.944281 0.517617 0.111439
54 0.497349 0.484596 0.954161 0.463591
17 0.497349 0.484596 0.954161 0.463591
81 0.497349 0.484596 0.954161 0.463591
74 0.500467 0.555425 0.932334 0.349057
95 0.636205 0.949882 0.696717 0.100236
104 0.500467 0.555425 0.932334 0.349057
101 0.636205 0.949882 0.696717 0.100236
101 0.726534 0.944281 0.517617 0.111439
52 0.497349 0.484596 0.954161 0.463591
100 0.497349 0.484596 0.954161 0.463591
73 0.502026 0.487028 0.954161 0.445755
50 0.497349 0.484596 0.954161 0.463591
67 0.500467 0.555425 0.932334 0.349057
102 0.726534 0.944281 0.517617 0.111439
68 0.617496 0.928656 0.740371 0.142689
102 0.636205 0.949882 0.696717 0.100236
109 0.636205 0.949882 0.696717 0.100236
95 0.726534 0.944281 0.517617 0.111439
67 0.636205 0.949882 0.696717 0.100236
111 0.497738 0.495283 0.944027 0.4375
78 0.497349 0.484596 0.954161 0.463591
77 0.636205 0.949882 0.696717 0.100236
66 0.500467 0.555425 0.932334 0.349057
68 0.845025 0.929835 0.286872 0.14033
110 0.636205 0.949882 0.696717 0.100236
41 0.497349 0.484596 0.954161 0.463591
68 0.801176 0.938974 0.368334 0.122052
84 0.500467 0.555425 0.932334 0.349057
99 0.497738 0.495283 0.944027 0.4375
77 0.726534 0.944281 0.517617 0.111439
110 0.726534 0.944281 0.517617 0.111439
47 0.497349 0.484596 0.954161 0.463591
102 0.502026 0.487028 0.954161 0.445755
105 0.500467 0.555425 0.932334 0.349057
68 0.551137 0.961675 0.865293 0.0766509
67 0.726534 0.944281 0.517617 0.111439
101 0.500467 0.555425 0.932334 0.349057
104 0.608044 0.946934 0.763952 0.106132
109 0.726534 0.944281 0.517617 0.111439
84 0.608044 0.946934 0.763952 0.106132
50 0.561271 0.948703 0.854379 0.102594
48 0.497349 0.484596 0.954161 0.463591
56 0.500467 0.555425 0.932334 0.349057
53 0.608044 0.946934 0.763952 0.106132
53 0.500467 0.555425 0.932334 0.349057
103 0.608044 0.946934 0.763952 0.106132
109 0.500467 0.555425 0.932334 0.349057
68 0.525335 0.570165 0.94933 0.319576
97 0.500467 0.555425 0.932334 0.349057
101 0.617496 0.928656 0.740371 0.142689
76 0.608044 0.946934 0.763952 0.106132
66 0.608044 0.946934 0.763952 0.106132
77 0.500467 0.555425 0.932334 0.349057
101 0.801176 0.938974 0.368334 0.122052
103 0.500467 0.555425 0.932334 0.349057
110 0.617496 0.928656 0.740371 0.142689
101 0.845025 0.929835 0.286872 0.14033
95 0.551137 0.961675 0.865293 0.0766509
77 0.617496 0.928656 0.740371 0.142689
102 0.617496 0.928656 0.740371 0.142689
102 0.801176 0.938974 0.368334 0.122052
110 0.845025 0.929835 0.286872 0.14033
79 0.500467 0.555425 0.932334 0.349057
101 0.551137 0.961675 0.865293 0.0766509
48 0.561271 0.948703 0.854379 0.102594
74 0.636205 0.949882 0.696717 0.100236
74 0.502805 0.371462 0.949484 0.653302
102 0.845025 0.929835 0.286872 0.14033
50 0.726534 0.944281 0.517617 0.111439
46 0.497349 0.484596 0.954161 0.463591
95 0.617496 0.928656 0.740371 0.142689
109 0.617496 0.928656 0.740371 0.142689
67 0.617496 0.928656 0.740371 0.142689
42 0.502805 0.371462 0.949484 0.653302
32 0.497349 0.484596 0.954161 0.463591
21 0.497349 0.484596 0.954161 0.463591
53 0.700809 0.928066 0.569067 0.143868
50 0.845025 0.929835 0.286872 0.14033
77 0.845025 0.929835 0.286872 0.14033
95 0.801176 0.938974 0.368334 0.122052
97 0.502805 0.371462 0.949484 0.653302
74 0.726534 0.944281 0.517617 0.111439
77 0.801176 0.938974 0.368334 0.122052
76 0.726534 0.944281 0.517617 0.111439
75 0.500467 0.555425 0.932334 0.349057
46 0.561271 0.948703 0.854379 0.102594
50 0.617496 0.928656 0.740371 0.142689
97 0.608044 0.946934 0.763952 0.106132
49 0.497349 0.484596 0.954161 0.463591
110 0.801176 0.938974 0.368334 0.122052
49 0.561271 0.948703 0.854379 0.102594
66 0.726534 0.944281 0.517617 0.111439
103 0.551137 0.961675 0.865293 0.0766509
67 0.551137 0.961675 0.865293 0.0766509
54 0.502805 0.371462 0.949484 0.653302
108 0.502805 0.371462 0.949484 0.653302
52 0.500467 0.555425 0.932334 0.349057
97 0.501246 0.0975825 0.946365 0.195165
104 0.551137 0.961675 0.865293 0.0766509
109 0.551137 0.961675 0.865293 0.0766509
111 0.608044 0.946934 0.763952 0.106132
73 0.561271 0.948703 0.854379 0.102594
95 0.845025 0.929835 0.286872 0.14033
80 0.502805 0.371462 0.949484 0.653302
77 0.551137 0.961675 0.865293 0.0766509
67 0.801176 0.938974 0.368334 0.122052
105 0.561271 0.948703 0.854379 0.102594
17 0.500467 0.555425 0.932334 0.349057
100 0.561271 0.948703 0.854379 0.102594
53 0.551137 0.961675 0.865293 0.0766509
76 0.551137 0.961675 0.865293 0.0766509
84 0.551137 0.961675 0.865293 0.0766509
84 0.726534 0.944281 0.517617 0.111439
28 0.497349 0.484596 0.954161 0.463591
66 0.551137 0.961675 0.865293 0.0766509
108 0.500467 0.555425 0.932334 0.349057
78 0.500467 0.555425 0.932334 0.349057
47 0.608044 0.946934 0.763952 0.106132
109 0.801176 0.938974 0.368334 0.122052
104 0.726534 0.944281 0.517617 0.111439
76 0.845025 0.929835 0.286872 0.14033
79 0.51255 0.472288 0.919081 0.503538
104 0.51255 0.472288 0.919081 0.503538
108 0.51255 0.472288 0.919081 0.503538
56 0.51255 0.472288 0.919081 0.503538
95 0.499687 0.489461 0.943247 0.44207
80 0.514109 0.447229 0.920641 0.54658
33 0.514109 0.447229 0.920641 0.54658
66 0.514109 0.447229 0.920641 0.54658
17 0.514109 0.447229 0.920641 0.54658
108 0.504364 0.372936 0.943247 0.690448
0 0.075031 0.0501916 0.0900372 0.0281545
103 0.500467 0.485775 0.954161 0.456515
74 0.514109 0.447229 0.920641 0.54658
78 0.51216 0.934552 0.952602 0.130896
41 0.514109 0.447229 0.920641 0.54658
105 0.500467 0.485775 0.954161 0.456515
54 0.514109 0.447229 0.920641 0.54658
81 0.51255 0.472288 0.919081 0.503538
78 0.51255 0.472288 0.919081 0.503538
84 0.500467 0.485775 0.954161 0.456515
67 0.499687 0.489461 0.943247 0.44207
68 0.499687 0.489461 0.943247 0.44207
33 0.075031 0.0501916 0.0900372 0.0281545
53 0.51255 0.472288 0.919081 0.503538
109 0.499687 0.489461 0.943247 0.44207
79 0.510601 0.960495 0.946365 0.0790094
75 0.514109 0.447229 0.920641 0.54658
79 0.508652 0.93809 0.953381 0.123821
104 0.510601 0.960495 0.946365 0.0790094
3 0.0761029 0.0468382 0.0839958 0.0221846
78 0.51216 0.958137 0.944806 0.0837263
95 0.509821 0.38296 0.941688 0.660967
79 0.504364 0.372936 0.943247 0.690448
108 0.51216 0.934552 0.952602 0.130896
5 0.075031 0.0501916 0.0900372 0.0281545
56 0.504364 0.372936 0.943247 0.690448
111 0.499687 0.489461 0.943247 0.44207
42 0.514109 0.447229 0.920641 0.54658
81 0.510601 0.960495 0.946365 0.0790094
78 0.504364 0.372936 0.943247 0.690448
104 0.504364 0.372936 0.943247 0.690448
52 0.514109 0.447229 0.920641 0.54658
104 0.508652 0.93809 0.953381 0.123821
101 0.499687 0.489461 0.943247 0.44207
97 0.514109 0.447229 0.920641 0.54658
110 0.49423 0.484965 0.966634 0.478184
6 0.075031 0.0501916 0.0900372 0.0281545
81 0.508652 0.93809 0.953381 0.123821
33 0.0696595 0.0510024 0.0941542 0.0420106
1 0.075031 0.0501916 0.0900372 0.0281545
32 0.075031 0.0501916 0.0900372 0.0281545
103 0.509821 0.38296 0.941688 0.660967
66 0.510601 0.960495 0.946365 0.0790094
77 0.499687 0.489461 0.943247 0.44207
78 0.508262 0.885613 0.941688 0.228774
84 0.504364 0.372936 0.943247 0.690448
3 0.0740566 0.0518684 0.088673 0.0262751
105 0.503585 0.959906 0.957279 0.0801886
67 0.509821 0.38296 0.941688 0.660967
48 0.514109 0.447229 0.920641 0.54658
66 0.51216 0.934552 0.952602 0.130896
53 0.504364 0.372936 0.943247 0.690448
76 0.514109 0.447229 0.920641 0.54658
33 0.0926682 0.0525501 0.0479419 0.0238797
74 0.510601 0.960495 0.946365 0.0790094
49 0.49423 0.484965 0.966634 0.478184
8 0.075031 0.0501916 0.0900372 0.0281545
4 0.0761029 0.0468382 0.0839958 0.0221846
33 0.053691 0.052329 0.04268 0.0283019
95 0.4954 0.489387 0.958059 0.441038
67 0.497349 0.489092 0.951043 0.435731
68 0.497349 0.489092 0.951043 0.435731
84 0.4954 0.489387 0.958059 0.441038
111 0.486435 0.49204 0.968193 0.43691
109 0.497349 0.489092 0.951043 0.435731
101 0.486435 0.49204 0.968193 0.43691
56 0.506703 0.486144 0.947925 0.447524
77 0.486435 0.49204 0.968193 0.43691
103 0.506703 0.486144 0.947925 0.447524
102 0.486435 0.49204 0.968193 0.43691
110 0.486435 0.49204 0.968193 0.43691
102 0.618393 0.927476 0.763214 0.145047
53 0.505924 0.490861 0.946366 0.43691
101 0.618393 0.927476 0.763214 0.145047
68 0.618393 0.927476 0.763214 0.145047
77 0.618393 0.927476 0.763214 0.145047
52 0.486435 0.49204 0.968193 0.43691
97 0.4954 0.489387 0.958059 0.441038
67 0.618393 0.927476 0.763214 0.145047
102 0.322926 0.947524 0.645852 0.104953
50 0.618393 0.927476 0.763214 0.145047
54 0.506703 0.486144 0.947925 0.447524
110 0.618393 0.927476 0.763214 0.145047
101 0.322926 0.947524 0.645852 0.104953
76 0.505924 0.490861 0.946366 0.43691
97 0.508262 0.489387 0.943247 0.436321
84 0.510601 0.483564 0.952602 0.44089
111 0.510601 0.493219 0.937011 0.435731
109 0.505144 0.488723 0.940129 0.440006
103 0.508262 0.489387 0.943247 0.436321
99 0.508262 0.489387 0.943247 0.436321
54 0.509042 0.488502 0.946366 0.434552
73 0.510601 0.493219 0.937011 0.435731
48 0.508262 0.489387 0.943247 0.436321
76 0.505144 0.488723 0.940129 0.440006
46 0.508262 0.489387 0.943247 0.436321
52 0.510601 0.483564 0.952602 0.44089
100 0.510601 0.493219 0.937011 0.435731
75 0.508262 0.489387 0.943247 0.436321
56 0.508262 0.489387 0.943247 0.436321
110 0.505144 0.488723 0.940129 0.440006
42 0.510601 0.483564 0.952602 0.44089
101 0.505144 0.488723 0.940129 0.440006
67 0.505144 0.488723 0.940129 0.440006
77 0.505144 0.488723 0.940129 0.440006
41 0.508262 0.489387 0.943247 0.436321
68 0.510601 0.493219 0.937011 0.435731
95 0.510601 0.493219 0.937011 0.435731
102 0.505144 0.488723 0.940129 0.440006
47 0.508262 0.489387 0.943247 0.436321
53 0.510601 0.483564 0.952602 0.44089
17 0.509042 0.488502 0.946366 0.434552
50 0.510601 0.493219 0.937011 0.435731
33 0.509042 0.488502 0.946366 0.434552
0 0.0724001 0.0538031 0.0875037 0.03125
51 0.509431 0.490861 0.951822 0.454599
49 0.510601 0.493219 0.937011 0.435731
80 0.510601 0.483564 0.952602 0.44089
66 0.509042 0.488502 0.946366 0.434552
28 0.510601 0.493219 0.937011 0.435731
6 0.510601 0.493219 0.937011 0.435731
74 0.510601 0.493219 0.937011 0.435731
103 0.505924 0.492261 0.944806 0.452978
84 0.505924 0.492261 0.944806 0.452978
56 0.504364 0.489387 0.943247 0.450472
95 0.505924 0.492261 0.944806 0.452978
52 0.499687 0.501474 0.952602 0.443986
109 0.505924 0.492261 0.944806 0.452978
111 0.505144 0.489976 0.944806 0.446934
105 0.504364 0.489387 0.943247 0.450472
75 0.505924 0.492261 0.944806 0.452978
54 0.505144 0.489976 0.944806 0.446934
80 0.505144 0.489976 0.944806 0.446934
68 0.505924 0.492261 0.944806 0.452978
97 0.520735 0.491745 0.908947 0.449292
53 0.499687 0.501474 0.952602 0.443986
67 0.505924 0.492261 0.944806 0.452978
76 0.505924 0.492261 0.944806 0.452978
33 0.504364 0.489387 0.943247 0.450472
41 0.504364 0.489387 0.943247 0.450472
48 0.505924 0.492261 0.944806 0.452978
84 0.505144 0.48408 0.944806 0.444576
103 0.503585 0.491745 0.944806 0.445755
109 0.540223 0.495578 0.88712 0.443986
95 0.503585 0.491745 0.944806 0.445755
75 0.505144 0.48408 0.944806 0.444576
97 0.540223 0.495578 0.88712 0.443986
76 0.503585 0.491745 0.944806 0.445755
111 0.540223 0.495578 0.88712 0.443986
54 0.505144 0.48408 0.944806 0.444576
110 0.540223 0.495578 0.88712 0.443986
77 0.540223 0.495578 0.88712 0.443986
67 0.503585 0.491745 0.944806 0.445755
68 0.503585 0.491745 0.944806 0.445755
56 0.503585 0.491745 0.944806 0.445755
101 0.540223 0.495578 0.88712 0.443986
74 0.503585 0.491745 0.944806 0.445755
33 0.510991 0.487692 0.937791 0.444428
73 0.503585 0.491745 0.944806 0.445755
99 0.503585 0.491745 0.944806 0.445755
102 0.540223 0.495578 0.88712 0.443986
84 0.516058 0.491451 0.93857 0.447524
95 0.501636 0.491672 0.95494 0.447081
103 0.504364 0.490861 0.915184 0.451061
54 0.504364 0.490861 0.915184 0.451061
75 0.504364 0.490861 0.915184 0.451061
56 0.501636 0.491672 0.95494 0.447081
111 0.501636 0.491672 0.95494 0.447081
109 0.501636 0.491672 0.95494 0.447081
52 0.501636 0.491672 0.95494 0.447081
80 0.504364 0.490861 0.915184 0.451061
67 0.501636 0.491672 0.95494 0.447081
97 0.512939 0.486733 0.916743 0.448703
53 0.505924 0.49344 0.958838 0.440006
110 0.501636 0.491672 0.95494 0.447081
33 0.512939 0.486733 0.916743 0.448703
76 0.504364 0.490861 0.915184 0.451061
68 0.501636 0.491672 0.95494 0.447081
77 0.501636 0.491672 0.95494 0.447081
84 0.517617 0.494693 0.888679 0.445755
103 0.517617 0.494693 0.888679 0.445755
75 0.518007 0.492335 0.889459 0.45283
54 0.520735 0.493514 0.891797 0.446934
80 0.521514 0.494178 0.893357 0.452683
52 0.521514 0.494178 0.893357 0.452683
53 0.520735 0.493219 0.882443 0.447524
48 0.520735 0.493219 0.882443 0.447524
111 0.520735 0.493219 0.882443 0.447524
67 0.520735 0.493219 0.882443 0.447524
56 0.520735 0.493219 0.882443 0.447524
95 0.520735 0.493219 0.882443 0.447524
68 0.520735 0.493219 0.882443 0.447524
109 0.517617 0.494693 0.888679 0.445755
42 0.521514 0.494178 0.893357 0.452683
66 0.517617 0.494693 0.888679 0.445755
76 0.520735 0.493219 0.882443 0.447524
0 0.0714257 0.0527897 0.0859446 0.0297391
108 0.520735 0.493219 0.882443 0.447524
74 0.519176 0.488724 0.888679 0.451798
0 0.0858472 0.0527528 0.0586606 0.0286335
77 0.520735 0.493219 0.882443 0.447524
50 0.520735 0.493219 0.882443 0.447524
84 0.525412 0.495873 0.90427 0.451651
103 0.525412 0.495873 0.90427 0.451651
54 0.517617 0.491156 0.90427 0.456368
80 0.517617 0.491156 0.90427 0.456368
75 0.525412 0.495873 0.90427 0.451651
52 0.517617 0.491156 0.90427 0.456368
53 0.517617 0.491156 0.90427 0.456368
33 0.520735 0.487544 0.888679 0.450619
84 0.522294 0.490861 0.908947 0.443986
103 0.530089 0.490271 0.901152 0.443986
109 0.531259 0.488208 0.889459 0.439858
111 0.531259 0.488208 0.889459 0.439858
95 0.52931 0.491156 0.899593 0.446934
77 0.531259 0.488208 0.889459 0.439858
56 0.531259 0.488208 0.889459 0.439858
68 0.531259 0.488208 0.889459 0.439858
0 0.0720103 0.050339 0.0898423 0.0259434
5 0.0720103 0.050339 0.0898423 0.0259434
67 0.531259 0.488208 0.889459 0.439858
8 0.0720103 0.050339 0.0898423 0.0259434
75 0.52892 0.487913 0.900372 0.442807
33 0.0719616 0.0492335 0.0876012 0.021816
16 0.0720103 0.050339 0.0898423 0.0259434
7 0.0720103 0.050339 0.0898423 0.0259434
1 0.0720103 0.050339 0.0898423 0.0259434
54 0.52931 0.491156 0.899593 0.446934
6 0.0720103 0.050339 0.0898423 0.0259434
52 0.531259 0.488208 0.889459 0.439858
25 0.0720103 0.050339 0.0898423 0.0259434
18 0.0739592 0.0491045 0.0882833 0.0235481
14 0.0720103 0.050339 0.0898423 0.0259434
3 0.0720103 0.050339 0.0898423 0.0259434
10 0.0720103 0.050339 0.0898423 0.0259434
32 0.0720103 0.050339 0.0898423 0.0259434
20 0.0739592 0.0491045 0.0882833 0.0235481
76 0.526192 0.488208 0.896475 0.442217
33 0.0656765 0.0466907 0.0685998 0.0215949
15 0.0739592 0.0491045 0.0882833 0.0235481
4 0.0720103 0.050339 0.0898423 0.0259434
110 0.531259 0.488208 0.889459 0.439858
9 0.0720103 0.050339 0.0898423 0.0259434
66 0.52931 0.491156 0.899593 0.446934
53 0.531259 0.488208 0.889459 0.439858
97 0.531259 0.488208 0.889459 0.439858
80 0.530089 0.490271 0.901152 0.443986
101 0.531259 0.488208 0.889459 0.439858
24 0.0739592 0.0491045 0.0882833 0.0235481
30 0.0720103 0.050339 0.0898423 0.0259434
103 0.51138 0.489387 0.907388 0.449292
95 0.521904 0.489976 0.8879 0.442217
84 0.51138 0.489387 0.907388 0.449292
109 0.518396 0.492335 0.896475 0.448113
67 0.521904 0.489976 0.8879 0.442217
56 0.509821 0.489387 0.90427 0.444576
68 0.521904 0.489976 0.8879 0.442217
105 0.512939 0.48467 0.910507 0.45283
80 0.51138 0.489387 0.907388 0.449292
52 0.509821 0.489387 0.90427 0.444576
104 0.512939 0.48467 0.910507 0.45283
76 0.509821 0.489387 0.90427 0.444576
111 0.509821 0.489387 0.90427 0.444576
84 0.517617 0.491156 0.913625 0.435142
103 0.515668 0.490861 0.914404 0.435731
95 0.525412 0.486439 0.899593 0.444576
109 0.52853 0.487692 0.899593 0.444428
54 0.517227 0.494693 0.915963 0.441038
67 0.517227 0.494693 0.915963 0.441038
68 0.517227 0.494693 0.915963 0.441038
75 0.515668 0.490861 0.914404 0.435731
52 0.517227 0.494693 0.915963 0.441038
33 0.0429236 0.370873 0.0823392 0.0483491
80 0.517227 0.494693 0.915963 0.441038
7 0.0510479 0.372642 0.0896718 0.0483491
33 0.0324485 0.366156 0.0635328 0.0471698
84 0.518786 0.488797 0.90505 0.442217
103 0.519955 0.487323 0.905829 0.445165
109 0.530869 0.489092 0.860616 0.441627
95 0.530869 0.489092 0.860616 0.441627
75 0.518786 0.488797 0.90505 0.442217
80 0.519955 0.487323 0.905829 0.445165
56 0.519955 0.487323 0.905829 0.445165
76 0.519955 0.487323 0.905829 0.445165
54 0.519955 0.487323 0.905829 0.445165
103 0.526192 0.494104 0.896475 0.433962
84 0.519955 0.488797 0.902711 0.438679
95 0.526192 0.494104 0.896475 0.433962
75 0.519955 0.488797 0.902711 0.438679
16 0.093935 0.372642 0.064897 0.0465802
80 0.523853 0.49263 0.898034 0.43809
0 0.093935 0.372642 0.064897 0.0465802
18 0.093935 0.372642 0.064897 0.0465802
15 0.093935 0.372642 0.064897 0.0465802
109 0.526192 0.494104 0.896475 0.433962
0 0.0760298 0.370873 0.101682 0.0495283
18 0.0597325 0.370873 0.0933503 0.0495283
15 0.0760298 0.370873 0.101682 0.0495283
8 0.093935 0.372642 0.064897 0.0465802
16 0.0597325 0.370873 0.0933503 0.0495283
84 0.522294 0.49263 0.898034 0.439269
103 0.522294 0.49263 0.898034 0.439269
52 0.521125 0.485333 0.915963 0.445607
80 0.525412 0.488208 0.90427 0.448113
54 0.517617 0.489903 0.907388 0.43293
11 0.946366 0.92158 0.0779543 0.104953
53 0.521125 0.485333 0.915963 0.445607
95 0.522294 0.49263 0.898034 0.439269
84 0.51177 0.487028 0.920641 0.448113
109 0.521514 0.490271 0.899593 0.439269
103 0.516447 0.488871 0.915963 0.446787
95 0.521514 0.490271 0.899593 0.439269
75 0.516447 0.488871 0.915963 0.446787
103 0.42183 0.88296 0.557958 0.23408
109 0.502805 0.0849794 0.946366 0.169959
54 0.51177 0.487028 0.920641 0.448113
95 0.525412 0.490566 0.879325 0.443396
84 0.513719 0.492925 0.910506 0.441038
103 0.512939 0.489903 0.910507 0.437647
52 0.514109 0.488797 0.911286 0.451651
67 0.512939 0.489903 0.910507 0.437647
80 0.514109 0.488797 0.911286 0.451651
53 0.514109 0.488797 0.911286 0.451651
56 0.524633 0.488871 0.890238 0.450324
68 0.514109 0.488797 0.911286 0.451651
109 0.524633 0.488871 0.890238 0.450324
54 0.514109 0.488797 0.911286 0.451651
22 0.556594 0.49263 0.809166 0.446344
84 0.522294 0.487323 0.888679 0.449882
103 0.515278 0.491451 0.894916 0.447524
53 0.516447 0.491229 0.914404 0.443249
54 0.516447 0.491229 0.914404 0.443249
95 0.515278 0.488134 0.902711 0.448261
0 0.0742515 0.0504864 0.0865293 0.0235849
67 0.516447 0.491229 0.914404 0.443249
0 0.0738617 0.0402417 0.0845804 0.0350825
109 0.516447 0.491229 0.914404 0.443249
52 0.513329 0.485186 0.906609 0.450619
68 0.516447 0.491229 0.914404 0.443249
7 0.0925708 0.371757 0.0775646 0.0495283
84 0.519176 0.487544 0.907388 0.444723
103 0.521125 0.489387 0.912845 0.449292
109 0.519176 0.487544 0.907388 0.444723
0 0.081852 0.37559 0.0572964 0.0377358
95 0.524243 0.488502 0.891018 0.445165
7 0.083606 0.380896 0.0604146 0.0400943
18 0.081852 0.37559 0.0572964 0.0377358
84 0.523853 0.489313 0.916743 0.444723
103 0.523853 0.489682 0.905829 0.440448
109 0.519955 0.491451 0.902711 0.443986
18 0.0425947 0.369693 0.0592209 0.0400944
18 0.0878935 0.376179 0.0537885 0.0389151
18 0.0743002 0.375 0.0581734 0.0400943
18 0.0445801 0.363502 0.0510601 0.035967
18 0.0866267 0.383844 0.0553476 0.0330189
18 0.0353231 0.363797 0.0579785 0.0400943
16 0.0878935 0.376179 0.0537885 0.0389151
18 0.0316689 0.389151 0.0557373 0.0259434
18 0.0392817 0.385908 0.0646777 0.035967
18 0.0995867 0.372936 0.0684049 0.0424528
18 0.0785146 0.385613 0.0569554 0.0330189
15 0.0425947 0.369693 0.0592209 0.0400944
15 0.0878935 0.376179 0.0537885 0.0389151
16 0.0866267 0.383844 0.0553476 0.0330189
16 0.0425947 0.369693 0.0592209 0.0400944
18 0.112254 0.371462 0.0615839 0.0400943
75 0.523853 0.489682 0.905829 0.440448
16 0.0743002 0.375 0.0581734 0.0400943
15 0.0743002 0.375 0.0581734 0.0400943
18 0.122973 0.370873 0.0588555 0.0371462
14 0.0866267 0.383844 0.0553476 0.0330189
24 0.0924733 0.37559 0.0596351 0.0389151
18 0.0534474 0.384434 0.0688921 0.0371462
84 0.518396 0.491745 0.919861 0.45283
103 0.524633 0.493219 0.898034 0.447524
109 0.509042 0.49344 0.915184 0.444723
95 0.509042 0.49344 0.915184 0.444723
84 0.509042 0.491156 0.916743 0.446934
103 0.508652 0.487692 0.919082 0.451504
95 0.510601 0.490271 0.908947 0.442807
109 0.517617 0.491819 0.888679 0.44207
80 0.502805 0.492409 0.927656 0.446787
68 0.502805 0.492409 0.927656 0.446787
84 0.51177 0.491451 0.912845 0.447524
103 0.519955 0.492261 0.901152 0.447081
95 0.519955 0.492261 0.901152 0.447081
53 0.51216 0.492409 0.915184 0.444428
67 0.51177 0.492925 0.900372 0.448113
80 0.51216 0.492409 0.915184 0.444428
109 0.51177 0.492925 0.900372 0.448113
111 0.51177 0.492925 0.900372 0.448113
84 0.51138 0.489976 0.92142 0.441038
103 0.512939 0.491672 0.919861 0.437647
95 0.519566 0.489092 0.90505 0.441627
80 0.51138 0.489092 0.922979 0.446344
109 0.519566 0.489092 0.90505 0.441627
0 0.072595 0.0502653 0.0859446 0.0246167
53 0.51138 0.489092 0.922979 0.446344
52 0.51138 0.489092 0.922979 0.446344
54 0.51138 0.489092 0.922979 0.446344
33 0.509821 0.492261 0.922979 0.440006
111 0.51138 0.492925 0.910507 0.442217
75 0.512939 0.491672 0.919861 0.437647
67 0.51138 0.492925 0.910507 0.442217
84 0.517617 0.494693 0.905829 0.445755
103 0.51216 0.492335 0.915184 0.442217
95 0.523073 0.490861 0.901152 0.442807
80 0.517617 0.494693 0.905829 0.445755
109 0.517617 0.494693 0.905829 0.445755
84 0.513719 0.490566 0.916743 0.451651
103 0.513329 0.494104 0.912845 0.443396
109 0.516058 0.491082 0.913625 0.452978
0 0.0736181 0.0493809 0.0870165 0.0297759
103 0.737448 0.91421 0.481758 0.17158
102 0.498908 0.0880749 0.947925 0.17615
32 0.0736181 0.0493809 0.0870165 0.0297759
101 0.498908 0.0880749 0.947925 0.17615
6 0.073472 0.0509287 0.087114 0.0266804
103 0.659104 0.907429 0.403024 0.185141
103 0.570236 0.888561 0.342219 0.222877
77 0.498908 0.0880749 0.947925 0.17615
1 0.0736181 0.0493809 0.0870165 0.0297759
84 0.521514 0.491745 0.885561 0.445755
103 0.530479 0.495283 0.881663 0.441038
109 0.525412 0.491156 0.884002 0.446934
75 0.530479 0.495283 0.881663 0.441038
84 0.519955 0.49204 0.896475 0.442807
109 0.519955 0.49204 0.896475 0.442807
103 0.514888 0.49204 0.906609 0.441627
75 0.514499 0.49204 0.907388 0.441627
95 0.514888 0.49204 0.906609 0.441627
56 0.514888 0.49204 0.906609 0.441627
84 0.516447 0.49263 0.891018 0.449882
103 0.516837 0.49204 0.896475 0.447524
109 0.516837 0.495799 0.893357 0.454157
33 0.085969 0.376179 0.0502318 0.0389151
75 0.516837 0.49204 0.896475 0.447524
84 0.51177 0.494104 0.903491 0.438679
103 0.510601 0.491672 0.905829 0.445902
33 0.0714257 0.372642 0.0596351 0.0483491
33 0.0572477 0.372052 0.0663586 0.0483491
33 0.0847997 0.375295 0.0525704 0.0430425
33 0.0437031 0.372052 0.0755183 0.0518868
109 0.49501 0.49204 0.93857 0.448703
75 0.510601 0.491672 0.905829 0.445902
84 0.507872 0.49263 0.912845 0.447524
103 0.509821 0.491451 0.913625 0.448703
109 0.504364 0.492335 0.905829 0.451651
84 0.510601 0.49204 0.890238 0.447524
103 0.51216 0.491672 0.890238 0.443544
33 0.0730822 0.376179 0.0500857 0.0377358
109 0.519955 0.492335 0.884002 0.441038
95 0.519955 0.492335 0.884002 0.441038
84 0.516058 0.488502 0.907388 0.449882
103 0.519176 0.49005 0.907388 0.444428
109 0.515278 0.491745 0.890238 0.450472
84 0.508262 0.49005 0.901152 0.446787
103 0.513329 0.491745 0.906609 0.448113
109 0.519955 0.490271 0.902711 0.448703
84 0.506703 0.490271 0.926097 0.447524
103 0.509821 0.487913 0.926097 0.452241
95 0.51138 0.489976 0.92142 0.446934
109 0.51138 0.489976 0.92142 0.446934
84 0.51216 0.489092 0.908947 0.448703
103 0.512939 0.489313 0.908947 0.44944
109 0.512939 0.489313 0.908947 0.44944
84 0.522294 0.491745 0.898034 0.446934
103 0.519955 0.49204 0.899593 0.443986
95 0.523853 0.492998 0.899593 0.443249
109 0.523853 0.492998 0.899593 0.443249
84 0.509821 0.49263 0.916743 0.441627
0 0.072936 0.0504312 0.0833137 0.0232532
103 0.510991 0.491082 0.915963 0.442364
6 0.072936 0.0504312 0.0833137 0.0232532
0 0.074154 0.0459169 0.0867242 0.0244693
109 0.508262 0.493514 0.907388 0.444576
6 0.074154 0.0459169 0.0867242 0.0244693
32 0.0731309 0.0465065 0.084483 0.0235849
84 0.51216 0.495283 0.910506 0.4375
109 0.520735 0.493809 0.899593 0.445165
103 0.514499 0.493514 0.910507 0.443396
95 0.520735 0.493809 0.899593 0.445165
84 0.513329 0.492335 0.903491 0.444576
109 0.519176 0.49403 0.898034 0.444723
103 0.515278 0.492335 0.902711 0.442217
84 0.514499 0.49204 0.908947 0.445165
109 0.519955 0.49263 0.898034 0.446344
103 0.515278 0.49263 0.907388 0.441627
84 0.518786 0.49204 0.895695 0.442807
109 0.519176 0.49204 0.90427 0.447524
84 0.517617 0.490271 0.898034 0.445165
109 0.51138 0.491745 0.908947 0.448113
84 0.519176 0.489682 0.90427 0.442807
109 0.512939 0.494693 0.92142 0.441038
84 0.515668 0.492335 0.901932 0.444576
103 0.518396 0.491229 0.915184 0.44207
109 0.518396 0.491229 0.915184 0.44207
84 0.516447 0.491451 0.906609 0.441627
109 0.519176 0.491229 0.901152 0.444428
103 0.516837 0.491819 0.910507 0.44207
95 0.519176 0.491229 0.901152 0.444428
84 0.51138 0.491745 0.907388 0.444576
109 0.519176 0.493514 0.894916 0.445755
103 0.519176 0.493514 0.894916 0.445755
111 0.510991 0.491745 0.911286 0.444576
95 0.519176 0.493514 0.894916 0.445755
84 0.516837 0.492925 0.88712 0.448113
109 0.520735 0.49403 0.898034 0.442364
103 0.520735 0.49403 0.898034 0.442364
84 0.518396 0.494767 0.893357 0.445607
103 0.521514 0.495283 0.899593 0.439858
109 0.521514 0.495283 0.899593 0.439858
84 0.518396 0.494399 0.893357 0.446344
109 0.519176 0.494178 0.902711 0.44207
103 0.519176 0.494178 0.902711 0.44207
84 0.519176 0.493514 0.891797 0.446934
109 0.518396 0.494399 0.898034 0.442807
103 0.518396 0.494399 0.898034 0.442807
84 0.519955 0.493219 0.893357 0.447524
109 0.520735 0.494178 0.899593 0.444428
103 0.520735 0.494178 0.899593 0.444428
84 0.515278 0.489682 0.902711 0.445165
109 0.519566 0.492335 0.900372 0.444576
103 0.514888 0.492261 0.909727 0.444723
84 0.512939 0.489682 0.901152 0.445165
109 0.519955 0.493514 0.896475 0.444576
103 0.519955 0.493514 0.896475 0.444576
77 0.487994 0.0931604 0.954161 0.186321
84 0.516837 0.492409 0.888679 0.451504
109 0.519955 0.494104 0.896475 0.446934
103 0.513719 0.492261 0.896475 0.444723
84 0.516058 0.489682 0.894916 0.445165
109 0.520345 0.492261 0.897254 0.447081
103 0.51255 0.491745 0.900372 0.449292
84 0.513329 0.489976 0.900372 0.446934
109 0.515278 0.492998 0.899593 0.449145
103 0.51216 0.491451 0.899593 0.449882
84 0.518007 0.491745 0.889459 0.450472
109 0.519566 0.493809 0.895695 0.446344
103 0.510601 0.492261 0.902711 0.445902
84 0.513719 0.489387 0.896475 0.448113
109 0.516058 0.49344 0.901152 0.445902
103 0.516058 0.49344 0.901152 0.445902
77 0.485655 0.114829 0.957279 0.229658
84 0.513719 0.491082 0.902711 0.445902
109 0.513719 0.491451 0.902711 0.449882
77 0.482927 0.127506 0.958059 0.255012
103 0.51216 0.492261 0.907388 0.444723
84 0.513719 0.488208 0.901152 0.448113
109 0.513719 0.491451 0.902711 0.447524
77 0.483317 0.103258 0.958838 0.206515
84 0.510601 0.487618 0.905829 0.448113
109 0.51255 0.491451 0.90505 0.446344
84 0.51138 0.487618 0.907388 0.449292
84 0.51177 0.487913 0.903491 0.448703
84 0.51177 0.488208 0.901932 0.450472
84 0.51255 0.489092 0.901932 0.448703
109 0.516058 0.49263 0.894916 0.447524
84 0.51216 0.488502 0.901152 0.448703
109 0.516058 0.49263 0.896475 0.446344
84 0.512939 0.488208 0.899593 0.449292
109 0.517227 0.492335 0.894136 0.446934
84 0.513719 0.488281 0.899593 0.449145
109 0.518396 0.49263 0.894916 0.446344
84 0.51216 0.489387 0.902711 0.448113
109 0.518396 0.49263 0.894916 0.446344
84 0.51138 0.488797 0.90427 0.448113
109 0.518396 0.49263 0.894916 0.446344
84 0.519955 0.492409 0.893357 0.446787
84 0.517617 0.492998 0.893357 0.447966
84 0.518396 0.492925 0.891798 0.448113
109 0.510601 0.491451 0.902711 0.445165
84 0.518396 0.49263 0.890238 0.447524
84 0.518396 0.493219 0.890238 0.446344
84 0.518396 0.492925 0.890238 0.445755
109 0.521514 0.492998 0.891797 0.44207
84 0.518396 0.492925 0.890238 0.445755
109 0.521514 0.492851 0.891797 0.441185
84 0.512939 0.489682 0.898034 0.445165
109 0.521514 0.492925 0.891797 0.441038
84 0.512939 0.489461 0.898034 0.445607
109 0.521514 0.492925 0.891797 0.441038
84 0.519176 0.492925 0.891797 0.445755
103 0.532428 0.938679 0.924538 0.122641
84 0.519176 0.492925 0.891797 0.445755
103 0.530869 0.938679 0.927657 0.122641
84 0.519176 0.492925 0.890238 0.445755
84 0.519566 0.493219 0.891018 0.446344
84 0.519566 0.493219 0.891018 0.446344
84 0.519176 0.493219 0.890238 0.445165
84 0.519176 0.493219 0.891797 0.445165
84 0.513719 0.489092 0.898034 0.447524
84 0.512939 0.489313 0.898034 0.447081
84 0.513329 0.489092 0.897254 0.447524
84 0.510601 0.491451 0.899593 0.443986
84 0.512939 0.489092 0.898034 0.447524
84 0.512939 0.489092 0.898034 0.447524
84 0.512939 0.488797 0.898034 0.446934
84 0.512939 0.488797 0.898034 0.446934
84 0.520735 0.493514 0.888679 0.443396
84 0.510601 0.491451 0.898034 0.443986
84 0.520735 0.493514 0.888679 0.443396
84 0.510601 0.491451 0.898034 0.443986
84 0.510601 0.491451 0.898034 0.443986
84 0.510601 0.491451 0.898034 0.443986
84 0.510211 0.491451 0.897254 0.443986
84 0.510601 0.491451 0.898034 0.443986
84 0.510601 0.491451 0.898034 0.443986
84 0.520735 0.49344 0.888679 0.443544
84 0.520345 0.49344 0.8879 0.443544
84 0.520345 0.492998 0.8879 0.443249
84 0.520345 0.49344 0.8879 0.443544
84 0.520345 0.492998 0.8879 0.443249
84 0.519955 0.49344 0.88712 0.443544
84 0.519955 0.492998 0.88712 0.443249
84 0.519955 0.492998 0.88712 0.443249
84 0.519955 0.492925 0.88712 0.443396
84 0.519955 0.493219 0.88712 0.443986
84 0.519955 0.49344 0.88712 0.443544
84 0.519955 0.49344 0.88712 0.443544
84 0.519955 0.49344 0.88712 0.443544
84 0.519955 0.492998 0.88712 0.443249
84 0.519955 0.492998 0.88712 0.443249
84 0.519955 0.49344 0.88712 0.443544
84 0.519955 0.492998 0.88712 0.443249
84 0.519955 0.49344 0.88712 0.443544
84 0.519955 0.493219 0.88712 0.442807
84 0.519955 0.492998 0.88712 0.443249
84 0.519955 0.492998 0.88712 0.443249
84 0.519955 0.493219 0.88712 0.442807
84 0.519955 0.492998 0.88712 0.443249
84 0.519955 0.492998 0.88712 0.443249
84 0.519955 0.492998 0.88712 0.443249
84 0.519955 0.493219 0.88712 0.442807
84 0.519955 0.493219 0.88712 0.442807
84 0.519955 0.493219 0.88712 0.442807
84 0.519955 0.493219 0.88712 0.442807
84 0.519955 0.493219 0.88712 0.442807
84 0.519955 0.492998 0.88712 0.443249
84 0.519955 0.492998 0.88712 0.443249
84 0.519566 0.492925 0.8879 0.443396
84 0.519566 0.492998 0.8879 0.443249
84 0.519566 0.493219 0.8879 0.442807
84 0.519566 0.492998 0.8879 0.443249
84 0.519566 0.492998 0.8879 0.443249
84 0.519566 0.493219 0.8879 0.442807
84 0.519566 0.492925 0.8879 0.443396
84 0.519566 0.492925 0.8879 0.443396
84 0.519566 0.493219 0.8879 0.442807
84 0.519566 0.49344 0.8879 0.443544
84 0.519566 0.492998 0.8879 0.443249
84 0.519176 0.492925 0.888679 0.443396
84 0.519566 0.492925 0.8879 0.443396
84 0.519176 0.492925 0.888679 0.443396
84 0.519176 0.492925 0.888679 0.443396
84 0.519955 0.493219 0.888679 0.443986
84 0.519955 0.492925 0.888679 0.443396
84 0.519176 0.492851 0.888679 0.443544
84 0.519955 0.492925 0.888679 0.443396
84 0.519176 0.492851 0.888679 0.443544
84 0.519176 0.493219 0.888679 0.443986
84 0.519566 0.492998 0.889459 0.444428
84 0.519566 0.492851 0.889459 0.443544
84 0.519566 0.492925 0.889459 0.444576
84 0.519176 0.492998 0.890238 0.444428
84 0.519566 0.492998 0.889459 0.444428
84 0.519176 0.492925 0.890238 0.444576
84 0.519176 0.492925 0.890238 0.444576
84 0.519176 0.492925 0.890238 0.444576
84 0.519176 0.492925 0.890238 0.444576
84 0.519176 0.492925 0.890238 0.444576
84 0.519176 0.492925 0.890238 0.444576
84 0.519176 0.492925 0.890238 0.444576
84 0.519176 0.492925 0.890238 0.444576
84 0.519176 0.492925 0.890238 0.444576
84 0.518786 0.492925 0.891018 0.444576
84 0.518786 0.492925 0.891018 0.444576
84 0.518396 0.492925 0.891798 0.444576
84 0.518396 0.492925 0.891798 0.444576
84 0.518396 0.492925 0.891798 0.444576
84 0.518396 0.492925 0.891798 0.444576
84 0.518396 0.492925 0.891798 0.444576
84 0.518396 0.492925 0.891798 0.444576
84 0.517617 0.492925 0.893357 0.444576
84 0.517617 0.492851 0.893357 0.444723
84 0.517617 0.492925 0.891797 0.444576
84 0.517227 0.492925 0.892577 0.444576
84 0.517227 0.492925 0.892577 0.444576
84 0.516837 0.492925 0.893357 0.444576
84 0.516837 0.492851 0.893357 0.444723
84 0.516837 0.492851 0.893357 0.444723
84 0.516837 0.49263 0.893357 0.445165
84 0.516837 0.49263 0.893357 0.445165
84 0.516837 0.49263 0.893357 0.445165
84 0.516837 0.492851 0.893357 0.444723
84 0.516837 0.49263 0.893357 0.445165
84 0.516837 0.49263 0.893357 0.445165
84 0.516447 0.49263 0.894136 0.445165
84 0.516447 0.49263 0.894136 0.445165
84 0.516058 0.49263 0.894916 0.445165
84 0.516058 0.492925 0.894916 0.445755
84 0.516058 0.492925 0.894916 0.445755
84 0.516058 0.492925 0.894916 0.445755
84 0.515278 0.492925 0.894916 0.445755
84 0.515278 0.492925 0.894916 0.445755
84 0.515278 0.492925 0.894916 0.445755
84 0.515278 0.492925 0.894916 0.445755
84 0.515278 0.492925 0.894916 0.445755
84 0.515278 0.492925 0.894916 0.445755
84 0.515278 0.492925 0.894916 0.445755
84 0.515278 0.492925 0.894916 0.445755
84 0.515278 0.492925 0.894916 0.445755
84 0.515278 0.492925 0.894916 0.445755
84 0.514888 0.492925 0.894136 0.445755
84 0.514888 0.492925 0.894136 0.445755
84 0.515278 0.492925 0.894916 0.445755
84 0.515278 0.492925 0.894916 0.445755
84 0.515278 0.492925 0.894916 0.445755
84 0.515278 0.492925 0.894916 0.445755
84 0.515278 0.492925 0.894916 0.445755
84 0.515278 0.49263 0.894916 0.445165
84 0.514888 0.49263 0.895695 0.445165
84 0.514888 0.49263 0.895695 0.445165
84 0.514888 0.49263 0.895695 0.445165
84 0.515278 0.49263 0.896475 0.445165
84 0.515278 0.49263 0.896475 0.445165
84 0.515278 0.49263 0.896475 0.445165
84 0.515278 0.492925 0.896475 0.445755
84 0.515278 0.492925 0.896475 0.445755
84 0.515278 0.492925 0.896475 0.445755
84 0.515278 0.492925 0.896475 0.445755
84 0.515278 0.492925 0.896475 0.445755
84 0.515278 0.492925 0.896475 0.445755
84 0.515278 0.492925 0.896475 0.445755
84 0.514499 0.492925 0.898034 0.445755
84 0.514888 0.492925 0.897254 0.445755
84 0.514499 0.492925 0.898034 0.445755
84 0.514499 0.492925 0.898034 0.445755
84 0.514499 0.492925 0.898034 0.445755
84 0.514888 0.492925 0.897254 0.445755
84 0.514888 0.492925 0.897254 0.445755
84 0.514888 0.492925 0.897254 0.445755
84 0.514888 0.492925 0.897254 0.445755
84 0.515278 0.492925 0.898034 0.445755
84 0.514499 0.492925 0.898034 0.445755
84 0.514499 0.492925 0.898034 0.445755
84 0.515278 0.492925 0.898034 0.445755
84 0.515278 0.492925 0.898034 0.445755
84 0.515278 0.492925 0.898034 0.445755
84 0.514888 0.492925 0.898813 0.445755
84 0.515278 0.492925 0.898034 0.445755
84 0.514888 0.492925 0.898813 0.445755
84 0.514888 0.492925 0.898813 0.445755
84 0.514888 0.492925 0.898813 0.445755
84 0.514888 0.492925 0.898813 0.445755
84 0.514499 0.492851 0.898034 0.445902
84 0.514888 0.492851 0.898813 0.445902
84 0.514499 0.49263 0.898034 0.446344
84 0.514499 0.49263 0.898034 0.446344
84 0.514499 0.49263 0.898034 0.446344
84 0.514499 0.49263 0.898034 0.446344
84 0.514109 0.49263 0.898813 0.446344
84 0.514499 0.492925 0.898034 0.446934
84 0.514499 0.492925 0.898034 0.446934
84 0.514499 0.49263 0.898034 0.446344
84 0.514499 0.49263 0.898034 0.446344
84 0.514109 0.492925 0.898813 0.446934
84 0.514109 0.492925 0.898813 0.446934
84 0.514499 0.492925 0.898034 0.446934
84 0.514499 0.492998 0.898034 0.446787
84 0.514499 0.492925 0.898034 0.445755
84 0.514499 0.492998 0.898034 0.446787
84 0.514499 0.492998 0.898034 0.446787
84 0.514499 0.492851 0.898034 0.445902
84 0.514499 0.492851 0.898034 0.445902
84 0.514499 0.492925 0.898034 0.446934
84 0.514499 0.49263 0.898034 0.446344
84 0.514499 0.492925 0.898034 0.446934
84 0.514499 0.49263 0.898034 0.446344
84 0.514499 0.49263 0.898034 0.446344
84 0.514499 0.492925 0.898034 0.446934
84 0.513719 0.492925 0.898034 0.446934
84 0.513719 0.49263 0.898034 0.446344
84 0.513719 0.49263 0.898034 0.446344
84 0.513719 0.49263 0.898034 0.446344
84 0.513719 0.49263 0.898034 0.446344
84 0.513719 0.49263 0.898034 0.446344
84 0.513719 0.49263 0.898034 0.446344
84 0.513719 0.49263 0.898034 0.446344
84 0.513719 0.49263 0.898034 0.446344
84 0.512939 0.49263 0.898034 0.446344
84 0.512939 0.49263 0.898034 0.446344
84 0.512939 0.49263 0.898034 0.446344
84 0.512939 0.49263 0.898034 0.446344
84 0.513329 0.49263 0.898813 0.446344
84 0.512939 0.49263 0.899593 0.446344
84 0.513329 0.49263 0.898813 0.446344
84 0.512939 0.492409 0.899593 0.446787
84 0.512939 0.492409 0.899593 0.446787
84 0.512939 0.492409 0.899593 0.446787
84 0.512939 0.492409 0.898034 0.446787
84 0.516058 0.492925 0.894916 0.445755
