50 0.498814 0.487981 0.94767 0.313702
68 0.507792 0.457933 0.94845 0.367788
48 0.507792 0.457933 0.94845 0.367788
49 0.506621 0.455529 0.944547 0.376202
54 0.506621 0.455529 0.944547 0.376202
53 0.506621 0.455529 0.944547 0.376202
104 0.506621 0.455529 0.944547 0.376202
103 0.504279 0.471154 0.960159 0.341346
101 0.507792 0.457933 0.94845 0.367788
109 0.502718 0.461839 0.955476 0.357572
95 0.507792 0.457933 0.94845 0.367788
111 0.502718 0.461839 0.955476 0.357572
79 0.502718 0.461839 0.955476 0.357572
73 0.507792 0.457933 0.94845 0.367788
76 0.506621 0.455529 0.944547 0.376202
67 0.506621 0.455529 0.944547 0.376202
74 0.506621 0.455529 0.944547 0.376202
75 0.507792 0.457933 0.94845 0.367788
84 0.502718 0.461839 0.955476 0.357572
17 0.504279 0.471154 0.960159 0.341346
46 0.506621 0.455529 0.944547 0.376202
56 0.502718 0.461839 0.955476 0.357572
110 0.504279 0.471154 0.960159 0.341346
100 0.507792 0.457933 0.94845 0.367788
42 0.499595 0.490084 0.946108 0.308293
77 0.507792 0.457933 0.94845 0.367788
97 0.506621 0.455529 0.944547 0.376202
66 0.507792 0.457933 0.94845 0.367788
47 0.507011 0.430814 0.945328 0.432843
99 0.502718 0.454627 0.949231 0.386418
81 0.506621 0.455529 0.944547 0.376202
102 0.506621 0.455529 0.944547 0.376202
108 0.504279 0.471154 0.960159 0.341346
54 0.526917 0.503005 0.921129 0.272837
41 0.502718 0.461839 0.955476 0.357572
105 0.507792 0.457933 0.94845 0.367788
33 0.504279 0.471154 0.960159 0.341346
53 0.526917 0.503005 0.921129 0.272837
14 0.504279 0.471154 0.960159 0.341346
48 0.572192 0.504808 0.824332 0.272837
47 0.500376 0.494892 0.963282 0.298678
51 0.504279 0.471154 0.960159 0.341346
50 0.508182 0.419471 0.957037 0.4375
34 0.507792 0.457933 0.94845 0.367788
80 0.502718 0.461839 0.955476 0.357572
78 0.507792 0.457933 0.94845 0.367788
38 0.499595 0.490084 0.946108 0.308293
49 0.526917 0.503005 0.921129 0.272837
11 0.499595 0.490084 0.946108 0.308293
31 0.502718 0.461839 0.955476 0.357572
26 0.507792 0.457933 0.94845 0.367788
7 0.499595 0.490084 0.946108 0.308293
74 0.526917 0.503005 0.921129 0.272837
94 0.499595 0.490084 0.946108 0.308293
67 0.526917 0.503005 0.921129 0.272837
65 0.498814 0.487981 0.94767 0.313702
16 0.504279 0.471154 0.960159 0.341346
28 0.507792 0.457933 0.94845 0.367788
104 0.526917 0.503005 0.921129 0.272837
0 0.502718 0.461839 0.955476 0.357572
15 0.504279 0.471154 0.960159 0.341346
12 0.504279 0.471154 0.960159 0.341346
76 0.526917 0.503005 0.921129 0.272837
101 0.572192 0.504808 0.824332 0.272837
21 0.502718 0.461839 0.955476 0.357572
81 0.526917 0.503005 0.921129 0.272837
5 0.500376 0.452224 0.969527 0.380409
92 0.502718 0.461839 0.955476 0.357572
109 0.572192 0.504808 0.824332 0.272837
4 0.500376 0.452224 0.969527 0.380409
46 0.526917 0.503005 0.921129 0.272837
13 0.498814 0.487981 0.94767 0.313702
52 0.500376 0.482572 0.969527 0.314904
50 0.626836 0.44982 0.713484 0.388822
84 0.572192 0.504808 0.824332 0.272837
55 0.502718 0.461839 0.955476 0.357572
50 0.650645 0.499399 0.665867 0.270433
48 0.497253 0.409781 0.982017 0.503756
50 0.498034 0.405349 0.991384 0.501803
46 0.499595 0.411133 0.961721 0.492638
99 0.497253 0.409781 0.982017 0.503756
111 0.501937 0.420373 0.960159 0.476562
101 0.50545 0.438627 0.957817 0.43765
68 0.501937 0.420373 0.960159 0.476562
110 0.499985 0.410156 0.989042 0.499399
49 0.498034 0.405349 0.991384 0.501803
75 0.497253 0.409781 0.982017 0.503756
77 0.498034 0.405349 0.991384 0.501803
100 0.501937 0.420373 0.960159 0.476562
84 0.497253 0.409781 0.982017 0.503756
47 0.497253 0.409781 0.982017 0.503756
51 0.497253 0.409781 0.982017 0.503756
109 0.497253 0.409781 0.982017 0.503756
73 0.50545 0.438627 0.957817 0.43765
102 0.498034 0.405349 0.991384 0.501803
48 0.659231 0.407752 0.664305 0.499399
67 0.50545 0.438627 0.957817 0.43765
95 0.498034 0.405349 0.991384 0.501803
53 0.499985 0.410156 0.989042 0.499399
56 0.501937 0.420373 0.960159 0.476562
76 0.501937 0.420373 0.960159 0.476562
103 0.50545 0.438627 0.957817 0.43765
52 0.498424 0.407151 0.982797 0.504207
54 0.501937 0.420373 0.960159 0.476562
111 0.498814 0.842849 0.944547 0.314303
97 0.498034 0.405349 0.991384 0.501803
105 0.497253 0.409781 0.982017 0.503756
48 0.501937 0.85006 0.955476 0.29988
50 0.501937 0.85006 0.955476 0.29988
68 0.496082 0.882812 0.937522 0.234375
50 0.623616 0.364258 0.729292 0.413311
74 0.499595 0.411133 0.961721 0.492638
50 0.497253 0.904447 0.964843 0.191106
50 0.461345 0.464243 0.863363 0.415264
104 0.499985 0.410156 0.989042 0.499399
66 0.498034 0.405349 0.991384 0.501803
46 0.498814 0.876803 0.969527 0.246394
41 0.498034 0.405349 0.991384 0.501803
80 0.499985 0.410156 0.989042 0.499399
48 0.702165 0.355769 0.56907 0.390625
109 0.498814 0.842849 0.944547 0.314303
49 0.659231 0.407752 0.664305 0.499399
38 0.501156 0.406325 0.972649 0.496244
48 0.336056 0.908654 0.672112 0.182692
81 0.498034 0.405349 0.991384 0.501803
111 0.623616 0.364258 0.729292 0.413311
110 0.501937 0.85006 0.955476 0.29988
101 0.498034 0.884014 0.946108 0.231971
109 0.659231 0.407752 0.664305 0.499399
99 0.498814 0.842849 0.944547 0.314303
50 0.501156 0.331731 0.989823 0.663462
48 0.501156 0.331731 0.989823 0.663462
49 0.501156 0.331731 0.989823 0.663462
100 0.501156 0.331731 0.989823 0.663462
68 0.507401 0.382888 0.975772 0.559946
51 0.501156 0.331731 0.989823 0.663462
50 0.487886 0.423753 0.957037 0.471004
99 0.501156 0.331731 0.989823 0.663462
76 0.501156 0.331731 0.989823 0.663462
46 0.505059 0.330228 0.978894 0.660457
75 0.501156 0.331731 0.989823 0.663462
49 0.487886 0.423753 0.957037 0.471004
48 0.487886 0.423753 0.957037 0.471004
47 0.501156 0.331731 0.989823 0.663462
73 0.501156 0.331731 0.989823 0.663462
68 0.503498 0.23137 0.969527 0.46274
48 0.503498 0.23137 0.969527 0.46274
100 0.487886 0.423753 0.957037 0.471004
50 0.501156 0.170673 0.97421 0.341346
52 0.501156 0.331731 0.989823 0.663462
101 0.507401 0.382888 0.975772 0.559946
97 0.501156 0.331731 0.989823 0.663462
53 0.501156 0.331731 0.989823 0.663462
109 0.501156 0.331731 0.989823 0.663462
99 0.487886 0.423753 0.957037 0.471004
49 0.503498 0.23137 0.969527 0.46274
84 0.501156 0.331731 0.989823 0.663462
50 0.489837 0.497596 0.953134 0.33774
48 0.498424 0.160457 0.989042 0.320913
51 0.487886 0.423753 0.957037 0.471004
100 0.503498 0.23137 0.969527 0.46274
101 0.503498 0.23137 0.969527 0.46274
77 0.507401 0.382888 0.975772 0.559946
111 0.501156 0.331731 0.989823 0.663462
76 0.487886 0.423753 0.957037 0.471004
46 0.487886 0.423753 0.957037 0.471004
53 0.503498 0.23137 0.969527 0.46274
49 0.498424 0.160457 0.989042 0.320913
68 0.498424 0.160457 0.989042 0.320913
110 0.507401 0.382888 0.975772 0.559946
102 0.503498 0.23137 0.969527 0.46274
68 0.494131 0.402344 0.988262 0.804687
102 0.501156 0.331731 0.989823 0.663462
77 0.503498 0.23137 0.969527 0.46274
47 0.487886 0.423753 0.957037 0.471004
51 0.503498 0.23137 0.969527 0.46274
48 0.489837 0.497596 0.953134 0.33774
46 0.503498 0.23137 0.969527 0.46274
101 0.498424 0.160457 0.989042 0.320913
75 0.503498 0.23137 0.969527 0.46274
76 0.503498 0.23137 0.969527 0.46274
50 0.50545 0.0715144 0.965624 0.143029
68 0.489837 0.497596 0.953134 0.33774
110 0.503498 0.23137 0.969527 0.46274
48 0.50545 0.0715144 0.965624 0.143029
100 0.498424 0.160457 0.989042 0.320913
49 0.489837 0.497596 0.953134 0.33774
50 0.500376 0.110051 0.980455 0.220102
109 0.503498 0.23137 0.969527 0.46274
73 0.487886 0.423753 0.957037 0.471004
67 0.503498 0.23137 0.969527 0.46274
95 0.497253 0.239633 0.985139 0.479267
99 0.503498 0.23137 0.969527 0.46274
52 0.487886 0.423753 0.957037 0.471004
67 0.501156 0.331731 0.989823 0.663462
100 0.489837 0.497596 0.953134 0.33774
46 0.498424 0.160457 0.989042 0.320913
51 0.498424 0.160457 0.989042 0.320913
102 0.498424 0.160457 0.989042 0.320913
73 0.503498 0.23137 0.969527 0.46274
47 0.503498 0.23137 0.969527 0.46274
75 0.487886 0.423753 0.957037 0.471004
68 0.50545 0.0715144 0.965624 0.143029
101 0.494131 0.402344 0.988262 0.804687
109 0.487886 0.423753 0.957037 0.471004
111 0.503498 0.23137 0.969527 0.46274
102 0.506621 0.445388 0.978894 0.422927
17 0.501156 0.331731 0.989823 0.663462
84 0.503498 0.23137 0.969527 0.46274
52 0.503498 0.23137 0.969527 0.46274
53 0.487886 0.423753 0.957037 0.471004
49 0.50545 0.0715144 0.965624 0.143029
111 0.487886 0.423753 0.957037 0.471004
77 0.498424 0.160457 0.989042 0.320913
53 0.498424 0.160457 0.989042 0.320913
76 0.498424 0.160457 0.989042 0.320913
33 0.501156 0.331731 0.989823 0.663462
99 0.489837 0.497596 0.953134 0.33774
75 0.498424 0.160457 0.989042 0.320913
100 0.50545 0.0715144 0.965624 0.143029
47 0.498424 0.160457 0.989042 0.320913
99 0.498424 0.160457 0.989042 0.320913
101 0.50545 0.0715144 0.965624 0.143029
77 0.494131 0.402344 0.988262 0.804687
51 0.501156 0.0655048 0.977333 0.13101
73 0.498424 0.160457 0.989042 0.320913
42 0.501156 0.331731 0.989823 0.663462
110 0.498424 0.160457 0.989042 0.320913
80 0.501156 0.331731 0.989823 0.663462
95 0.501156 0.170673 0.97421 0.341346
97 0.487886 0.423753 0.957037 0.471004
95 0.496082 0.33774 0.990604 0.675481
110 0.494131 0.402344 0.988262 0.804687
101 0.489837 0.497596 0.953134 0.33774
46 0.50545 0.0715144 0.965624 0.143029
53 0.50545 0.0715144 0.965624 0.143029
100 0.503108 0.432016 0.970307 0.459285
76 0.503108 0.432016 0.970307 0.459285
97 0.502718 0.427284 0.952353 0.457933
73 0.503108 0.432016 0.970307 0.459285
50 0.503108 0.432016 0.970307 0.459285
48 0.503108 0.432016 0.970307 0.459285
75 0.502718 0.427284 0.952353 0.457933
47 0.496473 0.411959 0.958598 0.492188
84 0.497253 0.408579 0.960159 0.489333
46 0.503108 0.432016 0.970307 0.459285
103 0.503498 0.411959 0.953914 0.489784
42 0.489447 0.41226 0.975772 0.484375
68 0.495302 0.418344 0.959379 0.491436
49 0.495302 0.418344 0.959379 0.491436
99 0.503108 0.432016 0.970307 0.459285
109 0.503498 0.411959 0.953914 0.489784
80 0.497253 0.408579 0.960159 0.489333
111 0.495302 0.418344 0.959379 0.491436
110 0.503108 0.432016 0.970307 0.459285
51 0.496473 0.411959 0.958598 0.492188
77 0.495302 0.418344 0.959379 0.491436
101 0.495302 0.418344 0.959379 0.491436
54 0.489447 0.41226 0.975772 0.484375
74 0.497253 0.408579 0.960159 0.489333
33 0.489447 0.41226 0.975772 0.484375
53 0.496473 0.411959 0.958598 0.492188
95 0.542529 0.408654 0.87273 0.481971
52 0.503498 0.407527 0.946108 0.485427
102 0.495302 0.418344 0.959379 0.491436
67 0.542529 0.408654 0.87273 0.481971
41 0.497253 0.408579 0.960159 0.489333
12 0.965624 0.769231 0.0624494 0.0384615
17 0.503498 0.407527 0.946108 0.485427
32 0.502718 0.427284 0.952353 0.457933
66 0.489447 0.415189 0.978894 0.484525
73 0.599417 0.405048 0.749588 0.47476
8 0.502718 0.427284 0.952353 0.457933
48 0.599417 0.405048 0.749588 0.47476
68 0.32864 0.441031 0.628397 0.429237
100 0.599417 0.405048 0.749588 0.47476
12 0.967966 0.766827 0.0562044 0.0252404
28 0.502718 0.427284 0.952353 0.457933
68 0.174273 0.457632 0.331762 0.392428
2 0.502718 0.427284 0.952353 0.457933
56 0.527697 0.407151 0.894587 0.48137
68 0.427388 0.468149 0.825113 0.394231
50 0.599417 0.405048 0.749588 0.47476
76 0.599417 0.405048 0.749588 0.47476
68 0.238869 0.432993 0.452758 0.453726
9 0.489447 0.41226 0.975772 0.484375
76 0.502718 0.396635 0.963282 0.504808
49 0.50623 0.400841 0.96094 0.5
48 0.511304 0.398438 0.957037 0.485577
97 0.502718 0.396635 0.963282 0.504808
50 0.50623 0.400841 0.96094 0.5
54 0.501937 0.401442 0.980455 0.489183
56 0.498814 0.402945 0.982017 0.498197
100 0.50623 0.400841 0.96094 0.5
111 0.502718 0.396635 0.963282 0.504808
99 0.502718 0.396635 0.963282 0.504808
53 0.501937 0.401442 0.980455 0.489183
84 0.498814 0.402945 0.982017 0.498197
73 0.502718 0.396635 0.963282 0.504808
68 0.50623 0.400841 0.96094 0.5
47 0.511304 0.398438 0.957037 0.485577
42 0.501937 0.401442 0.980455 0.489183
80 0.501937 0.401442 0.980455 0.489183
77 0.50623 0.400841 0.96094 0.5
101 0.50623 0.400841 0.96094 0.5
51 0.511304 0.398438 0.957037 0.485577
52 0.511304 0.398438 0.957037 0.485577
67 0.502718 0.396635 0.963282 0.504808
110 0.50623 0.400841 0.96094 0.5
41 0.498814 0.402945 0.982017 0.498197
108 0.506621 0.403771 0.957037 0.50015
103 0.498814 0.402945 0.982017 0.498197
95 0.502718 0.396635 0.963282 0.504808
109 0.50623 0.400841 0.96094 0.5
46 0.501937 0.401442 0.980455 0.489183
102 0.505059 0.433293 0.953914 0.460337
75 0.498814 0.402945 0.982017 0.498197
33 0.506621 0.403771 0.957037 0.50015
74 0.502718 0.396635 0.963282 0.504808
17 0.502718 0.396635 0.963282 0.504808
105 0.506621 0.403771 0.957037 0.50015
104 0.506621 0.403771 0.957037 0.50015
79 0.506621 0.403771 0.957037 0.50015
48 0.490228 0.483474 0.942986 0.346755
66 0.502718 0.396635 0.963282 0.504808
81 0.506621 0.403771 0.957037 0.50015
78 0.511304 0.398438 0.957037 0.485577
50 0.498814 0.480168 0.961721 0.340144
73 0.507401 0.40655 0.936741 0.48137
50 0.507401 0.40655 0.936741 0.48137
76 0.507401 0.40655 0.936741 0.48137
99 0.507401 0.40655 0.936741 0.48137
46 0.507401 0.40655 0.936741 0.48137
75 0.500766 0.40655 0.950011 0.478966
49 0.499205 0.414062 0.959379 0.479567
48 0.490228 0.418945 0.980455 0.478215
100 0.507401 0.40655 0.936741 0.48137
47 0.491399 0.41226 0.974991 0.480769
97 0.491399 0.41226 0.974991 0.480769
51 0.490228 0.418945 0.980455 0.478215
84 0.491399 0.41226 0.974991 0.480769
103 0.491399 0.41226 0.974991 0.480769
77 0.507401 0.40655 0.936741 0.48137
109 0.507401 0.40655 0.936741 0.48137
54 0.494131 0.406776 0.972649 0.476112
111 0.490228 0.418945 0.980455 0.478215
41 0.500766 0.40655 0.950011 0.478966
74 0.500766 0.40655 0.950011 0.478966
110 0.499205 0.414062 0.959379 0.479567
66 0.500766 0.40655 0.950011 0.478966
101 0.499205 0.414062 0.959379 0.479567
102 0.507401 0.40655 0.936741 0.48137
53 0.490228 0.418945 0.980455 0.478215
33 0.500766 0.40655 0.950011 0.478966
42 0.501156 0.412936 0.952353 0.479417
68 0.507401 0.40655 0.936741 0.48137
67 0.490228 0.418945 0.980455 0.478215
80 0.501156 0.412936 0.952353 0.479417
52 0.501156 0.412936 0.952353 0.479417
99 0.501937 0.40625 0.955476 0.478365
73 0.501937 0.40625 0.955476 0.478365
46 0.501937 0.40625 0.955476 0.478365
48 0.503108 0.414663 0.954695 0.463942
50 0.503108 0.414663 0.954695 0.463942
51 0.505059 0.402644 0.955476 0.481971
100 0.501937 0.40625 0.955476 0.478365
49 0.503108 0.414663 0.954695 0.463942
47 0.503108 0.414663 0.954695 0.463942
76 0.501937 0.40625 0.955476 0.478365
97 0.489447 0.408954 0.978894 0.477764
41 0.489447 0.408954 0.978894 0.477764
75 0.489447 0.408954 0.978894 0.477764
42 0.489447 0.408954 0.978894 0.477764
17 0.49335 0.411358 0.971088 0.483774
54 0.489447 0.408954 0.978894 0.477764
111 0.505059 0.402644 0.955476 0.481971
103 0.49335 0.411358 0.971088 0.483774
110 0.501937 0.40625 0.955476 0.478365
84 0.49335 0.411358 0.971088 0.483774
48 0.520672 0.407151 0.916445 0.482572
47 0.508182 0.420373 0.933618 0.472957
73 0.508182 0.420373 0.933618 0.472957
50 0.508182 0.420373 0.933618 0.472957
99 0.508182 0.420373 0.933618 0.472957
100 0.508182 0.420373 0.933618 0.472957
46 0.508182 0.420373 0.933618 0.472957
76 0.508182 0.420373 0.933618 0.472957
49 0.508182 0.420373 0.933618 0.472957
42 0.506621 0.41226 0.944547 0.481971
111 0.506621 0.41226 0.944547 0.481971
97 0.506621 0.41226 0.944547 0.481971
54 0.506621 0.41226 0.944547 0.481971
52 0.51833 0.411358 0.918006 0.476562
51 0.507792 0.420673 0.93596 0.46274
105 0.491008 0.40918 0.969527 0.47491
103 0.520672 0.407151 0.916445 0.482572
84 0.520672 0.407151 0.916445 0.482572
53 0.506621 0.41226 0.944547 0.481971
80 0.506621 0.41226 0.944547 0.481971
75 0.506621 0.405349 0.938302 0.488582
33 0.506621 0.41226 0.944547 0.481971
101 0.508182 0.420373 0.933618 0.472957
41 0.506621 0.405349 0.938302 0.488582
56 0.520672 0.407151 0.916445 0.482572
109 0.508182 0.420373 0.933618 0.472957
66 0.506621 0.41226 0.944547 0.481971
17 0.506621 0.41226 0.944547 0.481971
77 0.508182 0.420373 0.933618 0.472957
108 0.506621 0.41226 0.944547 0.481971
34 0.508182 0.420373 0.933618 0.472957
110 0.508182 0.420373 0.933618 0.472957
51 0.502718 0.409255 0.953914 0.490385
73 0.502718 0.40625 0.939863 0.492788
47 0.502718 0.409255 0.953914 0.490385
100 0.502718 0.40625 0.939863 0.492788
48 0.502718 0.409255 0.953914 0.490385
50 0.499595 0.41256 0.949231 0.463341
99 0.511695 0.408654 0.92347 0.480769
76 0.506621 0.402344 0.938302 0.486178
46 0.502718 0.40625 0.939863 0.492788
49 0.502718 0.40625 0.939863 0.492788
97 0.502718 0.40625 0.939863 0.492788
42 0.504669 0.408729 0.942205 0.498648
75 0.499595 0.41256 0.949231 0.463341
111 0.502718 0.40625 0.939863 0.492788
84 0.502718 0.40625 0.939863 0.492788
110 0.502718 0.40625 0.939863 0.492788
54 0.502718 0.40625 0.939863 0.492788
33 0.502718 0.40625 0.939863 0.492788
101 0.502718 0.40625 0.939863 0.492788
103 0.502718 0.40625 0.939863 0.492788
41 0.502718 0.40625 0.939863 0.492788
17 0.502718 0.40625 0.939863 0.492788
73 0.489447 0.411959 0.978894 0.471755
47 0.489447 0.411959 0.978894 0.471755
76 0.505059 0.411659 0.964843 0.472356
50 0.510133 0.417067 0.945328 0.466346
100 0.505059 0.411659 0.964843 0.472356
99 0.505059 0.411659 0.964843 0.472356
49 0.501937 0.429688 0.944547 0.449519
46 0.489447 0.411959 0.978894 0.471755
51 0.489447 0.411959 0.978894 0.471755
48 0.496473 0.41226 0.958598 0.471154
97 0.505059 0.411659 0.964843 0.472356
41 0.489447 0.411959 0.978894 0.471755
17 0.505059 0.411659 0.964843 0.472356
75 0.505059 0.411659 0.964843 0.472356
54 0.505059 0.411659 0.964843 0.472356
42 0.505059 0.411659 0.964843 0.472356
110 0.510133 0.417067 0.945328 0.466346
33 0.505059 0.411659 0.964843 0.472356
103 0.496473 0.41226 0.958598 0.471154
111 0.505059 0.411659 0.964843 0.472356
74 0.505059 0.411659 0.964843 0.472356
109 0.505059 0.411659 0.964843 0.472356
77 0.510133 0.417067 0.945328 0.466346
100 0.509743 0.414062 0.953914 0.472356
46 0.51833 0.413762 0.936741 0.475361
73 0.509743 0.414062 0.953914 0.472356
50 0.507401 0.414663 0.946108 0.47476
99 0.510914 0.426382 0.945328 0.452524
76 0.507401 0.414663 0.946108 0.47476
51 0.51833 0.413762 0.936741 0.475361
47 0.51833 0.413762 0.936741 0.475361
49 0.509743 0.414062 0.953914 0.472356
97 0.509743 0.414062 0.953914 0.472356
48 0.51833 0.413762 0.936741 0.475361
110 0.509743 0.414062 0.953914 0.472356
75 0.510914 0.426382 0.945328 0.452524
17 0.509743 0.414062 0.953914 0.472356
111 0.509743 0.414062 0.953914 0.472356
42 0.51833 0.413762 0.936741 0.475361
77 0.510914 0.426382 0.945328 0.452524
109 0.510914 0.426382 0.945328 0.452524
101 0.509743 0.414062 0.953914 0.472356
84 0.509743 0.414062 0.953914 0.472356
33 0.509743 0.414062 0.953914 0.472356
41 0.509743 0.414062 0.953914 0.472356
76 0.507011 0.404147 0.96094 0.490986
100 0.507011 0.404147 0.96094 0.490986
50 0.504279 0.402719 0.961721 0.49985
99 0.507011 0.404147 0.96094 0.490986
73 0.494131 0.40595 0.9867 0.483774
46 0.507011 0.404147 0.96094 0.490986
49 0.504669 0.416466 0.96094 0.466346
47 0.494131 0.40595 0.9867 0.483774
75 0.50584 0.429087 0.963282 0.456731
110 0.50584 0.400315 0.958598 0.492638
97 0.504279 0.402719 0.961721 0.49985
111 0.507011 0.404147 0.96094 0.490986
48 0.50584 0.429087 0.963282 0.456731
109 0.50584 0.429087 0.963282 0.456731
41 0.507011 0.404147 0.96094 0.490986
54 0.50584 0.429087 0.963282 0.456731
101 0.504669 0.416466 0.96094 0.466346
103 0.50584 0.429087 0.963282 0.456731
33 0.507011 0.404147 0.96094 0.490986
17 0.507011 0.404147 0.96094 0.490986
51 0.494911 0.405048 0.978894 0.483173
66 0.504669 0.416466 0.96094 0.466346
84 0.50584 0.429087 0.963282 0.456731
77 0.504669 0.416466 0.96094 0.466346
74 0.504669 0.416466 0.96094 0.466346
42 0.50584 0.429087 0.963282 0.456731
95 0.507011 0.404147 0.96094 0.490986
56 0.507011 0.404147 0.96094 0.490986
102 0.502718 0.429087 0.960159 0.445913
68 0.504669 0.416466 0.96094 0.466346
73 0.498424 0.408954 0.953134 0.474159
99 0.498424 0.408954 0.953134 0.474159
100 0.498424 0.408954 0.953134 0.474159
46 0.498034 0.424279 0.955476 0.455529
76 0.498424 0.408954 0.953134 0.474159
47 0.499595 0.412861 0.952353 0.47476
56 0.495302 0.412184 0.970307 0.465294
111 0.498424 0.408954 0.953134 0.474159
49 0.498034 0.424279 0.955476 0.455529
48 0.495302 0.412184 0.970307 0.465294
50 0.500376 0.427209 0.957037 0.449669
97 0.499595 0.412861 0.952353 0.47476
41 0.495302 0.412184 0.970307 0.465294
109 0.498424 0.408954 0.953134 0.474159
51 0.500376 0.427209 0.957037 0.449669
103 0.495302 0.412184 0.970307 0.465294
77 0.498424 0.408954 0.953134 0.474159
110 0.498424 0.408954 0.953134 0.474159
42 0.500376 0.427209 0.957037 0.449669
75 0.498034 0.426683 0.955476 0.448317
8 0.501937 0.419171 0.953914 0.464543
101 0.498424 0.408954 0.953134 0.474159
3 0.501937 0.419171 0.953914 0.464543
17 0.498424 0.408954 0.953134 0.474159
54 0.498034 0.426683 0.955476 0.448317
1 0.501937 0.419171 0.953914 0.464543
28 0.495302 0.412184 0.970307 0.465294
29 0.501937 0.419171 0.953914 0.464543
33 0.498034 0.426683 0.955476 0.448317
34 0.500376 0.427209 0.957037 0.449669
84 0.498424 0.408954 0.953134 0.474159
33 0.966404 0.759615 0.0624494 0.0408654
66 0.498424 0.408954 0.953134 0.474159
95 0.498424 0.408954 0.953134 0.474159
48 0.504669 0.40625 0.954695 0.487981
47 0.504669 0.40625 0.954695 0.487981
73 0.501937 0.40625 0.953914 0.487981
46 0.504669 0.40625 0.954695 0.487981
99 0.491008 0.410983 0.982017 0.476112
100 0.501937 0.40625 0.953914 0.487981
49 0.504669 0.40625 0.954695 0.487981
50 0.504669 0.40625 0.954695 0.487981
51 0.505059 0.409781 0.953914 0.484525
76 0.501937 0.40625 0.953914 0.487981
111 0.501937 0.40625 0.953914 0.487981
56 0.501937 0.40625 0.953914 0.487981
103 0.491008 0.410983 0.982017 0.476112
41 0.500376 0.402569 0.953914 0.494141
17 0.500376 0.402569 0.953914 0.494141
73 0.634252 0.410156 0.693969 0.470553
46 0.501156 0.405349 0.950792 0.480168
49 0.501156 0.405349 0.950792 0.480168
100 0.501156 0.407452 0.952353 0.478365
76 0.501156 0.405349 0.950792 0.480168
99 0.488666 0.408353 0.975772 0.476562
48 0.488666 0.408353 0.975772 0.476562
47 0.488666 0.408353 0.975772 0.476562
50 0.500376 0.410532 0.949231 0.478215
73 0.488666 0.408353 0.975772 0.476562
29 0.501156 0.405349 0.950792 0.480168
103 0.488666 0.408353 0.975772 0.476562
51 0.499595 0.420072 0.94767 0.469952
111 0.501156 0.407452 0.952353 0.478365
41 0.488666 0.408353 0.975772 0.476562
75 0.501156 0.407452 0.952353 0.478365
17 0.501156 0.407452 0.952353 0.478365
4 0.501156 0.405349 0.950792 0.480168
97 0.500376 0.410532 0.949231 0.478215
109 0.501156 0.407452 0.952353 0.478365
56 0.501156 0.407452 0.952353 0.478365
42 0.500376 0.410532 0.949231 0.478215
12 0.501156 0.405349 0.950792 0.480168
110 0.500376 0.415865 0.953914 0.466346
54 0.501156 0.407452 0.952353 0.478365
8 0.500376 0.410532 0.949231 0.478215
101 0.501156 0.407452 0.952353 0.478365
95 0.501156 0.407452 0.952353 0.478365
3 0.501156 0.405349 0.950792 0.480168
34 0.500376 0.410532 0.949231 0.478215
35 0.501156 0.405349 0.950792 0.480168
100 0.503498 0.423678 0.958598 0.457933
46 0.503498 0.423678 0.958598 0.457933
73 0.503108 0.407527 0.956256 0.480619
41 0.49257 0.408353 0.982017 0.48137
47 0.503498 0.423678 0.958598 0.457933
99 0.503108 0.407527 0.956256 0.480619
48 0.503889 0.405048 0.957817 0.486779
56 0.503889 0.405048 0.957817 0.486779
49 0.504279 0.422476 0.960159 0.456731
76 0.504279 0.422476 0.960159 0.456731
50 0.504279 0.422476 0.960159 0.456731
111 0.504279 0.422476 0.960159 0.456731
103 0.49257 0.408353 0.982017 0.48137
109 0.504279 0.422476 0.960159 0.456731
97 0.504279 0.422476 0.960159 0.456731
17 0.503498 0.423678 0.958598 0.457933
51 0.503498 0.423678 0.958598 0.457933
100 0.499985 0.417743 0.951573 0.457782
73 0.499985 0.417743 0.951573 0.457782
99 0.501156 0.421875 0.946108 0.455529
41 0.505059 0.414588 0.939863 0.466496
47 0.502327 0.420373 0.950011 0.45613
76 0.502327 0.420373 0.950011 0.45613
46 0.501156 0.421875 0.946108 0.455529
73 0.376258 0.871394 0.549555 0.257212
100 0.376258 0.871394 0.549555 0.257212
48 0.502327 0.420373 0.950011 0.45613
99 0.376258 0.871394 0.549555 0.257212
103 0.499985 0.417743 0.951573 0.457782
73 0.388747 0.830529 0.491008 0.334135
100 0.50584 0.411659 0.958598 0.472356
46 0.50545 0.40933 0.959379 0.469802
47 0.506621 0.421349 0.963282 0.460186
49 0.508963 0.413762 0.955476 0.471755
50 0.508963 0.413762 0.955476 0.471755
73 0.50623 0.41256 0.951573 0.472957
51 0.506621 0.421349 0.963282 0.460186
76 0.50623 0.41256 0.951573 0.472957
99 0.50623 0.41256 0.951573 0.472957
97 0.505059 0.411734 0.953914 0.471004
48 0.50584 0.411659 0.958598 0.472356
110 0.508963 0.413762 0.955476 0.471755
41 0.50584 0.411659 0.958598 0.472356
111 0.507401 0.414138 0.955476 0.471004
73 0.516378 0.411734 0.921909 0.469802
99 0.516378 0.411734 0.921909 0.469802
100 0.506621 0.414363 0.950792 0.471755
46 0.506621 0.411959 0.938302 0.478966
76 0.509743 0.411133 0.932057 0.474609
73 0.501547 0.823317 0.957818 0.353365
47 0.506621 0.411959 0.938302 0.478966
109 0.503108 0.859976 0.957817 0.280048
99 0.503108 0.859976 0.957817 0.280048
111 0.505059 0.851562 0.963282 0.296875
76 0.503108 0.859976 0.957817 0.280048
48 0.505059 0.851562 0.963282 0.296875
111 0.506621 0.411959 0.938302 0.478966
109 0.506621 0.411959 0.938302 0.478966
73 0.501937 0.890024 0.946108 0.219952
100 0.503108 0.859976 0.957817 0.280048
48 0.501937 0.890024 0.946108 0.219952
48 0.516378 0.411734 0.921909 0.469802
110 0.506621 0.411959 0.938302 0.478966
76 0.508963 0.070012 0.958598 0.140024
77 0.503108 0.859976 0.957817 0.280048
109 0.508963 0.070012 0.958598 0.140024
110 0.503108 0.859976 0.957817 0.280048
49 0.509743 0.411133 0.932057 0.474609
47 0.505059 0.851562 0.963282 0.296875
33 0.967966 0.762019 0.0593269 0.0384615
46 0.501547 0.823317 0.957818 0.353365
75 0.507792 0.412785 0.937521 0.476112
111 0.501937 0.890024 0.946108 0.219952
103 0.503498 0.849459 0.950792 0.301082
84 0.503498 0.849459 0.950792 0.301082
103 0.505059 0.892428 0.944547 0.215144
101 0.503108 0.859976 0.957817 0.280048
109 0.50584 0.906851 0.942986 0.186298
41 0.506621 0.414363 0.950792 0.471755
50 0.509743 0.411133 0.932057 0.474609
73 0.508963 0.070012 0.958598 0.140024
84 0.506621 0.411959 0.938302 0.478966
49 0.503108 0.859976 0.957817 0.280048
110 0.508963 0.070012 0.958598 0.140024
99 0.50584 0.906851 0.942986 0.186298
99 0.508963 0.070012 0.958598 0.140024
75 0.503108 0.859976 0.957817 0.280048
100 0.510914 0.411959 0.937521 0.471755
73 0.510914 0.411959 0.937521 0.471755
46 0.509743 0.40918 0.93518 0.482121
47 0.509743 0.40918 0.93518 0.482121
99 0.510914 0.411959 0.937521 0.471755
111 0.507401 0.412861 0.949231 0.480769
56 0.514037 0.412184 0.939083 0.476112
109 0.505059 0.412785 0.944547 0.472506
76 0.505059 0.412785 0.944547 0.472506
97 0.507401 0.412861 0.949231 0.480769
41 0.502718 0.412861 0.964843 0.469952
100 0.586244 0.319636 0.732219 0.291016
73 0.586244 0.319636 0.732219 0.291016
49 0.507401 0.410757 0.936741 0.478966
99 0.586244 0.319636 0.732219 0.291016
48 0.510914 0.411959 0.937521 0.471755
110 0.505059 0.412785 0.944547 0.472506
100 0.505059 0.414588 0.966404 0.4689
46 0.509353 0.416391 0.943766 0.465294
47 0.521452 0.413537 0.928935 0.4686
73 0.508182 0.410457 0.944547 0.479567
49 0.510524 0.41226 0.944547 0.471154
76 0.508182 0.410457 0.944547 0.479567
97 0.511304 0.422175 0.950792 0.463341
99 0.508182 0.410457 0.944547 0.479567
56 0.505059 0.414588 0.966404 0.4689
109 0.508182 0.410457 0.944547 0.479567
50 0.511304 0.422175 0.950792 0.463341
111 0.508182 0.410457 0.944547 0.479567
75 0.508182 0.410457 0.944547 0.479567
54 0.511304 0.422175 0.950792 0.463341
48 0.511304 0.422175 0.950792 0.463341
41 0.508182 0.410457 0.944547 0.479567
73 0.502327 0.408654 0.946889 0.480769
100 0.502327 0.408654 0.946889 0.480769
46 0.503498 0.417067 0.949231 0.466346
47 0.503498 0.40933 0.953914 0.474609
41 0.490228 0.410757 0.977333 0.472957
99 0.503498 0.413762 0.949231 0.475361
76 0.503498 0.417067 0.949231 0.466346
56 0.490228 0.410757 0.977333 0.472957
49 0.503498 0.417067 0.949231 0.466346
97 0.503498 0.40933 0.953914 0.474609
48 0.503498 0.417067 0.949231 0.466346
50 0.503498 0.417067 0.949231 0.466346
17 0.503498 0.417067 0.949231 0.466346
109 0.503498 0.413762 0.949231 0.475361
111 0.503498 0.413762 0.949231 0.475361
15 0.495302 0.410156 0.971869 0.475361
75 0.503498 0.417067 0.949231 0.466346
46 0.504279 0.410757 0.952353 0.471755
47 0.494131 0.410757 0.975772 0.482572
100 0.501547 0.408954 0.953134 0.477764
73 0.501547 0.408954 0.953134 0.477764
49 0.502718 0.415189 0.950792 0.467698
97 0.502718 0.415189 0.950792 0.467698
99 0.501547 0.408954 0.953134 0.477764
111 0.503889 0.414964 0.950011 0.470553
48 0.502718 0.415189 0.950792 0.467698
56 0.502718 0.408654 0.963282 0.46875
50 0.502718 0.415189 0.950792 0.467698
76 0.504279 0.410757 0.952353 0.471755
51 0.494131 0.410757 0.975772 0.482572
54 0.502718 0.415189 0.950792 0.467698
75 0.502718 0.415189 0.950792 0.467698
41 0.501547 0.408954 0.953134 0.477764
100 0.491008 0.414363 0.97421 0.471755
73 0.491399 0.41256 0.976552 0.476562
46 0.498814 0.426007 0.953914 0.453275
99 0.501937 0.410457 0.952353 0.473558
47 0.498814 0.426007 0.953914 0.453275
111 0.498814 0.426007 0.953914 0.453275
49 0.498814 0.426007 0.953914 0.453275
76 0.498814 0.426007 0.953914 0.453275
48 0.486715 0.858173 0.940644 0.283654
56 0.500766 0.415865 0.953134 0.466346
50 0.498814 0.426007 0.953914 0.453275
48 0.4551 0.951322 0.850873 0.0973558
48 0.451587 0.813101 0.850092 0.373798
48 0.498814 0.426007 0.953914 0.453275
97 0.498814 0.426007 0.953914 0.453275
109 0.498814 0.426007 0.953914 0.453275
54 0.498814 0.426007 0.953914 0.453275
75 0.498814 0.426007 0.953914 0.453275
41 0.489447 0.412936 0.978894 0.472206
110 0.499595 0.424955 0.955476 0.456581
103 0.501156 0.415189 0.952353 0.471304
46 0.503498 0.408954 0.94767 0.477764
100 0.503498 0.408954 0.94767 0.477764
47 0.502718 0.414739 0.949231 0.472206
49 0.501937 0.40933 0.950792 0.477013
97 0.502718 0.414739 0.949231 0.472206
73 0.508182 0.409555 0.946108 0.475361
48 0.500376 0.857272 0.966404 0.285457
76 0.503498 0.408954 0.94767 0.477764
50 0.501937 0.417668 0.94767 0.46875
99 0.508182 0.409555 0.946108 0.475361
111 0.503498 0.408954 0.94767 0.477764
48 0.501937 0.417668 0.94767 0.46875
51 0.501937 0.417668 0.94767 0.46875
34 0.501937 0.417668 0.94767 0.46875
42 0.501937 0.417668 0.94767 0.46875
56 0.503498 0.408954 0.94767 0.477764
47 0.500376 0.857272 0.966404 0.285457
109 0.503498 0.408954 0.94767 0.477764
8 0.501937 0.417668 0.94767 0.46875
75 0.503498 0.408954 0.94767 0.477764
99 0.500376 0.857272 0.966404 0.285457
48 0.497253 0.910457 0.957037 0.179087
29 0.503498 0.408954 0.94767 0.477764
54 0.501156 0.412861 0.952353 0.47476
100 0.50623 0.411959 0.940644 0.472957
73 0.50584 0.415565 0.964843 0.469351
46 0.504279 0.413537 0.939863 0.4686
99 0.50623 0.411959 0.940644 0.472957
41 0.508182 0.412936 0.939863 0.464994
76 0.504279 0.413537 0.939863 0.4686
49 0.503498 0.417067 0.949231 0.469952
47 0.504279 0.413537 0.939863 0.4686
28 0.50584 0.415565 0.964843 0.469351
56 0.504279 0.413537 0.939863 0.4686
29 0.503498 0.417067 0.949231 0.469952
17 0.503498 0.417067 0.949231 0.469952
46 0.508963 0.416166 0.941424 0.457332
100 0.516769 0.413762 0.938302 0.465745
47 0.508963 0.424805 0.936741 0.448468
97 0.508963 0.416166 0.941424 0.457332
111 0.510524 0.413762 0.942986 0.468149
49 0.509743 0.413537 0.941425 0.464994
56 0.516769 0.413762 0.938302 0.465745
76 0.508963 0.416166 0.941424 0.457332
73 0.510524 0.422776 0.941425 0.458534
34 0.508963 0.416166 0.941424 0.457332
109 0.510524 0.413762 0.942986 0.468149
29 0.510524 0.413762 0.942986 0.468149
50 0.508963 0.424805 0.936741 0.448468
35 0.514817 0.413161 0.942205 0.464543
75 0.508963 0.416166 0.941424 0.457332
12 0.509743 0.413537 0.941425 0.464994
41 0.508963 0.416166 0.941424 0.457332
54 0.510524 0.422776 0.941425 0.458534
42 0.508963 0.416166 0.941424 0.457332
99 0.510524 0.422776 0.941425 0.458534
17 0.508963 0.416166 0.941424 0.457332
3 0.510524 0.413762 0.942986 0.468149
110 0.510524 0.422776 0.941425 0.458534
28 0.516769 0.413762 0.938302 0.465745
100 0.512085 0.415264 0.944547 0.47476
46 0.512085 0.409255 0.94767 0.483173
47 0.512085 0.415264 0.944547 0.47476
49 0.512085 0.409255 0.94767 0.483173
76 0.509353 0.411058 0.94845 0.47476
56 0.507401 0.411659 0.955476 0.473558
73 0.512085 0.409255 0.94767 0.483173
34 0.509353 0.411058 0.94845 0.47476
75 0.509353 0.411058 0.94845 0.47476
35 0.509353 0.411058 0.94845 0.47476
29 0.509353 0.411058 0.94845 0.47476
99 0.512085 0.409255 0.94767 0.483173
3 0.508963 0.415565 0.949231 0.470553
100 0.540968 0.334736 0.880536 0.320312
50 0.509353 0.411058 0.94845 0.47476
42 0.509353 0.411058 0.94845 0.47476
41 0.509353 0.411058 0.94845 0.47476
46 0.506621 0.414964 0.941425 0.463341
100 0.510914 0.41256 0.934399 0.466947
73 0.50584 0.415264 0.939863 0.469952
99 0.50584 0.415264 0.939863 0.469952
49 0.507401 0.408954 0.939863 0.477764
76 0.506621 0.414964 0.941425 0.463341
75 0.507401 0.4218 0.936741 0.453275
50 0.50584 0.415264 0.939863 0.469952
47 0.507401 0.4218 0.936741 0.453275
109 0.50584 0.415264 0.939863 0.469952
111 0.50584 0.415264 0.939863 0.469952
3 0.507401 0.4218 0.936741 0.453275
103 0.507401 0.408954 0.939863 0.477764
56 0.509743 0.41594 0.938302 0.463792
97 0.507401 0.4218 0.936741 0.453275
41 0.509743 0.41594 0.938302 0.463792
48 0.50584 0.415264 0.939863 0.469952
29 0.507401 0.4218 0.936741 0.453275
100 0.504279 0.407527 0.949231 0.475811
46 0.507011 0.417969 0.945328 0.469351
73 0.504279 0.407527 0.949231 0.475811
47 0.507011 0.417969 0.945328 0.469351
99 0.506621 0.41256 0.944547 0.476562
56 0.504669 0.412936 0.953134 0.473407
76 0.507011 0.417969 0.945328 0.469351
111 0.506621 0.41256 0.944547 0.476562
48 0.507011 0.417969 0.945328 0.469351
49 0.504279 0.407527 0.949231 0.475811
41 0.504669 0.412936 0.953134 0.473407
75 0.507011 0.417969 0.945328 0.469351
50 0.507011 0.417969 0.945328 0.469351
97 0.507011 0.417969 0.945328 0.469351
109 0.506621 0.41256 0.944547 0.476562
35 0.504669 0.412936 0.953134 0.473407
48 0.462125 0.8753 0.799352 0.249399
100 0.487886 0.413386 0.975772 0.473708
73 0.498034 0.411659 0.952353 0.481971
99 0.498814 0.413161 0.94767 0.478966
46 0.498814 0.410382 0.953914 0.477314
47 0.498814 0.410382 0.953914 0.477314
56 0.498814 0.410382 0.953914 0.477314
111 0.498034 0.411659 0.952353 0.481971
41 0.488276 0.411659 0.976552 0.472356
48 0.498814 0.413161 0.94767 0.478966
76 0.498814 0.410382 0.953914 0.477314
15 0.488666 0.413762 0.977333 0.471755
77 0.498814 0.413161 0.94767 0.478966
97 0.498814 0.410382 0.953914 0.477314
75 0.498814 0.410382 0.953914 0.477314
100 0.503889 0.416767 0.943766 0.469351
73 0.506621 0.415264 0.93518 0.472356
46 0.506621 0.414138 0.941425 0.466196
99 0.505059 0.416466 0.938302 0.471154
47 0.506621 0.414138 0.941425 0.466196
41 0.506621 0.415264 0.93518 0.472356
76 0.505059 0.416466 0.938302 0.471154
33 0.969527 0.76262 0.0577657 0.0372596
49 0.506621 0.414138 0.941425 0.466196
56 0.498034 0.414062 0.953914 0.466346
100 0.505059 0.414739 0.950792 0.469802
46 0.50584 0.419171 0.939863 0.462139
47 0.50584 0.419171 0.939863 0.462139
73 0.504669 0.418945 0.939083 0.467398
49 0.50584 0.419171 0.939863 0.462139
56 0.507401 0.412785 0.942986 0.470102
99 0.50584 0.410757 0.939863 0.474159
48 0.50584 0.419171 0.939863 0.462139
76 0.50584 0.419171 0.939863 0.462139
111 0.50584 0.419171 0.939863 0.462139
109 0.50584 0.410757 0.939863 0.474159
73 0.503889 0.41226 0.950011 0.46875
100 0.503889 0.41226 0.950011 0.46875
47 0.502327 0.414964 0.943766 0.471755
46 0.502718 0.416166 0.944547 0.468149
56 0.499595 0.413161 0.958598 0.465745
111 0.502718 0.416166 0.944547 0.468149
97 0.502718 0.416166 0.944547 0.468149
41 0.503889 0.41226 0.950011 0.46875
48 0.502327 0.414964 0.943766 0.471755
48 0.508572 0.0573543 0.953134 0.114709
28 0.503889 0.41226 0.950011 0.46875
100 0.502718 0.417593 0.957037 0.460487
73 0.502718 0.418269 0.952353 0.460337
46 0.50584 0.424579 0.946108 0.45613
99 0.50584 0.424579 0.946108 0.45613
47 0.50584 0.424579 0.946108 0.45613
41 0.50545 0.417969 0.943766 0.462139
48 0.50584 0.424579 0.946108 0.45613
56 0.50545 0.417969 0.943766 0.462139
111 0.50545 0.417969 0.943766 0.462139
33 0.967185 0.762019 0.0608882 0.0384615
100 0.494911 0.412785 0.97421 0.471304
73 0.50584 0.411058 0.949231 0.473558
46 0.504279 0.417668 0.949231 0.466346
47 0.504279 0.417668 0.949231 0.466346
99 0.504279 0.417668 0.949231 0.466346
56 0.50584 0.411058 0.949231 0.473558
48 0.504279 0.417668 0.949231 0.466346
41 0.50584 0.411058 0.949231 0.473558
49 0.505059 0.4218 0.950792 0.461689
111 0.50584 0.411058 0.949231 0.473558
33 0.967966 0.762019 0.0624494 0.0384615
76 0.505059 0.4218 0.950792 0.461689
28 0.498034 0.414138 0.971088 0.469802
100 0.513646 0.411959 0.938302 0.475361
73 0.507011 0.419471 0.937521 0.466346
46 0.507011 0.419772 0.939083 0.462139
99 0.507011 0.419471 0.937521 0.466346
41 0.507011 0.419471 0.937521 0.466346
47 0.507011 0.419772 0.939083 0.462139
76 0.507011 0.419471 0.937521 0.466346
111 0.507011 0.419471 0.937521 0.466346
56 0.507011 0.419471 0.937521 0.466346
28 0.513646 0.411058 0.936741 0.472356
109 0.507011 0.419471 0.937521 0.466346
100 0.503889 0.413386 0.950011 0.476112
46 0.50623 0.415264 0.951573 0.466346
73 0.506621 0.421875 0.950792 0.463942
76 0.506621 0.421875 0.950792 0.463942
41 0.50623 0.415264 0.951573 0.466346
47 0.50623 0.415264 0.951573 0.466346
56 0.503889 0.413386 0.950011 0.476112
99 0.506621 0.421875 0.950792 0.463942
103 0.503889 0.413386 0.950011 0.476112
49 0.503889 0.413386 0.950011 0.476112
75 0.506621 0.421875 0.950792 0.463942
109 0.503889 0.413386 0.950011 0.476112
100 0.501937 0.421274 0.946108 0.466346
73 0.501937 0.421274 0.946108 0.466346
41 0.505059 0.414138 0.944547 0.469802
56 0.503498 0.412861 0.944547 0.477163
46 0.501937 0.421274 0.946108 0.466346
111 0.501937 0.421274 0.946108 0.466346
47 0.501937 0.421274 0.946108 0.466346
99 0.501937 0.421274 0.946108 0.466346
48 0.501937 0.421274 0.946108 0.466346
28 0.505059 0.414138 0.944547 0.469802
33 0.969527 0.760817 0.0593269 0.0384615
15 0.494911 0.412335 0.967966 0.474609
100 0.515988 0.416466 0.932057 0.473558
46 0.508963 0.414663 0.944547 0.47476
73 0.508963 0.414663 0.944547 0.47476
56 0.508963 0.414663 0.944547 0.47476
33 0.969527 0.760817 0.0593269 0.0408654
47 0.508963 0.414663 0.944547 0.47476
99 0.508963 0.414663 0.944547 0.47476
41 0.510524 0.413462 0.942986 0.471154
111 0.508963 0.414663 0.944547 0.47476
48 0.508963 0.420072 0.946108 0.465144
76 0.508963 0.420072 0.946108 0.465144
3 0.508963 0.420072 0.946108 0.465144
109 0.508963 0.414663 0.944547 0.47476
28 0.515988 0.416466 0.932057 0.473558
49 0.508963 0.414663 0.944547 0.47476
76 0.195154 0.176683 0.390309 0.353365
100 0.508963 0.41256 0.939863 0.472957
73 0.508963 0.41256 0.939863 0.472957
33 0.972649 0.762019 0.053082 0.0384615
33 0.974211 0.764423 0.0452758 0.03125
99 0.50584 0.423077 0.942986 0.460337
46 0.508963 0.41256 0.939863 0.472957
41 0.507401 0.420598 0.939863 0.462891
111 0.50584 0.423077 0.942986 0.460337
56 0.50584 0.423077 0.942986 0.460337
109 0.50584 0.423077 0.942986 0.460337
110 0.50584 0.423077 0.942986 0.460337
100 0.50584 0.414363 0.949231 0.471755
73 0.507401 0.426007 0.952353 0.450871
33 0.969527 0.762019 0.0562044 0.0384615
111 0.507401 0.426007 0.952353 0.450871
110 0.507401 0.426007 0.952353 0.450871
46 0.508963 0.417142 0.950792 0.469802
99 0.507401 0.426007 0.952353 0.450871
56 0.507401 0.412785 0.949231 0.472506
28 0.508572 0.412861 0.945328 0.47476
41 0.507401 0.412785 0.949231 0.472506
100 0.50584 0.415565 0.950792 0.470553
73 0.506621 0.426082 0.94767 0.454327
46 0.509743 0.424204 0.944547 0.454477
33 0.969527 0.762019 0.0593269 0.0384615
99 0.506621 0.426082 0.94767 0.454327
41 0.507401 0.413762 0.953914 0.466947
56 0.506621 0.426082 0.94767 0.454327
28 0.509743 0.424204 0.944547 0.454477
109 0.506621 0.426082 0.94767 0.454327
100 0.508182 0.427584 0.939863 0.445312
73 0.508182 0.427584 0.939863 0.445312
46 0.509743 0.423152 0.93518 0.451773
56 0.509743 0.41594 0.936741 0.461388
41 0.509743 0.41594 0.936741 0.461388
99 0.508182 0.427584 0.939863 0.445312
47 0.509743 0.423152 0.93518 0.451773
28 0.509743 0.41594 0.936741 0.461388
111 0.508182 0.427584 0.939863 0.445312
15 0.515207 0.415565 0.93518 0.464543
73 0.508572 0.42518 0.937521 0.452524
100 0.508963 0.414363 0.936741 0.466947
46 0.509743 0.423978 0.93518 0.457332
47 0.509743 0.423978 0.93518 0.457332
56 0.509353 0.416166 0.937521 0.465745
111 0.508572 0.42518 0.937521 0.452524
99 0.508572 0.42518 0.937521 0.452524
41 0.509353 0.416166 0.937521 0.465745
28 0.512866 0.414739 0.936741 0.469802
48 0.509743 0.423978 0.93518 0.457332
73 0.508182 0.417142 0.950792 0.461388
100 0.508182 0.417142 0.950792 0.461388
46 0.510524 0.42841 0.946108 0.449669
99 0.508182 0.417142 0.950792 0.461388
41 0.508963 0.418344 0.949231 0.461388
15 0.503498 0.416166 0.953914 0.464543
28 0.511304 0.41594 0.938302 0.463792
47 0.510524 0.429162 0.949231 0.449369
73 0.508963 0.413987 0.949231 0.470102
100 0.516769 0.414663 0.936741 0.46875
46 0.511304 0.42488 0.950792 0.455529
47 0.511304 0.42488 0.950792 0.455529
56 0.517549 0.412785 0.936741 0.471304
111 0.508963 0.413987 0.949231 0.470102
28 0.516769 0.415189 0.936741 0.467698
41 0.516769 0.414663 0.936741 0.46875
99 0.508963 0.413987 0.949231 0.470102
73 0.508182 0.418194 0.944547 0.459285
100 0.506621 0.417142 0.944547 0.46259
46 0.509743 0.42488 0.94767 0.451923
47 0.509743 0.42488 0.94767 0.451923
99 0.509743 0.42488 0.94767 0.451923
28 0.515207 0.417067 0.936741 0.465144
56 0.508182 0.418194 0.944547 0.459285
100 0.536674 0.358173 0.865705 0.346755
73 0.513646 0.414363 0.949231 0.463341
100 0.515207 0.423603 0.949231 0.452073
46 0.515207 0.423603 0.949231 0.452073
99 0.515207 0.423603 0.949231 0.452073
47 0.515207 0.423603 0.949231 0.452073
28 0.515988 0.411659 0.941425 0.469952
41 0.512085 0.412861 0.949231 0.471154
56 0.512085 0.412861 0.949231 0.471154
100 0.510524 0.417067 0.94767 0.460337
73 0.508963 0.42518 0.946108 0.452524
46 0.510524 0.417067 0.94767 0.460337
99 0.508963 0.42518 0.946108 0.452524
56 0.511304 0.413386 0.944547 0.466496
28 0.510914 0.413537 0.943766 0.471004
47 0.509743 0.414363 0.94767 0.468149
111 0.509743 0.414363 0.94767 0.468149
100 0.50623 0.415865 0.945328 0.46274
73 0.506621 0.424579 0.944547 0.451322
99 0.506621 0.424579 0.944547 0.451322
46 0.50623 0.415865 0.945328 0.46274
100 0.50584 0.34668 0.938302 0.330679
100 0.509743 0.416166 0.938302 0.463341
73 0.510524 0.414964 0.936741 0.464543
99 0.509743 0.414363 0.938302 0.463341
46 0.509743 0.416166 0.938302 0.463341
100 0.501937 0.345553 0.94767 0.322115
73 0.501937 0.345553 0.94767 0.322115
28 0.510524 0.414964 0.936741 0.464543
100 0.514427 0.41256 0.933618 0.468149
73 0.512866 0.414964 0.93518 0.463341
99 0.511304 0.423152 0.938302 0.452975
46 0.512085 0.416466 0.936741 0.460337
109 0.496473 0.945312 0.938302 0.109375
73 0.499595 0.849159 0.960159 0.301683
100 0.499595 0.849159 0.960159 0.301683
109 0.499595 0.849159 0.960159 0.301683
100 0.511304 0.417368 0.93518 0.458534
73 0.512085 0.412861 0.933618 0.467548
99 0.509743 0.424279 0.941425 0.449519
46 0.511304 0.417368 0.93518 0.458534
100 0.509743 0.413161 0.93518 0.466947
73 0.509743 0.416391 0.93518 0.462891
46 0.508963 0.423678 0.938302 0.451923
99 0.508963 0.419997 0.938302 0.460487
41 0.509743 0.413161 0.93518 0.466947
28 0.517549 0.413462 0.92269 0.46875
100 0.508182 0.415565 0.938302 0.463341
73 0.508963 0.416166 0.936741 0.463341
46 0.507401 0.423753 0.941425 0.452975
99 0.507792 0.421575 0.939083 0.457332
28 0.512085 0.414663 0.93518 0.466346
41 0.508182 0.415565 0.938302 0.463341
100 0.50623 0.415865 0.942205 0.46274
73 0.50623 0.415865 0.942205 0.46274
99 0.506621 0.420147 0.941425 0.458984
46 0.506621 0.422476 0.942986 0.456731
41 0.494131 0.412785 0.975772 0.4689
100 0.507401 0.41534 0.946108 0.463792
73 0.507401 0.41534 0.946108 0.463792
99 0.508182 0.422175 0.946108 0.45613
46 0.507401 0.424354 0.94767 0.454177
41 0.511304 0.414363 0.944547 0.466947
100 0.507401 0.415264 0.946108 0.465144
73 0.507401 0.415264 0.946108 0.465144
99 0.507792 0.426382 0.94845 0.451322
46 0.507792 0.426382 0.94845 0.451322
41 0.512866 0.414964 0.938302 0.465745
100 0.507792 0.414363 0.945328 0.469351
73 0.507792 0.414363 0.945328 0.469351
99 0.507792 0.422776 0.946889 0.459736
46 0.508182 0.418269 0.944547 0.461538
41 0.515207 0.413762 0.932057 0.471755
109 0.507792 0.414363 0.945328 0.469351
110 0.507792 0.422776 0.946889 0.459736
100 0.507401 0.413762 0.941425 0.470553
73 0.507401 0.413762 0.941425 0.470553
99 0.50584 0.426007 0.942986 0.453275
46 0.507401 0.417969 0.941425 0.460937
109 0.507401 0.413762 0.941425 0.470553
110 0.50584 0.426007 0.942986 0.453275
41 0.513256 0.412861 0.934399 0.472356
111 0.507401 0.413762 0.941425 0.470553
100 0.505059 0.414663 0.944547 0.471154
73 0.504669 0.424204 0.945328 0.459285
99 0.50623 0.438026 0.939083 0.430439
46 0.50545 0.417969 0.945328 0.462139
110 0.504669 0.424204 0.945328 0.459285
76 0.231063 0.0831581 0.462126 0.166316
76 0.229697 0.18119 0.459393 0.36238
109 0.504669 0.424204 0.945328 0.459285
41 0.512866 0.413762 0.936741 0.474159
76 0.350888 0.0861629 0.701775 0.172326
100 0.505059 0.414739 0.944547 0.472206
73 0.504279 0.423377 0.946108 0.460938
99 0.506621 0.436974 0.936741 0.43134
46 0.504279 0.417593 0.94767 0.462891
109 0.504279 0.423377 0.946108 0.460938
110 0.504279 0.423377 0.946108 0.460938
76 0.211157 0.194712 0.422314 0.389423
41 0.509743 0.414062 0.941425 0.47476
111 0.504279 0.423377 0.946108 0.460938
100 0.505059 0.415189 0.941425 0.471304
73 0.504669 0.423753 0.942205 0.460186
46 0.505059 0.418269 0.944547 0.46274
99 0.508182 0.438101 0.93518 0.429087
109 0.504669 0.423753 0.942205 0.460186
110 0.504669 0.423753 0.942205 0.460186
76 0.504669 0.423753 0.942205 0.460186
111 0.504669 0.423753 0.942205 0.460186
100 0.507011 0.414062 0.940644 0.472356
73 0.506621 0.422175 0.942986 0.462139
46 0.507401 0.416992 0.942986 0.464093
99 0.508963 0.436899 0.93518 0.43149
109 0.506621 0.422175 0.942986 0.462139
49 0.506621 0.422175 0.942986 0.462139
76 0.506621 0.422175 0.942986 0.462139
103 0.507011 0.414062 0.940644 0.472356
111 0.506621 0.422175 0.942986 0.462139
41 0.510133 0.413161 0.937521 0.475361
100 0.50623 0.414062 0.942205 0.47476
73 0.507401 0.4218 0.942986 0.464093
46 0.507401 0.425406 0.942986 0.453275
99 0.508963 0.435998 0.936741 0.433293
49 0.507401 0.4218 0.942986 0.464093
109 0.507401 0.4218 0.942986 0.464093
111 0.507401 0.4218 0.942986 0.464093
56 0.50623 0.414062 0.942205 0.47476
41 0.508963 0.413462 0.938302 0.475962
76 0.507401 0.4218 0.942986 0.464093
47 0.507401 0.4218 0.942986 0.464093
28 0.508182 0.412861 0.938302 0.472356
103 0.507401 0.4218 0.942986 0.464093
100 0.507401 0.413762 0.942986 0.474159
46 0.508963 0.42488 0.942986 0.453125
73 0.507792 0.422175 0.943766 0.462139
49 0.507792 0.422175 0.943766 0.462139
99 0.509743 0.435998 0.938302 0.430889
56 0.507401 0.413762 0.942986 0.474159
111 0.507792 0.422175 0.943766 0.462139
47 0.507792 0.422175 0.943766 0.462139
41 0.510133 0.413386 0.93596 0.47491
109 0.507792 0.422175 0.943766 0.462139
76 0.507792 0.422175 0.943766 0.462139
28 0.510524 0.412861 0.93518 0.471154
100 0.506621 0.413161 0.944547 0.474159
46 0.508963 0.424354 0.942986 0.454177
73 0.508182 0.42195 0.944547 0.46259
49 0.508182 0.42195 0.944547 0.46259
99 0.508963 0.424354 0.942986 0.454177
56 0.506621 0.413161 0.944547 0.474159
111 0.508182 0.42195 0.944547 0.46259
47 0.508182 0.42195 0.944547 0.46259
41 0.509743 0.413161 0.938302 0.474159
109 0.508182 0.42195 0.944547 0.46259
76 0.508182 0.42195 0.944547 0.46259
100 0.507011 0.412936 0.942205 0.474609
46 0.508963 0.423978 0.942986 0.454928
73 0.509743 0.412861 0.936741 0.473558
41 0.509743 0.412861 0.936741 0.473558
99 0.508963 0.423978 0.942986 0.454928
49 0.508963 0.423978 0.942986 0.454928
56 0.507011 0.412936 0.942205 0.474609
47 0.508963 0.423978 0.942986 0.454928
111 0.508182 0.421575 0.942986 0.463341
103 0.507011 0.412936 0.942205 0.474609
100 0.507401 0.412335 0.941425 0.475811
73 0.507401 0.412335 0.941425 0.475811
46 0.509353 0.414138 0.942205 0.467398
99 0.509353 0.423678 0.942205 0.455529
41 0.510914 0.412861 0.934399 0.473558
49 0.509353 0.423678 0.942205 0.455529
100 0.507401 0.412861 0.942986 0.47476
73 0.507401 0.412861 0.942986 0.47476
46 0.509353 0.414363 0.942205 0.466947
99 0.510524 0.423603 0.942986 0.454477
41 0.512085 0.413762 0.93518 0.472957
49 0.510524 0.423603 0.942986 0.454477
103 0.507401 0.412861 0.942986 0.47476
100 0.507401 0.412861 0.946108 0.47476
46 0.509743 0.414588 0.944547 0.467698
73 0.507401 0.412861 0.946108 0.47476
99 0.510524 0.423603 0.944547 0.455679
41 0.511304 0.413537 0.936741 0.472206
49 0.510524 0.423603 0.944547 0.455679
103 0.507401 0.412861 0.946108 0.47476
100 0.508572 0.412861 0.943766 0.47476
73 0.508572 0.412861 0.943766 0.47476
46 0.510524 0.414138 0.942986 0.4686
99 0.511304 0.423077 0.942986 0.455529
41 0.512866 0.413537 0.933618 0.473407
103 0.508572 0.412861 0.943766 0.47476
76 0.511304 0.423077 0.942986 0.455529
100 0.509353 0.41256 0.942205 0.475361
73 0.509353 0.41256 0.942205 0.475361
46 0.510914 0.414062 0.942205 0.46875
99 0.511304 0.419546 0.941425 0.464994
41 0.514427 0.413161 0.932057 0.474159
103 0.509353 0.41256 0.942205 0.475361
100 0.508963 0.41256 0.942986 0.475361
73 0.508963 0.41256 0.942986 0.475361
46 0.510524 0.413987 0.942986 0.4689
99 0.511304 0.419772 0.942986 0.465745
41 0.50584 0.414739 0.952353 0.4686
103 0.508963 0.41256 0.942986 0.475361
100 0.508572 0.412861 0.943766 0.47476
73 0.513646 0.413462 0.93518 0.47476
46 0.509743 0.414062 0.944547 0.46875
99 0.510524 0.420147 0.942986 0.464994
41 0.508182 0.415264 0.94767 0.467548
103 0.508572 0.412861 0.943766 0.47476
100 0.507401 0.413386 0.944547 0.473708
73 0.512866 0.413762 0.938302 0.472957
46 0.509353 0.414138 0.945328 0.4686
99 0.509743 0.420072 0.944547 0.465144
41 0.512866 0.413762 0.938302 0.472957
100 0.507011 0.413537 0.943766 0.472206
73 0.512085 0.414062 0.939863 0.472356
46 0.508572 0.414739 0.945328 0.467398
99 0.508963 0.420373 0.942986 0.464543
41 0.512085 0.414062 0.939863 0.472356
100 0.506621 0.413462 0.942986 0.471154
73 0.512085 0.414062 0.938302 0.472356
46 0.508182 0.414739 0.944547 0.466196
99 0.508963 0.420373 0.942986 0.464543
41 0.512085 0.414062 0.938302 0.472356
103 0.506621 0.413462 0.942986 0.471154
76 0.508182 0.414739 0.944547 0.466196
100 0.506621 0.413987 0.942986 0.470102
73 0.509353 0.420373 0.942205 0.464543
46 0.508572 0.415189 0.943766 0.465294
99 0.509353 0.420373 0.942205 0.464543
76 0.508572 0.415189 0.943766 0.465294
41 0.512085 0.413987 0.936741 0.471304
103 0.506621 0.413987 0.942986 0.470102
100 0.507792 0.414062 0.942205 0.469952
73 0.513256 0.414062 0.93596 0.471154
46 0.509353 0.415189 0.943766 0.465294
99 0.508963 0.420072 0.942986 0.465144
76 0.509353 0.415189 0.943766 0.465294
103 0.507792 0.414062 0.942205 0.469952
41 0.513256 0.414062 0.93596 0.471154
100 0.508182 0.414062 0.939863 0.46875
73 0.514427 0.414062 0.933618 0.469952
46 0.510133 0.415565 0.943766 0.464543
99 0.509353 0.420373 0.942205 0.464543
76 0.510133 0.415565 0.943766 0.464543
41 0.514427 0.414062 0.933618 0.469952
103 0.508182 0.414062 0.939863 0.46875
100 0.508572 0.414663 0.939083 0.46875
73 0.514427 0.414062 0.932057 0.469952
46 0.510524 0.415865 0.941425 0.463942
99 0.509743 0.420598 0.941425 0.464093
41 0.514427 0.414062 0.932057 0.469952
100 0.508182 0.414138 0.939863 0.4686
73 0.514427 0.413987 0.932057 0.470102
46 0.509743 0.415565 0.941425 0.464543
99 0.509743 0.420072 0.941425 0.465144
41 0.514427 0.413987 0.932057 0.470102
100 0.508572 0.414363 0.939083 0.469351
73 0.514817 0.413762 0.931277 0.470553
46 0.509743 0.41534 0.941425 0.464994
99 0.510524 0.423002 0.942986 0.456881
100 0.508182 0.414663 0.938302 0.46875
73 0.514427 0.414062 0.930496 0.469952
46 0.509743 0.41579 0.941425 0.465294
99 0.507401 0.433594 0.939863 0.438101
100 0.508182 0.414663 0.938302 0.46875
73 0.508572 0.420974 0.940644 0.465745
99 0.509743 0.423152 0.941425 0.457782
46 0.509743 0.41579 0.941425 0.465294
100 0.508182 0.414663 0.938302 0.46875
73 0.507792 0.420673 0.939083 0.466346
99 0.509743 0.422776 0.941425 0.457332
46 0.508963 0.41579 0.939863 0.465294
100 0.507401 0.414663 0.938302 0.46875
73 0.507792 0.420598 0.939083 0.466496
99 0.508963 0.422776 0.941424 0.457332
46 0.508963 0.415565 0.939863 0.465745
100 0.507401 0.414663 0.938302 0.46875
73 0.507792 0.420673 0.939083 0.466346
99 0.508963 0.422776 0.939863 0.457332
46 0.508963 0.41579 0.939863 0.465294
100 0.507401 0.414663 0.938302 0.46875
73 0.507792 0.420598 0.939083 0.466496
99 0.508963 0.423077 0.939863 0.457933
46 0.508963 0.41579 0.939863 0.465294
100 0.507401 0.414964 0.938302 0.469351
73 0.507401 0.420373 0.939863 0.466947
99 0.508963 0.422776 0.939863 0.458534
46 0.508963 0.415565 0.939863 0.465745
100 0.506621 0.414964 0.938302 0.469351
73 0.507401 0.420673 0.939863 0.466346
99 0.508963 0.423002 0.939863 0.458083
46 0.508963 0.415565 0.939863 0.465745
100 0.507401 0.415189 0.938302 0.4689
73 0.507401 0.420748 0.939863 0.466196
99 0.508963 0.423077 0.939863 0.457933
46 0.508963 0.41579 0.939863 0.465294
100 0.506621 0.414964 0.938302 0.469351
73 0.507401 0.420748 0.939863 0.466196
99 0.508963 0.423002 0.939863 0.458083
46 0.508963 0.415565 0.939863 0.465745
100 0.507011 0.414964 0.937521 0.469351
73 0.507011 0.420974 0.939083 0.465745
99 0.508963 0.423002 0.939863 0.458083
46 0.508572 0.415565 0.939083 0.465745
100 0.507011 0.414964 0.937521 0.469351
73 0.507011 0.420974 0.939083 0.465745
99 0.508963 0.423002 0.939863 0.458083
46 0.508572 0.415339 0.939083 0.466196
100 0.506621 0.414964 0.938302 0.469351
73 0.507011 0.420974 0.939083 0.465745
99 0.508572 0.423002 0.940644 0.458083
46 0.508182 0.415339 0.939863 0.466196
100 0.506621 0.414964 0.938302 0.469351
73 0.506621 0.421199 0.939863 0.465294
99 0.508182 0.423002 0.941425 0.458083
46 0.507792 0.415339 0.939083 0.466196
100 0.506621 0.414964 0.938302 0.469351
73 0.506621 0.421274 0.939863 0.465144
99 0.508182 0.422776 0.941425 0.458534
46 0.512475 0.412184 0.934399 0.471304
100 0.506621 0.414964 0.938302 0.469351
73 0.506621 0.421274 0.939863 0.465144
99 0.508182 0.422551 0.939863 0.457782
46 0.512475 0.412184 0.934399 0.471304
100 0.506621 0.414964 0.938302 0.469351
73 0.506621 0.421349 0.939863 0.464994
99 0.506621 0.421349 0.939863 0.464994
46 0.512475 0.412184 0.934399 0.471304
100 0.50623 0.414739 0.939083 0.4686
73 0.506621 0.421575 0.939863 0.464543
99 0.506621 0.421575 0.939863 0.464543
46 0.512475 0.412184 0.934399 0.471304
100 0.50584 0.414663 0.939863 0.46875
73 0.506621 0.4218 0.939863 0.464093
99 0.506621 0.4218 0.939863 0.464093
46 0.512475 0.411959 0.934399 0.471755
100 0.50584 0.414739 0.939863 0.4686
73 0.50623 0.4218 0.940644 0.464093
99 0.50623 0.4218 0.940644 0.464093
46 0.512475 0.411959 0.934399 0.471755
100 0.50584 0.414739 0.939863 0.4686
73 0.50623 0.4218 0.940644 0.464093
99 0.50623 0.4218 0.940644 0.464093
46 0.512085 0.411959 0.93518 0.471755
100 0.50584 0.415189 0.939863 0.4689
73 0.50584 0.421575 0.939863 0.464543
99 0.50584 0.421575 0.939863 0.464543
46 0.512475 0.411959 0.934399 0.471755
100 0.50584 0.414964 0.939863 0.468149
73 0.50584 0.421274 0.939863 0.463942
99 0.50584 0.421274 0.939863 0.463942
46 0.512475 0.411959 0.934399 0.471755
100 0.50584 0.414964 0.939863 0.468149
73 0.50584 0.421274 0.939863 0.463942
99 0.50584 0.421274 0.939863 0.463942
46 0.512866 0.412184 0.933618 0.471304
100 0.50584 0.414964 0.939863 0.468149
73 0.50584 0.421274 0.939863 0.463942
99 0.50584 0.421274 0.939863 0.463942
46 0.512866 0.41226 0.933618 0.471154
100 0.507011 0.415339 0.940644 0.466196
73 0.50584 0.421274 0.939863 0.463942
99 0.50584 0.421274 0.939863 0.463942
46 0.512866 0.41226 0.933618 0.471154
100 0.507011 0.415189 0.940644 0.465294
73 0.50584 0.421274 0.939863 0.463942
99 0.50584 0.421274 0.939863 0.463942
46 0.512085 0.412184 0.933618 0.471304
100 0.506621 0.415189 0.941425 0.465294
73 0.50584 0.421349 0.939863 0.463792
99 0.50584 0.421349 0.939863 0.463792
46 0.512085 0.412184 0.933618 0.471304
100 0.506621 0.415189 0.941425 0.465294
73 0.50584 0.421274 0.939863 0.463942
99 0.50584 0.421274 0.939863 0.463942
46 0.512475 0.41226 0.932838 0.471154
100 0.506621 0.415189 0.941425 0.465294
73 0.50584 0.421274 0.939863 0.463942
99 0.50584 0.421274 0.939863 0.463942
46 0.506621 0.415189 0.941425 0.465294
100 0.506621 0.415189 0.941425 0.465294
73 0.50584 0.421274 0.939863 0.463942
99 0.50584 0.421274 0.939863 0.463942
100 0.506621 0.415189 0.941425 0.465294
73 0.50545 0.421274 0.940644 0.463942
99 0.50545 0.421274 0.940644 0.463942
100 0.506621 0.415189 0.941425 0.465294
73 0.50545 0.421274 0.940644 0.463942
99 0.50545 0.421274 0.940644 0.463942
100 0.506621 0.414964 0.941425 0.465745
73 0.50545 0.421274 0.940644 0.463942
99 0.50545 0.421274 0.940644 0.463942
100 0.506621 0.414964 0.941425 0.465745
73 0.50545 0.420974 0.940644 0.463341
99 0.50545 0.420974 0.940644 0.463341
100 0.506621 0.414964 0.941425 0.465745
73 0.50545 0.420748 0.940644 0.463792
99 0.50545 0.420748 0.940644 0.463792
100 0.506621 0.414964 0.941425 0.465745
73 0.505059 0.420673 0.941425 0.463942
99 0.505059 0.420673 0.941425 0.463942
100 0.506621 0.414964 0.941425 0.465745
73 0.505059 0.414964 0.941425 0.468149
99 0.505059 0.420748 0.941425 0.463792
100 0.506621 0.414964 0.941425 0.465745
73 0.504669 0.414964 0.940644 0.468149
99 0.505059 0.420748 0.941425 0.463792
100 0.506621 0.414964 0.941425 0.465745
73 0.504669 0.414964 0.940644 0.468149
99 0.505059 0.420748 0.939863 0.463792
100 0.50623 0.414964 0.942205 0.465745
73 0.504279 0.414964 0.941424 0.468149
99 0.504669 0.420748 0.940644 0.463792
100 0.50623 0.414588 0.942205 0.465294
73 0.504279 0.414663 0.941424 0.467548
99 0.504669 0.420748 0.940644 0.463792
100 0.50584 0.414663 0.941425 0.466346
73 0.504279 0.414663 0.941424 0.467548
99 0.504279 0.420673 0.941424 0.463942
100 0.50584 0.414363 0.942986 0.465745
73 0.504279 0.414663 0.941424 0.467548
99 0.504279 0.420673 0.941424 0.463942
100 0.50584 0.414138 0.941425 0.466196
73 0.504279 0.414663 0.941424 0.467548
99 0.504279 0.420598 0.941424 0.464093
73 0.504279 0.414663 0.941424 0.467548
100 0.50545 0.414062 0.942205 0.466346
99 0.504279 0.420373 0.941424 0.464543
73 0.504279 0.414739 0.941424 0.467398
100 0.50584 0.414062 0.941425 0.466346
99 0.505059 0.420373 0.941425 0.464543
73 0.504279 0.414663 0.941424 0.467548
100 0.50545 0.414062 0.942205 0.466346
99 0.504669 0.420373 0.942205 0.464543
73 0.512085 0.413161 0.93518 0.471755
100 0.50545 0.414062 0.942205 0.466346
99 0.504669 0.420373 0.942205 0.464543
73 0.512085 0.413161 0.93518 0.471755
100 0.50545 0.413987 0.942205 0.466496
99 0.504669 0.420373 0.942205 0.464543
73 0.512085 0.413161 0.93518 0.471755
100 0.50545 0.414062 0.942205 0.466346
99 0.505059 0.420373 0.941425 0.464543
73 0.512085 0.413161 0.93518 0.471755
100 0.50584 0.413987 0.941425 0.466496
99 0.505059 0.420373 0.941425 0.464543
73 0.512475 0.413161 0.934399 0.471755
100 0.50545 0.414062 0.942205 0.466346
99 0.505059 0.420373 0.941425 0.464543
73 0.512475 0.412936 0.934399 0.472206
100 0.50584 0.413987 0.941425 0.466496
99 0.505059 0.420373 0.941425 0.464543
73 0.512475 0.413161 0.934399 0.471755
100 0.50545 0.414062 0.942205 0.466346
99 0.505059 0.420373 0.941425 0.464543
73 0.512475 0.413161 0.934399 0.471755
100 0.50584 0.414062 0.941425 0.466346
99 0.505059 0.420373 0.941425 0.464543
73 0.512866 0.412936 0.93518 0.472206
100 0.50584 0.413987 0.941425 0.466496
99 0.505059 0.420373 0.941425 0.464543
