48 0.500665 0.466667 0.962307 0.28046
50 0.500665 0.466667 0.962307 0.28046
68 0.500665 0.466667 0.962307 0.28046
101 0.500665 0.466667 0.962307 0.28046
49 0.500665 0.466667 0.962307 0.28046
53 0.500665 0.466667 0.962307 0.28046
54 0.496372 0.477012 0.970892 0.264368
109 0.500665 0.466667 0.962307 0.28046
74 0.500665 0.466667 0.962307 0.28046
67 0.500665 0.466667 0.962307 0.28046
103 0.500665 0.466667 0.962307 0.28046
111 0.500665 0.466667 0.962307 0.28046
79 0.500665 0.466667 0.962307 0.28046
84 0.500665 0.466667 0.962307 0.28046
95 0.496372 0.477012 0.970892 0.264368
104 0.500665 0.466667 0.962307 0.28046
50 0.504957 0.451724 0.975575 0.396552
48 0.504957 0.451724 0.975575 0.396552
76 0.500665 0.466667 0.962307 0.28046
66 0.500665 0.466667 0.962307 0.28046
46 0.500665 0.466667 0.962307 0.28046
102 0.496372 0.477012 0.970892 0.264368
56 0.500665 0.466667 0.962307 0.28046
77 0.496372 0.477012 0.970892 0.264368
42 0.500665 0.466667 0.962307 0.28046
100 0.500665 0.466667 0.962307 0.28046
47 0.501836 0.48477 0.969331 0.312069
73 0.495592 0.479023 0.961526 0.292529
99 0.501836 0.48477 0.969331 0.312069
17 0.500665 0.466667 0.962307 0.28046
81 0.501836 0.48477 0.969331 0.312069
80 0.500665 0.466667 0.962307 0.28046
97 0.496372 0.477012 0.970892 0.264368
101 0.504957 0.451724 0.975575 0.396552
75 0.496372 0.477012 0.970892 0.264368
110 0.496372 0.477012 0.970892 0.264368
108 0.496372 0.477012 0.970892 0.264368
49 0.504957 0.451724 0.975575 0.396552
53 0.510421 0.451724 0.969331 0.401149
38 0.500665 0.466667 0.962307 0.28046
68 0.504957 0.451724 0.975575 0.396552
109 0.504957 0.451724 0.975575 0.396552
41 0.496372 0.477012 0.970892 0.264368
5 0.506128 0.45431 0.976355 0.31092
54 0.510421 0.451724 0.969331 0.401149
7 0.496372 0.477012 0.970892 0.264368
102 0.504957 0.451724 0.975575 0.396552
75 0.504957 0.451724 0.975575 0.396552
103 0.504957 0.451724 0.975575 0.396552
16 0.501836 0.48477 0.969331 0.312069
33 0.479202 0.482759 0.953722 0.265517
79 0.504957 0.451724 0.975575 0.396552
51 0.496372 0.477012 0.970892 0.264368
67 0.504957 0.451724 0.975575 0.396552
76 0.504957 0.451724 0.975575 0.396552
95 0.504957 0.451724 0.975575 0.396552
31 0.500665 0.466667 0.962307 0.28046
14 0.496372 0.477012 0.970892 0.264368
84 0.504957 0.451724 0.975575 0.396552
11 0.496372 0.477012 0.970892 0.264368
105 0.496372 0.477012 0.970892 0.264368
78 0.495592 0.479023 0.961526 0.292529
94 0.500665 0.466667 0.962307 0.28046
111 0.504957 0.451724 0.975575 0.396552
46 0.504957 0.451724 0.975575 0.396552
15 0.500665 0.466667 0.962307 0.28046
34 0.495592 0.479023 0.961526 0.292529
12 0.495592 0.479023 0.961526 0.292529
66 0.504957 0.451724 0.975575 0.396552
77 0.504957 0.451724 0.975575 0.396552
38 0.510421 0.451724 0.969331 0.401149
0 0.500665 0.466667 0.962307 0.28046
100 0.504957 0.451724 0.975575 0.396552
26 0.479202 0.482759 0.953722 0.265517
52 0.506128 0.45431 0.976355 0.31092
74 0.510421 0.451724 0.969331 0.401149
65 0.495592 0.479023 0.961526 0.292529
17 0.504957 0.451724 0.975575 0.396552
104 0.504957 0.451724 0.975575 0.396552
21 0.496372 0.477012 0.970892 0.264368
4 0.505348 0.489368 0.974794 0.292529
73 0.515219 0.451149 0.969562 0.403448
28 0.500665 0.466667 0.962307 0.28046
88 0.506128 0.45431 0.976355 0.31092
48 0.703194 0.420402 0.586906 0.351149
110 0.510421 0.451724 0.969331 0.401149
13 0.496372 0.477012 0.970892 0.264368
97 0.504957 0.451724 0.975575 0.396552
50 0.703194 0.420402 0.586906 0.351149
64 0.506128 0.45431 0.976355 0.31092
105 0.504957 0.451724 0.975575 0.396552
80 0.510421 0.451724 0.969331 0.401149
55 0.500665 0.466667 0.962307 0.28046
92 0.496372 0.477012 0.970892 0.264368
56 0.504957 0.451724 0.975575 0.396552
15 0.510421 0.451724 0.969331 0.401149
51 0.502616 0.452011 0.969331 0.415517
108 0.504957 0.451724 0.975575 0.396552
47 0.536956 0.457471 0.924064 0.42069
99 0.536956 0.457471 0.924064 0.42069
42 0.515219 0.455172 0.969562 0.406897
109 0.703194 0.420402 0.586906 0.351149
33 0.50847 0.448851 0.968551 0.367816
41 0.504957 0.451724 0.975575 0.396552
14 0.504957 0.451724 0.975575 0.396552
72 0.49286 0.482759 0.963868 0.287356
22 0.500665 0.466667 0.962307 0.28046
36 0.495592 0.479023 0.961526 0.292529
24 0.500665 0.466667 0.962307 0.28046
71 0.479202 0.482759 0.953722 0.265517
68 0.786703 0.405747 0.423009 0.32069
58 0.496372 0.477012 0.970892 0.264368
80 0.703194 0.420402 0.586906 0.351149
26 0.50847 0.448851 0.968551 0.367816
50 0.792947 0.416092 0.410522 0.344828
7 0.505738 0.446552 0.977136 0.391954
84 0.703194 0.420402 0.586906 0.351149
0 0.510421 0.451724 0.969331 0.401149
101 0.792947 0.416092 0.410522 0.344828
50 0.504177 0.470402 0.974014 0.440805
48 0.495592 0.478161 0.9506 0.425287
46 0.495592 0.478161 0.9506 0.425287
111 0.505738 0.467241 0.977136 0.444828
101 0.495592 0.478161 0.9506 0.425287
68 0.504177 0.470402 0.974014 0.440805
49 0.504177 0.470402 0.974014 0.440805
99 0.504177 0.470402 0.974014 0.440805
110 0.504177 0.470402 0.974014 0.440805
100 0.504177 0.470402 0.974014 0.440805
67 0.504177 0.470402 0.974014 0.440805
109 0.498714 0.454885 0.956844 0.464943
73 0.495592 0.478161 0.9506 0.425287
47 0.505348 0.47069 0.974794 0.442529
102 0.504177 0.470402 0.974014 0.440805
75 0.504177 0.470402 0.974014 0.440805
77 0.501836 0.470115 0.989623 0.444828
76 0.505348 0.47069 0.974794 0.442529
53 0.505348 0.47069 0.974794 0.442529
51 0.501836 0.470115 0.989623 0.444828
103 0.505738 0.467241 0.977136 0.444828
84 0.504177 0.470402 0.974014 0.440805
95 0.504177 0.470402 0.974014 0.440805
52 0.505738 0.467241 0.977136 0.444828
56 0.505738 0.467241 0.977136 0.444828
97 0.495592 0.478161 0.9506 0.425287
54 0.505738 0.467241 0.977136 0.444828
48 0.301453 0.466954 0.584955 0.425862
105 0.495592 0.478161 0.9506 0.425287
88 0.496763 0.472988 0.968551 0.436782
38 0.504177 0.470402 0.974014 0.440805
48 0.499104 0.377299 0.993525 0.704023
48 0.501055 0.490805 0.980257 0.511494
50 0.499104 0.377299 0.993525 0.704023
68 0.499494 0.739224 0.992745 0.521552
49 0.499104 0.377299 0.993525 0.704023
48 0.499494 0.739224 0.992745 0.521552
46 0.500665 0.434483 0.982599 0.533333
100 0.499104 0.377299 0.993525 0.704023
68 0.499104 0.377299 0.993525 0.704023
50 0.499494 0.509195 0.992745 0.582759
68 0.499494 0.509195 0.992745 0.582759
53 0.499494 0.739224 0.992745 0.521552
53 0.500665 0.434483 0.982599 0.533333
51 0.499104 0.377299 0.993525 0.704023
68 0.497933 0.242816 0.992745 0.485632
99 0.499104 0.377299 0.993525 0.704023
49 0.499494 0.509195 0.992745 0.582759
46 0.498714 0.36092 0.992745 0.721839
48 0.497933 0.242816 0.992745 0.485632
101 0.500665 0.434483 0.982599 0.533333
47 0.500665 0.434483 0.982599 0.533333
100 0.499494 0.509195 0.992745 0.582759
48 0.500275 0.571839 0.989623 0.765517
76 0.499104 0.377299 0.993525 0.704023
101 0.499494 0.739224 0.992745 0.521552
109 0.499494 0.739224 0.992745 0.521552
50 0.499494 0.739224 0.992745 0.521552
51 0.501055 0.490805 0.980257 0.511494
52 0.500665 0.434483 0.982599 0.533333
109 0.499104 0.377299 0.993525 0.704023
50 0.497933 0.242816 0.992745 0.485632
68 0.497153 0.922989 0.988062 0.154023
111 0.499494 0.739224 0.992745 0.521552
75 0.500665 0.434483 0.982599 0.533333
73 0.499104 0.377299 0.993525 0.704023
102 0.498324 0.763506 0.993525 0.472989
68 0.499494 0.621839 0.991184 0.756322
99 0.501055 0.490805 0.980257 0.511494
102 0.499104 0.377299 0.993525 0.704023
102 0.499494 0.509195 0.992745 0.582759
111 0.500665 0.434483 0.982599 0.533333
100 0.497933 0.242816 0.992745 0.485632
52 0.499494 0.739224 0.992745 0.521552
77 0.499104 0.377299 0.993525 0.704023
77 0.499494 0.739224 0.992745 0.521552
48 0.480373 0.839655 0.960746 0.32069
47 0.498714 0.36092 0.992745 0.721839
49 0.497933 0.213218 0.989623 0.426437
84 0.500665 0.434483 0.982599 0.533333
53 0.501836 0.235776 0.981818 0.471552
53 0.498714 0.36092 0.992745 0.721839
99 0.499494 0.739224 0.992745 0.521552
77 0.501055 0.490805 0.980257 0.511494
46 0.488958 0.576437 0.96699 0.573563
67 0.499494 0.739224 0.992745 0.521552
50 0.49169 0.610345 0.977136 0.558621
101 0.498714 0.36092 0.992745 0.721839
84 0.499494 0.739224 0.992745 0.521552
75 0.498714 0.36092 0.992745 0.721839
52 0.498714 0.36092 0.992745 0.721839
100 0.499494 0.739224 0.992745 0.521552
110 0.499494 0.739224 0.992745 0.521552
110 0.499104 0.377299 0.993525 0.704023
101 0.497933 0.213218 0.989623 0.426437
76 0.499494 0.509195 0.992745 0.582759
76 0.497933 0.242816 0.992745 0.485632
49 0.499494 0.739224 0.992745 0.521552
53 0.480373 0.839655 0.960746 0.32069
67 0.500665 0.434483 0.982599 0.533333
109 0.499494 0.509195 0.992745 0.582759
50 0.499494 0.621839 0.991184 0.756322
46 0.501836 0.235776 0.981818 0.471552
46 0.499494 0.739224 0.992745 0.521552
73 0.501055 0.490805 0.980257 0.511494
48 0.374426 0.866667 0.748851 0.266667
51 0.497933 0.242816 0.992745 0.485632
48 0.501836 0.15819 0.988062 0.316379
101 0.488958 0.576437 0.96699 0.573563
110 0.497933 0.242816 0.992745 0.485632
95 0.499494 0.739224 0.992745 0.521552
52 0.501836 0.235776 0.981818 0.471552
53 0.499494 0.621839 0.991184 0.756322
75 0.504177 0.214224 0.977136 0.428448
110 0.501055 0.490805 0.980257 0.511494
68 0.374426 0.866667 0.748851 0.266667
48 0.468666 0.941954 0.937332 0.116092
111 0.498714 0.36092 0.992745 0.721839
100 0.49169 0.610345 0.977136 0.558621
95 0.504177 0.214224 0.977136 0.428448
68 0.480373 0.839655 0.960746 0.32069
68 0.343012 0.918965 0.686024 0.162069
109 0.497933 0.242816 0.992745 0.485632
84 0.498714 0.36092 0.992745 0.721839
53 0.374426 0.866667 0.748851 0.266667
76 0.499494 0.739224 0.992745 0.521552
49 0.49169 0.610345 0.977136 0.558621
77 0.497933 0.213218 0.989623 0.426437
97 0.499104 0.377299 0.993525 0.704023
84 0.497933 0.242816 0.992745 0.485632
102 0.497933 0.242816 0.992745 0.485632
48 0.505738 0.0767241 0.969331 0.153448
47 0.501836 0.235776 0.981818 0.471552
51 0.499494 0.739224 0.992745 0.521552
102 0.503397 0.646839 0.980257 0.706322
102 0.497153 0.922989 0.988062 0.154023
53 0.468666 0.941954 0.937332 0.116092
50 0.501836 0.15819 0.988062 0.316379
111 0.497933 0.242816 0.992745 0.485632
68 0.251113 0.925287 0.502226 0.149425
99 0.497933 0.242816 0.992745 0.485632
75 0.499494 0.739224 0.992745 0.521552
101 0.497153 0.922989 0.988062 0.154023
47 0.499494 0.739224 0.992745 0.521552
48 0.501055 0.904023 0.977136 0.191954
68 0.501836 0.15819 0.988062 0.316379
73 0.499494 0.739224 0.992745 0.521552
50 0.490909 0.483046 0.966209 0.381034
50 0.505738 0.0767241 0.969331 0.153448
73 0.501836 0.235776 0.981818 0.471552
56 0.499494 0.739224 0.992745 0.521552
100 0.499494 0.621839 0.991184 0.756322
67 0.504177 0.214224 0.977136 0.428448
49 0.490909 0.483046 0.966209 0.381034
67 0.498714 0.36092 0.992745 0.721839
77 0.500275 0.571839 0.989623 0.765517
111 0.488958 0.576437 0.96699 0.573563
48 0.251113 0.925287 0.502226 0.149425
53 0.501055 0.904023 0.977136 0.191954
103 0.499494 0.739224 0.992745 0.521552
67 0.497153 0.922989 0.988062 0.154023
80 0.485056 0.751437 0.959185 0.497126
77 0.497153 0.922989 0.988062 0.154023
49 0.499494 0.621839 0.991184 0.756322
48 0.343012 0.918965 0.686024 0.162069
53 0.343012 0.918965 0.686024 0.162069
109 0.499494 0.621839 0.991184 0.756322
68 0.505738 0.0767241 0.969331 0.153448
97 0.497933 0.242816 0.992745 0.485632
51 0.49169 0.610345 0.977136 0.558621
95 0.483105 0.93046 0.956844 0.139081
53 0.251113 0.925287 0.502226 0.149425
99 0.500275 0.571839 0.989623 0.765517
95 0.500275 0.458333 0.986501 0.45
52 0.480373 0.839655 0.960746 0.32069
50 0.497153 0.922989 0.988062 0.154023
111 0.480373 0.839655 0.960746 0.32069
101 0.503787 0.616092 0.977916 0.767816
109 0.478032 0.931609 0.956063 0.136782
74 0.504177 0.214224 0.977136 0.428448
109 0.480373 0.839655 0.960746 0.32069
49 0.501445 0.114583 0.982599 0.229167
47 0.488958 0.576437 0.96699 0.573563
68 0.49169 0.610345 0.977136 0.558621
49 0.505738 0.0767241 0.969331 0.153448
48 0.292282 0.886782 0.584564 0.226437
99 0.480373 0.839655 0.960746 0.32069
101 0.374426 0.866667 0.748851 0.266667
100 0.501836 0.15819 0.988062 0.316379
56 0.500665 0.434483 0.982599 0.533333
52 0.500275 0.571839 0.989623 0.765517
102 0.480373 0.839655 0.960746 0.32069
50 0.375499 0.477586 0.734998 0.288506
95 0.501055 0.358046 0.981818 0.716092
100 0.490909 0.483046 0.966209 0.381034
97 0.500275 0.458333 0.986501 0.45
67 0.480373 0.839655 0.960746 0.32069
51 0.501836 0.15819 0.988062 0.316379
67 0.500275 0.571839 0.989623 0.765517
53 0.292282 0.886782 0.584564 0.226437
78 0.504177 0.214224 0.977136 0.428448
17 0.500665 0.434483 0.982599 0.533333
51 0.499494 0.621839 0.991184 0.756322
101 0.497153 0.835632 0.981818 0.328736
56 0.501055 0.358046 0.981818 0.716092
50 0.374426 0.866667 0.748851 0.266667
50 0.497153 0.835632 0.981818 0.328736
73 0.500275 0.571839 0.989623 0.765517
99 0.468666 0.941954 0.937332 0.116092
80 0.497933 0.242816 0.992745 0.485632
56 0.501836 0.235776 0.981818 0.471552
48 0.488178 0.485058 0.960746 0.327586
17 0.498714 0.36092 0.992745 0.721839
76 0.486617 0.640086 0.959185 0.719828
51 0.488178 0.485058 0.960746 0.327586
84 0.500275 0.571839 0.989623 0.765517
111 0.478032 0.931609 0.956063 0.136782
110 0.497153 0.922989 0.988062 0.154023
100 0.505738 0.0767241 0.969331 0.153448
103 0.499104 0.377299 0.993525 0.704023
110 0.499494 0.621839 0.991184 0.756322
46 0.503787 0.616092 0.977916 0.767816
48 0.693554 0.886782 0.612892 0.226437
68 0.292282 0.886782 0.584564 0.226437
84 0.480373 0.839655 0.960746 0.32069
102 0.343012 0.918965 0.686024 0.162069
67 0.343012 0.918965 0.686024 0.162069
46 0.488178 0.485058 0.960746 0.327586
77 0.480373 0.839655 0.960746 0.32069
102 0.374426 0.866667 0.748851 0.266667
108 0.504177 0.214224 0.977136 0.428448
109 0.374426 0.866667 0.748851 0.266667
75 0.488958 0.576437 0.96699 0.573563
52 0.374426 0.866667 0.748851 0.266667
102 0.251113 0.925287 0.502226 0.149425
101 0.343012 0.918965 0.686024 0.162069
53 0.505738 0.0767241 0.969331 0.153448
76 0.501836 0.15819 0.988062 0.316379
17 0.497933 0.242816 0.992745 0.485632
53 0.501445 0.114583 0.982599 0.229167
80 0.501055 0.358046 0.981818 0.716092
84 0.468666 0.941954 0.937332 0.116092
52 0.478032 0.931609 0.956063 0.136782
111 0.374426 0.866667 0.748851 0.266667
49 0.375499 0.477586 0.734998 0.288506
51 0.505738 0.0767241 0.969331 0.153448
99 0.501055 0.904023 0.977136 0.191954
101 0.251113 0.925287 0.502226 0.149425
110 0.480373 0.839655 0.960746 0.32069
101 0.505738 0.0767241 0.969331 0.153448
50 0.758607 0.465805 0.469837 0.431609
111 0.503787 0.616092 0.977916 0.767816
102 0.501836 0.15819 0.988062 0.316379
95 0.480373 0.839655 0.960746 0.32069
77 0.251113 0.925287 0.502226 0.149425
68 0.581052 0.886207 0.832751 0.227586
49 0.497153 0.922989 0.988062 0.154023
95 0.343012 0.918965 0.686024 0.162069
67 0.251113 0.925287 0.502226 0.149425
77 0.343012 0.918965 0.686024 0.162069
47 0.480373 0.839655 0.960746 0.32069
109 0.343012 0.918965 0.686024 0.162069
101 0.501445 0.114583 0.982599 0.229167
54 0.485056 0.751437 0.959185 0.497126
49 0.480373 0.839655 0.960746 0.32069
109 0.251113 0.925287 0.502226 0.149425
100 0.497153 0.922989 0.988062 0.154023
53 0.693554 0.886782 0.612892 0.226437
68 0.699798 0.967816 0.600405 0.0643678
99 0.374426 0.866667 0.748851 0.266667
52 0.501445 0.114583 0.982599 0.229167
100 0.480373 0.839655 0.960746 0.32069
80 0.500665 0.434483 0.982599 0.533333
77 0.374426 0.866667 0.748851 0.266667
50 0.343012 0.918965 0.686024 0.162069
46 0.505738 0.0767241 0.969331 0.153448
99 0.501836 0.15819 0.988062 0.316379
33 0.497933 0.213218 0.989623 0.426437
97 0.499494 0.739224 0.992745 0.521552
67 0.374426 0.866667 0.748851 0.266667
84 0.501836 0.15819 0.988062 0.316379
52 0.505738 0.0767241 0.969331 0.153448
109 0.501445 0.114583 0.982599 0.229167
76 0.505738 0.0767241 0.969331 0.153448
103 0.499494 0.509195 0.992745 0.582759
56 0.480373 0.839655 0.960746 0.32069
110 0.374426 0.866667 0.748851 0.266667
101 0.292282 0.886782 0.584564 0.226437
110 0.501836 0.15819 0.988062 0.316379
50 0.251113 0.925287 0.502226 0.149425
46 0.375499 0.477586 0.734998 0.288506
99 0.251113 0.925287 0.502226 0.149425
2 0.499104 0.377299 0.993525 0.704023
50 0.431594 0.429598 0.844457 0.463793
75 0.483105 0.93046 0.956844 0.139081
99 0.343012 0.918965 0.686024 0.162069
47 0.505738 0.0767241 0.969331 0.153448
109 0.505738 0.0767241 0.969331 0.153448
47 0.488178 0.485058 0.960746 0.327586
50 0.292282 0.886782 0.584564 0.226437
46 0.501445 0.114583 0.982599 0.229167
50 0.259893 0.491379 0.508079 0.304598
49 0.431594 0.429598 0.844457 0.463793
2 0.497933 0.213218 0.989623 0.426437
84 0.501055 0.904023 0.977136 0.191954
68 0.523689 0.966667 0.924064 0.0666667
33 0.498714 0.36092 0.992745 0.721839
103 0.499494 0.621839 0.991184 0.756322
68 0.490909 0.44023 0.966209 0.455172
48 0.499884 0.451437 0.985721 0.462644
50 0.499884 0.451437 0.985721 0.462644
76 0.499884 0.451437 0.985721 0.462644
73 0.499884 0.451437 0.985721 0.462644
47 0.499884 0.451437 0.985721 0.462644
100 0.499884 0.451437 0.985721 0.462644
110 0.499884 0.451437 0.985721 0.462644
111 0.499884 0.451437 0.985721 0.462644
77 0.488568 0.456897 0.956844 0.451724
101 0.499884 0.451437 0.985721 0.462644
53 0.499884 0.451437 0.985721 0.462644
97 0.499884 0.451437 0.985721 0.462644
109 0.499884 0.451437 0.985721 0.462644
103 0.499884 0.451437 0.985721 0.462644
84 0.499884 0.451437 0.985721 0.462644
49 0.499884 0.451437 0.985721 0.462644
46 0.499884 0.451437 0.985721 0.462644
102 0.488568 0.456897 0.956844 0.451724
99 0.499884 0.451437 0.985721 0.462644
67 0.499104 0.460345 0.98416 0.465517
51 0.499884 0.451437 0.985721 0.462644
95 0.499884 0.451437 0.985721 0.462644
68 0.836458 0.423276 0.300087 0.335057
75 0.499884 0.451437 0.985721 0.462644
52 0.499884 0.451437 0.985721 0.462644
80 0.499884 0.451437 0.985721 0.462644
97 0.497933 0.364655 0.977136 0.528161
73 0.497933 0.364655 0.977136 0.528161
100 0.497933 0.364655 0.977136 0.528161
54 0.499494 0.434483 0.983379 0.489655
76 0.497933 0.364655 0.977136 0.528161
102 0.836458 0.423276 0.300087 0.335057
77 0.836458 0.423276 0.300087 0.335057
101 0.836458 0.423276 0.300087 0.335057
48 0.497933 0.364655 0.977136 0.528161
68 0.884261 0.436782 0.212285 0.365517
47 0.497933 0.364655 0.977136 0.528161
50 0.497933 0.364655 0.977136 0.528161
42 0.499494 0.434483 0.983379 0.489655
68 0.766802 0.422414 0.436277 0.345977
110 0.836458 0.423276 0.300087 0.335057
46 0.497933 0.364655 0.977136 0.528161
76 0.836458 0.423276 0.300087 0.335057
109 0.836458 0.423276 0.300087 0.335057
50 0.836458 0.423276 0.300087 0.335057
49 0.497933 0.364655 0.977136 0.528161
56 0.499884 0.451437 0.985721 0.462644
68 0.505738 0.723132 0.964648 0.553736
103 0.497933 0.364655 0.977136 0.528161
84 0.497933 0.364655 0.977136 0.528161
100 0.867091 0.414655 0.246625 0.322414
84 0.867091 0.414655 0.246625 0.322414
97 0.867091 0.414655 0.246625 0.322414
50 0.506128 0.460345 0.979477 0.443678
49 0.506128 0.460345 0.979477 0.443678
76 0.507689 0.465517 0.970111 0.435632
48 0.507689 0.465517 0.970111 0.435632
100 0.506128 0.460345 0.979477 0.443678
51 0.507689 0.465517 0.970111 0.435632
47 0.507689 0.465517 0.970111 0.435632
99 0.507689 0.465517 0.970111 0.435632
73 0.507689 0.465517 0.970111 0.435632
77 0.506128 0.460345 0.979477 0.443678
101 0.506128 0.460345 0.979477 0.443678
97 0.508079 0.46523 0.969331 0.447701
111 0.508079 0.46523 0.969331 0.447701
46 0.507689 0.465517 0.970111 0.435632
110 0.506128 0.460345 0.979477 0.443678
68 0.506128 0.460345 0.979477 0.443678
102 0.506128 0.460345 0.979477 0.443678
53 0.508079 0.46523 0.969331 0.447701
67 0.503006 0.462069 0.98416 0.437931
109 0.508079 0.46523 0.969331 0.447701
54 0.508079 0.46523 0.969331 0.447701
84 0.503006 0.462069 0.98416 0.437931
56 0.503006 0.462069 0.98416 0.437931
42 0.508079 0.46523 0.969331 0.447701
50 0.504957 0.540086 0.975575 0.439368
75 0.50886 0.473563 0.964648 0.43908
52 0.503006 0.462069 0.98416 0.437931
49 0.504957 0.540086 0.975575 0.439368
50 0.503787 0.453736 0.988842 0.441954
49 0.50964 0.46092 0.980258 0.426437
99 0.511707 0.459483 0.976586 0.43046
48 0.50964 0.46092 0.980258 0.426437
73 0.511707 0.459483 0.976586 0.43046
46 0.511707 0.459483 0.976586 0.43046
51 0.50964 0.46092 0.980258 0.426437
76 0.511707 0.459483 0.976586 0.43046
47 0.511707 0.459483 0.976586 0.43046
100 0.511707 0.459483 0.976586 0.43046
77 0.50964 0.46092 0.980258 0.426437
101 0.50964 0.46092 0.980258 0.426437
102 0.377743 0.960919 0.755485 0.078161
102 0.50964 0.46092 0.980258 0.426437
110 0.50964 0.46092 0.980258 0.426437
50 0.512487 0.824138 0.975025 0.351724
75 0.511707 0.459483 0.976586 0.43046
111 0.505738 0.463793 0.980257 0.421839
102 0.512487 0.824138 0.975025 0.351724
101 0.377743 0.960919 0.755485 0.078161
84 0.505738 0.463793 0.980257 0.421839
53 0.505738 0.463793 0.980257 0.421839
77 0.512487 0.824138 0.975025 0.351724
77 0.377743 0.960919 0.755485 0.078161
102 0.380279 0.935058 0.760558 0.129885
49 0.512487 0.824138 0.975025 0.351724
102 0.508585 0.927011 0.98283 0.145977
103 0.505738 0.461207 0.981818 0.427011
97 0.505738 0.463793 0.980257 0.421839
109 0.511707 0.459483 0.976586 0.43046
68 0.377743 0.960919 0.755485 0.078161
67 0.505738 0.463793 0.980257 0.421839
50 0.493641 0.44533 0.970111 0.431178
49 0.493641 0.44533 0.970111 0.431178
51 0.501055 0.453736 0.956844 0.423563
99 0.501055 0.453736 0.956844 0.423563
73 0.501055 0.453736 0.956844 0.423563
46 0.501055 0.453736 0.956844 0.423563
48 0.501055 0.453736 0.956844 0.423563
100 0.501055 0.453736 0.956844 0.423563
47 0.501055 0.453736 0.956844 0.423563
76 0.501055 0.453736 0.956844 0.423563
102 0.493641 0.44533 0.970111 0.431178
110 0.501055 0.453736 0.956844 0.423563
50 0.484666 0.404885 0.885041 0.317816
101 0.499494 0.440517 0.949039 0.40977
49 0.484666 0.404885 0.885041 0.317816
99 0.484666 0.404885 0.885041 0.317816
51 0.484666 0.404885 0.885041 0.317816
73 0.484666 0.404885 0.885041 0.317816
102 0.484666 0.404885 0.885041 0.317816
77 0.499494 0.440517 0.949039 0.40977
46 0.484666 0.404885 0.885041 0.317816
47 0.501836 0.463218 0.959966 0.432184
51 0.501836 0.463218 0.959966 0.432184
50 0.497153 0.466092 0.969331 0.44023
49 0.501836 0.463218 0.959966 0.432184
73 0.501836 0.463218 0.959966 0.432184
46 0.501836 0.463218 0.959966 0.432184
99 0.501836 0.463218 0.959966 0.432184
48 0.501836 0.463218 0.959966 0.432184
100 0.501836 0.463218 0.959966 0.432184
76 0.500275 0.464368 0.958405 0.436782
34 0.497153 0.457974 0.96777 0.455316
97 0.496763 0.460632 0.970111 0.433908
8 0.497153 0.457974 0.96777 0.455316
42 0.496763 0.460632 0.970111 0.433908
50 0.499104 0.458046 0.968551 0.437931
51 0.489738 0.458621 0.912358 0.441379
48 0.489738 0.458621 0.912358 0.441379
49 0.499104 0.458046 0.968551 0.437931
99 0.489738 0.458621 0.912358 0.441379
47 0.489738 0.458621 0.912358 0.441379
100 0.499104 0.458046 0.968551 0.437931
76 0.499104 0.458046 0.968551 0.437931
73 0.489738 0.458621 0.912358 0.441379
46 0.489738 0.458621 0.912358 0.441379
110 0.506518 0.453951 0.978697 0.453017
101 0.501055 0.465805 0.983379 0.41092
102 0.506518 0.453951 0.978697 0.453017
73 0.461252 0.467816 0.870993 0.452874
99 0.461252 0.467816 0.870993 0.452874
50 0.490129 0.462644 0.966209 0.464368
48 0.488568 0.460273 0.970892 0.458764
49 0.488568 0.460273 0.970892 0.458764
47 0.488568 0.460273 0.970892 0.458764
76 0.461252 0.467816 0.870993 0.452874
100 0.461252 0.467816 0.870993 0.452874
46 0.461252 0.467816 0.870993 0.452874
51 0.45813 0.468103 0.863189 0.455747
110 0.490129 0.462644 0.966209 0.464368
77 0.490129 0.462644 0.966209 0.464368
101 0.488568 0.460273 0.970892 0.458764
111 0.488568 0.460273 0.970892 0.458764
102 0.490129 0.462644 0.966209 0.464368
99 0.462032 0.462644 0.864749 0.435632
73 0.462032 0.462644 0.864749 0.435632
100 0.498714 0.462644 0.978697 0.435632
49 0.498714 0.462644 0.978697 0.435632
47 0.464764 0.464368 0.853042 0.432184
48 0.472959 0.463218 0.891285 0.436782
50 0.498714 0.462644 0.978697 0.435632
51 0.479983 0.458621 0.910016 0.445977
46 0.498714 0.462644 0.978697 0.435632
76 0.498714 0.462644 0.978697 0.435632
48 0.796849 0.381609 0.391791 0.264368
77 0.498714 0.462644 0.978697 0.435632
110 0.498714 0.462644 0.978697 0.435632
50 0.796849 0.381609 0.391791 0.264368
49 0.796849 0.381609 0.391791 0.264368
99 0.796849 0.381609 0.391791 0.264368
73 0.796849 0.381609 0.391791 0.264368
100 0.796849 0.381609 0.391791 0.264368
101 0.498714 0.462644 0.978697 0.435632
76 0.796849 0.381609 0.391791 0.264368
46 0.796849 0.381609 0.391791 0.264368
47 0.796849 0.381609 0.391791 0.264368
51 0.796849 0.381609 0.391791 0.264368
102 0.498714 0.462644 0.978697 0.435632
111 0.498714 0.462644 0.978697 0.435632
50 0.49247 0.462931 0.972453 0.428161
49 0.481544 0.462356 0.949039 0.424713
100 0.49247 0.462931 0.972453 0.428161
99 0.455789 0.462931 0.852262 0.424713
47 0.49247 0.462931 0.972453 0.428161
76 0.49247 0.462931 0.972453 0.428161
73 0.455789 0.462931 0.852262 0.424713
51 0.483105 0.473563 0.963087 0.414943
46 0.49247 0.462931 0.972453 0.428161
48 0.49247 0.462931 0.972453 0.428161
110 0.455789 0.462931 0.852262 0.424713
102 0.49247 0.462931 0.972453 0.428161
101 0.49247 0.462931 0.972453 0.428161
77 0.49247 0.462931 0.972453 0.428161
51 0.499494 0.44569 0.958405 0.463793
99 0.498714 0.457399 0.966209 0.441523
73 0.498714 0.457399 0.966209 0.441523
50 0.498714 0.457399 0.966209 0.441523
49 0.496763 0.448851 0.95138 0.467816
100 0.498714 0.457399 0.966209 0.441523
47 0.499494 0.44569 0.958405 0.463793
48 0.498714 0.457399 0.966209 0.441523
46 0.498714 0.457399 0.966209 0.441523
76 0.498714 0.457399 0.966209 0.441523
99 0.501836 0.833046 0.972453 0.333908
73 0.501836 0.833046 0.972453 0.333908
110 0.498714 0.457399 0.966209 0.441523
99 0.498714 0.346264 0.963087 0.692529
99 0.506909 0.883908 0.959185 0.232184
51 0.498714 0.346264 0.963087 0.692529
76 0.501836 0.833046 0.972453 0.333908
73 0.495592 0.356897 0.972453 0.651724
8 0.45891 0.45977 0.86631 0.441379
103 0.501055 0.896552 0.970892 0.206897
77 0.498714 0.457399 0.966209 0.441523
76 0.506909 0.883908 0.959185 0.232184
73 0.506909 0.883908 0.959185 0.232184
99 0.511201 0.464943 0.969331 0.437931
73 0.511201 0.464943 0.969331 0.437931
50 0.498324 0.451796 0.96699 0.455029
51 0.498324 0.451796 0.96699 0.455029
100 0.511201 0.464943 0.969331 0.437931
47 0.497933 0.464296 0.93343 0.442672
49 0.494421 0.452874 0.962307 0.457471
76 0.497933 0.464296 0.93343 0.442672
46 0.498714 0.461566 0.972453 0.446983
110 0.504957 0.465805 0.9506 0.436207
99 0.659879 0.46408 0.664171 0.414368
48 0.497933 0.464296 0.93343 0.442672
73 0.659879 0.46408 0.664171 0.414368
77 0.504957 0.465805 0.9506 0.436207
100 0.659879 0.46408 0.664171 0.414368
8 0.506518 0.464943 0.959966 0.435632
51 0.493641 0.466954 0.976355 0.445402
49 0.501055 0.465805 0.994306 0.445402
99 0.479202 0.467744 0.958405 0.455316
100 0.45891 0.468966 0.870993 0.445977
73 0.479202 0.467744 0.958405 0.455316
47 0.45891 0.468966 0.870993 0.445977
50 0.497933 0.464296 0.989623 0.441523
46 0.494421 0.466379 0.977916 0.445402
48 0.448764 0.469828 0.850701 0.446552
99 0.626612 0.464368 0.729145 0.43908
100 0.626612 0.464368 0.729145 0.43908
73 0.626612 0.464368 0.729145 0.43908
99 0.755485 0.460632 0.482324 0.412069
100 0.755485 0.460632 0.482324 0.412069
73 0.755485 0.460632 0.482324 0.412069
110 0.45891 0.468966 0.870993 0.445977
46 0.494031 0.456034 0.966209 0.437356
100 0.500275 0.458046 0.963087 0.435632
73 0.49169 0.46092 0.981818 0.437931
99 0.500275 0.458046 0.963087 0.435632
50 0.494031 0.456034 0.966209 0.437356
47 0.501836 0.450287 0.988062 0.45
49 0.501836 0.450287 0.988062 0.45
51 0.501836 0.450287 0.988062 0.45
76 0.499494 0.457759 0.955283 0.43046
48 0.494031 0.456034 0.966209 0.437356
41 0.49169 0.46092 0.981818 0.437931
73 0.457349 0.466667 0.878798 0.433333
100 0.483105 0.465805 0.9506 0.432759
99 0.483105 0.465805 0.9506 0.432759
76 0.488568 0.464368 0.956844 0.433333
47 0.495982 0.467816 0.979477 0.426437
100 0.496372 0.874138 0.961526 0.251724
99 0.496372 0.874138 0.961526 0.251724
73 0.496372 0.874138 0.961526 0.251724
46 0.495982 0.467816 0.979477 0.426437
76 0.496372 0.874138 0.961526 0.251724
73 0.821239 0.464368 0.349256 0.429885
73 0.724267 0.461782 0.533834 0.424713
99 0.821239 0.464368 0.349256 0.429885
110 0.484275 0.462644 0.95138 0.43908
100 0.724267 0.461782 0.533834 0.424713
100 0.821239 0.464368 0.349256 0.429885
50 0.495982 0.467816 0.979477 0.426437
48 0.495982 0.467816 0.979477 0.426437
49 0.495982 0.467816 0.979477 0.426437
76 0.821239 0.464368 0.349256 0.429885
110 0.496372 0.874138 0.961526 0.251724
48 0.488568 0.909195 0.930308 0.181609
99 0.724267 0.461782 0.533834 0.424713
77 0.483105 0.465805 0.9506 0.432759
51 0.495982 0.467816 0.979477 0.426437
100 0.475398 0.846552 0.770899 0.306897
46 0.496372 0.874138 0.961526 0.251724
99 0.487007 0.933333 0.878798 0.133333
73 0.475398 0.846552 0.770899 0.306897
77 0.488568 0.909195 0.930308 0.181609
100 0.487007 0.933333 0.878798 0.133333
47 0.496372 0.874138 0.961526 0.251724
99 0.506518 0.462644 0.966209 0.437931
50 0.498324 0.458333 0.976355 0.444253
51 0.500275 0.457543 0.98494 0.450431
100 0.503397 0.46523 0.956844 0.437356
73 0.503397 0.46523 0.956844 0.437356
110 0.499494 0.463793 0.974014 0.437931
47 0.497543 0.455244 0.971672 0.45273
49 0.498324 0.458333 0.976355 0.444253
46 0.497543 0.455244 0.971672 0.45273
76 0.499494 0.463793 0.974014 0.437931
99 0.501445 0.871839 0.973233 0.256322
100 0.501445 0.871839 0.973233 0.256322
48 0.506518 0.894253 0.956844 0.211494
73 0.501445 0.871839 0.973233 0.256322
110 0.506518 0.894253 0.956844 0.211494
49 0.506518 0.894253 0.956844 0.211494
50 0.506518 0.894253 0.956844 0.211494
47 0.501445 0.871839 0.973233 0.256322
48 0.497543 0.455244 0.971672 0.45273
76 0.506518 0.894253 0.956844 0.211494
46 0.501445 0.871839 0.973233 0.256322
73 0.486226 0.464655 0.956844 0.433908
99 0.484666 0.464655 0.922503 0.43046
100 0.484665 0.463218 0.959966 0.433333
73 0.49208 0.809195 0.977916 0.381609
73 0.495592 0.875862 0.975575 0.248276
47 0.484665 0.463218 0.959966 0.433333
50 0.483105 0.463218 0.959966 0.434483
99 0.494031 0.848276 0.981818 0.303448
49 0.483105 0.463218 0.959966 0.434483
76 0.484666 0.464655 0.922503 0.43046
48 0.493251 0.854598 0.986501 0.290805
46 0.484665 0.463218 0.959966 0.433333
76 0.494031 0.848276 0.981818 0.303448
51 0.484665 0.463218 0.959966 0.433333
73 0.493251 0.924138 0.975575 0.151724
48 0.484665 0.463218 0.959966 0.433333
109 0.494031 0.848276 0.981818 0.303448
100 0.494031 0.848276 0.981818 0.303448
47 0.49208 0.809195 0.977916 0.381609
48 0.493251 0.924138 0.975575 0.151724
110 0.479983 0.462069 0.945917 0.429885
103 0.493251 0.854598 0.986501 0.290805
109 0.493251 0.924138 0.975575 0.151724
99 0.493251 0.924138 0.975575 0.151724
46 0.49208 0.809195 0.977916 0.381609
111 0.494031 0.848276 0.981818 0.303448
47 0.495592 0.875862 0.975575 0.248276
76 0.493251 0.924138 0.975575 0.151724
110 0.495592 0.875862 0.975575 0.248276
103 0.493251 0.924138 0.975575 0.151724
49 0.494031 0.848276 0.981818 0.303448
46 0.495592 0.875862 0.975575 0.248276
99 0.497933 0.468391 0.949039 0.433333
100 0.479202 0.464655 0.939674 0.431609
73 0.497933 0.468391 0.949039 0.433333
76 0.479202 0.464943 0.942795 0.437931
50 0.480763 0.461782 0.953722 0.437356
46 0.480763 0.461782 0.953722 0.437356
110 0.489348 0.463793 0.961526 0.443678
99 0.668464 0.468966 0.637636 0.443678
49 0.480763 0.461782 0.953722 0.437356
47 0.482714 0.462931 0.954502 0.443103
73 0.668464 0.468966 0.637636 0.443678
48 0.489348 0.463793 0.961526 0.443678
99 0.672756 0.448851 0.39023 0.408046
76 0.668464 0.468966 0.637636 0.443678
73 0.499494 0.468678 0.983379 0.440805
99 0.499494 0.468678 0.983379 0.440805
100 0.499494 0.468678 0.983379 0.440805
50 0.487787 0.466667 0.963087 0.436782
49 0.487787 0.466667 0.963087 0.436782
46 0.495592 0.466092 0.981818 0.441379
110 0.497153 0.47069 0.981818 0.433333
76 0.495592 0.466092 0.981818 0.441379
51 0.487397 0.464943 0.960746 0.44023
73 0.724267 0.467816 0.533834 0.445977
47 0.504177 0.468678 0.966209 0.437356
77 0.504177 0.468678 0.966209 0.437356
99 0.724267 0.467816 0.533834 0.445977
73 0.499104 0.468966 0.946698 0.433333
99 0.483885 0.466954 0.947478 0.431609
100 0.499104 0.468966 0.946698 0.433333
50 0.497933 0.458333 0.983379 0.445402
110 0.497933 0.458333 0.983379 0.445402
49 0.497933 0.458333 0.983379 0.445402
76 0.498714 0.465517 0.972453 0.432184
46 0.498714 0.465517 0.972453 0.432184
47 0.498714 0.465517 0.972453 0.432184
48 0.498714 0.465517 0.972453 0.432184
12 0.734803 0.385632 0.188091 0.273563
99 0.437838 0.46408 0.819483 0.428161
73 0.437838 0.46408 0.819483 0.428161
100 0.430033 0.462069 0.856945 0.434483
50 0.439399 0.456825 0.875676 0.441523
49 0.465154 0.454526 0.927186 0.44727
47 0.465154 0.454526 0.927186 0.44727
46 0.465154 0.454526 0.927186 0.44727
76 0.462813 0.459124 0.919382 0.439224
110 0.462813 0.459124 0.919382 0.439224
51 0.439399 0.456825 0.875676 0.441523
48 0.462813 0.459124 0.919382 0.439224
99 0.686024 0.451149 0.56037 0.409195
73 0.58154 0.464368 0.691292 0.429885
73 0.686024 0.451149 0.56037 0.409195
99 0.58154 0.464368 0.691292 0.429885
99 0.500665 0.472701 0.948259 0.422414
73 0.500665 0.472701 0.948259 0.422414
100 0.500665 0.472701 0.948259 0.422414
50 0.501836 0.493678 0.988062 0.374713
49 0.501836 0.493678 0.988062 0.374713
48 0.494031 0.899425 0.975575 0.201149
110 0.493251 0.474138 0.964648 0.417241
76 0.493251 0.474138 0.964648 0.417241
48 0.49247 0.826149 0.966209 0.347701
46 0.494031 0.485345 0.963087 0.393678
47 0.494031 0.485345 0.963087 0.393678
48 0.494031 0.485345 0.963087 0.393678
77 0.493251 0.474138 0.964648 0.417241
48 0.489348 0.977299 0.953722 0.0454023
99 0.494031 0.899425 0.975575 0.201149
99 0.495592 0.463793 0.953722 0.425287
73 0.488568 0.461782 0.927186 0.423563
100 0.461252 0.461494 0.922503 0.427586
50 0.464374 0.462069 0.922503 0.432184
51 0.464374 0.462069 0.922503 0.432184
47 0.464374 0.462069 0.922503 0.432184
46 0.455788 0.461207 0.906894 0.42931
48 0.493251 0.914943 0.986501 0.170115
99 0.629733 0.448276 0.715096 0.403448
99 0.50925 0.409195 0.771875 0.31954
110 0.479202 0.466092 0.955283 0.428736
73 0.629733 0.448276 0.715096 0.403448
76 0.479202 0.466092 0.955283 0.428736
99 0.49286 0.91954 0.98416 0.16092
49 0.464374 0.462069 0.922503 0.432184
48 0.479202 0.466092 0.955283 0.428736
8 0.479202 0.466092 0.955283 0.428736
48 0.49247 0.965517 0.975575 0.0689655
47 0.493251 0.914943 0.986501 0.170115
73 0.50925 0.409195 0.771875 0.31954
84 0.464374 0.462069 0.922503 0.432184
76 0.49286 0.91954 0.98416 0.16092
77 0.479202 0.466092 0.955283 0.428736
100 0.49286 0.91954 0.98416 0.16092
73 0.451496 0.465517 0.846799 0.436782
100 0.487787 0.463218 0.961526 0.437931
99 0.483105 0.463793 0.953722 0.441379
49 0.490129 0.462069 0.96777 0.43908
50 0.49169 0.461207 0.970892 0.443103
73 0.707877 0.41954 0.497933 0.343678
46 0.487787 0.463218 0.961526 0.437931
110 0.487787 0.463218 0.961526 0.437931
99 0.707877 0.41954 0.497933 0.343678
47 0.487787 0.463218 0.961526 0.437931
76 0.487787 0.463218 0.961526 0.437931
99 0.495202 0.925862 0.982599 0.148276
48 0.490909 0.98908 0.969331 0.0218391
99 0.490909 0.98908 0.969331 0.0218391
73 0.495202 0.925862 0.982599 0.148276
48 0.495202 0.925862 0.982599 0.148276
73 0.660952 0.454598 0.666708 0.411494
73 0.849921 0.436207 0.291892 0.373563
100 0.487787 0.461494 0.964648 0.444828
73 0.47491 0.464943 0.907675 0.437931
99 0.489348 0.458908 0.964648 0.432759
50 0.483105 0.459267 0.956844 0.443534
110 0.483105 0.459267 0.956844 0.443534
49 0.499494 0.458908 0.988062 0.440805
47 0.487007 0.459483 0.961526 0.432759
46 0.487007 0.459483 0.961526 0.432759
76 0.489348 0.458908 0.964648 0.432759
51 0.487007 0.459483 0.961526 0.432759
48 0.487007 0.459483 0.961526 0.432759
48 0.467495 0.931609 0.799191 0.136782
73 0.717633 0.396839 0.35667 0.300575
48 0.448764 0.850575 0.391791 0.298851
73 0.808556 0.451437 0.366816 0.371839
73 0.646221 0.386207 0.374621 0.282759
17 0.72934 0.383333 0.206822 0.274713
73 0.476178 0.401149 0.717828 0.313793
99 0.476861 0.465805 0.895968 0.436207
100 0.485056 0.459483 0.942015 0.446552
73 0.463593 0.465805 0.870993 0.433908
50 0.49169 0.457974 0.949039 0.449569
110 0.500275 0.46329 0.966209 0.443534
99 0.700072 0.376437 0.2716 0.25977
99 0.584662 0.365805 0.50086 0.236782
49 0.497933 0.459195 0.980257 0.447126
76 0.500275 0.46329 0.966209 0.443534
99 0.690707 0.416954 0.388669 0.336207
99 0.616563 0.435632 0.449545 0.373563
47 0.485056 0.459483 0.942015 0.446552
99 0.838329 0.416092 0.323341 0.33908
99 0.617344 0.45977 0.669634 0.429885
46 0.485056 0.459483 0.942015 0.446552
73 0.829629 0.461494 0.335598 0.429885
99 0.508079 0.466379 0.966209 0.42931
73 0.508079 0.466379 0.966209 0.42931
100 0.499494 0.466092 0.974014 0.431035
110 0.499494 0.466092 0.974014 0.431035
50 0.501055 0.470977 0.974014 0.417816
46 0.501055 0.470977 0.974014 0.417816
49 0.501055 0.470977 0.974014 0.417816
47 0.501055 0.470977 0.974014 0.417816
76 0.501055 0.470977 0.974014 0.417816
99 0.486226 0.469253 0.969331 0.437356
100 0.476861 0.466667 0.9506 0.437931
50 0.488568 0.470115 0.970892 0.428736
73 0.476861 0.466667 0.9506 0.437931
110 0.477641 0.463793 0.952161 0.44023
46 0.490519 0.477586 0.970111 0.416092
49 0.490519 0.477586 0.970111 0.416092
47 0.490519 0.477586 0.970111 0.416092
76 0.487787 0.466092 0.972453 0.442529
48 0.496372 0.969828 0.955283 0.0603448
99 0.500275 0.905747 0.972453 0.188506
51 0.487787 0.466092 0.972453 0.442529
99 0.496372 0.969828 0.955283 0.0603448
99 0.486617 0.46408 0.962307 0.432759
73 0.501055 0.465517 0.953722 0.432184
100 0.497153 0.46408 0.949039 0.43046
47 0.490909 0.460273 0.966209 0.435776
50 0.482714 0.460632 0.94982 0.439655
46 0.482714 0.460632 0.94982 0.439655
110 0.486617 0.46408 0.962307 0.432759
73 0.504957 0.468966 0.980257 0.432184
100 0.505348 0.46954 0.976355 0.435632
99 0.500275 0.463721 0.966209 0.441523
48 0.490909 0.985057 0.955283 0.029885
48 0.494031 0.935632 0.972453 0.128736
47 0.500275 0.463721 0.966209 0.441523
99 0.494031 0.935632 0.972453 0.128736
46 0.500275 0.463721 0.966209 0.441523
41 0.505738 0.466092 0.963087 0.433333
99 0.490909 0.985057 0.955283 0.029885
73 0.504177 0.463793 0.975575 0.426437
100 0.49169 0.463793 0.93343 0.432184
99 0.468276 0.480172 0.89909 0.387931
110 0.465154 0.474713 0.892846 0.398851
50 0.468276 0.480172 0.89909 0.387931
47 0.496763 0.499425 0.979477 0.336782
46 0.496763 0.499425 0.979477 0.336782
73 0.71295 0.456322 0.561151 0.370115
51 0.500275 0.462069 0.963087 0.424138
48 0.500275 0.918391 0.988062 0.163218
49 0.468276 0.480172 0.89909 0.387931
81 0.515609 0.0546695 0.968782 0.109339
73 0.501836 0.460345 0.975575 0.421839
100 0.500275 0.464368 0.972453 0.422989
99 0.489738 0.457399 0.94982 0.432328
50 0.489738 0.457399 0.94982 0.432328
47 0.500275 0.464368 0.972453 0.422989
51 0.503397 0.458621 0.974014 0.427586
81 0.515219 0.0613506 0.969562 0.122701
105 0.515219 0.0613506 0.969562 0.122701
46 0.500275 0.464368 0.972453 0.422989
49 0.489738 0.457399 0.94982 0.432328
110 0.500275 0.464368 0.972453 0.422989
100 0.49286 0.467529 0.965429 0.428161
73 0.501836 0.463506 0.975575 0.422414
99 0.49286 0.467529 0.965429 0.428161
110 0.49286 0.467529 0.965429 0.428161
50 0.49286 0.467529 0.965429 0.428161
99 0.497153 0.462069 0.978697 0.435632
73 0.506518 0.46523 0.958405 0.433908
100 0.497153 0.462069 0.978697 0.435632
50 0.497153 0.462069 0.978697 0.435632
47 0.497153 0.462069 0.978697 0.435632
110 0.498324 0.46092 0.973233 0.429885
51 0.498324 0.46092 0.973233 0.429885
76 0.498324 0.46092 0.973233 0.429885
46 0.497153 0.462069 0.978697 0.435632
48 0.498324 0.46092 0.973233 0.429885
49 0.497153 0.462069 0.978697 0.435632
99 0.493251 0.465517 0.96777 0.436782
73 0.502616 0.467816 0.949039 0.44023
100 0.493251 0.466092 0.970892 0.43908
47 0.496372 0.462644 0.96777 0.437931
50 0.496372 0.462644 0.96777 0.437931
48 0.496372 0.462644 0.96777 0.437931
51 0.496372 0.462644 0.96777 0.437931
76 0.496372 0.462644 0.96777 0.437931
46 0.496372 0.462644 0.96777 0.437931
110 0.493251 0.466092 0.970892 0.43908
105 0.511982 0.0602011 0.970892 0.120402
73 0.506518 0.467816 0.958405 0.44023
100 0.494811 0.46523 0.977136 0.441954
99 0.49169 0.464943 0.969331 0.435632
50 0.495202 0.461782 0.976355 0.448851
110 0.490129 0.467816 0.96777 0.435632
49 0.495202 0.461782 0.976355 0.448851
73 0.483885 0.464943 0.955283 0.433333
99 0.469837 0.46092 0.917821 0.441379
100 0.461252 0.463506 0.906894 0.436207
50 0.461252 0.463506 0.906894 0.436207
110 0.461252 0.463506 0.906894 0.436207
47 0.461252 0.463506 0.906894 0.436207
51 0.497543 0.461494 0.973233 0.435632
46 0.488958 0.458549 0.963868 0.443822
49 0.461252 0.463506 0.906894 0.436207
76 0.497543 0.461494 0.973233 0.435632
48 0.497543 0.461494 0.973233 0.435632
99 0.503397 0.467529 0.963087 0.428161
73 0.501445 0.466379 0.954502 0.432759
100 0.490909 0.463506 0.969331 0.433908
50 0.490909 0.463506 0.969331 0.433908
46 0.490909 0.462644 0.961526 0.431035
76 0.496372 0.462644 0.972453 0.433333
110 0.490909 0.463506 0.969331 0.433908
47 0.501445 0.466379 0.954502 0.432759
48 0.178237 0.95 0.356475 0.1
48 0.496372 0.462644 0.972453 0.433333
51 0.503787 0.464943 0.965429 0.431034
49 0.490909 0.463506 0.969331 0.433908
99 0.496372 0.463218 0.96777 0.429885
100 0.489348 0.465517 0.963087 0.432184
73 0.497933 0.466667 0.949039 0.432184
50 0.489348 0.465517 0.963087 0.432184
110 0.489348 0.465517 0.963087 0.432184
47 0.497933 0.466667 0.949039 0.432184
76 0.496372 0.463218 0.96777 0.429885
46 0.489348 0.465517 0.963087 0.432184
73 0.504567 0.466092 0.963868 0.427586
99 0.483885 0.466092 0.955283 0.426437
100 0.490129 0.465517 0.969331 0.425287
50 0.479593 0.467816 0.945137 0.421839
110 0.479593 0.467816 0.945137 0.421839
47 0.490129 0.465517 0.969331 0.425287
51 0.505738 0.46523 0.96777 0.427011
73 0.50886 0.464943 0.964648 0.422988
99 0.487787 0.46523 0.963087 0.425862
100 0.497153 0.464368 0.981818 0.426437
50 0.487787 0.46523 0.963087 0.425862
110 0.497153 0.464368 0.981818 0.426437
81 0.510926 0.0619253 0.978147 0.123851
47 0.497153 0.464368 0.981818 0.426437
73 0.502616 0.463793 0.980257 0.428736
99 0.473739 0.461207 0.934991 0.432759
100 0.477641 0.462644 0.942795 0.431035
50 0.470227 0.462069 0.926406 0.431035
110 0.470227 0.462069 0.926406 0.431035
47 0.501445 0.464943 0.95138 0.429885
51 0.470227 0.462069 0.926406 0.431035
100 0.495592 0.46523 0.972453 0.427011
73 0.501055 0.46408 0.977136 0.431609
99 0.498324 0.465517 0.977916 0.425287
110 0.476861 0.467816 0.931869 0.421839
50 0.476861 0.467816 0.931869 0.421839
100 0.503397 0.46523 0.953722 0.42931
73 0.503397 0.46523 0.953722 0.42931
99 0.486226 0.464368 0.953722 0.431034
50 0.481544 0.466092 0.947478 0.429885
110 0.481544 0.466092 0.947478 0.429885
51 0.500275 0.461782 0.975575 0.433908
47 0.500275 0.461782 0.975575 0.433908
46 0.500275 0.461782 0.975575 0.433908
73 0.503397 0.465517 0.977136 0.427586
100 0.507689 0.466954 0.963868 0.428161
99 0.504177 0.464655 0.978697 0.428161
50 0.49169 0.462356 0.958405 0.43046
110 0.49169 0.462356 0.958405 0.43046
51 0.504567 0.463218 0.976355 0.428736
47 0.503787 0.465517 0.981038 0.428736
49 0.49169 0.462356 0.958405 0.43046
46 0.504567 0.463218 0.976355 0.428736
73 0.50925 0.463793 0.965429 0.428736
100 0.507299 0.465517 0.958405 0.432184
99 0.489348 0.458908 0.949039 0.436207
50 0.487397 0.461494 0.945137 0.433333
110 0.487397 0.461494 0.945137 0.433333
47 0.49169 0.45431 0.9506 0.445402
51 0.489348 0.458908 0.949039 0.436207
49 0.487397 0.461494 0.945137 0.433333
46 0.49169 0.45431 0.9506 0.445402
19 0.504177 0.461494 0.975575 0.433333
48 0.49169 0.45431 0.9506 0.445402
100 0.50886 0.465517 0.963087 0.433333
73 0.50925 0.462644 0.96699 0.433333
99 0.506518 0.460632 0.972453 0.436207
50 0.504957 0.461782 0.974014 0.437356
49 0.504957 0.461782 0.974014 0.437356
51 0.506909 0.459195 0.971672 0.43908
46 0.506909 0.459195 0.971672 0.43908
47 0.506909 0.459195 0.971672 0.43908
110 0.504957 0.461782 0.974014 0.437356
48 0.506909 0.459195 0.971672 0.43908
19 0.50964 0.464368 0.963087 0.433333
29 0.506518 0.460632 0.972453 0.436207
76 0.506909 0.459195 0.971672 0.43908
73 0.50886 0.462644 0.961526 0.433333
100 0.508079 0.466379 0.958405 0.435057
99 0.493251 0.460345 0.952161 0.437931
50 0.493251 0.460345 0.952161 0.437931
51 0.504177 0.461494 0.970892 0.437931
110 0.502616 0.463793 0.972453 0.437931
76 0.504957 0.459842 0.969331 0.440086
46 0.504957 0.459842 0.969331 0.440086
47 0.504957 0.459842 0.969331 0.440086
49 0.502616 0.463793 0.972453 0.437931
19 0.50964 0.464943 0.959966 0.433333
73 0.50925 0.464368 0.963868 0.433333
100 0.503397 0.465805 0.978697 0.432759
99 0.487007 0.463218 0.936552 0.433333
50 0.498714 0.463218 0.975575 0.429885
110 0.487007 0.46954 0.942795 0.426437
46 0.487007 0.463218 0.936552 0.433333
76 0.487007 0.463218 0.936552 0.433333
100 0.497933 0.465805 0.970892 0.432759
73 0.501836 0.46523 0.952161 0.433908
99 0.480373 0.466667 0.945137 0.429885
50 0.480373 0.466667 0.945137 0.429885
110 0.497933 0.465805 0.970892 0.432759
46 0.493251 0.464368 0.958405 0.435632
49 0.497933 0.465805 0.970892 0.432759
76 0.493251 0.464368 0.958405 0.435632
47 0.493251 0.464368 0.958405 0.435632
48 0.523688 1 0.827287 0
81 0.504567 0.0419181 0.982599 0.0838362
51 0.493251 0.464368 0.958405 0.435632
100 0.496763 0.465517 0.970111 0.433333
73 0.497933 0.464655 0.975575 0.433908
99 0.496372 0.463793 0.961526 0.436782
50 0.489348 0.464943 0.956844 0.433333
46 0.496372 0.463793 0.961526 0.436782
110 0.489348 0.464943 0.956844 0.433333
49 0.496763 0.465517 0.970111 0.433333
47 0.496372 0.463793 0.961526 0.436782
76 0.496372 0.463793 0.961526 0.436782
51 0.496372 0.463793 0.961526 0.436782
100 0.507299 0.467816 0.96777 0.433333
73 0.506518 0.467241 0.966209 0.431035
99 0.49247 0.466954 0.956844 0.42931
50 0.49247 0.466954 0.956844 0.42931
110 0.504177 0.466379 0.980257 0.435057
46 0.49247 0.466954 0.956844 0.42931
49 0.504177 0.466379 0.980257 0.435057
76 0.503397 0.464943 0.974014 0.434483
73 0.501836 0.466954 0.980257 0.432759
100 0.504177 0.466379 0.977136 0.435057
99 0.503397 0.464368 0.972453 0.435632
50 0.494421 0.464368 0.959185 0.434483
110 0.504177 0.466379 0.977136 0.435057
46 0.494421 0.464368 0.959185 0.434483
47 0.503397 0.464368 0.972453 0.435632
51 0.503397 0.464368 0.972453 0.435632
81 0.50847 0.0599138 0.971672 0.119828
100 0.507299 0.466092 0.963087 0.432184
73 0.503787 0.463793 0.979477 0.429885
99 0.503397 0.462069 0.969331 0.434483
50 0.490909 0.463218 0.9506 0.432184
46 0.490909 0.463218 0.9506 0.432184
49 0.504177 0.464655 0.974014 0.431609
110 0.504177 0.464655 0.974014 0.431609
47 0.503397 0.462069 0.969331 0.434483
81 0.506909 0.0625 0.977916 0.125
51 0.490909 0.463218 0.9506 0.432184
100 0.504957 0.465805 0.959966 0.433908
73 0.504177 0.464368 0.959965 0.432184
99 0.500275 0.461494 0.964648 0.435632
50 0.490129 0.46408 0.945917 0.432759
110 0.500665 0.464368 0.968551 0.434483
46 0.500275 0.461494 0.964648 0.435632
81 0.481934 0.0600575 0.940454 0.120115
100 0.504567 0.465805 0.959185 0.435057
73 0.500275 0.461782 0.963087 0.435057
99 0.500275 0.461782 0.963087 0.435057
50 0.498714 0.46408 0.96777 0.435058
110 0.498714 0.46408 0.96777 0.435058
81 0.47569 0.0484195 0.937332 0.0968391
100 0.504957 0.465517 0.959966 0.433333
73 0.504957 0.462644 0.959966 0.431035
99 0.499494 0.461494 0.961526 0.433333
50 0.497543 0.463506 0.965429 0.433908
46 0.499494 0.461494 0.961526 0.433333
47 0.499494 0.461494 0.961526 0.433333
110 0.499494 0.461494 0.961526 0.433333
73 0.506128 0.462069 0.974794 0.432184
100 0.506518 0.464655 0.963087 0.432759
99 0.501445 0.460632 0.960746 0.433908
50 0.501055 0.463793 0.96777 0.433333
47 0.501445 0.460632 0.960746 0.433908
73 0.505738 0.462644 0.978697 0.434483
100 0.500665 0.465517 0.971672 0.434483
99 0.501445 0.462069 0.963868 0.435632
50 0.500665 0.465517 0.971672 0.434483
47 0.501445 0.462069 0.963868 0.435632
73 0.504957 0.46092 0.981818 0.429885
100 0.502226 0.464655 0.973233 0.42931
99 0.503397 0.461494 0.96777 0.431035
50 0.487007 0.464368 0.942795 0.426437
76 0.20292 0.247989 0.405839 0.495977
76 0.197847 0.0704741 0.395693 0.140948
76 0.128581 0.258621 0.257161 0.517241
81 0.468666 0.0728448 0.926406 0.14569
76 0.320574 0.0895115 0.641148 0.179023
73 0.506518 0.461207 0.966209 0.427011
100 0.500275 0.462931 0.972453 0.427011
99 0.482714 0.462069 0.942015 0.427586
50 0.482714 0.462069 0.942015 0.427586
76 0.175994 0.205747 0.351987 0.411494
76 0.156677 0.0658046 0.313355 0.131609
47 0.499884 0.460345 0.96699 0.429885
76 0.103508 0.223707 0.207017 0.447414
46 0.482714 0.462069 0.942015 0.427586
81 0.465154 0.046444 0.924064 0.0928879
110 0.482714 0.462069 0.942015 0.427586
73 0.504957 0.462644 0.964648 0.429885
100 0.499494 0.463506 0.972453 0.42931
99 0.485446 0.462069 0.947478 0.432184
50 0.485446 0.462069 0.947478 0.432184
76 0.14936 0.195546 0.298721 0.391092
76 0.140775 0.0658764 0.281551 0.131753
47 0.498714 0.46092 0.966209 0.433333
46 0.485446 0.462069 0.947478 0.432184
110 0.499494 0.463506 0.972453 0.42931
76 0.101752 0.215948 0.203505 0.431897
73 0.506128 0.463793 0.965429 0.431034
100 0.499494 0.463793 0.974014 0.431034
99 0.483885 0.461207 0.947478 0.433908
50 0.483885 0.461207 0.947478 0.433908
46 0.483885 0.461207 0.947478 0.433908
47 0.498714 0.461782 0.970892 0.435057
110 0.499494 0.463793 0.974014 0.431034
76 0.147214 0.068319 0.294428 0.136638
48 0.147214 0.068319 0.294428 0.136638
49 0.483885 0.461207 0.947478 0.433908
73 0.502616 0.464943 0.981818 0.432184
100 0.502616 0.46523 0.980257 0.432759
99 0.487007 0.461566 0.952161 0.436638
50 0.487007 0.461566 0.952161 0.436638
46 0.487007 0.461566 0.952161 0.436638
47 0.487007 0.461566 0.952161 0.436638
110 0.502616 0.46523 0.980257 0.432759
49 0.487007 0.461566 0.952161 0.436638
73 0.503006 0.464943 0.982599 0.431034
100 0.502226 0.46523 0.981038 0.431609
99 0.487787 0.461494 0.955283 0.435632
50 0.487787 0.461494 0.955283 0.435632
46 0.503006 0.462356 0.977916 0.435057
47 0.503006 0.462356 0.977916 0.435057
110 0.502226 0.46523 0.981038 0.431609
49 0.487787 0.461494 0.955283 0.435632
51 0.487787 0.461494 0.955283 0.435632
100 0.502616 0.46523 0.981818 0.432759
73 0.50886 0.465517 0.96777 0.431034
99 0.487787 0.461494 0.956844 0.437931
50 0.487787 0.461494 0.956844 0.437931
46 0.503397 0.462644 0.978697 0.435632
110 0.502616 0.46523 0.981818 0.432759
47 0.503397 0.462644 0.978697 0.435632
100 0.503397 0.465517 0.98494 0.433333
73 0.504957 0.465517 0.981818 0.433333
99 0.487787 0.462644 0.959965 0.436782
50 0.487787 0.462644 0.959965 0.436782
46 0.503397 0.463506 0.981818 0.435057
110 0.503397 0.465517 0.98494 0.433333
47 0.503397 0.463506 0.981818 0.435057
100 0.503397 0.46523 0.98494 0.431609
73 0.505348 0.464943 0.981038 0.432184
99 0.489348 0.463506 0.959965 0.433908
50 0.489348 0.463506 0.959965 0.433908
46 0.503787 0.463218 0.981038 0.433333
110 0.503397 0.46523 0.98494 0.431609
100 0.503397 0.466092 0.98494 0.432184
73 0.506518 0.464943 0.980257 0.433333
99 0.489348 0.464368 0.959965 0.433333
50 0.489348 0.464368 0.959965 0.433333
46 0.489348 0.464368 0.959965 0.433333
110 0.503397 0.466092 0.98494 0.432184
49 0.489348 0.464368 0.959965 0.433333
51 0.502616 0.465517 0.983379 0.431034
73 0.506518 0.465805 0.980257 0.433908
100 0.502616 0.466092 0.986501 0.432184
99 0.488178 0.464368 0.960746 0.433333
50 0.488178 0.464368 0.960746 0.433333
46 0.488178 0.464368 0.960746 0.433333
110 0.488178 0.464368 0.960746 0.433333
47 0.502616 0.464368 0.981818 0.432184
73 0.507299 0.466092 0.980257 0.432184
100 0.501836 0.466667 0.986501 0.432184
99 0.488568 0.464943 0.961526 0.432184
50 0.488568 0.464943 0.961526 0.432184
46 0.488568 0.464943 0.961526 0.432184
110 0.488568 0.464943 0.961526 0.432184
47 0.502616 0.464368 0.983379 0.432184
73 0.506518 0.46523 0.980257 0.431609
100 0.501055 0.466092 0.986501 0.431035
99 0.488958 0.464368 0.962307 0.432184
50 0.488958 0.464368 0.962307 0.432184
46 0.488958 0.464368 0.962307 0.432184
110 0.488958 0.464368 0.962307 0.432184
47 0.501836 0.463793 0.983379 0.431034
100 0.501055 0.466379 0.986501 0.43046
73 0.506518 0.465517 0.980257 0.431034
99 0.488958 0.464943 0.960746 0.431034
50 0.488958 0.464943 0.960746 0.431034
46 0.488958 0.464943 0.960746 0.431034
110 0.488958 0.464943 0.960746 0.431034
19 0.501055 0.466379 0.986501 0.43046
73 0.506909 0.466092 0.981038 0.431035
100 0.501445 0.466667 0.987282 0.429885
99 0.489348 0.464655 0.961526 0.431609
50 0.489348 0.464655 0.961526 0.431609
46 0.489348 0.464655 0.961526 0.431609
110 0.489348 0.464655 0.961526 0.431609
47 0.502616 0.464368 0.986501 0.431034
73 0.506518 0.467241 0.980257 0.428736
100 0.501055 0.466954 0.986501 0.431609
99 0.489739 0.46523 0.962307 0.431609
50 0.489739 0.46523 0.962307 0.431609
46 0.489739 0.46523 0.962307 0.431609
47 0.502616 0.464368 0.98494 0.432184
110 0.489739 0.46523 0.962307 0.431609
73 0.506518 0.467816 0.980257 0.429885
100 0.501445 0.466667 0.987282 0.432184
99 0.490129 0.465517 0.963087 0.432184
50 0.490129 0.465517 0.963087 0.432184
46 0.490129 0.465517 0.963087 0.432184
47 0.502616 0.464943 0.986501 0.433333
73 0.506128 0.468391 0.979477 0.431035
100 0.501836 0.467241 0.986501 0.433333
99 0.490909 0.466092 0.963087 0.433333
50 0.490909 0.466092 0.963087 0.433333
46 0.503397 0.465517 0.98494 0.434483
47 0.503397 0.465517 0.98494 0.434483
73 0.505738 0.468391 0.978697 0.431035
100 0.501836 0.467241 0.986501 0.433333
99 0.49169 0.466092 0.963087 0.433333
50 0.49169 0.466092 0.963087 0.433333
46 0.503397 0.465517 0.98494 0.434483
47 0.503397 0.465517 0.98494 0.434483
73 0.505738 0.468103 0.978697 0.431609
100 0.502616 0.467529 0.986501 0.433908
99 0.49208 0.466379 0.963868 0.432759
50 0.49208 0.466379 0.963868 0.432759
46 0.504177 0.465517 0.983379 0.434483
47 0.504177 0.465517 0.983379 0.434483
73 0.506518 0.468103 0.978697 0.431609
100 0.502616 0.467529 0.986501 0.433908
99 0.49169 0.466379 0.964648 0.432759
50 0.49169 0.466379 0.964648 0.432759
46 0.504177 0.465517 0.983379 0.434483
47 0.504177 0.465517 0.983379 0.434483
73 0.506518 0.468391 0.978697 0.432184
100 0.502616 0.467529 0.986501 0.433908
99 0.49208 0.466379 0.963868 0.432759
50 0.49208 0.466379 0.963868 0.432759
46 0.504177 0.466092 0.983379 0.434483
47 0.504177 0.466092 0.983379 0.434483
49 0.49208 0.466379 0.963868 0.432759
73 0.507299 0.468391 0.978697 0.433333
100 0.502616 0.467241 0.986501 0.434483
99 0.49169 0.466379 0.964648 0.432759
50 0.49169 0.466379 0.964648 0.432759
46 0.504177 0.465805 0.983379 0.435057
47 0.504177 0.465805 0.983379 0.435057
49 0.49169 0.466379 0.964648 0.432759
73 0.507299 0.467816 0.978697 0.433333
100 0.503006 0.467529 0.985721 0.435057
99 0.493251 0.466092 0.964648 0.433333
50 0.493251 0.466092 0.964648 0.433333
46 0.504177 0.465805 0.983379 0.435057
47 0.504177 0.465805 0.983379 0.435057
49 0.493251 0.466092 0.964648 0.433333
73 0.506518 0.468103 0.978697 0.432759
100 0.503397 0.467241 0.98494 0.435632
99 0.493641 0.465805 0.963868 0.433908
50 0.493641 0.465805 0.963868 0.433908
46 0.504567 0.465517 0.982599 0.435632
47 0.504567 0.465517 0.982599 0.435632
49 0.493641 0.465805 0.963868 0.433908
110 0.504567 0.465517 0.982599 0.435632
73 0.506518 0.467816 0.978697 0.433333
100 0.503006 0.467241 0.985721 0.435632
99 0.493641 0.465517 0.963868 0.434483
50 0.493641 0.465517 0.963868 0.434483
46 0.504177 0.465517 0.981818 0.435632
47 0.504177 0.465517 0.981818 0.435632
49 0.493641 0.465517 0.963868 0.434483
110 0.504177 0.465517 0.981818 0.435632
73 0.506518 0.467816 0.978697 0.433333
100 0.503006 0.466954 0.985721 0.436207
99 0.493641 0.465517 0.963868 0.434483
50 0.493641 0.465517 0.963868 0.434483
46 0.504177 0.46523 0.981818 0.436207
47 0.504177 0.46523 0.981818 0.436207
49 0.493641 0.465517 0.963868 0.434483
110 0.504177 0.46523 0.981818 0.436207
73 0.506909 0.468103 0.977916 0.432759
100 0.502616 0.466667 0.986501 0.435632
99 0.493251 0.46523 0.963087 0.435058
50 0.493251 0.46523 0.963087 0.435058
46 0.504177 0.465517 0.981818 0.435632
47 0.504177 0.465517 0.981818 0.435632
49 0.493251 0.46523 0.963087 0.435058
110 0.504177 0.465517 0.981818 0.435632
73 0.506518 0.468103 0.978697 0.432759
100 0.502616 0.466667 0.98494 0.435632
99 0.49247 0.465517 0.963087 0.434483
50 0.49247 0.465517 0.963087 0.434483
46 0.503787 0.465517 0.981038 0.435632
47 0.503787 0.465517 0.981038 0.435632
49 0.49247 0.465517 0.963087 0.434483
110 0.503787 0.465517 0.981038 0.435632
73 0.507299 0.467816 0.978697 0.432184
100 0.49247 0.465517 0.963087 0.434483
99 0.49247 0.465517 0.963087 0.434483
50 0.49247 0.465517 0.963087 0.434483
46 0.503787 0.465517 0.981038 0.435632
47 0.503787 0.465517 0.981038 0.435632
110 0.503787 0.465517 0.981038 0.435632
49 0.49247 0.465517 0.963087 0.434483
73 0.507299 0.467816 0.978697 0.432184
100 0.49247 0.465517 0.963087 0.434483
99 0.49247 0.465517 0.963087 0.434483
50 0.49247 0.465517 0.963087 0.434483
46 0.503787 0.465517 0.981038 0.435632
47 0.503787 0.465517 0.981038 0.435632
110 0.503787 0.465517 0.981038 0.435632
49 0.49247 0.465517 0.963087 0.434483
73 0.507299 0.467816 0.978697 0.432184
100 0.49247 0.465805 0.961526 0.433908
99 0.49247 0.465805 0.961526 0.433908
50 0.49247 0.465805 0.961526 0.433908
46 0.504177 0.465517 0.980257 0.435632
47 0.504177 0.465517 0.980257 0.435632
110 0.504177 0.465517 0.980257 0.435632
49 0.49247 0.465805 0.961526 0.433908
73 0.507299 0.467816 0.978697 0.432184
100 0.501836 0.467241 0.983379 0.434483
99 0.49247 0.466092 0.961526 0.433333
50 0.49247 0.466092 0.961526 0.433333
46 0.503787 0.465517 0.979477 0.435632
47 0.503787 0.465517 0.979477 0.435632
110 0.503787 0.465517 0.979477 0.435632
49 0.49247 0.466092 0.961526 0.433333
73 0.506518 0.468103 0.978697 0.432759
100 0.501836 0.467241 0.981818 0.435632
99 0.49247 0.466092 0.961526 0.433333
50 0.49247 0.466092 0.961526 0.433333
46 0.504177 0.466092 0.978697 0.435632
47 0.504177 0.466092 0.978697 0.435632
49 0.49247 0.466092 0.961526 0.433333
110 0.504177 0.466092 0.978697 0.435632
73 0.507299 0.468103 0.978697 0.432759
100 0.501836 0.467529 0.981818 0.435057
99 0.49286 0.466092 0.960746 0.433333
50 0.49286 0.466092 0.960746 0.433333
46 0.503397 0.466092 0.978697 0.435632
47 0.503397 0.466092 0.978697 0.435632
49 0.49286 0.466092 0.960746 0.433333
110 0.503397 0.466092 0.978697 0.435632
73 0.507299 0.468103 0.978697 0.432759
100 0.501836 0.467529 0.981818 0.435057
99 0.49247 0.466092 0.961526 0.433333
50 0.49247 0.466092 0.961526 0.433333
46 0.503397 0.466092 0.978697 0.435632
47 0.503397 0.466092 0.978697 0.435632
49 0.49247 0.466092 0.961526 0.433333
110 0.503397 0.466092 0.978697 0.435632
73 0.507299 0.468103 0.978697 0.432759
100 0.501836 0.467529 0.981818 0.435057
99 0.49247 0.466092 0.961526 0.433333
50 0.49247 0.466092 0.961526 0.433333
46 0.503397 0.466092 0.978697 0.435632
47 0.503397 0.466092 0.978697 0.435632
49 0.49247 0.466092 0.961526 0.433333
110 0.503397 0.466092 0.978697 0.435632
73 0.506518 0.468103 0.978697 0.432759
100 0.501836 0.467816 0.981818 0.435632
99 0.49247 0.466379 0.961526 0.433908
50 0.49247 0.466379 0.961526 0.433908
46 0.503397 0.466092 0.978697 0.435632
49 0.49247 0.466379 0.961526 0.433908
47 0.503397 0.466092 0.978697 0.435632
110 0.503397 0.466092 0.978697 0.435632
73 0.506518 0.467816 0.978697 0.433333
100 0.493251 0.466092 0.961526 0.433333
99 0.493251 0.466092 0.961526 0.433333
50 0.493251 0.466092 0.961526 0.433333
46 0.503397 0.466092 0.978697 0.435632
49 0.493251 0.466092 0.961526 0.433333
47 0.503397 0.466092 0.978697 0.435632
110 0.503397 0.466092 0.978697 0.435632
100 0.493251 0.466092 0.961526 0.433333
73 0.506518 0.467816 0.978697 0.433333
99 0.503397 0.466092 0.978697 0.435632
50 0.493251 0.466092 0.961526 0.433333
46 0.503397 0.466092 0.978697 0.435632
49 0.493251 0.466092 0.961526 0.433333
47 0.503397 0.466092 0.978697 0.435632
110 0.503397 0.466092 0.978697 0.435632
100 0.493251 0.466092 0.961526 0.433333
73 0.506518 0.467816 0.978697 0.433333
99 0.503787 0.466092 0.979477 0.435632
50 0.493251 0.466092 0.961526 0.433333
46 0.503787 0.466092 0.979477 0.435632
49 0.493251 0.466092 0.961526 0.433333
47 0.503787 0.466092 0.979477 0.435632
110 0.503787 0.466092 0.979477 0.435632
100 0.493251 0.466379 0.961526 0.432759
73 0.506518 0.467816 0.978697 0.433333
99 0.503787 0.466092 0.979477 0.435632
50 0.493251 0.466379 0.961526 0.432759
46 0.503787 0.466092 0.979477 0.435632
49 0.493251 0.466379 0.961526 0.432759
110 0.503787 0.466092 0.979477 0.435632
47 0.503787 0.466092 0.979477 0.435632
100 0.493251 0.466379 0.961526 0.432759
73 0.506518 0.467816 0.978697 0.433333
99 0.504177 0.466092 0.978697 0.435632
50 0.493251 0.466379 0.961526 0.432759
46 0.504177 0.466092 0.978697 0.435632
110 0.504177 0.466092 0.978697 0.435632
49 0.493251 0.466379 0.961526 0.432759
47 0.504177 0.466092 0.978697 0.435632
100 0.493251 0.466379 0.961526 0.432759
73 0.506518 0.467816 0.978697 0.433333
99 0.504177 0.466092 0.978697 0.435632
50 0.493251 0.466379 0.961526 0.432759
46 0.504177 0.466092 0.978697 0.435632
110 0.504177 0.466092 0.978697 0.435632
49 0.493251 0.466379 0.961526 0.432759
100 0.494031 0.466667 0.961526 0.433333
73 0.506518 0.467816 0.978697 0.433333
99 0.504177 0.466092 0.980257 0.435632
50 0.494031 0.466667 0.961526 0.433333
46 0.504177 0.466092 0.980257 0.435632
110 0.504177 0.466092 0.980257 0.435632
49 0.494031 0.466667 0.961526 0.433333
100 0.494421 0.466379 0.962307 0.432759
73 0.506518 0.467816 0.978697 0.433333
99 0.504177 0.466092 0.980257 0.435632
50 0.494421 0.466379 0.962307 0.432759
46 0.504177 0.466092 0.980257 0.435632
110 0.504177 0.466092 0.980257 0.435632
49 0.494812 0.467529 0.964648 0.435057
100 0.494421 0.466667 0.962307 0.433333
73 0.506518 0.467816 0.978697 0.433333
99 0.504177 0.466092 0.980257 0.435632
50 0.494421 0.466667 0.962307 0.433333
46 0.504177 0.466092 0.980257 0.435632
49 0.494812 0.467529 0.964648 0.435057
110 0.504177 0.466092 0.980257 0.435632
100 0.494812 0.466667 0.961526 0.433333
73 0.506128 0.467816 0.979477 0.433333
99 0.504177 0.466379 0.980257 0.435057
50 0.494812 0.466667 0.961526 0.433333
46 0.504177 0.466379 0.980257 0.435057
49 0.494812 0.467529 0.964648 0.435057
48 0.0843384 0.947701 0.168677 0.104598
110 0.504177 0.466379 0.980257 0.435057
100 0.494812 0.466667 0.961526 0.433333
73 0.506518 0.467816 0.978697 0.433333
99 0.504567 0.466379 0.979477 0.435057
50 0.494812 0.466667 0.961526 0.433333
46 0.504567 0.466379 0.979477 0.435057
48 0.0842897 0.947701 0.168579 0.104598
49 0.495592 0.467529 0.964648 0.435057
110 0.504567 0.466379 0.979477 0.435057
100 0.494812 0.466667 0.963087 0.433333
73 0.506128 0.467816 0.979477 0.433333
99 0.504567 0.466379 0.979477 0.435057
50 0.494812 0.466667 0.963087 0.433333
46 0.494812 0.466667 0.963087 0.433333
48 0.0840945 0.947701 0.168189 0.104598
100 0.495592 0.466667 0.963087 0.433333
73 0.506128 0.468103 0.979477 0.433908
99 0.504567 0.466667 0.979477 0.434483
50 0.495592 0.466667 0.963087 0.433333
46 0.495592 0.466667 0.963087 0.433333
48 0.083558 0.947414 0.167116 0.105172
100 0.495592 0.466954 0.963087 0.432759
73 0.505738 0.468103 0.980257 0.433908
99 0.504177 0.466667 0.978697 0.435632
50 0.495592 0.466954 0.963087 0.432759
46 0.495592 0.466954 0.963087 0.432759
48 0.0832165 0.947414 0.166433 0.105172
100 0.495592 0.466954 0.963087 0.432759
73 0.505738 0.468103 0.980257 0.433908
99 0.504177 0.466667 0.978697 0.434483
50 0.495592 0.466954 0.963087 0.432759
46 0.495592 0.466954 0.963087 0.432759
48 0.083119 0.947126 0.166238 0.105747
100 0.495592 0.467241 0.963087 0.433333
73 0.506128 0.468103 0.979477 0.433908
99 0.504177 0.466667 0.978697 0.435632
50 0.495592 0.467241 0.963087 0.433333
46 0.495592 0.467241 0.963087 0.433333
48 0.0834116 0.947126 0.166823 0.105747
100 0.495982 0.467241 0.963868 0.433333
73 0.505738 0.468103 0.980257 0.433908
99 0.504177 0.466667 0.978697 0.435632
50 0.495982 0.467241 0.963868 0.433333
46 0.495982 0.467241 0.963868 0.433333
48 0.0838994 0.946839 0.167799 0.106322
100 0.495592 0.467241 0.963087 0.433333
73 0.505738 0.468103 0.980257 0.433908
99 0.504177 0.466667 0.978697 0.435632
50 0.495592 0.467241 0.963087 0.433333
46 0.495592 0.467241 0.963087 0.433333
48 0.0843872 0.947126 0.168774 0.105747
100 0.495982 0.467241 0.963868 0.433333
73 0.505738 0.468103 0.980257 0.433908
99 0.495982 0.467241 0.963868 0.433333
50 0.495982 0.467241 0.963868 0.433333
46 0.495982 0.467241 0.963868 0.433333
48 0.0846799 0.947126 0.16936 0.105747
100 0.496372 0.467241 0.963087 0.433333
73 0.505348 0.468391 0.979477 0.433333
99 0.496372 0.467241 0.963087 0.433333
50 0.496372 0.467241 0.963087 0.433333
46 0.496372 0.467241 0.963087 0.433333
48 0.0846799 0.946839 0.16936 0.106322
100 0.496372 0.467241 0.964648 0.433333
73 0.505348 0.468103 0.979477 0.433908
99 0.496372 0.467241 0.964648 0.433333
50 0.496372 0.467241 0.964648 0.433333
46 0.496372 0.467241 0.964648 0.433333
48 0.0846799 0.947126 0.16936 0.105747
100 0.496372 0.467241 0.964648 0.433333
73 0.505348 0.468391 0.979477 0.433333
99 0.496372 0.467241 0.964648 0.433333
50 0.496372 0.467241 0.964648 0.433333
46 0.496372 0.467241 0.964648 0.433333
48 0.0847774 0.947126 0.169555 0.105747
100 0.496372 0.467241 0.964648 0.433333
73 0.505348 0.468391 0.979477 0.433333
99 0.496372 0.467241 0.964648 0.433333
50 0.496372 0.467241 0.964648 0.433333
46 0.496372 0.467241 0.964648 0.433333
48 0.0843872 0.947701 0.168774 0.104598
100 0.496763 0.467241 0.963868 0.433333
73 0.505348 0.468391 0.979477 0.433333
99 0.496763 0.467241 0.963868 0.433333
50 0.496763 0.467241 0.963868 0.433333
46 0.496763 0.467241 0.963868 0.433333
48 0.0845823 0.947701 0.169165 0.104598
100 0.496763 0.467241 0.963868 0.433333
73 0.505348 0.468391 0.979477 0.433333
99 0.496763 0.467241 0.963868 0.433333
50 0.496763 0.467241 0.963868 0.433333
46 0.496763 0.467241 0.963868 0.433333
48 0.0842897 0.947701 0.168579 0.104598
100 0.497153 0.467241 0.963087 0.433333
73 0.505348 0.468391 0.979477 0.433333
99 0.497153 0.467241 0.963087 0.433333
50 0.497153 0.467241 0.963087 0.433333
46 0.497153 0.467241 0.963087 0.433333
48 0.0840945 0.947701 0.168189 0.104598
100 0.497153 0.467241 0.963087 0.433333
73 0.504957 0.468391 0.980257 0.433333
99 0.497153 0.467241 0.963087 0.433333
50 0.497153 0.467241 0.963087 0.433333
46 0.497153 0.467241 0.963087 0.433333
48 0.0838506 0.947701 0.167701 0.104598
100 0.496372 0.467241 0.963087 0.433333
73 0.504957 0.468391 0.980257 0.433333
99 0.496372 0.467241 0.963087 0.433333
50 0.496372 0.467241 0.963087 0.433333
46 0.496372 0.467241 0.963087 0.433333
48 0.0838019 0.946552 0.167604 0.106897
100 0.496372 0.467241 0.961526 0.433333
73 0.504567 0.468391 0.979477 0.433333
99 0.496372 0.467241 0.961526 0.433333
50 0.496372 0.467241 0.961526 0.433333
46 0.496372 0.467241 0.961526 0.433333
48 0.0837531 0.946552 0.167506 0.106897
100 0.496372 0.467241 0.961526 0.433333
73 0.504957 0.468391 0.980257 0.433333
99 0.496372 0.467241 0.961526 0.433333
50 0.496372 0.467241 0.961526 0.433333
46 0.496372 0.467241 0.961526 0.433333
48 0.0834116 0.945977 0.166823 0.108046
100 0.495982 0.467241 0.960746 0.433333
73 0.504567 0.468391 0.979477 0.433333
99 0.495982 0.467241 0.960746 0.433333
50 0.495982 0.467241 0.960746 0.433333
46 0.495982 0.467241 0.960746 0.433333
48 0.0835092 0.945402 0.167018 0.109195
100 0.495982 0.467241 0.960746 0.433333
73 0.504177 0.468391 0.980257 0.433333
99 0.495982 0.467241 0.960746 0.433333
50 0.495982 0.467241 0.960746 0.433333
46 0.495982 0.467241 0.960746 0.433333
48 0.0833141 0.944828 0.166628 0.110345
100 0.497153 0.467816 0.963087 0.435632
73 0.504177 0.468391 0.980257 0.433333
99 0.495982 0.466954 0.960746 0.433908
50 0.495982 0.466954 0.960746 0.433908
46 0.495982 0.466954 0.960746 0.433908
48 0.0835092 0.943678 0.167018 0.112644
100 0.496372 0.467529 0.961526 0.435057
73 0.504177 0.468391 0.980257 0.433333
99 0.495592 0.466954 0.959966 0.433908
50 0.495592 0.466954 0.959966 0.433908
46 0.496372 0.467529 0.961526 0.435057
48 0.0834604 0.943103 0.166921 0.113793
73 0.504177 0.468391 0.980257 0.433333
100 0.496372 0.467529 0.961526 0.435057
99 0.496372 0.467529 0.961526 0.435057
50 0.495592 0.466954 0.959966 0.433908
46 0.496372 0.467529 0.961526 0.435057
48 0.083558 0.943103 0.167116 0.113793
73 0.504177 0.468678 0.980257 0.432759
100 0.496372 0.467529 0.961526 0.435057
99 0.496372 0.467529 0.961526 0.435057
50 0.495592 0.466667 0.959966 0.433333
46 0.494812 0.465517 0.956844 0.435632
48 0.0838506 0.943103 0.167701 0.113793
73 0.504177 0.468678 0.980257 0.432759
100 0.496372 0.467816 0.961526 0.435632
99 0.496372 0.467816 0.961526 0.435632
50 0.495592 0.466954 0.959966 0.433908
46 0.494812 0.465805 0.956844 0.436207
48 0.0842897 0.942241 0.168579 0.115517
73 0.504177 0.468391 0.980257 0.433333
100 0.495592 0.467529 0.961526 0.435057
99 0.494031 0.465517 0.956844 0.435632
50 0.495592 0.466954 0.959966 0.433908
46 0.494031 0.465517 0.956844 0.435632
48 0.0849238 0.941954 0.169848 0.116092
73 0.504177 0.468678 0.980257 0.432759
100 0.495592 0.467529 0.959966 0.435057
99 0.494031 0.465805 0.956844 0.436207
50 0.495202 0.466954 0.959185 0.433908
46 0.494031 0.465805 0.956844 0.436207
48 0.0854603 0.941954 0.170921 0.116092
73 0.504177 0.468391 0.980257 0.433333
100 0.495592 0.467529 0.959966 0.435057
99 0.494031 0.465805 0.956844 0.436207
50 0.495202 0.466954 0.959185 0.433908
46 0.494031 0.465805 0.956844 0.436207
48 0.0852165 0.941379 0.170433 0.117241
73 0.504177 0.468391 0.980257 0.433333
100 0.495592 0.467816 0.959966 0.435632
99 0.494031 0.465805 0.956844 0.436207
50 0.495202 0.466954 0.959185 0.433908
46 0.494031 0.465805 0.956844 0.436207
48 0.085314 0.941092 0.170628 0.117816
73 0.504177 0.468391 0.980257 0.433333
100 0.495202 0.467816 0.960746 0.435632
99 0.494031 0.465805 0.956844 0.436207
50 0.494812 0.466954 0.958405 0.433908
46 0.494031 0.465805 0.956844 0.436207
48 0.0858506 0.940805 0.171701 0.118391
73 0.504177 0.468678 0.980257 0.432759
100 0.495202 0.467816 0.960746 0.435632
99 0.494031 0.465805 0.956844 0.436207
50 0.494812 0.466954 0.959966 0.433908
46 0.494031 0.465805 0.956844 0.436207
48 0.0858506 0.940805 0.171701 0.118391
