48 0.510421 0.485632 0.974014 0.449425
50 0.510421 0.485632 0.974014 0.449425
49 0.499104 0.483621 0.957624 0.451149
103 0.510421 0.485632 0.974014 0.449425
68 0.499104 0.483621 0.957624 0.451149
101 0.510421 0.485632 0.974014 0.449425
111 0.499104 0.483621 0.957624 0.451149
109 0.499104 0.483621 0.957624 0.451149
53 0.500275 0.482759 0.961526 0.441379
54 0.500275 0.482759 0.961526 0.441379
95 0.499104 0.483621 0.957624 0.451149
74 0.499104 0.483621 0.957624 0.451149
104 0.499104 0.483621 0.957624 0.451149
76 0.499104 0.483621 0.957624 0.451149
79 0.499104 0.483621 0.957624 0.451149
84 0.499104 0.483621 0.957624 0.451149
67 0.499104 0.483621 0.957624 0.451149
56 0.499104 0.483621 0.957624 0.451149
100 0.499104 0.483621 0.957624 0.451149
17 0.510421 0.485632 0.974014 0.449425
97 0.499104 0.483621 0.957624 0.451149
81 0.50964 0.484483 0.975575 0.441379
66 0.510421 0.485632 0.974014 0.449425
77 0.510421 0.485632 0.974014 0.449425
46 0.499104 0.483621 0.957624 0.451149
75 0.510421 0.485632 0.974014 0.449425
73 0.510421 0.485632 0.974014 0.449425
110 0.500275 0.482759 0.961526 0.441379
48 0.584174 0.543678 0.829629 0.355172
50 0.584174 0.543678 0.829629 0.355172
42 0.504177 0.483908 0.970892 0.451724
7 0.504177 0.483908 0.970892 0.451724
80 0.50964 0.484483 0.975575 0.441379
51 0.50964 0.484483 0.975575 0.441379
102 0.510421 0.485632 0.974014 0.449425
47 0.500275 0.482759 0.961526 0.441379
0 0.499104 0.483621 0.957624 0.451149
38 0.499104 0.483621 0.957624 0.451149
16 0.500275 0.482759 0.961526 0.441379
99 0.500275 0.482759 0.961526 0.441379
108 0.499104 0.483621 0.957624 0.451149
5 0.510421 0.485632 0.974014 0.449425
49 0.587296 0.539224 0.823385 0.358333
111 0.584174 0.543678 0.829629 0.355172
33 0.504177 0.483908 0.970892 0.451724
31 0.510421 0.485632 0.974014 0.449425
94 0.500275 0.482759 0.961526 0.441379
68 0.584174 0.543678 0.829629 0.355172
101 0.584174 0.543678 0.829629 0.355172
14 0.500275 0.482759 0.961526 0.441379
11 0.504177 0.483908 0.970892 0.451724
15 0.499104 0.483621 0.957624 0.451149
41 0.504177 0.483908 0.970892 0.451724
52 0.515884 0.494253 0.963087 0.431035
4 0.500275 0.482759 0.961526 0.441379
109 0.584174 0.543678 0.829629 0.355172
54 0.587296 0.539224 0.823385 0.358333
105 0.504177 0.483908 0.970892 0.451724
66 0.584174 0.543678 0.829629 0.355172
53 0.587296 0.539224 0.823385 0.358333
12 0.499104 0.483621 0.957624 0.451149
88 0.510421 0.485632 0.974014 0.449425
100 0.584174 0.543678 0.829629 0.355172
75 0.584174 0.543678 0.829629 0.355172
28 0.499104 0.483621 0.957624 0.451149
78 0.510421 0.485632 0.974014 0.449425
38 0.587296 0.539224 0.823385 0.358333
47 0.631782 0.531034 0.734413 0.375862
17 0.584174 0.543678 0.829629 0.355172
79 0.6111 0.542385 0.775777 0.35431
84 0.587296 0.539224 0.823385 0.358333
18 0.0297062 0.68046 0.0481934 0.0643678
34 0.497933 0.481609 0.956844 0.448276
103 0.584174 0.543678 0.829629 0.355172
65 0.510421 0.485632 0.974014 0.449425
104 0.6111 0.542385 0.775777 0.35431
8 0.500275 0.482759 0.961526 0.441379
95 0.587296 0.539224 0.823385 0.358333
110 0.587296 0.539224 0.823385 0.358333
92 0.50964 0.484483 0.975575 0.441379
76 0.587296 0.539224 0.823385 0.358333
13 0.504177 0.483908 0.970892 0.451724
52 0.587296 0.539224 0.823385 0.358333
21 0.500275 0.482759 0.961526 0.441379
26 0.517835 0.487644 0.959185 0.447701
73 0.584174 0.543678 0.829629 0.355172
74 0.584174 0.543678 0.829629 0.355172
67 0.587296 0.539224 0.823385 0.358333
55 0.499104 0.483621 0.957624 0.451149
77 0.587296 0.539224 0.823385 0.358333
51 0.587296 0.539224 0.823385 0.358333
81 0.584174 0.543678 0.829629 0.355172
64 0.510421 0.485632 0.974014 0.449425
46 0.6111 0.542385 0.775777 0.35431
56 0.584174 0.543678 0.829629 0.355172
36 0.504177 0.483908 0.970892 0.451724
48 0.514048 0.490805 0.971903 0.45977
50 0.514048 0.490805 0.971903 0.45977
111 0.511982 0.493678 0.964648 0.451724
101 0.514048 0.490805 0.971903 0.45977
46 0.511982 0.493678 0.964648 0.451724
99 0.511982 0.493678 0.964648 0.451724
109 0.511982 0.493678 0.964648 0.451724
68 0.511982 0.493678 0.964648 0.451724
49 0.514048 0.490805 0.971903 0.45977
110 0.514048 0.490805 0.971903 0.45977
103 0.514048 0.490805 0.971903 0.45977
100 0.511982 0.493678 0.964648 0.451724
67 0.514048 0.490805 0.971903 0.45977
102 0.514048 0.490805 0.971903 0.45977
75 0.514048 0.490805 0.971903 0.45977
73 0.511982 0.493678 0.964648 0.451724
53 0.511982 0.493678 0.964648 0.451724
95 0.514048 0.490805 0.971903 0.45977
76 0.511982 0.493678 0.964648 0.451724
56 0.511982 0.493678 0.964648 0.451724
77 0.514048 0.490805 0.971903 0.45977
47 0.511982 0.493678 0.964648 0.451724
54 0.511982 0.493678 0.964648 0.451724
84 0.514048 0.490805 0.971903 0.45977
52 0.510421 0.494253 0.96777 0.444828
51 0.511982 0.493678 0.964648 0.451724
104 0.514048 0.490805 0.971903 0.45977
97 0.503397 0.495402 0.969331 0.448276
105 0.511982 0.493678 0.964648 0.451724
48 0.508975 0.884483 0.982049 0.231035
66 0.511982 0.493678 0.964648 0.451724
41 0.514048 0.490805 0.971903 0.45977
111 0.508975 0.884483 0.982049 0.231035
80 0.511982 0.493678 0.964648 0.451724
42 0.503397 0.495402 0.969331 0.448276
50 0.49286 0.887931 0.98416 0.224138
68 0.49286 0.887931 0.98416 0.224138
50 0.355304 0.497126 0.667683 0.451724
46 0.49286 0.887931 0.98416 0.224138
81 0.511982 0.493678 0.964648 0.451724
48 0.504957 0.391379 0.949039 0.657471
111 0.504957 0.391379 0.949039 0.657471
101 0.508975 0.884483 0.982049 0.231035
102 0.49286 0.887931 0.98416 0.224138
50 0.504957 0.391379 0.949039 0.657471
108 0.511982 0.493678 0.964648 0.451724
74 0.511982 0.493678 0.964648 0.451724
48 0.389449 0.895977 0.778899 0.208046
48 0.580272 0.537644 0.83119 0.377586
73 0.49286 0.887931 0.98416 0.224138
48 0.364865 0.495402 0.691487 0.448276
76 0.49286 0.887931 0.98416 0.224138
109 0.508975 0.884483 0.982049 0.231035
49 0.508975 0.884483 0.982049 0.231035
17 0.510421 0.494253 0.96777 0.444828
38 0.511982 0.493678 0.964648 0.451724
67 0.494811 0.897126 0.949039 0.205747
99 0.508975 0.884483 0.982049 0.231035
49 0.355304 0.497126 0.667683 0.451724
50 0.343597 0.891667 0.687195 0.216667
100 0.508975 0.884483 0.982049 0.231035
53 0.49286 0.887931 0.98416 0.224138
110 0.508975 0.884483 0.982049 0.231035
50 0.222041 0.498276 0.434716 0.450575
51 0.508975 0.884483 0.982049 0.231035
46 0.504957 0.391379 0.949039 0.657471
99 0.504957 0.391379 0.949039 0.657471
46 0.364865 0.495402 0.691487 0.448276
50 0.580272 0.537644 0.83119 0.377586
75 0.506244 0.882471 0.987513 0.235057
68 0.374816 0.906322 0.749632 0.187356
101 0.364865 0.495402 0.691487 0.448276
48 0.499494 0.369253 0.992745 0.716667
48 0.500275 0.483621 0.994306 0.471839
68 0.500275 0.483621 0.994306 0.471839
68 0.499494 0.369253 0.992745 0.716667
53 0.499494 0.369253 0.992745 0.716667
53 0.487007 0.475287 0.964648 0.503448
50 0.505738 0.471911 0.978697 0.497557
50 0.503397 0.365805 0.981818 0.727012
49 0.503397 0.365805 0.981818 0.727012
109 0.499494 0.369253 0.992745 0.716667
49 0.505738 0.471911 0.978697 0.497557
109 0.488178 0.484195 0.962307 0.466092
99 0.499494 0.369253 0.992745 0.716667
51 0.503397 0.365805 0.981818 0.727012
101 0.500275 0.483621 0.994306 0.471839
102 0.500275 0.483621 0.994306 0.471839
100 0.503397 0.365805 0.981818 0.727012
101 0.499494 0.369253 0.992745 0.716667
46 0.503397 0.365805 0.981818 0.727012
99 0.500275 0.483621 0.994306 0.471839
111 0.499494 0.369253 0.992745 0.716667
100 0.500275 0.483621 0.994306 0.471839
52 0.487007 0.475287 0.964648 0.503448
76 0.499494 0.369253 0.992745 0.716667
77 0.500275 0.483621 0.994306 0.471839
111 0.487007 0.475287 0.964648 0.503448
46 0.505738 0.471911 0.978697 0.497557
51 0.500275 0.483621 0.994306 0.471839
52 0.499494 0.369253 0.992745 0.716667
102 0.499494 0.369253 0.992745 0.716667
76 0.500275 0.483621 0.994306 0.471839
84 0.499494 0.369253 0.992745 0.716667
77 0.499494 0.369253 0.992745 0.716667
110 0.500275 0.483621 0.994306 0.471839
67 0.500275 0.483621 0.994306 0.471839
110 0.499494 0.369253 0.992745 0.716667
47 0.503397 0.365805 0.981818 0.727012
75 0.503397 0.365805 0.981818 0.727012
84 0.490909 0.483333 0.969331 0.466667
67 0.499494 0.369253 0.992745 0.716667
95 0.488178 0.484195 0.962307 0.466092
73 0.503397 0.365805 0.981818 0.727012
47 0.505738 0.471911 0.978697 0.497557
75 0.505738 0.471911 0.978697 0.497557
95 0.499494 0.369253 0.992745 0.716667
56 0.496372 0.491092 0.986501 0.454598
80 0.487007 0.475287 0.964648 0.503448
80 0.487787 0.368678 0.964648 0.720115
68 0.500665 0.842529 0.993525 0.314943
73 0.505738 0.471911 0.978697 0.497557
68 0.498324 0.251437 0.990403 0.502874
48 0.500665 0.842529 0.993525 0.314943
97 0.499494 0.369253 0.992745 0.716667
54 0.490909 0.483333 0.969331 0.466667
53 0.500665 0.842529 0.993525 0.314943
48 0.501836 0.241379 0.975575 0.482759
56 0.499494 0.369253 0.992745 0.716667
97 0.490909 0.483333 0.969331 0.466667
74 0.490129 0.276437 0.970892 0.552874
95 0.498324 0.251437 0.990403 0.502874
109 0.498324 0.251437 0.990403 0.502874
53 0.498324 0.251437 0.990403 0.502874
78 0.498324 0.256034 0.988843 0.502874
103 0.499494 0.369253 0.992745 0.716667
74 0.490909 0.483333 0.969331 0.466667
103 0.496372 0.491092 0.986501 0.454598
48 0.501836 0.742529 0.991184 0.514943
101 0.498324 0.251437 0.990403 0.502874
68 0.504957 0.921839 0.975575 0.156322
81 0.496372 0.491092 0.986501 0.454598
101 0.506518 0.817241 0.981818 0.365517
77 0.498324 0.251437 0.990403 0.502874
48 0.16975 0.898851 0.3395 0.202299
102 0.500665 0.842529 0.993525 0.314943
17 0.494031 0.48477 0.978697 0.459195
68 0.501836 0.742529 0.991184 0.514943
108 0.498324 0.256034 0.988843 0.502874
78 0.487787 0.362069 0.966209 0.724138
75 0.498324 0.251437 0.990403 0.502874
46 0.501836 0.241379 0.975575 0.482759
80 0.498324 0.251437 0.990403 0.502874
84 0.498324 0.251437 0.990403 0.502874
76 0.498324 0.251437 0.990403 0.502874
81 0.487787 0.368678 0.964648 0.720115
50 0.500665 0.842529 0.993525 0.314943
54 0.487787 0.368678 0.964648 0.720115
48 0.183603 0.942816 0.367206 0.114368
52 0.498324 0.251437 0.990403 0.502874
110 0.498324 0.251437 0.990403 0.502874
111 0.498324 0.251437 0.990403 0.502874
109 0.489348 0.87069 0.963087 0.258621
53 0.501836 0.742529 0.991184 0.514943
100 0.498324 0.251437 0.990403 0.502874
77 0.500665 0.842529 0.993525 0.314943
48 0.646611 0.529598 0.69539 0.393678
17 0.488958 0.268894 0.965429 0.528879
48 0.301453 0.886782 0.602905 0.226437
81 0.498324 0.251437 0.990403 0.502874
78 0.498714 0.483621 0.98494 0.486782
67 0.498324 0.251437 0.990403 0.502874
53 0.16975 0.898851 0.3395 0.202299
51 0.498324 0.251437 0.990403 0.502874
68 0.301453 0.886782 0.602905 0.226437
108 0.487787 0.362069 0.966209 0.724138
68 0.16975 0.898851 0.3395 0.202299
68 0.183603 0.942816 0.367206 0.114368
48 0.499494 0.928161 0.986501 0.143678
67 0.500665 0.842529 0.993525 0.314943
50 0.498324 0.256034 0.988843 0.502874
49 0.646611 0.529598 0.69539 0.393678
50 0.506518 0.736782 0.981818 0.526437
99 0.498324 0.251437 0.990403 0.502874
111 0.489348 0.87069 0.963087 0.258621
108 0.494031 0.48477 0.978697 0.459195
49 0.501836 0.241379 0.975575 0.482759
105 0.496372 0.491092 0.986501 0.454598
79 0.496372 0.491092 0.986501 0.454598
99 0.668952 0.540374 0.647586 0.372126
2 0.498324 0.251437 0.990403 0.502874
104 0.496372 0.491092 0.986501 0.454598
79 0.487787 0.368678 0.964648 0.720115
109 0.501836 0.742529 0.991184 0.514943
33 0.488958 0.268894 0.965429 0.528879
52 0.489348 0.87069 0.963087 0.258621
101 0.499494 0.928161 0.986501 0.143678
53 0.499494 0.928161 0.986501 0.143678
102 0.501836 0.241379 0.975575 0.482759
97 0.498324 0.251437 0.990403 0.502874
75 0.646611 0.529598 0.69539 0.393678
53 0.183603 0.942816 0.367206 0.114368
68 0.282136 0.936782 0.564272 0.126437
66 0.496372 0.491092 0.986501 0.454598
99 0.489348 0.87069 0.963087 0.258621
52 0.501836 0.742529 0.991184 0.514943
53 0.301453 0.886782 0.602905 0.226437
102 0.499494 0.928161 0.986501 0.143678
56 0.498324 0.251437 0.990403 0.502874
101 0.16975 0.898851 0.3395 0.202299
74 0.499494 0.410345 0.989623 0.82069
68 0.501836 0.485345 0.941234 0.461494
95 0.501836 0.485345 0.941234 0.461494
110 0.501055 0.490517 0.942795 0.441954
109 0.501055 0.490517 0.942795 0.441954
111 0.50886 0.479813 0.955283 0.474856
53 0.501055 0.490517 0.942795 0.441954
77 0.501836 0.485345 0.941234 0.461494
101 0.501055 0.490517 0.942795 0.441954
67 0.501836 0.485345 0.941234 0.461494
84 0.50886 0.479813 0.955283 0.474856
103 0.50847 0.481897 0.952941 0.455747
48 0.50964 0.45431 0.941234 0.521264
102 0.501836 0.485345 0.941234 0.461494
47 0.50847 0.481897 0.952941 0.455747
97 0.50847 0.481897 0.952941 0.455747
76 0.50847 0.481897 0.952941 0.455747
56 0.501836 0.485345 0.941234 0.461494
73 0.50964 0.45431 0.941234 0.521264
100 0.50847 0.481897 0.952941 0.455747
99 0.50847 0.481897 0.952941 0.455747
50 0.50964 0.45431 0.941234 0.521264
46 0.50964 0.45431 0.941234 0.521264
49 0.50964 0.45431 0.941234 0.521264
52 0.50847 0.481897 0.952941 0.455747
80 0.50847 0.481897 0.952941 0.455747
51 0.50964 0.45431 0.941234 0.521264
104 0.501055 0.490517 0.942795 0.441954
68 0.510146 0.891379 0.979708 0.217241
68 0.373645 0.921264 0.737925 0.157471
68 0.223992 0.923276 0.430814 0.153448
74 0.512762 0.491667 0.969331 0.443103
68 0.495592 0.940805 0.944356 0.118391
54 0.50964 0.45431 0.941234 0.521264
68 0.193944 0.976437 0.376962 0.0471264
68 0.319013 0.974713 0.62788 0.0505747
42 0.50964 0.45431 0.941234 0.521264
111 0.510146 0.891379 0.979708 0.217241
48 0.510146 0.891379 0.979708 0.217241
77 0.510146 0.891379 0.979708 0.217241
77 0.373645 0.921264 0.737925 0.157471
77 0.495592 0.940805 0.944356 0.118391
101 0.495592 0.940805 0.944356 0.118391
77 0.223992 0.923276 0.430814 0.153448
17 0.512762 0.491667 0.969331 0.443103
101 0.510146 0.891379 0.979708 0.217241
68 0.436667 0.964943 0.86553 0.0701149
77 0.319013 0.974713 0.62788 0.0505747
75 0.50964 0.45431 0.941234 0.521264
101 0.193944 0.976437 0.376962 0.0471264
102 0.223992 0.923276 0.430814 0.153448
77 0.193944 0.976437 0.376962 0.0471264
101 0.319013 0.974713 0.62788 0.0505747
101 0.223992 0.923276 0.430814 0.153448
102 0.373645 0.921264 0.737925 0.157471
101 0.373645 0.921264 0.737925 0.157471
102 0.319013 0.974713 0.62788 0.0505747
102 0.193944 0.976437 0.376962 0.0471264
102 0.495592 0.940805 0.944356 0.118391
50 0.510146 0.891379 0.979708 0.217241
68 0.500275 0.482184 0.96777 0.474713
67 0.500275 0.482184 0.96777 0.474713
111 0.500275 0.482184 0.96777 0.474713
77 0.500275 0.482184 0.96777 0.474713
109 0.500275 0.482184 0.96777 0.474713
101 0.500275 0.482184 0.96777 0.474713
102 0.500275 0.482184 0.96777 0.474713
110 0.500275 0.482184 0.96777 0.474713
56 0.503787 0.482759 0.957624 0.452874
95 0.503787 0.482759 0.957624 0.452874
53 0.504957 0.47931 0.963087 0.45977
84 0.500275 0.482184 0.96777 0.474713
48 0.500275 0.482184 0.96777 0.474713
49 0.500275 0.482184 0.96777 0.474713
103 0.500275 0.482184 0.96777 0.474713
76 0.500275 0.482184 0.96777 0.474713
97 0.500275 0.482184 0.96777 0.474713
68 0.545657 0.541379 0.908686 0.386207
50 0.498714 0.490805 0.98494 0.473563
77 0.545657 0.541379 0.908686 0.386207
100 0.500275 0.482184 0.96777 0.474713
52 0.504957 0.47931 0.963087 0.45977
101 0.545657 0.541379 0.908686 0.386207
54 0.504957 0.47931 0.963087 0.45977
73 0.500275 0.482184 0.96777 0.474713
102 0.545657 0.541379 0.908686 0.386207
111 0.545657 0.541379 0.908686 0.386207
47 0.500275 0.482184 0.96777 0.474713
99 0.501836 0.479885 0.966209 0.455172
67 0.545657 0.541379 0.908686 0.386207
110 0.545657 0.541379 0.908686 0.386207
109 0.545657 0.541379 0.908686 0.386207
102 0.510811 0.487931 0.968551 0.442529
77 0.511201 0.487931 0.969331 0.448276
101 0.510811 0.487931 0.968551 0.442529
68 0.510811 0.487931 0.968551 0.442529
110 0.511201 0.487931 0.969331 0.448276
67 0.511201 0.487931 0.969331 0.448276
111 0.50964 0.488793 0.972453 0.45
109 0.511201 0.487931 0.969331 0.448276
50 0.50925 0.488506 0.973233 0.445977
49 0.50964 0.488793 0.972453 0.45
84 0.50964 0.488793 0.972453 0.45
99 0.50964 0.488793 0.972453 0.45
76 0.50925 0.488506 0.973233 0.445977
102 0.510421 0.261782 0.964648 0.523563
95 0.519902 0.490805 0.960197 0.43908
48 0.50964 0.488793 0.972453 0.45
53 0.50964 0.488793 0.972453 0.45
102 0.515219 0.362644 0.969562 0.321264
102 0.510421 0.103664 0.964648 0.207328
73 0.50925 0.488506 0.973233 0.445977
68 0.510421 0.261782 0.964648 0.523563
100 0.50964 0.488793 0.972453 0.45
77 0.508079 0.268678 0.975575 0.537356
101 0.508079 0.268678 0.975575 0.537356
102 0.503902 0.897414 0.992195 0.205172
68 0.510421 0.103664 0.964648 0.207328
102 0.504177 0.951724 0.986501 0.0965518
102 0.372084 0.960919 0.744168 0.078161
102 0.508079 0.0060704 0.966209 0.0121408
102 0.511201 0.339655 0.966209 0.641379
101 0.508079 0.0060704 0.966209 0.0121408
102 0.378718 0.931035 0.757436 0.137931
111 0.500275 0.494253 0.955283 0.447126
67 0.500275 0.494253 0.955283 0.447126
84 0.500275 0.494253 0.955283 0.447126
109 0.500275 0.494253 0.955283 0.447126
101 0.504957 0.493678 0.959966 0.451724
68 0.499494 0.494828 0.964648 0.450575
97 0.500275 0.494253 0.955283 0.447126
77 0.500275 0.494253 0.955283 0.447126
102 0.504957 0.493678 0.959966 0.451724
110 0.500275 0.494253 0.955283 0.447126
48 0.50847 0.493103 0.945137 0.455172
95 0.500275 0.494253 0.955283 0.447126
53 0.50847 0.493103 0.945137 0.455172
52 0.50847 0.493103 0.945137 0.455172
99 0.50886 0.49454 0.941234 0.454598
47 0.50847 0.493103 0.945137 0.455172
56 0.500275 0.494253 0.955283 0.447126
73 0.50886 0.49454 0.941234 0.454598
49 0.50847 0.493103 0.945137 0.455172
103 0.50886 0.49454 0.941234 0.454598
46 0.50886 0.49454 0.941234 0.454598
51 0.50847 0.493103 0.945137 0.455172
100 0.50886 0.49454 0.941234 0.454598
76 0.50886 0.49454 0.941234 0.454598
50 0.50847 0.493103 0.945137 0.455172
54 0.50847 0.493103 0.945137 0.455172
68 0.49247 0.493678 0.963087 0.437931
67 0.49247 0.493678 0.963087 0.437931
111 0.508975 0.494828 0.982049 0.435632
101 0.501836 0.49454 0.980257 0.438506
109 0.508975 0.494828 0.982049 0.435632
77 0.49247 0.493678 0.963087 0.437931
95 0.508975 0.494828 0.982049 0.435632
110 0.496372 0.493103 0.961526 0.433333
84 0.508975 0.494828 0.982049 0.435632
56 0.49247 0.493678 0.963087 0.437931
52 0.503397 0.493966 0.975575 0.437356
102 0.501836 0.49454 0.980257 0.438506
48 0.506518 0.500575 0.970892 0.431035
53 0.503397 0.493966 0.975575 0.437356
97 0.508975 0.494828 0.982049 0.435632
101 0.498714 0.489655 0.953722 0.444828
111 0.504683 0.49023 0.990634 0.434483
68 0.503397 0.494828 0.978697 0.44023
67 0.498714 0.489655 0.953722 0.444828
77 0.498714 0.489655 0.953722 0.444828
110 0.504683 0.49023 0.990634 0.434483
109 0.504683 0.49023 0.990634 0.434483
102 0.494812 0.493678 0.952161 0.444828
84 0.504683 0.49023 0.990634 0.434483
48 0.504177 0.487931 0.975575 0.449425
53 0.504177 0.487931 0.975575 0.449425
97 0.504683 0.49023 0.990634 0.434483
95 0.498714 0.489655 0.953722 0.444828
56 0.498714 0.489655 0.953722 0.444828
99 0.504683 0.49023 0.990634 0.434483
73 0.504683 0.49023 0.990634 0.434483
47 0.504683 0.49023 0.990634 0.434483
49 0.504683 0.49023 0.990634 0.434483
100 0.504683 0.49023 0.990634 0.434483
51 0.504683 0.49023 0.990634 0.434483
50 0.494812 0.493678 0.952161 0.444828
76 0.504683 0.49023 0.990634 0.434483
68 0.505738 0.487069 0.964648 0.461494
101 0.51717 0.486207 0.96566 0.46092
77 0.51717 0.486207 0.96566 0.46092
111 0.504957 0.488218 0.956844 0.456897
102 0.51717 0.486207 0.96566 0.46092
67 0.507299 0.487356 0.955283 0.46092
110 0.51717 0.486207 0.96566 0.46092
109 0.51717 0.486207 0.96566 0.46092
48 0.510146 0.481322 0.979708 0.476437
84 0.50847 0.487356 0.965429 0.45977
111 0.514048 0.0815374 0.971903 0.163075
111 0.514048 0.245402 0.971903 0.490805
109 0.514438 0.0877874 0.971123 0.175575
77 0.514048 0.0815374 0.971903 0.163075
110 0.514438 0.0877874 0.971123 0.175575
110 0.501836 0.494253 0.959966 0.437931
77 0.501836 0.494253 0.959966 0.437931
109 0.501836 0.494253 0.959966 0.437931
101 0.501836 0.494253 0.959966 0.437931
99 0.513152 0.495977 0.965429 0.448276
111 0.511591 0.495977 0.968551 0.443678
102 0.501836 0.494253 0.959966 0.437931
73 0.511591 0.499425 0.970111 0.44023
68 0.501836 0.494253 0.959966 0.437931
100 0.511591 0.499425 0.970111 0.44023
67 0.501836 0.494253 0.959966 0.437931
76 0.513152 0.495977 0.965429 0.448276
84 0.511591 0.499425 0.970111 0.44023
110 0.514048 0.488506 0.971903 0.448276
77 0.499884 0.491379 0.957624 0.442529
111 0.514048 0.488506 0.971903 0.448276
101 0.508079 0.493103 0.975575 0.436782
109 0.514048 0.488506 0.971903 0.448276
102 0.508079 0.493103 0.975575 0.436782
68 0.505348 0.49569 0.981038 0.437356
67 0.505348 0.49569 0.981038 0.437356
99 0.514048 0.488506 0.971903 0.448276
6 0.499884 0.49023 0.957624 0.441379
110 0.348475 0.484195 0.629831 0.437356
77 0.501836 0.487069 0.9506 0.452299
111 0.501836 0.487069 0.9506 0.452299
109 0.512487 0.487931 0.975025 0.449425
67 0.510421 0.485632 0.977136 0.450575
68 0.510421 0.485632 0.977136 0.450575
101 0.511201 0.490805 0.975575 0.447126
110 0.509365 0.487644 0.981269 0.452299
102 0.511201 0.490805 0.975575 0.447126
84 0.454228 0.485632 0.839775 0.448276
77 0.471788 0.903161 0.888944 0.193678
77 0.468276 0.945402 0.880359 0.109195
77 0.366036 0.898563 0.575979 0.202874
77 0.38701 0.943678 0.647977 0.112644
56 0.501836 0.487069 0.9506 0.452299
6 0.501836 0.487069 0.9506 0.452299
101 0.471788 0.903161 0.888944 0.193678
101 0.468276 0.945402 0.880359 0.109195
109 0.468276 0.945402 0.880359 0.109195
109 0.38701 0.943678 0.647977 0.112644
77 0.514323 0.489943 0.96777 0.45
101 0.514323 0.489943 0.96777 0.45
111 0.513152 0.492241 0.971672 0.445402
67 0.51003 0.490805 0.973233 0.452874
102 0.51003 0.490805 0.973233 0.452874
110 0.514048 0.490805 0.971903 0.444828
68 0.51003 0.490805 0.973233 0.452874
109 0.514048 0.490805 0.971903 0.444828
48 0.511982 0.493103 0.970892 0.450575
6 0.513152 0.492241 0.971672 0.445402
53 0.511982 0.493103 0.970892 0.450575
84 0.511982 0.493103 0.970892 0.450575
47 0.512878 0.491379 0.974245 0.444828
99 0.514048 0.490805 0.971903 0.444828
73 0.514048 0.490805 0.971903 0.444828
8 0.513152 0.492241 0.971672 0.445402
101 0.50964 0.494253 0.966209 0.452874
110 0.518225 0.492816 0.963087 0.444253
77 0.50964 0.494253 0.966209 0.452874
102 0.50964 0.494253 0.966209 0.452874
111 0.50964 0.493966 0.964648 0.451149
109 0.518225 0.492816 0.963087 0.444253
68 0.508079 0.493391 0.970892 0.452299
67 0.508079 0.493391 0.970892 0.452299
4 0.892846 0.389655 0.190432 0.037931
4 0.877743 0.386494 0.244515 0.0362069
111 0.50964 0.490517 0.952161 0.444253
67 0.512372 0.489655 0.971672 0.445977
77 0.510811 0.492241 0.971672 0.452299
109 0.50964 0.490517 0.952161 0.444253
68 0.512372 0.489655 0.971672 0.445977
101 0.510811 0.493103 0.974794 0.448276
56 0.505738 0.487931 0.949039 0.444828
84 0.512372 0.489655 0.971672 0.445977
110 0.51003 0.488506 0.959185 0.437931
102 0.511591 0.491954 0.970111 0.449425
48 0.511591 0.491954 0.970111 0.449425
53 0.511591 0.491954 0.970111 0.449425
100 0.505738 0.487931 0.949039 0.444828
46 0.513658 0.49023 0.972684 0.43908
6 0.51003 0.488506 0.959185 0.437931
8 0.513658 0.49023 0.972684 0.43908
52 0.511591 0.491954 0.970111 0.449425
73 0.505738 0.487931 0.949039 0.444828
47 0.508079 0.496264 0.975575 0.454598
28 0.50964 0.490517 0.952161 0.444253
99 0.508079 0.496264 0.975575 0.454598
97 0.505738 0.487931 0.949039 0.444828
111 0.506518 0.491379 0.944356 0.450575
56 0.511201 0.48908 0.966209 0.452874
67 0.512762 0.491379 0.963087 0.452874
77 0.514713 0.490805 0.962307 0.457471
68 0.512762 0.491379 0.963087 0.452874
109 0.514713 0.490805 0.962307 0.457471
110 0.514048 0.492241 0.971903 0.452299
84 0.507299 0.492529 0.972453 0.46092
100 0.504957 0.48908 0.944356 0.451724
6 0.507689 0.49023 0.942015 0.457471
73 0.504957 0.48908 0.944356 0.451724
100 0.399986 0.891379 0.483105 0.217241
8 0.514048 0.492241 0.971903 0.452299
48 0.504957 0.48908 0.944356 0.451724
77 0.399986 0.891379 0.483105 0.217241
77 0.39023 0.935632 0.506518 0.128736
99 0.399986 0.891379 0.483105 0.217241
73 0.399986 0.891379 0.483105 0.217241
111 0.399986 0.891379 0.483105 0.217241
111 0.504177 0.493103 0.955283 0.44023
110 0.50964 0.494253 0.972453 0.441379
77 0.50964 0.494253 0.972453 0.441379
109 0.50964 0.494253 0.972453 0.441379
67 0.501836 0.491954 0.947478 0.434483
101 0.508079 0.496264 0.975575 0.439655
47 0.511201 0.493103 0.969331 0.441379
6 0.510536 0.493391 0.978928 0.438506
97 0.504177 0.493103 0.955283 0.44023
84 0.501836 0.491954 0.947478 0.434483
8 0.510536 0.493391 0.978928 0.438506
102 0.50964 0.494253 0.972453 0.441379
99 0.508079 0.496264 0.975575 0.439655
68 0.510926 0.00894397 0.978147 0.0178879
9 0.510536 0.493391 0.978928 0.438506
46 0.511201 0.493103 0.969331 0.441379
73 0.511201 0.493103 0.969331 0.441379
100 0.511201 0.493103 0.969331 0.441379
68 0.50964 0.494253 0.972453 0.441379
52 0.501836 0.491954 0.947478 0.434483
101 0.510926 0.00894397 0.978147 0.0178879
56 0.504177 0.493103 0.955283 0.44023
48 0.511201 0.493103 0.969331 0.441379
67 0.510926 0.00894397 0.978147 0.0178879
111 0.503006 0.491092 0.948259 0.443103
110 0.503006 0.491092 0.948259 0.443103
109 0.513658 0.491667 0.972684 0.440805
109 0.512097 0.0698276 0.975806 0.139655
77 0.503006 0.491092 0.948259 0.443103
109 0.511707 0.0373563 0.976586 0.0747126
68 0.895968 0.551724 0.206041 0.370115
109 0.449155 0.888506 0.39101 0.222988
76 0.513543 0.489942 0.963087 0.447701
73 0.500275 0.493391 0.953722 0.441954
101 0.504957 0.493391 0.980257 0.446552
109 0.895968 0.551724 0.206041 0.370115
67 0.895968 0.551724 0.206041 0.370115
95 0.895968 0.551724 0.206041 0.370115
67 0.504957 0.493391 0.980257 0.446552
109 0.378621 0.892529 0.366621 0.214943
77 0.895968 0.551724 0.206041 0.370115
102 0.507299 0.490517 0.972453 0.454598
110 0.511707 0.0373563 0.976586 0.0747126
110 0.512097 0.0698276 0.975806 0.139655
101 0.895968 0.551724 0.206041 0.370115
6 0.513658 0.491667 0.972684 0.440805
109 0.514048 0.127586 0.971903 0.255172
9 0.513658 0.491667 0.972684 0.440805
109 0.500275 0.0218391 0.988062 0.0436782
84 0.895968 0.551724 0.206041 0.370115
102 0.895968 0.551724 0.206041 0.370115
99 0.50964 0.491954 0.969331 0.444828
76 0.512097 0.0698276 0.975806 0.139655
84 0.50964 0.491954 0.969331 0.444828
109 0.489251 0.842529 0.416961 0.314943
111 0.895968 0.551724 0.206041 0.370115
76 0.511707 0.0373563 0.976586 0.0747126
109 0.555004 0.886782 0.402522 0.226437
110 0.895968 0.551724 0.206041 0.370115
111 0.514323 0.489655 0.96777 0.450575
110 0.512762 0.489943 0.953722 0.448851
109 0.51756 0.488218 0.964879 0.452299
77 0.519006 0.497126 0.959966 0.447126
111 0.701633 0.541954 0.593149 0.374713
6 0.516274 0.491379 0.965429 0.449425
67 0.519006 0.497126 0.959966 0.447126
9 0.513543 0.48908 0.9506 0.449425
84 0.514323 0.489655 0.96777 0.450575
76 0.50964 0.490805 0.949039 0.448276
109 0.503397 0.484195 0.953722 0.456897
111 0.505738 0.483908 0.955283 0.462069
110 0.511201 0.48592 0.96777 0.456897
67 0.514713 0.491667 0.962307 0.454598
77 0.514713 0.491667 0.962307 0.454598
68 0.514713 0.491667 0.962307 0.454598
95 0.510421 0.486782 0.96777 0.451724
84 0.501055 0.485057 0.949039 0.450575
102 0.514713 0.491667 0.962307 0.454598
101 0.514713 0.491667 0.962307 0.454598
6 0.510421 0.486782 0.96777 0.451724
56 0.510421 0.486782 0.96777 0.451724
76 0.514713 0.491667 0.962307 0.454598
109 0.499494 0.489942 0.963087 0.446552
111 0.511982 0.492529 0.96777 0.449425
110 0.511982 0.492529 0.963087 0.449425
84 0.511982 0.492529 0.96777 0.449425
77 0.511982 0.492529 0.96777 0.449425
67 0.511982 0.492529 0.96777 0.449425
6 0.511982 0.492529 0.96777 0.449425
68 0.511982 0.492529 0.96777 0.449425
111 0.515884 0.491667 0.966209 0.45
67 0.511982 0.491954 0.955283 0.448276
109 0.514323 0.495115 0.96777 0.455747
84 0.515494 0.491667 0.960746 0.445402
77 0.515884 0.491667 0.966209 0.45
56 0.50886 0.490805 0.949039 0.451724
6 0.511982 0.491954 0.955283 0.448276
110 0.514323 0.495115 0.96777 0.455747
68 0.511982 0.491954 0.955283 0.448276
111 0.504177 0.494828 0.949039 0.443678
109 0.504177 0.494828 0.949039 0.443678
110 0.501445 0.493678 0.945137 0.444828
77 0.510421 0.494828 0.961526 0.445977
67 0.506518 0.494828 0.96777 0.444828
84 0.511707 0.493391 0.976586 0.447701
101 0.503787 0.0712644 0.98416 0.142529
101 0.505738 0.0113865 0.977136 0.022773
102 0.503787 0.0712644 0.98416 0.142529
6 0.501445 0.493678 0.945137 0.444828
100 0.510811 0.498276 0.957624 0.450575
73 0.510811 0.498276 0.957624 0.450575
102 0.505738 0.0113865 0.977136 0.022773
68 0.503787 0.0712644 0.98416 0.142529
76 0.510811 0.498276 0.957624 0.450575
111 0.502616 0.493391 0.955283 0.447701
110 0.503787 0.491954 0.952941 0.445977
109 0.502616 0.493391 0.955283 0.447701
77 0.513543 0.493966 0.966209 0.448851
67 0.513543 0.491954 0.963087 0.458621
6 0.503787 0.491954 0.952941 0.445977
46 0.513543 0.491954 0.963087 0.458621
84 0.513543 0.491954 0.963087 0.458621
105 0.507299 0.0792385 0.980257 0.158477
97 0.514323 0.492816 0.963087 0.456897
48 0.503787 0.901149 0.985721 0.197701
111 0.513543 0.484195 0.955283 0.47069
110 0.494031 0.489942 0.944356 0.453448
109 0.494031 0.489942 0.944356 0.453448
77 0.510421 0.48477 0.961526 0.46954
84 0.490129 0.487931 0.955283 0.458621
97 0.513543 0.485632 0.955283 0.463218
6 0.490909 0.488793 0.9506 0.456897
73 0.513543 0.484195 0.955283 0.47069
9 0.494031 0.489942 0.944356 0.453448
109 0.512487 0.492816 0.975025 0.446552
111 0.50886 0.492529 0.96777 0.448276
67 0.50886 0.492529 0.96777 0.448276
84 0.50886 0.492529 0.96777 0.448276
56 0.50886 0.492529 0.96777 0.448276
110 0.503006 0.489942 0.94982 0.446552
77 0.50886 0.492529 0.96777 0.448276
95 0.512487 0.492816 0.975025 0.446552
6 0.50964 0.493966 0.96777 0.448851
111 0.502616 0.491379 0.945917 0.447126
109 0.502616 0.491379 0.945917 0.447126
110 0.502616 0.491379 0.945917 0.447126
77 0.511591 0.492529 0.965429 0.451724
67 0.511591 0.492529 0.965429 0.451724
84 0.511591 0.492529 0.965429 0.451724
6 0.511201 0.491092 0.966209 0.446552
10 0.897529 0.465517 0.199798 0.2
111 0.501445 0.492241 0.956063 0.451149
77 0.50925 0.491954 0.96699 0.454023
109 0.511201 0.492816 0.966209 0.459195
110 0.50925 0.491954 0.96699 0.454023
101 0.498714 0.0695402 0.945917 0.13908
102 0.506518 0.0764368 0.972453 0.152874
84 0.506518 0.491954 0.970892 0.451724
67 0.50925 0.491379 0.970111 0.457471
6 0.501445 0.492241 0.956063 0.451149
77 0.498714 0.0695402 0.945917 0.13908
46 0.50925 0.491379 0.970111 0.457471
101 0.469447 0.0208333 0.924845 0.0416667
73 0.511201 0.492816 0.966209 0.459195
50 0.506518 0.0764368 0.972453 0.152874
111 0.506518 0.489655 0.978697 0.455172
110 0.500665 0.489655 0.959185 0.450575
109 0.507299 0.48908 0.974014 0.451724
77 0.506518 0.487356 0.977136 0.456322
84 0.506518 0.487356 0.977136 0.456322
6 0.506518 0.487356 0.977136 0.456322
111 0.506518 0.491954 0.975575 0.448276
110 0.504957 0.491954 0.966209 0.445977
109 0.511982 0.494253 0.966209 0.452874
77 0.511982 0.494253 0.966209 0.452874
111 0.497153 0.492241 0.952161 0.447701
110 0.497153 0.493966 0.949039 0.444253
109 0.510811 0.492816 0.960746 0.455747
77 0.507299 0.492529 0.96777 0.448276
84 0.510421 0.491667 0.966209 0.458046
73 0.510811 0.492816 0.960746 0.455747
67 0.510421 0.491667 0.966209 0.458046
111 0.51003 0.491954 0.94982 0.449425
110 0.515103 0.493103 0.961526 0.448276
77 0.515103 0.49454 0.961526 0.455747
109 0.515103 0.49454 0.961526 0.455747
111 0.507299 0.489655 0.945917 0.448276
110 0.513152 0.490517 0.956063 0.445402
1 0.513152 0.490517 0.956063 0.445402
77 0.513152 0.490517 0.956063 0.445402
97 0.510421 0.489368 0.96777 0.456897
111 0.510811 0.489655 0.948259 0.449425
110 0.515103 0.490805 0.961526 0.449425
101 0.895187 0.54023 0.206041 0.365517
77 0.895187 0.54023 0.206041 0.365517
111 0.508079 0.491092 0.966209 0.447701
109 0.512762 0.494828 0.970892 0.451724
110 0.511201 0.492529 0.974014 0.449425
6 0.512878 0.49023 0.974245 0.444828
101 0.506518 0.054023 0.978697 0.108046
111 0.504177 0.492816 0.939674 0.446552
110 0.516664 0.493678 0.953722 0.447126
109 0.514323 0.494253 0.958405 0.455172
73 0.514323 0.495115 0.958405 0.451149
97 0.511982 0.491954 0.964648 0.456322
6 0.511982 0.491954 0.964648 0.456322
77 0.511982 0.491954 0.964648 0.456322
111 0.503006 0.488506 0.94982 0.450575
110 0.511982 0.489655 0.955283 0.450575
109 0.513543 0.491954 0.949039 0.457471
81 0.511591 0.0663793 0.963868 0.132759
111 0.510421 0.492529 0.963087 0.456322
110 0.511591 0.49454 0.959185 0.455747
109 0.510421 0.492529 0.963087 0.456322
73 0.510421 0.492529 0.963087 0.456322
77 0.510421 0.492529 0.963087 0.456322
111 0.514323 0.48908 0.955283 0.46092
110 0.513152 0.49023 0.956063 0.451724
109 0.504177 0.48908 0.949039 0.449425
77 0.511982 0.487356 0.958405 0.462069
111 0.511201 0.490805 0.959966 0.448276
110 0.511982 0.489942 0.958405 0.456897
77 0.511982 0.489942 0.958405 0.456897
111 0.505348 0.49023 0.946698 0.450575
77 0.513543 0.489368 0.961526 0.454598
110 0.515103 0.487356 0.955283 0.464368
111 0.513543 0.491379 0.958405 0.463218
110 0.511591 0.491379 0.965429 0.456322
111 0.505738 0.492241 0.947478 0.451149
110 0.513152 0.491667 0.959185 0.458046
1 0.505738 0.491954 0.942795 0.450575
77 0.510421 0.489655 0.963087 0.46092
97 0.513152 0.491667 0.959185 0.458046
111 0.515103 0.491379 0.952161 0.458621
110 0.506518 0.493678 0.944356 0.449425
109 0.515884 0.492529 0.955283 0.452874
77 0.513152 0.48908 0.956063 0.46092
73 0.513152 0.48908 0.956063 0.46092
111 0.515884 0.490805 0.958405 0.457471
110 0.519006 0.493966 0.953722 0.458046
73 0.515884 0.490805 0.958405 0.457471
97 0.519006 0.493966 0.953722 0.458046
109 0.519006 0.493966 0.953722 0.458046
77 0.515884 0.490805 0.958405 0.457471
1 0.510811 0.491667 0.95138 0.448851
111 0.520567 0.490805 0.949039 0.457471
110 0.522518 0.493678 0.946698 0.456322
109 0.522518 0.493678 0.946698 0.456322
111 0.503787 0.488793 0.943576 0.453448
110 0.518225 0.493103 0.947478 0.456322
6 0.504957 0.492529 0.938113 0.448276
73 0.516664 0.490517 0.949039 0.459195
1 0.503787 0.488793 0.943576 0.453448
77 0.516664 0.490517 0.949039 0.459195
97 0.518225 0.493103 0.947478 0.456322
109 0.518225 0.493103 0.947478 0.456322
111 0.516664 0.491667 0.949039 0.456897
110 0.515884 0.49023 0.952161 0.449425
77 0.515884 0.49023 0.952161 0.449425
6 0.503397 0.491092 0.934991 0.447701
1 0.515103 0.490517 0.952161 0.455747
73 0.515103 0.490517 0.952161 0.455747
111 0.516664 0.492241 0.9506 0.458046
77 0.514713 0.492529 0.952941 0.447126
110 0.514713 0.492529 0.952941 0.447126
6 0.503397 0.492241 0.941234 0.445402
15 0.897529 0.484195 0.199798 0.240805
7 0.897529 0.484195 0.199798 0.240805
16 0.897529 0.484195 0.199798 0.240805
101 0.511982 0.0260057 0.952161 0.0520115
15 0.895968 0.436782 0.202919 0.144828
16 0.895968 0.436782 0.202919 0.144828
13 0.895968 0.436782 0.202919 0.144828
6 0.895968 0.436782 0.202919 0.144828
13 0.897529 0.484195 0.199798 0.240805
8 0.897529 0.484195 0.199798 0.240805
11 0.895968 0.458621 0.202919 0.187356
77 0.511982 0.0260057 0.952161 0.0520115
111 0.518225 0.493391 0.955283 0.452299
110 0.514713 0.491954 0.959185 0.443678
6 0.503397 0.491954 0.942795 0.443678
77 0.514713 0.491954 0.959185 0.443678
10 0.896748 0.496552 0.202919 0.264368
7 0.898309 0.53046 0.201359 0.333333
111 0.515494 0.493966 0.959185 0.454598
110 0.513543 0.493678 0.963087 0.447126
6 0.513543 0.493678 0.963087 0.447126
109 0.513543 0.493678 0.963087 0.447126
8 0.89909 0.532184 0.199798 0.335632
111 0.511591 0.489942 0.965429 0.447701
110 0.511982 0.492529 0.964648 0.447126
6 0.504177 0.492529 0.949039 0.444828
109 0.511982 0.492529 0.964648 0.447126
77 0.511982 0.492529 0.964648 0.447126
111 0.515103 0.491379 0.958405 0.449425
110 0.519511 0.492816 0.960977 0.444253
109 0.513933 0.491092 0.96699 0.445402
6 0.50964 0.493391 0.941234 0.445402
77 0.518225 0.492816 0.955283 0.447701
111 0.516664 0.491379 0.956844 0.445977
110 0.515609 0.492529 0.968782 0.444828
1 0.507299 0.49023 0.944356 0.449425
47 0.895187 0.532759 0.20448 0.349425
84 0.895187 0.532759 0.20448 0.349425
48 0.895187 0.532759 0.20448 0.349425
50 0.895187 0.532759 0.20448 0.349425
111 0.516664 0.490805 0.958405 0.448276
110 0.515999 0.491667 0.968001 0.446552
1 0.507689 0.489655 0.946698 0.450575
84 0.895187 0.532759 0.20448 0.341379
111 0.510421 0.490517 0.952161 0.447701
1 0.508079 0.48908 0.9506 0.451724
110 0.517951 0.491667 0.964099 0.448851
111 0.507299 0.49023 0.949039 0.447126
1 0.504957 0.489655 0.947478 0.449425
77 0.516274 0.491379 0.960746 0.450575
110 0.516274 0.491379 0.960746 0.450575
6 0.516274 0.491379 0.960746 0.450575
111 0.503787 0.489655 0.94982 0.445977
110 0.515494 0.490517 0.960746 0.444253
1 0.502616 0.489655 0.949039 0.448276
111 0.506518 0.489655 0.947478 0.444828
110 0.515103 0.49023 0.958405 0.451724
111 0.511591 0.48908 0.959185 0.450575
110 0.51678 0.489655 0.96644 0.447126
1 0.51678 0.489655 0.96644 0.447126
111 0.51003 0.489655 0.959185 0.450575
110 0.513543 0.489942 0.961526 0.447701
77 0.493251 0.981035 0.952161 0.0379311
6 0.513543 0.489942 0.961526 0.447701
111 0.513152 0.490805 0.956063 0.450575
110 0.508079 0.491954 0.947478 0.451724
109 0.51003 0.490805 0.957624 0.449425
1 0.51003 0.490805 0.957624 0.449425
111 0.510421 0.491667 0.958405 0.45
110 0.514323 0.493391 0.956844 0.451149
109 0.510421 0.491954 0.956844 0.448276
111 0.512762 0.492529 0.953722 0.456322
110 0.507299 0.492529 0.9506 0.447126
1 0.507299 0.492529 0.9506 0.447126
111 0.512762 0.491667 0.956844 0.448851
1 0.50964 0.491667 0.953722 0.446552
110 0.50964 0.491667 0.953722 0.446552
111 0.512762 0.491379 0.958405 0.450575
1 0.51003 0.491667 0.956063 0.447701
111 0.513933 0.490805 0.960746 0.450575
1 0.511201 0.491379 0.963087 0.448276
111 0.515494 0.491092 0.957624 0.459195
1 0.513543 0.491092 0.966209 0.447701
8 0.895187 0.49569 0.20448 0.261494
111 0.505738 0.491379 0.944356 0.447126
1 0.514829 0.491379 0.970343 0.447126
110 0.513933 0.491954 0.960746 0.448276
8 0.894407 0.495115 0.206041 0.260345
111 0.511982 0.491954 0.961526 0.457471
110 0.519121 0.490805 0.961757 0.445977
1 0.514829 0.491092 0.970343 0.446552
8 0.895187 0.497126 0.20448 0.264368
1 0.894407 0.537644 0.202919 0.343103
111 0.510811 0.491667 0.962307 0.458046
110 0.51717 0.491667 0.96566 0.448851
111 0.510421 0.491379 0.961526 0.458621
110 0.515884 0.491379 0.964648 0.449425
6 0.518616 0.491092 0.960746 0.446552
109 0.511201 0.491092 0.959966 0.45
1 0.513933 0.491379 0.970111 0.447126
111 0.50964 0.491092 0.959966 0.460345
110 0.513152 0.491379 0.968551 0.447126
1 0.513152 0.491379 0.968551 0.447126
6 0.50964 0.491092 0.959966 0.460345
111 0.50964 0.490805 0.958405 0.45977
110 0.51639 0.491954 0.967221 0.448276
109 0.511591 0.490805 0.956063 0.450575
6 0.50964 0.490805 0.958405 0.45977
1 0.514438 0.491667 0.971123 0.446552
111 0.511201 0.491092 0.956844 0.459195
110 0.514438 0.491954 0.971123 0.445977
1 0.514438 0.491954 0.971123 0.445977
111 0.511201 0.490517 0.956844 0.458046
110 0.514438 0.491954 0.971123 0.445977
1 0.514438 0.491954 0.971123 0.445977
6 0.511201 0.490517 0.956844 0.458046
111 0.511982 0.490517 0.955283 0.458046
110 0.514438 0.492241 0.971123 0.446552
109 0.513152 0.490805 0.956063 0.450575
1 0.514438 0.492241 0.971123 0.446552
6 0.511982 0.490517 0.955283 0.458046
111 0.511982 0.490517 0.955283 0.458046
110 0.514829 0.492529 0.970343 0.447126
109 0.513152 0.490805 0.956063 0.450575
1 0.514829 0.492529 0.970343 0.447126
111 0.512372 0.49023 0.954502 0.458621
110 0.51639 0.491954 0.967221 0.449425
109 0.512762 0.490805 0.956844 0.450575
111 0.513543 0.489942 0.953722 0.459195
110 0.51678 0.491954 0.96644 0.449425
1 0.51678 0.491954 0.96644 0.449425
111 0.514323 0.489655 0.953722 0.45977
110 0.51678 0.492241 0.96644 0.448851
111 0.514323 0.489942 0.953722 0.459195
110 0.51678 0.492241 0.96644 0.448851
8 0.895968 0.490805 0.202919 0.250575
111 0.514323 0.489655 0.953722 0.45977
110 0.51639 0.492241 0.967221 0.448851
8 0.895968 0.490805 0.202919 0.250575
109 0.513152 0.490805 0.956063 0.449425
111 0.514323 0.489368 0.953722 0.460345
110 0.51639 0.492241 0.967221 0.448851
109 0.512762 0.490517 0.956844 0.45
8 0.895968 0.49023 0.202919 0.249425
111 0.514713 0.489368 0.952941 0.460345
110 0.51678 0.491954 0.96644 0.448276
8 0.895968 0.489655 0.202919 0.248276
109 0.513152 0.490517 0.956063 0.45
111 0.514323 0.489655 0.953722 0.46092
110 0.51678 0.491954 0.96644 0.448276
8 0.895968 0.487931 0.202919 0.244828
109 0.513152 0.490517 0.956063 0.45
111 0.514713 0.489655 0.952941 0.46092
110 0.51639 0.491954 0.967221 0.448276
8 0.895968 0.486494 0.202919 0.241954
109 0.513152 0.49023 0.956063 0.450575
111 0.514713 0.489655 0.952941 0.46092
110 0.51639 0.491667 0.967221 0.448851
8 0.895968 0.485057 0.202919 0.23908
109 0.513152 0.49023 0.956063 0.450575
111 0.514323 0.489368 0.953722 0.461494
110 0.515884 0.491954 0.96777 0.449425
8 0.895968 0.484195 0.202919 0.237356
111 0.514323 0.48908 0.953722 0.462069
110 0.515494 0.491954 0.96699 0.449425
8 0.895968 0.483333 0.202919 0.235632
111 0.514323 0.48908 0.953722 0.462069
110 0.515494 0.491667 0.96699 0.45
8 0.895968 0.481897 0.202919 0.232759
111 0.514323 0.488793 0.953722 0.462644
110 0.515494 0.491667 0.96699 0.45
8 0.895968 0.481609 0.202919 0.232184
111 0.513933 0.488506 0.954502 0.462069
110 0.515494 0.491667 0.96699 0.45
8 0.895968 0.482184 0.202919 0.233333
111 0.513543 0.488506 0.953722 0.462069
110 0.514323 0.491667 0.966209 0.45
8 0.895968 0.482184 0.202919 0.233333
111 0.513543 0.488506 0.953722 0.462069
110 0.514323 0.491379 0.966209 0.449425
8 0.895968 0.482759 0.202919 0.234483
111 0.513543 0.488506 0.953722 0.462069
110 0.514323 0.491379 0.966209 0.449425
8 0.895968 0.482759 0.202919 0.235632
111 0.513543 0.488506 0.955283 0.462069
110 0.514323 0.491379 0.966209 0.449425
8 0.895968 0.483333 0.202919 0.235632
111 0.513543 0.488506 0.955283 0.462069
110 0.514323 0.491379 0.964648 0.449425
8 0.895968 0.484483 0.202919 0.237931
111 0.513543 0.488793 0.955283 0.461494
110 0.514323 0.491379 0.964648 0.449425
8 0.895968 0.48477 0.202919 0.239655
111 0.513543 0.48908 0.955283 0.46092
110 0.514713 0.491379 0.965429 0.449425
8 0.895968 0.485057 0.202919 0.23908
111 0.513543 0.48908 0.955283 0.46092
110 0.51003 0.488793 0.959185 0.453448
8 0.895968 0.485057 0.202919 0.23908
111 0.513543 0.48908 0.955283 0.46092
110 0.51003 0.48908 0.959185 0.452874
8 0.895968 0.48477 0.202919 0.239655
111 0.513543 0.48908 0.955283 0.46092
110 0.510421 0.48908 0.958405 0.452874
8 0.895968 0.485058 0.202919 0.24023
111 0.513543 0.48908 0.955283 0.46092
110 0.51003 0.48908 0.959185 0.452874
8 0.895968 0.485058 0.202919 0.24023
111 0.513543 0.48908 0.955283 0.46092
110 0.51003 0.48908 0.959185 0.452874
8 0.895968 0.485058 0.202919 0.24023
111 0.513543 0.48908 0.955283 0.46092
110 0.510421 0.48908 0.958405 0.452874
8 0.895968 0.485058 0.202919 0.24023
111 0.513152 0.48908 0.954502 0.46092
110 0.510421 0.48908 0.958405 0.452874
8 0.895968 0.48477 0.202919 0.239655
111 0.513152 0.48908 0.954502 0.46092
110 0.510421 0.48908 0.958405 0.452874
8 0.895968 0.48477 0.202919 0.239655
111 0.513543 0.489368 0.953722 0.460345
110 0.510421 0.48908 0.958405 0.452874
8 0.895968 0.485058 0.202919 0.24023
111 0.513543 0.489368 0.953722 0.460345
110 0.510421 0.48908 0.958405 0.452874
8 0.895968 0.48477 0.202919 0.239655
111 0.513152 0.489655 0.952941 0.46092
110 0.510421 0.48908 0.958405 0.452874
8 0.895968 0.485058 0.202919 0.24023
111 0.513543 0.489655 0.952161 0.45977
110 0.510811 0.489368 0.957624 0.452299
8 0.895968 0.485632 0.202919 0.24023
111 0.513543 0.489655 0.952161 0.45977
110 0.510811 0.489368 0.957624 0.452299
8 0.895968 0.485632 0.202919 0.24023
111 0.513543 0.489655 0.952161 0.45977
110 0.510811 0.489368 0.957624 0.452299
8 0.895968 0.485632 0.202919 0.24023
111 0.513543 0.489942 0.952161 0.460345
110 0.511201 0.489368 0.956844 0.452299
8 0.895968 0.485632 0.202919 0.24023
111 0.513543 0.489655 0.952161 0.45977
110 0.510421 0.489368 0.956844 0.452299
8 0.895968 0.485632 0.202919 0.24023
111 0.513543 0.489655 0.952161 0.45977
110 0.515103 0.491954 0.964648 0.448276
8 0.895968 0.485632 0.202919 0.24023
111 0.513543 0.489655 0.952161 0.45977
110 0.511201 0.489655 0.956844 0.451724
8 0.895968 0.48592 0.202919 0.240805
111 0.514323 0.489655 0.952161 0.45977
110 0.511201 0.489655 0.956844 0.451724
8 0.895968 0.48592 0.202919 0.240805
111 0.514323 0.489655 0.952161 0.45977
110 0.511201 0.489655 0.956844 0.451724
8 0.895968 0.48592 0.202919 0.240805
111 0.514323 0.489655 0.952161 0.45977
110 0.511201 0.489655 0.956844 0.451724
8 0.895968 0.485632 0.202919 0.24023
111 0.514323 0.489655 0.952161 0.45977
110 0.511201 0.489655 0.956844 0.451724
8 0.895968 0.485632 0.202919 0.24023
111 0.514323 0.489655 0.953722 0.45977
110 0.514713 0.492241 0.962307 0.447701
8 0.895968 0.485632 0.202919 0.24023
111 0.514713 0.489655 0.952941 0.45977
110 0.514713 0.492241 0.962307 0.447701
8 0.895968 0.485632 0.202919 0.24023
111 0.514713 0.489655 0.952941 0.45977
110 0.513543 0.492241 0.961526 0.447701
8 0.895968 0.485632 0.202919 0.24023
111 0.514713 0.489942 0.952941 0.459195
110 0.513543 0.492241 0.961526 0.447701
8 0.895968 0.485345 0.202919 0.239655
111 0.514713 0.489942 0.952941 0.459195
110 0.513543 0.492241 0.961526 0.447701
111 0.515103 0.489942 0.952161 0.459195
110 0.513933 0.491954 0.960746 0.447126
111 0.515103 0.49023 0.952161 0.458621
110 0.513543 0.491954 0.959966 0.447126
111 0.515103 0.49023 0.952161 0.458621
110 0.513543 0.491954 0.959966 0.447126
111 0.515103 0.49023 0.952161 0.458621
110 0.512762 0.491954 0.959966 0.447126
111 0.515103 0.49023 0.952161 0.458621
110 0.511982 0.489943 0.956844 0.451149
111 0.515103 0.49023 0.952161 0.458621
110 0.511982 0.49023 0.956844 0.450575
111 0.515103 0.49023 0.952161 0.458621
110 0.511982 0.489655 0.956844 0.450575
111 0.514713 0.49023 0.952941 0.458621
110 0.511982 0.489943 0.956844 0.45
111 0.515103 0.49023 0.952161 0.458621
110 0.511982 0.489943 0.956844 0.45
111 0.515103 0.49023 0.952161 0.458621
110 0.512372 0.489943 0.956063 0.45
111 0.515103 0.49023 0.952161 0.458621
110 0.512372 0.49023 0.956063 0.450575
111 0.515103 0.49023 0.952161 0.458621
110 0.512372 0.489943 0.956063 0.45
111 0.515103 0.49023 0.952161 0.458621
110 0.512762 0.489943 0.956844 0.45
111 0.515103 0.49023 0.952161 0.458621
110 0.512762 0.489943 0.956844 0.45
