14 0.509039 0.47007 0.932328 0.400235
67 0.537881 0.470364 0.868406 0.399648
15 0.509039 0.47007 0.932328 0.400235
21 0.537881 0.470364 0.868406 0.399648
16 0.508649 0.474178 0.920635 0.392019
5 0.508649 0.474178 0.920635 0.392019
33 0.537881 0.470364 0.868406 0.399648
3 0.525019 0.472124 0.900367 0.403169
4 0.525019 0.472124 0.900367 0.403169
9 0.525019 0.472124 0.900367 0.403169
95 0.509039 0.47007 0.932328 0.400235
28 0.508649 0.474178 0.920635 0.392019
101 0.534374 0.532277 0.873862 0.278169
105 0.537881 0.470364 0.868406 0.399648
50 0.532425 0.493545 0.893351 0.362676
102 0.537881 0.470364 0.868406 0.399648
7 0.710159 0.401482 0.176176 0.272154
24 0.509039 0.47007 0.932328 0.400235
79 0.536322 0.468823 0.873083 0.403903
29 0.509039 0.47007 0.932328 0.400235
26 0.509039 0.47007 0.932328 0.400235
16 0.562827 0.289246 0.127844 0.110475
95 0.534374 0.532277 0.873862 0.278169
48 0.534374 0.532277 0.873862 0.278169
17 0.509039 0.47007 0.932328 0.400235
109 0.537881 0.470364 0.868406 0.399648
30 0.508649 0.474178 0.920635 0.392019
7 0.508649 0.474178 0.920635 0.392019
16 0.710159 0.401482 0.176176 0.272154
22 0.509428 0.471317 0.931548 0.405957
51 0.509039 0.47007 0.932328 0.400235
68 0.536322 0.475646 0.876201 0.3973
6 0.508649 0.474178 0.920635 0.392019
8 0.509039 0.47007 0.932328 0.400235
67 0.534374 0.532277 0.873862 0.278169
32 0.509039 0.47007 0.932328 0.400235
14 0.534374 0.532277 0.873862 0.278169
11 0.537881 0.470364 0.868406 0.399648
48 0.536322 0.468823 0.873083 0.403903
31 0.537881 0.470364 0.868406 0.399648
19 0.509039 0.47007 0.932328 0.400235
84 0.536322 0.468823 0.873083 0.403903
34 0.509428 0.471317 0.931548 0.405957
2 0.509039 0.47007 0.932328 0.400235
16 0.587772 0.290199 0.0904265 0.101526
81 0.537881 0.470364 0.868406 0.399648
53 0.537881 0.470364 0.868406 0.399648
49 0.533984 0.502934 0.880878 0.339202
10 0.509039 0.47007 0.932328 0.400235
12 0.509428 0.471317 0.931548 0.405957
78 0.537881 0.470364 0.868406 0.399648
79 0.534374 0.532277 0.873862 0.278169
20 0.525019 0.472124 0.900367 0.403169
101 0.509039 0.47007 0.932328 0.400235
42 0.537881 0.470364 0.868406 0.399648
110 0.509039 0.47007 0.932328 0.400235
102 0.534374 0.532277 0.873862 0.278169
46 0.536322 0.468823 0.873083 0.403903
105 0.534374 0.532277 0.873862 0.278169
13 0.537881 0.470364 0.868406 0.399648
74 0.537102 0.471904 0.871524 0.403609
3 0.710159 0.401482 0.176176 0.272154
18 0.509039 0.47007 0.932328 0.400235
75 0.534374 0.532277 0.873862 0.278169
56 0.537102 0.471904 0.871524 0.403609
109 0.534374 0.532277 0.873862 0.278169
66 0.537102 0.471904 0.871524 0.403609
53 0.533204 0.532864 0.879319 0.28169
11 0.534374 0.532277 0.873862 0.278169
104 0.536322 0.468823 0.873083 0.403903
99 0.539441 0.474765 0.866847 0.400235
103 0.532425 0.493545 0.893351 0.362676
18 0.587772 0.290199 0.0904265 0.101526
18 0.549574 0.282277 0.0771743 0.10446
30 0.710939 0.402289 0.179294 0.269366
73 0.532425 0.493545 0.893351 0.362676
97 0.536322 0.468823 0.873083 0.403903
54 0.536322 0.468823 0.873083 0.403903
13 0.710159 0.401482 0.176176 0.272154
26 0.711718 0.402876 0.18553 0.269953
17 0.572961 0.285285 0.124726 0.113703
1 0.537881 0.470364 0.868406 0.399648
27 0.508649 0.474178 0.920635 0.392019
7 0.534374 0.532277 0.873862 0.278169
41 0.537881 0.470364 0.868406 0.399648
4 0.710939 0.402289 0.179294 0.269366
17 0.534374 0.532277 0.873862 0.278169
47 0.531645 0.474472 0.863728 0.401995
75 0.537881 0.470364 0.868406 0.399648
76 0.537881 0.470364 0.868406 0.399648
16 0.533204 0.532864 0.879319 0.28169
50 0.514495 0.474765 0.941682 0.420188
48 0.520732 0.469484 0.932328 0.42723
111 0.527358 0.464495 0.917517 0.440728
46 0.52307 0.473518 0.915178 0.423856
101 0.527358 0.464495 0.917517 0.440728
99 0.520732 0.469484 0.932328 0.42723
110 0.520732 0.469484 0.932328 0.42723
109 0.520732 0.469484 0.932328 0.42723
68 0.527358 0.464495 0.917517 0.440728
75 0.520732 0.469484 0.932328 0.42723
100 0.527358 0.464495 0.917517 0.440728
49 0.520732 0.469484 0.932328 0.42723
102 0.520732 0.469484 0.932328 0.42723
77 0.520732 0.469484 0.932328 0.42723
73 0.527358 0.464495 0.917517 0.440728
67 0.527358 0.464495 0.917517 0.440728
76 0.520732 0.469484 0.932328 0.42723
95 0.520732 0.469484 0.932328 0.42723
53 0.520732 0.469484 0.932328 0.42723
54 0.520732 0.469484 0.932328 0.42723
103 0.521121 0.456499 0.891012 0.461414
51 0.520732 0.469484 0.932328 0.42723
47 0.514495 0.474765 0.941682 0.420188
56 0.520732 0.469484 0.932328 0.42723
84 0.520732 0.469484 0.932328 0.42723
97 0.514495 0.474765 0.941682 0.420188
52 0.527358 0.464495 0.917517 0.440728
104 0.520732 0.469484 0.932328 0.42723
42 0.520732 0.469484 0.932328 0.42723
41 0.520732 0.469484 0.932328 0.42723
105 0.520732 0.469484 0.932328 0.42723
66 0.520732 0.469484 0.932328 0.42723
80 0.520732 0.469484 0.932328 0.42723
17 0.707821 0.405223 0.180853 0.268779
48 0.316493 0.503228 0.435762 0.36561
33 0.707821 0.405223 0.180853 0.268779
13 0.70938 0.40581 0.183971 0.27054
17 0.514495 0.474765 0.941682 0.420188
108 0.520732 0.469484 0.932328 0.42723
16 0.707821 0.405223 0.180853 0.268779
74 0.520732 0.469484 0.932328 0.42723
81 0.503192 0.474692 0.964289 0.41564
48 0.503582 0.419674 0.96195 0.545628
50 0.503582 0.419674 0.96195 0.545628
49 0.503582 0.419674 0.96195 0.545628
99 0.503582 0.419674 0.96195 0.545628
51 0.503582 0.419674 0.96195 0.545628
100 0.503582 0.419674 0.96195 0.545628
76 0.503582 0.419674 0.96195 0.545628
68 0.513716 0.448357 0.954155 0.488263
46 0.503582 0.419674 0.96195 0.545628
68 0.511377 0.350352 0.954155 0.700704
75 0.503582 0.419674 0.96195 0.545628
47 0.503582 0.419674 0.96195 0.545628
101 0.503582 0.419674 0.96195 0.545628
48 0.499294 0.356808 0.96273 0.713615
102 0.503582 0.419674 0.96195 0.545628
53 0.503582 0.419674 0.96195 0.545628
73 0.503582 0.419674 0.96195 0.545628
109 0.503582 0.419674 0.96195 0.545628
77 0.503582 0.419674 0.96195 0.545628
111 0.511377 0.350352 0.954155 0.700704
84 0.503582 0.419674 0.96195 0.545628
111 0.513716 0.448357 0.954155 0.488263
110 0.503582 0.419674 0.96195 0.545628
48 0.532425 0.48973 0.926091 0.400822
97 0.503582 0.419674 0.96195 0.545628
50 0.499294 0.356808 0.96273 0.713615
52 0.500464 0.352699 0.963509 0.705399
49 0.499294 0.356808 0.96273 0.713615
67 0.503582 0.419674 0.96195 0.545628
52 0.510598 0.450704 0.949478 0.483568
50 0.532425 0.48973 0.926091 0.400822
68 0.5067 0.743838 0.972864 0.512324
46 0.499294 0.356808 0.96273 0.713615
100 0.499294 0.356808 0.96273 0.713615
48 0.50592 0.206719 0.958832 0.413439
49 0.532425 0.48973 0.926091 0.400822
51 0.499294 0.356808 0.96273 0.713615
48 0.512157 0.707453 0.965068 0.585094
68 0.50592 0.206719 0.958832 0.413439
53 0.499294 0.356808 0.96273 0.713615
51 0.532425 0.48973 0.926091 0.400822
0 0.148502 0.246626 0.0448235 0.0636737
73 0.499294 0.356808 0.96273 0.713615
75 0.499294 0.356808 0.96273 0.713615
99 0.499294 0.356808 0.96273 0.713615
48 0.491889 0.803991 0.94636 0.392019
101 0.532425 0.48973 0.926091 0.400822
76 0.499294 0.356808 0.96273 0.713615
46 0.532425 0.48973 0.926091 0.400822
100 0.532425 0.48973 0.926091 0.400822
101 0.499294 0.356808 0.96273 0.713615
50 0.497345 0.187207 0.975982 0.374413
48 0.502802 0.107835 0.971305 0.215669
73 0.532425 0.48973 0.926091 0.400822
53 0.5067 0.743838 0.972864 0.512324
47 0.499294 0.356808 0.96273 0.713615
49 0.497345 0.187207 0.975982 0.374413
109 0.532425 0.48973 0.926091 0.400822
109 0.499294 0.356808 0.96273 0.713615
17 0.503582 0.419674 0.96195 0.545628
8 0.148502 0.246626 0.0448235 0.0636737
53 0.532425 0.48973 0.926091 0.400822
99 0.532425 0.48973 0.926091 0.400822
50 0.507869 0.694542 0.970525 0.610915
5 0.377297 0.610182 0.386651 0.148181
102 0.487211 0.477113 0.84346 0.421361
48 0.508259 0.0740904 0.952596 0.148181
95 0.511377 0.350352 0.954155 0.700704
75 0.50592 0.206719 0.958832 0.413439
109 0.50592 0.206719 0.958832 0.413439
102 0.5067 0.743838 0.972864 0.512324
76 0.532425 0.48973 0.926091 0.400822
17 0.148502 0.246626 0.0448235 0.0636737
18 0.148502 0.246626 0.0448235 0.0636737
1 0.326286 0.609008 0.388892 0.150528
100 0.497345 0.187207 0.975982 0.374413
14 0.148502 0.246626 0.0448235 0.0636737
77 0.50592 0.206719 0.958832 0.413439
68 0.503972 0.917547 0.968966 0.164906
33 0.148502 0.246626 0.0448235 0.0636737
84 0.499294 0.356808 0.96273 0.713615
0 0.377297 0.610182 0.386651 0.148181
5 0.148502 0.246626 0.0448235 0.0636737
101 0.50592 0.206719 0.958832 0.413439
101 0.507479 0.735035 0.969746 0.52993
51 0.497345 0.187207 0.975982 0.374413
95 0.513716 0.448357 0.954155 0.488263
0 0.149671 0.243838 0.0319611 0.0516432
76 0.497345 0.187207 0.975982 0.374413
110 0.499294 0.356808 0.96273 0.713615
4 0.326286 0.609008 0.388892 0.150528
97 0.499294 0.356808 0.96273 0.713615
99 0.499684 0.223445 0.971305 0.44689
102 0.50592 0.206719 0.958832 0.413439
47 0.532425 0.48973 0.926091 0.400822
77 0.499294 0.356808 0.96273 0.713615
5 0.146553 0.245892 0.0385871 0.0516432
68 0.605799 0.475059 0.73413 0.437207
16 0.148502 0.246626 0.0448235 0.0636737
16 0.145774 0.252201 0.0771743 0.0742371
109 0.512157 0.707453 0.965068 0.585094
50 0.502802 0.107835 0.971305 0.215669
68 0.502802 0.107835 0.971305 0.215669
30 0.326286 0.609008 0.388892 0.150528
110 0.532425 0.48973 0.926091 0.400822
2 0.503582 0.419674 0.96195 0.545628
50 0.508259 0.0740904 0.952596 0.148181
68 0.497735 0.821009 0.965848 0.357981
68 0.512157 0.501761 0.834106 0.367371
77 0.487211 0.477113 0.84346 0.421361
2 0.499684 0.223445 0.971305 0.44689
111 0.512157 0.707453 0.965068 0.585094
0 0.158636 0.266872 0.288429 0.104167
68 0.508259 0.0740904 0.952596 0.148181
109 0.491889 0.803991 0.94636 0.392019
77 0.5067 0.743838 0.972864 0.512324
99 0.512157 0.707453 0.965068 0.585094
53 0.497345 0.187207 0.975982 0.374413
0 0.153374 0.252201 0.0830208 0.0713028
33 0.146553 0.245892 0.0385871 0.0516432
46 0.497345 0.187207 0.975982 0.374413
5 0.317077 0.602113 0.394836 0.156103
67 0.5067 0.743838 0.972864 0.512324
100 0.512157 0.707453 0.965068 0.585094
8 0.499684 0.223445 0.971305 0.44689
67 0.532425 0.48973 0.926091 0.400822
67 0.499294 0.356808 0.96273 0.713615
53 0.497735 0.821009 0.965848 0.357981
80 0.511377 0.350352 0.954155 0.700704
50 0.491889 0.803991 0.94636 0.392019
111 0.491889 0.803991 0.94636 0.392019
49 0.502802 0.107835 0.971305 0.215669
103 0.511377 0.350352 0.954155 0.700704
110 0.50592 0.206719 0.958832 0.413439
6 0.511377 0.350352 0.954155 0.700704
73 0.497345 0.187207 0.975982 0.374413
49 0.508259 0.0740904 0.952596 0.148181
15 0.499684 0.223445 0.971305 0.44689
109 0.502802 0.107835 0.971305 0.215669
84 0.532425 0.48973 0.926091 0.400822
100 0.502802 0.107835 0.971305 0.215669
47 0.497345 0.187207 0.975982 0.374413
75 0.532425 0.48973 0.926091 0.400822
102 0.499294 0.356808 0.96273 0.713615
51 0.502802 0.107835 0.971305 0.215669
17 0.149671 0.243838 0.0319611 0.0516432
5 0.349233 0.627347 0.477077 0.115023
6 0.513716 0.448357 0.954155 0.488263
76 0.502802 0.107835 0.971305 0.215669
49 0.507869 0.694542 0.970525 0.610915
7 0.148502 0.246626 0.0448235 0.0636737
74 0.499684 0.223445 0.971305 0.44689
56 0.500464 0.352699 0.963509 0.705399
29 0.499684 0.223445 0.971305 0.44689
54 0.503582 0.419674 0.96195 0.545628
53 0.502802 0.107835 0.971305 0.215669
100 0.508259 0.0740904 0.952596 0.148181
46 0.507869 0.694542 0.970525 0.610915
101 0.508259 0.0740904 0.952596 0.148181
97 0.5067 0.45716 0.947919 0.454225
84 0.5067 0.45716 0.947919 0.454225
68 0.514106 0.447477 0.91128 0.471244
103 0.5067 0.45716 0.947919 0.454225
76 0.5067 0.45716 0.947919 0.454225
109 0.514106 0.447477 0.91128 0.471244
95 0.514106 0.447477 0.91128 0.471244
100 0.5067 0.45716 0.947919 0.454225
75 0.498905 0.454812 0.941682 0.457746
77 0.514106 0.447477 0.91128 0.471244
74 0.5067 0.45716 0.947919 0.454225
101 0.514106 0.447477 0.91128 0.471244
110 0.514106 0.447477 0.91128 0.471244
73 0.5067 0.45716 0.947919 0.454225
67 0.514106 0.447477 0.91128 0.471244
53 0.514106 0.447477 0.91128 0.471244
42 0.5067 0.45716 0.947919 0.454225
111 0.545213 0.443369 0.909574 0.467723
68 0.477467 0.492958 0.763168 0.375587
50 0.505141 0.472418 0.943241 0.426056
80 0.5067 0.45716 0.947919 0.454225
102 0.514106 0.447477 0.91128 0.471244
48 0.5067 0.45716 0.947919 0.454225
99 0.5067 0.45716 0.947919 0.454225
47 0.5067 0.45716 0.947919 0.454225
66 0.499684 0.47946 0.940123 0.410798
33 0.499684 0.47946 0.940123 0.410798
46 0.5067 0.45716 0.947919 0.454225
54 0.503972 0.448357 0.947139 0.464789
33 0.551913 0.268633 0.0888673 0.086561
95 0.477467 0.492958 0.763168 0.375587
56 0.545213 0.443369 0.909574 0.467723
77 0.477467 0.492958 0.763168 0.375587
101 0.477467 0.492958 0.763168 0.375587
109 0.477467 0.492958 0.763168 0.375587
17 0.505141 0.472418 0.943241 0.426056
49 0.505141 0.472418 0.943241 0.426056
33 0.565165 0.265258 0.0592449 0.0815728
102 0.477467 0.492958 0.763168 0.375587
104 0.505141 0.472418 0.943241 0.426056
32 0.5067 0.45716 0.947919 0.454225
105 0.499684 0.47946 0.940123 0.410798
67 0.477467 0.492958 0.763168 0.375587
110 0.477467 0.492958 0.763168 0.375587
16 0.551913 0.268633 0.0888673 0.086561
84 0.477467 0.492958 0.763168 0.375587
68 0.533984 0.533157 0.890233 0.299883
52 0.503972 0.448357 0.947139 0.464789
97 0.508259 0.358862 0.938564 0.633216
28 0.5067 0.45716 0.947919 0.454225
108 0.48877 0.448357 0.977541 0.46831
42 0.508259 0.358862 0.938564 0.633216
33 0.158149 0.25 0.0454081 0.0633803
18 0.551913 0.268633 0.0888673 0.086561
111 0.477467 0.492958 0.763168 0.375587
103 0.477467 0.492958 0.763168 0.375587
41 0.5067 0.45716 0.947919 0.454225
75 0.487601 0.534918 0.968966 0.297535
53 0.477467 0.492958 0.763168 0.375587
74 0.487601 0.534918 0.968966 0.297535
18 0.565165 0.265258 0.0592449 0.0815728
51 0.512546 0.446303 0.908162 0.47007
18 0.717955 0.400822 0.205798 0.289906
74 0.477467 0.492958 0.763168 0.375587
8 0.5067 0.45716 0.947919 0.454225
76 0.508259 0.358862 0.938564 0.633216
75 0.491109 0.347418 0.975982 0.658451
12 0.565165 0.265258 0.0592449 0.0815728
73 0.508259 0.358862 0.938564 0.633216
33 0.151133 0.24912 0.0432644 0.0715962
0 0.565165 0.265258 0.0592449 0.0815728
15 0.551913 0.268633 0.0888673 0.086561
14 0.565165 0.265258 0.0592449 0.0815728
15 0.717955 0.400822 0.205798 0.289906
100 0.508259 0.358862 0.938564 0.633216
29 0.505141 0.472418 0.943241 0.426056
16 0.565165 0.265258 0.0592449 0.0815728
48 0.508259 0.358862 0.938564 0.633216
79 0.499684 0.47946 0.940123 0.410798
7 0.505141 0.472418 0.943241 0.426056
81 0.505141 0.472418 0.943241 0.426056
80 0.503582 0.358275 0.940123 0.63439
56 0.477467 0.492958 0.763168 0.375587
15 0.565165 0.265258 0.0592449 0.0815728
33 0.570232 0.256162 0.0436541 0.05223
7 0.551913 0.268633 0.0888673 0.086561
12 0.570232 0.256162 0.0436541 0.05223
33 0.15279 0.25939 0.0604142 0.0833333
84 0.508259 0.358862 0.938564 0.633216
34 0.5067 0.45716 0.947919 0.454225
76 0.539441 0.436913 0.898028 0.485329
97 0.539441 0.436913 0.898028 0.485329
50 0.535543 0.451584 0.879319 0.460681
100 0.539441 0.436913 0.898028 0.485329
49 0.535543 0.451584 0.879319 0.460681
99 0.539441 0.436913 0.898028 0.485329
74 0.524629 0.426056 0.916737 0.502347
73 0.539441 0.436913 0.898028 0.485329
48 0.539441 0.436913 0.898028 0.485329
41 0.539441 0.436913 0.898028 0.485329
75 0.524629 0.426056 0.916737 0.502347
17 0.544508 0.465962 0.884776 0.428404
54 0.520732 0.436326 0.921414 0.480634
66 0.524629 0.426056 0.916737 0.502347
33 0.524629 0.426056 0.916737 0.502347
47 0.535543 0.451584 0.879319 0.460681
56 0.520732 0.436326 0.921414 0.480634
42 0.524629 0.426056 0.916737 0.502347
68 0.524629 0.426056 0.916737 0.502347
108 0.520732 0.436326 0.921414 0.480634
46 0.539441 0.436913 0.898028 0.485329
84 0.524629 0.426056 0.916737 0.502347
110 0.539441 0.436913 0.898028 0.485329
101 0.539441 0.436913 0.898028 0.485329
80 0.520732 0.436326 0.921414 0.480634
51 0.535543 0.451584 0.879319 0.460681
79 0.514495 0.479753 0.935446 0.3973
95 0.520732 0.436326 0.921414 0.480634
77 0.539441 0.436913 0.898028 0.485329
103 0.520732 0.436326 0.921414 0.480634
109 0.524629 0.426056 0.916737 0.502347
66 0.509818 0.504695 0.930769 0.347418
53 0.520732 0.436326 0.921414 0.480634
74 0.509818 0.504695 0.930769 0.347418
111 0.524629 0.426056 0.916737 0.502347
33 0.150159 0.239437 0.0280634 0.0448944
33 0.0781731 0.268633 0.0568576 0.0607394
75 0.509818 0.504695 0.930769 0.347418
76 0.509818 0.504695 0.930769 0.347418
97 0.509818 0.504695 0.930769 0.347418
33 0.0737638 0.265845 0.0329355 0.0545775
33 0.0318636 0.32365 0.0563216 0.0991784
16 0.723412 0.379768 0.20268 0.314407
67 0.524629 0.426056 0.916737 0.502347
33 0.0397565 0.308685 0.0730817 0.13615
33 0.153179 0.23973 0.038782 0.0516432
104 0.514495 0.479753 0.935446 0.3973
48 0.509818 0.504695 0.930769 0.347418
15 0.0737638 0.265845 0.0329355 0.0545775
84 0.509818 0.504695 0.930769 0.347418
33 0.064994 0.269953 0.0350792 0.0569249
33 0.509818 0.504695 0.930769 0.347418
41 0.509818 0.504695 0.930769 0.347418
68 0.509818 0.504695 0.930769 0.347418
15 0.0723022 0.267459 0.0444337 0.0578052
15 0.723412 0.379768 0.20268 0.314407
3 0.536322 0.47836 0.876201 0.408304
16 0.0737638 0.265845 0.0329355 0.0545775
15 0.0397565 0.308685 0.0730817 0.13615
28 0.544508 0.465962 0.884776 0.428404
100 0.544118 0.507336 0.873083 0.338615
81 0.509818 0.504695 0.930769 0.347418
6 0.544508 0.465962 0.884776 0.428404
17 0.728868 0.378815 0.208916 0.315141
19 0.536322 0.47836 0.876201 0.408304
20 0.536322 0.47836 0.876201 0.408304
42 0.509818 0.504695 0.930769 0.347418
50 0.52385 0.518192 0.848138 0.325117
102 0.539441 0.436913 0.898028 0.485329
15 0.0318636 0.32365 0.0563216 0.0991784
18 0.728868 0.378815 0.208916 0.315141
105 0.514495 0.479753 0.935446 0.3973
73 0.509818 0.504695 0.930769 0.347418
13 0.544508 0.465962 0.884776 0.428404
15 0.064994 0.269953 0.0350792 0.0569249
33 0.0928625 0.27142 0.0537881 0.0639671
33 0.0634349 0.273768 0.0419002 0.0698357
52 0.520732 0.436326 0.921414 0.480634
26 0.723412 0.379768 0.20268 0.314407
77 0.528137 0.443369 0.929989 0.478286
76 0.536712 0.443148 0.912839 0.482248
50 0.528137 0.443369 0.929989 0.478286
109 0.536712 0.443148 0.912839 0.482248
73 0.536712 0.443148 0.912839 0.482248
99 0.528137 0.443369 0.929989 0.478286
102 0.536712 0.444322 0.903485 0.484595
110 0.528137 0.443369 0.929989 0.478286
101 0.528137 0.443369 0.929989 0.478286
49 0.528137 0.443369 0.929989 0.478286
84 0.528137 0.443369 0.929989 0.478286
68 0.528137 0.443369 0.929989 0.478286
100 0.528137 0.443369 0.929989 0.478286
111 0.528137 0.443369 0.929989 0.478286
75 0.526968 0.442782 0.92921 0.478286
46 0.536712 0.443148 0.912839 0.482248
48 0.531255 0.434346 0.926871 0.502201
67 0.528137 0.443369 0.929989 0.478286
97 0.528137 0.443369 0.929989 0.478286
103 0.528137 0.443369 0.929989 0.478286
102 0.372035 0.9375 0.744069 0.125
47 0.528137 0.443369 0.929989 0.478286
51 0.531255 0.434346 0.926871 0.502201
102 0.508259 0.877934 0.957273 0.244132
77 0.508259 0.877934 0.957273 0.244132
50 0.511767 0.808099 0.956494 0.383803
101 0.343387 0.941315 0.686773 0.117371
102 0.347089 0.9152 0.694179 0.169601
102 0.511767 0.808099 0.956494 0.383803
77 0.511767 0.808099 0.956494 0.383803
101 0.508259 0.877934 0.957273 0.244132
77 0.372035 0.9375 0.744069 0.125
16 0.142461 0.26115 0.0339099 0.096831
102 0.678514 0.943955 0.642971 0.112089
50 0.508259 0.877934 0.957273 0.244132
68 0.508259 0.877934 0.957273 0.244132
101 0.511767 0.808099 0.956494 0.383803
68 0.372035 0.9375 0.744069 0.125
95 0.517224 0.437207 0.94558 0.480047
74 0.526968 0.442782 0.92921 0.478286
101 0.373009 0.914319 0.746018 0.171362
102 0.505141 0.922535 0.922973 0.15493
49 0.511767 0.808099 0.956494 0.383803
33 0.154349 0.245599 0.0374178 0.0674883
66 0.526968 0.442782 0.92921 0.478286
53 0.531255 0.434346 0.926871 0.502201
102 0.767382 0.94777 0.465237 0.10446
68 0.511767 0.808099 0.956494 0.383803
68 0.347089 0.9152 0.694179 0.169601
77 0.347089 0.9152 0.694179 0.169601
76 0.511767 0.808099 0.956494 0.383803
99 0.508259 0.451584 0.947918 0.463028
76 0.50631 0.457233 0.948698 0.456426
97 0.508259 0.451584 0.947918 0.463028
75 0.50631 0.457233 0.948698 0.456426
42 0.50709 0.431851 0.944021 0.500147
73 0.508259 0.451584 0.947918 0.463028
46 0.516834 0.444249 0.915178 0.477699
100 0.50631 0.457233 0.948698 0.456426
54 0.508259 0.436326 0.946359 0.493545
103 0.516834 0.444249 0.915178 0.477699
48 0.516834 0.444249 0.915178 0.477699
84 0.508259 0.436326 0.946359 0.493545
50 0.50631 0.457233 0.948698 0.456426
109 0.50631 0.457233 0.948698 0.456426
47 0.516834 0.444249 0.915178 0.477699
111 0.508259 0.436326 0.946359 0.493545
41 0.5067 0.450411 0.941682 0.465376
51 0.508259 0.436326 0.946359 0.493545
52 0.508259 0.436326 0.946359 0.493545
110 0.50631 0.457233 0.948698 0.456426
66 0.512157 0.455399 0.924532 0.454225
80 0.50709 0.431851 0.944021 0.500147
17 0.512157 0.455399 0.924532 0.454225
33 0.50709 0.431851 0.944021 0.500147
68 0.512157 0.455399 0.924532 0.454225
49 0.50631 0.457233 0.948698 0.456426
74 0.512157 0.455399 0.924532 0.454225
77 0.512157 0.455399 0.924532 0.454225
8 0.508259 0.436326 0.946359 0.493545
102 0.50631 0.457233 0.948698 0.456426
101 0.512157 0.455399 0.924532 0.454225
1 0.508259 0.436326 0.946359 0.493545
53 0.508259 0.436326 0.946359 0.493545
95 0.512157 0.455399 0.924532 0.454225
56 0.508259 0.436326 0.946359 0.493545
7 0.5067 0.450411 0.941682 0.465376
6 0.508259 0.436326 0.946359 0.493545
76 0.546456 0.459214 0.876201 0.452465
73 0.548015 0.45716 0.873083 0.45892
99 0.546456 0.459214 0.876201 0.452465
42 0.54022 0.460387 0.887115 0.44777
50 0.546456 0.459214 0.876201 0.452465
100 0.546456 0.459214 0.876201 0.452465
75 0.548015 0.45716 0.873083 0.45892
8 0.546456 0.459214 0.876201 0.452465
80 0.530086 0.461928 0.902705 0.439994
84 0.530086 0.461928 0.902705 0.439994
97 0.548015 0.45716 0.873083 0.45892
9 0.546456 0.459214 0.876201 0.452465
7 0.546456 0.459214 0.876201 0.452465
46 0.548015 0.45716 0.873083 0.45892
34 0.546456 0.459214 0.876201 0.452465
105 0.530086 0.461928 0.902705 0.439994
103 0.530086 0.461928 0.902705 0.439994
109 0.548015 0.45716 0.873083 0.45892
6 0.546456 0.459214 0.876201 0.452465
47 0.54022 0.460387 0.887115 0.44777
5 0.546456 0.459214 0.876201 0.452465
1 0.546456 0.459214 0.876201 0.452465
48 0.54022 0.460387 0.887115 0.44777
10 0.54022 0.460387 0.887115 0.44777
29 0.546456 0.459214 0.876201 0.452465
111 0.548015 0.45716 0.873083 0.45892
30 0.546456 0.459214 0.876201 0.452465
2 0.54022 0.460387 0.887115 0.44777
33 0.546456 0.459214 0.876201 0.452465
52 0.530086 0.461928 0.902705 0.439994
7 0.719904 0.392312 0.194105 0.295188
41 0.54022 0.460387 0.887115 0.44777
3 0.546456 0.459214 0.876201 0.452465
77 0.548015 0.45716 0.873083 0.45892
95 0.530086 0.461928 0.902705 0.439994
49 0.54022 0.460387 0.887115 0.44777
51 0.54022 0.460387 0.887115 0.44777
54 0.530086 0.461928 0.902705 0.439994
110 0.546456 0.459214 0.876201 0.452465
22 0.54022 0.460387 0.887115 0.44777
15 0.719904 0.392312 0.194105 0.295188
17 0.54022 0.460387 0.887115 0.44777
31 0.546456 0.459214 0.876201 0.452465
8 0.719904 0.392312 0.194105 0.295188
81 0.530086 0.461928 0.902705 0.439994
53 0.530086 0.461928 0.902705 0.439994
32 0.54022 0.460387 0.887115 0.44777
0 0.546456 0.459214 0.876201 0.452465
23 0.546456 0.459214 0.876201 0.452465
56 0.530086 0.461928 0.902705 0.439994
25 0.546456 0.459214 0.876201 0.452465
14 0.719904 0.392312 0.194105 0.295188
101 0.548015 0.45716 0.873083 0.45892
76 0.529306 0.442488 0.851256 0.485915
75 0.529306 0.442488 0.851256 0.485915
73 0.530476 0.43662 0.856713 0.497653
99 0.530476 0.43662 0.856713 0.497653
109 0.529306 0.442488 0.851256 0.485915
84 0.530476 0.43662 0.856713 0.497653
100 0.530476 0.43662 0.856713 0.497653
103 0.530476 0.43662 0.856713 0.497653
26 0.730427 0.380869 0.21983 0.322183
110 0.511377 0.442195 0.932328 0.482981
77 0.529306 0.442488 0.851256 0.485915
15 0.730427 0.380869 0.21983 0.322183
111 0.530476 0.43662 0.856713 0.497653
18 0.730427 0.380869 0.21983 0.322183
48 0.530476 0.43662 0.856713 0.497653
14 0.730427 0.380869 0.21983 0.322183
97 0.511767 0.441608 0.926871 0.487676
42 0.511767 0.441608 0.926871 0.487676
16 0.731986 0.382923 0.221389 0.318662
13 0.730427 0.380869 0.21983 0.322183
19 0.730427 0.380869 0.21983 0.322183
101 0.511377 0.442195 0.932328 0.482981
23 0.730427 0.380869 0.21983 0.322183
24 0.730427 0.380869 0.21983 0.322183
21 0.730427 0.380869 0.21983 0.322183
17 0.730427 0.380869 0.21983 0.322183
29 0.507479 0.450411 0.937005 0.468897
46 0.530476 0.43662 0.856713 0.497653
50 0.529306 0.442488 0.851256 0.485915
11 0.730427 0.380869 0.21983 0.322183
34 0.507479 0.450411 0.937005 0.468897
54 0.511767 0.441608 0.926871 0.487676
5 0.507479 0.450411 0.937005 0.468897
102 0.511377 0.442195 0.932328 0.482981
47 0.530476 0.43662 0.856713 0.497653
28 0.730427 0.380869 0.21983 0.322183
15 0.801365 0.383803 0.372619 0.314554
9 0.507479 0.450411 0.937005 0.468897
18 0.801365 0.383803 0.372619 0.314554
20 0.730427 0.380869 0.21983 0.322183
14 0.801365 0.383803 0.372619 0.314554
31 0.507479 0.450411 0.937005 0.468897
19 0.801365 0.383803 0.372619 0.314554
33 0.802924 0.379988 0.374178 0.323357
26 0.802924 0.379988 0.374178 0.323357
68 0.511377 0.442195 0.932328 0.482981
3 0.507479 0.450411 0.937005 0.468897
6 0.507479 0.450411 0.937005 0.468897
1 0.507479 0.450411 0.937005 0.468897
0 0.802924 0.379988 0.374178 0.323357
33 0.511767 0.441608 0.926871 0.487676
13 0.801365 0.383803 0.372619 0.314554
95 0.511377 0.442195 0.932328 0.482981
30 0.507479 0.450411 0.937005 0.468897
76 0.541779 0.521127 0.865288 0.320423
12 0.730427 0.380869 0.21983 0.322183
7 0.507479 0.450411 0.937005 0.468897
27 0.730427 0.380869 0.21983 0.322183
27 0.802924 0.379988 0.374178 0.323357
17 0.802924 0.379988 0.374178 0.323357
74 0.502802 0.443075 0.799806 0.477699
49 0.530476 0.43662 0.856713 0.497653
16 0.801365 0.383803 0.372619 0.314554
28 0.802924 0.379988 0.374178 0.323357
0 0.730427 0.380869 0.21983 0.322183
35 0.802924 0.379988 0.374178 0.323357
23 0.801365 0.383803 0.372619 0.314554
7 0.730427 0.380869 0.21983 0.322183
51 0.511767 0.441608 0.926871 0.487676
12 0.802924 0.379988 0.374178 0.323357
67 0.511377 0.442195 0.932328 0.482981
7 0.802924 0.379988 0.374178 0.323357
21 0.801365 0.383803 0.372619 0.314554
41 0.530476 0.43662 0.856713 0.497653
10 0.802924 0.379988 0.374178 0.323357
32 0.507479 0.450411 0.937005 0.468897
3 0.730427 0.380869 0.21983 0.322183
76 0.609989 0.544601 0.716396 0.268779
8 0.507479 0.450411 0.937005 0.468897
24 0.801365 0.383803 0.372619 0.314554
17 0.530476 0.43662 0.856713 0.497653
31 0.60424 0.543721 0.729453 0.272887
22 0.507479 0.450411 0.937005 0.468897
2 0.507479 0.450411 0.937005 0.468897
35 0.730427 0.380869 0.21983 0.322183
66 0.502802 0.443075 0.799806 0.477699
6 0.730427 0.380869 0.21983 0.322183
29 0.802924 0.379988 0.374178 0.323357
4 0.581925 0.55223 0.410817 0.25
76 0.514495 0.463615 0.899587 0.431925
110 0.530086 0.465376 0.887115 0.431925
99 0.514495 0.463615 0.899587 0.431925
73 0.514495 0.463615 0.899587 0.431925
109 0.534374 0.464862 0.892571 0.431778
77 0.530086 0.465376 0.887115 0.431925
100 0.514495 0.463615 0.899587 0.431925
111 0.534374 0.464862 0.892571 0.431778
75 0.514495 0.463615 0.899587 0.431925
84 0.534374 0.464862 0.892571 0.431778
50 0.514495 0.463615 0.899587 0.431925
47 0.537881 0.464128 0.901146 0.435593
101 0.514495 0.463615 0.899587 0.431925
49 0.514495 0.463615 0.899587 0.431925
46 0.537881 0.464128 0.901146 0.435593
97 0.534374 0.464862 0.892571 0.431778
102 0.514495 0.463615 0.899587 0.431925
29 0.518783 0.465962 0.859831 0.438967
16 0.620512 0.405003 0.37106 0.297975
5 0.500464 0.463322 0.868406 0.439554
3 0.518783 0.465962 0.859831 0.438967
74 0.514495 0.463615 0.899587 0.431925
7 0.500464 0.463322 0.868406 0.439554
16 0.712498 0.396127 0.196444 0.320423
99 0.548795 0.461561 0.866847 0.452465
73 0.548405 0.468823 0.867626 0.440288
100 0.548795 0.461561 0.866847 0.452465
75 0.53983 0.457746 0.875421 0.463615
109 0.53983 0.457746 0.875421 0.463615
76 0.548795 0.461561 0.866847 0.452465
110 0.535153 0.460021 0.881658 0.450851
77 0.548405 0.468823 0.867626 0.440288
103 0.53983 0.457746 0.875421 0.463615
50 0.535153 0.460021 0.881658 0.450851
84 0.53983 0.457746 0.875421 0.463615
18 0.141389 0.251467 0.0399513 0.0751173
49 0.535153 0.460021 0.881658 0.450851
46 0.534763 0.467136 0.880878 0.437793
18 0.149087 0.240464 0.030402 0.0513498
16 0.146651 0.24105 0.0296224 0.0545775
18 0.137394 0.276922 0.0381974 0.0576584
16 0.0256273 0.324824 0.032156 0.0821596
33 0.14743 0.23973 0.0257248 0.0539906
18 0.0240195 0.324531 0.0404386 0.0856807
18 0.153082 0.247359 0.0457979 0.0633803
18 0.216907 0.26115 0.0257248 0.0440141
47 0.534763 0.467136 0.880878 0.437793
18 0.737833 0.224765 0.0358588 0.0284624
18 0.0230938 0.301937 0.039659 0.0410798
26 0.148599 0.242371 0.028648 0.0560446
0 0.737833 0.224765 0.0358588 0.0284624
111 0.548015 0.462955 0.874642 0.452025
18 0.138563 0.267606 0.0417053 0.0727699
14 0.14743 0.23973 0.0257248 0.0539906
33 0.0256273 0.324824 0.032156 0.0821596
26 0.0256273 0.324824 0.032156 0.0821596
16 0.141389 0.251467 0.0399513 0.0751173
17 0.14743 0.23973 0.0257248 0.0539906
16 0.216907 0.26115 0.0257248 0.0440141
17 0.0256273 0.324824 0.032156 0.0821596
0 0.148599 0.242371 0.028648 0.0560446
16 0.737833 0.224765 0.0358588 0.0284624
18 0.0904021 0.269953 0.041754 0.0616197
15 0.148599 0.242371 0.028648 0.0560446
18 0.0755178 0.262617 0.0344946 0.0598592
18 0.0791231 0.267752 0.0699636 0.0648474
33 0.737833 0.224765 0.0358588 0.0284624
21 0.0256273 0.324824 0.032156 0.0821596
110 0.541 0.461561 0.885556 0.451291
99 0.53983 0.456573 0.881658 0.461268
109 0.544508 0.462148 0.892571 0.451291
76 0.541389 0.458993 0.891012 0.458773
111 0.544897 0.464715 0.893351 0.448504
77 0.544508 0.462148 0.892571 0.451291
73 0.544897 0.464715 0.893351 0.448504
84 0.53983 0.456573 0.881658 0.461268
100 0.544897 0.464715 0.893351 0.448504
101 0.544508 0.462148 0.892571 0.451291
50 0.543338 0.45826 0.893351 0.461414
75 0.53983 0.456573 0.881658 0.461268
33 0.152205 0.23885 0.0471621 0.0463615
47 0.544897 0.464715 0.893351 0.448504
14 0.150646 0.237676 0.0358588 0.0434272
102 0.543338 0.45826 0.893351 0.461414
97 0.533204 0.459214 0.901146 0.448944
33 0.15279 0.23973 0.0335202 0.0446009
46 0.544897 0.464715 0.893351 0.448504
14 0.0708405 0.257629 0.0422899 0.0457746
33 0.149476 0.254255 0.0514495 0.0548709
33 0.150061 0.246185 0.0611937 0.0616197
6 0.533204 0.459214 0.901146 0.448944
33 0.14324 0.267019 0.0537881 0.0586854
8 0.542559 0.461854 0.890233 0.449531
7 0.150646 0.237676 0.0358588 0.0434272
103 0.53983 0.456573 0.881658 0.461268
33 0.0708405 0.257629 0.0422899 0.0457746
15 0.150646 0.237676 0.0358588 0.0434272
73 0.548015 0.463322 0.865287 0.43838
99 0.548015 0.463322 0.865287 0.43838
109 0.548015 0.463322 0.865287 0.43838
110 0.548015 0.463322 0.865287 0.43838
77 0.548015 0.463322 0.865287 0.43838
76 0.548015 0.462735 0.865287 0.437207
111 0.548795 0.457453 0.863728 0.455986
100 0.548015 0.462735 0.865287 0.437207
97 0.548405 0.458627 0.86139 0.448944
84 0.548795 0.457453 0.863728 0.455986
16 0.0261998 0.32277 0.0454325 0.100352
18 0.0247016 0.326291 0.0450183 0.0938967
16 0.0785628 0.268046 0.0603655 0.0648474
56 0.537102 0.459214 0.883996 0.443075
50 0.548015 0.462735 0.865287 0.437207
16 0.0206578 0.308099 0.037223 0.0598592
18 0.0800001 0.267312 0.0748357 0.0663145
47 0.548795 0.457453 0.863728 0.455986
18 0.0313277 0.322183 0.0532035 0.103873
46 0.541779 0.455106 0.873083 0.460681
6 0.537102 0.459214 0.883996 0.443075
18 0.0696712 0.264378 0.0444337 0.0598592
14 0.0261998 0.32277 0.0454325 0.100352
16 0.0696712 0.264378 0.0444337 0.0598592
33 0.0767845 0.265992 0.0580756 0.0648474
18 0.0206578 0.308099 0.037223 0.0598592
41 0.537102 0.459214 0.883996 0.443075
75 0.53983 0.467723 0.870744 0.433099
7 0.0261998 0.32277 0.0454325 0.100352
8 0.537102 0.459214 0.883996 0.443075
16 0.717175 0.399648 0.194885 0.284624
33 0.548405 0.458627 0.86139 0.448944
14 0.0800001 0.267312 0.0748357 0.0663145
15 0.0800001 0.267312 0.0748357 0.0663145
101 0.548015 0.463322 0.865287 0.43838
18 0.0282704 0.309859 0.0459684 0.0692488
15 0.0261998 0.32277 0.0454325 0.100352
33 0.0261998 0.32277 0.0454325 0.100352
33 0.0696712 0.264378 0.0444337 0.0598592
14 0.0696712 0.264378 0.0444337 0.0598592
26 0.0261998 0.32277 0.0454325 0.100352
14 0.0206578 0.308099 0.037223 0.0598592
42 0.548405 0.458627 0.86139 0.448944
102 0.548015 0.463322 0.865287 0.43838
17 0.537102 0.459214 0.883996 0.443075
16 0.0203898 0.296948 0.0336663 0.0387324
15 0.537102 0.459214 0.883996 0.443075
7 0.0814618 0.269513 0.0682096 0.0701291
16 0.0222656 0.320129 0.0320585 0.100352
18 0.0259196 0.318662 0.0338125 0.107981
1 0.548795 0.457453 0.863728 0.455986
29 0.537102 0.459214 0.883996 0.443075
15 0.0206578 0.308099 0.037223 0.0598592
16 0.0282704 0.309859 0.0459684 0.0692488
0 0.0800001 0.267312 0.0748357 0.0663145
0 0.0247016 0.326291 0.0450183 0.0938967
3 0.537102 0.459214 0.883996 0.443075
28 0.537102 0.459214 0.883996 0.443075
95 0.537102 0.459214 0.883996 0.443075
9 0.537102 0.459214 0.883996 0.443075
18 0.0517419 0.296361 0.0565165 0.07277
33 0.141779 0.259683 0.0436541 0.0874413
49 0.548015 0.462735 0.865287 0.437207
18 0.0203898 0.296948 0.0336663 0.0387324
15 0.0696712 0.264378 0.0444337 0.0598592
33 0.155518 0.256455 0.0736664 0.0821596
18 0.141779 0.259683 0.0436541 0.0874413
54 0.548405 0.458627 0.86139 0.448944
7 0.0206578 0.308099 0.037223 0.0598592
33 0.740561 0.224472 0.0358588 0.0272887
16 0.0263581 0.325117 0.0289404 0.0938967
0 0.0206578 0.308099 0.037223 0.0598592
16 0.0517419 0.296361 0.0565165 0.07277
16 0.141779 0.259683 0.0436541 0.0874413
15 0.717175 0.399648 0.194885 0.284624
21 0.537102 0.459214 0.883996 0.443075
33 0.171498 0.268633 0.045603 0.0443075
18 0.155518 0.256455 0.0736664 0.0821596
16 0.136322 0.272594 0.0378076 0.0798122
99 0.552693 0.460974 0.868406 0.454812
73 0.552693 0.460974 0.868406 0.455986
76 0.550354 0.459434 0.869965 0.453198
110 0.550354 0.459434 0.869965 0.453198
100 0.548795 0.46831 0.876201 0.441315
47 0.552693 0.460974 0.868406 0.455986
111 0.550354 0.468897 0.873083 0.440141
50 0.541 0.465669 0.871524 0.433685
77 0.541 0.465669 0.871524 0.433685
51 0.552693 0.460974 0.868406 0.455986
46 0.552693 0.460974 0.868406 0.455986
109 0.542559 0.469484 0.876201 0.434272
8 0.542559 0.469484 0.876201 0.434272
49 0.541 0.465669 0.871524 0.433685
101 0.541 0.465669 0.871524 0.433685
102 0.541 0.465669 0.871524 0.433685
48 0.550354 0.468897 0.873083 0.440141
97 0.550354 0.468897 0.873083 0.440141
84 0.550354 0.468897 0.873083 0.440141
9 0.542559 0.469484 0.876201 0.434272
1 0.550354 0.468897 0.873083 0.440141
6 0.542559 0.469484 0.876201 0.434272
99 0.520732 0.44777 0.848138 0.477699
100 0.520732 0.44777 0.848138 0.477699
73 0.516834 0.445716 0.840342 0.475939
76 0.520732 0.44777 0.848138 0.477699
110 0.520732 0.44777 0.848138 0.477699
46 0.516834 0.445716 0.840342 0.475939
50 0.526968 0.461341 0.863728 0.449384
49 0.520732 0.44777 0.848138 0.477699
8 0.516834 0.445716 0.840342 0.475939
47 0.516834 0.445716 0.840342 0.475939
48 0.516834 0.445716 0.840342 0.475939
77 0.520732 0.44777 0.848138 0.477699
102 0.526968 0.461341 0.863728 0.449384
109 0.520732 0.44777 0.848138 0.477699
111 0.516834 0.445716 0.840342 0.475939
75 0.516834 0.445716 0.840342 0.475939
9 0.516834 0.445716 0.840342 0.475939
5 0.526968 0.461341 0.863728 0.449384
97 0.516834 0.445716 0.840342 0.475939
33 0.0237028 0.352699 0.020609 0.0299296
73 0.537881 0.45958 0.876201 0.454079
99 0.529696 0.4598 0.873862 0.454812
76 0.529696 0.4598 0.873862 0.454812
100 0.537881 0.45958 0.876201 0.454079
46 0.529696 0.4598 0.873862 0.454812
50 0.529696 0.4598 0.873862 0.454812
47 0.519172 0.461928 0.834106 0.452905
48 0.519172 0.461928 0.834106 0.452905
51 0.519172 0.461928 0.834106 0.452905
75 0.529696 0.4598 0.873862 0.454812
49 0.519172 0.461928 0.834106 0.452905
41 0.529696 0.4598 0.873862 0.454812
110 0.533204 0.455692 0.863728 0.463028
73 0.528527 0.465962 0.854374 0.428404
100 0.526578 0.462441 0.847358 0.434272
99 0.526578 0.462441 0.847358 0.434272
76 0.512936 0.454739 0.823192 0.459067
110 0.496566 0.453345 0.792011 0.458333
47 0.451353 0.444762 0.700025 0.481367
46 0.496566 0.453345 0.792011 0.458333
77 0.526578 0.462441 0.847358 0.434272
99 0.52385 0.463908 0.89491 0.433685
110 0.547236 0.444249 0.89491 0.470657
76 0.521511 0.465376 0.899587 0.430751
100 0.52385 0.463908 0.89491 0.433685
73 0.533594 0.462441 0.900367 0.441315
46 0.521511 0.465376 0.899587 0.430751
47 0.521511 0.465376 0.899587 0.430751
50 0.521511 0.465376 0.899587 0.430751
49 0.521511 0.465376 0.899587 0.430751
51 0.527747 0.464128 0.890233 0.434419
9 0.547236 0.444249 0.89491 0.470657
8 0.547236 0.444249 0.89491 0.470657
111 0.541779 0.458407 0.882437 0.447036
77 0.543728 0.45804 0.886335 0.444249
101 0.537102 0.462441 0.899587 0.43662
1 0.545677 0.446009 0.891792 0.475352
48 0.527747 0.464128 0.890233 0.434419
97 0.533594 0.462441 0.900367 0.441315
5 0.545677 0.446009 0.891792 0.475352
73 0.526188 0.451951 0.873083 0.464642
76 0.533594 0.454519 0.866067 0.466549
99 0.526578 0.452538 0.873862 0.462295
109 0.535933 0.453345 0.870744 0.468897
100 0.526578 0.452538 0.873862 0.462295
110 0.527747 0.456866 0.871524 0.461854
109 0.527358 0.860329 0.875422 0.279343
109 0.499684 0.892606 0.804484 0.214789
111 0.525409 0.455326 0.848138 0.467283
76 0.527358 0.860329 0.875422 0.279343
75 0.533594 0.454519 0.866067 0.466549
73 0.527358 0.860329 0.875422 0.279343
76 0.499684 0.892606 0.804484 0.214789
84 0.525409 0.455326 0.848138 0.467283
46 0.527747 0.456866 0.871524 0.461854
47 0.527747 0.456866 0.871524 0.461854
99 0.527358 0.860329 0.875422 0.279343
109 0.445896 0.913732 0.559709 0.172535
77 0.533594 0.454519 0.866067 0.466549
9 0.533594 0.453712 0.866067 0.465816
103 0.499684 0.892606 0.804484 0.214789
97 0.525409 0.455326 0.848138 0.467283
48 0.527747 0.456866 0.871524 0.461854
110 0.527358 0.860329 0.875422 0.279343
8 0.527747 0.456866 0.871524 0.461854
103 0.527358 0.860329 0.875422 0.279343
76 0.522291 0.465889 0.859051 0.440288
99 0.522291 0.468603 0.859051 0.443075
73 0.533984 0.466256 0.868406 0.441901
100 0.533204 0.468603 0.873083 0.436033
5 0.522291 0.465889 0.859051 0.440288
50 0.522291 0.465889 0.859051 0.440288
110 0.537881 0.462735 0.879319 0.44777
47 0.536712 0.46765 0.872303 0.442635
46 0.536712 0.46765 0.872303 0.442635
3 0.522291 0.465889 0.859051 0.440288
48 0.536712 0.46765 0.872303 0.442635
8 0.536712 0.46765 0.872303 0.442635
73 0.54022 0.450704 0.871524 0.460094
99 0.54022 0.450704 0.871524 0.460094
110 0.548795 0.4598 0.882437 0.450117
76 0.548795 0.4598 0.882437 0.450117
100 0.537102 0.451218 0.874642 0.462588
109 0.548795 0.4598 0.882437 0.450117
77 0.54022 0.450704 0.871524 0.460094
50 0.537102 0.451218 0.874642 0.462588
46 0.548795 0.456059 0.879319 0.452905
9 0.548795 0.456059 0.879319 0.452905
111 0.548795 0.456059 0.879319 0.452905
102 0.537102 0.451218 0.874642 0.462588
101 0.537102 0.451218 0.874642 0.462588
3 0.548795 0.4598 0.882437 0.450117
47 0.548795 0.456059 0.879319 0.452905
8 0.548795 0.456059 0.879319 0.452905
5 0.548795 0.4598 0.882437 0.450117
73 0.525409 0.461561 0.863728 0.445423
99 0.530086 0.457233 0.863728 0.456426
76 0.542559 0.454225 0.893351 0.462441
100 0.525409 0.461268 0.873083 0.448357
110 0.549111 0.451218 0.901778 0.467283
5 0.542559 0.454225 0.893351 0.462441
77 0.546456 0.443955 0.89491 0.482981
46 0.510987 0.459434 0.816177 0.452025
50 0.533984 0.45782 0.887115 0.452905
109 0.546456 0.443955 0.89491 0.482981
3 0.546456 0.443955 0.89491 0.482981
47 0.525409 0.461561 0.863728 0.445423
29 0.542559 0.454225 0.893351 0.462441
75 0.546456 0.443955 0.89491 0.482981
99 0.54022 0.457453 0.887115 0.448944
73 0.535543 0.458333 0.868406 0.450704
76 0.532035 0.455986 0.884776 0.454225
100 0.535543 0.45892 0.882437 0.448357
47 0.535543 0.458333 0.868406 0.450704
50 0.532035 0.455986 0.884776 0.454225
110 0.535543 0.458333 0.868406 0.450704
46 0.535543 0.458333 0.868406 0.450704
49 0.532035 0.455986 0.884776 0.454225
48 0.532035 0.455986 0.884776 0.454225
77 0.532035 0.455986 0.884776 0.454225
5 0.532035 0.455986 0.884776 0.454225
51 0.532035 0.455986 0.884776 0.454225
8 0.535543 0.458333 0.868406 0.450704
99 0.526188 0.46919 0.862169 0.430164
73 0.526188 0.46919 0.862169 0.430164
100 0.538271 0.468823 0.875422 0.436766
76 0.526188 0.46919 0.862169 0.430164
110 0.541389 0.467063 0.876981 0.43794
77 0.541389 0.467063 0.876981 0.43794
50 0.526188 0.46919 0.862169 0.430164
47 0.538271 0.468823 0.875422 0.436766
46 0.538271 0.468823 0.875422 0.436766
102 0.541 0.469484 0.876201 0.434272
48 0.531645 0.468603 0.857492 0.434859
8 0.538271 0.468823 0.875422 0.436766
99 0.54022 0.465376 0.891792 0.448357
73 0.531645 0.461268 0.904264 0.453052
110 0.520732 0.459214 0.918296 0.454812
100 0.531645 0.461268 0.904264 0.453052
76 0.537881 0.467136 0.882437 0.446009
46 0.537881 0.467136 0.882437 0.446009
50 0.54022 0.465376 0.891792 0.448357
47 0.537881 0.467136 0.882437 0.446009
8 0.530866 0.454739 0.899587 0.455546
77 0.520732 0.459214 0.918296 0.454812
84 0.54022 0.465376 0.891792 0.448357
99 0.497345 0.859155 0.969746 0.28169
102 0.54022 0.465376 0.891792 0.448357
9 0.537881 0.467136 0.882437 0.446009
111 0.537881 0.467136 0.882437 0.446009
99 0.526578 0.475866 0.884776 0.429724
76 0.541 0.468897 0.893351 0.440141
100 0.530086 0.473665 0.888674 0.428257
73 0.528527 0.472491 0.885556 0.431778
46 0.530086 0.473665 0.888674 0.428257
110 0.536322 0.471244 0.901146 0.433099
50 0.530086 0.473665 0.888674 0.428257
75 0.536712 0.471244 0.87854 0.435446
49 0.530086 0.473665 0.888674 0.428257
109 0.536712 0.471244 0.87854 0.435446
47 0.528527 0.472491 0.885556 0.431778
29 0.536322 0.471244 0.901146 0.433099
103 0.528527 0.472491 0.885556 0.431778
5 0.541 0.468897 0.893351 0.440141
74 0.528527 0.472491 0.885556 0.431778
100 0.519952 0.469484 0.89491 0.42723
99 0.539441 0.466036 0.880878 0.439994
73 0.53983 0.46897 0.872303 0.429431
76 0.539441 0.466036 0.880878 0.439994
46 0.53983 0.46897 0.872303 0.429431
110 0.53983 0.46897 0.872303 0.429431
47 0.53983 0.46897 0.872303 0.429431
111 0.53983 0.46897 0.872303 0.429431
49 0.53983 0.46897 0.872303 0.429431
50 0.519952 0.469484 0.89491 0.42723
109 0.53983 0.46897 0.872303 0.429431
77 0.531645 0.46941 0.885556 0.425029
99 0.541779 0.464495 0.874642 0.443075
100 0.536322 0.469557 0.876201 0.434126
73 0.541389 0.465449 0.872303 0.443515
76 0.541779 0.464495 0.874642 0.443075
110 0.541779 0.464495 0.874642 0.443075
50 0.529307 0.470951 0.865287 0.426643
46 0.536322 0.469557 0.876201 0.434126
47 0.529306 0.470584 0.868406 0.432072
5 0.541779 0.464495 0.874642 0.443075
49 0.529306 0.470584 0.868406 0.432072
99 0.394057 0.453638 0.59167 0.45892
109 0.541389 0.465449 0.872303 0.443515
99 0.525799 0.466843 0.883217 0.443075
73 0.54022 0.462368 0.880878 0.449677
100 0.525799 0.466843 0.883217 0.443075
76 0.524629 0.467209 0.888674 0.434126
110 0.539051 0.458994 0.880099 0.454079
50 0.524629 0.467209 0.888674 0.434126
46 0.54022 0.462368 0.880878 0.449677
102 0.524629 0.467209 0.888674 0.434126
109 0.54022 0.462368 0.880878 0.449677
47 0.533984 0.466623 0.893351 0.442342
99 0.533984 0.457233 0.874642 0.456426
73 0.531645 0.464715 0.904264 0.44733
100 0.531645 0.464715 0.904264 0.44733
110 0.537881 0.460387 0.885556 0.454812
76 0.537881 0.460387 0.885556 0.454812
50 0.531645 0.464715 0.904264 0.44733
9 0.533984 0.456059 0.874642 0.462295
77 0.533984 0.457233 0.874642 0.456426
5 0.533984 0.457233 0.874642 0.456426
8 0.537881 0.460387 0.885556 0.454812
46 0.537881 0.460387 0.885556 0.454812
47 0.531645 0.464715 0.904264 0.44733
102 0.533984 0.457233 0.874642 0.456426
51 0.531645 0.464715 0.904264 0.44733
48 0.531645 0.464715 0.904264 0.44733
111 0.537881 0.460387 0.885556 0.454812
84 0.537881 0.460387 0.885556 0.454812
97 0.537881 0.460387 0.885556 0.454812
99 0.524239 0.463615 0.892571 0.455399
73 0.537881 0.462441 0.885556 0.451878
100 0.533204 0.463688 0.891792 0.44821
110 0.533204 0.463688 0.891792 0.44821
77 0.533204 0.463688 0.891792 0.44821
46 0.537881 0.462441 0.885556 0.451878
76 0.537881 0.462441 0.885556 0.451878
47 0.537881 0.462441 0.885556 0.451878
109 0.537881 0.462441 0.885556 0.451878
8 0.524239 0.460681 0.887894 0.454225
111 0.537881 0.462441 0.885556 0.451878
99 0.522291 0.468897 0.862169 0.437793
73 0.529306 0.465449 0.859051 0.444689
76 0.533594 0.463688 0.870744 0.44821
100 0.524629 0.46765 0.869965 0.439114
46 0.529306 0.465449 0.859051 0.444689
47 0.524629 0.46765 0.869965 0.439114
50 0.524629 0.46765 0.869965 0.439114
110 0.529306 0.465449 0.859051 0.444689
48 0.524629 0.46765 0.869965 0.439114
5 0.533594 0.463688 0.870744 0.44821
100 0.538661 0.462368 0.890233 0.44733
73 0.536322 0.461854 0.87776 0.450704
99 0.52307 0.465962 0.863728 0.441315
110 0.539441 0.459434 0.888674 0.454372
46 0.536322 0.461854 0.87776 0.450704
47 0.536322 0.461854 0.87776 0.450704
76 0.539441 0.459434 0.888674 0.454372
50 0.535933 0.466036 0.889453 0.442342
111 0.536322 0.461854 0.87776 0.450704
109 0.536322 0.461854 0.87776 0.450704
77 0.536322 0.461854 0.87776 0.450704
49 0.535933 0.466036 0.889453 0.442342
48 0.536322 0.461854 0.87776 0.450704
97 0.536322 0.461854 0.87776 0.450704
84 0.536322 0.461854 0.87776 0.450704
51 0.525409 0.464789 0.866847 0.442488
100 0.541779 0.460974 0.887115 0.443075
73 0.541779 0.460974 0.887115 0.443075
99 0.54022 0.458847 0.880878 0.446156
110 0.546067 0.459214 0.887894 0.44777
76 0.545677 0.458333 0.888674 0.450704
109 0.546067 0.459214 0.887894 0.44777
5 0.545677 0.458333 0.888674 0.450704
99 0.529307 0.468897 0.873083 0.431925
100 0.533984 0.46743 0.883996 0.436033
73 0.529306 0.471171 0.868406 0.435593
76 0.531645 0.466476 0.866847 0.444982
110 0.531645 0.469997 0.879319 0.43794
109 0.531645 0.466476 0.866847 0.444982
50 0.529306 0.471171 0.868406 0.435593
5 0.534763 0.465082 0.876201 0.443075
46 0.531645 0.469997 0.879319 0.43794
102 0.529306 0.471171 0.868406 0.435593
99 0.529696 0.466549 0.870744 0.437793
76 0.541779 0.464715 0.883996 0.448504
73 0.541779 0.464715 0.883996 0.448504
100 0.529696 0.466549 0.870744 0.437793
110 0.541779 0.464715 0.883996 0.448504
109 0.541779 0.464715 0.883996 0.448504
77 0.535543 0.467796 0.893351 0.443515
3 0.542559 0.462441 0.888674 0.449531
46 0.541779 0.464715 0.883996 0.448504
5 0.541779 0.460754 0.888674 0.450558
75 0.541779 0.464715 0.883996 0.448504
9 0.541779 0.464715 0.883996 0.448504
50 0.529696 0.466549 0.870744 0.437793
102 0.529696 0.466549 0.870744 0.437793
84 0.541779 0.464715 0.883996 0.448504
99 0.520732 0.470951 0.879319 0.434859
100 0.543728 0.468016 0.883217 0.444249
73 0.545677 0.470951 0.885556 0.441901
76 0.545677 0.470951 0.885556 0.441901
110 0.543728 0.468016 0.883217 0.444249
102 0.520732 0.470951 0.879319 0.434859
5 0.542948 0.470951 0.883217 0.436033
46 0.545677 0.470951 0.885556 0.441901
48 0.526968 0.474105 0.882437 0.436766
50 0.542948 0.470951 0.883217 0.436033
47 0.526968 0.474105 0.882437 0.436766
109 0.545677 0.470951 0.885556 0.441901
77 0.520732 0.470951 0.879319 0.434859
99 0.541 0.459434 0.891792 0.459067
73 0.526188 0.457453 0.865287 0.459507
100 0.541 0.459434 0.891792 0.459067
110 0.544118 0.457746 0.890233 0.457746
76 0.544118 0.457746 0.890233 0.457746
46 0.541 0.459434 0.891792 0.459067
109 0.544118 0.459214 0.888674 0.459507
3 0.544118 0.459214 0.888674 0.459507
99 0.532425 0.468603 0.855933 0.436033
100 0.544508 0.473298 0.89413 0.43838
73 0.532425 0.468603 0.855933 0.436033
46 0.544508 0.473298 0.89413 0.43838
110 0.541779 0.467063 0.880878 0.440288
76 0.532425 0.468603 0.855933 0.436033
50 0.532425 0.468603 0.855933 0.436033
47 0.544508 0.473298 0.89413 0.43838
109 0.545677 0.472124 0.885556 0.43838
51 0.532425 0.468603 0.855933 0.436033
5 0.541779 0.46831 0.887115 0.43662
99 0.549574 0.46831 0.882437 0.441315
73 0.532425 0.464275 0.846579 0.441168
100 0.548795 0.463908 0.885555 0.446596
110 0.549574 0.46831 0.882437 0.441315
76 0.549574 0.46831 0.882437 0.441315
3 0.548795 0.463908 0.885555 0.446596
46 0.549574 0.46831 0.882437 0.441315
99 0.531645 0.47007 0.851256 0.428404
73 0.536712 0.465669 0.862949 0.441901
100 0.536712 0.465669 0.862949 0.441901
110 0.54022 0.468383 0.865287 0.43882
46 0.54022 0.468383 0.865287 0.43882
76 0.54022 0.468383 0.865287 0.43882
47 0.54022 0.468383 0.865287 0.43882
48 0.54022 0.468383 0.865287 0.43882
109 0.54022 0.468383 0.865287 0.43882
77 0.54022 0.468383 0.865287 0.43882
73 0.537102 0.467136 0.857492 0.43662
99 0.534763 0.468236 0.876201 0.436766
100 0.526188 0.466256 0.854374 0.440728
110 0.526968 0.468236 0.854374 0.43794
5 0.747577 0.821009 0.0491109 0.0246479
16 0.747577 0.821009 0.0491109 0.0246479
47 0.534763 0.468236 0.876201 0.436766
46 0.526968 0.468236 0.854374 0.43794
99 0.533984 0.466256 0.865287 0.43838
73 0.533984 0.466256 0.865287 0.43838
100 0.542559 0.463688 0.882437 0.445863
110 0.543338 0.463908 0.87776 0.44777
76 0.543338 0.463908 0.87776 0.44777
3 0.543338 0.463028 0.880878 0.448357
109 0.543338 0.463908 0.87776 0.44777
73 0.528527 0.466549 0.849697 0.435446
99 0.528527 0.466549 0.849697 0.435446
100 0.528527 0.465962 0.84346 0.442488
110 0.528527 0.465962 0.84346 0.442488
76 0.526968 0.464275 0.848138 0.444689
109 0.528527 0.465962 0.84346 0.442488
3 0.528137 0.464202 0.848917 0.444836
73 0.529307 0.46743 0.852815 0.436033
99 0.544508 0.464789 0.872303 0.442488
100 0.539051 0.467209 0.858272 0.441168
110 0.539051 0.467209 0.858272 0.441168
110 0.0774666 0.880869 0.154933 0.238263
76 0.539051 0.467209 0.858272 0.441168
73 0.525409 0.46919 0.863728 0.437207
99 0.53983 0.461854 0.87854 0.447183
100 0.534763 0.468236 0.888674 0.43794
110 0.541779 0.466549 0.87776 0.442488
76 0.541779 0.466549 0.87776 0.442488
99 0.527747 0.462515 0.86061 0.442342
73 0.529307 0.467723 0.865287 0.444836
100 0.541779 0.466036 0.890233 0.443515
110 0.545287 0.465669 0.883217 0.444249
76 0.545287 0.465669 0.883217 0.444249
109 0.545287 0.465669 0.883217 0.444249
73 0.519952 0.467209 0.871524 0.436473
100 0.54022 0.466549 0.883996 0.442488
99 0.542559 0.462441 0.893351 0.448357
110 0.54022 0.466549 0.883996 0.442488
100 0.542948 0.461854 0.87854 0.450704
99 0.527358 0.464275 0.852035 0.447036
73 0.527358 0.464275 0.852035 0.447036
110 0.542948 0.461854 0.87854 0.450704
76 0.54022 0.463542 0.868406 0.448503
99 0.535153 0.463542 0.852035 0.449677
73 0.545677 0.463322 0.876201 0.44777
100 0.543338 0.463322 0.87776 0.451291
110 0.543338 0.463322 0.87776 0.451291
76 0.543338 0.463322 0.87776 0.451291
99 0.537492 0.463542 0.859831 0.448503
73 0.541779 0.464862 0.880878 0.450558
100 0.545677 0.461561 0.873083 0.448944
110 0.532035 0.461561 0.869185 0.44777
99 0.532425 0.462441 0.849697 0.450704
73 0.544508 0.466476 0.87854 0.444982
100 0.544508 0.466476 0.87854 0.444982
110 0.544508 0.466476 0.87854 0.444982
76 0.544508 0.466476 0.87854 0.444982
99 0.534763 0.463542 0.841901 0.446156
73 0.544897 0.464128 0.868406 0.44733
100 0.544508 0.464202 0.875421 0.447183
110 0.544508 0.464202 0.875421 0.447183
76 0.544508 0.464202 0.875421 0.447183
46 0.544508 0.464202 0.875421 0.447183
50 0.544897 0.464128 0.868406 0.44733
99 0.538271 0.466256 0.862949 0.439554
73 0.530866 0.467723 0.849697 0.440141
100 0.535543 0.468016 0.857492 0.439554
76 0.535543 0.468016 0.857492 0.439554
110 0.538271 0.466256 0.862949 0.439554
46 0.535543 0.468016 0.857492 0.439554
50 0.535543 0.468016 0.857492 0.439554
99 0.534763 0.466549 0.849697 0.437793
73 0.525409 0.467063 0.832547 0.436766
100 0.530476 0.468603 0.842681 0.436033
76 0.530476 0.468603 0.842681 0.436033
110 0.530476 0.468603 0.842681 0.436033
50 0.530476 0.468603 0.842681 0.436033
46 0.530476 0.468603 0.842681 0.436033
5 0.534763 0.466549 0.849697 0.437793
99 0.526188 0.465669 0.834106 0.43838
73 0.52307 0.463322 0.834106 0.440728
100 0.519172 0.466036 0.820074 0.439994
76 0.519172 0.466036 0.820074 0.439994
110 0.519172 0.466036 0.820074 0.439994
5 0.526188 0.465669 0.834106 0.43838
99 0.516834 0.466036 0.818515 0.441168
73 0.520732 0.464789 0.830988 0.437793
100 0.516834 0.466036 0.818515 0.441168
110 0.516834 0.466036 0.818515 0.441168
76 0.516834 0.466036 0.818515 0.441168
99 0.530086 0.463908 0.84502 0.439554
73 0.52346 0.462735 0.828649 0.43838
100 0.52346 0.464495 0.833326 0.441901
110 0.52346 0.464495 0.833326 0.441901
73 0.522291 0.460681 0.841901 0.447183
99 0.532814 0.461854 0.856713 0.442488
100 0.532035 0.462441 0.856713 0.444836
47 0.525799 0.460387 0.850476 0.44777
110 0.532035 0.462441 0.856713 0.444836
99 0.529696 0.460167 0.86139 0.44821
73 0.52385 0.460094 0.857492 0.451878
100 0.530086 0.461194 0.86061 0.449677
110 0.530086 0.461194 0.86061 0.449677
99 0.520732 0.461194 0.84502 0.44733
73 0.527358 0.462515 0.862949 0.44821
100 0.530086 0.461928 0.857492 0.449384
110 0.0777589 0.881455 0.155518 0.237089
76 0.510208 0.86561 0.944021 0.268779
76 0.505141 0.92723 0.943241 0.14554
110 0.530086 0.461928 0.857492 0.449384
73 0.522291 0.467723 0.841901 0.442488
99 0.52346 0.467723 0.839563 0.438967
100 0.530476 0.465962 0.852035 0.444836
110 0.0774666 0.881162 0.154933 0.237676
76 0.524629 0.910798 0.915178 0.178404
110 0.530476 0.465962 0.852035 0.444836
76 0.511377 0.867958 0.941682 0.264085
99 0.524629 0.910798 0.915178 0.178404
99 0.52346 0.470657 0.836445 0.434272
73 0.521511 0.470657 0.837224 0.43662
100 0.528527 0.468016 0.845019 0.441901
110 0.0775153 0.881455 0.155031 0.237089
110 0.528527 0.468016 0.845019 0.441901
99 0.521511 0.471244 0.835665 0.433099
73 0.521511 0.471758 0.834106 0.433245
100 0.530086 0.465449 0.851256 0.443515
110 0.0792693 0.879695 0.158539 0.24061
110 0.0518393 0.878521 0.103679 0.242958
76 0.527747 0.46831 0.84346 0.440141
110 0.530086 0.465449 0.851256 0.443515
99 0.528137 0.82277 0.905044 0.35446
76 0.528137 0.82277 0.905044 0.35446
103 0.0704508 0.139671 0.140902 0.279343
76 0.533594 0.891138 0.889453 0.217723
99 0.520732 0.470364 0.835665 0.434859
73 0.520732 0.470731 0.834106 0.434126
100 0.530086 0.464789 0.851256 0.444836
76 0.526188 0.467136 0.841901 0.441315
110 0.526188 0.467136 0.841901 0.441315
99 0.526968 0.801056 0.907383 0.397887
99 0.52307 0.470364 0.837224 0.433685
73 0.529307 0.466843 0.846579 0.440728
100 0.529307 0.466843 0.846579 0.440728
76 0.529307 0.466843 0.846579 0.440728
110 0.529307 0.466843 0.846579 0.440728
99 0.525799 0.468603 0.838004 0.433685
73 0.530476 0.465376 0.848917 0.441315
100 0.530476 0.465376 0.848917 0.441315
76 0.530476 0.465376 0.848917 0.441315
110 0.530476 0.465376 0.848917 0.441315
99 0.525409 0.468897 0.840342 0.431925
73 0.530086 0.464715 0.849697 0.441461
100 0.530086 0.464715 0.849697 0.441461
76 0.530086 0.464715 0.849697 0.441461
110 0.530086 0.464715 0.849697 0.441461
99 0.526188 0.470584 0.843461 0.429724
73 0.531645 0.466256 0.854374 0.439554
100 0.531645 0.466256 0.854374 0.439554
76 0.531645 0.466256 0.854374 0.439554
110 0.531645 0.466256 0.854374 0.439554
99 0.527358 0.471538 0.841122 0.428991
73 0.534763 0.467063 0.857492 0.43794
100 0.534763 0.467063 0.857492 0.43794
76 0.534763 0.467063 0.857492 0.43794
110 0.534763 0.467063 0.857492 0.43794
99 0.54022 0.465889 0.871524 0.440288
73 0.536322 0.468823 0.862169 0.435593
100 0.536322 0.468823 0.862169 0.435593
76 0.536322 0.468823 0.862169 0.435593
110 0.536322 0.468823 0.862169 0.435593
48 0.112351 0.071743 0.224702 0.143486
99 0.539051 0.465962 0.870744 0.440141
73 0.536322 0.46919 0.862169 0.434859
100 0.536322 0.46919 0.862169 0.434859
110 0.536322 0.46919 0.862169 0.434859
76 0.536322 0.46919 0.862169 0.434859
99 0.54022 0.466549 0.871524 0.440141
73 0.537881 0.469777 0.863728 0.434859
100 0.537881 0.469777 0.863728 0.434859
110 0.537881 0.469777 0.863728 0.434859
76 0.537881 0.469777 0.863728 0.434859
99 0.526968 0.473298 0.84502 0.428991
73 0.537881 0.470364 0.865288 0.434859
100 0.537881 0.470364 0.865288 0.434859
110 0.537881 0.470364 0.865288 0.434859
76 0.537881 0.470364 0.865288 0.434859
99 0.526188 0.473078 0.846579 0.429431
73 0.537881 0.470584 0.866847 0.434419
100 0.537881 0.470584 0.866847 0.434419
110 0.537881 0.470584 0.866847 0.434419
76 0.537881 0.470584 0.866847 0.434419
99 0.527358 0.473592 0.847358 0.429577
73 0.539441 0.470657 0.869965 0.434272
100 0.539441 0.470657 0.869965 0.434272
110 0.539441 0.470657 0.869965 0.434272
76 0.539441 0.470657 0.869965 0.434272
99 0.527747 0.473665 0.846579 0.428257
73 0.538661 0.470951 0.868406 0.433685
100 0.538661 0.470951 0.868406 0.433685
110 0.538661 0.470951 0.868406 0.433685
76 0.538661 0.470951 0.868406 0.433685
99 0.528137 0.474252 0.848917 0.427083
73 0.539441 0.471171 0.869965 0.433245
100 0.539441 0.471171 0.869965 0.433245
110 0.539441 0.471171 0.869965 0.433245
76 0.539441 0.471171 0.869965 0.433245
48 0.10056 0.0625 0.201121 0.125
99 0.527747 0.474472 0.848138 0.426643
73 0.538661 0.471317 0.868406 0.432952
100 0.538661 0.471317 0.868406 0.432952
110 0.538661 0.471317 0.868406 0.432952
76 0.538661 0.471317 0.868406 0.432952
99 0.528527 0.474472 0.848138 0.426643
73 0.538271 0.471317 0.869185 0.432952
100 0.538271 0.471317 0.869185 0.432952
110 0.538271 0.471317 0.869185 0.432952
76 0.538271 0.471317 0.869185 0.432952
99 0.528137 0.474472 0.847358 0.426643
73 0.538271 0.471244 0.869185 0.433099
100 0.538271 0.471244 0.869185 0.433099
110 0.538271 0.471244 0.869185 0.433099
76 0.538271 0.471244 0.869185 0.433099
99 0.527747 0.474252 0.846579 0.427083
73 0.539051 0.471244 0.870744 0.433099
100 0.539051 0.471244 0.870744 0.433099
110 0.539051 0.471244 0.870744 0.433099
76 0.539051 0.471244 0.870744 0.433099
102 0.527747 0.474252 0.846579 0.427083
99 0.527747 0.474178 0.846579 0.42723
73 0.53983 0.471244 0.872303 0.433099
100 0.53983 0.471244 0.872303 0.433099
110 0.53983 0.471244 0.872303 0.433099
76 0.53983 0.471244 0.872303 0.433099
110 0.0750306 0.880575 0.150061 0.23885
102 0.527747 0.474178 0.846579 0.42723
50 0.53983 0.471244 0.872303 0.433099
99 0.528137 0.474178 0.847358 0.42723
73 0.541 0.471538 0.873083 0.433685
100 0.541 0.471538 0.873083 0.433685
110 0.541 0.471538 0.873083 0.433685
76 0.541 0.471538 0.873083 0.433685
110 0.0750306 0.880869 0.150061 0.238263
50 0.541 0.471538 0.873083 0.433685
110 0.0747382 0.922535 0.149476 0.15493
102 0.528137 0.474178 0.847358 0.42723
99 0.528527 0.474178 0.846579 0.42723
73 0.541779 0.471538 0.874642 0.433685
100 0.541779 0.471538 0.874642 0.433685
110 0.541779 0.471538 0.874642 0.433685
76 0.541779 0.471538 0.874642 0.433685
110 0.0749331 0.880282 0.149866 0.239437
50 0.541779 0.471538 0.874642 0.433685
110 0.074787 0.922535 0.149574 0.15493
99 0.527747 0.474178 0.846579 0.42723
73 0.541389 0.471538 0.873863 0.433685
100 0.541389 0.471538 0.873863 0.433685
110 0.541389 0.471538 0.873863 0.433685
76 0.541389 0.471538 0.873863 0.433685
110 0.0749818 0.880282 0.149964 0.239437
110 0.074787 0.923122 0.149574 0.153756
50 0.541389 0.471538 0.873863 0.433685
99 0.527747 0.473665 0.846579 0.427083
73 0.541779 0.471244 0.874642 0.433099
100 0.541779 0.471244 0.874642 0.433099
110 0.541779 0.471244 0.874642 0.433099
76 0.541779 0.471244 0.874642 0.433099
110 0.0750306 0.880282 0.150061 0.239437
110 0.0748357 0.922535 0.149671 0.15493
50 0.541779 0.471244 0.874642 0.433099
99 0.527747 0.473592 0.846579 0.42723
73 0.541389 0.471171 0.873863 0.433245
100 0.541389 0.471171 0.873863 0.433245
110 0.541389 0.471171 0.873863 0.433245
76 0.541389 0.471171 0.873863 0.433245
110 0.0747382 0.923122 0.149476 0.153756
110 0.0749331 0.880282 0.149866 0.239437
50 0.541389 0.471171 0.873863 0.433245
99 0.527747 0.473592 0.845019 0.42723
73 0.541 0.471538 0.873083 0.433685
100 0.541 0.471538 0.873083 0.433685
110 0.0747382 0.923122 0.149476 0.153756
110 0.0750306 0.879695 0.150061 0.24061
110 0.541 0.471538 0.873083 0.433685
76 0.541 0.471538 0.873083 0.433685
50 0.541 0.471538 0.873083 0.433685
110 0.0507674 0.880282 0.101535 0.239437
99 0.528137 0.473665 0.845799 0.427083
73 0.541389 0.471317 0.873863 0.434126
100 0.541389 0.471317 0.873863 0.434126
110 0.074787 0.923122 0.149574 0.153756
110 0.0749818 0.879108 0.149964 0.241784
110 0.541389 0.471317 0.873863 0.434126
50 0.541389 0.471317 0.873863 0.434126
76 0.541389 0.471317 0.873863 0.434126
110 0.0508162 0.880282 0.101632 0.239437
99 0.528137 0.473592 0.845799 0.426056
73 0.541779 0.471317 0.873083 0.434126
100 0.541779 0.471317 0.873083 0.434126
110 0.0747382 0.923122 0.149476 0.153756
110 0.541779 0.471317 0.873083 0.434126
50 0.541779 0.471317 0.873083 0.434126
110 0.0749331 0.878521 0.149866 0.242958
110 0.0508649 0.879695 0.10173 0.24061
99 0.528527 0.473592 0.845019 0.426056
73 0.541779 0.471317 0.874642 0.434126
100 0.541779 0.471317 0.874642 0.434126
110 0.0747382 0.922535 0.149476 0.15493
110 0.541779 0.471317 0.874642 0.434126
110 0.0749818 0.878521 0.149964 0.242958
110 0.0508649 0.879695 0.10173 0.24061
50 0.541779 0.471317 0.874642 0.434126
99 0.528137 0.473665 0.84424 0.42591
73 0.541389 0.471171 0.872303 0.433245
100 0.541389 0.471171 0.872303 0.433245
110 0.0748357 0.922535 0.149671 0.15493
110 0.541389 0.471171 0.872303 0.433245
110 0.0750306 0.878228 0.150061 0.243545
110 0.0508649 0.879695 0.10173 0.24061
50 0.541389 0.471171 0.872303 0.433245
99 0.528527 0.473665 0.84346 0.42591
73 0.541779 0.471171 0.873083 0.433245
100 0.541779 0.471171 0.873083 0.433245
110 0.0748357 0.922535 0.149671 0.15493
110 0.0508649 0.879695 0.10173 0.24061
110 0.0749331 0.877934 0.149866 0.244132
110 0.541779 0.471171 0.873083 0.433245
50 0.541779 0.471171 0.873083 0.433245
99 0.528137 0.473885 0.842681 0.425469
73 0.541389 0.471244 0.872303 0.433099
100 0.541389 0.471244 0.872303 0.433099
110 0.0748357 0.922535 0.149671 0.15493
110 0.0509136 0.879695 0.101827 0.24061
110 0.541389 0.471244 0.872303 0.433099
110 0.0750306 0.877934 0.150061 0.244132
50 0.541389 0.471244 0.872303 0.433099
99 0.528137 0.473885 0.842681 0.425469
73 0.541389 0.471244 0.872303 0.433099
100 0.541389 0.471244 0.872303 0.433099
110 0.0748357 0.922829 0.149671 0.154343
110 0.541389 0.471244 0.872303 0.433099
110 0.0508649 0.879695 0.10173 0.24061
110 0.0749818 0.877641 0.149964 0.244718
50 0.541389 0.471244 0.872303 0.433099
99 0.528527 0.473885 0.841901 0.425469
73 0.541389 0.471244 0.872303 0.433099
100 0.541389 0.471244 0.872303 0.433099
110 0.0748844 0.922829 0.149769 0.154343
110 0.541389 0.471244 0.872303 0.433099
110 0.0509136 0.879695 0.101827 0.24061
110 0.0749818 0.877641 0.149964 0.244718
50 0.541389 0.471244 0.872303 0.433099
99 0.527747 0.474105 0.841901 0.425029
73 0.541779 0.471244 0.873083 0.433099
100 0.541779 0.471244 0.873083 0.433099
110 0.0748357 0.922535 0.149671 0.15493
110 0.541779 0.471244 0.873083 0.433099
110 0.0509623 0.879108 0.101925 0.241784
110 0.0749331 0.877347 0.149866 0.245305
50 0.541779 0.471244 0.873083 0.433099
76 0.541779 0.471244 0.873083 0.433099
99 0.528137 0.474105 0.841122 0.425029
73 0.542559 0.471244 0.873083 0.433099
100 0.542559 0.471244 0.873083 0.433099
110 0.0748844 0.922535 0.149769 0.15493
110 0.0510598 0.879695 0.10212 0.24061
110 0.542559 0.471244 0.873083 0.433099
110 0.0749818 0.877347 0.149964 0.245305
50 0.542559 0.471244 0.873083 0.433099
76 0.542559 0.471244 0.873083 0.433099
99 0.528527 0.474105 0.840342 0.425029
73 0.542559 0.471244 0.873083 0.433099
100 0.542559 0.471244 0.873083 0.433099
110 0.0748844 0.922535 0.149769 0.15493
110 0.051011 0.879695 0.102022 0.24061
110 0.542559 0.471244 0.873083 0.433099
50 0.542559 0.471244 0.873083 0.433099
76 0.542559 0.471244 0.873083 0.433099
110 0.0750306 0.877347 0.150061 0.245305
99 0.528527 0.474105 0.840342 0.425029
73 0.542559 0.471244 0.873083 0.433099
100 0.542559 0.471244 0.873083 0.433099
110 0.0749331 0.922242 0.149866 0.155517
110 0.0510598 0.879108 0.10212 0.241784
110 0.542559 0.471244 0.873083 0.433099
110 0.125116 0.855047 0.250232 0.289906
50 0.542559 0.471244 0.873083 0.433099
110 0.0751767 0.819249 0.150353 0.338028
76 0.542559 0.471244 0.873083 0.433099
99 0.528527 0.474105 0.840342 0.425029
73 0.542559 0.471244 0.873083 0.433099
100 0.542559 0.471244 0.873083 0.433099
110 0.0748357 0.922242 0.149671 0.155517
110 0.0510598 0.879108 0.10212 0.241784
110 0.542559 0.471244 0.873083 0.433099
50 0.542559 0.471244 0.873083 0.433099
110 0.125116 0.855047 0.250232 0.289906
76 0.542559 0.471244 0.873083 0.433099
110 0.0751767 0.819249 0.150353 0.338028
99 0.528527 0.473665 0.840342 0.424736
73 0.542169 0.471244 0.873863 0.433099
100 0.542169 0.471244 0.873863 0.433099
110 0.0749331 0.921948 0.149866 0.156103
110 0.051011 0.879695 0.102022 0.24061
110 0.542169 0.471244 0.873863 0.433099
110 0.125116 0.855047 0.250232 0.289906
50 0.542169 0.471244 0.873863 0.433099
110 0.0752255 0.819249 0.150451 0.338028
76 0.542169 0.471244 0.873863 0.433099
99 0.527747 0.473665 0.840342 0.424736
73 0.542169 0.471244 0.873863 0.433099
100 0.542169 0.471244 0.873863 0.433099
110 0.0749331 0.921948 0.149866 0.156103
110 0.0509623 0.879695 0.101925 0.24061
110 0.542169 0.471244 0.873863 0.433099
110 0.0751767 0.819249 0.150353 0.335681
50 0.542169 0.471244 0.873863 0.433099
110 0.125116 0.855047 0.250232 0.289906
76 0.542169 0.471244 0.873863 0.433099
99 0.528527 0.473665 0.840342 0.424736
73 0.542169 0.471244 0.873863 0.433099
100 0.542169 0.471244 0.873863 0.433099
110 0.0748357 0.921655 0.149671 0.15669
110 0.0509623 0.879401 0.101925 0.241197
110 0.542169 0.471244 0.873863 0.433099
110 0.0751767 0.819836 0.150353 0.335681
50 0.542169 0.471244 0.873863 0.433099
110 0.125213 0.855634 0.250427 0.288732
99 0.528527 0.473885 0.840342 0.424296
73 0.541779 0.471244 0.874642 0.433099
100 0.541779 0.471244 0.874642 0.433099
110 0.0509136 0.879695 0.101827 0.24061
110 0.0748844 0.921655 0.149769 0.15669
110 0.541779 0.471244 0.874642 0.433099
110 0.0751767 0.820422 0.150353 0.335681
50 0.541779 0.471244 0.874642 0.433099
76 0.541779 0.471244 0.874642 0.433099
99 0.528527 0.473885 0.840342 0.424296
73 0.542169 0.471244 0.873863 0.433099
100 0.542169 0.471244 0.873863 0.433099
110 0.0508649 0.879695 0.10173 0.24061
110 0.0748844 0.921655 0.149769 0.15669
110 0.542169 0.471244 0.873863 0.433099
110 0.0752255 0.820422 0.150451 0.335681
76 0.542169 0.471244 0.873863 0.433099
50 0.542169 0.471244 0.873863 0.433099
99 0.528527 0.473885 0.840342 0.424296
73 0.542559 0.471244 0.874642 0.433099
100 0.542559 0.471244 0.874642 0.433099
110 0.0508649 0.879695 0.10173 0.24061
110 0.0748357 0.921655 0.149671 0.15669
110 0.542559 0.471244 0.874642 0.433099
110 0.0751767 0.820422 0.150353 0.334507
76 0.542559 0.471244 0.874642 0.433099
50 0.542559 0.471244 0.874642 0.433099
99 0.528527 0.473885 0.840342 0.424296
73 0.542559 0.471244 0.874642 0.433099
100 0.542559 0.471244 0.874642 0.433099
110 0.0508162 0.879695 0.101632 0.24061
110 0.0748844 0.921655 0.149769 0.15669
110 0.542559 0.471244 0.874642 0.433099
110 0.0752255 0.820422 0.150451 0.335681
76 0.542559 0.471244 0.874642 0.433099
99 0.528527 0.473885 0.840342 0.424296
73 0.542559 0.471244 0.874642 0.433099
100 0.542559 0.471244 0.874642 0.433099
110 0.0508162 0.879401 0.101632 0.241197
110 0.0748844 0.921948 0.149769 0.156103
110 0.542559 0.471244 0.874642 0.433099
110 0.0752255 0.819249 0.150451 0.335681
76 0.542559 0.471244 0.874642 0.433099
99 0.528527 0.473885 0.840342 0.424296
73 0.542559 0.471244 0.874642 0.433099
100 0.542559 0.471244 0.874642 0.433099
110 0.0507674 0.879695 0.101535 0.24061
110 0.0749331 0.921655 0.149866 0.15669
110 0.542559 0.471244 0.874642 0.433099
110 0.0752255 0.819249 0.150451 0.338028
76 0.542559 0.471244 0.874642 0.433099
99 0.528527 0.473885 0.840342 0.424296
73 0.542559 0.471244 0.874642 0.433099
100 0.542559 0.471244 0.874642 0.433099
110 0.0507187 0.879695 0.101437 0.24061
110 0.0749331 0.921655 0.149866 0.15669
110 0.0752255 0.818075 0.150451 0.339202
110 0.542559 0.471244 0.874642 0.433099
99 0.528527 0.473885 0.840342 0.424296
73 0.542559 0.471244 0.874642 0.433099
100 0.542559 0.471244 0.874642 0.433099
110 0.05067 0.879695 0.10134 0.24061
110 0.0749331 0.921655 0.149866 0.15669
110 0.0752255 0.818075 0.150451 0.340376
110 0.542559 0.471244 0.874642 0.433099
99 0.528527 0.474105 0.841901 0.423856
73 0.542169 0.471244 0.873863 0.433099
100 0.542169 0.471244 0.873863 0.433099
110 0.05067 0.879108 0.10134 0.241784
110 0.0748844 0.921655 0.149769 0.15669
110 0.0752255 0.816901 0.150451 0.340376
110 0.542169 0.471244 0.873863 0.433099
99 0.528527 0.473885 0.841901 0.424296
73 0.542169 0.471244 0.873863 0.433099
100 0.542169 0.471244 0.873863 0.433099
110 0.0507674 0.879108 0.101535 0.241784
110 0.0748844 0.921655 0.149769 0.15669
110 0.0752255 0.816901 0.150451 0.340376
110 0.542169 0.471244 0.873863 0.433099
99 0.528527 0.474252 0.841901 0.424736
73 0.542169 0.471244 0.873863 0.433099
100 0.542169 0.471244 0.873863 0.433099
110 0.05067 0.879108 0.10134 0.241784
110 0.0749331 0.921948 0.149866 0.156103
110 0.0753229 0.816901 0.150646 0.342723
110 0.542169 0.471244 0.873863 0.433099
99 0.528527 0.474472 0.840342 0.424296
73 0.542169 0.471244 0.873863 0.433099
100 0.542169 0.471244 0.873863 0.433099
110 0.0506213 0.879108 0.101243 0.241784
110 0.0749331 0.921948 0.149866 0.156103
110 0.0752742 0.816901 0.150548 0.342723
110 0.542169 0.471244 0.873863 0.433099
99 0.528527 0.474252 0.840342 0.424736
73 0.542169 0.471244 0.873863 0.433099
100 0.542169 0.471244 0.873863 0.433099
110 0.0506213 0.879108 0.101243 0.241784
110 0.0752255 0.816901 0.150451 0.342723
110 0.0748357 0.921948 0.149671 0.156103
99 0.528527 0.474105 0.840342 0.423856
73 0.542169 0.471171 0.873863 0.433245
100 0.542169 0.471171 0.873863 0.433245
110 0.0505725 0.878815 0.101145 0.242371
110 0.0752255 0.816901 0.150451 0.342723
110 0.0748844 0.921948 0.149769 0.156103
99 0.528527 0.474252 0.840342 0.424736
73 0.542169 0.471171 0.873863 0.433245
100 0.542169 0.471171 0.873863 0.433245
110 0.0505725 0.878521 0.101145 0.242958
110 0.0752255 0.816901 0.150451 0.342723
110 0.0748844 0.921948 0.149769 0.156103
110 0.0502802 0.923709 0.10056 0.152582
99 0.528527 0.474178 0.840342 0.424883
73 0.542169 0.471171 0.873863 0.433245
100 0.542169 0.471171 0.873863 0.433245
110 0.0505725 0.878521 0.101145 0.242958
110 0.0752742 0.816315 0.150548 0.342723
110 0.0749331 0.922242 0.149866 0.155517
110 0.0502315 0.923709 0.100463 0.152582
99 0.528527 0.474178 0.840342 0.424883
73 0.542169 0.471171 0.873863 0.433245
100 0.542169 0.471171 0.873863 0.433245
110 0.0505238 0.879108 0.101048 0.241784
110 0.0752255 0.816901 0.150451 0.342723
110 0.0749331 0.922242 0.149866 0.155517
99 0.528527 0.474178 0.840342 0.424883
73 0.542169 0.471171 0.873863 0.433245
100 0.542169 0.471171 0.873863 0.433245
110 0.0504751 0.879108 0.10095 0.241784
110 0.0752255 0.816901 0.150451 0.342723
99 0.528137 0.474178 0.839563 0.424883
73 0.542169 0.471171 0.873863 0.433245
100 0.542169 0.471171 0.873863 0.433245
110 0.0504751 0.879108 0.10095 0.241784
110 0.0752255 0.816315 0.150451 0.342723
99 0.528137 0.474178 0.839563 0.424883
73 0.542169 0.470951 0.873863 0.433685
100 0.542169 0.470951 0.873863 0.433685
110 0.0504751 0.879108 0.10095 0.241784
110 0.0752255 0.816901 0.150451 0.341549
99 0.528137 0.474105 0.839563 0.423856
73 0.542169 0.470951 0.873863 0.433685
100 0.542169 0.470951 0.873863 0.433685
110 0.0503777 0.879108 0.100755 0.241784
110 0.0752255 0.816901 0.150451 0.341549
99 0.528137 0.474105 0.839563 0.423856
73 0.542169 0.470731 0.873863 0.432952
100 0.542169 0.470731 0.873863 0.432952
110 0.0503777 0.879108 0.100755 0.241784
110 0.0752255 0.816901 0.150451 0.342723
99 0.528527 0.474105 0.838783 0.423856
73 0.542169 0.471171 0.873863 0.433245
100 0.542169 0.471171 0.873863 0.433245
110 0.0503289 0.879401 0.100658 0.241197
110 0.075128 0.816901 0.150256 0.342723
99 0.528527 0.474178 0.838783 0.423709
73 0.542169 0.470951 0.873863 0.432512
100 0.542169 0.470951 0.873863 0.432512
110 0.0503289 0.879695 0.100658 0.24061
110 0.075128 0.816315 0.150256 0.342723
99 0.528527 0.474178 0.838783 0.423709
73 0.542559 0.470951 0.873083 0.432512
100 0.542559 0.470951 0.873083 0.432512
110 0.0502802 0.879695 0.10056 0.24061
110 0.075128 0.815728 0.150256 0.343897
99 0.528527 0.474178 0.838783 0.423709
73 0.542559 0.470951 0.873083 0.432512
100 0.542559 0.470951 0.873083 0.432512
110 0.0502802 0.879401 0.10056 0.241197
110 0.075128 0.815728 0.150256 0.34507
99 0.528527 0.474178 0.838783 0.423709
73 0.542559 0.470951 0.873083 0.432512
100 0.542559 0.470951 0.873083 0.432512
110 0.0502802 0.879695 0.10056 0.24061
110 0.075128 0.814554 0.150256 0.34507
99 0.528527 0.474178 0.838783 0.423709
73 0.542559 0.470951 0.873083 0.432512
100 0.542559 0.470951 0.873083 0.432512
110 0.0502315 0.879695 0.100463 0.24061
110 0.075128 0.814554 0.150256 0.34507
99 0.528527 0.474252 0.838783 0.423562
73 0.542948 0.470951 0.873862 0.432512
100 0.542948 0.470951 0.873862 0.432512
110 0.0502802 0.879695 0.10056 0.24061
110 0.0750793 0.814554 0.150159 0.346244
99 0.528137 0.474472 0.839563 0.423122
73 0.543338 0.470951 0.874642 0.432512
100 0.543338 0.470951 0.874642 0.432512
110 0.0501828 0.879401 0.100366 0.241197
110 0.075128 0.814554 0.150256 0.347418
99 0.528527 0.474472 0.840342 0.423122
73 0.543338 0.470951 0.874642 0.432512
100 0.543338 0.470951 0.874642 0.432512
110 0.0501828 0.879401 0.100366 0.241197
110 0.075128 0.813967 0.150256 0.347418
99 0.528527 0.474472 0.840342 0.423122
73 0.543338 0.470951 0.874642 0.432512
100 0.543338 0.470951 0.874642 0.432512
110 0.0501828 0.879695 0.100366 0.24061
110 0.075128 0.81338 0.150256 0.347418
99 0.528527 0.474252 0.840342 0.423562
73 0.543338 0.470951 0.874642 0.432512
100 0.543338 0.470951 0.874642 0.432512
110 0.0501828 0.879695 0.100366 0.24061
110 0.075128 0.814554 0.150256 0.347418
99 0.528527 0.474105 0.840342 0.422682
73 0.543338 0.470951 0.874642 0.432512
100 0.543338 0.470951 0.874642 0.432512
110 0.0501341 0.879695 0.100268 0.24061
110 0.075128 0.814554 0.150256 0.347418
99 0.528527 0.474105 0.840342 0.422682
73 0.543338 0.470951 0.874642 0.432512
100 0.543338 0.470951 0.874642 0.432512
110 0.0501828 0.879695 0.100366 0.24061
110 0.075128 0.814554 0.150256 0.347418
99 0.528527 0.474105 0.838783 0.422682
73 0.543338 0.470951 0.874642 0.432512
100 0.543338 0.470951 0.874642 0.432512
110 0.0500853 0.879695 0.100171 0.24061
110 0.075128 0.814554 0.150256 0.347418
99 0.545677 0.471758 0.873083 0.427377
73 0.543338 0.470951 0.874642 0.432512
100 0.543338 0.470951 0.874642 0.432512
110 0.0501341 0.879108 0.100268 0.241784
110 0.075128 0.814554 0.150256 0.346244
