48 0.509281 0.506912 0.971696 0.528802
53 0.504595 0.509793 0.981069 0.517281
79 0.504595 0.509793 0.981069 0.517281
49 0.493659 0.510945 0.959198 0.504608
50 0.504595 0.510369 0.979507 0.517281
54 0.504595 0.509793 0.981069 0.517281
95 0.493659 0.510945 0.959198 0.504608
68 0.509281 0.506912 0.971696 0.528802
74 0.504595 0.509793 0.981069 0.517281
111 0.509281 0.506912 0.971696 0.528802
104 0.504595 0.510369 0.979507 0.517281
56 0.493659 0.509793 0.957636 0.508065
109 0.504595 0.509793 0.981069 0.517281
75 0.509281 0.506912 0.971696 0.528802
67 0.493659 0.509793 0.957636 0.508065
97 0.493659 0.509793 0.957636 0.508065
103 0.504595 0.510369 0.979507 0.517281
46 0.504595 0.509793 0.981069 0.517281
84 0.504595 0.510369 0.979507 0.517281
101 0.504595 0.510369 0.979507 0.517281
17 0.504595 0.510369 0.979507 0.517281
77 0.504595 0.510369 0.979507 0.517281
42 0.493659 0.509793 0.957636 0.508065
73 0.504595 0.510369 0.979507 0.517281
48 0.475694 0.576613 0.945138 0.382488
100 0.493659 0.510945 0.959198 0.504608
81 0.504595 0.509793 0.981069 0.517281
76 0.504595 0.509793 0.981069 0.517281
110 0.504595 0.510369 0.979507 0.517281
66 0.509281 0.506912 0.971696 0.528802
105 0.504595 0.510369 0.979507 0.517281
33 0.504595 0.510369 0.979507 0.517281
41 0.504595 0.509793 0.981069 0.517281
53 0.475694 0.576613 0.945138 0.382488
50 0.475694 0.576613 0.945138 0.382488
79 0.475694 0.576613 0.945138 0.382488
47 0.506938 0.503456 0.967009 0.523041
102 0.509281 0.506912 0.971696 0.528802
31 0.504595 0.509793 0.981069 0.517281
54 0.476084 0.580645 0.919362 0.367512
38 0.504595 0.510369 0.979507 0.517281
109 0.475694 0.576613 0.945138 0.382488
80 0.504595 0.510369 0.979507 0.517281
51 0.504595 0.510369 0.979507 0.517281
99 0.505376 0.517281 0.977945 0.493088
108 0.504595 0.510369 0.979507 0.517281
75 0.475694 0.576613 0.945138 0.382488
15 0.504595 0.509793 0.981069 0.517281
16 0.504595 0.509793 0.981069 0.517281
14 0.493659 0.510945 0.959198 0.504608
78 0.509281 0.506912 0.971696 0.528802
12 0.493659 0.510945 0.959198 0.504608
0 0.493659 0.509793 0.957636 0.508065
7 0.493659 0.510945 0.959198 0.504608
94 0.493659 0.509793 0.957636 0.508065
11 0.493659 0.509793 0.957636 0.508065
34 0.504595 0.510369 0.979507 0.517281
5 0.504595 0.510369 0.979507 0.517281
52 0.506157 0.49604 0.977945 0.549395
104 0.475694 0.576613 0.945138 0.382488
17 0.475694 0.576613 0.945138 0.382488
28 0.504595 0.510369 0.979507 0.517281
46 0.476084 0.580645 0.919362 0.367512
101 0.476084 0.580645 0.919362 0.367512
74 0.475694 0.576613 0.945138 0.382488
84 0.475694 0.576613 0.945138 0.382488
21 0.504595 0.509793 0.981069 0.517281
105 0.475694 0.576613 0.945138 0.382488
38 0.475694 0.576613 0.945138 0.382488
47 0.475694 0.576613 0.945138 0.382488
77 0.475694 0.576613 0.945138 0.382488
67 0.476084 0.580645 0.919362 0.367512
111 0.476084 0.580645 0.919362 0.367512
53 0.411643 0.617512 0.809226 0.3053
67 0.411643 0.617512 0.809226 0.3053
54 0.411643 0.617512 0.809226 0.3053
81 0.476084 0.580645 0.919362 0.367512
68 0.476084 0.580645 0.919362 0.367512
103 0.475694 0.576613 0.945138 0.382488
97 0.476084 0.580645 0.919362 0.367512
26 0.493659 0.510945 0.959198 0.504608
65 0.493659 0.510945 0.959198 0.504608
101 0.411643 0.617512 0.809226 0.3053
42 0.411643 0.617512 0.809226 0.3053
88 0.506157 0.49604 0.977945 0.549395
110 0.475694 0.576613 0.945138 0.382488
76 0.475694 0.576613 0.945138 0.382488
49 0.476084 0.580645 0.919362 0.367512
92 0.493659 0.509793 0.957636 0.508065
42 0.476084 0.580645 0.919362 0.367512
15 0.475694 0.576613 0.945138 0.382488
13 0.495612 0.521889 0.955293 0.489631
48 0.411643 0.617512 0.809226 0.3053
64 0.506938 0.503456 0.967009 0.523041
50 0.411643 0.617512 0.809226 0.3053
56 0.476084 0.580645 0.919362 0.367512
48 0.503032 0.508929 0.993567 0.523618
111 0.509281 0.472998 0.977945 0.577045
46 0.503032 0.508929 0.993567 0.523618
101 0.503032 0.508929 0.993567 0.523618
50 0.503032 0.508929 0.993567 0.523618
75 0.509281 0.472998 0.977945 0.577045
109 0.502734 0.49712 0.994532 0.535714
56 0.509281 0.472998 0.977945 0.577045
67 0.503032 0.508929 0.993567 0.523618
99 0.509281 0.472998 0.977945 0.577045
95 0.502734 0.49712 0.994532 0.535714
103 0.502734 0.49712 0.994532 0.535714
110 0.503032 0.508929 0.993567 0.523618
54 0.502734 0.49712 0.994532 0.535714
52 0.503032 0.508929 0.993567 0.523618
68 0.503032 0.508929 0.993567 0.523618
53 0.503032 0.508929 0.993567 0.523618
84 0.509281 0.472998 0.977945 0.577045
47 0.503032 0.508929 0.993567 0.523618
102 0.502734 0.49712 0.994532 0.535714
77 0.502734 0.49712 0.994532 0.535714
104 0.502734 0.49712 0.994532 0.535714
80 0.502734 0.49712 0.994532 0.535714
81 0.502734 0.49712 0.994532 0.535714
66 0.502734 0.49712 0.994532 0.535714
73 0.502734 0.49712 0.994532 0.535714
100 0.503032 0.508929 0.993567 0.523618
105 0.502734 0.49712 0.994532 0.535714
49 0.502734 0.49712 0.994532 0.535714
108 0.502734 0.49712 0.994532 0.535714
76 0.509281 0.472998 0.977945 0.577045
48 0.33197 0.52765 0.638945 0.502304
41 0.509281 0.472998 0.977945 0.577045
97 0.503032 0.508929 0.993567 0.523618
42 0.502734 0.49712 0.994532 0.535714
51 0.504985 0.47055 0.984975 0.584245
79 0.502734 0.49712 0.994532 0.535714
17 0.502734 0.49712 0.994532 0.535714
48 0.492878 0.889977 0.985756 0.220046
78 0.502734 0.49712 0.994532 0.535714
50 0.55771 0.416475 0.884212 0.695853
74 0.502734 0.49712 0.994532 0.535714
50 0.492878 0.889977 0.985756 0.220046
111 0.504594 0.888825 0.984194 0.22235
111 0.33197 0.52765 0.638945 0.502304
68 0.487801 0.902074 0.961541 0.195853
46 0.492878 0.889977 0.985756 0.220046
48 0.55771 0.416475 0.884212 0.695853
48 0.688154 0.463134 0.610825 0.586406
53 0.33197 0.52765 0.638945 0.502304
109 0.33197 0.52765 0.638945 0.502304
48 0.288619 0.610455 0.554585 0.322869
101 0.487801 0.902074 0.961541 0.195853
46 0.33197 0.52765 0.638945 0.502304
47 0.33197 0.52765 0.638945 0.502304
50 0.33197 0.52765 0.638945 0.502304
100 0.55771 0.416475 0.884212 0.695853
49 0.482333 0.898041 0.964666 0.203917
33 0.502734 0.49712 0.994532 0.535714
99 0.462415 0.539747 0.89671 0.450461
38 0.523341 0.470046 0.952949 0.589862
102 0.478037 0.903226 0.956074 0.193548
67 0.33197 0.52765 0.638945 0.502304
95 0.33197 0.52765 0.638945 0.502304
68 0.33197 0.52765 0.638945 0.502304
50 0.418673 0.914171 0.837346 0.171659
103 0.33197 0.52765 0.638945 0.502304
68 0.55771 0.416475 0.884212 0.695853
99 0.492878 0.889977 0.985756 0.220046
67 0.456947 0.90841 0.91077 0.18318
48 0.175163 0.610023 0.333532 0.326037
76 0.492878 0.889977 0.985756 0.220046
109 0.504594 0.888825 0.984194 0.22235
53 0.497565 0.483799 0.985756 0.572725
95 0.499908 0.491071 0.990442 0.552419
56 0.497565 0.483799 0.985756 0.572725
52 0.497565 0.483799 0.985756 0.572725
68 0.497565 0.491864 0.982631 0.556596
48 0.497565 0.483799 0.985756 0.572725
84 0.497565 0.483799 0.985756 0.572725
79 0.499908 0.491071 0.990442 0.552419
108 0.499908 0.491071 0.990442 0.552419
101 0.499517 0.505184 0.991224 0.532258
81 0.497565 0.483799 0.985756 0.572725
78 0.499127 0.417051 0.982631 0.672811
104 0.497565 0.483799 0.985756 0.572725
95 0.496002 0.432028 0.976382 0.864055
110 0.497565 0.491864 0.982631 0.556596
80 0.499908 0.491071 0.990442 0.552419
67 0.499517 0.505184 0.991224 0.532258
74 0.497565 0.483799 0.985756 0.572725
56 0.496002 0.432028 0.976382 0.864055
111 0.497565 0.483799 0.985756 0.572725
105 0.497565 0.483799 0.985756 0.572725
53 0.496002 0.432028 0.976382 0.864055
75 0.497565 0.483799 0.985756 0.572725
109 0.497565 0.491864 0.982631 0.556596
108 0.496002 0.432028 0.976382 0.864055
54 0.497565 0.483799 0.985756 0.572725
77 0.497565 0.491864 0.982631 0.556596
52 0.496002 0.432028 0.976382 0.864055
84 0.496002 0.432028 0.976382 0.864055
68 0.499908 0.714286 0.990442 0.571429
17 0.499908 0.491071 0.990442 0.552419
48 0.502251 0.716014 0.979507 0.567972
102 0.497565 0.491864 0.982631 0.556596
48 0.496002 0.432028 0.976382 0.864055
81 0.496002 0.432028 0.976382 0.864055
53 0.499908 0.714286 0.990442 0.571429
68 0.496002 0.432028 0.976382 0.864055
68 0.499908 0.587414 0.97482 0.431164
76 0.497565 0.483799 0.985756 0.572725
79 0.496002 0.432028 0.976382 0.864055
46 0.497565 0.483799 0.985756 0.572725
104 0.496002 0.432028 0.976382 0.864055
66 0.499908 0.491071 0.990442 0.552419
105 0.496002 0.432028 0.976382 0.864055
51 0.497565 0.483799 0.985756 0.572725
49 0.497565 0.491864 0.982631 0.556596
47 0.497565 0.483799 0.985756 0.572725
80 0.496002 0.432028 0.976382 0.864055
97 0.497565 0.483799 0.985756 0.572725
74 0.496002 0.432028 0.976382 0.864055
99 0.497565 0.491864 0.982631 0.556596
103 0.499908 0.491071 0.990442 0.552419
111 0.496002 0.432028 0.976382 0.864055
50 0.499517 0.505184 0.991224 0.532258
101 0.496002 0.432028 0.976382 0.864055
101 0.502251 0.716014 0.979507 0.567972
75 0.496002 0.432028 0.976382 0.864055
53 0.499908 0.587414 0.97482 0.431164
100 0.497565 0.491864 0.982631 0.556596
54 0.496002 0.432028 0.976382 0.864055
78 0.498736 0.525346 0.992786 0.558756
73 0.497565 0.483799 0.985756 0.572725
33 0.499908 0.491071 0.990442 0.552419
95 0.485067 0.706077 0.957636 0.587846
101 0.499908 0.587414 0.97482 0.431164
109 0.496002 0.432028 0.976382 0.864055
84 0.499908 0.714286 0.990442 0.571429
52 0.499908 0.714286 0.990442 0.571429
67 0.499908 0.714286 0.990442 0.571429
111 0.499908 0.714286 0.990442 0.571429
67 0.496002 0.432028 0.976382 0.864055
110 0.497565 0.440668 0.985756 0.881336
109 0.499908 0.714286 0.990442 0.571429
41 0.497565 0.483799 0.985756 0.572725
102 0.499908 0.587414 0.97482 0.431164
66 0.496002 0.432028 0.976382 0.864055
102 0.499517 0.75288 0.991224 0.49424
50 0.502251 0.716014 0.979507 0.567972
95 0.499908 0.587414 0.97482 0.431164
77 0.499908 0.714286 0.990442 0.571429
17 0.496002 0.432028 0.976382 0.864055
48 0.499908 0.587414 0.97482 0.431164
110 0.499908 0.714286 0.990442 0.571429
56 0.499908 0.714286 0.990442 0.571429
67 0.499908 0.587414 0.97482 0.431164
46 0.502251 0.716014 0.979507 0.567972
68 0.499908 0.862327 0.970134 0.275346
73 0.496002 0.432028 0.976382 0.864055
51 0.497565 0.440668 0.985756 0.881336
52 0.499908 0.587414 0.97482 0.431164
95 0.485067 0.783986 0.957636 0.432028
49 0.502251 0.716014 0.979507 0.567972
100 0.502251 0.716014 0.979507 0.567972
33 0.496002 0.432028 0.976382 0.864055
76 0.496002 0.432028 0.976382 0.864055
77 0.496002 0.432028 0.976382 0.864055
46 0.497565 0.440668 0.985756 0.881336
80 0.499908 0.714286 0.990442 0.571429
78 0.485848 0.275058 0.965447 0.550115
110 0.499908 0.587414 0.97482 0.431164
99 0.499908 0.714286 0.990442 0.571429
73 0.502251 0.716014 0.979507 0.567972
78 0.498346 0.653226 0.990442 0.550691
95 0.493659 0.508353 0.962323 0.531682
68 0.503813 0.502304 0.967009 0.538018
53 0.506547 0.503456 0.959979 0.534562
56 0.503813 0.510657 0.977945 0.514401
84 0.503813 0.510657 0.977945 0.514401
67 0.503813 0.502304 0.967009 0.538018
104 0.493659 0.508353 0.962323 0.531682
103 0.503813 0.510657 0.977945 0.514401
52 0.502642 0.472062 0.980288 0.593894
105 0.493659 0.508353 0.962323 0.531682
74 0.503813 0.519009 0.973258 0.511521
97 0.503813 0.510657 0.977945 0.514401
109 0.503813 0.510657 0.977945 0.514401
111 0.503813 0.502304 0.967009 0.538018
77 0.503813 0.502304 0.967009 0.538018
80 0.504985 0.505472 0.961541 0.540899
68 0.49444 0.606567 0.98888 0.320277
110 0.503813 0.502304 0.967009 0.538018
101 0.503813 0.502304 0.967009 0.538018
81 0.503813 0.510657 0.977945 0.514401
95 0.506249 0.597926 0.987502 0.359447
108 0.493659 0.508353 0.962323 0.531682
79 0.493659 0.508353 0.962323 0.531682
54 0.504985 0.505472 0.961541 0.540899
47 0.502642 0.472062 0.980288 0.593894
42 0.504985 0.505472 0.961541 0.540899
17 0.493659 0.508353 0.962323 0.531682
48 0.502642 0.472062 0.980288 0.593894
102 0.503813 0.502304 0.967009 0.538018
66 0.493659 0.508353 0.962323 0.531682
41 0.503813 0.519009 0.973258 0.511521
76 0.504985 0.505472 0.961541 0.540899
68 0.503032 0.650346 0.971696 0.218894
78 0.493659 0.508353 0.962323 0.531682
73 0.504985 0.505472 0.961541 0.540899
84 0.506249 0.597926 0.987502 0.359447
102 0.49444 0.606567 0.98888 0.320277
67 0.49444 0.606567 0.98888 0.320277
53 0.506249 0.597926 0.987502 0.359447
56 0.506249 0.597926 0.987502 0.359447
46 0.503813 0.483799 0.973258 0.583093
100 0.504985 0.505472 0.961541 0.540899
75 0.504985 0.505472 0.961541 0.540899
50 0.503813 0.483799 0.973258 0.583093
101 0.49444 0.606567 0.98888 0.320277
99 0.503813 0.510657 0.977945 0.514401
104 0.506249 0.597926 0.987502 0.359447
77 0.49444 0.606567 0.98888 0.320277
33 0.504985 0.505472 0.961541 0.540899
49 0.503813 0.483799 0.973258 0.583093
105 0.506249 0.597926 0.987502 0.359447
110 0.49444 0.606567 0.98888 0.320277
111 0.506249 0.597926 0.987502 0.359447
68 0.505766 0.894009 0.983412 0.211982
102 0.503032 0.650346 0.971696 0.218894
52 0.49405 0.571285 0.964666 0.41273
109 0.49444 0.606567 0.98888 0.320277
103 0.506249 0.597926 0.987502 0.359447
68 0.492878 0.682028 0.985756 0.152074
47 0.49405 0.571285 0.964666 0.41273
6 0.503813 0.519009 0.973258 0.511521
56 0.5085 0.49856 0.970134 0.547811
53 0.504594 0.475806 0.984194 0.596774
108 0.5085 0.49856 0.970134 0.547811
48 0.514749 0.471198 0.963885 0.603687
80 0.5085 0.474654 0.976382 0.592166
104 0.5085 0.49856 0.970134 0.547811
54 0.504594 0.475806 0.984194 0.596774
79 0.5085 0.49856 0.970134 0.547811
52 0.504594 0.475806 0.984194 0.596774
111 0.504594 0.475806 0.984194 0.596774
84 0.504594 0.475806 0.984194 0.596774
95 0.5085 0.49856 0.970134 0.547811
105 0.506938 0.47523 0.970134 0.591014
49 0.514749 0.471198 0.963885 0.603687
103 0.5085 0.49856 0.970134 0.547811
78 0.5085 0.49856 0.970134 0.547811
47 0.514749 0.471198 0.963885 0.603687
81 0.5085 0.49856 0.970134 0.547811
97 0.514749 0.471198 0.963885 0.603687
51 0.514749 0.471198 0.963885 0.603687
41 0.512406 0.459389 0.965447 0.592742
33 0.5085 0.49856 0.970134 0.547811
42 0.512406 0.459389 0.965447 0.592742
67 0.504594 0.475806 0.984194 0.596774
68 0.506157 0.500576 0.968571 0.52765
17 0.5085 0.49856 0.970134 0.547811
73 0.514749 0.471198 0.963885 0.603687
76 0.514749 0.471198 0.963885 0.603687
46 0.514749 0.471198 0.963885 0.603687
100 0.514749 0.471198 0.963885 0.603687
66 0.5085 0.49856 0.970134 0.547811
75 0.512406 0.459389 0.965447 0.592742
50 0.514749 0.471198 0.963885 0.603687
99 0.514749 0.471198 0.963885 0.603687
110 0.5085 0.474654 0.976382 0.592166
74 0.5085 0.474654 0.976382 0.592166
101 0.504594 0.475806 0.984194 0.596774
16 0.512406 0.459389 0.965447 0.592742
109 0.5085 0.474654 0.976382 0.592166
53 0.50147 0.470622 0.977945 0.597926
52 0.502642 0.472998 0.978726 0.588566
80 0.50147 0.46947 0.977945 0.591014
84 0.50147 0.470622 0.977945 0.597926
54 0.492878 0.5072 0.970134 0.529378
105 0.499908 0.475806 0.984194 0.592166
103 0.501079 0.476094 0.980288 0.59735
48 0.488582 0.503168 0.969353 0.533986
42 0.495221 0.476671 0.965447 0.574309
56 0.501079 0.476094 0.980288 0.59735
53 0.388112 0.49424 0.743808 0.544931
95 0.501079 0.476094 0.980288 0.59735
111 0.496783 0.472926 0.987318 0.599078
68 0.501079 0.476094 0.980288 0.59735
67 0.501079 0.476094 0.980288 0.59735
81 0.499908 0.475806 0.984194 0.592166
47 0.50147 0.470622 0.977945 0.597926
97 0.496783 0.472926 0.987318 0.599078
50 0.502642 0.472998 0.978726 0.588566
108 0.50147 0.46947 0.977945 0.591014
80 0.388112 0.49424 0.743808 0.544931
78 0.502642 0.472998 0.978726 0.588566
50 0.498736 0.0030602 0.977164 0.00612039
52 0.332751 0.446429 0.642069 0.685484
49 0.498736 0.0030602 0.977164 0.00612039
42 0.332751 0.446429 0.642069 0.685484
49 0.496783 0.472926 0.987318 0.599078
99 0.501079 0.476094 0.980288 0.59735
101 0.501079 0.476094 0.980288 0.59735
48 0.498736 0.0030602 0.977164 0.00612039
73 0.50147 0.470622 0.977945 0.597926
51 0.496783 0.472926 0.987318 0.599078
47 0.498736 0.0030602 0.977164 0.00612039
53 0.332751 0.446429 0.642069 0.685484
99 0.498736 0.0030602 0.977164 0.00612039
80 0.332751 0.446429 0.642069 0.685484
52 0.506547 0.482143 0.977164 0.586406
53 0.502642 0.479767 0.98185 0.550835
54 0.506547 0.482143 0.977164 0.586406
48 0.499908 0.463998 0.98888 0.576613
84 0.506157 0.468246 0.971696 0.565812
52 0.292524 0.497984 0.558491 0.531682
111 0.499908 0.463998 0.98888 0.576613
54 0.292524 0.497984 0.558491 0.531682
42 0.506547 0.482143 0.977164 0.586406
67 0.505376 0.467454 0.967009 0.583525
80 0.506547 0.482143 0.977164 0.586406
68 0.505376 0.467454 0.967009 0.583525
47 0.51553 0.466878 0.954512 0.582373
53 0.273778 0.506912 0.531933 0.506912
103 0.505376 0.467454 0.967009 0.583525
52 0.492878 0.510657 0.963885 0.515553
54 0.500689 0.470622 0.971696 0.602535
53 0.498346 0.493592 0.97482 0.555444
84 0.49444 0.488191 0.979507 0.572005
42 0.500689 0.489343 0.970134 0.5697
52 0.300335 0.50144 0.591297 0.554724
80 0.500689 0.470622 0.971696 0.602535
53 0.501079 0.471486 0.959979 0.598502
54 0.50147 0.47091 0.959198 0.606567
52 0.501079 0.471486 0.959979 0.598502
80 0.501079 0.471486 0.959979 0.598502
42 0.50147 0.47091 0.959198 0.606567
84 0.501079 0.471486 0.959979 0.598502
54 0.373369 0.510945 0.732677 0.526498
108 0.490925 0.470622 0.98185 0.607143
53 0.5085 0.47235 0.979507 0.589862
52 0.5085 0.47235 0.979507 0.589862
54 0.5085 0.47235 0.979507 0.589862
80 0.507719 0.471198 0.984194 0.599078
84 0.500689 0.469758 0.98888 0.599654
48 0.50147 0.46515 0.984194 0.608871
42 0.507719 0.471198 0.984194 0.599078
47 0.50147 0.46515 0.984194 0.608871
52 0.505376 0.471774 0.984194 0.593318
54 0.506157 0.478039 0.981069 0.578485
53 0.505376 0.471774 0.984194 0.593318
80 0.505766 0.474942 0.983412 0.577765
42 0.505766 0.474942 0.983412 0.577765
84 0.504595 0.472422 0.981069 0.585109
48 0.505376 0.471774 0.984194 0.593318
53 0.488191 0.504896 0.971696 0.535138
52 0.499908 0.478615 0.993567 0.577333
80 0.513968 0.467742 0.968571 0.593318
53 0.0700066 0.528226 0.124001 0.480415
54 0.513968 0.467742 0.968571 0.593318
52 0.0700066 0.528226 0.124001 0.480415
84 0.498346 0.474942 0.993567 0.580069
52 0.496002 0.499928 0.957636 0.545075
53 0.504595 0.480703 0.981069 0.572005
84 0.503813 0.473502 0.973258 0.579493
54 0.503813 0.473502 0.973258 0.579493
68 0.503032 0.481855 0.982631 0.568548
52 0.503813 0.479767 0.973258 0.588854
53 0.503813 0.479767 0.973258 0.588854
54 0.505376 0.47235 0.973258 0.595622
84 0.495221 0.475518 0.987318 0.595046
84 0.494831 0.470046 0.988099 0.596774
52 0.494831 0.470046 0.988099 0.596774
54 0.503813 0.468894 0.963885 0.599078
53 0.498346 0.483007 0.977945 0.582373
80 0.49405 0.469758 0.986537 0.608871
52 0.747128 0.434908 0.48038 0.517281
53 0.503032 0.468894 0.984194 0.591014
52 0.501861 0.47235 0.988099 0.592166
84 0.499908 0.474654 0.981069 0.59447
54 0.499908 0.474654 0.981069 0.59447
80 0.499908 0.474654 0.981069 0.59447
68 0.503032 0.468894 0.984194 0.591014
2 0.503032 0.468894 0.984194 0.591014
48 0.499908 0.474654 0.981069 0.59447
67 0.503032 0.468894 0.984194 0.591014
103 0.499908 0.474654 0.981069 0.59447
52 0.503813 0.464286 0.963885 0.601382
84 0.503813 0.464286 0.963885 0.601382
53 0.492878 0.476094 0.96076 0.575461
80 0.503813 0.464286 0.963885 0.601382
54 0.498346 0.464286 0.97482 0.596774
48 0.504204 0.467454 0.966228 0.59735
105 0.504204 0.467454 0.966228 0.59735
103 0.504204 0.467454 0.966228 0.59735
68 0.492097 0.484375 0.963885 0.5589
56 0.504204 0.467454 0.966228 0.59735
95 0.504204 0.467454 0.966228 0.59735
52 0.503813 0.467742 0.98888 0.595622
53 0.504204 0.484519 0.96779 0.560916
54 0.503813 0.467742 0.98888 0.595622
80 0.503813 0.467742 0.98888 0.595622
84 0.503813 0.467742 0.98888 0.595622
53 0.496783 0.470622 0.962323 0.596774
52 0.496783 0.470622 0.962323 0.596774
54 0.507719 0.474006 0.968571 0.587702
84 0.499127 0.472062 0.98888 0.598502
2 0.506157 0.47091 0.977945 0.604263
52 0.499908 0.466662 0.984194 0.583957
53 0.499908 0.468606 0.984194 0.582373
84 0.498346 0.469974 0.981069 0.584245
54 0.506938 0.46659 0.968571 0.587558
80 0.498346 0.469974 0.981069 0.584245
2 0.504204 0.466662 0.96779 0.589718
52 0.503813 0.468318 0.985756 0.601382
53 0.503813 0.468318 0.985756 0.601382
84 0.500689 0.472854 0.982631 0.587702
54 0.502642 0.479551 0.98185 0.561636
80 0.507719 0.472062 0.970134 0.582373
2 0.503813 0.468318 0.985756 0.601382
53 0.503813 0.471198 0.98888 0.596774
52 0.503813 0.471198 0.98888 0.596774
84 0.506157 0.471198 0.981069 0.592166
80 0.506157 0.471198 0.981069 0.592166
54 0.511624 0.469758 0.970134 0.59735
52 0.490535 0.486247 0.971696 0.566676
53 0.490925 0.488767 0.970915 0.568548
54 0.498346 0.471198 0.984194 0.605991
84 0.499127 0.47235 0.98888 0.59447
80 0.505376 0.470334 0.973258 0.610023
2 0.490925 0.488767 0.970915 0.568548
53 0.495221 0.484519 0.959198 0.56322
52 0.502251 0.471198 0.976382 0.586406
48 0.502251 0.471198 0.976382 0.586406
80 0.502251 0.471198 0.976382 0.586406
54 0.502251 0.471198 0.976382 0.586406
84 0.502251 0.471198 0.976382 0.586406
77 0.375321 0.890553 0.691279 0.218894
67 0.503423 0.477535 0.977164 0.570276
108 0.502251 0.471198 0.976382 0.586406
77 0.450698 0.896601 0.484286 0.206797
2 0.495612 0.482071 0.955293 0.56466
68 0.503423 0.477535 0.977164 0.570276
52 0.503813 0.461982 0.965447 0.602535
53 0.502251 0.469758 0.967009 0.586982
84 0.496002 0.470694 0.982631 0.588566
48 0.496002 0.470694 0.982631 0.588566
108 0.502251 0.469758 0.967009 0.586982
67 0.496002 0.470694 0.982631 0.588566
80 0.496002 0.470694 0.982631 0.588566
52 0.506547 0.468894 0.964666 0.595622
53 0.498346 0.479839 0.973258 0.577189
52 0.505766 0.475806 0.969353 0.58871
53 0.505766 0.472638 0.969353 0.588134
54 0.505766 0.475806 0.969353 0.58871
48 0.505766 0.472638 0.969353 0.588134
80 0.505766 0.472638 0.969353 0.588134
52 0.501079 0.471774 0.983412 0.595622
53 0.5085 0.476382 0.976382 0.585253
84 0.5085 0.472062 0.963885 0.599654
80 0.499517 0.471198 0.984975 0.592166
48 0.510843 0.47235 0.968571 0.587558
54 0.501079 0.471774 0.983412 0.595622
108 0.510843 0.47235 0.968571 0.587558
52 0.509281 0.473502 0.971696 0.585253
53 0.49444 0.487903 0.967009 0.563364
84 0.510062 0.472638 0.973258 0.588134
54 0.501079 0.476094 0.989661 0.582373
2 0.49444 0.487903 0.967009 0.563364
53 0.498346 0.468894 0.990442 0.596774
52 0.485848 0.475518 0.971696 0.586982
67 0.485848 0.475518 0.971696 0.586982
52 0.502642 0.474006 0.959979 0.580789
53 0.489363 0.498344 0.974039 0.542483
84 0.496783 0.469182 0.981069 0.595046
67 0.495221 0.479191 0.977945 0.577333
48 0.495221 0.479191 0.977945 0.577333
52 0.506938 0.47379 0.963885 0.582373
53 0.501861 0.480415 0.970915 0.574885
84 0.506157 0.474366 0.970134 0.583525
67 0.501861 0.480415 0.970915 0.574885
80 0.505376 0.476455 0.962323 0.581653
48 0.505376 0.476455 0.962323 0.581653
11 0.686202 0.278298 0.333532 0.176123
11 0.661206 0.318476 0.389772 0.243232
52 0.499127 0.467166 0.985756 0.595622
53 0.500689 0.478111 0.973258 0.573733
84 0.506547 0.471774 0.959979 0.587558
54 0.499127 0.467166 0.985756 0.595622
80 0.506547 0.471774 0.959979 0.587558
52 0.509281 0.472062 0.962323 0.586982
53 0.505376 0.479335 0.970134 0.577045
84 0.510062 0.472926 0.970134 0.584101
54 0.510062 0.472926 0.970134 0.584101
2 0.505376 0.479335 0.970134 0.577045
53 0.503032 0.480415 0.971696 0.569124
52 0.494831 0.470046 0.986537 0.589862
84 0.506157 0.47235 0.965447 0.577189
67 0.503032 0.480415 0.971696 0.569124
2 0.505376 0.469542 0.962323 0.586262
52 0.5085 0.47379 0.971696 0.575461
53 0.503813 0.483583 0.982631 0.5697
84 0.507719 0.472926 0.97482 0.579493
52 0.503813 0.467742 0.965447 0.592166
53 0.502642 0.476382 0.972477 0.572581
52 0.505376 0.466302 0.962323 0.592742
53 0.505376 0.465726 0.96076 0.59159
84 0.49444 0.46659 0.987318 0.596774
52 0.507328 0.466662 0.969353 0.589718
53 0.508109 0.46371 0.964666 0.585253
54 0.507328 0.466662 0.969353 0.589718
84 0.508109 0.46371 0.964666 0.585253
52 0.495221 0.469182 0.987318 0.590438
53 0.506157 0.465726 0.962323 0.589286
52 0.500298 0.468318 0.984975 0.595622
53 0.503813 0.476455 0.977945 0.574741
84 0.507719 0.46371 0.968571 0.601383
54 0.507719 0.46371 0.968571 0.601383
52 0.507719 0.466086 0.968571 0.589718
53 0.502642 0.474654 0.980288 0.578341
84 0.507719 0.461406 0.970134 0.601382
52 0.504595 0.46659 0.968571 0.591014
53 0.498346 0.473574 0.984194 0.580501
84 0.505376 0.462846 0.971696 0.599654
52 0.504204 0.463134 0.972477 0.596774
53 0.500689 0.472926 0.982631 0.584101
84 0.500298 0.466014 0.986537 0.592166
52 0.505376 0.466302 0.97482 0.59159
53 0.492097 0.481639 0.973258 0.570132
52 0.506547 0.46659 0.96779 0.592166
53 0.50147 0.475806 0.982631 0.579493
84 0.506157 0.46659 0.968571 0.589862
52 0.506157 0.470046 0.973258 0.587558
53 0.504985 0.479551 0.983412 0.573157
84 0.504985 0.479551 0.983412 0.573157
52 0.505376 0.469182 0.967009 0.583525
53 0.50147 0.479263 0.981069 0.56682
84 0.50147 0.479263 0.981069 0.56682
80 0.498736 0.50396 0.983412 0.52549
52 0.507719 0.471774 0.970134 0.579493
53 0.503813 0.481567 0.985756 0.562212
84 0.506938 0.46947 0.970134 0.581797
14 1 0.245536 0 0.491071
19 1 0.245536 0 0.491071
52 0.503813 0.468606 0.963885 0.585829
53 0.499908 0.476959 0.97482 0.571429
84 0.499908 0.476959 0.97482 0.571429
52 0.505766 0.470622 0.966228 0.584101
53 0.50147 0.478687 0.981069 0.572581
84 0.50147 0.478687 0.981069 0.572581
67 0.50147 0.478687 0.981069 0.572581
52 0.50147 0.469758 0.965447 0.583525
53 0.491316 0.491647 0.973258 0.544355
84 0.501079 0.467742 0.966228 0.582949
2 0.493268 0.507488 0.975601 0.516129
52 0.503813 0.471702 0.965447 0.581941
53 0.490535 0.494888 0.97482 0.540178
84 0.504204 0.471126 0.969353 0.587702
2 0.497955 0.477463 0.98185 0.573877
52 0.502251 0.469542 0.96076 0.588566
53 0.496393 0.50576 0.983412 0.517281
2 0.496393 0.50576 0.983412 0.517281
84 0.503032 0.46947 0.962323 0.593318
52 0.502251 0.46767 0.959198 0.588854
53 0.49444 0.484447 0.967009 0.558756
2 0.496783 0.50576 0.982631 0.514977
67 0.499127 0.47631 0.970134 0.577333
84 0.50147 0.46659 0.959198 0.589862
52 0.504594 0.467742 0.962323 0.58871
53 0.495221 0.506336 0.981069 0.518433
2 0.495221 0.506336 0.981069 0.518433
52 0.506547 0.470622 0.96779 0.581797
53 0.495221 0.50144 0.981069 0.531682
2 0.495221 0.50144 0.981069 0.531682
52 0.505766 0.46947 0.966228 0.584101
53 0.492878 0.479191 0.967009 0.573877
77 0.492487 0.952765 0.970915 0.09447
52 0.506938 0.471486 0.970134 0.583525
53 0.492878 0.478183 0.970134 0.577045
52 0.499127 0.470118 0.982631 0.589718
53 0.49444 0.482215 0.965447 0.567828
2 0.49444 0.482215 0.965447 0.567828
52 0.504595 0.471774 0.965447 0.581797
53 0.497174 0.479911 0.958417 0.572437
52 0.505376 0.473502 0.963885 0.578341
53 0.49444 0.482719 0.963885 0.564516
2 0.503032 0.49712 0.987318 0.538018
52 0.505766 0.472638 0.966228 0.578917
53 0.493659 0.480703 0.965447 0.570853
2 0.502251 0.494816 0.987318 0.540323
52 0.505376 0.471198 0.963885 0.579493
53 0.491316 0.479551 0.970134 0.574309
52 0.506938 0.470118 0.965447 0.580501
53 0.500689 0.476094 0.979507 0.575461
2 0.491706 0.481855 0.972477 0.567396
52 0.506157 0.469542 0.968571 0.582805
53 0.50147 0.47523 0.981069 0.577189
52 0.506938 0.47055 0.967009 0.581941
53 0.492878 0.480415 0.973258 0.573733
52 0.506938 0.470694 0.967009 0.581653
53 0.491316 0.480343 0.973258 0.571573
52 0.5085 0.471846 0.967009 0.579349
53 0.490535 0.480415 0.971696 0.572581
52 0.507719 0.472854 0.965447 0.577333
53 0.491706 0.481855 0.969353 0.570853
2 0.501079 0.476887 0.980288 0.573877
52 0.507719 0.472998 0.965447 0.577045
53 0.502251 0.478183 0.976382 0.573589
52 0.508109 0.472638 0.964666 0.577765
53 0.501861 0.477535 0.978726 0.574885
52 0.506938 0.472926 0.963885 0.578341
53 0.50147 0.478111 0.977945 0.576037
52 0.506938 0.472926 0.963885 0.578341
53 0.490144 0.482143 0.969353 0.574885
52 0.506157 0.473214 0.965447 0.578917
53 0.488972 0.481855 0.971696 0.575461
52 0.505376 0.473214 0.967009 0.578917
53 0.488582 0.482143 0.972477 0.574885
52 0.505766 0.47343 0.966228 0.578485
53 0.489753 0.482431 0.970134 0.575461
77 0.492097 0.963134 0.982631 0.0737327
52 0.505376 0.47343 0.967009 0.578485
53 0.491316 0.483295 0.967009 0.572581
77 0.492878 0.957373 0.982631 0.0852534
77 0.501079 0.892281 0.98185 0.215438
67 0.498736 0.960254 0.980288 0.0794931
52 0.504985 0.47343 0.966228 0.579637
53 0.492097 0.484159 0.965447 0.572005
77 0.492878 0.947581 0.981069 0.104839
67 0.499127 0.952189 0.979507 0.0956221
77 0.500689 0.889977 0.982631 0.220046
67 0.493659 0.888249 0.987318 0.223502
52 0.504985 0.473574 0.966228 0.580501
53 0.492878 0.485311 0.965447 0.570853
67 0.499127 0.954493 0.979507 0.0910139
77 0.499127 0.954493 0.979507 0.0910139
67 0.49444 0.890265 0.987318 0.21947
77 0.49444 0.890265 0.987318 0.21947
52 0.506157 0.473574 0.965447 0.580501
53 0.493268 0.485887 0.964666 0.567396
77 0.495221 0.954493 0.979507 0.0910139
67 0.499908 0.955645 0.977945 0.0887096
77 0.495612 0.890841 0.986537 0.218318
67 0.495612 0.890841 0.986537 0.218318
52 0.506938 0.47379 0.963885 0.580069
53 0.502251 0.479551 0.976382 0.575461
77 0.496002 0.950749 0.979507 0.0985023
67 0.500689 0.952765 0.976382 0.09447
77 0.497174 0.889977 0.986537 0.220046
67 0.497174 0.889977 0.986537 0.220046
52 0.506938 0.474006 0.963885 0.579637
53 0.49405 0.487399 0.964666 0.56322
77 0.496783 0.950749 0.977945 0.0985023
67 0.500298 0.953917 0.975601 0.0921659
77 0.497174 0.891129 0.984975 0.217742
67 0.497174 0.891129 0.984975 0.217742
52 0.506157 0.473574 0.963885 0.580501
53 0.493268 0.487327 0.964666 0.563364
77 0.496783 0.950749 0.977945 0.0985023
67 0.499908 0.955069 0.97482 0.0898618
77 0.497174 0.891129 0.984975 0.217742
67 0.497174 0.891129 0.984975 0.217742
52 0.506157 0.473502 0.963885 0.580645
53 0.493268 0.487399 0.964666 0.562068
77 0.496783 0.948733 0.979507 0.102535
77 0.497565 0.890553 0.985756 0.218894
67 0.500298 0.953917 0.975601 0.0921659
67 0.497565 0.890553 0.985756 0.218894
52 0.506157 0.47343 0.962323 0.580789
53 0.492878 0.487327 0.963885 0.562212
77 0.496393 0.952189 0.978726 0.0956221
77 0.498736 0.891705 0.983412 0.21659
67 0.500298 0.957373 0.975601 0.0852534
67 0.497174 0.891129 0.984975 0.217742
52 0.506157 0.472998 0.962323 0.581653
53 0.492878 0.486751 0.965447 0.562212
77 0.496393 0.953341 0.978726 0.093318
77 0.498736 0.892281 0.983412 0.215438
67 0.499908 0.959101 0.97482 0.0817972
67 0.497565 0.891705 0.984194 0.21659
52 0.505766 0.472926 0.963104 0.581797
53 0.492878 0.487255 0.965447 0.562356
77 0.496783 0.959101 0.977945 0.0817972
77 0.497565 0.894009 0.984194 0.211982
67 0.497565 0.894009 0.984194 0.211982
52 0.505766 0.472998 0.963104 0.581653
53 0.492487 0.487615 0.964666 0.561636
77 0.496783 0.896025 0.984194 0.207949
77 0.496002 0.96371 0.977945 0.0725806
67 0.496783 0.896025 0.984194 0.207949
52 0.505376 0.472422 0.963885 0.581653
53 0.492097 0.487327 0.965447 0.562212
77 0.497174 0.896313 0.983413 0.207373
77 0.496002 0.96371 0.976382 0.0725806
67 0.497174 0.896313 0.983413 0.207373
52 0.505376 0.47235 0.963885 0.581797
53 0.492487 0.486463 0.964666 0.562788
77 0.496783 0.896313 0.982631 0.207373
77 0.496002 0.964286 0.976382 0.0714286
67 0.496783 0.896313 0.982631 0.207373
52 0.505376 0.472062 0.963885 0.581221
53 0.492097 0.485671 0.965447 0.56322
77 0.496783 0.896889 0.982631 0.206221
77 0.495612 0.964862 0.977164 0.0702765
67 0.496783 0.896889 0.982631 0.206221
52 0.505376 0.471846 0.962323 0.581653
53 0.492878 0.485527 0.965447 0.563508
67 0.496002 0.895737 0.982631 0.208525
77 0.496002 0.895737 0.982631 0.208525
77 0.495221 0.96371 0.976382 0.0725806
52 0.505376 0.471774 0.962323 0.581797
53 0.492878 0.485023 0.965447 0.564516
67 0.496393 0.894009 0.98185 0.211982
77 0.495221 0.961406 0.976382 0.0771889
77 0.496393 0.894009 0.98185 0.211982
67 0.499127 0.96659 0.973258 0.0668203
52 0.505376 0.471774 0.962323 0.581797
53 0.492878 0.484735 0.965447 0.565092
67 0.496393 0.892281 0.98185 0.215438
77 0.496002 0.957373 0.976382 0.0852534
77 0.496393 0.892281 0.98185 0.215438
67 0.499127 0.961982 0.973258 0.0760368
52 0.504594 0.471702 0.962323 0.581941
53 0.492878 0.484447 0.965447 0.565668
67 0.496393 0.891129 0.98185 0.217742
77 0.495612 0.956509 0.977164 0.0869816
67 0.499127 0.960254 0.973258 0.0794931
77 0.496393 0.891129 0.98185 0.217742
52 0.504594 0.471486 0.962323 0.582373
53 0.492878 0.483943 0.965447 0.566676
77 0.495221 0.955069 0.976382 0.0898618
67 0.496393 0.889977 0.98185 0.220046
67 0.499127 0.959101 0.973258 0.0817972
77 0.496393 0.889977 0.98185 0.220046
52 0.504594 0.471486 0.962323 0.582373
53 0.492878 0.483871 0.965447 0.56682
77 0.495221 0.955069 0.976382 0.0898618
67 0.499127 0.959101 0.973258 0.0817972
67 0.496393 0.889977 0.98185 0.220046
77 0.496393 0.889977 0.98185 0.220046
52 0.504594 0.471486 0.962323 0.582373
53 0.492878 0.483583 0.965447 0.567396
67 0.499127 0.957661 0.973258 0.0846775
77 0.495221 0.953341 0.976382 0.093318
67 0.496393 0.888825 0.98185 0.22235
77 0.496393 0.888825 0.98185 0.22235
52 0.505376 0.47127 0.962323 0.582805
53 0.492878 0.483295 0.965447 0.567972
67 0.499127 0.956221 0.97482 0.0875576
77 0.495612 0.950461 0.977164 0.0990783
67 0.496393 0.888249 0.98185 0.223502
77 0.496393 0.888249 0.98185 0.223502
52 0.505376 0.471198 0.962323 0.582949
53 0.493659 0.483223 0.965447 0.568116
67 0.499908 0.953341 0.97482 0.093318
77 0.495612 0.947005 0.977164 0.105991
67 0.496393 0.887097 0.98185 0.225806
77 0.496393 0.887097 0.98185 0.225806
52 0.505376 0.471198 0.963885 0.582949
53 0.493659 0.483007 0.965447 0.568548
67 0.499517 0.951613 0.975601 0.0967742
77 0.495612 0.944701 0.977164 0.110599
67 0.496002 0.886521 0.982631 0.226959
77 0.496002 0.886521 0.982631 0.226959
101 0.499517 0.951613 0.975601 0.0967742
52 0.505376 0.47127 0.963885 0.582805
53 0.492878 0.483007 0.965447 0.568548
67 0.499517 0.949885 0.975601 0.10023
77 0.495612 0.941244 0.977164 0.117511
67 0.496393 0.886521 0.98185 0.226959
77 0.496393 0.886521 0.98185 0.226959
101 0.499517 0.949885 0.975601 0.10023
52 0.505376 0.471702 0.963885 0.583093
53 0.493659 0.483007 0.965447 0.568548
67 0.499517 0.949885 0.975601 0.10023
77 0.495612 0.939516 0.977164 0.120968
67 0.496002 0.886233 0.982631 0.227535
77 0.496002 0.886233 0.982631 0.227535
101 0.499517 0.949885 0.975601 0.10023
52 0.505376 0.47127 0.963885 0.582805
53 0.499908 0.478975 0.97482 0.574309
67 0.499908 0.949885 0.976382 0.10023
77 0.496002 0.940092 0.977945 0.119816
67 0.496393 0.886521 0.98185 0.226959
77 0.496393 0.886521 0.98185 0.226959
101 0.499908 0.949885 0.976382 0.10023
52 0.505376 0.47127 0.963885 0.582805
53 0.500298 0.478759 0.974039 0.574741
67 0.499908 0.949885 0.976382 0.10023
77 0.496002 0.939516 0.977945 0.120968
67 0.496783 0.886521 0.982631 0.226959
77 0.496783 0.886521 0.982631 0.226959
101 0.499908 0.949885 0.976382 0.10023
52 0.505376 0.47127 0.963885 0.582805
53 0.500298 0.478687 0.974039 0.574885
67 0.500689 0.948445 0.976382 0.103111
77 0.496393 0.938364 0.978726 0.123272
67 0.497174 0.886233 0.983413 0.227535
77 0.497174 0.886233 0.983413 0.227535
101 0.500689 0.948445 0.976382 0.103111
52 0.505376 0.471198 0.963885 0.582949
67 0.500689 0.947293 0.976382 0.105415
53 0.500298 0.478687 0.974039 0.574885
77 0.496783 0.937212 0.977945 0.125576
67 0.497565 0.885945 0.982631 0.228111
77 0.497565 0.885945 0.982631 0.228111
101 0.500689 0.947293 0.976382 0.105415
68 0.500689 0.947293 0.976382 0.105415
52 0.505376 0.471198 0.963885 0.582949
67 0.500689 0.947005 0.976382 0.105991
53 0.500298 0.478687 0.974039 0.574885
77 0.496783 0.936924 0.977945 0.126152
67 0.497565 0.885945 0.982631 0.228111
77 0.497565 0.885945 0.982631 0.228111
101 0.500689 0.947005 0.976382 0.105991
68 0.500689 0.947005 0.976382 0.105991
52 0.506547 0.471198 0.964666 0.582949
53 0.500298 0.478615 0.974039 0.575029
67 0.500689 0.948445 0.976382 0.103111
77 0.496783 0.93894 0.977945 0.12212
67 0.497565 0.885945 0.982631 0.228111
77 0.497565 0.885945 0.982631 0.228111
101 0.500689 0.948445 0.976382 0.103111
52 0.506547 0.471198 0.964666 0.582949
53 0.500689 0.478399 0.973258 0.575461
67 0.500689 0.951613 0.976382 0.0967742
77 0.497174 0.94326 0.978726 0.113479
67 0.497565 0.886521 0.982631 0.226959
77 0.497565 0.886521 0.982631 0.226959
101 0.500689 0.951613 0.976382 0.0967742
52 0.506157 0.471126 0.963885 0.583093
53 0.500689 0.478399 0.973258 0.575461
67 0.500689 0.952477 0.976382 0.0950461
77 0.496783 0.944412 0.977945 0.111175
77 0.497565 0.886521 0.982631 0.226959
67 0.497565 0.886521 0.982631 0.226959
101 0.500689 0.952477 0.976382 0.0950461
52 0.506157 0.47091 0.963885 0.583525
53 0.500689 0.478399 0.973258 0.575461
67 0.500689 0.951613 0.976382 0.0967742
77 0.497174 0.943548 0.978726 0.112903
77 0.497565 0.886521 0.982631 0.226959
67 0.497565 0.886521 0.982631 0.226959
101 0.500689 0.951613 0.976382 0.0967742
52 0.506157 0.47091 0.965447 0.583525
53 0.500689 0.478183 0.973258 0.575893
67 0.500689 0.951613 0.976382 0.0967742
77 0.497565 0.943548 0.979507 0.112903
77 0.497565 0.885945 0.982631 0.228111
67 0.497565 0.885945 0.982631 0.228111
101 0.500689 0.951613 0.976382 0.0967742
52 0.506157 0.47091 0.965447 0.583525
53 0.500689 0.478111 0.973258 0.576037
67 0.500689 0.951613 0.976382 0.0967742
77 0.497565 0.943836 0.979507 0.112327
77 0.497955 0.885945 0.983413 0.228111
67 0.497955 0.885945 0.983413 0.228111
101 0.500689 0.951613 0.976382 0.0967742
52 0.506157 0.470694 0.963885 0.583957
53 0.500689 0.478111 0.973258 0.576037
67 0.500689 0.950173 0.976382 0.0996544
77 0.500689 0.950173 0.976382 0.0996544
77 0.498346 0.885369 0.982631 0.229263
67 0.498346 0.885369 0.982631 0.229263
101 0.500689 0.950173 0.976382 0.0996544
52 0.506157 0.47091 0.963885 0.583525
53 0.500689 0.478111 0.973258 0.576037
67 0.500689 0.948157 0.977945 0.103687
77 0.500689 0.948157 0.977945 0.103687
77 0.498346 0.884217 0.984194 0.231567
67 0.498346 0.884217 0.984194 0.231567
101 0.500689 0.948157 0.977945 0.103687
52 0.506157 0.47127 0.963885 0.583957
53 0.500689 0.478111 0.973258 0.576037
67 0.500689 0.945565 0.976382 0.108871
77 0.500689 0.945565 0.976382 0.108871
77 0.498346 0.883641 0.984194 0.232719
67 0.498346 0.883641 0.984194 0.232719
101 0.500689 0.945565 0.976382 0.108871
52 0.506157 0.471126 0.963885 0.583093
67 0.500689 0.943548 0.976382 0.112903
53 0.500689 0.478399 0.973258 0.576613
77 0.500689 0.943548 0.976382 0.112903
77 0.498346 0.883065 0.982631 0.233871
67 0.498346 0.883065 0.982631 0.233871
101 0.500689 0.943548 0.976382 0.112903
52 0.506157 0.471198 0.965447 0.582949
67 0.500689 0.94182 0.976382 0.116359
53 0.500689 0.478399 0.973258 0.576613
77 0.500689 0.94182 0.976382 0.116359
77 0.498736 0.883065 0.983412 0.233871
67 0.498736 0.883065 0.983412 0.233871
101 0.500689 0.94182 0.976382 0.116359
52 0.505766 0.471486 0.964666 0.583525
67 0.500689 0.941532 0.976382 0.116935
53 0.500689 0.478183 0.973258 0.577045
77 0.500689 0.941532 0.976382 0.116935
77 0.498736 0.883065 0.983412 0.233871
67 0.498736 0.883065 0.983412 0.233871
101 0.500689 0.941532 0.976382 0.116935
52 0.506157 0.471486 0.963885 0.583525
53 0.500689 0.478111 0.973258 0.577189
67 0.500689 0.941244 0.976382 0.117511
77 0.500689 0.941244 0.976382 0.117511
77 0.499127 0.883065 0.982631 0.233871
67 0.499127 0.883065 0.982631 0.233871
101 0.500689 0.941244 0.976382 0.117511
52 0.505766 0.471702 0.964666 0.583093
53 0.500689 0.478111 0.973258 0.577189
67 0.500689 0.941532 0.976382 0.116935
77 0.500689 0.941532 0.976382 0.116935
77 0.499127 0.882488 0.982631 0.235023
67 0.499127 0.882488 0.982631 0.235023
101 0.500689 0.941532 0.976382 0.116935
52 0.505766 0.471702 0.964666 0.583093
53 0.500689 0.478111 0.973258 0.577189
67 0.500689 0.940956 0.976382 0.118088
77 0.500689 0.940956 0.976382 0.118088
77 0.499127 0.882488 0.982631 0.235023
67 0.499127 0.882488 0.982631 0.235023
101 0.500689 0.940956 0.976382 0.118088
52 0.505376 0.471702 0.963885 0.583093
53 0.500689 0.477823 0.973258 0.577765
77 0.500689 0.941244 0.976382 0.117511
67 0.500689 0.941244 0.976382 0.117511
77 0.499127 0.882488 0.982631 0.235023
67 0.499127 0.882488 0.982631 0.235023
101 0.500689 0.941244 0.976382 0.117511
52 0.505376 0.471486 0.963885 0.583525
53 0.500689 0.477823 0.973258 0.577765
77 0.500689 0.939516 0.976382 0.120968
67 0.500689 0.939516 0.976382 0.120968
77 0.499127 0.882488 0.982631 0.235023
101 0.500689 0.939516 0.976382 0.120968
67 0.499127 0.882488 0.982631 0.235023
52 0.505376 0.471486 0.963885 0.583525
53 0.500689 0.477823 0.973258 0.577765
77 0.500689 0.940092 0.976382 0.119816
67 0.500689 0.940092 0.976382 0.119816
77 0.499127 0.883065 0.982631 0.233871
101 0.500689 0.940092 0.976382 0.119816
67 0.499127 0.883065 0.982631 0.233871
52 0.505376 0.471486 0.963885 0.583525
53 0.500689 0.477607 0.973258 0.578197
77 0.500689 0.940092 0.976382 0.119816
67 0.500689 0.940092 0.976382 0.119816
77 0.499127 0.883065 0.982631 0.233871
101 0.500689 0.940092 0.976382 0.119816
52 0.505376 0.471486 0.963885 0.583525
53 0.500689 0.477607 0.973258 0.578197
77 0.500689 0.939516 0.976382 0.120968
67 0.500689 0.939516 0.976382 0.120968
77 0.499127 0.883065 0.982631 0.233871
101 0.500689 0.939516 0.976382 0.120968
52 0.505376 0.471702 0.963885 0.583093
53 0.500689 0.477823 0.973258 0.577765
77 0.500689 0.93894 0.976382 0.12212
67 0.500689 0.93894 0.976382 0.12212
77 0.499127 0.883065 0.982631 0.233871
101 0.500689 0.93894 0.976382 0.12212
77 0.505766 0.97235 0.972477 0.0552996
52 0.505376 0.471702 0.963885 0.583093
53 0.500689 0.477607 0.973258 0.578197
77 0.500689 0.93894 0.976382 0.12212
67 0.500689 0.93894 0.976382 0.12212
77 0.499127 0.883065 0.982631 0.233871
101 0.500689 0.93894 0.976382 0.12212
77 0.505376 0.972062 0.971696 0.0558756
52 0.505376 0.471774 0.963885 0.582949
53 0.500689 0.477607 0.973258 0.578197
77 0.500689 0.937788 0.976382 0.124424
67 0.500689 0.937788 0.976382 0.124424
77 0.498736 0.883065 0.983412 0.233871
101 0.500689 0.937788 0.976382 0.124424
77 0.505376 0.971486 0.971696 0.0570276
52 0.505376 0.471774 0.963885 0.582949
53 0.500689 0.477823 0.973258 0.577765
77 0.500689 0.93894 0.976382 0.12212
67 0.500689 0.93894 0.976382 0.12212
77 0.499127 0.884217 0.982631 0.231567
101 0.500689 0.93894 0.976382 0.12212
77 0.505376 0.972062 0.971696 0.0558756
52 0.505376 0.472278 0.963885 0.583093
53 0.500689 0.477823 0.973258 0.577765
77 0.500689 0.937788 0.976382 0.124424
67 0.500689 0.937788 0.976382 0.124424
77 0.499127 0.884217 0.982631 0.231567
101 0.500689 0.937788 0.976382 0.124424
77 0.504985 0.971486 0.972477 0.0570276
52 0.505376 0.47235 0.963885 0.582949
53 0.501079 0.477823 0.972477 0.577765
77 0.500689 0.936636 0.976382 0.126728
67 0.500689 0.936636 0.976382 0.126728
77 0.499127 0.884793 0.982631 0.230415
101 0.500689 0.936636 0.976382 0.126728
77 0.504985 0.971198 0.972477 0.0576037
52 0.505376 0.47235 0.963885 0.582949
53 0.50147 0.477823 0.971696 0.577765
77 0.500689 0.937212 0.976382 0.125576
67 0.500689 0.937212 0.976382 0.125576
77 0.499127 0.885081 0.982631 0.229839
101 0.500689 0.937212 0.976382 0.125576
77 0.504985 0.971198 0.972477 0.0576037
52 0.505376 0.472422 0.963885 0.582805
53 0.501079 0.478111 0.972477 0.578341
77 0.500689 0.93894 0.976382 0.12212
67 0.500689 0.93894 0.976382 0.12212
77 0.499127 0.885369 0.982631 0.229263
101 0.500689 0.93894 0.976382 0.12212
52 0.504985 0.472422 0.964666 0.582805
53 0.500689 0.478111 0.971696 0.578341
77 0.500689 0.940092 0.976382 0.119816
67 0.500689 0.940092 0.976382 0.119816
77 0.499127 0.885369 0.982631 0.229263
101 0.500689 0.940092 0.976382 0.119816
52 0.504985 0.472638 0.964666 0.582373
53 0.500689 0.478111 0.971696 0.578341
77 0.500689 0.940668 0.976382 0.118664
67 0.500689 0.940668 0.976382 0.118664
77 0.499127 0.885657 0.984194 0.228687
101 0.500689 0.940668 0.976382 0.118664
52 0.504985 0.472854 0.964666 0.581941
53 0.500689 0.478111 0.971696 0.578341
77 0.500689 0.940092 0.976382 0.119816
67 0.500689 0.940092 0.976382 0.119816
77 0.499127 0.885945 0.984194 0.228111
101 0.500689 0.940092 0.976382 0.119816
77 0.504595 0.971198 0.973258 0.0576037
52 0.504985 0.472638 0.964666 0.582373
53 0.500689 0.478111 0.971696 0.578341
77 0.500298 0.93894 0.977164 0.12212
67 0.500298 0.93894 0.977164 0.12212
77 0.499127 0.885945 0.984194 0.228111
101 0.500298 0.93894 0.977164 0.12212
77 0.504595 0.97091 0.973258 0.0581797
52 0.504985 0.472638 0.964666 0.582373
53 0.500689 0.478039 0.970134 0.578485
77 0.500689 0.93894 0.976382 0.12212
67 0.500689 0.93894 0.976382 0.12212
77 0.499127 0.885945 0.984194 0.228111
101 0.500689 0.93894 0.976382 0.12212
77 0.504595 0.970622 0.973258 0.0587558
52 0.504985 0.472998 0.964666 0.582805
53 0.500689 0.478039 0.970134 0.578485
77 0.498346 0.934908 0.981069 0.130184
67 0.500298 0.936636 0.977164 0.126728
77 0.499127 0.885369 0.984194 0.229263
101 0.500298 0.936636 0.977164 0.126728
77 0.504595 0.970046 0.973258 0.0599078
52 0.504985 0.472998 0.964666 0.582805
53 0.500689 0.477823 0.970134 0.578917
77 0.498346 0.932892 0.981069 0.134217
67 0.500298 0.935484 0.977164 0.129032
77 0.499127 0.885369 0.984194 0.229263
101 0.500298 0.935484 0.977164 0.129032
77 0.504595 0.969182 0.973258 0.061636
52 0.504985 0.473214 0.964666 0.582373
77 0.499127 0.930876 0.981069 0.138249
53 0.500689 0.477823 0.970134 0.578917
67 0.500298 0.93318 0.977164 0.133641
77 0.499908 0.884793 0.984194 0.230415
101 0.500298 0.93318 0.977164 0.133641
77 0.504595 0.968318 0.973258 0.063364
