48 0.496002 0.491647 0.97482 0.379608
50 0.478037 0.486463 0.949825 0.388825
68 0.489363 0.485599 0.96779 0.385945
49 0.478037 0.486463 0.949825 0.388825
54 0.496002 0.491647 0.97482 0.379608
109 0.496002 0.491647 0.97482 0.379608
103 0.478037 0.486463 0.949825 0.388825
104 0.496002 0.491647 0.97482 0.379608
53 0.496002 0.491647 0.97482 0.379608
84 0.496002 0.491647 0.97482 0.379608
101 0.496002 0.491647 0.97482 0.379608
81 0.496002 0.491647 0.97482 0.379608
79 0.496002 0.491647 0.97482 0.379608
76 0.496002 0.491647 0.97482 0.379608
95 0.478037 0.486463 0.949825 0.388825
17 0.478037 0.486463 0.949825 0.388825
74 0.489363 0.485599 0.96779 0.385945
111 0.490535 0.487615 0.971696 0.379608
100 0.478037 0.486463 0.949825 0.388825
67 0.496002 0.491647 0.97482 0.379608
75 0.489363 0.485599 0.96779 0.385945
56 0.489363 0.485599 0.96779 0.385945
73 0.489363 0.485599 0.96779 0.385945
110 0.496002 0.491647 0.97482 0.379608
66 0.489363 0.485599 0.96779 0.385945
42 0.485457 0.491935 0.959979 0.391705
46 0.496002 0.491647 0.97482 0.379608
97 0.496002 0.491647 0.97482 0.379608
99 0.506547 0.493088 0.978726 0.379032
77 0.489363 0.485599 0.96779 0.385945
16 0.496002 0.491647 0.97482 0.379608
80 0.492097 0.493664 0.968571 0.37212
47 0.506547 0.493088 0.978726 0.379032
38 0.492097 0.493664 0.968571 0.37212
108 0.489363 0.485599 0.96779 0.385945
51 0.496002 0.491647 0.97482 0.379608
102 0.489363 0.485599 0.96779 0.385945
7 0.478037 0.486463 0.949825 0.388825
0 0.485457 0.491935 0.959979 0.391705
5 0.478037 0.486463 0.949825 0.388825
33 0.485457 0.491935 0.959979 0.391705
14 0.478037 0.486463 0.949825 0.388825
11 0.496002 0.491647 0.97482 0.379608
15 0.492097 0.493664 0.968571 0.37212
31 0.492097 0.493664 0.968571 0.37212
41 0.496002 0.491647 0.97482 0.379608
52 0.492097 0.493664 0.968571 0.37212
105 0.489363 0.485599 0.96779 0.385945
21 0.496002 0.491647 0.97482 0.379608
94 0.496002 0.491647 0.97482 0.379608
78 0.489363 0.485599 0.96779 0.385945
88 0.492097 0.493664 0.968571 0.37212
48 0.622151 0.504032 0.752205 0.355991
54 0.622151 0.504032 0.752205 0.355991
4 0.485457 0.491935 0.959979 0.391705
28 0.496002 0.491647 0.97482 0.379608
65 0.490535 0.487615 0.971696 0.379608
26 0.490535 0.487615 0.971696 0.379608
53 0.622151 0.504032 0.752205 0.355991
34 0.489363 0.485599 0.96779 0.385945
22 0.496002 0.491647 0.97482 0.379608
50 0.622151 0.504032 0.752205 0.355991
12 0.490535 0.487615 0.971696 0.379608
92 0.485457 0.491935 0.959979 0.391705
109 0.622151 0.504032 0.752205 0.355991
8 0.496002 0.491647 0.97482 0.379608
55 0.496002 0.491647 0.97482 0.379608
13 0.454213 0.488479 0.895929 0.392857
101 0.622151 0.504032 0.752205 0.355991
49 0.622151 0.504032 0.752205 0.355991
48 0.714712 0.52621 0.562396 0.298963
68 0.70612 0.517569 0.581143 0.325461
64 0.492097 0.493664 0.968571 0.37212
83 0.496002 0.491647 0.97482 0.379608
72 0.489363 0.485599 0.96779 0.385945
84 0.622151 0.504032 0.752205 0.355991
50 0.718227 0.511809 0.558491 0.326613
36 0.478037 0.486463 0.949825 0.388825
81 0.622151 0.504032 0.752205 0.355991
80 0.622151 0.504032 0.752205 0.355991
6 0.496002 0.491647 0.97482 0.379608
75 0.70612 0.517569 0.581143 0.325461
52 0.622151 0.504032 0.752205 0.355991
107 0.471788 0.486175 0.932641 0.389401
101 0.714712 0.52621 0.562396 0.298963
48 0.463586 0.485023 0.916237 0.410138
50 0.411643 0.492224 0.807664 0.417627
68 0.478818 0.487039 0.954512 0.421083
111 0.478818 0.487039 0.954512 0.421083
48 0.324745 0.489343 0.634649 0.404954
46 0.478818 0.487039 0.954512 0.421083
50 0.263037 0.484159 0.512015 0.399193
101 0.478818 0.487039 0.954512 0.421083
102 0.485848 0.483295 0.968571 0.408986
109 0.478818 0.487039 0.954512 0.421083
49 0.411643 0.492224 0.807664 0.417627
73 0.478818 0.487039 0.954512 0.421083
50 0.175944 0.480415 0.340562 0.390553
99 0.457728 0.491071 0.906083 0.421083
100 0.478818 0.487039 0.954512 0.421083
46 0.263037 0.484159 0.512015 0.399193
53 0.478818 0.487039 0.954512 0.421083
110 0.478818 0.487039 0.954512 0.421083
67 0.463586 0.485023 0.916237 0.410138
103 0.478818 0.487039 0.954512 0.421083
50 0.5085 0.512097 0.973258 0.339862
51 0.457728 0.491071 0.906083 0.421083
76 0.478818 0.487039 0.954512 0.421083
47 0.457728 0.491071 0.906083 0.421083
52 0.463586 0.485023 0.916237 0.410138
75 0.457728 0.491071 0.906083 0.421083
111 0.510843 0.881624 0.97482 0.236751
77 0.463586 0.485023 0.916237 0.410138
101 0.324745 0.489343 0.634649 0.404954
48 0.510843 0.881624 0.97482 0.236751
49 0.263037 0.484159 0.512015 0.399193
68 0.324745 0.489343 0.634649 0.404954
48 0.175944 0.480415 0.340562 0.390553
95 0.463586 0.485023 0.916237 0.410138
111 0.324745 0.489343 0.634649 0.404954
50 0.510843 0.881624 0.97482 0.236751
100 0.324745 0.489343 0.634649 0.404954
68 0.506157 0.897465 0.962323 0.205069
54 0.463586 0.485023 0.916237 0.410138
110 0.324745 0.489343 0.634649 0.404954
84 0.457728 0.491071 0.906083 0.421083
101 0.175944 0.480415 0.340562 0.390553
67 0.324745 0.489343 0.634649 0.404954
51 0.324745 0.489343 0.634649 0.404954
99 0.324745 0.489343 0.634649 0.404954
47 0.324745 0.489343 0.634649 0.404954
49 0.506547 0.515265 0.970915 0.322005
73 0.324745 0.489343 0.634649 0.404954
75 0.324745 0.489343 0.634649 0.404954
49 0.175944 0.480415 0.340562 0.390553
46 0.175944 0.480415 0.340562 0.390553
46 0.510843 0.881624 0.97482 0.236751
77 0.263037 0.484159 0.512015 0.399193
80 0.485848 0.483295 0.968571 0.408986
48 0.375126 0.892857 0.750252 0.214286
103 0.324745 0.489343 0.634649 0.404954
101 0.510843 0.881624 0.97482 0.236751
56 0.478818 0.487039 0.954512 0.421083
48 0.259718 0.894585 0.519435 0.210829
95 0.263037 0.484159 0.512015 0.399193
109 0.510843 0.881624 0.97482 0.236751
48 0.506547 0.527938 0.983413 0.296659
109 0.324745 0.489343 0.634649 0.404954
53 0.324745 0.489343 0.634649 0.404954
102 0.263037 0.484159 0.512015 0.399193
102 0.496783 0.886809 0.987318 0.226382
76 0.510843 0.881624 0.97482 0.236751
73 0.510843 0.881624 0.97482 0.236751
76 0.324745 0.489343 0.634649 0.404954
110 0.506157 0.897465 0.962323 0.205069
68 0.175944 0.480415 0.340562 0.390553
67 0.175944 0.480415 0.340562 0.390553
97 0.485848 0.483295 0.968571 0.408986
99 0.510843 0.881624 0.97482 0.236751
52 0.263037 0.484159 0.512015 0.399193
66 0.485848 0.483295 0.968571 0.408986
68 0.506547 0.527938 0.983413 0.296659
100 0.175944 0.480415 0.340562 0.390553
50 0.259718 0.894585 0.519435 0.210829
101 0.506547 0.527938 0.983413 0.296659
49 0.510843 0.881624 0.97482 0.236751
46 0.506547 0.527938 0.983413 0.296659
50 0.375126 0.892857 0.750252 0.214286
100 0.510843 0.881624 0.97482 0.236751
50 0.1199 0.474654 0.232379 0.376728
67 0.506157 0.897465 0.962323 0.205069
51 0.510843 0.881624 0.97482 0.236751
68 0.374345 0.923099 0.74869 0.153802
99 0.506547 0.527938 0.983413 0.296659
53 0.510843 0.881624 0.97482 0.236751
77 0.175944 0.480415 0.340562 0.390553
48 0.293891 0.924827 0.587782 0.150346
110 0.506547 0.527938 0.983413 0.296659
75 0.509764 0.889977 0.980472 0.220046
84 0.324745 0.489343 0.634649 0.404954
100 0.506547 0.527938 0.983413 0.296659
46 0.375126 0.892857 0.750252 0.214286
111 0.375126 0.892857 0.750252 0.214286
95 0.510843 0.881624 0.97482 0.236751
47 0.496783 0.886809 0.987318 0.226382
38 0.463586 0.485023 0.916237 0.410138
68 0.259718 0.894585 0.519435 0.210829
99 0.175944 0.480415 0.340562 0.390553
105 0.478818 0.487039 0.954512 0.421083
50 0.293891 0.924827 0.587782 0.150346
47 0.175944 0.480415 0.340562 0.390553
111 0.259718 0.894585 0.519435 0.210829
104 0.493268 0.483871 0.977164 0.403226
77 0.506938 0.89977 0.967009 0.200461
74 0.463586 0.485023 0.916237 0.410138
88 0.411643 0.492224 0.807664 0.417627
77 0.506547 0.527938 0.983413 0.296659
49 0.506938 0.444412 0.977945 0.472926
50 0.614047 0.536578 0.763726 0.290899
111 0.175944 0.480415 0.340562 0.390553
73 0.175944 0.480415 0.340562 0.390553
67 0.374345 0.923099 0.74869 0.153802
102 0.422578 0.917051 0.845157 0.165899
103 0.510843 0.881624 0.97482 0.236751
97 0.263037 0.484159 0.512015 0.399193
75 0.175944 0.480415 0.340562 0.390553
50 0.49444 0.455357 0.985756 0.467166
68 0.49444 0.495392 0.985756 0.376728
48 0.49444 0.455357 0.985756 0.467166
49 0.49444 0.455357 0.985756 0.467166
101 0.502251 0.47523 0.967009 0.404378
50 0.49444 0.351382 0.985756 0.702765
48 0.49444 0.351382 0.985756 0.702765
100 0.49444 0.455357 0.985756 0.467166
102 0.49444 0.495392 0.985756 0.376728
99 0.49444 0.455357 0.985756 0.467166
49 0.49444 0.351382 0.985756 0.702765
46 0.500689 0.428067 0.970134 0.510225
68 0.496002 0.581221 0.985756 0.434332
76 0.49444 0.455357 0.985756 0.467166
51 0.49444 0.455357 0.985756 0.467166
68 0.49444 0.351382 0.985756 0.702765
100 0.49444 0.351382 0.985756 0.702765
53 0.502251 0.47523 0.967009 0.404378
77 0.49444 0.495392 0.985756 0.376728
50 0.50147 0.552851 0.968571 0.313652
51 0.49444 0.351382 0.985756 0.702765
99 0.49444 0.351382 0.985756 0.702765
46 0.48702 0.501152 0.963104 0.373272
76 0.49444 0.351382 0.985756 0.702765
48 0.50147 0.552851 0.968571 0.313652
46 0.496002 0.34735 0.971696 0.6947
68 0.484286 0.889401 0.962323 0.221198
101 0.496002 0.34735 0.971696 0.6947
110 0.49444 0.455357 0.985756 0.467166
109 0.49444 0.455357 0.985756 0.467166
102 0.496002 0.581221 0.985756 0.434332
68 0.492097 0.5553 0.984194 0.264977
47 0.49444 0.455357 0.985756 0.467166
101 0.50147 0.552851 0.968571 0.313652
48 0.484286 0.889401 0.962323 0.221198
53 0.484286 0.889401 0.962323 0.221198
111 0.49444 0.495392 0.985756 0.376728
73 0.49444 0.455357 0.985756 0.467166
68 0.492878 0.149482 0.982631 0.298963
67 0.49444 0.495392 0.985756 0.376728
73 0.49444 0.351382 0.985756 0.702765
47 0.49444 0.351382 0.985756 0.702765
53 0.49444 0.351382 0.985756 0.702765
49 0.219881 0.457949 0.432733 0.339862
48 0.486629 0.596774 0.96076 0.581797
75 0.500689 0.428067 0.970134 0.510225
50 0.486629 0.596774 0.96076 0.581797
48 0.496783 0.740783 0.992005 0.518433
68 0.49444 0.234447 0.985756 0.468894
109 0.49444 0.351382 0.985756 0.702765
68 0.47999 0.628888 0.952168 0.670795
51 0.244486 0.454493 0.478037 0.336406
102 0.492097 0.5553 0.984194 0.264977
68 0.496783 0.740783 0.992005 0.518433
50 0.219881 0.457949 0.432733 0.339862
49 0.50147 0.552851 0.968571 0.313652
48 0.45929 0.460541 0.912332 0.353111
51 0.45929 0.460541 0.912332 0.353111
77 0.496002 0.581221 0.985756 0.434332
101 0.486629 0.596774 0.96076 0.581797
100 0.50147 0.552851 0.968571 0.313652
52 0.49444 0.351382 0.985756 0.702765
49 0.45929 0.460541 0.912332 0.353111
52 0.49444 0.455357 0.985756 0.467166
75 0.49444 0.351382 0.985756 0.702765
102 0.496002 0.877304 0.992005 0.245392
110 0.49444 0.351382 0.985756 0.702765
53 0.50147 0.552851 0.968571 0.313652
111 0.49444 0.351382 0.985756 0.702765
48 0.244486 0.454493 0.478037 0.336406
0 0.773686 0.571429 0.421016 0.18894
53 0.496783 0.740783 0.992005 0.518433
95 0.495221 0.308756 0.987318 0.617512
75 0.48702 0.501152 0.963104 0.373272
109 0.484286 0.889401 0.962323 0.221198
100 0.486629 0.596774 0.96076 0.581797
84 0.49444 0.351382 0.985756 0.702765
48 0.321035 0.483295 0.630353 0.384793
101 0.496002 0.877304 0.992005 0.245392
99 0.50147 0.552851 0.968571 0.313652
102 0.496002 0.34735 0.971696 0.6947
68 0.503813 0.0815092 0.96076 0.163018
101 0.481161 0.166763 0.962323 0.333525
97 0.49444 0.351382 0.985756 0.702765
84 0.49444 0.455357 0.985756 0.467166
50 0.499517 0.572581 0.964666 0.198157
77 0.496002 0.34735 0.971696 0.6947
49 0.321035 0.483295 0.630353 0.384793
51 0.321035 0.483295 0.630353 0.384793
46 0.244486 0.454493 0.478037 0.336406
49 0.486629 0.596774 0.96076 0.581797
77 0.496002 0.877304 0.992005 0.245392
102 0.492878 0.149482 0.982631 0.298963
111 0.484286 0.889401 0.962323 0.221198
49 0.142942 0.453917 0.280417 0.336406
67 0.484286 0.889401 0.962323 0.221198
77 0.492097 0.5553 0.984194 0.264977
47 0.45929 0.460541 0.912332 0.353111
4 0.773686 0.571429 0.421016 0.18894
67 0.496002 0.581221 0.985756 0.434332
100 0.45929 0.460541 0.912332 0.353111
46 0.496002 0.581221 0.985756 0.434332
99 0.488972 0.881336 0.977945 0.237327
48 0.496783 0.104335 0.979507 0.208669
50 0.496002 0.877304 0.992005 0.245392
109 0.485067 0.794355 0.96076 0.41129
50 0.142942 0.453917 0.280417 0.336406
78 0.495221 0.308756 0.987318 0.617512
47 0.244486 0.454493 0.478037 0.336406
46 0.321035 0.483295 0.630353 0.384793
51 0.50147 0.552851 0.968571 0.313652
101 0.496783 0.104335 0.979507 0.208669
53 0.486629 0.596774 0.96076 0.581797
30 0.773686 0.571429 0.421016 0.18894
50 0.496783 0.104335 0.979507 0.208669
50 0.45929 0.460541 0.912332 0.353111
110 0.497565 0.516417 0.967009 0.3197
52 0.488972 0.881336 0.977945 0.237327
99 0.45929 0.460541 0.912332 0.353111
99 0.486629 0.596774 0.96076 0.581797
110 0.496002 0.581221 0.985756 0.434332
76 0.50147 0.552851 0.968571 0.313652
74 0.485848 0.281106 0.968571 0.562212
97 0.49444 0.455357 0.985756 0.467166
109 0.496002 0.581221 0.985756 0.434332
50 0.481161 0.166763 0.962323 0.333525
56 0.49444 0.427131 0.976382 0.854263
46 0.492097 0.5553 0.984194 0.264977
100 0.244486 0.454493 0.478037 0.336406
50 0.496783 0.740783 0.992005 0.518433
53 0.496783 0.104335 0.979507 0.208669
80 0.495221 0.308756 0.987318 0.617512
102 0.47999 0.628888 0.952168 0.670795
111 0.496783 0.740783 0.992005 0.518433
1 0.773686 0.571429 0.421016 0.18894
110 0.484286 0.889401 0.962323 0.221198
13 0.773686 0.571429 0.421016 0.18894
111 0.496002 0.581221 0.985756 0.434332
101 0.496783 0.740783 0.992005 0.518433
67 0.49444 0.351382 0.985756 0.702765
108 0.495221 0.308756 0.987318 0.617512
77 0.49444 0.234447 0.985756 0.468894
102 0.503813 0.0815092 0.96076 0.163018
99 0.244486 0.454493 0.478037 0.336406
18 0.773686 0.571429 0.421016 0.18894
52 0.485067 0.794355 0.96076 0.41129
53 0.481161 0.166763 0.962323 0.333525
77 0.492878 0.149482 0.982631 0.298963
50 0.321035 0.483295 0.630353 0.384793
50 0.560834 0.511521 0.856092 0.324885
100 0.484286 0.889401 0.962323 0.221198
95 0.49444 0.495392 0.985756 0.376728
77 0.496783 0.740783 0.992005 0.518433
7 0.773686 0.571429 0.421016 0.18894
99 0.485067 0.794355 0.96076 0.41129
50 0.686592 0.499424 0.610825 0.345622
95 0.481161 0.166763 0.962323 0.333525
75 0.496002 0.581221 0.985756 0.434332
84 0.496002 0.877304 0.992005 0.245392
101 0.499517 0.572581 0.964666 0.198157
95 0.483505 0.911866 0.96076 0.176267
46 0.142942 0.453917 0.280417 0.336406
49 0.496783 0.104335 0.979507 0.208669
109 0.496783 0.104335 0.979507 0.208669
48 0.49444 0.234447 0.985756 0.468894
73 0.244486 0.454493 0.478037 0.336406
46 0.47999 0.628888 0.952168 0.670795
109 0.47999 0.628888 0.952168 0.670795
100 0.481161 0.166763 0.962323 0.333525
99 0.321035 0.483295 0.630353 0.384793
68 0.535839 0.576037 0.907645 0.187788
48 0.14841 0.454781 0.292134 0.33583
6 0.773686 0.571429 0.421016 0.18894
67 0.49444 0.234447 0.985756 0.468894
77 0.47999 0.628888 0.952168 0.670795
12 0.773686 0.571429 0.421016 0.18894
81 0.495221 0.308756 0.987318 0.617512
47 0.142942 0.453917 0.280417 0.336406
76 0.244486 0.454493 0.478037 0.336406
76 0.496783 0.104335 0.979507 0.208669
100 0.496783 0.104335 0.979507 0.208669
49 0.484286 0.889401 0.962323 0.221198
47 0.50147 0.552851 0.968571 0.313652
84 0.50147 0.552851 0.968571 0.313652
102 0.496783 0.740783 0.992005 0.518433
102 0.49444 0.234447 0.985756 0.468894
110 0.492878 0.149482 0.982631 0.298963
109 0.49444 0.234447 0.985756 0.468894
26 0.773686 0.571429 0.421016 0.18894
109 0.497565 0.516417 0.967009 0.3197
101 0.477256 0.248416 0.954512 0.496832
48 0.686592 0.499424 0.610825 0.345622
73 0.50147 0.552851 0.968571 0.313652
110 0.496783 0.740783 0.992005 0.518433
4 0.853749 0.578917 0.271825 0.179724
75 0.492097 0.5553 0.984194 0.264977
49 0.481161 0.166763 0.962323 0.333525
110 0.49444 0.234447 0.985756 0.468894
76 0.45929 0.460541 0.912332 0.353111
111 0.47999 0.628888 0.952168 0.670795
67 0.492878 0.149482 0.982631 0.298963
51 0.142942 0.453917 0.280417 0.336406
48 0.499517 0.572581 0.964666 0.198157
50 0.108769 0.446429 0.209727 0.313364
67 0.496783 0.740783 0.992005 0.518433
100 0.496783 0.740783 0.992005 0.518433
73 0.45929 0.460541 0.912332 0.353111
84 0.496783 0.740783 0.992005 0.518433
23 0.757673 0.580069 0.45929 0.182028
19 0.773686 0.571429 0.421016 0.18894
99 0.14841 0.454781 0.292134 0.33583
67 0.47999 0.628888 0.952168 0.670795
49 0.499517 0.572581 0.964666 0.198157
48 0.560834 0.511521 0.856092 0.324885
104 0.495221 0.308756 0.987318 0.617512
51 0.496002 0.877304 0.992005 0.245392
5 0.762359 0.573733 0.454604 0.182028
67 0.492097 0.5553 0.984194 0.264977
48 0.340953 0.871544 0.681906 0.256912
46 0.484286 0.889401 0.962323 0.221198
111 0.492097 0.5553 0.984194 0.264977
103 0.489753 0.49424 0.976382 0.381336
76 0.486629 0.596774 0.96076 0.581797
56 0.485848 0.281106 0.968571 0.562212
51 0.486629 0.596774 0.96076 0.581797
68 0.707291 0.542051 0.567864 0.262673
49 0.686592 0.499424 0.610825 0.345622
47 0.321035 0.483295 0.630353 0.384793
33 0.495612 0.380184 0.986537 0.760369
100 0.142942 0.453917 0.280417 0.336406
47 0.488972 0.881336 0.977945 0.237327
17 0.485848 0.281106 0.968571 0.562212
103 0.477256 0.875576 0.954512 0.248848
77 0.503813 0.0815092 0.96076 0.163018
75 0.483895 0.235599 0.963104 0.471198
102 0.707291 0.542051 0.567864 0.262673
68 0.340953 0.871544 0.681906 0.256912
79 0.495221 0.308756 0.987318 0.617512
52 0.47999 0.628888 0.952168 0.670795
101 0.707291 0.542051 0.567864 0.262673
110 0.47999 0.628888 0.952168 0.670795
49 0.496783 0.740783 0.992005 0.518433
102 0.535839 0.576037 0.907645 0.187788
46 0.496783 0.740783 0.992005 0.518433
54 0.495612 0.380184 0.986537 0.760369
76 0.484286 0.889401 0.962323 0.221198
53 0.499517 0.572581 0.964666 0.198157
74 0.49444 0.427131 0.976382 0.854263
48 0.406956 0.911866 0.813912 0.176267
100 0.499517 0.572581 0.964666 0.198157
48 0.474131 0.168203 0.948263 0.336406
84 0.483895 0.235599 0.963104 0.471198
2 0.495221 0.308756 0.987318 0.617512
49 0.560834 0.511521 0.856092 0.324885
95 0.500689 0.839286 0.979507 0.321429
16 0.773686 0.571429 0.421016 0.18894
100 0.321035 0.483295 0.630353 0.384793
95 0.496002 0.581221 0.985756 0.434332
56 0.488972 0.881336 0.977945 0.237327
46 0.686592 0.499424 0.610825 0.345622
46 0.496783 0.104335 0.979507 0.208669
48 0.239409 0.884217 0.478818 0.231567
51 0.496783 0.104335 0.979507 0.208669
68 0.318496 0.918203 0.636992 0.163594
21 0.773686 0.571429 0.421016 0.18894
76 0.481161 0.166763 0.962323 0.333525
84 0.486629 0.596774 0.96076 0.581797
53 0.340953 0.871544 0.681906 0.256912
22 0.772123 0.580069 0.413205 0.182028
53 0.477256 0.248416 0.954512 0.496832
50 0.498736 0.486463 0.963104 0.395737
49 0.504985 0.484447 0.989661 0.392857
68 0.503032 0.479839 0.973258 0.415899
48 0.504985 0.484447 0.989661 0.392857
76 0.503032 0.479839 0.973258 0.415899
100 0.503032 0.479839 0.973258 0.415899
110 0.503032 0.479839 0.973258 0.415899
101 0.503032 0.479839 0.973258 0.415899
47 0.498736 0.486463 0.963104 0.395737
97 0.503032 0.479839 0.973258 0.415899
73 0.497565 0.488767 0.965447 0.400346
46 0.498736 0.486463 0.963104 0.395737
77 0.503032 0.479839 0.973258 0.415899
53 0.503032 0.479839 0.973258 0.415899
102 0.503032 0.479839 0.973258 0.415899
51 0.504985 0.484447 0.989661 0.392857
109 0.503032 0.479839 0.973258 0.415899
111 0.503032 0.479839 0.973258 0.415899
103 0.503032 0.479839 0.973258 0.415899
84 0.504594 0.466302 0.962323 0.43606
67 0.503032 0.479839 0.973258 0.415899
99 0.503032 0.479839 0.973258 0.415899
95 0.503032 0.479839 0.973258 0.415899
52 0.506547 0.489631 0.983413 0.398618
75 0.504594 0.466302 0.962323 0.43606
68 0.935765 0.485599 0.118728 0.381336
68 0.504595 0.549395 0.952949 0.269873
102 0.504595 0.549395 0.952949 0.269873
74 0.504594 0.466302 0.962323 0.43606
68 0.928735 0.583093 0.13435 0.218606
68 0.828168 0.556452 0.333923 0.251152
102 0.938108 0.539171 0.115604 0.296083
68 0.500298 0.608295 0.980288 0.133641
54 0.502251 0.467742 0.968571 0.436636
77 0.938108 0.539171 0.115604 0.296083
101 0.938108 0.539171 0.115604 0.296083
50 0.506938 0.50576 0.979507 0.364055
49 0.506938 0.50576 0.979507 0.364055
77 0.505376 0.519873 0.976382 0.350806
102 0.505376 0.519873 0.976382 0.350806
51 0.506639 0.488479 0.986721 0.407834
48 0.506639 0.488479 0.986721 0.407834
101 0.505376 0.519873 0.976382 0.350806
100 0.506938 0.50576 0.979507 0.364055
76 0.505376 0.499136 0.984194 0.355415
47 0.506639 0.488479 0.986721 0.407834
68 0.505376 0.519873 0.976382 0.350806
73 0.506938 0.50576 0.979507 0.364055
99 0.506639 0.488479 0.986721 0.407834
110 0.505376 0.519873 0.976382 0.350806
46 0.506938 0.50576 0.979507 0.364055
111 0.488972 0.485311 0.965447 0.40265
77 0.397973 0.488767 0.785012 0.392281
67 0.505376 0.519873 0.976382 0.350806
50 0.504985 0.458525 0.96779 0.430876
49 0.504985 0.458525 0.96779 0.430876
48 0.504595 0.488479 0.957636 0.366359
77 0.504985 0.458525 0.96779 0.430876
102 0.502642 0.473214 0.969353 0.419931
99 0.504985 0.458525 0.96779 0.430876
73 0.504985 0.458525 0.96779 0.430876
51 0.504594 0.432604 0.971696 0.491936
101 0.505376 0.459965 0.965447 0.43606
46 0.504594 0.432604 0.971696 0.491936
76 0.504985 0.458525 0.96779 0.430876
100 0.504985 0.458525 0.96779 0.430876
110 0.504985 0.458525 0.96779 0.430876
47 0.504594 0.432604 0.971696 0.491936
68 0.502642 0.473214 0.969353 0.419931
67 0.505376 0.459965 0.965447 0.43606
50 0.503813 0.119384 0.976382 0.238767
111 0.504595 0.488479 0.957636 0.366359
109 0.504985 0.458525 0.96779 0.430876
50 0.497565 0.486463 0.973258 0.381912
49 0.505858 0.482143 0.988283 0.388249
51 0.505858 0.482143 0.988283 0.388249
73 0.505858 0.482143 0.988283 0.388249
46 0.505858 0.482143 0.988283 0.388249
99 0.496393 0.491359 0.975601 0.369816
47 0.490535 0.478687 0.965447 0.385945
100 0.505858 0.482143 0.988283 0.388249
48 0.490535 0.478687 0.965447 0.385945
50 0.654176 0.498272 0.677219 0.360599
76 0.496393 0.491359 0.975601 0.369816
110 0.496393 0.491359 0.975601 0.369816
102 0.497174 0.496544 0.970915 0.368664
49 0.654176 0.498272 0.677219 0.360599
51 0.654176 0.498272 0.677219 0.360599
50 0.50147 0.487903 0.981069 0.384793
47 0.503515 0.491935 0.99297 0.382489
49 0.493659 0.493088 0.973258 0.379032
48 0.503515 0.491935 0.99297 0.382489
73 0.500689 0.493088 0.987318 0.37788
46 0.500689 0.493088 0.987318 0.37788
51 0.503515 0.491935 0.99297 0.382489
99 0.500689 0.493088 0.987318 0.37788
76 0.50147 0.487903 0.981069 0.384793
100 0.500689 0.493088 0.987318 0.37788
110 0.505766 0.491359 0.975601 0.374424
101 0.500689 0.493088 0.987318 0.37788
97 0.500689 0.492512 0.985756 0.374424
34 0.503515 0.491935 0.99297 0.382489
77 0.505766 0.491359 0.975601 0.374424
111 0.493659 0.493088 0.973258 0.379032
50 0.503032 0.487615 0.979507 0.377304
49 0.496783 0.486175 0.977945 0.370968
48 0.496783 0.486175 0.977945 0.370968
51 0.496783 0.486175 0.977945 0.370968
100 0.503032 0.487615 0.979507 0.377304
47 0.479209 0.486175 0.944357 0.37788
76 0.503032 0.487615 0.979507 0.377304
99 0.503032 0.487615 0.979507 0.377304
46 0.49444 0.491935 0.948263 0.384793
73 0.503032 0.487615 0.979507 0.377304
110 0.503032 0.487615 0.979507 0.377304
101 0.503032 0.487615 0.979507 0.377304
102 0.503032 0.487615 0.979507 0.377304
77 0.503032 0.487615 0.979507 0.377304
97 0.503813 0.488767 0.976382 0.381912
75 0.503032 0.487615 0.979507 0.377304
48 0.497174 0.496256 0.96779 0.391129
47 0.491316 0.495392 0.967009 0.396313
49 0.497174 0.496256 0.96779 0.391129
50 0.503813 0.492224 0.971696 0.383064
46 0.497174 0.496256 0.96779 0.391129
99 0.506157 0.4928 0.971696 0.38076
73 0.506157 0.4928 0.971696 0.38076
100 0.503813 0.492224 0.971696 0.383064
111 0.497174 0.496256 0.96779 0.391129
101 0.504595 0.49856 0.97482 0.384217
77 0.503813 0.492224 0.971696 0.383064
51 0.491316 0.495392 0.967009 0.396313
76 0.496783 0.491935 0.965447 0.385945
102 0.503813 0.492224 0.971696 0.383064
110 0.496783 0.491935 0.965447 0.385945
67 0.504595 0.49856 0.97482 0.384217
84 0.497174 0.496256 0.96779 0.391129
53 0.497174 0.496256 0.96779 0.391129
68 0.504595 0.49856 0.97482 0.384217
49 0.505766 0.497696 0.978726 0.375576
50 0.505766 0.497696 0.978726 0.375576
99 0.5085 0.496544 0.973258 0.370968
48 0.499908 0.494816 0.965447 0.380184
46 0.499908 0.494816 0.965447 0.380184
47 0.499908 0.494816 0.965447 0.380184
100 0.5085 0.496544 0.973258 0.370968
73 0.5085 0.496544 0.973258 0.370968
77 0.5085 0.496544 0.973258 0.370968
51 0.499908 0.494816 0.965447 0.380184
110 0.5085 0.496544 0.973258 0.370968
101 0.5085 0.496544 0.973258 0.370968
102 0.506157 0.494816 0.977945 0.376728
76 0.5085 0.496544 0.973258 0.370968
111 0.506157 0.494816 0.977945 0.376728
49 0.492878 0.493664 0.971696 0.376728
50 0.499908 0.493952 0.987318 0.371544
48 0.492487 0.487327 0.974039 0.387097
47 0.492487 0.487327 0.974039 0.387097
102 0.501079 0.497696 0.988099 0.366359
101 0.501079 0.497696 0.988099 0.366359
46 0.499517 0.490783 0.984975 0.385945
67 0.491316 0.494816 0.970134 0.37788
51 0.499517 0.490783 0.984975 0.385945
100 0.499908 0.493952 0.987318 0.371544
77 0.501079 0.497696 0.988099 0.366359
99 0.501079 0.497696 0.988099 0.366359
53 0.490535 0.499712 0.965447 0.379608
49 0.497565 0.490783 0.954512 0.380184
50 0.506157 0.494816 0.97482 0.374424
101 0.504595 0.492512 0.977945 0.381336
48 0.494831 0.491359 0.972477 0.384793
46 0.499517 0.487039 0.984975 0.381912
47 0.499517 0.487039 0.984975 0.381912
51 0.499517 0.487039 0.984975 0.381912
100 0.504595 0.492512 0.977945 0.381336
77 0.504595 0.492512 0.977945 0.381336
99 0.504595 0.492512 0.977945 0.381336
110 0.504595 0.492512 0.977945 0.381336
102 0.504595 0.492512 0.977945 0.381336
73 0.504595 0.492512 0.977945 0.381336
76 0.506157 0.494816 0.97482 0.374424
111 0.497565 0.490783 0.954512 0.380184
67 0.496783 0.494528 0.949825 0.384217
4 0.492097 0.483007 0.962323 0.384217
49 0.495612 0.491935 0.977164 0.387097
50 0.495612 0.491935 0.977164 0.387097
46 0.496783 0.491935 0.97482 0.385945
48 0.506157 0.491935 0.977945 0.380184
47 0.496783 0.491935 0.97482 0.385945
101 0.5085 0.495392 0.973258 0.37788
100 0.5085 0.495392 0.973258 0.37788
51 0.506938 0.485311 0.981069 0.391129
102 0.5085 0.495392 0.973258 0.37788
99 0.5085 0.495392 0.973258 0.37788
73 0.506157 0.491935 0.977945 0.380184
77 0.5085 0.495392 0.973258 0.37788
110 0.5085 0.495392 0.973258 0.37788
76 0.5085 0.495392 0.973258 0.37788
49 0.498736 0.489919 0.980288 0.383065
48 0.50147 0.495104 0.977945 0.371544
47 0.502343 0.487903 0.995313 0.385945
46 0.502343 0.487903 0.995313 0.385945
50 0.502343 0.487903 0.995313 0.385945
51 0.502343 0.487903 0.995313 0.385945
101 0.50147 0.495104 0.977945 0.371544
100 0.50147 0.495104 0.977945 0.371544
50 0.512015 0.119384 0.969353 0.238191
49 0.496783 0.491359 0.968571 0.385945
46 0.489753 0.485599 0.956074 0.392857
48 0.498736 0.477823 0.989661 0.40265
50 0.496002 0.489919 0.967009 0.384217
47 0.489753 0.485599 0.956074 0.392857
51 0.489753 0.485599 0.956074 0.392857
100 0.496002 0.489919 0.967009 0.384217
76 0.497174 0.485887 0.984975 0.389977
49 0.486239 0.483295 0.955293 0.388249
47 0.499908 0.485023 0.962323 0.388249
48 0.497174 0.487327 0.955293 0.383641
50 0.486239 0.483295 0.955293 0.388249
46 0.507328 0.481855 0.98185 0.393433
51 0.507328 0.481855 0.98185 0.393433
100 0.507719 0.483007 0.977945 0.389977
73 0.507719 0.483007 0.977945 0.389977
99 0.507719 0.483007 0.977945 0.389977
76 0.507328 0.481855 0.98185 0.393433
53 0.486239 0.483295 0.955293 0.388249
49 0.504594 0.490783 0.976382 0.379032
48 0.499517 0.489631 0.986537 0.380184
47 0.494831 0.487903 0.972477 0.382488
50 0.504594 0.490783 0.976382 0.379032
46 0.494831 0.487903 0.972477 0.382488
101 0.504594 0.490783 0.976382 0.379032
51 0.494831 0.487903 0.972477 0.382488
77 0.504594 0.490783 0.976382 0.379032
100 0.499517 0.487615 0.98185 0.384217
49 0.489363 0.4928 0.970915 0.373848
50 0.496783 0.487615 0.985756 0.381912
47 0.499517 0.486751 0.98185 0.385945
46 0.499517 0.486751 0.98185 0.385945
101 0.499517 0.489919 0.980288 0.379608
48 0.499908 0.492512 0.981069 0.37788
51 0.498346 0.491071 0.987318 0.376152
73 0.499517 0.486751 0.98185 0.385945
73 0.504595 0.833237 0.982631 0.333525
100 0.499517 0.486751 0.98185 0.385945
73 0.510062 0.88076 0.973258 0.238479
109 0.499908 0.870968 0.984194 0.258065
76 0.510062 0.88076 0.973258 0.238479
99 0.510062 0.88076 0.973258 0.238479
48 0.499127 0.822581 0.985756 0.354839
99 0.504595 0.833237 0.982631 0.333525
76 0.504595 0.833237 0.982631 0.333525
102 0.48741 0.488479 0.968571 0.381336
49 0.499908 0.488767 0.954511 0.383065
48 0.499517 0.490783 0.958417 0.379032
101 0.5085 0.490495 0.970134 0.378456
50 0.489753 0.485023 0.965447 0.383641
102 0.5085 0.490495 0.970134 0.378456
47 0.506938 0.486175 0.984194 0.387097
46 0.489753 0.485023 0.965447 0.383641
77 0.5085 0.490495 0.970134 0.378456
51 0.489753 0.485023 0.965447 0.383641
49 0.488972 0.494816 0.970134 0.374424
50 0.497955 0.49568 0.984975 0.377304
46 0.481161 0.487903 0.959198 0.381336
101 0.497955 0.49568 0.984975 0.377304
47 0.481161 0.487903 0.959198 0.381336
102 0.497955 0.49568 0.984975 0.377304
48 0.489753 0.489631 0.973258 0.375576
100 0.497955 0.495968 0.984975 0.369816
51 0.489753 0.489631 0.973258 0.375576
77 0.499908 0.490495 0.981069 0.378456
76 0.499908 0.490495 0.981069 0.378456
29 0.497955 0.49568 0.984975 0.377304
73 0.489753 0.489631 0.973258 0.375576
49 0.496783 0.493088 0.963885 0.369816
48 0.510062 0.493088 0.973258 0.37212
50 0.495612 0.489919 0.963104 0.375
101 0.511624 0.491071 0.973258 0.377304
102 0.511624 0.491071 0.973258 0.377304
46 0.493659 0.486751 0.965447 0.379032
47 0.489363 0.488767 0.955293 0.375
77 0.510062 0.493088 0.973258 0.37212
49 0.503813 0.491935 0.976382 0.368664
46 0.493659 0.486175 0.977945 0.379032
47 0.492097 0.489055 0.968571 0.374424
48 0.50147 0.492224 0.981069 0.370392
50 0.49444 0.488479 0.97482 0.37788
76 0.450698 0.485887 0.887336 0.384217
51 0.49444 0.488479 0.97482 0.37788
100 0.503423 0.492224 0.978726 0.365783
101 0.507328 0.49424 0.970915 0.362903
49 0.490535 0.4928 0.967009 0.375
50 0.497565 0.486751 0.98888 0.381336
46 0.496393 0.491935 0.984975 0.380184
48 0.500689 0.491359 0.98888 0.376728
101 0.50147 0.49424 0.987318 0.375576
102 0.500689 0.491359 0.98888 0.376728
51 0.497565 0.486751 0.98888 0.381336
47 0.496393 0.491935 0.984975 0.380184
48 0.491316 0.886233 0.967009 0.227535
49 0.492878 0.486463 0.970134 0.386521
50 0.503813 0.488767 0.982631 0.386521
46 0.490535 0.483295 0.970134 0.391705
48 0.503813 0.488767 0.982631 0.386521
102 0.505376 0.488191 0.981069 0.384217
51 0.501861 0.489631 0.992786 0.398618
47 0.490535 0.483295 0.970134 0.391705
101 0.503813 0.488767 0.982631 0.386521
48 0.499517 0.901498 0.994348 0.197005
48 0.499908 0.720622 0.993567 0.558756
81 0.495221 0.108655 0.987318 0.21731
53 0.503813 0.488767 0.982631 0.386521
100 0.503813 0.488767 0.982631 0.386521
77 0.503813 0.488767 0.982631 0.386521
49 0.505376 0.488479 0.971696 0.381336
50 0.500298 0.488767 0.989661 0.387673
46 0.500689 0.487903 0.985756 0.385945
48 0.503423 0.491359 0.972477 0.384793
47 0.500689 0.487903 0.985756 0.385945
51 0.500689 0.487903 0.985756 0.385945
101 0.503423 0.491359 0.972477 0.384793
102 0.503423 0.491359 0.972477 0.384793
49 0.497174 0.490783 0.974039 0.384793
48 0.496002 0.488479 0.970134 0.384793
101 0.504595 0.491359 0.987318 0.383641
47 0.50147 0.486751 0.981069 0.381336
46 0.50147 0.486751 0.981069 0.381336
50 0.50147 0.486751 0.981069 0.381336
102 0.504595 0.491359 0.987318 0.383641
51 0.499127 0.486175 0.979507 0.387097
77 0.497174 0.490783 0.974039 0.384793
49 0.491706 0.489055 0.972477 0.383641
50 0.485457 0.485311 0.963104 0.38076
101 0.502642 0.486751 0.986537 0.385945
46 0.49405 0.488191 0.980288 0.387673
47 0.49405 0.488191 0.980288 0.387673
48 0.49405 0.488191 0.980288 0.387673
51 0.497174 0.487615 0.984975 0.384217
49 0.490535 0.489631 0.965447 0.383641
50 0.490535 0.489631 0.965447 0.383641
101 0.500298 0.491359 0.988099 0.379032
102 0.500689 0.492512 0.98888 0.381336
46 0.492097 0.487327 0.971696 0.390553
76 0.500689 0.492512 0.98888 0.381336
48 0.499127 0.487327 0.98888 0.390553
81 0.503813 0.102319 0.981069 0.204637
49 0.496393 0.488479 0.984975 0.382489
101 0.503423 0.491359 0.991224 0.380184
50 0.489753 0.488767 0.962323 0.38076
102 0.503423 0.491359 0.991224 0.380184
48 0.498346 0.491647 0.985756 0.376152
46 0.491316 0.486751 0.968571 0.381336
77 0.503423 0.491359 0.991224 0.380184
47 0.489753 0.488767 0.962323 0.38076
100 0.496393 0.492512 0.977164 0.37788
76 0.503423 0.491359 0.991224 0.380184
51 0.491316 0.486751 0.968571 0.381336
49 0.489753 0.491359 0.967009 0.374424
48 0.499127 0.487039 0.985756 0.38076
50 0.499127 0.487039 0.985756 0.38076
101 0.497565 0.490207 0.982631 0.376728
46 0.500689 0.486175 0.98888 0.387097
102 0.498736 0.488479 0.984975 0.37788
51 0.499127 0.487039 0.985756 0.38076
47 0.499127 0.487039 0.985756 0.38076
76 0.499127 0.487039 0.985756 0.38076
100 0.497565 0.490207 0.982631 0.376728
49 0.488191 0.492224 0.967009 0.38076
48 0.500689 0.489631 0.984194 0.383641
50 0.500689 0.489631 0.984194 0.383641
102 0.500689 0.489631 0.984194 0.383641
47 0.499908 0.487039 0.981069 0.385369
101 0.500689 0.489631 0.984194 0.383641
46 0.499908 0.487039 0.981069 0.385369
49 0.503423 0.488479 0.980288 0.381336
50 0.499127 0.485023 0.985756 0.382489
46 0.503813 0.486175 0.982631 0.383641
48 0.503813 0.486175 0.982631 0.383641
101 0.503813 0.486175 0.982631 0.383641
51 0.503813 0.486175 0.982631 0.383641
47 0.503813 0.486175 0.982631 0.383641
49 0.496783 0.489343 0.965447 0.378456
48 0.505376 0.490207 0.979507 0.37788
50 0.502251 0.486751 0.985756 0.381336
101 0.510843 0.490207 0.971696 0.381336
46 0.502251 0.486751 0.985756 0.381336
102 0.510843 0.490207 0.971696 0.381336
51 0.502251 0.485023 0.985756 0.383641
100 0.505376 0.491359 0.981069 0.37788
81 0.499908 0.0992223 0.987318 0.198445
76 0.505376 0.490207 0.979507 0.37788
47 0.505376 0.491359 0.981069 0.37788
105 0.499908 0.0992223 0.987318 0.198445
34 0.502251 0.485023 0.985756 0.383641
49 0.493659 0.491647 0.967009 0.376152
46 0.500689 0.492224 0.985756 0.377304
50 0.500689 0.492224 0.985756 0.377304
48 0.500689 0.492224 0.985756 0.377304
47 0.500689 0.492224 0.985756 0.377304
101 0.50147 0.491647 0.984194 0.376152
51 0.500689 0.492224 0.985756 0.377304
81 0.502251 0.0751728 0.973258 0.150346
49 0.499127 0.488191 0.970134 0.381912
101 0.505376 0.487615 0.979507 0.381912
48 0.503813 0.488191 0.982631 0.38076
50 0.503813 0.485599 0.98888 0.380184
46 0.504595 0.489055 0.990442 0.384793
51 0.503813 0.488191 0.982631 0.38076
47 0.504595 0.489055 0.990442 0.384793
102 0.505376 0.487615 0.979507 0.381912
49 0.495221 0.491935 0.962323 0.379032
48 0.504595 0.49424 0.97482 0.37788
46 0.504595 0.49424 0.97482 0.37788
50 0.504595 0.49424 0.97482 0.37788
105 0.504204 0.0816532 0.975601 0.163306
47 0.504595 0.493664 0.97482 0.376728
101 0.504595 0.49424 0.97482 0.37788
51 0.504595 0.49424 0.97482 0.37788
49 0.497174 0.490783 0.964666 0.374424
50 0.506157 0.489055 0.971696 0.376728
101 0.506157 0.489055 0.971696 0.376728
48 0.506157 0.489055 0.971696 0.376728
4 0.50147 0.487327 0.98888 0.381336
51 0.506157 0.489055 0.971696 0.376728
49 0.501861 0.489631 0.959979 0.380184
101 0.5085 0.496256 0.967009 0.365783
50 0.506157 0.49424 0.971696 0.369816
48 0.5085 0.496256 0.967009 0.365783
102 0.5085 0.496256 0.967009 0.365783
46 0.505468 0.488479 0.989065 0.388249
49 0.50147 0.487615 0.962323 0.387673
48 0.5085 0.488767 0.971696 0.381912
50 0.492878 0.482719 0.973258 0.387097
47 0.500298 0.486751 0.958417 0.387097
46 0.500298 0.486751 0.958417 0.387097
101 0.5085 0.488767 0.971696 0.381912
49 0.504204 0.487327 0.991224 0.384793
50 0.504595 0.49424 0.981069 0.37212
101 0.507719 0.49424 0.971696 0.370968
48 0.504595 0.49424 0.981069 0.37212
47 0.506249 0.489343 0.987502 0.387673
49 0.493659 0.491935 0.962323 0.376728
48 0.505376 0.493088 0.976382 0.369816
50 0.505376 0.493088 0.976382 0.369816
46 0.505468 0.489631 0.989065 0.381336
47 0.505468 0.489631 0.989065 0.381336
101 0.505376 0.493088 0.976382 0.369816
49 0.505376 0.491935 0.979507 0.375576
50 0.499127 0.489055 0.982631 0.385945
48 0.504595 0.491935 0.981069 0.375576
101 0.504595 0.491935 0.981069 0.375576
46 0.499127 0.487327 0.984194 0.382489
76 0.499127 0.489055 0.982631 0.385945
49 0.492878 0.487615 0.970134 0.385369
50 0.502642 0.487327 0.986537 0.384793
48 0.5085 0.487615 0.976382 0.381912
46 0.502642 0.487327 0.986537 0.384793
47 0.503813 0.488767 0.984194 0.379608
101 0.503813 0.487903 0.985756 0.382488
49 0.50147 0.486463 0.990442 0.383065
48 0.503423 0.489055 0.980288 0.376728
50 0.503423 0.486751 0.991224 0.385945
46 0.503423 0.486751 0.991224 0.385945
101 0.503423 0.489055 0.980288 0.376728
47 0.503423 0.486751 0.991224 0.385945
49 0.499127 0.490207 0.970134 0.380184
48 0.502642 0.492512 0.975601 0.37212
50 0.502642 0.492512 0.975601 0.37212
101 0.503032 0.491071 0.97482 0.375
102 0.503032 0.491071 0.97482 0.375
47 0.503813 0.485887 0.98888 0.385369
49 0.505376 0.491359 0.97482 0.375576
50 0.503813 0.490207 0.979507 0.37788
48 0.503813 0.490207 0.979507 0.37788
101 0.505376 0.490207 0.973258 0.37788
46 0.495221 0.489343 0.965447 0.383065
49 0.496783 0.487903 0.959198 0.381336
50 0.505376 0.489055 0.977945 0.37788
48 0.505376 0.489055 0.977945 0.37788
101 0.505376 0.489055 0.977945 0.37788
49 0.505376 0.486751 0.98888 0.381336
50 0.507328 0.489631 0.975601 0.376728
48 0.507328 0.489631 0.975601 0.376728
101 0.507328 0.489631 0.975601 0.376728
102 0.510453 0.489919 0.972477 0.377304
49 0.506157 0.487615 0.985756 0.384217
48 0.506938 0.489055 0.976382 0.381336
50 0.506938 0.489055 0.976382 0.381336
101 0.506938 0.489055 0.976382 0.381336
102 0.506938 0.489055 0.976382 0.381336
47 0.506938 0.489055 0.977945 0.376728
49 0.504985 0.487327 0.984975 0.383641
48 0.506547 0.489631 0.980288 0.380184
50 0.506547 0.489631 0.980288 0.380184
46 0.506547 0.489631 0.980288 0.380184
47 0.506157 0.488479 0.982631 0.379032
101 0.506547 0.489631 0.980288 0.380184
49 0.505766 0.487615 0.984975 0.384217
48 0.509672 0.490783 0.978726 0.376728
50 0.509672 0.490783 0.978726 0.376728
101 0.509672 0.490783 0.978726 0.376728
46 0.509672 0.490783 0.978726 0.376728
51 0.509672 0.490783 0.978726 0.376728
47 0.509672 0.490783 0.978726 0.376728
76 0.509672 0.490783 0.978726 0.376728
102 0.509672 0.490783 0.978726 0.376728
81 0.260694 0.0637241 0.521388 0.127448
81 0.851107 0.0702045 0.297786 0.140409
49 0.496783 0.489055 0.968571 0.380184
48 0.507719 0.489919 0.981069 0.379608
50 0.507719 0.489919 0.981069 0.379608
101 0.507719 0.489919 0.981069 0.379608
47 0.506938 0.489631 0.982631 0.37788
51 0.507719 0.489919 0.981069 0.379608
49 0.49444 0.487903 0.967009 0.382488
48 0.507719 0.487327 0.977945 0.383641
50 0.507719 0.487327 0.977945 0.383641
101 0.507719 0.487327 0.977945 0.383641
46 0.507719 0.487327 0.977945 0.383641
47 0.507719 0.487327 0.977945 0.383641
49 0.492878 0.485887 0.968571 0.384217
50 0.504595 0.485023 0.981069 0.387097
48 0.504595 0.485023 0.981069 0.387097
101 0.504595 0.485023 0.981069 0.387097
46 0.504595 0.485023 0.981069 0.387097
47 0.504595 0.485023 0.981069 0.387097
49 0.492097 0.485599 0.968571 0.382489
50 0.503032 0.485887 0.982631 0.383064
48 0.503032 0.485887 0.982631 0.383064
101 0.503032 0.485887 0.982631 0.383064
46 0.503032 0.485887 0.982631 0.383064
49 0.490535 0.485887 0.968571 0.383064
48 0.502251 0.487615 0.982631 0.38076
50 0.483505 0.486175 0.957636 0.383641
101 0.502251 0.487615 0.982631 0.38076
46 0.483505 0.486175 0.957636 0.383641
4 0.483505 0.485887 0.956074 0.383064
49 0.492097 0.487903 0.971696 0.381336
48 0.501861 0.488479 0.983413 0.379032
50 0.491316 0.486175 0.970134 0.382488
101 0.501861 0.488479 0.983413 0.379032
47 0.480771 0.486175 0.952168 0.382488
46 0.480771 0.486175 0.952168 0.382488
4 0.478427 0.486751 0.947482 0.380184
49 0.490535 0.487327 0.971696 0.380184
50 0.489363 0.486463 0.970915 0.383065
48 0.500298 0.489055 0.983413 0.37788
46 0.481942 0.485311 0.954512 0.381912
47 0.481942 0.485311 0.954512 0.381912
4 0.47999 0.485887 0.949044 0.38076
101 0.500298 0.489055 0.983413 0.37788
49 0.491316 0.487903 0.970134 0.381336
48 0.501861 0.489631 0.983413 0.37788
50 0.490535 0.487327 0.971696 0.382489
46 0.48038 0.485023 0.951387 0.382489
47 0.48038 0.485023 0.951387 0.382489
101 0.501861 0.489631 0.983413 0.37788
4 0.478037 0.485887 0.9467 0.381912
49 0.492097 0.489055 0.968571 0.380184
48 0.503032 0.491359 0.984194 0.375576
50 0.490535 0.488191 0.968571 0.381912
46 0.496783 0.486751 0.984194 0.382489
47 0.496783 0.486751 0.984194 0.382489
101 0.503032 0.491359 0.984194 0.375576
49 0.491316 0.489631 0.968571 0.379032
50 0.503423 0.4928 0.984975 0.373848
48 0.503423 0.4928 0.984975 0.373848
46 0.47999 0.485023 0.950606 0.382489
47 0.47999 0.485023 0.950606 0.382489
49 0.489753 0.488767 0.970134 0.381912
50 0.502251 0.491935 0.98888 0.375576
48 0.502251 0.491935 0.98888 0.375576
46 0.477646 0.485887 0.944357 0.384217
47 0.489753 0.488767 0.970134 0.381912
49 0.490144 0.487903 0.972477 0.385945
50 0.502642 0.490783 0.988099 0.379032
48 0.502642 0.490783 0.988099 0.379032
46 0.478427 0.485599 0.945919 0.385945
81 0.359113 0.100806 0.718227 0.201613
47 0.478427 0.485599 0.945919 0.385945
101 0.502642 0.490783 0.988099 0.379032
49 0.489753 0.488191 0.973258 0.385369
50 0.501861 0.490207 0.988099 0.380184
48 0.501861 0.490207 0.988099 0.380184
101 0.501861 0.490207 0.988099 0.380184
46 0.496002 0.487903 0.979507 0.385945
49 0.496783 0.487615 0.981069 0.386521
48 0.501861 0.489631 0.989661 0.382488
50 0.502251 0.490207 0.98888 0.381336
101 0.501861 0.489631 0.989661 0.382488
49 0.489753 0.487903 0.973258 0.385945
48 0.50147 0.489631 0.990442 0.380184
50 0.50147 0.489631 0.990442 0.380184
101 0.50147 0.489631 0.990442 0.380184
49 0.490925 0.487615 0.972477 0.384217
48 0.502642 0.490207 0.988099 0.379032
50 0.502642 0.490207 0.988099 0.379032
101 0.502642 0.490207 0.988099 0.379032
49 0.498736 0.487039 0.98185 0.385369
48 0.503032 0.489919 0.987318 0.379608
101 0.503032 0.489919 0.987318 0.379608
50 0.503032 0.489919 0.987318 0.379608
49 0.496393 0.486175 0.980288 0.387097
48 0.502251 0.489343 0.985756 0.38076
101 0.502251 0.489343 0.985756 0.38076
50 0.502251 0.489343 0.985756 0.38076
49 0.494831 0.485887 0.978726 0.387673
48 0.500689 0.489055 0.985756 0.381336
101 0.500689 0.489055 0.985756 0.381336
50 0.500689 0.489055 0.985756 0.381336
46 0.500689 0.489055 0.985756 0.381336
49 0.494831 0.485887 0.978726 0.386521
48 0.500689 0.489055 0.985756 0.381336
101 0.500689 0.489055 0.985756 0.381336
50 0.490535 0.488479 0.970134 0.387097
46 0.500689 0.489055 0.985756 0.381336
49 0.49405 0.486751 0.977164 0.387097
48 0.500689 0.489343 0.985756 0.381912
101 0.500689 0.489343 0.985756 0.381912
50 0.500689 0.489343 0.985756 0.381912
46 0.500689 0.489343 0.985756 0.381912
4 0.486629 0.486175 0.957636 0.387097
49 0.49405 0.487039 0.977164 0.386521
48 0.500689 0.489631 0.985756 0.381336
101 0.500689 0.489631 0.985756 0.381336
46 0.500689 0.489631 0.985756 0.381336
50 0.500689 0.489631 0.984194 0.380184
47 0.500689 0.489631 0.984194 0.380184
4 0.48741 0.486751 0.959198 0.387097
49 0.495612 0.487039 0.978726 0.385369
48 0.501079 0.489919 0.983412 0.379608
101 0.501079 0.489919 0.983412 0.379608
50 0.501079 0.489919 0.983412 0.379608
46 0.501079 0.489919 0.983412 0.379608
47 0.501079 0.489919 0.983412 0.379608
4 0.48702 0.486751 0.958417 0.385945
49 0.496002 0.487327 0.977945 0.385945
48 0.500689 0.490495 0.982631 0.378456
46 0.500689 0.490495 0.982631 0.378456
50 0.500689 0.490495 0.982631 0.378456
47 0.500689 0.490495 0.982631 0.378456
101 0.491706 0.489919 0.96779 0.384217
4 0.486629 0.487039 0.957636 0.386521
49 0.496393 0.487615 0.978726 0.386521
48 0.501079 0.490495 0.98185 0.378456
101 0.492097 0.489919 0.967009 0.384217
46 0.501079 0.490495 0.98185 0.378456
47 0.501079 0.490495 0.98185 0.378456
50 0.501079 0.490495 0.98185 0.378456
4 0.486238 0.487327 0.956855 0.387097
49 0.491316 0.489343 0.970134 0.383065
48 0.501861 0.490495 0.98185 0.378456
47 0.50147 0.490495 0.982631 0.378456
46 0.50147 0.490495 0.982631 0.378456
101 0.492097 0.489919 0.967009 0.384217
4 0.485848 0.487039 0.956074 0.386521
50 0.50147 0.490495 0.982631 0.378456
49 0.491316 0.489055 0.970134 0.382489
48 0.50147 0.490495 0.984194 0.378456
47 0.50147 0.490495 0.984194 0.378456
50 0.50147 0.490495 0.984194 0.378456
46 0.50147 0.490495 0.984194 0.378456
101 0.491316 0.490207 0.967009 0.383641
4 0.485848 0.486751 0.956074 0.387097
49 0.491316 0.489055 0.970134 0.382489
48 0.50147 0.490207 0.984194 0.379032
47 0.50147 0.490207 0.984194 0.379032
46 0.50147 0.490207 0.984194 0.379032
50 0.50147 0.490207 0.984194 0.379032
4 0.485848 0.486751 0.956074 0.387097
101 0.492097 0.489919 0.968571 0.383065
49 0.490925 0.489055 0.970915 0.382489
48 0.50147 0.490495 0.984194 0.378456
47 0.50147 0.490495 0.984194 0.378456
46 0.50147 0.490495 0.984194 0.378456
50 0.50147 0.490495 0.984194 0.378456
101 0.491706 0.490207 0.96779 0.383641
4 0.485067 0.486463 0.956074 0.386521
49 0.490925 0.489631 0.972477 0.382488
48 0.502251 0.491359 0.982631 0.37788
46 0.502251 0.491359 0.982631 0.37788
47 0.502251 0.491359 0.982631 0.37788
101 0.492097 0.490495 0.968571 0.383064
4 0.484286 0.487039 0.954512 0.387673
49 0.490535 0.489631 0.971696 0.382488
48 0.502251 0.491359 0.982631 0.37788
46 0.502251 0.491359 0.982631 0.37788
47 0.502251 0.491359 0.982631 0.37788
101 0.502251 0.491359 0.982631 0.37788
4 0.483895 0.487039 0.95373 0.387673
49 0.490925 0.489343 0.970915 0.383065
48 0.502251 0.491359 0.982631 0.379032
101 0.502251 0.491359 0.982631 0.379032
46 0.502251 0.491359 0.982631 0.379032
47 0.502251 0.491359 0.982631 0.379032
4 0.483505 0.486751 0.952949 0.387097
49 0.490535 0.489343 0.971696 0.383065
48 0.502251 0.491359 0.982631 0.379032
101 0.502251 0.491359 0.982631 0.379032
46 0.502251 0.491359 0.982631 0.379032
47 0.502251 0.491359 0.982631 0.379032
49 0.490535 0.489055 0.971696 0.383641
48 0.502251 0.491359 0.982631 0.37788
101 0.502251 0.491359 0.982631 0.37788
46 0.502251 0.491359 0.982631 0.37788
47 0.502251 0.491359 0.982631 0.37788
49 0.490535 0.489055 0.971696 0.383641
48 0.502251 0.491359 0.982631 0.37788
101 0.502251 0.491359 0.982631 0.37788
47 0.502251 0.491359 0.982631 0.37788
46 0.502251 0.491359 0.982631 0.37788
49 0.490535 0.489055 0.968571 0.383641
48 0.502251 0.491359 0.982631 0.37788
101 0.502251 0.491359 0.982631 0.37788
47 0.502251 0.491359 0.982631 0.37788
46 0.502251 0.491359 0.982631 0.37788
49 0.490535 0.489055 0.968571 0.383641
48 0.502251 0.491359 0.982631 0.37788
101 0.502251 0.491359 0.982631 0.37788
4 0.48038 0.486463 0.948263 0.387673
49 0.490535 0.489055 0.968571 0.383641
48 0.502642 0.491359 0.98185 0.37788
101 0.502642 0.491359 0.98185 0.37788
4 0.48038 0.486463 0.948263 0.387673
49 0.490925 0.489055 0.970915 0.383641
48 0.502251 0.491359 0.981069 0.379032
101 0.502251 0.491359 0.981069 0.379032
4 0.48038 0.486463 0.948263 0.387673
49 0.491316 0.489055 0.970134 0.383641
48 0.502251 0.491359 0.981069 0.379032
101 0.492097 0.490207 0.968571 0.383641
4 0.47999 0.486463 0.947482 0.387673
49 0.491316 0.489055 0.970134 0.383641
48 0.502251 0.491359 0.981069 0.379032
101 0.491706 0.490207 0.96779 0.383641
4 0.479599 0.486175 0.946701 0.387097
49 0.491316 0.489343 0.970134 0.383065
48 0.502251 0.491359 0.979507 0.379032
101 0.492097 0.490207 0.968571 0.383641
4 0.48038 0.486175 0.948263 0.387097
46 0.492097 0.490207 0.968571 0.383641
49 0.491316 0.489343 0.970134 0.383065
48 0.502251 0.491359 0.979507 0.379032
101 0.492487 0.490783 0.96779 0.383641
4 0.48038 0.486751 0.948263 0.387097
46 0.492487 0.490783 0.96779 0.383641
49 0.491316 0.489343 0.970134 0.383065
48 0.502251 0.491359 0.979507 0.379032
101 0.492878 0.490495 0.967009 0.384217
4 0.48038 0.486463 0.948263 0.386521
46 0.492878 0.490495 0.967009 0.384217
49 0.491706 0.489343 0.969353 0.383065
48 0.502642 0.491359 0.978726 0.379032
101 0.492878 0.490495 0.967009 0.384217
46 0.492878 0.490495 0.967009 0.384217
4 0.48038 0.486751 0.948263 0.387097
49 0.492097 0.489343 0.968571 0.383065
48 0.501861 0.491359 0.980288 0.379032
46 0.492878 0.490495 0.967009 0.384217
101 0.501861 0.491359 0.980288 0.379032
4 0.48038 0.486751 0.948263 0.387097
49 0.492097 0.489343 0.968571 0.383065
48 0.502251 0.491359 0.979507 0.379032
46 0.492878 0.490495 0.967009 0.384217
4 0.480771 0.486751 0.949044 0.387097
101 0.502251 0.491359 0.979507 0.379032
49 0.492097 0.489343 0.968571 0.383065
48 0.502251 0.491071 0.977945 0.379608
46 0.493268 0.490783 0.966228 0.384793
4 0.481161 0.486463 0.949825 0.387673
101 0.493268 0.490783 0.966228 0.384793
49 0.492097 0.489343 0.968571 0.383065
48 0.502251 0.491359 0.977945 0.379032
46 0.493268 0.490495 0.966228 0.384217
4 0.481161 0.486751 0.949825 0.388249
49 0.492097 0.489343 0.968571 0.383065
48 0.502251 0.491071 0.977945 0.379608
46 0.493268 0.490783 0.966228 0.384793
4 0.481942 0.486751 0.951387 0.388249
49 0.492097 0.489343 0.968571 0.383065
48 0.502251 0.491359 0.977945 0.379032
46 0.493268 0.490783 0.966228 0.384793
49 0.492097 0.489343 0.968571 0.383065
48 0.502642 0.491359 0.978726 0.379032
46 0.493268 0.490783 0.966228 0.384793
49 0.492097 0.489343 0.968571 0.383065
48 0.502251 0.491359 0.979507 0.379032
46 0.492878 0.490783 0.967009 0.384793
49 0.492097 0.489343 0.968571 0.383065
48 0.502251 0.491359 0.979507 0.379032
46 0.492878 0.490783 0.967009 0.384793
49 0.492097 0.489343 0.968571 0.383065
48 0.502251 0.491359 0.979507 0.379032
101 0.502251 0.492511 0.979507 0.379032
49 0.492097 0.489343 0.968571 0.383065
48 0.502251 0.4928 0.979507 0.378456
101 0.502251 0.4928 0.979507 0.378456
49 0.492097 0.489631 0.968571 0.383641
48 0.502251 0.4928 0.979507 0.378456
101 0.502251 0.4928 0.979507 0.378456
49 0.492097 0.489631 0.968571 0.383641
48 0.502251 0.493088 0.979507 0.37788
101 0.502251 0.493088 0.979507 0.37788
49 0.492097 0.489343 0.968571 0.383065
48 0.502251 0.493088 0.979507 0.37788
101 0.502251 0.493088 0.979507 0.37788
50 0.502251 0.493088 0.979507 0.37788
49 0.492878 0.489343 0.968571 0.383065
48 0.502251 0.4928 0.979507 0.378456
101 0.502251 0.4928 0.979507 0.378456
50 0.502251 0.4928 0.979507 0.378456
46 0.502251 0.4928 0.979507 0.378456
49 0.492097 0.489343 0.968571 0.383065
48 0.502251 0.493088 0.979507 0.37788
101 0.502251 0.493088 0.979507 0.37788
50 0.502251 0.493088 0.979507 0.37788
46 0.502251 0.493088 0.979507 0.37788
49 0.492097 0.489631 0.968571 0.383641
48 0.502251 0.493088 0.981069 0.37788
101 0.502251 0.493088 0.981069 0.37788
50 0.502251 0.493088 0.981069 0.37788
46 0.502251 0.493088 0.981069 0.37788
49 0.492097 0.489343 0.968571 0.383065
48 0.502251 0.4928 0.981069 0.378456
101 0.502251 0.4928 0.981069 0.378456
50 0.502251 0.4928 0.981069 0.378456
46 0.502251 0.4928 0.981069 0.378456
49 0.492097 0.489631 0.968571 0.383641
48 0.501861 0.4928 0.980288 0.378456
101 0.501861 0.4928 0.980288 0.378456
50 0.501861 0.4928 0.980288 0.378456
46 0.501861 0.4928 0.980288 0.378456
49 0.492878 0.489631 0.968571 0.383641
48 0.502251 0.4928 0.981069 0.378456
101 0.502251 0.4928 0.981069 0.378456
50 0.502251 0.4928 0.981069 0.378456
46 0.502251 0.4928 0.981069 0.378456
49 0.492878 0.489631 0.968571 0.383641
48 0.502251 0.492511 0.981069 0.379032
101 0.502251 0.492511 0.981069 0.379032
46 0.502251 0.492511 0.981069 0.379032
50 0.502251 0.492511 0.981069 0.379032
47 0.502251 0.492511 0.981069 0.379032
49 0.492097 0.489631 0.968571 0.383641
48 0.502251 0.492511 0.981069 0.379032
101 0.502251 0.492511 0.981069 0.379032
46 0.502251 0.492511 0.981069 0.379032
50 0.502251 0.492511 0.981069 0.379032
47 0.502251 0.492511 0.981069 0.379032
49 0.492878 0.489631 0.968571 0.383641
48 0.502251 0.492511 0.981069 0.379032
101 0.502251 0.492511 0.981069 0.379032
46 0.502251 0.492511 0.981069 0.379032
50 0.502251 0.492511 0.981069 0.379032
47 0.502251 0.492511 0.981069 0.379032
49 0.492878 0.489631 0.968571 0.383641
48 0.502251 0.492511 0.981069 0.379032
101 0.502251 0.492511 0.981069 0.379032
46 0.502251 0.492511 0.981069 0.379032
50 0.502251 0.492511 0.981069 0.379032
47 0.502251 0.492511 0.981069 0.379032
49 0.492878 0.489919 0.968571 0.383065
48 0.502251 0.492511 0.981069 0.379032
46 0.502251 0.492511 0.981069 0.379032
101 0.502251 0.492511 0.981069 0.379032
50 0.502251 0.492511 0.981069 0.379032
47 0.502251 0.492511 0.981069 0.379032
49 0.492097 0.489631 0.968571 0.383641
48 0.502251 0.492511 0.981069 0.379032
46 0.502251 0.492511 0.981069 0.379032
101 0.502251 0.492511 0.981069 0.379032
50 0.502251 0.492511 0.981069 0.379032
47 0.502251 0.492511 0.981069 0.379032
49 0.492097 0.489631 0.968571 0.383641
48 0.502251 0.492511 0.981069 0.379032
46 0.502251 0.492511 0.981069 0.379032
101 0.502251 0.492511 0.981069 0.379032
50 0.502251 0.492511 0.981069 0.379032
47 0.502251 0.492511 0.981069 0.379032
49 0.492878 0.489631 0.968571 0.383641
48 0.502251 0.492511 0.981069 0.379032
46 0.502251 0.492511 0.981069 0.379032
101 0.502251 0.492511 0.981069 0.379032
50 0.502251 0.492511 0.981069 0.379032
47 0.502251 0.492511 0.981069 0.379032
49 0.492878 0.489631 0.968571 0.383641
48 0.502251 0.492224 0.981069 0.379608
46 0.502251 0.492224 0.981069 0.379608
101 0.502251 0.492224 0.981069 0.379608
50 0.502251 0.492224 0.981069 0.379608
47 0.502251 0.492224 0.981069 0.379608
49 0.492878 0.489631 0.968571 0.383641
48 0.502251 0.492224 0.981069 0.379608
46 0.502251 0.492224 0.981069 0.379608
101 0.502251 0.492224 0.981069 0.379608
50 0.502251 0.492224 0.981069 0.379608
47 0.502251 0.492224 0.981069 0.379608
49 0.492487 0.489631 0.969353 0.383641
48 0.502251 0.492224 0.982631 0.379608
46 0.502251 0.492224 0.982631 0.379608
50 0.502251 0.492224 0.982631 0.379608
101 0.502251 0.492224 0.982631 0.379608
47 0.502251 0.492224 0.982631 0.379608
49 0.492487 0.489631 0.969353 0.383641
48 0.502251 0.492224 0.982631 0.379608
46 0.502251 0.492224 0.982631 0.379608
50 0.502251 0.492224 0.982631 0.379608
101 0.502251 0.492224 0.982631 0.379608
47 0.502251 0.492224 0.982631 0.379608
49 0.492487 0.489631 0.969353 0.383641
48 0.502251 0.492224 0.982631 0.379608
46 0.502251 0.492224 0.982631 0.379608
50 0.502251 0.492224 0.982631 0.379608
101 0.502251 0.492224 0.982631 0.379608
47 0.502251 0.492224 0.982631 0.379608
49 0.492487 0.489631 0.969353 0.383641
48 0.502251 0.492224 0.982631 0.379608
46 0.502251 0.492224 0.982631 0.379608
50 0.502251 0.492224 0.982631 0.379608
47 0.502251 0.492224 0.982631 0.379608
101 0.502251 0.492224 0.982631 0.379608
49 0.492878 0.489631 0.968571 0.383641
48 0.502251 0.491935 0.982631 0.380184
46 0.502251 0.491935 0.982631 0.380184
50 0.502251 0.491935 0.982631 0.380184
47 0.502251 0.491935 0.982631 0.380184
101 0.502251 0.491935 0.982631 0.380184
49 0.492487 0.489343 0.969353 0.383065
48 0.502251 0.491935 0.982631 0.380184
46 0.502251 0.491935 0.982631 0.380184
50 0.502251 0.491935 0.982631 0.380184
47 0.502251 0.491935 0.982631 0.380184
101 0.502251 0.491935 0.982631 0.380184
49 0.492878 0.489631 0.968571 0.383641
48 0.502642 0.491935 0.98185 0.380184
46 0.502642 0.491935 0.98185 0.380184
50 0.502642 0.491935 0.98185 0.380184
47 0.502642 0.491935 0.98185 0.380184
101 0.502642 0.491935 0.98185 0.380184
49 0.492878 0.489631 0.968571 0.383641
48 0.502642 0.491935 0.98185 0.380184
46 0.502642 0.491935 0.98185 0.380184
47 0.502642 0.491935 0.98185 0.380184
50 0.502642 0.491935 0.98185 0.380184
101 0.502642 0.491935 0.98185 0.380184
49 0.492878 0.489631 0.968571 0.383641
48 0.502642 0.491935 0.98185 0.380184
46 0.502642 0.491935 0.98185 0.380184
47 0.502642 0.491935 0.98185 0.380184
50 0.502642 0.491935 0.98185 0.380184
101 0.502642 0.491935 0.98185 0.380184
49 0.492878 0.489631 0.968571 0.383641
48 0.502642 0.491935 0.98185 0.380184
46 0.502642 0.491935 0.98185 0.380184
47 0.502642 0.491935 0.98185 0.380184
50 0.502642 0.491935 0.98185 0.380184
49 0.492487 0.489343 0.96779 0.383065
48 0.502642 0.491935 0.98185 0.380184
46 0.502642 0.491935 0.98185 0.380184
47 0.502642 0.491935 0.98185 0.380184
50 0.502642 0.491935 0.98185 0.380184
49 0.492878 0.489631 0.968571 0.383641
48 0.502642 0.491935 0.98185 0.380184
46 0.502642 0.491935 0.98185 0.380184
47 0.502642 0.491935 0.98185 0.380184
49 0.492878 0.489631 0.967009 0.383641
48 0.502642 0.491935 0.98185 0.380184
46 0.502642 0.491935 0.98185 0.380184
49 0.492878 0.489631 0.967009 0.383641
48 0.503032 0.491935 0.981069 0.380184
46 0.492878 0.490207 0.967009 0.384793
49 0.492878 0.489631 0.967009 0.383641
48 0.503032 0.491935 0.981069 0.380184
49 0.492878 0.489631 0.967009 0.383641
48 0.503032 0.491935 0.981069 0.380184
49 0.492878 0.489631 0.967009 0.383641
48 0.503032 0.491647 0.981069 0.38076
49 0.492878 0.489631 0.967009 0.383641
48 0.503032 0.491647 0.981069 0.38076
46 0.503032 0.491647 0.981069 0.38076
47 0.503032 0.491647 0.981069 0.38076
