48 0.490234 0.474138 0.964844 0.493103
49 0.494531 0.478233 0.967188 0.484914
109 0.490234 0.474138 0.964844 0.493103
50 0.490234 0.474138 0.964844 0.493103
74 0.494531 0.478233 0.967188 0.484914
79 0.490234 0.474138 0.964844 0.493103
104 0.490234 0.474138 0.964844 0.493103
68 0.494531 0.478233 0.967188 0.484914
95 0.494531 0.478233 0.967188 0.484914
54 0.490234 0.474138 0.964844 0.493103
103 0.494531 0.478233 0.967188 0.484914
84 0.490234 0.474138 0.964844 0.493103
53 0.492969 0.477012 0.967188 0.486207
67 0.490234 0.474138 0.964844 0.493103
101 0.490234 0.474138 0.964844 0.493103
76 0.490234 0.474138 0.964844 0.493103
111 0.490234 0.474138 0.964844 0.493103
17 0.490234 0.474138 0.964844 0.493103
81 0.490234 0.474138 0.964844 0.493103
56 0.490234 0.474138 0.964844 0.493103
77 0.494531 0.478233 0.967188 0.484914
110 0.490234 0.474138 0.964844 0.493103
46 0.490234 0.474138 0.964844 0.493103
16 0.490234 0.474138 0.964844 0.493103
66 0.490234 0.474138 0.964844 0.493103
97 0.490234 0.474138 0.964844 0.493103
42 0.497656 0.472414 0.978125 0.493103
33 0.490234 0.474138 0.964844 0.493103
100 0.494531 0.478233 0.967188 0.484914
73 0.490625 0.472414 0.964063 0.501149
75 0.490625 0.472414 0.964063 0.501149
51 0.494531 0.478233 0.967188 0.484914
14 0.497656 0.472414 0.978125 0.493103
0 0.494531 0.478233 0.967188 0.484914
99 0.494531 0.47931 0.964063 0.48046
11 0.490234 0.474138 0.964844 0.493103
47 0.494531 0.47931 0.964063 0.48046
108 0.490234 0.474138 0.964844 0.493103
78 0.494531 0.478233 0.967188 0.484914
7 0.497656 0.472414 0.978125 0.493103
102 0.490234 0.474138 0.964844 0.493103
80 0.494531 0.478233 0.967188 0.484914
28 0.494531 0.478233 0.967188 0.484914
5 0.494531 0.474425 0.967188 0.497126
41 0.490234 0.474138 0.964844 0.493103
34 0.490234 0.474138 0.964844 0.493103
105 0.490234 0.474138 0.964844 0.493103
31 0.494531 0.478233 0.967188 0.484914
21 0.490234 0.474138 0.964844 0.493103
38 0.494531 0.478233 0.967188 0.484914
4 0.490234 0.474138 0.964844 0.493103
15 0.494531 0.478233 0.967188 0.484914
6 0.490234 0.474138 0.964844 0.493103
12 0.494531 0.474425 0.967188 0.497126
55 0.490234 0.474138 0.964844 0.493103
94 0.490234 0.474138 0.964844 0.493103
36 0.497656 0.472414 0.978125 0.493103
52 0.495313 0.482471 0.965625 0.474138
13 0.494531 0.473851 0.942187 0.48908
65 0.494531 0.478233 0.967188 0.484914
8 0.492969 0.477012 0.967188 0.486207
19 0.497266 0.476149 0.977344 0.48908
22 0.494531 0.478233 0.967188 0.484914
24 0.497656 0.472414 0.978125 0.493103
92 0.494531 0.478233 0.967188 0.484914
72 0.492969 0.477012 0.967188 0.486207
88 0.494531 0.478233 0.967188 0.484914
26 0.490625 0.472414 0.964063 0.501149
104 0.494531 0.472989 0.957812 0.504598
56 0.497266 0.478161 0.958594 0.494253
54 0.503125 0.470187 0.976562 0.510201
81 0.497266 0.478161 0.958594 0.494253
111 0.503125 0.470187 0.976562 0.510201
108 0.497266 0.478161 0.958594 0.494253
80 0.503125 0.470187 0.976562 0.510201
78 0.497266 0.478161 0.958594 0.494253
75 0.503125 0.470187 0.976562 0.510201
74 0.494531 0.472989 0.957812 0.504598
103 0.497266 0.478161 0.958594 0.494253
66 0.503125 0.470187 0.976562 0.510201
109 0.503125 0.470187 0.976562 0.510201
105 0.494531 0.472989 0.957812 0.504598
79 0.497266 0.478161 0.958594 0.494253
48 0.5 0.468966 0.96875 0.518391
95 0.494531 0.472989 0.957812 0.504598
99 0.494531 0.472989 0.957812 0.504598
110 0.494531 0.472989 0.957812 0.504598
33 0.497266 0.478161 0.958594 0.494253
46 0.494531 0.472989 0.957812 0.504598
41 0.494531 0.472989 0.957812 0.504598
84 0.503125 0.470187 0.976562 0.510201
17 0.497266 0.478161 0.958594 0.494253
68 0.494531 0.472989 0.957812 0.504598
101 0.503125 0.470187 0.976562 0.510201
102 0.503125 0.470187 0.976562 0.510201
42 0.494531 0.472989 0.957812 0.504598
52 0.503125 0.470187 0.976562 0.510201
67 0.503125 0.470187 0.976562 0.510201
53 0.494531 0.472989 0.957812 0.504598
73 0.501172 0.469828 0.963281 0.51092
77 0.503125 0.470187 0.976562 0.510201
50 0.5 0.468966 0.96875 0.518391
97 0.494531 0.472989 0.957812 0.504598
76 0.494531 0.472989 0.957812 0.504598
47 0.503125 0.470187 0.976562 0.510201
100 0.5 0.468966 0.96875 0.518391
49 0.5 0.468966 0.96875 0.518391
111 0.501563 0.918965 0.970313 0.162069
111 0.511719 0.951149 0.976562 0.0977011
28 0.497266 0.478161 0.958594 0.494253
31 0.494531 0.472989 0.957812 0.504598
48 0.388672 0.908046 0.777344 0.183908
35 0.494531 0.472989 0.957812 0.504598
48 0.511719 0.951149 0.976562 0.0977011
50 0.511719 0.951149 0.976562 0.0977011
48 0.267188 0.902299 0.534375 0.195402
48 0.501563 0.918965 0.970313 0.162069
68 0.501562 0.935632 0.982812 0.128736
99 0.511719 0.951149 0.976562 0.0977011
21 0.503125 0.470187 0.976562 0.510201
50 0.501563 0.918965 0.970313 0.162069
34 0.503125 0.470187 0.976562 0.510201
50 0.267188 0.902299 0.534375 0.195402
111 0.499219 0.867816 0.95 0.264368
51 0.475781 0.474425 0.898438 0.508621
95 0.511719 0.951149 0.976562 0.0977011
50 0.388672 0.908046 0.777344 0.183908
109 0.501563 0.918965 0.970313 0.162069
77 0.511719 0.951149 0.976562 0.0977011
68 0.388672 0.908046 0.777344 0.183908
110 0.511719 0.951149 0.976562 0.0977011
72 0.5 0.468966 0.96875 0.518391
14 0.494531 0.472989 0.957812 0.504598
76 0.501563 0.918965 0.970313 0.162069
99 0.501563 0.918965 0.970313 0.162069
46 0.5 0.931035 0.967188 0.137931
68 0.569922 0.953448 0.860156 0.0931034
48 0.499219 0.867816 0.95 0.264368
46 0.388672 0.908046 0.777344 0.183908
111 0.388672 0.908046 0.777344 0.183908
68 0.267188 0.902299 0.534375 0.195402
73 0.501563 0.918965 0.970313 0.162069
110 0.501563 0.918965 0.970313 0.162069
102 0.501563 0.918965 0.970313 0.162069
95 0.484375 0.494253 0.95 0.502299
56 0.485938 0.499425 0.959375 0.509195
81 0.480469 0.498851 0.957813 0.497701
78 0.480469 0.498851 0.957813 0.497701
108 0.480469 0.498851 0.957813 0.497701
53 0.480469 0.498851 0.957813 0.497701
79 0.480469 0.498851 0.957813 0.497701
68 0.48125 0.504023 0.95625 0.474713
104 0.480469 0.498851 0.957813 0.497701
84 0.484375 0.494253 0.95 0.502299
105 0.480469 0.498851 0.957813 0.497701
52 0.485938 0.499425 0.959375 0.509195
80 0.485938 0.499425 0.959375 0.509195
74 0.484375 0.494253 0.95 0.502299
67 0.48125 0.504023 0.95625 0.474713
109 0.484375 0.494253 0.95 0.502299
101 0.48125 0.504023 0.95625 0.474713
48 0.495312 0.499497 0.9875 0.522845
110 0.48125 0.504023 0.95625 0.474713
54 0.484375 0.494253 0.95 0.502299
111 0.484375 0.494253 0.95 0.502299
78 0.482031 0.406897 0.960938 0.813793
77 0.48125 0.504023 0.95625 0.474713
108 0.482031 0.406897 0.960938 0.813793
75 0.484375 0.494253 0.95 0.502299
95 0.478516 0.456322 0.957031 0.726437
103 0.485938 0.499425 0.959375 0.509195
102 0.4875 0.511494 0.95 0.451724
17 0.485938 0.499425 0.959375 0.509195
56 0.478516 0.456322 0.957031 0.726437
81 0.482031 0.406897 0.960938 0.813793
66 0.484375 0.494253 0.95 0.502299
68 0.489453 0.247989 0.964844 0.495977
79 0.482031 0.406897 0.960938 0.813793
95 0.482812 0.252012 0.95 0.504023
78 0.489453 0.247989 0.964844 0.495977
76 0.484375 0.494253 0.95 0.502299
104 0.478516 0.456322 0.957031 0.726437
68 0.483594 0.404023 0.957813 0.675862
68 0.480859 0.847701 0.961719 0.304598
80 0.486719 0.399425 0.965625 0.798851
74 0.482812 0.252012 0.95 0.504023
53 0.482812 0.469828 0.957812 0.939655
108 0.489453 0.247989 0.964844 0.495977
74 0.485547 0.378736 0.953906 0.757471
52 0.482031 0.406897 0.960938 0.813793
105 0.478516 0.456322 0.957031 0.726437
53 0.480859 0.847701 0.961719 0.304598
48 0.480859 0.847701 0.961719 0.304598
101 0.489453 0.247989 0.964844 0.495977
68 0.482031 0.747988 0.957812 0.504023
41 0.484375 0.494253 0.95 0.502299
80 0.482812 0.252012 0.95 0.504023
53 0.489453 0.247989 0.964844 0.495977
84 0.486719 0.399425 0.965625 0.798851
67 0.483594 0.404023 0.957813 0.675862
48 0.482031 0.747988 0.957812 0.504023
97 0.484375 0.494253 0.95 0.502299
99 0.482422 0.487284 0.955469 0.510489
53 0.482031 0.747988 0.957812 0.504023
77 0.489453 0.247989 0.964844 0.495977
68 0.482031 0.926724 0.964063 0.146552
101 0.486719 0.399425 0.965625 0.798851
102 0.480859 0.847701 0.961719 0.304598
73 0.485938 0.499425 0.959375 0.509195
68 0.482812 0.469828 0.957812 0.939655
33 0.480469 0.498851 0.957813 0.497701
84 0.482812 0.252012 0.95 0.504023
46 0.485938 0.499425 0.959375 0.509195
109 0.489453 0.247989 0.964844 0.495977
48 0.483594 0.441667 0.957813 0.883333
48 0.489453 0.247989 0.964844 0.495977
68 0.496875 0.144828 0.965625 0.289655
95 0.491406 0.172126 0.967188 0.344253
47 0.484375 0.494253 0.95 0.502299
52 0.482812 0.252012 0.95 0.504023
95 0.483203 0.652299 0.942969 0.695402
109 0.486719 0.399425 0.965625 0.798851
67 0.489453 0.247989 0.964844 0.495977
101 0.480859 0.847701 0.961719 0.304598
102 0.491406 0.172126 0.967188 0.344253
75 0.489453 0.247989 0.964844 0.495977
109 0.482031 0.866092 0.948438 0.267816
66 0.486719 0.399425 0.965625 0.798851
56 0.482812 0.252012 0.95 0.504023
110 0.489453 0.247989 0.964844 0.495977
48 0.498828 0.102011 0.966406 0.204023
110 0.486719 0.399425 0.965625 0.798851
67 0.480859 0.847701 0.961719 0.304598
77 0.486719 0.399425 0.965625 0.798851
6 0.484375 0.494253 0.95 0.502299
51 0.495312 0.499497 0.9875 0.522845
66 0.482812 0.252012 0.95 0.504023
52 0.482031 0.747988 0.957812 0.504023
111 0.482031 0.406897 0.960938 0.813793
109 0.482031 0.747988 0.957812 0.504023
50 0.482031 0.186351 0.951562 0.372701
54 0.486719 0.399425 0.965625 0.798851
104 0.489453 0.247989 0.964844 0.495977
17 0.482812 0.252012 0.95 0.504023
79 0.482812 0.252012 0.95 0.504023
75 0.486719 0.399425 0.965625 0.798851
111 0.482031 0.866092 0.948438 0.267816
84 0.480859 0.847701 0.961719 0.304598
67 0.482812 0.469828 0.957812 0.939655
95 0.480859 0.847701 0.961719 0.304598
81 0.482812 0.252012 0.95 0.504023
77 0.480859 0.847701 0.961719 0.304598
101 0.496875 0.144828 0.965625 0.289655
56 0.482031 0.747988 0.957812 0.504023
80 0.491406 0.172126 0.967188 0.344253
101 0.489453 0.741092 0.949219 0.517816
50 0.480859 0.847701 0.961719 0.304598
95 0.498437 0.485057 0.965625 0.471264
68 0.498437 0.485057 0.965625 0.471264
56 0.502344 0.474641 0.9625 0.490948
84 0.498437 0.48592 0.9625 0.46954
103 0.498437 0.48592 0.9625 0.46954
67 0.498437 0.485057 0.965625 0.471264
109 0.498437 0.485057 0.965625 0.471264
104 0.498437 0.485057 0.965625 0.471264
53 0.498437 0.48592 0.9625 0.46954
97 0.498437 0.48592 0.9625 0.46954
110 0.498437 0.485057 0.965625 0.471264
77 0.498437 0.485057 0.965625 0.471264
105 0.502344 0.474641 0.9625 0.490948
74 0.498437 0.485057 0.965625 0.471264
101 0.498437 0.485057 0.965625 0.471264
111 0.498437 0.48592 0.9625 0.46954
80 0.498437 0.48592 0.9625 0.46954
52 0.498437 0.48592 0.9625 0.46954
81 0.498437 0.485057 0.965625 0.471264
17 0.502344 0.474641 0.9625 0.490948
108 0.502344 0.474641 0.9625 0.490948
102 0.494531 0.490517 0.95625 0.462644
79 0.502344 0.474641 0.9625 0.490948
42 0.498437 0.48592 0.9625 0.46954
76 0.498437 0.48592 0.9625 0.46954
54 0.498437 0.48592 0.9625 0.46954
41 0.510156 0.481035 0.975 0.477012
73 0.498437 0.48592 0.9625 0.46954
47 0.498437 0.48592 0.9625 0.46954
99 0.498437 0.48592 0.9625 0.46954
66 0.502344 0.474641 0.9625 0.490948
100 0.498437 0.48592 0.9625 0.46954
75 0.498437 0.48592 0.9625 0.46954
48 0.498437 0.48592 0.9625 0.46954
78 0.511719 0.470115 0.976562 0.495402
33 0.498437 0.48592 0.9625 0.46954
105 0.496094 0.55158 0.94375 0.352012
46 0.498437 0.48592 0.9625 0.46954
21 0.502344 0.474641 0.9625 0.490948
56 0.496094 0.55158 0.94375 0.352012
68 0.488281 0.592529 0.976562 0.264368
50 0.498437 0.48592 0.9625 0.46954
28 0.502344 0.474641 0.9625 0.490948
95 0.546875 0.537356 0.859375 0.368966
68 0.85625 0.536494 0.226562 0.366092
56 0.5125 0.475 0.975 0.501724
95 0.495313 0.467241 0.94375 0.505747
104 0.495313 0.467241 0.94375 0.505747
79 0.495313 0.467241 0.94375 0.505747
80 0.490234 0.470618 0.949219 0.50704
108 0.490234 0.470618 0.949219 0.50704
53 0.5125 0.475 0.975 0.501724
84 0.5125 0.475 0.975 0.501724
111 0.5125 0.475 0.975 0.501724
54 0.490234 0.470618 0.949219 0.50704
105 0.495313 0.467241 0.94375 0.505747
103 0.495313 0.467241 0.94375 0.505747
52 0.514063 0.481322 0.971875 0.501724
67 0.495313 0.467241 0.94375 0.505747
81 0.495313 0.467241 0.94375 0.505747
97 0.514063 0.481322 0.971875 0.501724
68 0.495313 0.467241 0.94375 0.505747
41 0.490234 0.470618 0.949219 0.50704
33 0.490234 0.470618 0.949219 0.50704
17 0.490234 0.470618 0.949219 0.50704
78 0.490234 0.470618 0.949219 0.50704
48 0.5125 0.475 0.975 0.501724
42 0.514063 0.481322 0.971875 0.501724
109 0.495313 0.467241 0.94375 0.505747
66 0.490234 0.470618 0.949219 0.50704
49 0.5125 0.475 0.975 0.501724
74 0.490234 0.470618 0.949219 0.50704
110 0.5125 0.475 0.975 0.501724
75 0.490234 0.470618 0.949219 0.50704
76 0.490234 0.470618 0.949219 0.50704
101 0.5125 0.475 0.975 0.501724
47 0.514063 0.481322 0.971875 0.501724
73 0.5125 0.475 0.975 0.501724
100 0.514063 0.481322 0.971875 0.501724
95 0.494531 0.47931 0.94375 0.485057
84 0.497656 0.479023 0.939063 0.483333
56 0.494531 0.47931 0.94375 0.485057
109 0.497656 0.479023 0.939063 0.483333
67 0.498047 0.480388 0.932031 0.479454
103 0.496094 0.483046 0.942188 0.477586
111 0.497656 0.479023 0.939063 0.483333
68 0.498047 0.480388 0.932031 0.479454
101 0.498047 0.480388 0.932031 0.479454
77 0.498047 0.480388 0.932031 0.479454
97 0.497656 0.479023 0.939063 0.483333
110 0.498047 0.480388 0.932031 0.479454
102 0.498047 0.480388 0.932031 0.479454
53 0.498047 0.480388 0.932031 0.479454
52 0.498047 0.480388 0.932031 0.479454
104 0.496094 0.483046 0.942188 0.477586
105 0.496094 0.483046 0.942188 0.477586
54 0.497656 0.479023 0.939063 0.483333
99 0.497656 0.479023 0.939063 0.483333
76 0.497656 0.479023 0.939063 0.483333
56 0.499609 0.49023 0.930469 0.467816
95 0.499609 0.49023 0.930469 0.467816
52 0.494531 0.478448 0.954688 0.48908
84 0.496094 0.482471 0.951563 0.481034
111 0.494531 0.478448 0.954688 0.48908
103 0.499609 0.49023 0.930469 0.467816
54 0.494531 0.478448 0.954688 0.48908
97 0.494531 0.478448 0.954688 0.48908
67 0.499609 0.49023 0.930469 0.467816
53 0.494531 0.478448 0.954688 0.48908
104 0.496875 0.486494 0.9375 0.475287
48 0.496094 0.482471 0.951563 0.481034
105 0.496875 0.486494 0.9375 0.475287
109 0.499609 0.49023 0.930469 0.467816
68 0.491016 0.483621 0.946094 0.478736
17 0.496094 0.482471 0.951563 0.481034
41 0.496875 0.486494 0.9375 0.475287
46 0.494531 0.478448 0.954688 0.48908
101 0.492188 0.478089 0.95 0.4875
80 0.492188 0.478089 0.95 0.4875
73 0.494531 0.478448 0.954688 0.48908
28 0.496094 0.482471 0.951563 0.481034
51 0.494531 0.478448 0.954688 0.48908
33 0.496094 0.482471 0.951563 0.481034
47 0.494531 0.478448 0.954688 0.48908
100 0.496094 0.482471 0.951563 0.481034
42 0.494531 0.478448 0.954688 0.48908
6 0.492188 0.478089 0.95 0.4875
108 0.496094 0.482471 0.951563 0.481034
75 0.496875 0.486494 0.9375 0.475287
76 0.492188 0.478089 0.95 0.4875
99 0.496094 0.482471 0.951563 0.481034
56 0.492969 0.482184 0.954688 0.481609
84 0.492969 0.482184 0.954688 0.481609
103 0.491406 0.483621 0.946875 0.479885
95 0.492969 0.482184 0.954688 0.481609
111 0.508594 0.482687 0.982813 0.480603
52 0.494141 0.481035 0.950781 0.494253
109 0.491406 0.478664 0.951563 0.492098
68 0.491406 0.478664 0.951563 0.492098
97 0.511719 0.482112 0.976562 0.490948
105 0.491406 0.483621 0.946875 0.479885
67 0.491406 0.483621 0.946875 0.479885
75 0.491406 0.478664 0.951563 0.492098
80 0.494141 0.481035 0.950781 0.494253
53 0.494141 0.481035 0.950781 0.494253
54 0.494141 0.481035 0.950781 0.494253
104 0.49375 0.478089 0.95625 0.493247
95 0.494531 0.477299 0.960938 0.487931
56 0.491406 0.478664 0.948438 0.485201
84 0.496094 0.481034 0.967188 0.481609
103 0.496094 0.481034 0.967188 0.481609
111 0.496094 0.481034 0.967188 0.481609
67 0.492969 0.481034 0.951563 0.47931
104 0.493359 0.478736 0.963281 0.485057
109 0.496094 0.481034 0.967188 0.481609
68 0.492578 0.474713 0.952344 0.494253
97 0.496094 0.481034 0.967188 0.481609
53 0.496094 0.481034 0.967188 0.481609
52 0.496094 0.481034 0.967188 0.481609
41 0.496094 0.481034 0.967188 0.481609
101 0.496094 0.481034 0.967188 0.481609
17 0.496094 0.481034 0.967188 0.481609
33 0.496094 0.481034 0.967188 0.481609
73 0.496094 0.481034 0.967188 0.481609
95 0.494141 0.485632 0.952344 0.477012
84 0.494141 0.476437 0.953906 0.497701
56 0.497656 0.483405 0.948438 0.482615
109 0.496094 0.480747 0.954687 0.486782
67 0.496094 0.471839 0.945312 0.502299
68 0.497266 0.49023 0.949219 0.467816
111 0.494141 0.476437 0.953906 0.497701
52 0.494141 0.476437 0.953906 0.497701
103 0.496094 0.471839 0.945312 0.502299
97 0.494141 0.476437 0.953906 0.497701
84 0.494922 0.478448 0.953906 0.492529
56 0.496484 0.484483 0.953906 0.477012
103 0.495313 0.481034 0.954687 0.486207
95 0.496484 0.484483 0.953906 0.477012
67 0.495313 0.481034 0.954687 0.486207
111 0.494531 0.481681 0.951563 0.489512
109 0.494531 0.481681 0.951563 0.489512
75 0.494531 0.47579 0.951563 0.496695
104 0.496484 0.484483 0.953906 0.477012
68 0.494531 0.481681 0.951563 0.489512
54 0.492188 0.477299 0.95 0.49023
56 0.495313 0.474713 0.953125 0.505747
95 0.495313 0.474713 0.953125 0.505747
67 0.488672 0.475575 0.950781 0.492529
84 0.495313 0.474713 0.953125 0.505747
111 0.488672 0.475575 0.950781 0.492529
68 0.488672 0.475575 0.950781 0.492529
109 0.488672 0.475575 0.950781 0.492529
103 0.494531 0.477874 0.951563 0.49023
53 0.490625 0.475287 0.953125 0.502299
56 0.498047 0.478736 0.950781 0.487356
95 0.494922 0.477083 0.953906 0.488362
84 0.498047 0.478736 0.950781 0.487356
103 0.494922 0.477083 0.953906 0.488362
67 0.498047 0.477874 0.950781 0.485632
111 0.511719 0.475359 0.967188 0.490661
109 0.498047 0.477874 0.950781 0.485632
68 0.499219 0.481034 0.954687 0.481609
52 0.499219 0.481034 0.954687 0.481609
77 0.511719 0.475359 0.967188 0.490661
53 0.499219 0.481034 0.954687 0.481609
56 0.499219 0.473563 0.946875 0.497701
95 0.499219 0.475862 0.945312 0.494253
67 0.497656 0.474713 0.945313 0.495402
111 0.497656 0.474713 0.945313 0.495402
84 0.497656 0.474713 0.945313 0.495402
109 0.497656 0.474713 0.945313 0.495402
28 0.497656 0.474713 0.945313 0.495402
104 0.499219 0.475862 0.945312 0.494253
52 0.499219 0.473563 0.946875 0.497701
68 0.498438 0.476365 0.94375 0.490948
41 0.497656 0.474713 0.945313 0.495402
20 0.497656 0.474713 0.945313 0.495402
105 0.499219 0.475862 0.945312 0.494253
95 0.501172 0.478736 0.952344 0.488506
56 0.5 0.475287 0.95 0.496552
103 0.501172 0.478736 0.952344 0.488506
84 0.502344 0.476149 0.953125 0.493678
104 0.501172 0.478736 0.952344 0.488506
67 0.497656 0.472701 0.953125 0.500575
68 0.497656 0.472701 0.953125 0.500575
105 0.501172 0.478736 0.952344 0.488506
109 0.501172 0.478736 0.952344 0.488506
56 0.500781 0.47421 0.951563 0.49296
111 0.501563 0.477658 0.953125 0.484914
95 0.5 0.480747 0.94375 0.482184
103 0.5 0.480747 0.94375 0.482184
67 0.501563 0.477658 0.953125 0.484914
84 0.500781 0.47421 0.951563 0.49296
109 0.501563 0.477658 0.953125 0.484914
41 0.496875 0.479598 0.953125 0.482184
28 0.514453 0.473851 0.971094 0.491379
68 0.496875 0.479598 0.953125 0.482184
100 0.496875 0.479598 0.953125 0.482184
48 0.496875 0.479598 0.953125 0.482184
73 0.5 0.480747 0.94375 0.482184
46 0.496875 0.479598 0.953125 0.482184
56 0.504687 0.476437 0.94375 0.493103
28 0.516797 0.474641 0.966406 0.496695
41 0.503906 0.469828 0.945312 0.506322
111 0.516406 0.478089 0.967188 0.492098
100 0.502344 0.476724 0.945312 0.495977
95 0.502344 0.47694 0.945312 0.494397
15 0.516797 0.474641 0.966406 0.496695
73 0.502344 0.476724 0.945312 0.495977
48 0.515625 0.471193 0.95625 0.504741
67 0.502344 0.47694 0.945312 0.494397
11 0.516797 0.474641 0.966406 0.496695
56 0.495313 0.472486 0.953125 0.495259
52 0.5125 0.47579 0.975 0.490948
95 0.495313 0.472486 0.953125 0.495259
111 0.5125 0.474713 0.975 0.491954
84 0.499609 0.476437 0.950781 0.490805
67 0.495313 0.472486 0.953125 0.495259
97 0.500781 0.474425 0.957812 0.494828
68 0.500781 0.474425 0.957812 0.494828
48 0.500781 0.474425 0.957812 0.494828
54 0.500781 0.474425 0.957812 0.494828
68 0.505078 0.044217 0.961719 0.0884339
67 0.505078 0.044217 0.961719 0.0884339
67 0.504687 0.0918103 0.957812 0.183621
53 0.5125 0.474713 0.975 0.491954
48 0.504687 0.0918103 0.957812 0.183621
56 0.49375 0.479598 0.959375 0.485632
111 0.494531 0.476437 0.954688 0.493103
95 0.495313 0.476149 0.95 0.493678
109 0.49375 0.477586 0.946875 0.490805
28 0.513281 0.478161 0.973437 0.489655
67 0.49375 0.477586 0.946875 0.490805
84 0.495313 0.476149 0.95 0.493678
103 0.49375 0.477586 0.946875 0.490805
109 0.507031 0.888506 0.942188 0.222989
15 0.507031 0.479598 0.951563 0.485632
41 0.49375 0.479598 0.959375 0.485632
73 0.494531 0.476437 0.954688 0.493103
48 0.511328 0.478736 0.972656 0.488506
20 0.507031 0.479598 0.951563 0.485632
103 0.504687 0.881034 0.921875 0.237931
56 0.496484 0.477586 0.944531 0.487356
111 0.514844 0.472989 0.967188 0.496552
95 0.496094 0.47694 0.942188 0.489799
28 0.496484 0.477586 0.944531 0.487356
67 0.514844 0.472989 0.967188 0.496552
84 0.514844 0.472989 0.967188 0.496552
52 0.514844 0.472989 0.967188 0.496552
56 0.657031 0.5 0.626563 0.443678
56 0.494141 0.483333 0.953906 0.474713
95 0.495703 0.481897 0.952344 0.477586
67 0.499219 0.479382 0.945312 0.481466
28 0.495703 0.481897 0.952344 0.477586
103 0.497656 0.480747 0.948438 0.478736
100 0.499219 0.479382 0.945312 0.481466
84 0.499219 0.479382 0.945312 0.481466
111 0.499219 0.479382 0.945312 0.481466
56 0.498047 0.485057 0.957031 0.475862
67 0.499219 0.481035 0.951563 0.482759
95 0.499219 0.481035 0.951563 0.482759
84 0.498047 0.485057 0.957031 0.475862
111 0.497656 0.479598 0.95625 0.486782
103 0.499219 0.481035 0.951563 0.482759
56 0.498438 0.476365 0.94375 0.493247
95 0.497656 0.477012 0.94375 0.491954
84 0.497656 0.477012 0.94375 0.491954
52 0.498438 0.476365 0.94375 0.493247
67 0.497656 0.477012 0.94375 0.491954
56 0.501562 0.482687 0.95 0.478305
95 0.499219 0.483333 0.951563 0.478161
84 0.499219 0.483333 0.948438 0.478161
67 0.499219 0.483333 0.948438 0.478161
103 0.499219 0.483333 0.951563 0.478161
111 0.499219 0.483333 0.948438 0.478161
105 0.501562 0.482687 0.95 0.478305
48 0.436035 0.841954 0.78418 0.316092
48 0.47959 0.897126 0.793945 0.205747
52 0.498437 0.478233 0.946875 0.488362
67 0.47959 0.897126 0.793945 0.205747
56 0.503906 0.474641 0.926563 0.497845
111 0.496875 0.476437 0.942187 0.495402
67 0.496875 0.476437 0.942187 0.495402
81 0.501562 0.0877874 0.95 0.175575
28 0.496875 0.476437 0.942187 0.495402
48 0.488281 0.827586 0.973438 0.344828
67 0.4875 0.87931 0.975 0.241379
105 0.499219 0.0843391 0.95 0.168678
68 0.488281 0.875287 0.976562 0.249425
84 0.496875 0.476437 0.942187 0.495402
67 0.491797 0.948851 0.958594 0.102299
104 0.501562 0.0877874 0.95 0.175575
68 0.491797 0.948851 0.958594 0.102299
56 0.507812 0.476365 0.928125 0.494397
67 0.502344 0.479957 0.939063 0.488362
111 0.502344 0.479957 0.939063 0.488362
67 0.499609 0.0636494 0.941406 0.127299
28 0.507812 0.476365 0.928125 0.494397
84 0.502344 0.479957 0.939063 0.488362
48 0.5 0.474425 0.939062 0.501724
56 0.499609 0.472989 0.935156 0.502299
111 0.500781 0.477012 0.945312 0.496552
67 0.498437 0.479023 0.934375 0.492529
84 0.498437 0.479023 0.934375 0.492529
52 0.498437 0.479023 0.934375 0.492529
95 0.5 0.478233 0.934375 0.494109
28 0.500391 0.476437 0.933594 0.497701
56 0.498437 0.472917 0.934375 0.497845
111 0.502344 0.476437 0.945312 0.489655
67 0.497656 0.478736 0.9375 0.486207
28 0.502344 0.476437 0.945312 0.489655
84 0.502344 0.476437 0.945312 0.489655
95 0.497266 0.477586 0.938281 0.488506
15 0.502344 0.476437 0.945312 0.489655
56 0.514063 0.477586 0.971875 0.490805
95 0.496094 0.477586 0.951563 0.491954
111 0.514063 0.477586 0.971875 0.490805
67 0.501562 0.476365 0.948438 0.493247
84 0.496094 0.477586 0.951563 0.491954
56 0.503516 0.478664 0.941406 0.488649
84 0.5 0.478736 0.946875 0.485057
95 0.500391 0.478233 0.949219 0.487213
67 0.5 0.478736 0.946875 0.485057
28 0.503516 0.478664 0.941406 0.488649
56 0.5 0.47931 0.94375 0.487356
67 0.5 0.477299 0.942188 0.491379
95 0.499219 0.475862 0.948438 0.493103
84 0.499219 0.475862 0.948438 0.493103
111 0.5 0.477299 0.942188 0.491379
28 0.5 0.477299 0.942188 0.491379
105 0.496875 0.476724 0.946875 0.491379
56 0.5 0.473563 0.946875 0.498851
67 0.5 0.477586 0.95 0.488506
111 0.5 0.477586 0.95 0.488506
84 0.5 0.474425 0.953125 0.494828
28 0.511328 0.476724 0.977344 0.492529
56 0.498047 0.475934 0.941406 0.495259
67 0.497656 0.475359 0.942187 0.489512
95 0.497656 0.475359 0.942187 0.489512
28 0.5125 0.478736 0.96875 0.490805
111 0.5 0.478161 0.940625 0.487356
84 0.497656 0.475359 0.942187 0.489512
56 0.500781 0.476724 0.929688 0.49023
67 0.498437 0.477874 0.934375 0.485632
84 0.5 0.478736 0.93125 0.483908
111 0.5 0.478736 0.93125 0.483908
95 0.498437 0.477874 0.934375 0.485632
105 0.501172 0.0742098 0.942969 0.14842
28 0.499219 0.48046 0.928125 0.486207
52 0.498437 0.477874 0.934375 0.485632
56 0.495313 0.48046 0.946875 0.485057
95 0.496875 0.479885 0.945312 0.486207
81 0.507422 0.0665948 0.960156 0.13319
28 0.5 0.480532 0.951563 0.487213
67 0.496875 0.479885 0.945312 0.486207
84 0.496094 0.478736 0.942188 0.486207
56 0.499219 0.477658 0.940625 0.49296
28 0.5 0.477083 0.934375 0.490661
56 0.5 0.478448 0.94375 0.48908
105 0.507031 0.0792385 0.945312 0.158477
28 0.501172 0.476724 0.941406 0.491379
67 0.5 0.476149 0.94375 0.49023
95 0.501172 0.476724 0.941406 0.491379
56 0.498438 0.473491 0.94375 0.498994
67 0.497656 0.475934 0.945313 0.49181
84 0.497656 0.475934 0.945313 0.49181
111 0.497656 0.475934 0.945313 0.49181
105 0.503906 0.072342 0.935938 0.144684
28 0.501172 0.474641 0.938281 0.498994
56 0.500781 0.47931 0.929688 0.487356
84 0.496094 0.477299 0.935938 0.491379
67 0.496094 0.477299 0.935938 0.491379
111 0.496094 0.477299 0.935938 0.491379
95 0.500391 0.481322 0.928906 0.483333
28 0.501563 0.482471 0.93125 0.481034
41 0.501563 0.482471 0.93125 0.481034
103 0.500391 0.481322 0.928906 0.483333
56 0.499219 0.475575 0.940625 0.492529
95 0.501562 0.479813 0.928125 0.484052
67 0.498438 0.477299 0.9375 0.491379
84 0.498828 0.477083 0.939844 0.490661
56 0.499219 0.475575 0.939062 0.492529
95 0.498437 0.474713 0.925 0.494253
67 0.498437 0.474713 0.925 0.494253
84 0.498437 0.474713 0.925 0.494253
111 0.499219 0.475575 0.939062 0.492529
56 0.492969 0.475 0.939063 0.493678
95 0.49375 0.475862 0.939063 0.493103
84 0.49375 0.475862 0.939063 0.493103
67 0.49375 0.475862 0.939063 0.493103
28 0.499219 0.476437 0.946875 0.493103
111 0.496875 0.475862 0.946875 0.491954
56 0.497656 0.477012 0.939063 0.491954
67 0.496875 0.478161 0.9375 0.489655
95 0.497656 0.477012 0.939063 0.491954
84 0.497656 0.477012 0.939063 0.491954
111 0.496094 0.476509 0.945312 0.49181
28 0.497656 0.478664 0.935937 0.4875
56 0.496094 0.475862 0.929688 0.490805
95 0.496094 0.47579 0.928125 0.490948
84 0.496094 0.475862 0.929688 0.490805
67 0.496094 0.475862 0.929688 0.490805
56 0.499219 0.484195 0.929688 0.477586
84 0.497266 0.479023 0.930469 0.487931
67 0.497266 0.479023 0.930469 0.487931
95 0.496875 0.478736 0.93125 0.488506
111 0.494922 0.478448 0.938281 0.48908
52 0.496875 0.478448 0.926562 0.486782
56 0.496875 0.480963 0.93125 0.480603
67 0.496875 0.480747 0.934375 0.483333
84 0.496875 0.481681 0.932813 0.481466
111 0.496875 0.480747 0.934375 0.483333
52 0.496875 0.480747 0.934375 0.483333
95 0.496875 0.481681 0.932813 0.481466
28 0.498828 0.484483 0.927344 0.472414
56 0.497266 0.477586 0.932031 0.488506
67 0.496875 0.477874 0.928125 0.487931
111 0.497266 0.477586 0.932031 0.488506
28 0.498437 0.478448 0.925 0.484483
84 0.496875 0.477874 0.928125 0.487931
95 0.496875 0.483046 0.928125 0.477586
56 0.495313 0.475934 0.934375 0.49181
67 0.495313 0.478089 0.929688 0.488649
28 0.499219 0.479382 0.923437 0.484914
95 0.495313 0.478089 0.929688 0.488649
111 0.494531 0.479598 0.934375 0.485632
84 0.495313 0.478089 0.929688 0.488649
56 0.498047 0.479238 0.928906 0.484052
67 0.497656 0.479238 0.929688 0.485201
95 0.498437 0.47931 0.93125 0.485057
84 0.498437 0.47931 0.93125 0.485057
28 0.502344 0.482112 0.923438 0.478305
111 0.498437 0.47931 0.93125 0.485057
56 0.501563 0.478089 0.93125 0.4875
67 0.501562 0.48046 0.934375 0.485057
111 0.501562 0.48046 0.934375 0.485057
95 0.503906 0.486494 0.932813 0.472989
28 0.503125 0.482759 0.93125 0.478161
84 0.501562 0.48046 0.934375 0.485057
56 0.501563 0.477083 0.921875 0.489512
67 0.500781 0.479885 0.923438 0.486207
95 0.500781 0.479885 0.923438 0.486207
84 0.500781 0.479885 0.923438 0.486207
28 0.502344 0.481609 0.920313 0.48046
56 0.501563 0.478664 0.915625 0.486351
67 0.499219 0.479382 0.923437 0.486063
95 0.5 0.482256 0.91875 0.479167
28 0.501953 0.48046 0.917969 0.481609
111 0.499219 0.479382 0.923437 0.486063
84 0.499219 0.479382 0.923437 0.486063
56 0.503125 0.478807 0.925 0.488362
67 0.499219 0.480747 0.928125 0.485632
111 0.501562 0.480532 0.928125 0.484914
95 0.5 0.483908 0.928125 0.478161
28 0.501953 0.482112 0.924219 0.480603
84 0.5 0.483908 0.928125 0.478161
56 0.50625 0.479382 0.925 0.486063
67 0.503125 0.47931 0.928125 0.487356
95 0.503125 0.47931 0.928125 0.487356
84 0.503125 0.47931 0.928125 0.487356
111 0.503125 0.47931 0.928125 0.487356
28 0.510938 0.480172 0.94375 0.48908
56 0.50625 0.478161 0.921875 0.487356
67 0.503125 0.479023 0.923437 0.487931
111 0.504687 0.481609 0.928125 0.485057
95 0.503125 0.479023 0.923437 0.487931
84 0.503125 0.479023 0.923437 0.487931
56 0.504687 0.478448 0.925 0.486782
67 0.504687 0.47931 0.925 0.488506
84 0.504687 0.47931 0.925 0.488506
95 0.504687 0.47931 0.925 0.488506
111 0.503906 0.481034 0.93125 0.485057
56 0.505859 0.477586 0.928906 0.489655
67 0.503125 0.478448 0.928125 0.49023
84 0.503125 0.478448 0.928125 0.49023
95 0.503125 0.478448 0.928125 0.49023
111 0.503125 0.478448 0.928125 0.49023
56 0.500781 0.478807 0.932813 0.488362
67 0.502734 0.478807 0.935156 0.490661
95 0.502734 0.478807 0.935156 0.490661
84 0.502734 0.478807 0.935156 0.490661
111 0.502734 0.478807 0.935156 0.490661
56 0.5 0.48046 0.9375 0.487356
95 0.500391 0.478448 0.933594 0.491379
84 0.500391 0.478448 0.933594 0.491379
67 0.500391 0.478448 0.933594 0.491379
111 0.500391 0.478448 0.933594 0.491379
56 0.500781 0.478807 0.932813 0.488362
67 0.502344 0.478448 0.932813 0.48908
95 0.502344 0.478448 0.932813 0.48908
84 0.502344 0.478448 0.932813 0.48908
111 0.502344 0.478448 0.932813 0.48908
56 0.503125 0.479023 0.93125 0.487931
67 0.503906 0.479239 0.932813 0.4875
95 0.503906 0.479239 0.932813 0.4875
111 0.503906 0.479239 0.932813 0.4875
84 0.503906 0.479239 0.932813 0.4875
56 0.502344 0.478736 0.932813 0.488506
67 0.504297 0.479023 0.933594 0.487931
111 0.504297 0.479023 0.933594 0.487931
84 0.504297 0.479023 0.933594 0.487931
95 0.504297 0.479023 0.933594 0.487931
56 0.502344 0.478089 0.934375 0.488649
67 0.503906 0.478736 0.939062 0.488506
95 0.503906 0.478736 0.939062 0.488506
111 0.503906 0.478736 0.939062 0.488506
84 0.503906 0.478736 0.939062 0.488506
28 0.502734 0.479598 0.941406 0.486782
56 0.5 0.477083 0.935938 0.489512
67 0.501562 0.478161 0.940625 0.488506
84 0.5 0.478448 0.939062 0.487931
111 0.501562 0.478161 0.940625 0.488506
56 0.500781 0.477658 0.934375 0.488362
67 0.501953 0.478161 0.938281 0.487356
56 0.503906 0.478089 0.935938 0.4875
67 0.503516 0.478664 0.939844 0.486351
28 0.504687 0.481322 0.9375 0.481034
56 0.505859 0.478089 0.933594 0.4875
67 0.504297 0.479023 0.938281 0.485632
56 0.507812 0.477874 0.93125 0.487931
67 0.50625 0.478448 0.934375 0.486782
56 0.508594 0.478233 0.929688 0.487213
67 0.50625 0.478736 0.932813 0.486207
28 0.507812 0.480388 0.926563 0.482902
56 0.507031 0.479598 0.935938 0.484483
67 0.50625 0.478448 0.934375 0.486782
28 0.50625 0.480388 0.93125 0.482902
56 0.505859 0.478664 0.932031 0.486351
67 0.504687 0.478736 0.934375 0.486207
28 0.505469 0.480388 0.929688 0.482902
56 0.505469 0.479023 0.932813 0.485632
28 0.504688 0.479885 0.93125 0.483908
67 0.503906 0.479023 0.934375 0.485632
56 0.505469 0.478736 0.932813 0.486207
28 0.504688 0.479598 0.93125 0.484483
67 0.503125 0.479023 0.934375 0.485632
56 0.504687 0.479023 0.932813 0.485632
28 0.504297 0.480172 0.932031 0.483333
56 0.503516 0.478233 0.933594 0.486063
28 0.503906 0.479885 0.932813 0.482759
56 0.503125 0.478161 0.934375 0.486207
28 0.503125 0.479813 0.934375 0.482902
56 0.503516 0.477874 0.933594 0.486782
28 0.503125 0.479813 0.934375 0.482902
56 0.504297 0.478089 0.935156 0.486351
56 0.503906 0.477658 0.935938 0.487213
56 0.503906 0.477586 0.935938 0.488506
56 0.503906 0.477514 0.935938 0.488649
28 0.503906 0.478807 0.9375 0.486063
56 0.503906 0.477083 0.939062 0.489512
28 0.503906 0.478664 0.939062 0.486351
56 0.503906 0.477083 0.939062 0.489512
28 0.503906 0.478233 0.939062 0.487213
56 0.503906 0.477083 0.939062 0.489512
56 0.503516 0.479023 0.939844 0.486782
56 0.503516 0.479023 0.939844 0.486782
56 0.503125 0.479023 0.940625 0.486782
56 0.503906 0.477586 0.942188 0.488506
56 0.503906 0.477658 0.942188 0.488362
56 0.503906 0.479885 0.945312 0.485058
56 0.503906 0.479885 0.945312 0.485058
56 0.503906 0.479598 0.945312 0.484483
56 0.503906 0.479885 0.945312 0.485058
56 0.503906 0.479598 0.946875 0.485632
56 0.503516 0.479382 0.946094 0.484914
56 0.503906 0.47931 0.946875 0.485057
56 0.503125 0.47931 0.946875 0.485057
56 0.503125 0.47931 0.946875 0.485057
56 0.503125 0.47931 0.946875 0.485057
56 0.503125 0.47931 0.946875 0.485057
56 0.503125 0.47931 0.946875 0.485057
56 0.503125 0.47931 0.946875 0.485057
56 0.503125 0.47931 0.946875 0.485057
56 0.503125 0.47931 0.946875 0.485057
56 0.503125 0.47931 0.946875 0.485057
56 0.502734 0.479382 0.946094 0.484914
56 0.502734 0.47931 0.946094 0.485057
56 0.503125 0.47931 0.946875 0.485057
56 0.502734 0.47931 0.946094 0.485057
56 0.502734 0.47931 0.946094 0.485057
56 0.502734 0.47931 0.946094 0.485057
56 0.502734 0.47931 0.946094 0.485057
56 0.502344 0.479382 0.945312 0.484914
56 0.502344 0.479382 0.945312 0.484914
56 0.502344 0.47931 0.946875 0.485057
56 0.502344 0.47931 0.946875 0.485057
56 0.502344 0.47931 0.946875 0.485057
56 0.502344 0.47931 0.946875 0.485057
56 0.502344 0.47931 0.945312 0.485057
56 0.502344 0.47931 0.946875 0.485057
56 0.503125 0.47931 0.946875 0.485057
56 0.502344 0.47931 0.946875 0.485057
56 0.503125 0.47931 0.946875 0.485057
56 0.503125 0.47931 0.946875 0.485057
56 0.503125 0.479238 0.946875 0.485201
56 0.503125 0.47931 0.946875 0.485057
56 0.502344 0.479238 0.946875 0.485201
56 0.502344 0.47931 0.946875 0.485057
56 0.502344 0.47931 0.946875 0.485057
56 0.502344 0.47931 0.946875 0.485057
56 0.502344 0.47931 0.946875 0.485057
56 0.502344 0.47931 0.946875 0.485057
56 0.502344 0.47931 0.946875 0.485057
56 0.502344 0.47931 0.946875 0.485057
56 0.502344 0.47931 0.946875 0.485057
56 0.501953 0.47931 0.946094 0.485057
56 0.501563 0.47931 0.946875 0.485057
56 0.501563 0.47931 0.946875 0.485057
56 0.501563 0.47931 0.946875 0.485057
56 0.501563 0.47931 0.946875 0.485057
56 0.501563 0.47931 0.946875 0.485057
56 0.501563 0.47931 0.946875 0.485057
56 0.501563 0.47931 0.946875 0.485057
56 0.501563 0.47931 0.946875 0.485057
56 0.501563 0.479238 0.946875 0.485201
56 0.502344 0.477586 0.939063 0.487356
56 0.502344 0.477586 0.940625 0.487356
56 0.502344 0.477874 0.939063 0.487931
56 0.502344 0.477586 0.939063 0.487356
56 0.502344 0.477874 0.939063 0.487931
56 0.501953 0.477874 0.939844 0.487931
56 0.501953 0.477658 0.939844 0.488362
56 0.501953 0.477658 0.939844 0.488362
56 0.501953 0.477658 0.939844 0.488362
56 0.501953 0.477658 0.939844 0.488362
56 0.501953 0.477874 0.939844 0.487931
56 0.501562 0.477658 0.940625 0.488362
56 0.502344 0.477658 0.940625 0.488362
56 0.502344 0.477658 0.940625 0.488362
56 0.501953 0.477658 0.941406 0.488362
56 0.502344 0.477658 0.940625 0.488362
56 0.502344 0.477586 0.942187 0.488506
56 0.501953 0.477586 0.941406 0.488506
56 0.501953 0.477586 0.941406 0.488506
56 0.501953 0.477586 0.941406 0.488506
56 0.501953 0.477586 0.941406 0.488506
56 0.501953 0.477586 0.941406 0.488506
56 0.501562 0.477586 0.942187 0.488506
56 0.501562 0.477586 0.942187 0.488506
56 0.502344 0.477586 0.942187 0.488506
56 0.502344 0.477586 0.942187 0.488506
56 0.501562 0.477586 0.942187 0.488506
56 0.501562 0.477586 0.942187 0.488506
56 0.501562 0.477658 0.942187 0.488362
56 0.501562 0.477658 0.942187 0.488362
56 0.501562 0.477658 0.942187 0.488362
56 0.501562 0.477658 0.942187 0.488362
56 0.501562 0.477586 0.942187 0.488506
56 0.501562 0.477586 0.942187 0.488506
56 0.501562 0.477586 0.942187 0.488506
56 0.500781 0.477658 0.942187 0.488362
56 0.500781 0.477658 0.942187 0.488362
56 0.500781 0.477658 0.942187 0.488362
56 0.500781 0.477586 0.942187 0.488506
56 0.500781 0.477658 0.942187 0.488362
56 0.500781 0.477658 0.942187 0.488362
56 0.500781 0.477586 0.942187 0.488506
56 0.500781 0.477658 0.942187 0.488362
56 0.500781 0.477586 0.942187 0.488506
56 0.500781 0.477586 0.942187 0.488506
56 0.500781 0.477586 0.942187 0.488506
56 0.500781 0.477658 0.942187 0.488362
56 0.500781 0.477658 0.942187 0.488362
56 0.500781 0.477658 0.942187 0.488362
56 0.500781 0.477586 0.942187 0.488506
56 0.500781 0.477586 0.942187 0.488506
56 0.500781 0.477586 0.942187 0.488506
56 0.500781 0.477586 0.942187 0.488506
56 0.500781 0.477586 0.942187 0.488506
56 0.500781 0.477586 0.942187 0.488506
56 0.500781 0.477586 0.942187 0.488506
56 0.500391 0.477586 0.942969 0.488506
56 0.500391 0.477514 0.942969 0.488649
56 0.500391 0.477514 0.942969 0.488649
56 0.500391 0.477514 0.942969 0.488649
56 0.500391 0.477514 0.942969 0.488649
56 0.500391 0.477514 0.942969 0.488649
56 0.500391 0.477514 0.942969 0.488649
56 0.5 0.477514 0.94375 0.488649
56 0.5 0.477514 0.94375 0.488649
56 0.5 0.477299 0.94375 0.48908
56 0.5 0.477299 0.94375 0.48908
56 0.5 0.477514 0.94375 0.488649
56 0.5 0.477514 0.94375 0.488649
56 0.5 0.477658 0.94375 0.489512
56 0.5 0.477658 0.94375 0.489512
56 0.5 0.477299 0.94375 0.48908
56 0.5 0.477658 0.94375 0.489512
56 0.5 0.477586 0.94375 0.489655
56 0.5 0.477658 0.94375 0.489512
56 0.5 0.477658 0.94375 0.489512
56 0.5 0.477658 0.94375 0.489512
56 0.5 0.477658 0.94375 0.489512
56 0.5 0.477586 0.94375 0.489655
56 0.5 0.477586 0.94375 0.489655
56 0.500391 0.477586 0.944531 0.489655
56 0.5 0.477586 0.94375 0.489655
56 0.5 0.477658 0.94375 0.489512
56 0.5 0.477658 0.94375 0.489512
56 0.5 0.477658 0.94375 0.489512
56 0.5 0.477658 0.94375 0.489512
56 0.5 0.477658 0.94375 0.489512
56 0.5 0.477658 0.94375 0.489512
56 0.5 0.477658 0.94375 0.489512
56 0.500781 0.478448 0.945312 0.486782
56 0.5 0.477658 0.94375 0.489512
56 0.5 0.478233 0.945312 0.487213
56 0.500391 0.478233 0.944531 0.487213
56 0.500391 0.478233 0.944531 0.487213
56 0.500391 0.478448 0.944531 0.486782
56 0.500391 0.478448 0.944531 0.486782
56 0.5 0.478233 0.945312 0.487213
56 0.5 0.478448 0.945312 0.486782
56 0.500781 0.478448 0.945312 0.486782
56 0.500781 0.478448 0.945312 0.486782
56 0.500781 0.478448 0.945312 0.486782
56 0.500781 0.478448 0.945312 0.486782
56 0.500781 0.478448 0.945312 0.486782
56 0.500781 0.478448 0.945312 0.486782
56 0.500781 0.478448 0.945312 0.486782
56 0.500781 0.478448 0.945312 0.486782
56 0.500781 0.478448 0.945312 0.486782
56 0.500781 0.478448 0.945312 0.486782
56 0.500781 0.478448 0.945312 0.486782
56 0.500781 0.478448 0.945312 0.486782
56 0.500781 0.478448 0.945312 0.486782
56 0.500781 0.478233 0.945312 0.487213
56 0.5 0.477586 0.95 0.488506
56 0.500391 0.477586 0.949219 0.488506
56 0.500781 0.478233 0.945312 0.487213
56 0.500781 0.478233 0.945312 0.487213
56 0.500781 0.478664 0.945312 0.4875
56 0.500781 0.478233 0.945312 0.487213
56 0.500391 0.478664 0.944531 0.4875
56 0.500391 0.478448 0.944531 0.487931
56 0.500391 0.478664 0.944531 0.4875
56 0.500391 0.478736 0.944531 0.487356
56 0.500391 0.478664 0.944531 0.4875
56 0.5 0.478736 0.94375 0.487356
56 0.5 0.478736 0.94375 0.487356
56 0.5 0.478736 0.94375 0.487356
56 0.5 0.478736 0.94375 0.487356
56 0.5 0.478736 0.94375 0.487356
56 0.5 0.478736 0.94375 0.487356
56 0.5 0.478664 0.94375 0.4875
56 0.5 0.478664 0.94375 0.4875
56 0.5 0.478736 0.94375 0.487356
56 0.5 0.478664 0.94375 0.4875
56 0.498047 0.477586 0.944531 0.488506
56 0.499609 0.478736 0.942969 0.487356
56 0.5 0.478448 0.942188 0.487931
56 0.497656 0.477586 0.94375 0.488506
56 0.497266 0.477586 0.942969 0.488506
56 0.497656 0.477586 0.94375 0.488506
56 0.499609 0.478736 0.942969 0.487356
56 0.499219 0.478664 0.942188 0.4875
56 0.499219 0.478448 0.942188 0.487931
56 0.497266 0.477586 0.942969 0.488506
95 0.499219 0.478807 0.94375 0.488362
56 0.497266 0.477586 0.942969 0.488506
95 0.499219 0.478736 0.94375 0.488506
56 0.499219 0.478664 0.942188 0.4875
95 0.499219 0.478807 0.94375 0.488362
84 0.499219 0.478664 0.94375 0.486351
56 0.499219 0.478448 0.942188 0.487931
95 0.499219 0.478807 0.94375 0.488362
84 0.499609 0.478448 0.942969 0.486782
56 0.497656 0.477514 0.94375 0.488649
95 0.499219 0.478807 0.94375 0.488362
84 0.499609 0.478448 0.942969 0.486782
56 0.497656 0.477514 0.94375 0.488649
95 0.499219 0.478807 0.94375 0.488362
84 0.499609 0.478448 0.942969 0.486782
56 0.497656 0.477514 0.942187 0.488649
95 0.499219 0.478807 0.94375 0.488362
84 0.499609 0.478448 0.942969 0.486782
56 0.497656 0.477514 0.942187 0.488649
95 0.499219 0.478807 0.94375 0.488362
84 0.499609 0.478448 0.942969 0.486782
56 0.497656 0.477514 0.942187 0.488649
95 0.499219 0.478807 0.94375 0.488362
84 0.499609 0.478448 0.942969 0.486782
56 0.497656 0.477514 0.942187 0.488649
95 0.499219 0.478807 0.94375 0.488362
56 0.497656 0.477514 0.942187 0.488649
95 0.5 0.478807 0.94375 0.488362
56 0.497656 0.477514 0.942187 0.488649
95 0.499219 0.478807 0.94375 0.488362
56 0.497266 0.477658 0.942969 0.489512
95 0.499219 0.478807 0.94375 0.488362
56 0.500391 0.477514 0.942969 0.488649
