17 0.4924 0.327656 0.966071 0.49134
48 0.49396 0.329605 0.969192 0.493216
95 0.4924 0.327656 0.966071 0.49134
53 0.49396 0.329677 0.967631 0.483834
74 0.4924 0.327656 0.966071 0.49134
49 0.4924 0.327656 0.966071 0.49134
50 0.49396 0.329605 0.969192 0.493216
79 0.4924 0.327656 0.966071 0.49134
109 0.4924 0.327656 0.966071 0.49134
67 0.4924 0.327656 0.966071 0.49134
103 0.4924 0.327656 0.966071 0.49134
68 0.4924 0.327656 0.966071 0.49134
81 0.49396 0.329677 0.967631 0.483834
33 0.4924 0.327656 0.966071 0.49134
84 0.4924 0.327656 0.966071 0.49134
54 0.495521 0.329965 0.967631 0.490185
56 0.4924 0.327656 0.966071 0.49134
46 0.4924 0.327656 0.966071 0.49134
97 0.4924 0.327656 0.966071 0.49134
101 0.49396 0.329605 0.969192 0.493216
104 0.4924 0.327656 0.966071 0.49134
42 0.4924 0.327656 0.966071 0.49134
111 0.4924 0.327656 0.966071 0.49134
66 0.4924 0.327656 0.966071 0.49134
77 0.4924 0.327656 0.966071 0.49134
14 0.4924 0.327656 0.966071 0.49134
73 0.49396 0.329605 0.969192 0.493216
110 0.49396 0.329677 0.967631 0.483834
16 0.49396 0.329605 0.969192 0.493216
76 0.4924 0.327656 0.966071 0.49134
105 0.4924 0.327656 0.966071 0.49134
31 0.4924 0.327656 0.966071 0.49134
34 0.4924 0.327656 0.966071 0.49134
78 0.49396 0.329605 0.969192 0.493216
47 0.49396 0.329677 0.967631 0.483834
51 0.4924 0.327656 0.966071 0.49134
11 0.49357 0.34209 0.96529 0.465935
99 0.49396 0.329677 0.967631 0.483834
100 0.4924 0.327656 0.966071 0.49134
21 0.49357 0.34209 0.96529 0.465935
15 0.49396 0.329677 0.967631 0.483834
75 0.4924 0.327656 0.966071 0.49134
5 0.49396 0.329605 0.969192 0.493216
28 0.4924 0.327656 0.966071 0.49134
102 0.4924 0.327656 0.966071 0.49134
7 0.49396 0.329605 0.969192 0.493216
41 0.49396 0.329605 0.969192 0.493216
0 0.49396 0.329677 0.967631 0.483834
12 0.491619 0.366917 0.966071 0.474018
3 0.189429 0.336028 0.360911 0.466513
108 0.4924 0.327656 0.966071 0.49134
16 0.300239 0.115618 0.600478 0.231236
14 0.189429 0.336028 0.360911 0.466513
24 0.490839 0.37067 0.966071 0.482679
6 0.4924 0.327656 0.966071 0.49134
4 0.495521 0.329965 0.967631 0.490185
29 0.4924 0.327656 0.966071 0.49134
13 0.49357 0.34209 0.96529 0.465935
19 0.189429 0.336028 0.360911 0.466513
80 0.4924 0.327656 0.966071 0.49134
9 0.189429 0.336028 0.360911 0.466513
8 0.495521 0.329965 0.967631 0.490185
19 0.442457 0.358256 0.863065 0.426674
22 0.501764 0.334584 0.950464 0.494804
16 0.189429 0.336028 0.360911 0.466513
28 0.189429 0.336028 0.360911 0.466513
38 0.49396 0.329677 0.967631 0.483834
15 0.189429 0.336028 0.360911 0.466513
26 0.4924 0.3597 0.978556 0.426097
26 0.189429 0.336028 0.360911 0.466513
67 0.304726 0.116845 0.589163 0.233689
5 0.300239 0.115618 0.600478 0.231236
3 0.442457 0.358256 0.863065 0.426674
15 0.491229 0.146074 0.959048 0.237298
16 0.491229 0.146074 0.959048 0.237298
72 0.49396 0.329677 0.967631 0.483834
24 0.195672 0.344039 0.38198 0.453955
8 0.189429 0.336028 0.360911 0.466513
32 0.49357 0.34209 0.96529 0.465935
78 0.491229 0.146074 0.959048 0.237298
33 0.195672 0.344039 0.38198 0.453955
4 0.189429 0.336028 0.360911 0.466513
52 0.503324 0.390878 0.953585 0.463049
55 0.49396 0.329605 0.969192 0.493216
65 0.49396 0.329605 0.969192 0.493216
5 0.431532 0.126299 0.845897 0.205543
28 0.300239 0.115618 0.600478 0.231236
28 0.491229 0.146074 0.959048 0.237298
21 0.491229 0.146074 0.959048 0.237298
74 0.491229 0.146074 0.959048 0.237298
15 0.304726 0.116845 0.589163 0.233689
9 0.442457 0.358256 0.863065 0.426674
10 0.495131 0.340719 0.957487 0.464059
13 0.195672 0.344039 0.38198 0.453955
92 0.495521 0.329965 0.967631 0.490185
88 0.491619 0.366917 0.966071 0.474018
16 0.53844 0.400115 0.892718 0.454965
36 0.4924 0.327656 0.966071 0.49134
6 0.189429 0.336028 0.360911 0.466513
20 0.187088 0.33545 0.35896 0.465358
22 0.304726 0.116845 0.589163 0.233689
29 0.195672 0.344039 0.38198 0.453955
5 0.189429 0.336028 0.360911 0.466513
18 0.189429 0.336028 0.360911 0.466513
22 0.195672 0.344039 0.38198 0.453955
28 0.799857 0.396363 0.387053 0.40127
20 0.442457 0.358256 0.863065 0.426674
14 0.300239 0.115618 0.600478 0.231236
30 0.499032 0.337832 0.955926 0.495237
33 0.486157 0.135537 0.969192 0.256062
9 0.486157 0.135537 0.969192 0.256062
9 0.304726 0.116845 0.589163 0.233689
67 0.491229 0.146074 0.959048 0.237298
15 0.490839 0.239607 0.959828 0.363741
7 0.304726 0.116845 0.589163 0.233689
4 0.300239 0.115618 0.600478 0.231236
26 0.300239 0.115618 0.600478 0.231236
16 0.799857 0.396363 0.387053 0.40127
2 0.495521 0.329965 0.967631 0.490185
67 0.189429 0.336028 0.360911 0.466513
18 0.442457 0.358256 0.863065 0.426674
6 0.300239 0.115618 0.600478 0.231236
78 0.490839 0.239607 0.959828 0.363741
102 0.300239 0.115618 0.600478 0.231236
14 0.53844 0.400115 0.892718 0.454965
4 0.486157 0.135537 0.969192 0.256062
8 0.300239 0.115618 0.600478 0.231236
29 0.300239 0.115618 0.600478 0.231236
94 0.49396 0.329677 0.967631 0.483834
67 0.490839 0.239607 0.959828 0.363741
10 0.195672 0.344039 0.38198 0.453955
7 0.491229 0.146074 0.959048 0.237298
17 0.189429 0.336028 0.360911 0.466513
17 0.53844 0.400115 0.892718 0.454965
3 0.300239 0.115618 0.600478 0.231236
17 0.304726 0.116845 0.589163 0.233689
28 0.679 0.403291 0.628765 0.422055
30 0.189429 0.336028 0.360911 0.466513
78 0.496301 0.300231 0.969192 0.600462
108 0.4924 0.298499 0.972313 0.596998
104 0.496301 0.339564 0.96451 0.546045
79 0.496301 0.339564 0.96451 0.546045
81 0.496301 0.300231 0.969192 0.600462
78 0.392125 0.322243 0.753036 0.517177
33 0.4924 0.298499 0.972313 0.596998
105 0.496301 0.344688 0.972313 0.517321
108 0.392125 0.322243 0.753036 0.517177
74 0.4924 0.298499 0.972313 0.596998
80 0.496301 0.344688 0.972313 0.517321
66 0.4924 0.298499 0.972313 0.596998
33 0.392125 0.322243 0.753036 0.517177
56 0.496301 0.339564 0.96451 0.546045
50 0.512298 0.84873 0.973094 0.30254
54 0.4924 0.298499 0.972313 0.596998
17 0.496301 0.339564 0.96451 0.546045
75 0.4924 0.298499 0.972313 0.596998
74 0.392125 0.322243 0.753036 0.517177
95 0.496301 0.344688 0.972313 0.517321
81 0.441287 0.346493 0.849799 0.466368
111 0.512298 0.84873 0.973094 0.30254
66 0.441287 0.346493 0.849799 0.466368
103 0.509177 0.33545 0.971533 0.599307
84 0.496301 0.344688 0.972313 0.517321
111 0.496301 0.344688 0.972313 0.517321
104 0.510348 0.362587 0.978556 0.725173
78 0.508787 0.404734 0.970753 0.550808
79 0.510348 0.362587 0.978556 0.725173
80 0.510348 0.362587 0.978556 0.725173
79 0.334379 0.348152 0.638325 0.457275
46 0.508007 0.867206 0.976996 0.265589
48 0.512298 0.84873 0.973094 0.30254
46 0.496301 0.339564 0.96451 0.546045
50 0.506056 0.899249 0.973094 0.201501
79 0.360911 0.288106 0.699972 0.576212
104 0.360911 0.288106 0.699972 0.576212
56 0.489668 0.362587 0.968412 0.725173
105 0.334379 0.348152 0.638325 0.457275
78 0.509364 0.424365 0.981272 0.84873
105 0.360911 0.288106 0.699972 0.576212
80 0.360911 0.288106 0.699972 0.576212
104 0.334379 0.348152 0.638325 0.457275
41 0.496301 0.339564 0.96451 0.546045
110 0.512298 0.84873 0.973094 0.30254
99 0.508007 0.867206 0.976996 0.265589
75 0.441287 0.346493 0.849799 0.466368
108 0.506446 0.393115 0.973874 0.577512
66 0.360911 0.288106 0.699972 0.576212
101 0.512298 0.84873 0.973094 0.30254
109 0.4924 0.298499 0.972313 0.596998
105 0.510348 0.362587 0.978556 0.725173
103 0.441287 0.346493 0.849799 0.466368
110 0.496301 0.339564 0.96451 0.546045
80 0.334379 0.348152 0.638325 0.457275
68 0.512298 0.84873 0.973094 0.30254
54 0.392125 0.322243 0.753036 0.517177
81 0.360911 0.288106 0.699972 0.576212
81 0.508787 0.404734 0.970753 0.550808
108 0.509364 0.424365 0.981272 0.84873
49 0.512298 0.84873 0.973094 0.30254
74 0.508787 0.404734 0.970753 0.550808
33 0.506446 0.393115 0.973874 0.577512
17 0.334379 0.348152 0.638325 0.457275
109 0.512298 0.84873 0.973094 0.30254
84 0.510348 0.362587 0.978556 0.725173
108 0.304726 0.289838 0.586041 0.579677
68 0.506056 0.899249 0.973094 0.201501
42 0.474061 0.293591 0.915348 0.587183
101 0.509177 0.33545 0.971533 0.599307
53 0.496301 0.344688 0.972313 0.517321
52 0.4924 0.298499 0.972313 0.596998
75 0.512298 0.84873 0.973094 0.30254
48 0.496301 0.344688 0.972313 0.517321
66 0.508787 0.404734 0.970753 0.550808
95 0.510348 0.362587 0.978556 0.725173
95 0.512298 0.84873 0.973094 0.30254
100 0.508007 0.867206 0.976996 0.265589
73 0.496301 0.344688 0.972313 0.517321
68 0.496301 0.339564 0.96451 0.546045
77 0.508007 0.867206 0.976996 0.265589
56 0.360911 0.288106 0.699972 0.576212
42 0.508787 0.372979 0.970753 0.579677
17 0.510348 0.362587 0.978556 0.725173
42 0.392125 0.322243 0.753036 0.517177
108 0.372616 0.339492 0.725724 0.678984
97 0.496301 0.339564 0.96451 0.546045
111 0.489668 0.362587 0.968412 0.725173
76 0.508007 0.867206 0.976996 0.265589
74 0.509364 0.424365 0.981272 0.84873
99 0.504885 0.920901 0.983238 0.158199
95 0.334379 0.348152 0.638325 0.457275
67 0.496301 0.344688 0.972313 0.517321
33 0.509364 0.424365 0.981272 0.84873
81 0.509364 0.424365 0.981272 0.84873
78 0.304726 0.289838 0.586041 0.579677
56 0.334379 0.348152 0.638325 0.457275
110 0.506056 0.899249 0.973094 0.201501
73 0.508007 0.867206 0.976996 0.265589
33 0.304726 0.289838 0.586041 0.579677
99 0.496301 0.300231 0.969192 0.600462
84 0.334379 0.348152 0.638325 0.457275
16 0.496301 0.300231 0.969192 0.600462
46 0.504885 0.920901 0.983238 0.158199
31 0.496301 0.339564 0.96451 0.546045
104 0.508007 0.867206 0.976996 0.265589
54 0.508007 0.867206 0.976996 0.265589
78 0.372616 0.339492 0.725724 0.678984
67 0.512298 0.84873 0.973094 0.30254
111 0.510925 0.908199 0.97815 0.183603
111 0.334379 0.348152 0.638325 0.457275
21 0.496301 0.300231 0.969192 0.600462
54 0.506446 0.393115 0.973874 0.577512
84 0.360911 0.288106 0.699972 0.576212
41 0.508007 0.867206 0.976996 0.265589
66 0.509364 0.424365 0.981272 0.84873
50 0.528483 0.952945 0.943035 0.0941108
75 0.360911 0.288106 0.699972 0.576212
76 0.496301 0.339564 0.96451 0.546045
103 0.360911 0.288106 0.699972 0.576212
75 0.500983 0.400188 0.991042 0.549509
72 0.474061 0.293591 0.915348 0.587183
47 0.496301 0.344688 0.972313 0.517321
48 0.506056 0.899249 0.973094 0.201501
17 0.360911 0.288106 0.699972 0.576212
75 0.509364 0.424365 0.981272 0.84873
56 0.512298 0.84873 0.973094 0.30254
78 0.264538 0.350173 0.49318 0.457852
41 0.510348 0.362587 0.978556 0.725173
95 0.360911 0.288106 0.699972 0.576212
102 0.508007 0.867206 0.976996 0.265589
109 0.441287 0.346493 0.849799 0.466368
46 0.510348 0.362587 0.978556 0.725173
49 0.506056 0.899249 0.973094 0.201501
108 0.264538 0.350173 0.49318 0.457852
101 0.506056 0.899249 0.973094 0.201501
28 0.496301 0.300231 0.969192 0.600462
97 0.512298 0.84873 0.973094 0.30254
52 0.392125 0.322243 0.753036 0.517177
51 0.508007 0.867206 0.976996 0.265589
17 0.512298 0.84873 0.973094 0.30254
41 0.334379 0.348152 0.638325 0.457275
103 0.512298 0.84873 0.973094 0.30254
103 0.509364 0.424365 0.981272 0.84873
77 0.4924 0.298499 0.972313 0.596998
110 0.510348 0.362587 0.978556 0.725173
54 0.509364 0.424365 0.981272 0.84873
48 0.393295 0.913395 0.786591 0.17321
33 0.264538 0.350173 0.49318 0.457852
74 0.304726 0.289838 0.586041 0.579677
72 0.392125 0.322243 0.753036 0.517177
14 0.4924 0.298499 0.972313 0.596998
52 0.512298 0.84873 0.973094 0.30254
33 0.372616 0.339492 0.725724 0.678984
35 0.4924 0.298499 0.972313 0.596998
53 0.512298 0.84873 0.973094 0.30254
84 0.512298 0.84873 0.973094 0.30254
48 0.428411 0.955254 0.856822 0.0894918
45 0.496301 0.344688 0.972313 0.517321
101 0.441287 0.346493 0.849799 0.466368
111 0.360911 0.288106 0.699972 0.576212
74 0.372616 0.339492 0.725724 0.678984
48 0.506446 0.370958 0.976996 0.741917
46 0.334379 0.348152 0.638325 0.457275
67 0.506056 0.899249 0.973094 0.201501
53 0.489668 0.362587 0.968412 0.725173
56 0.506056 0.899249 0.973094 0.201501
50 0.393295 0.913395 0.786591 0.17321
73 0.510348 0.362587 0.978556 0.725173
46 0.528483 0.952945 0.943035 0.0941108
16 0.392125 0.322243 0.753036 0.517177
42 0.512298 0.84873 0.973094 0.30254
99 0.441287 0.346493 0.849799 0.466368
66 0.508007 0.867206 0.976996 0.265589
111 0.528483 0.952945 0.943035 0.0941108
52 0.508787 0.404734 0.970753 0.550808
46 0.360911 0.288106 0.699972 0.576212
99 0.528483 0.952945 0.943035 0.0941108
72 0.508787 0.372979 0.970753 0.579677
109 0.500983 0.400188 0.991042 0.549509
105 0.512298 0.84873 0.973094 0.30254
75 0.506056 0.899249 0.973094 0.201501
52 0.509364 0.424365 0.981272 0.84873
110 0.528483 0.952945 0.943035 0.0941108
14 0.392125 0.322243 0.753036 0.517177
48 0.334379 0.348152 0.638325 0.457275
109 0.509364 0.424365 0.981272 0.84873
68 0.393295 0.913395 0.786591 0.17321
68 0.460405 0.955543 0.916128 0.0889145
68 0.510348 0.362587 0.978556 0.725173
81 0.264538 0.350173 0.49318 0.457852
100 0.504885 0.920901 0.983238 0.158199
95 0.510925 0.908199 0.97815 0.183603
110 0.334379 0.348152 0.638325 0.457275
109 0.360911 0.288106 0.699972 0.576212
74 0.204061 0.350462 0.360521 0.45843
50 0.4924 0.298499 0.972313 0.596998
78 0.501374 0.383949 0.98714 0.642032
81 0.501374 0.383949 0.98714 0.642032
108 0.501374 0.383949 0.98714 0.642032
79 0.501374 0.383949 0.98714 0.642032
104 0.501374 0.383949 0.98714 0.642032
78 0.49357 0.274827 0.980897 0.549654
80 0.501374 0.383949 0.98714 0.642032
105 0.501374 0.383949 0.98714 0.642032
108 0.488498 0.27627 0.966071 0.534065
74 0.501374 0.383949 0.98714 0.642032
95 0.490839 0.442263 0.959828 0.616628
56 0.501374 0.383949 0.98714 0.642032
52 0.501374 0.383949 0.98714 0.642032
81 0.488498 0.27627 0.966071 0.534065
108 0.787371 0.309469 0.407342 0.28291
84 0.490839 0.442263 0.959828 0.616628
53 0.501374 0.383949 0.98714 0.642032
66 0.501374 0.383949 0.98714 0.642032
78 0.787371 0.309469 0.407342 0.28291
104 0.488498 0.27627 0.966071 0.534065
33 0.501374 0.383949 0.98714 0.642032
54 0.501374 0.383949 0.98714 0.642032
81 0.506056 0.528868 0.976215 0.551963
79 0.488498 0.27627 0.966071 0.534065
81 0.501764 0.426025 0.984799 0.445872
108 0.559119 0.299654 0.860724 0.29157
108 0.506056 0.528868 0.976215 0.551963
78 0.506056 0.528868 0.976215 0.551963
78 0.501764 0.426025 0.984799 0.445872
78 0.790492 0.372979 0.405781 0.39261
104 0.506056 0.528868 0.976215 0.551963
109 0.490839 0.442263 0.959828 0.616628
68 0.503324 0.435335 0.981678 0.539261
81 0.786591 0.336894 0.407342 0.323903
108 0.481475 0.207852 0.961389 0.415704
108 0.501764 0.426025 0.984799 0.445872
104 0.501764 0.426025 0.984799 0.445872
78 0.559119 0.299654 0.860724 0.29157
0 0.778592 0.508083 0.409292 0.236721
16 0.778592 0.508083 0.409292 0.236721
79 0.506056 0.528868 0.976215 0.551963
75 0.501374 0.383949 0.98714 0.642032
108 0.790492 0.372979 0.405781 0.39261
17 0.501374 0.383949 0.98714 0.642032
13 0.805124 0.520208 0.340622 0.235566
79 0.501764 0.426025 0.984799 0.445872
80 0.49357 0.274827 0.980897 0.549654
14 0.501374 0.383949 0.98714 0.642032
10 0.501374 0.383949 0.98714 0.642032
81 0.557168 0.353637 0.861504 0.346998
104 0.786591 0.336894 0.407342 0.323903
108 0.654809 0.414622 0.669343 0.482535
80 0.489668 0.501155 0.955926 0.512702
18 0.805124 0.520208 0.340622 0.235566
0 0.808628 0.318418 0.382745 0.153002
108 0.554827 0.227771 0.870868 0.413972
26 0.805124 0.520208 0.340622 0.235566
78 0.654809 0.414622 0.669343 0.482535
78 0.554827 0.227771 0.870868 0.413972
2 0.501374 0.383949 0.98714 0.642032
14 0.778592 0.508083 0.409292 0.236721
79 0.786591 0.336894 0.407342 0.323903
74 0.488498 0.27627 0.966071 0.534065
81 0.333794 0.442263 0.667588 0.681293
74 0.489668 0.501155 0.955926 0.512702
105 0.506056 0.528868 0.976215 0.551963
19 0.778007 0.520208 0.407342 0.234411
30 0.805124 0.520208 0.340622 0.235566
104 0.557168 0.353637 0.861504 0.346998
17 0.805124 0.520208 0.340622 0.235566
41 0.501374 0.383949 0.98714 0.642032
101 0.503324 0.435335 0.981678 0.539261
6 0.503324 0.435335 0.981678 0.539261
21 0.501374 0.383949 0.98714 0.642032
0 0.805319 0.283199 0.354278 0.203811
81 0.654809 0.414622 0.669343 0.482535
81 0.481475 0.207852 0.961389 0.415704
105 0.49357 0.274827 0.980897 0.549654
67 0.503324 0.435335 0.981678 0.539261
80 0.787371 0.309469 0.407342 0.28291
15 0.805124 0.520208 0.340622 0.235566
56 0.506056 0.528868 0.976215 0.551963
32 0.501374 0.383949 0.98714 0.642032
48 0.508584 0.424942 0.982832 0.62933
111 0.508584 0.424942 0.982832 0.62933
4 0.258295 0.622546 0.44792 0.17985
16 0.498642 0.355658 0.975435 0.625866
1 0.778007 0.520208 0.407342 0.234411
74 0.787371 0.309469 0.407342 0.28291
108 0.333794 0.442263 0.667588 0.681293
13 0.813123 0.556582 0.324625 0.172055
81 0.543902 0.280312 0.898961 0.382794
23 0.778592 0.508083 0.409292 0.236721
81 0.767472 0.274755 0.447139 0.316542
0 0.805319 0.567552 0.344914 0.154734
52 0.49357 0.274827 0.980897 0.549654
32 0.787371 0.309469 0.407342 0.28291
105 0.501764 0.426025 0.984799 0.445872
4 0.33633 0.98903 0.319943 0.0219399
78 0.333794 0.442263 0.667588 0.681293
26 0.813123 0.556582 0.324625 0.172055
6 0.778007 0.520208 0.407342 0.234411
97 0.490839 0.442263 0.959828 0.616628
13 0.758295 0.518476 0.48341 0.25866
33 0.786591 0.336894 0.407342 0.323903
30 0.813123 0.556582 0.324625 0.172055
79 0.481475 0.207852 0.961389 0.415704
11 0.805124 0.520208 0.340622 0.235566
18 0.813123 0.556582 0.324625 0.172055
18 0.738989 0.502887 0.482255 0.229792
103 0.501374 0.383949 0.98714 0.642032
26 0.758295 0.518476 0.48341 0.25866
7 0.808628 0.318418 0.382745 0.153002
4 0.619596 0.98903 0.38081 0.0219399
21 0.778592 0.508083 0.409292 0.236721
79 0.654809 0.414622 0.669343 0.482535
79 0.767472 0.274755 0.447139 0.316542
7 0.778592 0.508083 0.409292 0.236721
5 0.813123 0.556582 0.324625 0.172055
10 0.786591 0.336894 0.407342 0.323903
104 0.333794 0.442263 0.667588 0.681293
110 0.490839 0.442263 0.959828 0.616628
104 0.481475 0.207852 0.961389 0.415704
1 0.813123 0.556582 0.324625 0.172055
4 0.813123 0.556582 0.324625 0.172055
104 0.654809 0.414622 0.669343 0.482535
5 0.778007 0.520208 0.407342 0.234411
79 0.559119 0.299654 0.860724 0.29157
76 0.503324 0.435335 0.981678 0.539261
16 0.805319 0.567552 0.344914 0.154734
0 0.744452 0.294962 0.280925 0.180283
17 0.813123 0.556582 0.324625 0.172055
12 0.778592 0.508083 0.409292 0.236721
4 0.222009 0.642032 0.390954 0.133949
95 0.481475 0.207852 0.961389 0.415704
81 0.770203 0.420396 0.44792 0.489463
80 0.790492 0.372979 0.405781 0.39261
108 0.483816 0.129908 0.96451 0.259815
78 0.483816 0.129908 0.96451 0.259815
79 0.348816 0.455831 0.69607 0.719977
23 0.813123 0.556582 0.324625 0.172055
19 0.805319 0.567552 0.344914 0.154734
16 0.787371 0.309469 0.407342 0.28291
6 0.813123 0.556582 0.324625 0.172055
104 0.543902 0.280312 0.898961 0.382794
78 0.67305 0.207852 0.635984 0.415704
21 0.786591 0.336894 0.407342 0.323903
16 0.834192 0.497691 0.276243 0.215935
33 0.506056 0.528868 0.976215 0.551963
16 0.557168 0.353637 0.861504 0.346998
104 0.767472 0.274755 0.447139 0.316542
53 0.489668 0.501155 0.955926 0.512702
8 0.778007 0.520208 0.407342 0.234411
5 0.808628 0.318418 0.382745 0.153002
3 0.778592 0.508083 0.409292 0.236721
30 0.756344 0.52194 0.487311 0.240185
74 0.559119 0.299654 0.860724 0.29157
7 0.767472 0.294529 0.334769 0.197315
52 0.506056 0.528868 0.976215 0.551963
56 0.482255 0.242783 0.96451 0.485566
17 0.488498 0.27627 0.966071 0.534065
14 0.805319 0.567552 0.344914 0.154734
10 0.488498 0.27627 0.966071 0.534065
108 0.217522 0.421478 0.435044 0.640878
1 0.808628 0.318418 0.382745 0.153002
33 0.808628 0.318418 0.382745 0.153002
0 0.679683 0.263568 0.204451 0.115473
78 0.217522 0.421478 0.435044 0.640878
0 0.625059 0.428984 0.474452 0.176674
4 0.805124 0.520208 0.340622 0.235566
28 0.805124 0.520208 0.340622 0.235566
79 0.770203 0.420396 0.44792 0.489463
15 0.834192 0.497691 0.276243 0.215935
11 0.501374 0.383949 0.98714 0.642032
74 0.790492 0.372979 0.405781 0.39261
80 0.559119 0.299654 0.860724 0.29157
0 0.724163 0.525982 0.524394 0.237875
26 0.834192 0.497691 0.276243 0.215935
10 0.557168 0.353637 0.861504 0.346998
77 0.490839 0.442263 0.959828 0.616628
21 0.557168 0.353637 0.861504 0.346998
0 0.834192 0.497691 0.276243 0.215935
15 0.758295 0.518476 0.48341 0.25866
66 0.488498 0.27627 0.966071 0.534065
33 0.559119 0.299654 0.860724 0.29157
16 0.807847 0.289766 0.384305 0.199913
18 0.834192 0.497691 0.276243 0.215935
33 0.488498 0.27627 0.966071 0.534065
10 0.506056 0.528868 0.976215 0.551963
10 0.654809 0.414622 0.669343 0.482535
17 0.758295 0.518476 0.48341 0.25866
47 0.490839 0.442263 0.959828 0.616628
108 0.67305 0.207852 0.635984 0.415704
105 0.333794 0.442263 0.667588 0.681293
108 0.499032 0.065459 0.974655 0.130918
68 0.49318 0.325346 0.970753 0.557159
104 0.770203 0.420396 0.44792 0.489463
54 0.489668 0.501155 0.955926 0.512702
30 0.80766 0.309469 0.349596 0.174365
79 0.554827 0.227771 0.870868 0.413972
78 0.501374 0.338626 0.973094 0.505196
74 0.507226 0.318202 0.981678 0.556438
79 0.506446 0.339781 0.984799 0.5306
108 0.512689 0.356524 0.967631 0.531755
78 0.502544 0.258949 0.980117 0.517898
78 0.42646 0.225751 0.845117 0.41455
104 0.506446 0.339781 0.984799 0.5306
81 0.506446 0.339781 0.984799 0.5306
105 0.500983 0.350751 0.976996 0.495958
108 0.502544 0.258949 0.980117 0.517898
21 0.507226 0.318202 0.981678 0.556438
79 0.502544 0.258949 0.980117 0.517898
33 0.504495 0.336316 0.976215 0.57448
66 0.512689 0.356524 0.967631 0.531755
74 0.474452 0.246969 0.923932 0.493938
79 0.42646 0.225751 0.845117 0.41455
108 0.42646 0.225751 0.845117 0.41455
74 0.53922 0.395208 0.888036 0.48903
10 0.506446 0.339781 0.984799 0.5306
80 0.512689 0.356524 0.967631 0.531755
78 0.386175 0.293375 0.766497 0.460595
79 0.509567 0.426097 0.962949 0.431871
104 0.42646 0.225751 0.845117 0.41455
81 0.42646 0.225751 0.845117 0.41455
78 0.509567 0.426097 0.962949 0.431871
32 0.507226 0.318202 0.981678 0.556438
104 0.502544 0.258949 0.980117 0.517898
14 0.506446 0.292725 0.981678 0.58545
78 0.623685 0.387991 0.75263 0.489607
66 0.506056 0.267177 0.980897 0.534353
81 0.502544 0.258949 0.980117 0.517898
74 0.422558 0.205687 0.834192 0.356524
21 0.474452 0.246969 0.923932 0.493938
104 0.509567 0.426097 0.962949 0.431871
41 0.514639 0.344688 0.959048 0.571594
75 0.504495 0.336316 0.976215 0.57448
42 0.507226 0.318202 0.981678 0.556438
52 0.500983 0.332636 0.976996 0.528724
12 0.267269 0.0991628 0.121734 0.0678407
80 0.506056 0.267177 0.980897 0.534353
16 0.500983 0.303767 0.972314 0.556438
41 0.506056 0.267177 0.980897 0.534353
81 0.386175 0.293375 0.766497 0.460595
78 0.461966 0.143476 0.911446 0.286952
81 0.509567 0.426097 0.962949 0.431871
16 0.787956 0.30052 0.40305 0.198037
108 0.386175 0.293375 0.766497 0.460595
2 0.507226 0.318202 0.981678 0.556438
33 0.504885 0.228637 0.98636 0.457275
79 0.386175 0.293375 0.766497 0.460595
95 0.500983 0.350751 0.976996 0.495958
10 0.502544 0.258949 0.980117 0.517898
108 0.623685 0.387991 0.75263 0.489607
104 0.386175 0.293375 0.766497 0.460595
105 0.42646 0.225751 0.845117 0.41455
28 0.502544 0.258949 0.980117 0.517898
28 0.514639 0.344688 0.959048 0.571594
21 0.569654 0.381928 0.842776 0.505196
78 0.579205 0.327079 0.841589 0.654157
12 0.253613 0.0863164 0.0928614 0.0357968
21 0.422558 0.205687 0.834192 0.356524
108 0.579205 0.327079 0.841589 0.654157
17 0.506446 0.339781 0.984799 0.5306
78 0.497082 0.0726039 0.96451 0.145208
33 0.42646 0.225751 0.845117 0.41455
79 0.623685 0.387991 0.75263 0.489607
108 0.500983 0.0747691 0.973874 0.149538
66 0.42646 0.225751 0.845117 0.41455
105 0.499813 0.267321 0.982458 0.534642
105 0.534929 0.428118 0.891938 0.42321
33 0.267269 0.0991628 0.121734 0.0678407
10 0.42646 0.225751 0.845117 0.41455
108 0.461966 0.143476 0.911446 0.286952
78 0.502544 0.351905 0.967631 0.626443
79 0.505275 0.359122 0.954365 0.628176
108 0.508007 0.353349 0.959828 0.640878
104 0.505275 0.359122 0.954365 0.628176
81 0.505275 0.359122 0.954365 0.628176
78 0.613638 0.398095 0.772724 0.501732
66 0.502544 0.351905 0.967631 0.626443
78 0.378469 0.3042 0.753036 0.568274
79 0.568874 0.400043 0.859943 0.49899
78 0.502544 0.267032 0.936417 0.451501
74 0.505275 0.359122 0.954365 0.628176
108 0.606517 0.397878 0.786965 0.527569
81 0.568874 0.400043 0.859943 0.49899
105 0.497862 0.394342 0.980117 0.54157
79 0.495521 0.469688 0.970753 0.380485
104 0.568874 0.400043 0.859943 0.49899
79 0.704061 0.409065 0.591878 0.483256
0 0.953772 0.97806 0.0924554 0.0438799
50 0.502544 0.352771 0.962949 0.622402
33 0.502544 0.351905 0.967631 0.626443
81 0.495521 0.469688 0.970753 0.380485
108 0.418266 0.297344 0.83029 0.549654
78 0.499423 0.450346 0.96451 0.382217
104 0.495521 0.469688 0.970753 0.380485
78 0.706012 0.443995 0.587976 0.401848
80 0.508007 0.353349 0.959828 0.640878
78 0.775861 0.416787 0.445969 0.457419
53 0.508007 0.356236 0.959828 0.63164
78 0.418266 0.393764 0.816244 0.378753
81 0.704061 0.409065 0.591878 0.483256
108 0.704061 0.409065 0.591878 0.483256
17 0.505275 0.359122 0.954365 0.628176
33 0.953382 0.972286 0.0932357 0.0554272
42 0.502544 0.352771 0.962949 0.622402
12 0.502544 0.351905 0.967631 0.626443
47 0.502544 0.351905 0.967631 0.626443
78 0.499813 0.328233 0.945001 0.535219
81 0.513266 0.345771 0.973468 0.527858
104 0.513266 0.345771 0.973468 0.527858
78 0.285802 0.318129 0.569264 0.497691
78 0.616572 0.394053 0.755182 0.493649
78 0.193136 0.32246 0.379249 0.493649
16 0.953585 0.263279 0.0905204 0.137413
79 0.513266 0.345771 0.973468 0.527858
16 0.867747 0.237442 0.137341 0.0868938
108 0.513266 0.333718 0.973468 0.570439
105 0.496691 0.405023 0.960608 0.484411
15 0.953585 0.263279 0.0905204 0.137413
15 0.867747 0.237442 0.137341 0.0868938
78 0.508787 0.24235 0.980117 0.4847
16 0.974452 0.268764 0.0510969 0.155312
16 0.96451 0.277714 0.0686706 0.144342
81 0.559509 0.420035 0.859943 0.460162
104 0.616572 0.394053 0.755182 0.493649
108 0.616572 0.394053 0.755182 0.493649
16 0.936417 0.256928 0.121734 0.102771
16 0.845897 0.234844 0.118613 0.0828522
16 0.885695 0.243072 0.137341 0.0941109
16 0.912227 0.248196 0.124856 0.0925231
16 0.722602 0.311201 0.170116 0.116628
104 0.488498 0.442769 0.955146 0.432015
15 0.845897 0.234844 0.118613 0.0828522
81 0.794394 0.406755 0.405781 0.454388
15 0.96451 0.277714 0.0686706 0.144342
15 0.936417 0.256928 0.121734 0.102771
15 0.974452 0.268764 0.0510969 0.155312
33 0.855261 0.236143 0.120174 0.0854503
79 0.616572 0.394053 0.755182 0.493649
78 0.502544 0.24235 0.961389 0.384238
78 0.794394 0.406755 0.405781 0.454388
108 0.411243 0.319789 0.813123 0.492061
16 0.721822 0.290416 0.170116 0.110277
104 0.794394 0.406755 0.405781 0.454388
15 0.912227 0.248196 0.124856 0.0925231
16 0.975232 0.296839 0.0495362 0.173066
15 0.885695 0.243072 0.137341 0.0941109
0 0.953585 0.263279 0.0905204 0.137413
81 0.511315 0.293303 0.97737 0.586605
78 0.105152 0.328233 0.208743 0.490185
16 0.779568 0.246825 0.101445 0.0918014
18 0.867747 0.237442 0.137341 0.0868938
16 0.731966 0.246536 0.13422 0.0877598
14 0.867747 0.237442 0.137341 0.0868938
16 0.979914 0.249134 0.0401721 0.107968
74 0.514046 0.33545 0.971907 0.548499
81 0.515607 0.000757794 0.968786 0.00151559
105 0.515607 0.000757794 0.968786 0.00151559
15 0.722602 0.311201 0.170116 0.116628
16 0.76162 0.247402 0.0967631 0.0889146
104 0.511315 0.293303 0.97737 0.586605
66 0.499813 0.328233 0.945001 0.535219
16 0.982255 0.28291 0.03549 0.157621
108 0.285802 0.318129 0.569264 0.497691
103 0.515607 0.000757794 0.968786 0.00151559
19 0.097763 0.280528 0.165775 0.332708
0 0.855261 0.236143 0.120174 0.0854503
16 0.761229 0.253753 0.0772544 0.0819862
104 0.507226 0.00256207 0.975435 0.00512413
20 0.867747 0.237442 0.137341 0.0868938
16 0.916128 0.264362 0.126416 0.0752021
14 0.953585 0.263279 0.0905204 0.137413
16 0.097763 0.280528 0.165775 0.332708
108 0.510145 0.272517 0.979711 0.545035
18 0.953585 0.263279 0.0905204 0.137413
95 0.515607 0.000757794 0.968786 0.00151559
108 0.193136 0.32246 0.379249 0.493649
79 0.285802 0.318129 0.569264 0.497691
24 0.867747 0.237442 0.137341 0.0868938
10 0.512486 0.33711 0.975029 0.533632
33 0.87555 0.23903 0.131098 0.0883372
24 0.953585 0.263279 0.0905204 0.137413
105 0.511315 0.293303 0.97737 0.586605
78 0.397197 0.242061 0.794394 0.320728
16 0.741721 0.252021 0.0991042 0.0837182
33 0.513266 0.333718 0.973468 0.570439
108 0.797516 0.385753 0.399538 0.43981
26 0.867747 0.237442 0.137341 0.0868938
14 0.097763 0.280528 0.165775 0.332708
21 0.867747 0.237442 0.137341 0.0868938
50 0.514046 0.33545 0.971907 0.548499
5 0.855261 0.236143 0.120174 0.0854503
15 0.779568 0.246825 0.101445 0.0918014
79 0.794394 0.406755 0.405781 0.454388
0 0.974452 0.268764 0.0510969 0.155312
33 0.953585 0.263279 0.0905204 0.137413
16 0.722212 0.260681 0.164653 0.114319
33 0.89818 0.239463 0.124856 0.0845843
16 0.923932 0.236721 0.106127 0.0727483
15 0.721822 0.290416 0.170116 0.110277
78 0.289509 0.244515 0.579018 0.345843
33 0.831656 0.233689 0.143974 0.0788106
15 0.097763 0.280528 0.165775 0.332708
79 0.506446 0.452079 0.948903 0.386836
79 0.193136 0.32246 0.379249 0.493649
15 0.731966 0.246536 0.13422 0.0877598
56 0.507226 0.00256207 0.975435 0.00512413
84 0.515607 0.000757794 0.968786 0.00151559
15 0.76162 0.247402 0.0967631 0.0889146
17 0.867747 0.237442 0.137341 0.0868938
16 0.69529 0.313222 0.127197 0.091224
18 0.936417 0.256928 0.121734 0.102771
16 0.817805 0.232968 0.145145 0.0756351
15 0.979914 0.249134 0.0401721 0.107968
80 0.513266 0.345771 0.973468 0.527858
0 0.87555 0.23903 0.131098 0.0883372
26 0.953585 0.263279 0.0905204 0.137413
68 0.515607 0.000757794 0.968786 0.00151559
105 0.794394 0.406755 0.405781 0.454388
33 0.878672 0.24567 0.240347 0.113164
66 0.193136 0.32246 0.379249 0.493649
13 0.866967 0.239896 0.121734 0.0929561
7 0.855261 0.236143 0.120174 0.0854503
15 0.916128 0.264362 0.126416 0.0752021
66 0.285802 0.318129 0.569264 0.497691
104 0.285802 0.318129 0.569264 0.497691
15 0.923932 0.236721 0.106127 0.0727483
0 0.96451 0.277714 0.0686706 0.144342
79 0.510145 0.272517 0.979711 0.545035
18 0.0961779 0.285219 0.151778 0.34642
56 0.514046 0.395569 0.971907 0.476761
22 0.513266 0.331986 0.973468 0.540416
33 0.912227 0.248196 0.124856 0.0925231
15 0.761229 0.253753 0.0772544 0.0819862
15 0.975232 0.296839 0.0495362 0.173066
16 0.706215 0.336605 0.145145 0.100462
104 0.193136 0.32246 0.379249 0.493649
80 0.515607 0.000757794 0.968786 0.00151559
16 0.656273 0.262413 0.121734 0.102771
78 0.51659 0.340069 0.952024 0.551963
78 0.596869 0.389146 0.782104 0.518476
108 0.51503 0.341513 0.952024 0.559469
79 0.547804 0.363453 0.883354 0.575635
78 0.375738 0.299076 0.738209 0.535797
79 0.602429 0.424654 0.764741 0.428984
78 0.256734 0.296839 0.502544 0.551819
108 0.596869 0.389146 0.782104 0.518476
78 0.653834 0.42754 0.680658 0.412818
108 0.393295 0.310335 0.760839 0.513279
108 0.256734 0.296839 0.502544 0.551819
79 0.666027 0.472864 0.634423 0.318707
78 0.496301 0.401198 0.955146 0.375433
66 0.51503 0.341513 0.952024 0.559469
78 0.49396 0.254619 0.972313 0.394342
108 0.653834 0.42754 0.680658 0.412818
78 0.159971 0.294457 0.318772 0.570439
79 0.421388 0.314016 0.817805 0.519775
79 0.809806 0.428984 0.371836 0.408776
78 0.819365 0.407044 0.355839 0.467667
108 0.159971 0.294457 0.318772 0.570439
33 0.51503 0.341513 0.952024 0.559469
78 0.502154 0.334368 0.974655 0.528724
33 0.49396 0.370598 0.981678 0.570583
79 0.49396 0.368865 0.981678 0.576357
108 0.49396 0.368865 0.981678 0.576357
17 0.49396 0.368865 0.981678 0.576357
66 0.499423 0.329677 0.978556 0.542725
97 0.504495 0.352122 0.974655 0.552107
95 0.504105 0.349812 0.973874 0.565964
74 0.504105 0.349812 0.973874 0.565964
81 0.499423 0.329677 0.978556 0.542725
52 0.502154 0.334368 0.974655 0.528724
101 0.504105 0.349812 0.973874 0.565964
14 0.494741 0.376155 0.973874 0.57679
12 0.502154 0.334368 0.974655 0.528724
21 0.49396 0.368865 0.981678 0.576357
68 0.504105 0.349812 0.973874 0.565964
18 0.756938 0.335956 0.427631 0.25765
16 0.494741 0.376155 0.973874 0.57679
104 0.499423 0.329677 0.978556 0.542725
15 0.756938 0.335956 0.427631 0.25765
15 0.494741 0.376155 0.973874 0.57679
13 0.494741 0.376155 0.973874 0.57679
111 0.504495 0.352122 0.974655 0.552107
34 0.499423 0.329677 0.978556 0.542725
11 0.49396 0.368865 0.981678 0.576357
15 0.768643 0.301386 0.366764 0.215935
80 0.49396 0.368865 0.981678 0.576357
24 0.494741 0.376155 0.973874 0.57679
15 0.607111 0.414261 0.524394 0.255774
56 0.504105 0.349812 0.973874 0.565964
14 0.756938 0.335956 0.427631 0.25765
15 0.6512 0.452656 0.557949 0.263279
78 0.505665 0.251732 0.98636 0.384527
23 0.49396 0.368865 0.981678 0.576357
27 0.499423 0.329677 0.978556 0.542725
14 0.768643 0.301386 0.366764 0.215935
105 0.504105 0.349812 0.973874 0.565964
41 0.49396 0.368865 0.981678 0.576357
109 0.499423 0.329677 0.978556 0.542725
84 0.504105 0.349812 0.973874 0.565964
17 0.756938 0.335956 0.427631 0.25765
53 0.49396 0.370598 0.981678 0.570583
50 0.499423 0.329677 0.978556 0.542725
18 0.607111 0.414261 0.524394 0.255774
18 0.494741 0.376155 0.973874 0.57679
42 0.49396 0.370598 0.981678 0.570583
18 0.768643 0.301386 0.366764 0.215935
18 0.6512 0.452656 0.557949 0.263279
19 0.49396 0.368865 0.981678 0.576357
14 0.607111 0.414261 0.524394 0.255774
22 0.499423 0.329677 0.978556 0.542725
28 0.494741 0.376155 0.973874 0.57679
47 0.502154 0.334368 0.974655 0.528724
78 0.495521 0.318779 0.945782 0.537962
79 0.511908 0.328522 0.948903 0.547344
78 0.330477 0.306293 0.654712 0.5306
108 0.511128 0.334296 0.947342 0.554273
79 0.565362 0.40358 0.832631 0.453811
79 0.774885 0.290416 0.438555 0.237875
66 0.502544 0.322171 0.96451 0.540416
79 0.66632 0.434469 0.652566 0.390878
79 0.703874 0.377887 0.579018 0.484411
81 0.557168 0.371825 0.842776 0.481524
15 0.923932 0.245958 0.146705 0.080254
16 0.742891 0.304273 0.315261 0.210162
78 0.480694 0.219833 0.955146 0.340935
78 0.283656 0.239319 0.56107 0.399538
15 0.934076 0.257506 0.123295 0.0952656
18 0.923932 0.245958 0.146705 0.080254
79 0.616475 0.322676 0.742891 0.451646
104 0.500203 0.0183314 0.962949 0.0366628
78 0.565362 0.40358 0.832631 0.453811
79 0.849799 0.36901 0.293411 0.341657
74 0.502544 0.322171 0.96451 0.540416
79 0.769813 0.405889 0.450261 0.419169
78 0.506446 0.326718 0.984799 0.539405
108 0.501374 0.346348 0.976215 0.537096
79 0.501374 0.346348 0.976215 0.537096
80 0.501374 0.346348 0.976215 0.537096
78 0.31448 0.3042 0.616475 0.537096
33 0.500593 0.338337 0.985579 0.54388
74 0.508397 0.330759 0.968412 0.541715
66 0.508397 0.330759 0.968412 0.541715
81 0.509177 0.33545 0.966851 0.54157
27 0.506446 0.326718 0.984799 0.539405
104 0.501374 0.346348 0.976215 0.537096
108 0.386272 0.307159 0.758498 0.538106
79 0.386272 0.307159 0.758498 0.538106
12 0.506446 0.326718 0.984799 0.539405
17 0.508397 0.330759 0.968412 0.541715
22 0.508397 0.330759 0.968412 0.541715
108 0.574336 0.258011 0.83029 0.339636
66 0.496301 0.327367 0.958267 0.562356
78 0.494741 0.313799 0.956707 0.547921
108 0.49435 0.317841 0.959048 0.565243
74 0.496301 0.327367 0.958267 0.562356
66 0.49396 0.387341 0.953585 0.395064
79 0.494741 0.346998 0.955146 0.493072
79 0.839654 0.389146 0.305896 0.318707
108 0.572775 0.404734 0.802198 0.426097
108 0.850579 0.293086 0.290289 0.441542
108 0.840435 0.330254 0.309018 0.256928
74 0.490839 0.417437 0.970753 0.394919
79 0.881013 0.41224 0.232544 0.371825
108 0.888036 0.347864 0.221619 0.347575
66 0.839654 0.389146 0.305896 0.318707
66 0.545463 0.435624 0.853701 0.363164
33 0.689828 0.310335 0.187284 0.200924
74 0.839654 0.389146 0.305896 0.318707
66 0.881013 0.41224 0.232544 0.371825
79 0.4924 0.256495 0.961389 0.512991
74 0.881013 0.41224 0.232544 0.371825
108 0.8974 0.306582 0.20289 0.516166
108 0.413194 0.268043 0.809221 0.536085
108 0.798881 0.277425 0.3812 0.371247
66 0.492009 0.23802 0.955926 0.476039
79 0.840435 0.330254 0.309018 0.256928
18 0.205232 0.468822 0.341012 0.188222
108 0.839654 0.389146 0.305896 0.318707
74 0.595015 0.368865 0.759279 0.392754
66 0.413194 0.268043 0.809221 0.536085
78 0.490058 0.400043 0.970753 0.432015
108 0.881013 0.41224 0.232544 0.371825
79 0.888036 0.347864 0.221619 0.347575
74 0.840435 0.330254 0.309018 0.256928
108 0.680463 0.396363 0.599307 0.40358
108 0.793029 0.318057 0.386662 0.210306
66 0.840435 0.330254 0.309018 0.256928
74 0.530637 0.480947 0.886475 0.266744
66 0.888036 0.347864 0.221619 0.347575
78 0.328331 0.298788 0.643397 0.561778
16 0.205232 0.468822 0.341012 0.188222
74 0.888036 0.347864 0.221619 0.347575
7 0.691778 0.318995 0.183382 0.180716
74 0.499423 0.232102 0.962949 0.464203
18 0.699972 0.226617 0.071792 0.0438799
18 0.708556 0.22142 0.051503 0.0386836
66 0.608671 0.494226 0.742891 0.254042
16 0.987717 0.408776 0.0245651 0.122402
33 0.69529 0.333141 0.170116 0.147806
15 0.205232 0.468822 0.341012 0.188222
79 0.390564 0.299942 0.753036 0.561778
79 0.824047 0.463337 0.329307 0.318129
108 0.581749 0.27259 0.796735 0.492927
16 0.692949 0.227771 0.0803758 0.0450346
79 0.793029 0.318057 0.386662 0.210306
19 0.205232 0.468822 0.341012 0.188222
66 0.680463 0.396363 0.599307 0.40358
79 0.545463 0.435624 0.853701 0.363164
15 0.701143 0.335162 0.159971 0.143764
79 0.788151 0.424654 0.394856 0.383949
16 0.701143 0.335162 0.159971 0.143764
66 0.581749 0.27259 0.796735 0.492927
75 0.498252 0.25433 0.96373 0.508661
18 0.956707 0.251732 0.0780348 0.0964203
27 0.711677 0.365473 0.126416 0.0796767
79 0.608671 0.494226 0.742891 0.254042
108 0.738599 0.324553 0.486157 0.234267
74 0.793029 0.318057 0.386662 0.210306
18 0.701143 0.335162 0.159971 0.143764
16 0.704264 0.223441 0.0554047 0.0409931
18 0.952024 0.27129 0.0889597 0.123701
74 0.680463 0.396363 0.599307 0.40358
18 0.934076 0.25 0.110809 0.0854503
78 0.502544 0.344111 0.958267 0.506928
108 0.504885 0.352771 0.959828 0.501155
15 0.855261 0.233256 0.118613 0.0796767
79 0.500983 0.368938 0.958267 0.463049
16 0.855261 0.233256 0.118613 0.0796767
78 0.351547 0.338842 0.682024 0.471276
14 0.855261 0.233256 0.118613 0.0796767
16 0.799076 0.303623 0.379249 0.212615
108 0.797516 0.285219 0.383931 0.251732
18 0.855261 0.233256 0.118613 0.0796767
15 0.799076 0.303623 0.379249 0.212615
14 0.258685 0.0965647 0.116272 0.0557159
66 0.500983 0.368938 0.958267 0.463049
14 0.262392 0.109664 0.128367 0.081481
108 0.799076 0.364607 0.38237 0.382794
17 0.855261 0.233256 0.118613 0.0796767
26 0.262392 0.109664 0.128367 0.081481
78 0.368324 0.249711 0.699972 0.312933
18 0.797516 0.308891 0.374567 0.200346
16 0.903643 0.239896 0.181041 0.0894919
15 0.903643 0.239896 0.181041 0.0894919
15 0.258685 0.0965647 0.116272 0.0557159
17 0.262392 0.109664 0.128367 0.081481
108 0.733527 0.387991 0.510348 0.454965
7 0.855261 0.233256 0.118613 0.0796767
19 0.799076 0.303623 0.379249 0.212615
17 0.258685 0.0965647 0.116272 0.0557159
26 0.258685 0.0965647 0.116272 0.0557159
18 0.258685 0.0965647 0.116272 0.0557159
18 0.903643 0.239896 0.181041 0.0894919
14 0.799076 0.303623 0.379249 0.212615
26 0.855261 0.233256 0.118613 0.0796767
16 0.258685 0.0965647 0.116272 0.0557159
79 0.799076 0.364607 0.38237 0.382794
11 0.797516 0.308891 0.374567 0.200346
15 0.262392 0.109664 0.128367 0.081481
7 0.903643 0.239896 0.181041 0.0894919
16 0.262392 0.109664 0.128367 0.081481
108 0.495521 0.265012 0.984799 0.421478
24 0.797516 0.308891 0.374567 0.200346
15 0.321894 0.106488 0.236445 0.0832131
28 0.262392 0.109664 0.128367 0.081481
79 0.797516 0.285219 0.383931 0.251732
16 0.839654 0.229648 0.154509 0.0707275
11 0.321894 0.106488 0.236445 0.0832131
18 0.262392 0.109664 0.128367 0.081481
16 0.321894 0.106488 0.236445 0.0832131
15 0.839654 0.229648 0.154509 0.0707275
108 0.595503 0.280312 0.781714 0.282333
14 0.903643 0.239896 0.181041 0.0894919
26 0.799076 0.303623 0.379249 0.212615
17 0.797516 0.308891 0.374567 0.200346
12 0.903643 0.239896 0.181041 0.0894919
12 0.855261 0.233256 0.118613 0.0796767
14 0.296922 0.103493 0.198989 0.0762125
13 0.799076 0.303623 0.379249 0.212615
24 0.258685 0.0965647 0.116272 0.0557159
15 0.292045 0.109375 0.180651 0.0751299
14 0.839654 0.229648 0.154509 0.0707275
0 0.898961 0.243649 0.193526 0.105658
10 0.893498 0.241628 0.207573 0.103349
16 0.292045 0.109375 0.180651 0.0751299
33 0.898961 0.243649 0.193526 0.105658
21 0.799076 0.303623 0.379249 0.212615
74 0.799076 0.364607 0.38237 0.382794
14 0.254784 0.0873268 0.103006 0.0357968
20 0.258685 0.0965647 0.116272 0.0557159
17 0.903643 0.239896 0.181041 0.0894919
18 0.839654 0.229648 0.154509 0.0707275
19 0.321894 0.106488 0.236445 0.0832131
108 0.830485 0.319861 0.327356 0.579677
18 0.254784 0.0873268 0.103006 0.0357968
18 0.780153 0.226905 0.0909105 0.0467668
66 0.799076 0.364607 0.38237 0.382794
7 0.794394 0.30254 0.365203 0.214781
16 0.102616 0.209296 0.0819365 0.151848
28 0.855261 0.233256 0.118613 0.0796767
74 0.500983 0.368938 0.958267 0.463049
17 0.254784 0.0873268 0.103006 0.0357968
78 0.449871 0.193093 0.838874 0.263352
15 0.102616 0.209296 0.0819365 0.151848
16 0.139487 0.251732 0.226691 0.267898
24 0.290094 0.106524 0.175968 0.0799654
13 0.78581 0.351544 0.405781 0.36504
24 0.262392 0.109664 0.128367 0.081481
24 0.855261 0.233256 0.118613 0.0796767
18 0.321894 0.106488 0.236445 0.0832131
14 0.982458 0.228493 0.0312139 0.0632217
78 0.495521 0.265012 0.984799 0.421478
78 0.513079 0.335162 0.971533 0.544457
78 0.340622 0.340069 0.660174 0.615473
108 0.512876 0.330904 0.974249 0.537962
78 0.183723 0.327367 0.353595 0.650116
16 0.981678 0.241051 0.0343353 0.0744804
78 0.543122 0.404734 0.913007 0.398383
16 0.934076 0.234988 0.121734 0.0640878
18 0.981678 0.241051 0.0343353 0.0744804
18 0.939539 0.233834 0.115492 0.0646651
108 0.795174 0.278868 0.401099 0.540416
16 0.971533 0.267249 0.0561851 0.132939
79 0.512876 0.330904 0.974249 0.537962
108 0.793029 0.363164 0.405391 0.43649
16 0.976996 0.278796 0.0436995 0.141022
33 0.981678 0.233834 0.0343353 0.0658198
16 0.787371 0.31149 0.362081 0.210739
7 0.981678 0.241051 0.0343353 0.0744804
18 0.976996 0.278796 0.0436995 0.141022
18 0.971533 0.267249 0.0561851 0.132939
78 0.793029 0.363164 0.405391 0.43649
78 0.500983 0.335739 0.967631 0.542148
16 0.9411 0.273095 0.11237 0.131062
16 0.920811 0.253392 0.149827 0.097142
16 0.867747 0.244876 0.118613 0.0864607
18 0.920811 0.253392 0.149827 0.097142
108 0.503324 0.338842 0.956707 0.563655
18 0.867747 0.244876 0.118613 0.0864607
16 0.920811 0.232968 0.137341 0.0710162
16 0.987717 0.408776 0.0245651 0.117783
78 0.390564 0.285508 0.774885 0.479215
79 0.503324 0.338842 0.956707 0.563655
16 0.944221 0.252598 0.106127 0.101617
18 0.9411 0.273095 0.11237 0.131062
16 0.959828 0.267321 0.0749134 0.147229
15 0.914568 0.254114 0.159191 0.0991628
18 0.920811 0.232968 0.137341 0.0710162
16 0.984799 0.399249 0.0296533 0.134527
16 0.877111 0.23037 0.0983239 0.0687067
18 0.877111 0.23037 0.0983239 0.0687067
17 0.914568 0.254114 0.159191 0.0991628
78 0.498642 0.330326 0.966071 0.5472
108 0.787956 0.302613 0.418657 0.267754
78 0.778787 0.299365 0.436995 0.286374
79 0.787956 0.302613 0.418657 0.267754
78 0.378079 0.303623 0.750695 0.559036
33 0.702313 0.307737 0.198208 0.207275
108 0.775666 0.330326 0.446359 0.360133
79 0.775666 0.330326 0.446359 0.360133
78 0.501374 0.33776 0.954365 0.553118
78 0.467428 0.224596 0.928614 0.36836
78 0.281315 0.306871 0.554047 0.536374
79 0.497862 0.335378 0.961389 0.5625
78 0.49318 0.328233 0.952024 0.515589
78 0.33633 0.303118 0.647689 0.527714
78 0.5877 0.241484 0.766107 0.320728
78 0.483426 0.413323 0.966851 0.393909
79 0.497862 0.332636 0.953585 0.533343
78 0.504105 0.332058 0.967631 0.54489
78 0.4924 0.415127 0.984799 0.406467
79 0.495521 0.401848 0.972313 0.419169
66 0.504105 0.332058 0.967631 0.54489
78 0.317992 0.308891 0.625059 0.530023
108 0.500593 0.407044 0.971533 0.449192
66 0.4924 0.415127 0.984799 0.406467
74 0.495521 0.401848 0.972313 0.419169
12 0.499423 0.340647 0.970753 0.548499
12 0.78425 0.315243 0.376128 0.191109
52 0.504105 0.332058 0.967631 0.54489
78 0.499423 0.330831 0.981678 0.546189
79 0.496301 0.348225 0.981678 0.56683
78 0.505665 0.319861 0.976996 0.542725
108 0.505665 0.323614 0.976996 0.544457
79 0.507226 0.325563 0.970753 0.546334
4 0.586822 1 0.591504 0
78 0.357204 0.293808 0.699582 0.58213
53 0.502934 0.313583 0.966851 0.554128
78 0.507226 0.319356 0.976996 0.550664
79 0.506446 0.34642 0.978556 0.536952
53 0.506446 0.34642 0.978556 0.536952
78 0.320333 0.307665 0.621937 0.587904
81 0.506446 0.34642 0.978556 0.536952
108 0.508397 0.33343 0.980897 0.544457
33 0.506446 0.34642 0.978556 0.536952
74 0.506446 0.34642 0.978556 0.536952
15 0.105835 0.211172 0.0801807 0.165416
32 0.506836 0.339203 0.977776 0.55485
14 0.105835 0.211172 0.0801807 0.165416
66 0.506446 0.34642 0.978556 0.536952
52 0.508787 0.330182 0.980117 0.552107
10 0.506446 0.34642 0.978556 0.536952
78 0.499423 0.32513 0.970753 0.543736
78 0.555998 0.384527 0.866967 0.457275
52 0.506836 0.329172 0.959048 0.542581
18 0.769813 0.323903 0.370665 0.185912
108 0.506836 0.329172 0.959048 0.542581
13 0.769813 0.308891 0.372226 0.206697
53 0.506836 0.329172 0.959048 0.542581
78 0.500983 0.323903 0.976996 0.532333
19 0.78425 0.326212 0.340232 0.165704
18 0.78425 0.326212 0.340232 0.165704
15 0.78425 0.326212 0.340232 0.165704
17 0.78425 0.326212 0.340232 0.165704
14 0.78425 0.326212 0.340232 0.165704
24 0.78425 0.326212 0.340232 0.165704
26 0.78425 0.326212 0.340232 0.165704
16 0.988498 0.428406 0.0230044 0.0935335
13 0.78425 0.326212 0.340232 0.165704
16 0.78425 0.326212 0.340232 0.165704
21 0.78425 0.326212 0.340232 0.165704
79 0.499032 0.324192 0.980897 0.538684
11 0.78425 0.326212 0.340232 0.165704
13 0.988498 0.428406 0.0230044 0.0935335
11 0.958845 0.391455 0.0823109 0.161085
16 0.985579 0.420323 0.0265318 0.112587
23 0.78425 0.326212 0.340232 0.165704
108 0.499032 0.324192 0.980897 0.538684
15 0.989278 0.414261 0.0214437 0.118938
16 0.984799 0.301386 0.0249711 0.0883372
28 0.958845 0.391455 0.0823109 0.161085
78 0.504105 0.332564 0.958267 0.557737
79 0.49357 0.329749 0.976215 0.556438
78 0.398758 0.294457 0.777227 0.577367
33 0.504105 0.332564 0.958267 0.557737
52 0.49435 0.327367 0.977776 0.561201
48 0.494741 0.938799 0.969192 0.122402
66 0.49357 0.329749 0.976215 0.556438
101 0.4924 0.984989 0.959828 0.030023
102 0.4924 0.984989 0.959828 0.030023
48 0.4924 0.984989 0.959828 0.030023
101 0.494741 0.938799 0.969192 0.122402
95 0.49357 0.329749 0.976215 0.556438
104 0.49357 0.329749 0.976215 0.556438
53 0.504105 0.332564 0.958267 0.557737
78 0.498252 0.322243 0.968412 0.541426
78 0.310969 0.312644 0.60633 0.534065
108 0.497082 0.323037 0.962949 0.537529
76 0.504885 0.929561 0.972313 0.140878
79 0.497082 0.323037 0.962949 0.537529
48 0.504885 0.929561 0.972313 0.140878
103 0.504885 0.929561 0.972313 0.140878
50 0.500983 0.931293 0.970753 0.137413
19 0.763961 0.301891 0.316821 0.205687
75 0.504885 0.929561 0.972313 0.140878
46 0.504885 0.929561 0.972313 0.140878
76 0.500203 0.986143 0.962949 0.0277136
14 0.763961 0.301891 0.316821 0.205687
99 0.504885 0.929561 0.972313 0.140878
49 0.504885 0.929561 0.972313 0.140878
10 0.726504 0.31351 0.235665 0.174365
103 0.500203 0.986143 0.962949 0.0277136
47 0.504885 0.929561 0.972313 0.140878
13 0.956707 0.32679 0.0811562 0.272517
48 0.500203 0.986143 0.962949 0.0277136
109 0.504885 0.929561 0.972313 0.140878
66 0.501764 0.333718 0.972314 0.539261
19 0.967631 0.330543 0.0624278 0.258083
52 0.501764 0.333718 0.972314 0.539261
0 0.763961 0.301891 0.316821 0.205687
78 0.494741 0.314737 0.956707 0.556438
79 0.497862 0.318779 0.959828 0.554128
16 0.831851 0.232679 0.149827 0.078522
16 0.832046 0.219833 0.140072 0.0545612
13 0.78425 0.314665 0.362081 0.198037
78 0.498642 0.325058 0.983238 0.54388
52 0.483816 0.324553 0.959828 0.548355
33 0.483816 0.324553 0.959828 0.548355
78 0.496301 0.326285 0.961389 0.526415
79 0.508397 0.328017 0.960608 0.542581
13 0.774105 0.305139 0.369885 0.215358
78 0.499423 0.328811 0.973874 0.539838
13 0.774105 0.306582 0.351157 0.207852
24 0.774105 0.306582 0.351157 0.207852
12 0.778592 0.310118 0.35935 0.201934
28 0.778592 0.310118 0.35935 0.201934
78 0.495131 0.333141 0.966851 0.549654
78 0.490839 0.315243 0.966071 0.547344
13 0.988701 0.408487 0.0218498 0.123557
15 0.98792 0.406467 0.0218498 0.125866
78 0.488498 0.303046 0.973874 0.580976
78 0.505665 0.301963 0.976996 0.584296
79 0.502934 0.317841 0.979337 0.560624
19 0.788151 0.321088 0.346474 0.191542
13 0.98792 0.409065 0.0218498 0.117206
95 0.502934 0.317841 0.979337 0.560624
66 0.502934 0.317841 0.979337 0.560624
104 0.502934 0.317841 0.979337 0.560624
78 0.796735 0.389723 0.391735 0.383372
81 0.502934 0.317841 0.979337 0.560624
16 0.87555 0.237731 0.213815 0.085739
78 0.491619 0.320944 0.969192 0.559036
52 0.503324 0.326718 0.975435 0.547489
78 0.497082 0.313583 0.96451 0.555283
18 0.783469 0.310696 0.376128 0.205398
78 0.497082 0.32015 0.962949 0.568707
52 0.497082 0.32015 0.962949 0.568707
95 0.497862 0.325635 0.969192 0.561201
78 0.492009 0.315242 0.969972 0.556582
78 0.491619 0.32513 0.976996 0.555283
79 0.501764 0.332491 0.983238 0.571738
104 0.511908 0.333718 0.961389 0.548499
95 0.511908 0.333718 0.961389 0.548499
33 0.511908 0.333718 0.961389 0.548499
53 0.511908 0.333718 0.961389 0.548499
81 0.511908 0.333718 0.961389 0.548499
13 0.781909 0.310624 0.362081 0.203811
19 0.866966 0.252598 0.255954 0.118938
78 0.490839 0.32246 0.969192 0.528291
16 0.989278 0.443995 0.0214437 0.056582
104 0.500983 0.328233 0.956707 0.522517
79 0.500983 0.329388 0.955146 0.527136
78 0.489278 0.326718 0.976996 0.546334
79 0.502544 0.330326 0.972314 0.548355
108 0.502544 0.330326 0.972314 0.548355
78 0.488108 0.324408 0.976215 0.532477
79 0.495521 0.327079 0.981678 0.546767
66 0.495521 0.327079 0.981678 0.546767
104 0.486547 0.322171 0.968412 0.538106
78 0.792638 0.363741 0.399928 0.498845
78 0.487717 0.314376 0.972314 0.551386
16 0.9411 0.844688 0.0218498 0.0323326
78 0.499423 0.326212 0.994163 0.54157
79 0.500203 0.326862 0.989481 0.54489
78 0.487717 0.319861 0.973874 0.54388
19 0.793614 0.301097 0.385492 0.210739
18 0.793614 0.301097 0.385492 0.210739
78 0.488108 0.322748 0.971533 0.538106
13 0.976996 0.392032 0.0405781 0.43418
78 0.489668 0.322099 0.973094 0.535941
104 0.499032 0.325058 0.984019 0.534642
66 0.499032 0.325058 0.984019 0.534642
52 0.500203 0.324769 0.98636 0.529446
95 0.499032 0.325058 0.984019 0.534642
79 0.499032 0.325058 0.984019 0.534642
78 0.500983 0.328811 0.992603 0.534065
79 0.499423 0.327656 0.98792 0.546767
78 0.506446 0.327295 0.967631 0.54056
18 0.793614 0.303984 0.373006 0.207275
78 0.498642 0.32845 0.989481 0.552107
13 0.770203 0.500866 0.330867 0.232679
78 0.497082 0.331337 0.98792 0.553262
78 0.488498 0.328594 0.973874 0.550664
78 0.760449 0.362875 0.462746 0.502887
78 0.639495 0.35537 0.703093 0.507506
78 0.499423 0.331986 0.989481 0.536952
78 0.495131 0.328017 0.980897 0.554128
78 0.497862 0.32246 0.983238 0.560624
18 0.775666 0.307809 0.354278 0.205398
17 0.775666 0.307809 0.354278 0.205398
27 0.775666 0.307809 0.354278 0.205398
78 0.504105 0.327079 0.991042 0.546767
78 0.490839 0.332058 0.981678 0.550664
78 0.490449 0.33545 0.977776 0.550808
18 0.787956 0.310624 0.421778 0.213626
78 0.499032 0.334296 0.982458 0.536951
78 0.490449 0.328233 0.969972 0.549076
26 0.524394 0.821016 0.0436995 0.0311778
78 0.496301 0.32448 0.978556 0.547344
78 0.49396 0.322243 0.972313 0.551819
78 0.49435 0.320727 0.971533 0.55254
78 0.495131 0.321882 0.973094 0.550231
18 0.794386 0.308891 0.411228 0.215935
78 0.496691 0.322171 0.973094 0.551963
18 0.794971 0.308603 0.410057 0.209584
78 0.49396 0.323037 0.978556 0.551386
18 0.797508 0.308025 0.404985 0.20612
78 0.49318 0.323903 0.976996 0.554273
18 0.79576 0.308242 0.396807 0.205687
30 0.849019 0.976905 0.101445 0.0427252
19 0.789907 0.307087 0.399148 0.207997
78 0.490839 0.323975 0.975435 0.559902
18 0.789517 0.308603 0.390564 0.20843
30 0.849019 0.978638 0.0936418 0.039261
30 0.863065 0.984989 0.0624278 0.0265589
26 0.525174 0.827945 0.0624278 0.0646652
30 0.85214 0.984989 0.071792 0.0277137
30 0.87399 0.985566 0.0593064 0.0254042
78 0.497082 0.32513 0.983238 0.551819
18 0.791273 0.308819 0.394856 0.209151
78 0.498642 0.324769 0.984799 0.547921
18 0.783274 0.308242 0.371836 0.209151
78 0.489668 0.325635 0.974655 0.550808
18 0.781909 0.308242 0.379249 0.210306
78 0.497862 0.327439 0.983238 0.540271
18 0.783274 0.307665 0.378079 0.211461
78 0.490058 0.329172 0.973874 0.551819
18 0.781713 0.307809 0.371836 0.212327
78 0.489278 0.329388 0.975435 0.551386
18 0.775666 0.307448 0.363642 0.213049
13 0.98636 0.397806 0.0249711 0.121247
78 0.496301 0.329388 0.976996 0.544457
18 0.772544 0.308603 0.357399 0.211894
78 0.495911 0.328811 0.979337 0.543303
18 0.773325 0.309469 0.357399 0.212471
78 0.487717 0.329749 0.975435 0.550664
18 0.771764 0.309469 0.357399 0.213049
78 0.488108 0.329677 0.976215 0.550808
18 0.7743 0.30918 0.364813 0.214781
78 0.495521 0.329027 0.980117 0.54056
18 0.774105 0.308242 0.365203 0.214925
78 0.495521 0.328811 0.978556 0.539838
18 0.771764 0.307809 0.365203 0.215791
78 0.495521 0.328811 0.978556 0.538684
18 0.771764 0.307665 0.366764 0.21608
78 0.495911 0.330543 0.980897 0.535219
18 0.770203 0.307809 0.369885 0.216946
78 0.496301 0.330904 0.981678 0.535652
18 0.770203 0.307809 0.374567 0.216946
78 0.496301 0.330831 0.983238 0.534642
18 0.771374 0.307448 0.38159 0.217667
78 0.496301 0.330254 0.983238 0.534642
18 0.772544 0.30651 0.379249 0.21608
78 0.496301 0.330254 0.983238 0.533487
18 0.771764 0.306077 0.379249 0.215791
78 0.496301 0.329677 0.983238 0.534642
18 0.771764 0.305499 0.376128 0.214636
78 0.496691 0.329172 0.982458 0.535652
18 0.772935 0.305499 0.376908 0.213482
0 0.812342 0.988453 0.035896 0.0184758
78 0.496691 0.328594 0.982458 0.536807
18 0.772544 0.304778 0.374567 0.212616
0 0.812342 0.988453 0.035896 0.0184758
78 0.496301 0.328017 0.981678 0.537962
18 0.773325 0.30485 0.376128 0.212471
0 0.812342 0.988453 0.035896 0.0184758
78 0.496301 0.327656 0.981678 0.538684
18 0.772544 0.304778 0.376128 0.212616
0 0.812342 0.988453 0.035896 0.0184758
78 0.506056 0.326862 0.969972 0.531034
18 0.773715 0.304273 0.378469 0.213049
0 0.812342 0.988453 0.035896 0.0184758
78 0.506056 0.32679 0.969972 0.531178
18 0.772935 0.304273 0.38159 0.213049
0 0.812342 0.988453 0.035896 0.0184758
78 0.505665 0.326862 0.970753 0.531034
18 0.773325 0.304345 0.388613 0.213482
0 0.813123 0.988453 0.0374567 0.0184758
78 0.505665 0.327367 0.970753 0.531178
18 0.772544 0.304273 0.388613 0.213049
0 0.812342 0.988453 0.035896 0.0184758
78 0.505665 0.327656 0.970753 0.531755
18 0.772544 0.304273 0.393295 0.213049
0 0.812342 0.988453 0.035896 0.0184758
78 0.505275 0.327656 0.971533 0.531755
18 0.773325 0.304273 0.396417 0.213049
0 0.812342 0.988453 0.035896 0.0184758
78 0.505275 0.327656 0.971533 0.531755
18 0.773715 0.304273 0.401879 0.213049
0 0.812342 0.988453 0.035896 0.0184758
78 0.505275 0.327656 0.971533 0.531755
0 0.812342 0.988453 0.035896 0.0184758
18 0.774105 0.304273 0.40422 0.213049
78 0.505275 0.327656 0.971533 0.531755
18 0.77391 0.304273 0.40305 0.212471
0 0.812342 0.988453 0.035896 0.0184758
78 0.505665 0.327656 0.970753 0.531755
18 0.775666 0.304273 0.40422 0.212471
78 0.505275 0.327656 0.971533 0.531755
18 0.775666 0.304345 0.40266 0.212327
78 0.505665 0.327656 0.970753 0.531755
78 0.505665 0.327656 0.970753 0.531755
13 0.772154 0.304561 0.439336 0.212471
78 0.505665 0.327656 0.970753 0.531755
13 0.772935 0.304561 0.437775 0.211894
78 0.505275 0.327656 0.971533 0.531755
13 0.774105 0.3042 0.436995 0.211461
78 0.505275 0.327656 0.971533 0.531755
13 0.777422 0.304273 0.433483 0.211316
78 0.505665 0.327656 0.970753 0.531755
13 0.778007 0.304561 0.432313 0.210739
78 0.505665 0.327656 0.970753 0.531755
13 0.778982 0.304273 0.430362 0.210739
78 0.505665 0.327872 0.970753 0.531322
13 0.780543 0.304273 0.430362 0.210162
78 0.505665 0.327872 0.970753 0.531322
13 0.781128 0.304273 0.430752 0.210162
78 0.505665 0.327945 0.970753 0.531178
13 0.782104 0.304345 0.430362 0.210017
78 0.505665 0.327945 0.970753 0.531178
13 0.783469 0.303984 0.429191 0.210162
78 0.505665 0.327945 0.970753 0.531178
13 0.78425 0.303984 0.427631 0.209584
78 0.505665 0.327945 0.970753 0.531178
13 0.78425 0.303984 0.429191 0.209584
78 0.505665 0.327945 0.972313 0.531178
13 0.785022 0.303623 0.429956 0.209151
78 0.505665 0.327945 0.972313 0.531178
13 0.78503 0.303695 0.429191 0.209007
78 0.505665 0.327945 0.972313 0.531178
13 0.78503 0.303695 0.429191 0.209007
78 0.505665 0.327945 0.972313 0.531178
13 0.78503 0.303767 0.429191 0.208863
78 0.505665 0.327945 0.972313 0.531178
13 0.785022 0.303406 0.429956 0.20843
78 0.505665 0.327945 0.972313 0.531178
13 0.784827 0.303046 0.430346 0.207997
78 0.505665 0.327945 0.972313 0.531178
13 0.785412 0.303118 0.429175 0.207852
78 0.505665 0.327945 0.972313 0.531178
13 0.784827 0.303118 0.430346 0.207852
78 0.505665 0.327945 0.972313 0.531178
13 0.784437 0.30319 0.431126 0.207708
78 0.505665 0.327656 0.973874 0.5306
13 0.783266 0.30319 0.433467 0.207708
78 0.505665 0.327656 0.973874 0.5306
13 0.782681 0.302829 0.434638 0.207275
78 0.505665 0.327872 0.972313 0.530167
13 0.782876 0.302829 0.434248 0.207275
78 0.504885 0.327872 0.973874 0.530167
13 0.781706 0.302829 0.436589 0.207275
78 0.505275 0.327439 0.973094 0.529879
13 0.78151 0.302829 0.436979 0.206697
78 0.505275 0.327656 0.973094 0.529446
13 0.78112 0.30254 0.437759 0.206697
78 0.505665 0.327945 0.972313 0.530023
13 0.78073 0.30254 0.43854 0.20612
78 0.505665 0.327656 0.972313 0.529446
13 0.77995 0.302252 0.4401 0.20612
78 0.505665 0.327656 0.972313 0.529446
13 0.77956 0.302252 0.440881 0.20612
78 0.505275 0.327656 0.971533 0.529446
13 0.778974 0.301963 0.442051 0.20612
78 0.505665 0.327656 0.972313 0.529446
13 0.778584 0.301963 0.442832 0.20612
78 0.505665 0.327439 0.970753 0.529879
13 0.779365 0.301674 0.441271 0.20612
78 0.505665 0.327656 0.970753 0.529446
13 0.779365 0.301674 0.441271 0.20612
78 0.505665 0.327656 0.970753 0.529446
13 0.780925 0.301674 0.43815 0.20612
78 0.505665 0.327656 0.970753 0.529446
13 0.781315 0.301458 0.437369 0.206553
78 0.505665 0.327656 0.970753 0.529446
13 0.781315 0.301674 0.437369 0.206697
78 0.505665 0.327656 0.970753 0.529446
13 0.780925 0.301674 0.43815 0.206697
78 0.505665 0.328233 0.966071 0.528291
13 0.781706 0.301674 0.436589 0.206697
78 0.505665 0.32845 0.966071 0.529013
13 0.781706 0.301314 0.436589 0.206842
78 0.506056 0.32845 0.96529 0.529013
13 0.781706 0.301386 0.436589 0.207275
78 0.506056 0.328594 0.96529 0.529879
13 0.78151 0.301386 0.436979 0.207275
78 0.506446 0.328811 0.966071 0.529446
13 0.78151 0.301386 0.436979 0.207275
