48 0.508891 0.405458 0.98185 0.462126
50 0.505766 0.404954 0.975601 0.473502
54 0.508891 0.405458 0.98185 0.462126
68 0.505766 0.404954 0.975601 0.473502
49 0.505766 0.404954 0.975601 0.473502
109 0.508891 0.405458 0.98185 0.462126
101 0.508891 0.405458 0.98185 0.462126
84 0.508891 0.405458 0.98185 0.462126
103 0.504204 0.398329 0.955293 0.484447
104 0.508891 0.405458 0.98185 0.462126
79 0.505766 0.398041 0.961542 0.474654
53 0.508891 0.405458 0.98185 0.462126
67 0.508891 0.405458 0.98185 0.462126
17 0.505766 0.404954 0.975601 0.473502
95 0.505766 0.404954 0.975601 0.473502
76 0.508891 0.405458 0.98185 0.462126
46 0.504204 0.398329 0.955293 0.484447
110 0.505766 0.398041 0.961542 0.474654
73 0.505766 0.404954 0.975601 0.473502
74 0.508891 0.405458 0.98185 0.462126
100 0.508891 0.405458 0.98185 0.462126
111 0.508891 0.405458 0.98185 0.462126
99 0.513669 0.406394 0.972661 0.466014
66 0.505766 0.404954 0.975601 0.473502
42 0.505766 0.398041 0.961542 0.474654
81 0.508891 0.405458 0.98185 0.462126
56 0.505766 0.404954 0.975601 0.473502
75 0.505766 0.404954 0.975601 0.473502
97 0.508891 0.405458 0.98185 0.462126
47 0.513669 0.406394 0.972661 0.466014
38 0.496002 0.420579 0.967009 0.434188
16 0.508891 0.405458 0.98185 0.462126
80 0.508891 0.405458 0.98185 0.462126
77 0.508891 0.405458 0.98185 0.462126
41 0.505766 0.398041 0.961542 0.474654
51 0.508891 0.405458 0.98185 0.462126
14 0.505766 0.398041 0.961542 0.474654
7 0.508891 0.405458 0.98185 0.462126
5 0.504204 0.398329 0.955293 0.484447
102 0.508891 0.405458 0.98185 0.462126
34 0.505766 0.404954 0.975601 0.473502
78 0.505766 0.404954 0.975601 0.473502
11 0.508891 0.405458 0.98185 0.462126
52 0.496002 0.420579 0.967009 0.434188
0 0.505766 0.398041 0.961542 0.474654
33 0.505766 0.404954 0.975601 0.473502
108 0.505766 0.398041 0.961542 0.474654
15 0.496002 0.420579 0.967009 0.434188
94 0.508891 0.405458 0.98185 0.462126
88 0.505766 0.404954 0.975601 0.473502
105 0.505766 0.398041 0.961542 0.474654
12 0.495221 0.426771 0.965447 0.427563
31 0.496002 0.420579 0.967009 0.434188
65 0.495221 0.426771 0.965447 0.427563
55 0.508891 0.405458 0.98185 0.462126
4 0.508891 0.405458 0.98185 0.462126
21 0.508891 0.405458 0.98185 0.462126
22 0.508891 0.405458 0.98185 0.462126
8 0.508891 0.405458 0.98185 0.462126
92 0.508891 0.405458 0.98185 0.462126
26 0.495221 0.426771 0.965447 0.427563
24 0.508891 0.405458 0.98185 0.462126
72 0.505766 0.396385 0.956855 0.482575
13 0.481552 0.392569 0.908426 0.486751
83 0.508891 0.405458 0.98185 0.462126
28 0.495221 0.426771 0.965447 0.427563
64 0.496002 0.420579 0.967009 0.434188
36 0.495221 0.426771 0.965447 0.427563
50 0.420919 0.365855 0.785988 0.438796
54 0.517483 0.479839 0.95373 0.324885
107 0.501079 0.394873 0.950606 0.494816
6 0.508891 0.405458 0.98185 0.462126
50 0.517483 0.479839 0.95373 0.324885
48 0.4589 0.394873 0.909989 0.523618
111 0.4589 0.394873 0.909989 0.523618
50 0.493659 0.40553 0.965447 0.487327
109 0.4589 0.394873 0.909989 0.523618
46 0.4589 0.394873 0.909989 0.523618
101 0.4589 0.394873 0.909989 0.523618
68 0.495221 0.439444 0.965447 0.417195
102 0.4589 0.394873 0.909989 0.523618
73 0.4589 0.394873 0.909989 0.523618
48 0.504595 0.461982 0.977945 0.37212
110 0.493659 0.40553 0.965447 0.487327
103 0.4589 0.394873 0.909989 0.523618
67 0.4589 0.394873 0.909989 0.523618
99 0.493659 0.40553 0.965447 0.487327
52 0.4589 0.394873 0.909989 0.523618
50 0.371611 0.40553 0.728381 0.532258
47 0.4589 0.394873 0.909989 0.523618
100 0.495221 0.439444 0.965447 0.417195
111 0.504595 0.461982 0.977945 0.37212
101 0.504595 0.461982 0.977945 0.37212
46 0.504595 0.461982 0.977945 0.37212
49 0.47999 0.393721 0.952168 0.515553
48 0.496002 0.885945 0.979507 0.228111
95 0.495221 0.439444 0.965447 0.417195
77 0.4589 0.394873 0.909989 0.523618
76 0.493659 0.40553 0.965447 0.487327
53 0.4589 0.394873 0.909989 0.523618
111 0.504594 0.875576 0.962323 0.248848
75 0.4589 0.394873 0.909989 0.523618
80 0.4589 0.394873 0.909989 0.523618
54 0.4589 0.394873 0.909989 0.523618
68 0.414377 0.398113 0.814694 0.52405
84 0.4589 0.394873 0.909989 0.523618
51 0.4589 0.394873 0.909989 0.523618
102 0.504595 0.461982 0.977945 0.37212
67 0.504595 0.461982 0.977945 0.37212
48 0.415548 0.909562 0.831097 0.180876
56 0.495221 0.439444 0.965447 0.417195
50 0.506938 0.477823 0.976382 0.34159
75 0.504595 0.461982 0.977945 0.37212
68 0.496002 0.885945 0.979507 0.228111
49 0.504595 0.461982 0.977945 0.37212
110 0.371611 0.40553 0.728381 0.532258
50 0.207579 0.396313 0.410471 0.521889
100 0.414377 0.398113 0.814694 0.52405
77 0.504595 0.461982 0.977945 0.37212
109 0.504595 0.461982 0.977945 0.37212
50 0.370439 0.902362 0.740879 0.195276
50 0.496002 0.885945 0.979507 0.228111
95 0.384988 0.398041 0.756306 0.524194
104 0.4589 0.394873 0.909989 0.523618
54 0.504595 0.461982 0.977945 0.37212
68 0.415548 0.909562 0.831097 0.180876
48 0.303069 0.900922 0.606138 0.198157
102 0.496002 0.885945 0.979507 0.228111
73 0.504595 0.461982 0.977945 0.37212
48 0.207579 0.396313 0.410471 0.521889
66 0.4589 0.394873 0.909989 0.523618
103 0.504595 0.461982 0.977945 0.37212
53 0.504595 0.461982 0.977945 0.37212
49 0.207579 0.396313 0.410471 0.521889
97 0.495221 0.439444 0.965447 0.417195
46 0.496002 0.885945 0.979507 0.228111
84 0.504595 0.461982 0.977945 0.37212
46 0.370439 0.902362 0.740879 0.195276
109 0.504594 0.875576 0.962323 0.248848
101 0.504594 0.875576 0.962323 0.248848
46 0.207579 0.396313 0.410471 0.521889
52 0.504595 0.461982 0.977945 0.37212
42 0.4589 0.394873 0.909989 0.523618
99 0.34935 0.397537 0.685421 0.522897
53 0.496002 0.885945 0.979507 0.228111
97 0.414377 0.398113 0.814694 0.52405
56 0.384988 0.398041 0.756306 0.524194
105 0.47999 0.393721 0.952168 0.515553
50 0.305608 0.921083 0.611215 0.157834
111 0.415548 0.909562 0.831097 0.180876
47 0.504595 0.461982 0.977945 0.37212
67 0.453823 0.903226 0.907645 0.193548
66 0.504595 0.461982 0.977945 0.37212
95 0.504594 0.875576 0.962323 0.248848
73 0.496002 0.885945 0.979507 0.228111
76 0.496002 0.885945 0.979507 0.228111
110 0.506938 0.477823 0.976382 0.34159
51 0.504595 0.461982 0.977945 0.37212
110 0.504594 0.875576 0.962323 0.248848
68 0.541697 0.493664 0.909988 0.3053
68 0.303069 0.900922 0.606138 0.198157
67 0.355599 0.915323 0.711197 0.169355
48 0.603014 0.498272 0.78423 0.293779
47 0.496002 0.885945 0.979507 0.228111
73 0.370439 0.902362 0.740879 0.195276
99 0.506938 0.477823 0.976382 0.34159
99 0.504594 0.875576 0.962323 0.248848
74 0.453041 0.394585 0.89671 0.518433
104 0.504595 0.461982 0.977945 0.37212
75 0.496002 0.885945 0.979507 0.228111
101 0.355599 0.915323 0.711197 0.169355
50 0.603014 0.498272 0.78423 0.293779
102 0.415548 0.909562 0.831097 0.180876
101 0.207579 0.396313 0.410471 0.521889
103 0.504594 0.875576 0.962323 0.248848
76 0.371611 0.40553 0.728381 0.532258
81 0.430389 0.396961 0.846719 0.527506
49 0.458509 0.908986 0.917018 0.182028
53 0.415548 0.909562 0.831097 0.180876
49 0.303069 0.900922 0.606138 0.198157
100 0.504594 0.875576 0.962323 0.248848
99 0.406175 0.907258 0.81235 0.185484
51 0.504594 0.875576 0.962323 0.248848
47 0.415548 0.909562 0.831097 0.180876
41 0.504595 0.461982 0.977945 0.37212
75 0.415548 0.909562 0.831097 0.180876
100 0.415548 0.909562 0.831097 0.180876
111 0.303069 0.900922 0.606138 0.198157
77 0.508109 0.870392 0.974039 0.259217
74 0.504595 0.461982 0.977945 0.37212
110 0.207579 0.396313 0.410471 0.521889
80 0.504595 0.461982 0.977945 0.37212
105 0.504595 0.461982 0.977945 0.37212
77 0.406175 0.907258 0.81235 0.185484
17 0.503813 0.447581 0.979507 0.39977
76 0.415548 0.909562 0.831097 0.180876
111 0.207579 0.396313 0.410471 0.521889
47 0.207579 0.396313 0.410471 0.521889
52 0.504594 0.875576 0.962323 0.248848
41 0.4589 0.394873 0.909989 0.523618
38 0.47999 0.395737 0.949044 0.508065
73 0.207579 0.396313 0.410471 0.521889
108 0.493659 0.40553 0.965447 0.487327
48 0.771342 0.503456 0.450698 0.28341
84 0.504594 0.875576 0.962323 0.248848
99 0.207579 0.396313 0.410471 0.521889
110 0.415548 0.909562 0.831097 0.180876
66 0.504594 0.875576 0.962323 0.248848
50 0.771342 0.503456 0.450698 0.28341
50 0.447183 0.127016 0.870933 0.254032
68 0.207579 0.396313 0.410471 0.521889
47 0.303069 0.900922 0.606138 0.198157
56 0.504594 0.875576 0.962323 0.248848
100 0.207579 0.396313 0.410471 0.521889
48 0.262061 0.925403 0.524122 0.149194
46 0.308927 0.393937 0.608482 0.515121
109 0.415548 0.909562 0.831097 0.180876
46 0.305608 0.921083 0.611215 0.157834
74 0.498736 0.893145 0.947482 0.21371
50 0.46593 0.204637 0.902177 0.409274
111 0.603014 0.498272 0.78423 0.293779
49 0.508109 0.870392 0.974039 0.259217
50 0.497565 0.392353 0.98888 0.533266
48 0.496783 0.335541 0.990442 0.671083
49 0.499908 0.333525 0.977945 0.667051
50 0.499517 0.326613 0.978726 0.653226
100 0.496783 0.335541 0.990442 0.671083
50 0.495612 0.171083 0.986537 0.342166
50 0.500298 0.501152 0.983413 0.525346
48 0.488972 0.425979 0.968571 0.495968
51 0.496783 0.335541 0.990442 0.671083
68 0.497565 0.392353 0.98888 0.533266
99 0.496783 0.335541 0.990442 0.671083
49 0.488972 0.425979 0.968571 0.495968
100 0.488972 0.425979 0.968571 0.495968
50 0.50147 0.748272 0.987318 0.503456
76 0.496783 0.335541 0.990442 0.671083
68 0.495612 0.171083 0.986537 0.342166
46 0.499908 0.333525 0.977945 0.667051
48 0.50147 0.748272 0.987318 0.503456
99 0.488972 0.425979 0.968571 0.495968
68 0.50147 0.748272 0.987318 0.503456
50 0.488972 0.0986463 0.971696 0.197293
51 0.488972 0.425979 0.968571 0.495968
48 0.495612 0.171083 0.986537 0.342166
49 0.495612 0.171083 0.986537 0.342166
75 0.499908 0.333525 0.977945 0.667051
50 0.505376 0.0557316 0.967009 0.111463
76 0.488972 0.425979 0.968571 0.495968
73 0.496783 0.335541 0.990442 0.671083
48 0.499127 0.0900058 0.984194 0.180012
68 0.499517 0.326613 0.978726 0.653226
46 0.488972 0.425979 0.968571 0.495968
101 0.499908 0.333525 0.977945 0.667051
68 0.500298 0.501152 0.983413 0.525346
68 0.499127 0.0900058 0.984194 0.180012
101 0.495612 0.171083 0.986537 0.342166
47 0.499908 0.333525 0.977945 0.667051
50 0.500689 0.592742 0.971696 0.758065
49 0.50147 0.748272 0.987318 0.503456
100 0.495612 0.171083 0.986537 0.342166
48 0.505376 0.0557316 0.967009 0.111463
68 0.505376 0.0557316 0.967009 0.111463
49 0.499127 0.0900058 0.984194 0.180012
73 0.488972 0.425979 0.968571 0.495968
109 0.496783 0.335541 0.990442 0.671083
100 0.50147 0.748272 0.987318 0.503456
102 0.495612 0.171083 0.986537 0.342166
102 0.497565 0.392353 0.98888 0.533266
53 0.504595 0.739775 0.97482 0.520449
47 0.488972 0.425979 0.968571 0.495968
100 0.499127 0.0900058 0.984194 0.180012
49 0.505376 0.0557316 0.967009 0.111463
101 0.50147 0.748272 0.987318 0.503456
77 0.497565 0.392353 0.98888 0.533266
101 0.502251 0.46371 0.971696 0.425115
101 0.499127 0.0900058 0.984194 0.180012
53 0.499908 0.333525 0.977945 0.667051
109 0.488972 0.425979 0.968571 0.495968
51 0.499127 0.0900058 0.984194 0.180012
100 0.505376 0.0557316 0.967009 0.111463
46 0.484286 0.180156 0.962323 0.360311
51 0.495612 0.171083 0.986537 0.342166
75 0.488972 0.425979 0.968571 0.495968
99 0.50147 0.748272 0.987318 0.503456
48 0.500689 0.592742 0.971696 0.758065
102 0.500689 0.756048 0.98888 0.487903
101 0.505376 0.0557316 0.967009 0.111463
46 0.503032 0.735599 0.977945 0.528802
76 0.499127 0.0900058 0.984194 0.180012
111 0.496783 0.335541 0.990442 0.671083
76 0.495612 0.171083 0.986537 0.342166
49 0.24019 0.378168 0.474131 0.46947
49 0.170769 0.370104 0.33568 0.448733
84 0.496783 0.335541 0.990442 0.671083
76 0.50147 0.748272 0.987318 0.503456
51 0.50147 0.748272 0.987318 0.503456
51 0.505376 0.0557316 0.967009 0.111463
77 0.495612 0.171083 0.986537 0.342166
68 0.498346 0.609303 0.982631 0.762961
53 0.495612 0.171083 0.986537 0.342166
97 0.496783 0.335541 0.990442 0.671083
68 0.500689 0.84159 0.982631 0.31682
77 0.504595 0.739775 0.97482 0.520449
76 0.505376 0.0557316 0.967009 0.111463
52 0.499908 0.333525 0.977945 0.667051
53 0.499127 0.0900058 0.984194 0.180012
102 0.499127 0.0900058 0.984194 0.180012
51 0.170769 0.370104 0.33568 0.448733
110 0.497565 0.392353 0.98888 0.533266
50 0.24019 0.378168 0.474131 0.46947
109 0.50147 0.748272 0.987318 0.503456
111 0.504595 0.739775 0.97482 0.520449
102 0.505376 0.0557316 0.967009 0.111463
46 0.499127 0.0900058 0.984194 0.180012
47 0.503032 0.735599 0.977945 0.528802
99 0.495612 0.171083 0.986537 0.342166
48 0.500689 0.84159 0.982631 0.31682
51 0.24019 0.378168 0.474131 0.46947
47 0.484286 0.180156 0.962323 0.360311
46 0.505376 0.0557316 0.967009 0.111463
48 0.24019 0.378168 0.474131 0.46947
109 0.499127 0.0900058 0.984194 0.180012
100 0.500689 0.593462 0.981069 0.764689
53 0.505376 0.0557316 0.967009 0.111463
53 0.489363 0.418491 0.964666 0.498272
49 0.500689 0.592742 0.971696 0.758065
50 0.358528 0.0440308 0.717055 0.0880616
77 0.499517 0.326613 0.978726 0.653226
111 0.488972 0.425979 0.968571 0.495968
73 0.503032 0.735599 0.977945 0.528802
50 0.170769 0.370104 0.33568 0.448733
99 0.499127 0.0900058 0.984194 0.180012
67 0.504595 0.739775 0.97482 0.520449
68 0.48741 0.915899 0.952949 0.168203
52 0.504595 0.739775 0.97482 0.520449
48 0.306584 0.0453269 0.613168 0.0906538
109 0.495612 0.171083 0.986537 0.342166
52 0.488972 0.425979 0.968571 0.495968
97 0.488972 0.425979 0.968571 0.495968
77 0.500298 0.501152 0.983413 0.525346
110 0.50147 0.748272 0.987318 0.503456
67 0.501079 0.339862 0.972477 0.624424
50 0.29643 0.0575317 0.592859 0.115063
110 0.495612 0.171083 0.986537 0.342166
49 0.358528 0.0440308 0.717055 0.0880616
84 0.503032 0.735599 0.977945 0.528802
77 0.499127 0.0900058 0.984194 0.180012
67 0.495612 0.171083 0.986537 0.342166
75 0.503032 0.735599 0.977945 0.528802
48 0.170769 0.370104 0.33568 0.448733
101 0.499127 0.601526 0.973258 0.766993
47 0.488972 0.0986463 0.971696 0.197293
50 0.500689 0.84159 0.982631 0.31682
49 0.29643 0.0575317 0.592859 0.115063
110 0.499517 0.326613 0.978726 0.653226
102 0.500298 0.501152 0.983413 0.525346
99 0.24019 0.378168 0.474131 0.46947
48 0.48741 0.915899 0.952949 0.168203
99 0.505376 0.0557316 0.967009 0.111463
47 0.505376 0.0557316 0.967009 0.111463
73 0.495612 0.171083 0.986537 0.342166
75 0.495612 0.171083 0.986537 0.342166
84 0.488972 0.425979 0.968571 0.495968
109 0.505376 0.0557316 0.967009 0.111463
100 0.24019 0.378168 0.474131 0.46947
110 0.499127 0.0900058 0.984194 0.180012
46 0.500689 0.592742 0.971696 0.758065
73 0.499127 0.0900058 0.984194 0.180012
77 0.505376 0.0557316 0.967009 0.111463
99 0.500689 0.593462 0.981069 0.764689
46 0.24019 0.378168 0.474131 0.46947
100 0.170769 0.370104 0.33568 0.448733
99 0.170769 0.370104 0.33568 0.448733
47 0.170769 0.370104 0.33568 0.448733
51 0.358528 0.0440308 0.717055 0.0880616
50 0.221248 0.0437428 0.442497 0.0874856
102 0.499517 0.326613 0.978726 0.653226
47 0.24019 0.378168 0.474131 0.46947
100 0.358528 0.0440308 0.717055 0.0880616
52 0.499127 0.0900058 0.984194 0.180012
75 0.505376 0.0557316 0.967009 0.111463
111 0.495612 0.171083 0.986537 0.342166
73 0.505376 0.0557316 0.967009 0.111463
46 0.170769 0.370104 0.33568 0.448733
53 0.502642 0.822581 0.969353 0.354839
111 0.499127 0.0900058 0.984194 0.180012
52 0.495612 0.171083 0.986537 0.342166
50 0.48741 0.915899 0.952949 0.168203
110 0.505376 0.0557316 0.967009 0.111463
101 0.500689 0.84159 0.982631 0.31682
49 0.163349 0.0819412 0.326698 0.163882
49 0.221248 0.0437428 0.442497 0.0874856
50 0.559662 0.491071 0.867809 0.336982
76 0.24019 0.378168 0.474131 0.46947
50 0.163349 0.0819412 0.326698 0.163882
49 0.500689 0.84159 0.982631 0.31682
77 0.502642 0.822581 0.969353 0.354839
95 0.504595 0.739775 0.97482 0.520449
51 0.498346 0.609303 0.982631 0.762961
48 0.163349 0.0819412 0.326698 0.163882
75 0.499127 0.0900058 0.984194 0.180012
99 0.500689 0.84159 0.982631 0.31682
77 0.500689 0.592742 0.971696 0.758065
67 0.499127 0.0900058 0.984194 0.180012
47 0.358528 0.0440308 0.717055 0.0880616
102 0.499127 0.601526 0.973258 0.766993
100 0.221248 0.0437428 0.442497 0.0874856
102 0.500689 0.84159 0.982631 0.31682
53 0.499127 0.601526 0.973258 0.766993
76 0.170769 0.370104 0.33568 0.448733
84 0.495612 0.171083 0.986537 0.342166
49 0.13064 0.337846 0.256593 0.393433
100 0.500689 0.84159 0.982631 0.31682
73 0.499127 0.601526 0.973258 0.766993
46 0.358528 0.0440308 0.717055 0.0880616
67 0.502642 0.822581 0.969353 0.354839
110 0.500298 0.501152 0.983413 0.525346
67 0.502251 0.46371 0.971696 0.425115
76 0.500689 0.593462 0.981069 0.764689
99 0.306584 0.0453269 0.613168 0.0906538
111 0.505376 0.0557316 0.967009 0.111463
52 0.505376 0.0557316 0.967009 0.111463
51 0.221248 0.0437428 0.442497 0.0874856
76 0.306584 0.0453269 0.613168 0.0906538
67 0.505376 0.0557316 0.967009 0.111463
49 0.48741 0.915899 0.952949 0.168203
75 0.500689 0.592742 0.971696 0.758065
47 0.500689 0.592742 0.971696 0.758065
84 0.499127 0.0900058 0.984194 0.180012
47 0.221248 0.0437428 0.442497 0.0874856
46 0.29643 0.0575317 0.592859 0.115063
51 0.29643 0.0575317 0.592859 0.115063
95 0.495612 0.171083 0.986537 0.342166
73 0.170769 0.370104 0.33568 0.448733
100 0.29643 0.0575317 0.592859 0.115063
25 0.497565 0.392353 0.98888 0.533266
101 0.48741 0.915899 0.952949 0.168203
84 0.505376 0.0557316 0.967009 0.111463
50 0.13064 0.337846 0.256593 0.393433
99 0.163349 0.0819412 0.326698 0.163882
73 0.24019 0.378168 0.474131 0.46947
111 0.498346 0.609303 0.982631 0.762961
53 0.48741 0.915899 0.952949 0.168203
48 0.13064 0.337846 0.256593 0.393433
17 0.496783 0.335541 0.990442 0.671083
99 0.48741 0.915899 0.952949 0.168203
48 0.208555 0.0455069 0.417111 0.0910138
73 0.358528 0.0440308 0.717055 0.0880616
46 0.502642 0.822581 0.969353 0.354839
68 0.5085 0.427131 0.96076 0.431452
48 0.507719 0.413306 0.967009 0.456797
47 0.507719 0.413306 0.967009 0.456797
100 0.507719 0.413306 0.967009 0.456797
73 0.507719 0.413306 0.967009 0.456797
76 0.507719 0.413306 0.967009 0.456797
111 0.507719 0.413306 0.967009 0.456797
101 0.507719 0.413306 0.967009 0.456797
50 0.507719 0.413306 0.967009 0.456797
97 0.507719 0.413306 0.967009 0.456797
109 0.507719 0.413306 0.967009 0.456797
110 0.5085 0.427131 0.96076 0.431452
77 0.507719 0.413306 0.967009 0.456797
84 0.507719 0.413306 0.967009 0.456797
103 0.507719 0.413306 0.967009 0.456797
46 0.507719 0.413306 0.967009 0.456797
49 0.507719 0.413306 0.967009 0.456797
53 0.507719 0.413306 0.967009 0.456797
99 0.507719 0.413306 0.967009 0.456797
102 0.5085 0.427131 0.96076 0.431452
51 0.513669 0.403226 0.972661 0.470046
67 0.5085 0.427131 0.96076 0.431452
95 0.507719 0.413306 0.967009 0.456797
68 0.503032 0.889401 0.956074 0.221198
52 0.515232 0.401426 0.969537 0.482863
75 0.497565 0.401786 0.97482 0.484447
80 0.507719 0.413306 0.967009 0.456797
101 0.503032 0.889401 0.956074 0.221198
95 0.503032 0.889401 0.956074 0.221198
77 0.503032 0.889401 0.956074 0.221198
102 0.503032 0.889401 0.956074 0.221198
109 0.503032 0.889401 0.956074 0.221198
95 0.496002 0.949885 0.937327 0.10023
68 0.496002 0.949885 0.937327 0.10023
50 0.503032 0.889401 0.956074 0.221198
110 0.503032 0.889401 0.956074 0.221198
67 0.503032 0.889401 0.956074 0.221198
95 0.496783 0.979551 0.934203 0.0408986
42 0.507719 0.413306 0.967009 0.456797
76 0.503032 0.887097 0.952949 0.225806
68 0.497565 0.97523 0.949825 0.0495391
53 0.503032 0.889401 0.956074 0.221198
104 0.496783 0.979551 0.934203 0.0408986
56 0.507719 0.413306 0.967009 0.456797
54 0.515232 0.401426 0.969537 0.482863
101 0.496002 0.949885 0.937327 0.10023
74 0.50147 0.415611 0.952949 0.455645
84 0.503032 0.887097 0.952949 0.225806
74 0.501079 0.890553 0.95373 0.218894
49 0.503032 0.889401 0.956074 0.221198
101 0.497565 0.97523 0.949825 0.0495391
103 0.503032 0.887097 0.952949 0.225806
104 0.496002 0.949885 0.937327 0.10023
109 0.496002 0.949885 0.937327 0.10023
74 0.496783 0.979551 0.934203 0.0408986
104 0.501079 0.890553 0.95373 0.218894
66 0.496783 0.979551 0.934203 0.0408986
111 0.503032 0.889401 0.956074 0.221198
67 0.496002 0.949885 0.937327 0.10023
66 0.503032 0.887097 0.952949 0.225806
50 0.496002 0.949885 0.937327 0.10023
77 0.496002 0.949885 0.937327 0.10023
105 0.497565 0.988479 0.935765 0.0230415
109 0.496783 0.979551 0.934203 0.0408986
48 0.505376 0.377016 0.963885 0.533986
50 0.502251 0.400922 0.973258 0.483871
49 0.502251 0.400922 0.973258 0.483871
51 0.507811 0.394009 0.984378 0.508065
47 0.507811 0.394009 0.984378 0.508065
100 0.501861 0.390553 0.96779 0.509217
99 0.502642 0.370392 0.966228 0.554147
77 0.503032 0.401426 0.967009 0.493232
76 0.502642 0.370392 0.966228 0.554147
73 0.502642 0.370392 0.966228 0.554147
111 0.507811 0.394009 0.984378 0.508065
101 0.505376 0.377016 0.963885 0.533986
102 0.503032 0.401426 0.967009 0.493232
46 0.502642 0.370392 0.966228 0.554147
68 0.503032 0.401426 0.967009 0.493232
53 0.507811 0.394009 0.984378 0.508065
97 0.501079 0.390049 0.969353 0.505616
67 0.503032 0.401426 0.967009 0.493232
49 0.506157 0.327477 0.962323 0.654954
110 0.505376 0.377016 0.963885 0.533986
52 0.50742 0.389113 0.985159 0.50288
54 0.50742 0.389113 0.985159 0.50288
50 0.506157 0.327477 0.962323 0.654954
50 0.506157 0.396817 0.968571 0.498992
48 0.508109 0.406106 0.964666 0.474654
49 0.508109 0.406106 0.964666 0.474654
99 0.508109 0.406106 0.964666 0.474654
73 0.508109 0.406106 0.964666 0.474654
46 0.508109 0.406106 0.964666 0.474654
47 0.508109 0.406106 0.964666 0.474654
51 0.508109 0.406106 0.964666 0.474654
100 0.508109 0.406106 0.964666 0.474654
76 0.506157 0.396817 0.968571 0.498992
75 0.506157 0.396817 0.968571 0.498992
77 0.508109 0.406106 0.964666 0.474654
103 0.506157 0.396817 0.968571 0.498992
97 0.506938 0.41021 0.965447 0.473358
111 0.506547 0.407546 0.955293 0.468318
84 0.506938 0.41021 0.965447 0.473358
50 0.507328 0.0111607 0.963104 0.0223214
41 0.506157 0.396817 0.968571 0.498992
101 0.508109 0.406106 0.964666 0.474654
110 0.505376 0.377304 0.973258 0.531106
102 0.506157 0.396817 0.968571 0.498992
49 0.507328 0.0111607 0.963104 0.0223214
53 0.504595 0.408482 0.956074 0.47451
50 0.500689 0.413882 0.967009 0.462558
49 0.502251 0.40553 0.963885 0.479263
48 0.502251 0.40553 0.963885 0.479263
51 0.502251 0.40553 0.963885 0.479263
46 0.500689 0.413882 0.967009 0.462558
99 0.501079 0.403226 0.963104 0.483871
73 0.500689 0.413882 0.967009 0.462558
47 0.502251 0.40553 0.963885 0.479263
100 0.500689 0.413882 0.967009 0.462558
76 0.499908 0.405602 0.968571 0.482575
110 0.500689 0.411938 0.963885 0.46875
17 0.502251 0.40553 0.963885 0.479263
97 0.502251 0.40553 0.963885 0.479263
48 0.646072 0.410426 0.694989 0.46947
102 0.500689 0.411938 0.963885 0.46875
75 0.499908 0.405602 0.968571 0.482575
101 0.500689 0.411938 0.963885 0.46875
48 0.502251 0.402362 0.981069 0.486751
47 0.500689 0.40985 0.982631 0.472926
49 0.502251 0.402362 0.981069 0.486751
73 0.500689 0.40985 0.982631 0.472926
50 0.502251 0.402362 0.981069 0.486751
46 0.500689 0.40985 0.982631 0.472926
100 0.502251 0.402362 0.981069 0.486751
51 0.501861 0.407762 0.977164 0.479407
99 0.502251 0.402362 0.981069 0.486751
111 0.502251 0.402362 0.981069 0.486751
101 0.502251 0.402362 0.981069 0.486751
97 0.493659 0.40121 0.968571 0.490207
76 0.502251 0.402362 0.981069 0.486751
52 0.493659 0.40121 0.968571 0.490207
103 0.502251 0.402362 0.981069 0.486751
84 0.507811 0.397537 0.984378 0.4964
56 0.502251 0.402362 0.981069 0.486751
75 0.502251 0.402362 0.981069 0.486751
51 0.50742 0.399194 0.985159 0.495392
48 0.50147 0.399482 0.956074 0.491359
47 0.50742 0.399194 0.985159 0.495392
73 0.50147 0.399482 0.956074 0.491359
50 0.501079 0.398618 0.956855 0.49424
100 0.504595 0.400058 0.977945 0.487903
99 0.50147 0.399482 0.956074 0.491359
49 0.50147 0.399482 0.956074 0.491359
76 0.501079 0.398618 0.956855 0.49424
46 0.50742 0.399194 0.985159 0.495392
97 0.504595 0.400058 0.977945 0.487903
75 0.515139 0.407834 0.969353 0.474654
42 0.501079 0.398618 0.956855 0.49424
110 0.504595 0.400058 0.977945 0.487903
111 0.50147 0.399482 0.956074 0.491359
84 0.50147 0.399482 0.956074 0.491359
103 0.50147 0.399482 0.956074 0.491359
54 0.50147 0.399482 0.956074 0.491359
101 0.50147 0.399482 0.956074 0.491359
47 0.500689 0.408482 0.962323 0.477967
49 0.500689 0.408482 0.962323 0.477967
48 0.500689 0.408482 0.962323 0.477967
50 0.499127 0.396313 0.956074 0.5
73 0.508109 0.410786 0.970915 0.466446
46 0.500689 0.408482 0.962323 0.477967
100 0.508109 0.402362 0.970915 0.484447
51 0.500689 0.408482 0.962323 0.477967
99 0.508109 0.410786 0.970915 0.466446
111 0.503423 0.421659 0.980288 0.450461
76 0.508109 0.402362 0.970915 0.484447
101 0.503423 0.421659 0.980288 0.450461
110 0.508109 0.402362 0.970915 0.484447
97 0.508109 0.402362 0.970915 0.484447
77 0.503423 0.421659 0.980288 0.450461
84 0.497565 0.420219 0.990442 0.448733
53 0.500689 0.408482 0.962323 0.477967
54 0.508109 0.410786 0.970915 0.466446
109 0.504594 0.419067 0.976382 0.449885
17 0.508109 0.410786 0.970915 0.466446
75 0.508109 0.410786 0.970915 0.466446
52 0.500689 0.408482 0.962323 0.477967
99 0.506938 0.426555 0.979507 0.444124
100 0.506938 0.426555 0.979507 0.444124
73 0.506938 0.426555 0.979507 0.444124
76 0.505766 0.417627 0.98185 0.46083
75 0.502251 0.403226 0.987318 0.489631
46 0.506938 0.426555 0.979507 0.444124
50 0.506938 0.426555 0.979507 0.444124
49 0.506938 0.426555 0.979507 0.444124
47 0.506938 0.426555 0.979507 0.444124
109 0.512406 0.410714 0.968571 0.474654
48 0.506938 0.426555 0.979507 0.444124
110 0.510062 0.414171 0.973258 0.468894
77 0.510062 0.414171 0.973258 0.468894
103 0.505766 0.417627 0.98185 0.46083
84 0.505766 0.417627 0.98185 0.46083
111 0.503032 0.406394 0.96076 0.485599
51 0.506547 0.426267 0.980288 0.445853
97 0.505766 0.417627 0.98185 0.46083
48 0.5085 0.422523 0.977945 0.444124
49 0.498346 0.401426 0.959198 0.486319
47 0.505858 0.403802 0.988283 0.488479
50 0.5085 0.422523 0.977945 0.444124
46 0.5085 0.425043 0.976382 0.44254
100 0.5085 0.422523 0.977945 0.444124
99 0.5085 0.422523 0.977945 0.444124
111 0.5085 0.422523 0.977945 0.444124
67 0.498346 0.401426 0.959198 0.486319
103 0.5085 0.422523 0.977945 0.444124
101 0.498346 0.401426 0.959198 0.486319
73 0.5085 0.422523 0.977945 0.444124
54 0.5085 0.422523 0.977945 0.444124
76 0.511624 0.427995 0.973258 0.436636
84 0.5085 0.422523 0.977945 0.444124
53 0.497565 0.409274 0.96076 0.47523
51 0.505858 0.395809 0.988283 0.498704
75 0.511624 0.427995 0.973258 0.436636
66 0.5085 0.425043 0.976382 0.44254
68 0.5085 0.422523 0.977945 0.444124
52 0.505858 0.403802 0.988283 0.488479
102 0.498346 0.401426 0.959198 0.486319
77 0.498346 0.401426 0.959198 0.486319
56 0.5085 0.422523 0.977945 0.444124
51 0.500689 0.395449 0.96076 0.49712
49 0.500689 0.395449 0.96076 0.49712
73 0.507719 0.399842 0.979507 0.486031
50 0.501079 0.396385 0.963104 0.495248
47 0.507719 0.399842 0.979507 0.486031
100 0.507719 0.395161 0.977945 0.498848
99 0.507719 0.399842 0.979507 0.486031
46 0.507719 0.399842 0.979507 0.486031
76 0.507719 0.399842 0.979507 0.486031
48 0.501079 0.396385 0.963104 0.495248
97 0.507719 0.399842 0.979507 0.486031
110 0.501079 0.396385 0.963104 0.495248
8 0.505858 0.398546 0.988283 0.493232
77 0.500689 0.395449 0.96076 0.49712
111 0.507719 0.399842 0.979507 0.486031
42 0.507719 0.399842 0.979507 0.486031
1 0.505858 0.398546 0.988283 0.493232
101 0.500689 0.395449 0.96076 0.49712
6 0.505858 0.398546 0.988283 0.493232
102 0.500689 0.395449 0.96076 0.49712
54 0.503032 0.394513 0.98888 0.501296
0 0.505858 0.398546 0.988283 0.493232
50 0.499908 0.40265 0.971696 0.487327
51 0.497174 0.399698 0.970915 0.493232
47 0.503032 0.388825 0.987318 0.514977
46 0.497174 0.399698 0.970915 0.493232
73 0.503032 0.388825 0.987318 0.514977
49 0.497174 0.399698 0.970915 0.493232
99 0.503032 0.388825 0.987318 0.514977
100 0.507719 0.410714 0.968571 0.471198
48 0.509281 0.411578 0.967009 0.472926
76 0.503032 0.388825 0.987318 0.514977
111 0.503032 0.388825 0.987318 0.514977
110 0.506938 0.407258 0.971696 0.476959
97 0.506938 0.407258 0.971696 0.476959
8 0.506938 0.407258 0.971696 0.476959
49 0.493659 0.402578 0.97482 0.489775
46 0.506157 0.409634 0.968571 0.475662
100 0.506157 0.409634 0.968571 0.475662
50 0.506157 0.409634 0.968571 0.475662
47 0.501953 0.402074 0.996094 0.493088
99 0.499127 0.393721 0.98888 0.506336
73 0.506938 0.411938 0.970134 0.473358
48 0.506938 0.411938 0.970134 0.473358
51 0.501953 0.402074 0.996094 0.493088
76 0.506938 0.411938 0.970134 0.473358
110 0.506157 0.413882 0.968571 0.466014
111 0.506157 0.409634 0.968571 0.475662
101 0.506157 0.409634 0.968571 0.475662
46 0.506547 0.411218 0.974039 0.469038
47 0.495612 0.393145 0.96779 0.504032
48 0.502642 0.398114 0.988099 0.4964
49 0.495612 0.393145 0.96779 0.504032
100 0.506547 0.411218 0.974039 0.469038
73 0.506547 0.411218 0.974039 0.469038
50 0.495612 0.397177 0.964666 0.49712
51 0.497174 0.394297 0.983413 0.498272
99 0.506547 0.411218 0.974039 0.469038
76 0.497174 0.394297 0.983413 0.498272
111 0.506547 0.411218 0.974039 0.469038
47 0.500689 0.393145 0.979507 0.506336
46 0.500689 0.393145 0.979507 0.506336
73 0.5085 0.399482 0.976382 0.495968
51 0.500689 0.393145 0.979507 0.506336
48 0.496002 0.398618 0.951387 0.5
100 0.5085 0.399482 0.976382 0.495968
49 0.48038 0.395089 0.952949 0.505904
99 0.5085 0.399482 0.976382 0.495968
50 0.496002 0.398618 0.951387 0.5
76 0.508891 0.397753 0.975601 0.49712
100 0.505376 0.882201 0.942014 0.235599
99 0.505376 0.882201 0.942014 0.235599
77 0.505376 0.882201 0.942014 0.235599
110 0.505376 0.882201 0.942014 0.235599
48 0.505376 0.882201 0.942014 0.235599
73 0.505376 0.882201 0.942014 0.235599
76 0.505376 0.882201 0.942014 0.235599
77 0.464758 0.917051 0.848281 0.165899
111 0.505376 0.882201 0.942014 0.235599
47 0.50703 0.400922 0.98594 0.489631
46 0.507719 0.411218 0.984194 0.467886
49 0.499908 0.40409 0.968571 0.482143
100 0.507719 0.411218 0.984194 0.467886
50 0.507719 0.411218 0.984194 0.467886
51 0.50703 0.400922 0.98594 0.489631
48 0.501861 0.399122 0.980288 0.494384
73 0.507719 0.411218 0.984194 0.467886
99 0.507719 0.411218 0.984194 0.467886
97 0.507719 0.411218 0.984194 0.467886
76 0.507719 0.411218 0.984194 0.467886
101 0.505077 0.0207373 0.989846 0.0414747
110 0.507719 0.411218 0.984194 0.467886
102 0.505077 0.0207373 0.989846 0.0414747
111 0.507719 0.411218 0.984194 0.467886
110 0.505077 0.0207373 0.989846 0.0414747
77 0.505077 0.0207373 0.989846 0.0414747
68 0.505077 0.0207373 0.989846 0.0414747
50 0.505077 0.0207373 0.989846 0.0414747
67 0.505077 0.0207373 0.989846 0.0414747
47 0.488582 0.398329 0.972477 0.494816
73 0.509281 0.411218 0.97482 0.469038
49 0.497565 0.396601 0.98888 0.49712
51 0.497955 0.393937 0.989661 0.504752
46 0.509281 0.411218 0.97482 0.469038
99 0.509281 0.411218 0.97482 0.469038
100 0.509281 0.411218 0.97482 0.469038
50 0.48741 0.397537 0.965447 0.498704
73 0.501861 0.817684 0.986537 0.364631
99 0.501861 0.817684 0.986537 0.364631
48 0.48741 0.397537 0.965447 0.498704
48 0.501861 0.817684 0.986537 0.364631
76 0.501861 0.817684 0.986537 0.364631
111 0.488582 0.398329 0.972477 0.494816
99 0.513968 0.868952 0.970134 0.262097
73 0.49444 0.873848 0.982631 0.252304
76 0.513968 0.868952 0.970134 0.262097
109 0.501861 0.817684 0.986537 0.364631
48 0.49444 0.873848 0.982631 0.252304
109 0.513968 0.868952 0.970134 0.262097
76 0.502642 0.400346 0.986537 0.493088
103 0.500689 0.866359 0.987318 0.267281
100 0.501861 0.817684 0.986537 0.364631
110 0.509281 0.411218 0.97482 0.469038
47 0.501861 0.817684 0.986537 0.364631
46 0.501861 0.817684 0.986537 0.364631
103 0.510062 0.820853 0.977945 0.358295
75 0.501861 0.817684 0.986537 0.364631
111 0.501861 0.817684 0.986537 0.364631
84 0.48741 0.397537 0.965447 0.498704
100 0.513968 0.868952 0.970134 0.262097
76 0.504595 0.0602679 0.981069 0.120536
110 0.501861 0.817684 0.986537 0.364631
49 0.501861 0.817684 0.986537 0.364631
84 0.501861 0.817684 0.986537 0.364631
47 0.508592 0.391993 0.982816 0.508641
46 0.502251 0.39869 0.962323 0.494096
49 0.512406 0.419427 0.971696 0.450317
51 0.508592 0.391993 0.982816 0.508641
100 0.512406 0.419427 0.971696 0.450317
50 0.512406 0.419427 0.971696 0.450317
73 0.512406 0.419427 0.971696 0.450317
48 0.508592 0.391993 0.982816 0.508641
99 0.50147 0.398906 0.954512 0.495968
111 0.502251 0.39869 0.962323 0.494096
76 0.506547 0.398329 0.977164 0.498272
97 0.502251 0.39869 0.962323 0.494096
47 0.690107 0.422739 0.608482 0.443692
46 0.506157 0.405458 0.977945 0.477103
49 0.506157 0.405458 0.977945 0.477103
47 0.486238 0.399482 0.964666 0.491359
50 0.502251 0.411794 0.985756 0.465582
100 0.506157 0.405458 0.977945 0.477103
51 0.486238 0.399482 0.964666 0.491359
73 0.502251 0.411794 0.985756 0.465582
76 0.502251 0.411794 0.985756 0.465582
99 0.502251 0.411794 0.985756 0.465582
48 0.486238 0.399482 0.964666 0.491359
97 0.506157 0.405458 0.977945 0.477103
110 0.502251 0.411794 0.985756 0.465582
111 0.506157 0.405458 0.977945 0.477103
54 0.506157 0.405458 0.977945 0.477103
47 0.497565 0.402074 0.968571 0.482719
46 0.503906 0.39869 0.992189 0.490639
49 0.5085 0.406178 0.976382 0.47451
48 0.5085 0.406178 0.976382 0.47451
73 0.496783 0.400058 0.96076 0.485599
100 0.496783 0.400058 0.96076 0.485599
50 0.496783 0.400058 0.96076 0.485599
99 0.496783 0.400058 0.96076 0.485599
51 0.503906 0.39869 0.992189 0.490639
111 0.5085 0.406178 0.976382 0.47451
47 0.496002 0.402362 0.963885 0.487903
46 0.496002 0.402362 0.963885 0.487903
49 0.510843 0.418203 0.973258 0.458525
100 0.510843 0.418203 0.973258 0.458525
51 0.50147 0.397537 0.984194 0.495248
73 0.510843 0.418203 0.973258 0.458525
48 0.503813 0.408122 0.982631 0.476382
50 0.503813 0.408122 0.982631 0.476382
99 0.510843 0.418203 0.973258 0.458525
111 0.505376 0.407834 0.979507 0.476959
47 0.502642 0.400994 0.991224 0.492944
46 0.502642 0.400994 0.991224 0.492944
49 0.495221 0.40661 0.965447 0.484015
73 0.503032 0.413666 0.984194 0.46875
51 0.502642 0.404666 0.991224 0.487903
100 0.503032 0.413666 0.984194 0.46875
111 0.502642 0.412514 0.98185 0.469902
99 0.503032 0.413666 0.984194 0.46875
50 0.495221 0.40661 0.965447 0.484015
48 0.502642 0.400994 0.991224 0.492944
48 0.502642 0.890553 0.988099 0.218894
48 0.496783 0.975518 0.970134 0.0489632
101 0.501079 0.0132488 0.978726 0.0264977
77 0.509672 0.901498 0.978726 0.197005
101 0.509672 0.901498 0.978726 0.197005
102 0.501079 0.0132488 0.978726 0.0264977
99 0.509672 0.901498 0.978726 0.197005
48 0.502251 0.830645 0.979507 0.33871
47 0.497565 0.400058 0.967009 0.494816
46 0.497565 0.400058 0.967009 0.494816
100 0.505766 0.409058 0.978726 0.479119
49 0.505766 0.409058 0.978726 0.479119
51 0.499908 0.397753 0.98888 0.50288
50 0.506938 0.403874 0.979507 0.488335
73 0.506938 0.403874 0.979507 0.488335
99 0.505766 0.409058 0.978726 0.479119
48 0.496002 0.400058 0.962323 0.49712
48 0.495221 0.903802 0.984194 0.192396
99 0.495221 0.903802 0.984194 0.192396
47 0.495221 0.903802 0.984194 0.192396
76 0.506938 0.403874 0.979507 0.488335
111 0.506938 0.403874 0.979507 0.488335
48 0.490144 0.978687 0.969353 0.0426268
47 0.496783 0.400346 0.962323 0.493088
46 0.506157 0.409058 0.97482 0.476815
49 0.506157 0.409058 0.97482 0.476815
48 0.499908 0.402362 0.963885 0.490207
100 0.499908 0.402362 0.963885 0.490207
51 0.501079 0.396889 0.988099 0.5
73 0.499908 0.402362 0.963885 0.490207
99 0.499908 0.402362 0.963885 0.490207
35 0.493268 0.398906 0.966228 0.501728
50 0.499908 0.402362 0.963885 0.490207
47 0.505077 0.395449 0.989846 0.501728
49 0.504595 0.400994 0.977945 0.492944
46 0.503813 0.403802 0.977945 0.483871
48 0.506249 0.396889 0.987502 0.502304
51 0.506249 0.396889 0.987502 0.502304
100 0.47335 0.400058 0.931078 0.499424
50 0.503813 0.403802 0.977945 0.483871
111 0.505077 0.395449 0.989846 0.501728
48 0.505376 0.828341 0.968571 0.343318
73 0.498736 0.395233 0.980288 0.503312
47 0.498346 0.398041 0.952949 0.496544
46 0.498346 0.398041 0.952949 0.496544
49 0.499908 0.397969 0.952949 0.494384
51 0.50703 0.395737 0.98594 0.498848
100 0.508109 0.403874 0.970915 0.483727
50 0.508109 0.403874 0.970915 0.483727
46 0.506157 0.401786 0.97482 0.487903
47 0.505858 0.39869 0.988283 0.495248
49 0.499908 0.398041 0.968571 0.495392
51 0.505858 0.39869 0.988283 0.495248
48 0.505858 0.39869 0.988283 0.495248
50 0.505376 0.00982863 0.968571 0.0196573
50 0.499908 0.398041 0.968571 0.495392
102 0.505376 0.00982863 0.968571 0.0196573
111 0.506157 0.401786 0.97482 0.487903
100 0.506157 0.401786 0.97482 0.487903
76 0.505376 0.00982863 0.968571 0.0196573
101 0.505376 0.00982863 0.968571 0.0196573
47 0.505766 0.399842 0.984975 0.490639
46 0.507719 0.400922 0.984194 0.488479
48 0.500689 0.399482 0.981069 0.490207
51 0.500689 0.399482 0.981069 0.490207
49 0.507719 0.400922 0.984194 0.488479
100 0.507719 0.400922 0.984194 0.488479
111 0.507719 0.400922 0.984194 0.488479
73 0.507719 0.400922 0.984194 0.488479
52 0.491706 0.400058 0.963104 0.49712
47 0.524122 0.841014 0.923267 0.317972
56 0.507719 0.400922 0.984194 0.488479
50 0.507719 0.400922 0.984194 0.488479
47 0.496002 0.40157 0.965447 0.489487
46 0.502251 0.406106 0.984194 0.479263
48 0.48741 0.398113 0.965447 0.495248
51 0.486629 0.398906 0.96076 0.49712
111 0.502251 0.406106 0.984194 0.479263
49 0.493659 0.398906 0.963885 0.493664
73 0.493659 0.398906 0.963885 0.493664
100 0.493659 0.398906 0.963885 0.493664
99 0.493659 0.398906 0.963885 0.493664
47 0.498346 0.396601 0.959198 0.494816
46 0.505376 0.403154 0.976382 0.484015
49 0.493659 0.398618 0.959198 0.491935
73 0.505376 0.402002 0.976382 0.482863
100 0.505376 0.402002 0.976382 0.482863
51 0.496783 0.397177 0.96076 0.493664
48 0.505376 0.402002 0.976382 0.482863
47 0.504595 0.40373 0.97482 0.482863
46 0.504595 0.40373 0.97482 0.482863
73 0.499127 0.398618 0.967009 0.490783
51 0.503423 0.396313 0.986537 0.495392
49 0.503032 0.396961 0.987318 0.495248
47 0.502251 0.821429 0.957636 0.357143
8 0.499908 0.398618 0.963885 0.490783
47 0.508109 0.401426 0.977164 0.485167
46 0.512107 0.402578 0.975786 0.482863
48 0.5085 0.40265 0.976382 0.479263
51 0.498736 0.399194 0.961541 0.486175
49 0.502251 0.39869 0.987318 0.489487
73 0.5085 0.40265 0.976382 0.479263
4 0.499908 0.398041 0.956074 0.490783
48 0.506938 0.0639401 0.982631 0.12788
35 0.512107 0.402578 0.975786 0.482863
8 0.5085 0.40265 0.976382 0.479263
47 0.503423 0.404378 0.96779 0.481567
46 0.507719 0.41129 0.97482 0.468894
48 0.500689 0.403514 0.967009 0.482143
49 0.50147 0.403298 0.984194 0.483727
73 0.500689 0.403514 0.967009 0.482143
51 0.500689 0.403514 0.967009 0.482143
35 0.507719 0.41129 0.97482 0.468894
4 0.506938 0.408122 0.976382 0.47523
47 0.501079 0.398618 0.963104 0.495392
46 0.506938 0.405458 0.977945 0.479407
49 0.506938 0.405458 0.977945 0.479407
4 0.499127 0.399698 0.963885 0.490927
51 0.497565 0.399266 0.965447 0.4964
48 0.506157 0.40409 0.977945 0.487903
35 0.506938 0.405458 0.977945 0.479407
73 0.497565 0.399266 0.965447 0.4964
47 0.496393 0.400922 0.966228 0.487327
46 0.506938 0.405242 0.979507 0.479839
51 0.498346 0.400058 0.965447 0.487903
48 0.505376 0.404306 0.979507 0.481711
73 0.505376 0.404306 0.979507 0.481711
49 0.505376 0.404306 0.979507 0.481711
4 0.502251 0.396601 0.98888 0.49712
47 0.497955 0.398906 0.963104 0.493664
46 0.506157 0.402002 0.97482 0.487471
51 0.498346 0.397753 0.981069 0.49712
49 0.506157 0.402002 0.97482 0.487471
73 0.506157 0.402002 0.97482 0.487471
48 0.496783 0.39977 0.962323 0.49424
50 0.496783 0.39977 0.962323 0.49424
47 0.499517 0.40373 0.956855 0.484015
46 0.506938 0.40949 0.971696 0.473646
49 0.506938 0.406754 0.97482 0.483727
51 0.498736 0.399194 0.983412 0.496544
48 0.506938 0.406754 0.97482 0.483727
73 0.506938 0.406754 0.97482 0.483727
100 0.506938 0.406754 0.97482 0.483727
47 0.503813 0.40157 0.959198 0.492944
46 0.511624 0.402722 0.970134 0.487183
49 0.491316 0.400058 0.967009 0.501728
47 0.498736 0.399482 0.958417 0.491359
46 0.509281 0.403874 0.971696 0.483727
49 0.507719 0.40409 0.976382 0.486751
73 0.507719 0.40409 0.976382 0.486751
4 0.497565 0.39977 0.957636 0.490783
35 0.509672 0.40121 0.972477 0.487903
47 0.499127 0.398618 0.956074 0.495392
46 0.508891 0.402362 0.974039 0.490207
73 0.508891 0.402362 0.974039 0.490207
49 0.508891 0.402362 0.974039 0.490207
51 0.500689 0.399194 0.956074 0.49424
48 0.508891 0.402362 0.974039 0.490207
100 0.508891 0.402362 0.974039 0.490207
8 0.508891 0.402362 0.974039 0.490207
99 0.508891 0.402362 0.974039 0.490207
47 0.496002 0.40121 0.967009 0.489055
46 0.506157 0.405818 0.981069 0.483295
49 0.504204 0.39869 0.98185 0.4964
73 0.506157 0.405818 0.981069 0.483295
51 0.504204 0.39869 0.98185 0.4964
8 0.496002 0.40121 0.967009 0.489055
47 0.499127 0.399122 0.96076 0.496688
46 0.504594 0.406394 0.984194 0.479839
49 0.505077 0.397753 0.989846 0.495968
73 0.504594 0.406394 0.984194 0.479839
50 0.506547 0.404378 0.978726 0.486175
48 0.506547 0.404378 0.978726 0.486175
100 0.504594 0.406394 0.984194 0.479839
51 0.499127 0.399122 0.96076 0.496688
47 0.50147 0.402074 0.959198 0.488479
46 0.503032 0.408986 0.984194 0.474654
49 0.506938 0.408122 0.976382 0.478687
73 0.506938 0.408122 0.976382 0.478687
51 0.50703 0.397465 0.98594 0.497696
48 0.506938 0.408122 0.976382 0.478687
47 0.502251 0.404306 0.954511 0.482863
46 0.508891 0.41021 0.966228 0.469902
73 0.5085 0.412154 0.968571 0.470622
51 0.502642 0.40445 0.955293 0.484879
48 0.5085 0.412154 0.968571 0.470622
49 0.5085 0.412154 0.968571 0.470622
47 0.501079 0.400346 0.95373 0.490783
46 0.510843 0.406106 0.971696 0.478111
73 0.510062 0.406106 0.971696 0.482719
48 0.510062 0.406106 0.971696 0.482719
51 0.50147 0.400058 0.954512 0.492512
49 0.50147 0.400058 0.954512 0.492512
47 0.497955 0.40265 0.959979 0.485023
46 0.507719 0.406394 0.979507 0.477535
73 0.507719 0.406394 0.979507 0.477535
51 0.491316 0.396889 0.96076 0.5
48 0.503813 0.397177 0.985756 0.49712
49 0.499127 0.401426 0.96076 0.488623
47 0.500689 0.401786 0.956074 0.486751
46 0.505376 0.408986 0.98888 0.47235
73 0.505376 0.408986 0.98888 0.47235
49 0.509672 0.406682 0.977164 0.479263
51 0.50147 0.401498 0.956074 0.488479
48 0.509672 0.406682 0.977164 0.479263
100 0.505376 0.408986 0.98888 0.47235
47 0.498346 0.400346 0.956074 0.491935
46 0.503813 0.405458 0.985756 0.480559
49 0.5085 0.407834 0.97482 0.480415
73 0.507719 0.405602 0.977945 0.480271
51 0.501079 0.40121 0.956855 0.492512
100 0.503813 0.405458 0.985756 0.480559
48 0.5085 0.407834 0.97482 0.480415
47 0.500298 0.400418 0.955293 0.490639
46 0.506938 0.406178 0.981069 0.479119
49 0.507328 0.408122 0.978726 0.478687
73 0.507328 0.408122 0.978726 0.478687
51 0.500689 0.400922 0.954512 0.491935
50 0.507328 0.408122 0.978726 0.478687
100 0.507328 0.408122 0.978726 0.478687
48 0.507328 0.408122 0.978726 0.478687
47 0.502251 0.40121 0.957636 0.489055
46 0.510453 0.408986 0.975601 0.476959
73 0.510453 0.408986 0.975601 0.476959
49 0.510453 0.408986 0.975601 0.476959
48 0.510453 0.408986 0.975601 0.476959
51 0.504595 0.401786 0.959198 0.489055
100 0.510453 0.408986 0.975601 0.476959
99 0.510453 0.408986 0.975601 0.476959
50 0.510453 0.408986 0.975601 0.476959
47 0.510062 0.408482 0.976382 0.47451
46 0.510062 0.411362 0.977945 0.46875
73 0.510453 0.409562 0.975601 0.474654
49 0.510453 0.409562 0.975601 0.474654
100 0.510453 0.409562 0.975601 0.474654
99 0.510453 0.409562 0.975601 0.474654
46 0.502251 0.403154 0.956074 0.485167
47 0.507811 0.398906 0.984378 0.495968
49 0.507811 0.398906 0.984378 0.495968
73 0.512406 0.408914 0.971696 0.477103
100 0.512406 0.408914 0.971696 0.477103
99 0.512406 0.408914 0.971696 0.477103
47 0.502251 0.402362 0.957636 0.486751
46 0.510843 0.408122 0.971696 0.47523
73 0.510062 0.408698 0.973258 0.47523
51 0.506938 0.399698 0.985756 0.492079
48 0.506938 0.399698 0.985756 0.492079
99 0.510062 0.408698 0.973258 0.47523
49 0.510062 0.408698 0.973258 0.47523
47 0.505376 0.400634 0.98888 0.492511
46 0.510062 0.40697 0.979507 0.477535
73 0.510453 0.407762 0.977164 0.477103
49 0.510453 0.407762 0.977164 0.477103
99 0.504296 0.921659 0.991408 0.156682
77 0.504296 0.921659 0.991408 0.156682
47 0.501861 0.398906 0.983413 0.494816
46 0.506547 0.404954 0.983413 0.481567
99 0.507811 0.899194 0.984378 0.201613
73 0.503813 0.40121 0.970134 0.490207
47 0.499908 0.399194 0.981069 0.49424
46 0.504985 0.406394 0.98185 0.477535
49 0.499908 0.399194 0.981069 0.49424
51 0.499908 0.399194 0.981069 0.49424
47 0.50147 0.39833 0.981069 0.495968
46 0.497955 0.39977 0.961542 0.491935
51 0.484286 0.397393 0.948263 0.498992
49 0.497955 0.39977 0.961542 0.491935
47 0.504204 0.398041 0.984975 0.496544
46 0.498346 0.402002 0.962323 0.486319
51 0.485067 0.396601 0.948263 0.499424
73 0.499908 0.400346 0.962323 0.490783
77 0.506547 0.933756 0.986537 0.132489
47 0.505766 0.39977 0.986537 0.495392
46 0.499908 0.403226 0.957636 0.485023
101 0.504595 0.984447 0.97482 0.031106
77 0.506938 0.938076 0.985756 0.123848
102 0.499908 0.985599 0.968571 0.0288018
77 0.504595 0.984447 0.97482 0.031106
101 0.506938 0.938076 0.985756 0.123848
99 0.505376 0.93174 0.982631 0.136521
73 0.50147 0.401786 0.959198 0.489055
102 0.505376 0.93174 0.982631 0.136521
47 0.507719 0.867512 0.984194 0.264977
47 0.502642 0.402074 0.956855 0.488479
46 0.500298 0.403514 0.955293 0.484447
73 0.506547 0.405818 0.972477 0.479839
77 0.506938 0.941244 0.985756 0.117511
102 0.50147 0.986751 0.968571 0.0264977
77 0.505376 0.985599 0.973258 0.0288018
101 0.505376 0.985599 0.973258 0.0288018
47 0.507328 0.865207 0.983412 0.269585
102 0.504595 0.927995 0.981069 0.144009
47 0.506639 0.398906 0.986721 0.495968
46 0.499127 0.402146 0.957636 0.488335
73 0.504985 0.404306 0.974039 0.484015
77 0.505376 0.926555 0.982631 0.146889
77 0.501079 0.988479 0.972477 0.0230415
102 0.501079 0.988479 0.972477 0.0230415
47 0.506547 0.398618 0.986537 0.497696
46 0.499127 0.40265 0.957636 0.487327
77 0.506157 0.894585 0.982631 0.210829
73 0.506547 0.404954 0.974039 0.482719
99 0.504204 0.887673 0.98185 0.224654
77 0.502642 0.980415 0.974039 0.0391705
102 0.503906 0.0871256 0.992189 0.174251
102 0.504204 0.887673 0.98185 0.224654
102 0.502642 0.980415 0.974039 0.0391705
47 0.505376 0.39977 0.985756 0.495392
46 0.499127 0.40409 0.956074 0.484447
73 0.506938 0.406034 0.971696 0.480559
77 0.505376 0.884793 0.982631 0.230415
102 0.502642 0.0841734 0.986537 0.168347
47 0.506547 0.399266 0.986537 0.495248
46 0.499517 0.403154 0.956855 0.486319
73 0.507719 0.404954 0.971696 0.482719
101 0.50147 0.0846774 0.992005 0.169355
47 0.50147 0.40085 0.963885 0.489775
46 0.497955 0.402722 0.959979 0.486031
101 0.502251 0.0858295 0.98888 0.171659
102 0.502251 0.0858295 0.98888 0.171659
47 0.503032 0.39977 0.984194 0.493088
46 0.505376 0.405458 0.976382 0.480559
102 0.503813 0.0853255 0.990442 0.170651
101 0.503813 0.0853255 0.990442 0.170651
47 0.503032 0.39977 0.984194 0.493088
46 0.505376 0.405242 0.979507 0.480991
73 0.506157 0.404666 0.981069 0.480991
47 0.503032 0.399842 0.984194 0.494096
46 0.505376 0.405026 0.979507 0.480271
73 0.506157 0.404378 0.981069 0.481567
47 0.501861 0.400274 0.983413 0.494384
46 0.504985 0.404954 0.980288 0.480415
73 0.506157 0.40553 0.981069 0.481567
47 0.501861 0.400058 0.98185 0.493664
46 0.504595 0.404954 0.979507 0.480415
73 0.506157 0.405818 0.981069 0.480991
50 0.503813 0.0817972 0.982631 0.163594
47 0.502251 0.400274 0.982631 0.49208
46 0.505376 0.406034 0.977945 0.478255
73 0.506157 0.406682 0.981069 0.479263
47 0.502642 0.400346 0.983413 0.491935
46 0.506157 0.40697 0.977945 0.477535
73 0.506938 0.40697 0.979507 0.478687
47 0.502251 0.39977 0.984194 0.493088
46 0.505376 0.406034 0.977945 0.478255
73 0.506938 0.406682 0.979507 0.479263
47 0.503032 0.400058 0.984194 0.491359
46 0.506157 0.405602 0.977945 0.479119
73 0.506938 0.406754 0.979507 0.479119
47 0.503032 0.399842 0.984194 0.491791
46 0.506938 0.405602 0.976382 0.479119
73 0.506938 0.406754 0.979507 0.479119
47 0.503032 0.399482 0.984194 0.491359
46 0.507719 0.404954 0.976382 0.480415
73 0.507328 0.406394 0.978726 0.479839
47 0.503423 0.399194 0.983412 0.490783
46 0.508109 0.404882 0.974039 0.480559
73 0.5085 0.406106 0.976382 0.479263
47 0.503423 0.399194 0.983412 0.490783
46 0.5085 0.40445 0.973258 0.481423
73 0.5085 0.405818 0.976382 0.479839
47 0.504594 0.399194 0.984194 0.490783
46 0.509281 0.404306 0.973258 0.481711
73 0.508891 0.405818 0.977164 0.479839
47 0.505376 0.399194 0.985756 0.491936
46 0.509672 0.404306 0.974039 0.481711
73 0.509281 0.406034 0.977945 0.479407
47 0.505376 0.399122 0.985756 0.49208
46 0.510062 0.404306 0.973258 0.481711
73 0.510062 0.405602 0.976382 0.480271
47 0.505376 0.398329 0.984194 0.492512
46 0.510062 0.403802 0.973258 0.482719
73 0.510062 0.405026 0.976382 0.481423
47 0.504594 0.398546 0.984194 0.49208
46 0.510062 0.40409 0.973258 0.482143
73 0.510062 0.405242 0.976382 0.480991
47 0.503813 0.39869 0.982631 0.492944
46 0.510062 0.404378 0.973258 0.481567
73 0.510062 0.405458 0.976382 0.480559
47 0.503423 0.398906 0.98185 0.492512
46 0.510062 0.405026 0.973258 0.481423
73 0.510062 0.406106 0.976382 0.480415
47 0.503032 0.398906 0.981069 0.492512
46 0.509672 0.40553 0.974039 0.480415
73 0.509672 0.406106 0.977164 0.480415
47 0.502251 0.398906 0.981069 0.492512
46 0.508891 0.406034 0.974039 0.479407
73 0.509281 0.406394 0.976382 0.479839
47 0.50147 0.399194 0.981069 0.493088
46 0.508891 0.406178 0.974039 0.479119
47 0.50147 0.399122 0.981069 0.493232
46 0.5085 0.406178 0.97482 0.479119
47 0.50147 0.399122 0.981069 0.493232
46 0.5085 0.406106 0.97482 0.479263
47 0.501079 0.399122 0.980288 0.493232
46 0.5085 0.406178 0.97482 0.479119
47 0.500689 0.399266 0.979507 0.494096
46 0.508109 0.406178 0.975601 0.479119
73 0.508109 0.406394 0.978726 0.479839
47 0.500689 0.399266 0.979507 0.494096
46 0.507719 0.406034 0.97482 0.479407
47 0.500689 0.399266 0.979507 0.494096
46 0.507719 0.406106 0.97482 0.479263
47 0.500689 0.399194 0.979507 0.49424
46 0.507719 0.406178 0.97482 0.479119
47 0.500689 0.399266 0.979507 0.494096
46 0.507719 0.406178 0.97482 0.479119
47 0.499908 0.402938 0.962323 0.485599
46 0.507719 0.406106 0.97482 0.479263
47 0.499908 0.402938 0.963885 0.485599
46 0.507719 0.406106 0.97482 0.479263
47 0.499908 0.402938 0.963885 0.485599
46 0.497955 0.402938 0.963104 0.485599
47 0.500298 0.402938 0.964666 0.485599
46 0.497955 0.402938 0.963104 0.485599
47 0.499908 0.402938 0.965447 0.485599
46 0.497565 0.402722 0.963885 0.486031
47 0.499908 0.402938 0.965447 0.485599
46 0.497565 0.402722 0.963885 0.486031
47 0.499908 0.402938 0.965447 0.485599
46 0.497565 0.40265 0.963885 0.486175
47 0.499908 0.402722 0.965447 0.486031
46 0.497565 0.402578 0.963885 0.486319
47 0.499908 0.402722 0.965447 0.486031
46 0.497565 0.402578 0.963885 0.486319
47 0.499908 0.402722 0.965447 0.486031
46 0.497174 0.402362 0.963104 0.486751
47 0.499908 0.402722 0.965447 0.486031
46 0.497565 0.402578 0.963885 0.486319
47 0.499908 0.402722 0.965447 0.486031
46 0.496783 0.402578 0.963885 0.486319
47 0.499908 0.402722 0.965447 0.486031
46 0.497174 0.402362 0.963104 0.486751
47 0.499908 0.40265 0.965447 0.486175
46 0.497174 0.402146 0.963104 0.487183
47 0.499908 0.402578 0.965447 0.486319
46 0.497565 0.402146 0.963885 0.487183
47 0.499908 0.402578 0.965447 0.486319
46 0.497565 0.402146 0.963885 0.487183
47 0.499908 0.40265 0.965447 0.486175
46 0.497565 0.402146 0.963885 0.487183
47 0.500298 0.402578 0.966228 0.486319
46 0.497565 0.402146 0.963885 0.487183
47 0.500298 0.402362 0.966228 0.486751
46 0.497955 0.402074 0.963104 0.487327
47 0.500689 0.402362 0.965447 0.486751
46 0.501861 0.39977 0.980288 0.491935
47 0.500689 0.402362 0.967009 0.486751
46 0.501861 0.399842 0.980288 0.491791
47 0.500689 0.402362 0.967009 0.486751
46 0.501861 0.39977 0.980288 0.491935
47 0.500689 0.402362 0.967009 0.486751
46 0.501861 0.39977 0.980288 0.491935
47 0.50147 0.402362 0.967009 0.486751
46 0.501861 0.399842 0.980288 0.491791
47 0.501861 0.402362 0.96779 0.486751
46 0.501861 0.39977 0.980288 0.491935
47 0.50147 0.402362 0.968571 0.486751
46 0.501861 0.39977 0.980288 0.491935
47 0.502251 0.402362 0.968571 0.486751
46 0.501861 0.39977 0.980288 0.491935
47 0.502642 0.402146 0.969353 0.487183
46 0.501861 0.39977 0.980288 0.491935
47 0.502642 0.402146 0.969353 0.487183
46 0.50147 0.399698 0.979507 0.492079
47 0.502251 0.402074 0.968571 0.487327
46 0.501861 0.399698 0.980288 0.492079
47 0.502642 0.402146 0.969353 0.487183
46 0.501861 0.399482 0.980288 0.492511
47 0.503032 0.402146 0.968571 0.487183
46 0.501861 0.399698 0.980288 0.492079
47 0.503032 0.402074 0.968571 0.487327
46 0.501861 0.399482 0.980288 0.492511
47 0.502251 0.402074 0.968571 0.487327
46 0.501861 0.399482 0.980288 0.492511
47 0.502251 0.402074 0.968571 0.487327
46 0.501861 0.399482 0.980288 0.492511
47 0.502251 0.402362 0.967009 0.486751
46 0.50147 0.399482 0.979507 0.492511
47 0.498346 0.40157 0.962323 0.488335
46 0.502251 0.399482 0.979507 0.492511
47 0.498346 0.40157 0.962323 0.488335
46 0.502251 0.399266 0.979507 0.492944
47 0.498346 0.40157 0.962323 0.488335
46 0.50147 0.399266 0.979507 0.492944
47 0.498346 0.401498 0.962323 0.488479
46 0.501861 0.399266 0.978726 0.492944
47 0.498346 0.401498 0.962323 0.488479
46 0.501861 0.399266 0.978726 0.492944
47 0.498346 0.401498 0.962323 0.488479
46 0.501861 0.399194 0.978726 0.493088
47 0.498346 0.401426 0.962323 0.488623
46 0.501861 0.399194 0.978726 0.493088
47 0.498346 0.401426 0.962323 0.488623
46 0.501861 0.399194 0.978726 0.493088
