50 0.501232 0.499425 0.9775 0.445977
48 0.501232 0.499425 0.9775 0.445977
49 0.494601 0.538937 0.961117 0.361207
68 0.507863 0.504598 0.968918 0.434483
53 0.507473 0.493103 0.969698 0.456322
104 0.504352 0.518965 0.97906 0.405747
54 0.507473 0.493103 0.969698 0.456322
74 0.504352 0.518965 0.97906 0.405747
56 0.494601 0.538937 0.961117 0.361207
103 0.504352 0.518965 0.97906 0.405747
95 0.494601 0.538937 0.961117 0.361207
79 0.497721 0.54023 0.961117 0.356322
101 0.507863 0.504598 0.968918 0.434483
67 0.504743 0.507471 0.97828 0.425287
111 0.504352 0.518965 0.97906 0.405747
109 0.497721 0.54023 0.961117 0.356322
76 0.507473 0.493103 0.969698 0.456322
17 0.504352 0.518965 0.97906 0.405747
100 0.494601 0.538937 0.961117 0.361207
46 0.507473 0.493103 0.969698 0.456322
73 0.507863 0.504598 0.968918 0.434483
84 0.497721 0.54023 0.961117 0.356322
50 0.480169 0.556178 0.949415 0.324425
66 0.507863 0.504598 0.968918 0.434483
97 0.504352 0.518965 0.97906 0.405747
75 0.507863 0.504598 0.968918 0.434483
47 0.501622 0.488506 0.972039 0.470115
48 0.477828 0.55273 0.944734 0.324425
110 0.504743 0.507471 0.97828 0.425287
77 0.507863 0.504598 0.968918 0.434483
42 0.504352 0.518965 0.97906 0.405747
81 0.497721 0.54023 0.961117 0.356322
33 0.504352 0.518965 0.97906 0.405747
99 0.505133 0.50546 0.971259 0.43046
105 0.504352 0.518965 0.97906 0.405747
108 0.507473 0.493103 0.969698 0.456322
54 0.477828 0.55273 0.944734 0.324425
41 0.507473 0.493103 0.969698 0.456322
102 0.507473 0.493103 0.969698 0.456322
47 0.494991 0.551149 0.946295 0.332184
53 0.477828 0.55273 0.944734 0.324425
14 0.497721 0.54023 0.961117 0.356322
16 0.507473 0.493103 0.969698 0.456322
31 0.504743 0.507471 0.97828 0.425287
21 0.497721 0.54023 0.961117 0.356322
5 0.501232 0.499425 0.9775 0.445977
11 0.497721 0.54023 0.961117 0.356322
15 0.504743 0.507471 0.97828 0.425287
38 0.504743 0.507471 0.97828 0.425287
51 0.505133 0.487644 0.972819 0.46954
46 0.477828 0.55273 0.944734 0.324425
34 0.504352 0.518965 0.97906 0.405747
80 0.504352 0.518965 0.97906 0.405747
78 0.507863 0.504598 0.968918 0.434483
7 0.494601 0.538937 0.961117 0.361207
12 0.504352 0.518965 0.97906 0.405747
0 0.494601 0.538937 0.961117 0.361207
26 0.507863 0.504598 0.968918 0.434483
76 0.477828 0.55273 0.944734 0.324425
28 0.504352 0.518965 0.97906 0.405747
52 0.519565 0.487069 0.934593 0.475287
99 0.463786 0.557471 0.910409 0.317241
65 0.504352 0.518965 0.97906 0.405747
101 0.461055 0.556897 0.900267 0.313793
94 0.494601 0.538937 0.961117 0.361207
67 0.461055 0.556897 0.900267 0.313793
102 0.477828 0.55273 0.944734 0.324425
49 0.580415 0.484195 0.805092 0.461494
4 0.507473 0.493103 0.969698 0.456322
13 0.500062 0.550575 0.972039 0.334483
110 0.461055 0.556897 0.900267 0.313793
72 0.507473 0.493103 0.969698 0.456322
108 0.477828 0.55273 0.944734 0.324425
88 0.501232 0.499425 0.9775 0.445977
41 0.461055 0.556897 0.900267 0.313793
92 0.504352 0.518965 0.97906 0.405747
100 0.580415 0.484195 0.805092 0.461494
58 0.507473 0.493103 0.969698 0.456322
5 0.480169 0.556178 0.949415 0.324425
50 0.740341 0.461494 0.4868 0.418391
95 0.580415 0.484195 0.805092 0.461494
36 0.500062 0.550575 0.972039 0.334483
38 0.461055 0.556897 0.900267 0.313793
24 0.504352 0.518965 0.97906 0.405747
55 0.504743 0.507471 0.97828 0.425287
84 0.580415 0.484195 0.805092 0.461494
79 0.576514 0.485632 0.812893 0.457471
68 0.461055 0.556897 0.900267 0.313793
48 0.504352 0.489368 0.972819 0.466092
50 0.504352 0.489368 0.972819 0.466092
46 0.504352 0.489368 0.972819 0.466092
101 0.511764 0.49023 0.968918 0.465517
111 0.511764 0.49023 0.968918 0.465517
110 0.511764 0.49023 0.968918 0.465517
99 0.506303 0.491667 0.973599 0.461494
49 0.504352 0.489368 0.972819 0.466092
68 0.504352 0.489368 0.972819 0.466092
67 0.511764 0.49023 0.968918 0.465517
100 0.511764 0.49023 0.968918 0.465517
75 0.506303 0.491667 0.973599 0.461494
95 0.511764 0.49023 0.968918 0.465517
109 0.511764 0.49023 0.968918 0.465517
102 0.507863 0.495402 0.970479 0.454023
103 0.511764 0.49023 0.968918 0.465517
47 0.501622 0.486207 0.990762 0.470115
77 0.511764 0.49023 0.968918 0.465517
53 0.506303 0.491667 0.973599 0.461494
52 0.511764 0.49023 0.968918 0.465517
56 0.511764 0.49023 0.968918 0.465517
51 0.506303 0.491667 0.973599 0.461494
54 0.511764 0.49023 0.968918 0.465517
73 0.511764 0.49023 0.968918 0.465517
76 0.506303 0.491667 0.973599 0.461494
84 0.506303 0.491667 0.973599 0.461494
104 0.511764 0.49023 0.968918 0.465517
97 0.504352 0.489368 0.972819 0.466092
105 0.507863 0.495402 0.970479 0.454023
50 0.512482 0.932184 0.975036 0.135632
66 0.511764 0.49023 0.968918 0.465517
80 0.503962 0.491954 0.954876 0.464368
48 0.667009 0.477586 0.636584 0.465517
111 0.509423 0.873563 0.968918 0.252874
48 0.299959 0.488506 0.565592 0.473563
50 0.510532 0.871552 0.978937 0.256897
48 0.509423 0.873563 0.968918 0.252874
17 0.507863 0.495402 0.970479 0.454023
41 0.506303 0.491667 0.973599 0.461494
50 0.510984 0.389655 0.972039 0.666667
42 0.511764 0.49023 0.968918 0.465517
46 0.350277 0.530172 0.663108 0.39023
48 0.497331 0.37931 0.971259 0.734483
48 0.498892 0.491954 0.961897 0.472414
50 0.498501 0.366667 0.982961 0.733333
49 0.496941 0.370402 0.982961 0.740805
100 0.496941 0.370402 0.982961 0.740805
51 0.496941 0.370402 0.982961 0.740805
99 0.496941 0.370402 0.982961 0.740805
68 0.496941 0.370402 0.982961 0.740805
76 0.496941 0.370402 0.982961 0.740805
46 0.497331 0.37931 0.971259 0.734483
50 0.495771 0.477514 0.991542 0.535776
75 0.496941 0.370402 0.982961 0.740805
49 0.498892 0.491954 0.961897 0.472414
0 0.414638 0.609195 0.290988 0.216092
73 0.496941 0.370402 0.982961 0.740805
53 0.497331 0.37931 0.971259 0.734483
47 0.497331 0.37931 0.971259 0.734483
100 0.498502 0.483046 0.9814 0.491379
99 0.498502 0.483046 0.9814 0.491379
51 0.498892 0.491954 0.961897 0.472414
68 0.498892 0.491954 0.961897 0.472414
109 0.496941 0.370402 0.982961 0.740805
46 0.498892 0.491954 0.961897 0.472414
101 0.496941 0.370402 0.982961 0.740805
76 0.498502 0.483046 0.9814 0.491379
52 0.496941 0.370402 0.982961 0.740805
77 0.496941 0.370402 0.982961 0.740805
75 0.498502 0.483046 0.9814 0.491379
97 0.496941 0.370402 0.982961 0.740805
111 0.496941 0.370402 0.982961 0.740805
53 0.498892 0.491954 0.961897 0.472414
84 0.496941 0.370402 0.982961 0.740805
48 0.500842 0.649425 0.982961 0.701149
16 0.430533 0.614943 0.320047 0.204598
77 0.498892 0.491954 0.961897 0.472414
110 0.496941 0.370402 0.982961 0.740805
102 0.496941 0.370402 0.982961 0.740805
101 0.498892 0.491954 0.961897 0.472414
47 0.498892 0.491954 0.961897 0.472414
109 0.498892 0.491954 0.961897 0.472414
0 0.408104 0.641954 0.279091 0.157471
102 0.498892 0.491954 0.961897 0.472414
33 0.414638 0.609195 0.290988 0.216092
7 0.414638 0.609195 0.290988 0.216092
73 0.498892 0.491954 0.961897 0.472414
84 0.498892 0.491954 0.961897 0.472414
1 0.414638 0.609195 0.290988 0.216092
67 0.497331 0.37931 0.971259 0.734483
0 0.485239 0.610201 0.334675 0.21408
111 0.498892 0.491954 0.961897 0.472414
110 0.498892 0.491954 0.961897 0.472414
52 0.498892 0.491954 0.961897 0.472414
97 0.498502 0.483046 0.9814 0.491379
2 0.496941 0.370402 0.982961 0.740805
17 0.496941 0.370402 0.982961 0.740805
18 0.414638 0.609195 0.290988 0.216092
67 0.498892 0.491954 0.961897 0.472414
2 0.498502 0.483046 0.9814 0.491379
14 0.430533 0.614943 0.320047 0.204598
19 0.430533 0.614943 0.320047 0.204598
68 0.500062 0.710345 0.990762 0.57931
30 0.414638 0.609195 0.290988 0.216092
33 0.408104 0.641954 0.279091 0.157471
16 0.418538 0.646552 0.280846 0.147126
33 0.496941 0.370402 0.982961 0.740805
7 0.408104 0.641954 0.279091 0.157471
53 0.500062 0.710345 0.990762 0.57931
1 0.408104 0.641954 0.279091 0.157471
8 0.414638 0.609195 0.290988 0.216092
5 0.414638 0.609195 0.290988 0.216092
6 0.496941 0.370402 0.982961 0.740805
95 0.496941 0.370402 0.982961 0.740805
100 0.481339 0.586207 0.940834 0.57931
8 0.498502 0.483046 0.9814 0.491379
16 0.485239 0.610201 0.334675 0.21408
33 0.498502 0.483046 0.9814 0.491379
50 0.481339 0.586207 0.940834 0.57931
68 0.481339 0.586207 0.940834 0.57931
0 0.413468 0.568965 0.312831 0.295402
25 0.498502 0.483046 0.9814 0.491379
80 0.496941 0.370402 0.982961 0.740805
22 0.414638 0.609195 0.290988 0.216092
33 0.457545 0.605603 0.354178 0.237069
6 0.498502 0.483046 0.9814 0.491379
99 0.500842 0.652874 0.989202 0.694253
50 0.669739 0.493103 0.643605 0.482759
6 0.414638 0.609195 0.290988 0.216092
14 0.418538 0.646552 0.280846 0.147126
84 0.500062 0.710345 0.990762 0.57931
74 0.49187 0.368103 0.965018 0.736207
95 0.498892 0.491954 0.961897 0.472414
111 0.503182 0.70431 0.982961 0.591379
16 0.4279 0.570115 0.311271 0.294253
25 0.496941 0.370402 0.982961 0.740805
46 0.500842 0.649425 0.982961 0.701149
3 0.414638 0.609195 0.290988 0.216092
109 0.500842 0.649425 0.982961 0.701149
51 0.500842 0.652874 0.989202 0.694253
15 0.430533 0.614943 0.320047 0.204598
15 0.498502 0.483046 0.9814 0.491379
5 0.408104 0.641954 0.279091 0.157471
56 0.500842 0.649425 0.982961 0.701149
50 0.500062 0.710345 0.990762 0.57931
26 0.430533 0.614943 0.320047 0.204598
11 0.430533 0.614943 0.320047 0.204598
100 0.500842 0.652874 0.989202 0.694253
18 0.507863 0.535057 0.216875 0.0793104
17 0.498502 0.483046 0.9814 0.491379
1 0.485239 0.610201 0.334675 0.21408
74 0.498502 0.483046 0.9814 0.491379
77 0.500842 0.649425 0.982961 0.701149
22 0.408104 0.641954 0.279091 0.157471
26 0.418538 0.646552 0.280846 0.147126
30 0.408104 0.641954 0.279091 0.157471
42 0.500062 0.36523 0.9814 0.73046
7 0.457545 0.605603 0.354178 0.237069
10 0.414638 0.609195 0.290988 0.216092
99 0.481339 0.586207 0.940834 0.57931
56 0.497331 0.37931 0.971259 0.734483
0 0.41259 0.485057 0.373096 0.189655
21 0.414638 0.609195 0.290988 0.216092
18 0.408104 0.641954 0.279091 0.157471
19 0.418538 0.646552 0.280846 0.147126
8 0.418538 0.646552 0.280846 0.147126
5 0.485239 0.610201 0.334675 0.21408
13 0.414638 0.609195 0.290988 0.216092
28 0.498502 0.483046 0.9814 0.491379
49 0.669739 0.493103 0.643605 0.482759
49 0.481339 0.586207 0.940834 0.57931
73 0.500842 0.649425 0.982961 0.701149
18 0.485239 0.610201 0.334675 0.21408
4 0.482899 0.495402 0.945515 0.429885
103 0.496941 0.370402 0.982961 0.740805
52 0.500842 0.649425 0.982961 0.701149
31 0.414638 0.609195 0.290988 0.216092
17 0.430533 0.614943 0.320047 0.204598
19 0.485239 0.610201 0.334675 0.21408
32 0.414638 0.609195 0.290988 0.216092
101 0.503182 0.70431 0.982961 0.591379
54 0.500062 0.36523 0.9814 0.73046
29 0.498502 0.483046 0.9814 0.491379
15 0.496941 0.370402 0.982961 0.740805
102 0.500062 0.710345 0.990762 0.57931
33 0.413468 0.568965 0.312831 0.295402
8 0.457545 0.605603 0.354178 0.237069
48 0.669739 0.493103 0.643605 0.482759
12 0.48758 0.385345 0.959557 0.622414
76 0.500842 0.649425 0.982961 0.701149
14 0.485239 0.610201 0.334675 0.21408
23 0.414638 0.609195 0.290988 0.216092
49 0.500842 0.652874 0.989202 0.694253
26 0.498502 0.483046 0.9814 0.491379
75 0.500842 0.649425 0.982961 0.701149
6 0.418538 0.646552 0.280846 0.147126
50 0.501622 0.491954 0.953316 0.46092
97 0.500842 0.500862 0.970479 0.446552
76 0.501622 0.491954 0.953316 0.46092
100 0.498501 0.488506 0.957997 0.467816
48 0.49148 0.487356 0.97984 0.467816
49 0.49148 0.487356 0.97984 0.467816
73 0.501622 0.491954 0.953316 0.46092
47 0.49148 0.487356 0.97984 0.467816
68 0.500842 0.500862 0.970479 0.446552
46 0.49148 0.487356 0.97984 0.467816
101 0.501622 0.491954 0.953316 0.46092
103 0.500842 0.500862 0.970479 0.446552
75 0.493821 0.480963 0.956436 0.486351
74 0.500842 0.500862 0.970479 0.446552
84 0.500842 0.500862 0.970479 0.446552
110 0.501622 0.491954 0.953316 0.46092
77 0.500842 0.500862 0.970479 0.446552
109 0.501622 0.491954 0.953316 0.46092
53 0.498501 0.488506 0.957997 0.467816
95 0.500842 0.500862 0.970479 0.446552
67 0.500842 0.500862 0.970479 0.446552
66 0.493821 0.480963 0.956436 0.486351
102 0.500842 0.500862 0.970479 0.446552
42 0.501622 0.491954 0.953316 0.46092
33 0.493821 0.480963 0.956436 0.486351
99 0.501622 0.491954 0.953316 0.46092
51 0.49148 0.487356 0.97984 0.467816
17 0.493821 0.480963 0.956436 0.486351
111 0.501622 0.491954 0.953316 0.46092
54 0.501622 0.491954 0.953316 0.46092
80 0.501622 0.491954 0.953316 0.46092
52 0.500842 0.47931 0.961117 0.47931
56 0.493821 0.480963 0.956436 0.486351
104 0.500842 0.500862 0.970479 0.446552
97 0.498502 0.39023 0.956436 0.667816
49 0.501622 0.483333 0.965798 0.477011
50 0.501622 0.488506 0.965798 0.470115
48 0.497721 0.484195 0.986081 0.47069
76 0.501622 0.483333 0.965798 0.477011
100 0.501622 0.483333 0.965798 0.477011
47 0.497721 0.484195 0.986081 0.47069
51 0.497721 0.484195 0.986081 0.47069
77 0.501622 0.488506 0.965798 0.470115
101 0.501622 0.488506 0.965798 0.470115
97 0.501622 0.488506 0.965798 0.470115
68 0.501622 0.488506 0.965798 0.470115
73 0.501622 0.483333 0.965798 0.477011
99 0.501622 0.483333 0.965798 0.477011
110 0.501622 0.488506 0.965798 0.470115
111 0.501622 0.483333 0.965798 0.477011
46 0.497721 0.484195 0.986081 0.47069
102 0.501622 0.488506 0.965798 0.470115
109 0.501622 0.488506 0.965798 0.470115
67 0.501622 0.488506 0.965798 0.470115
17 0.499672 0.488793 0.957217 0.474138
74 0.499672 0.488793 0.957217 0.474138
53 0.501622 0.483333 0.965798 0.477011
66 0.499672 0.488793 0.957217 0.474138
95 0.499672 0.488793 0.957217 0.474138
84 0.501622 0.483333 0.965798 0.477011
56 0.501622 0.488506 0.965798 0.470115
75 0.499672 0.488793 0.957217 0.474138
54 0.501622 0.483333 0.965798 0.477011
41 0.498501 0.491954 0.970479 0.466667
50 0.500062 0.487069 0.962677 0.461494
48 0.494991 0.488218 0.986861 0.47069
49 0.500062 0.487069 0.962677 0.461494
46 0.500062 0.487069 0.962677 0.461494
47 0.500842 0.486207 0.961117 0.472414
51 0.500062 0.487069 0.962677 0.461494
99 0.500062 0.487069 0.962677 0.461494
73 0.500062 0.487069 0.962677 0.461494
100 0.499282 0.474713 0.964238 0.494253
76 0.500062 0.487069 0.962677 0.461494
50 0.502402 0.391379 0.954876 0.667816
53 0.501622 0.486782 0.957997 0.474713
51 0.502402 0.391379 0.954876 0.667816
49 0.502402 0.391379 0.954876 0.667816
97 0.499282 0.474713 0.964238 0.494253
54 0.501622 0.486782 0.957997 0.474713
75 0.498501 0.481322 0.962677 0.486782
46 0.502402 0.391379 0.954876 0.667816
103 0.501622 0.486782 0.957997 0.474713
48 0.502402 0.391379 0.954876 0.667816
73 0.502402 0.391379 0.954876 0.667816
52 0.501622 0.486782 0.957997 0.474713
41 0.499282 0.474713 0.964238 0.494253
66 0.498501 0.481322 0.962677 0.486782
84 0.501622 0.486782 0.957997 0.474713
99 0.502402 0.391379 0.954876 0.667816
33 0.498501 0.481322 0.962677 0.486782
76 0.502402 0.391379 0.954876 0.667816
77 0.500062 0.487069 0.962677 0.461494
101 0.500062 0.487069 0.962677 0.461494
80 0.501622 0.486782 0.957997 0.474713
111 0.501622 0.486782 0.957997 0.474713
42 0.501622 0.486782 0.957997 0.474713
48 0.505523 0.489943 0.962677 0.468391
49 0.500452 0.490517 0.9775 0.467241
51 0.502012 0.480172 0.9775 0.483333
50 0.502012 0.480172 0.9775 0.483333
47 0.507863 0.487356 0.965798 0.464368
46 0.502012 0.480172 0.9775 0.483333
73 0.502012 0.480172 0.9775 0.483333
100 0.500452 0.490517 0.9775 0.467241
99 0.502012 0.480172 0.9775 0.483333
101 0.502402 0.487356 0.967358 0.473563
17 0.502012 0.480172 0.9775 0.483333
111 0.505523 0.489943 0.962677 0.468391
52 0.507863 0.487356 0.965798 0.464368
102 0.502402 0.487356 0.967358 0.473563
54 0.502012 0.480172 0.9775 0.483333
67 0.502402 0.487356 0.967358 0.473563
97 0.502012 0.480172 0.9775 0.483333
41 0.500452 0.490517 0.9775 0.467241
76 0.502012 0.480172 0.9775 0.483333
56 0.500452 0.490517 0.9775 0.467241
53 0.499282 0.490517 0.984521 0.467241
68 0.502402 0.487356 0.967358 0.473563
48 0.502012 0.484483 0.969699 0.48046
47 0.502012 0.486494 0.968138 0.477586
49 0.502012 0.486494 0.968138 0.477586
50 0.502012 0.486494 0.968138 0.477586
73 0.502012 0.486494 0.968138 0.477586
51 0.503182 0.484483 0.965798 0.493103
46 0.503182 0.484483 0.965798 0.493103
100 0.502012 0.486494 0.968138 0.477586
99 0.502012 0.486494 0.968138 0.477586
111 0.503182 0.484483 0.965798 0.493103
97 0.503182 0.484483 0.965798 0.493103
101 0.502012 0.486494 0.968138 0.477586
76 0.503182 0.484483 0.965798 0.493103
52 0.503182 0.484483 0.965798 0.493103
53 0.503182 0.484483 0.965798 0.493103
42 0.503182 0.484483 0.965798 0.493103
54 0.503182 0.484483 0.965798 0.493103
33 0.503182 0.484483 0.965798 0.493103
84 0.503182 0.484483 0.965798 0.493103
17 0.503182 0.484483 0.965798 0.493103
66 0.502012 0.486494 0.968138 0.477586
56 0.502012 0.486494 0.968138 0.477586
48 0.49031 0.482759 0.972819 0.473563
54 0.498111 0.477658 0.955656 0.488362
47 0.49031 0.482759 0.972819 0.473563
42 0.500062 0.483262 0.957997 0.479454
51 0.49031 0.482759 0.972819 0.473563
75 0.500062 0.483262 0.957997 0.479454
49 0.49031 0.482759 0.972819 0.473563
97 0.498111 0.477658 0.955656 0.488362
73 0.500062 0.48046 0.942394 0.47931
100 0.500062 0.48046 0.942394 0.47931
53 0.499282 0.485345 0.948635 0.471839
46 0.500062 0.48046 0.942394 0.47931
50 0.500062 0.48046 0.942394 0.47931
33 0.500062 0.483262 0.957997 0.479454
99 0.500062 0.48046 0.942394 0.47931
52 0.499282 0.485345 0.948635 0.471839
66 0.500062 0.483262 0.957997 0.479454
76 0.500062 0.48046 0.942394 0.47931
84 0.498111 0.477658 0.955656 0.488362
74 0.500062 0.483262 0.957997 0.479454
103 0.498111 0.481897 0.954096 0.478736
17 0.500062 0.483262 0.957997 0.479454
111 0.500062 0.48046 0.942394 0.47931
41 0.500062 0.483262 0.957997 0.479454
80 0.498111 0.477658 0.955656 0.488362
108 0.500062 0.483262 0.957997 0.479454
56 0.500062 0.48046 0.942394 0.47931
47 0.503182 0.474138 0.987642 0.495402
49 0.503182 0.474138 0.987642 0.495402
48 0.503182 0.474138 0.987642 0.495402
50 0.510203 0.477586 0.97672 0.486207
51 0.500062 0.477299 0.984521 0.482184
46 0.510203 0.477586 0.97672 0.486207
100 0.510203 0.477586 0.97672 0.486207
73 0.510203 0.477586 0.97672 0.486207
76 0.510203 0.477586 0.97672 0.486207
97 0.503182 0.474138 0.987642 0.495402
53 0.503182 0.474138 0.987642 0.495402
99 0.510203 0.477586 0.97672 0.486207
52 0.503182 0.474138 0.987642 0.495402
17 0.503182 0.474138 0.987642 0.495402
111 0.503182 0.474138 0.987642 0.495402
54 0.503182 0.474138 0.987642 0.495402
84 0.503182 0.474138 0.987642 0.495402
48 0.501622 0.482184 0.972039 0.47931
47 0.501622 0.482184 0.972039 0.47931
46 0.503182 0.485057 0.968918 0.473563
49 0.503182 0.485057 0.968918 0.473563
50 0.503182 0.485057 0.968918 0.473563
100 0.501232 0.486207 0.972819 0.473563
51 0.503182 0.485057 0.968918 0.473563
73 0.501232 0.486207 0.972819 0.473563
99 0.501232 0.486207 0.972819 0.473563
103 0.496941 0.487931 0.959557 0.474713
76 0.501232 0.486207 0.972819 0.473563
75 0.496941 0.487931 0.959557 0.474713
111 0.501232 0.486207 0.972819 0.473563
66 0.496941 0.487931 0.959557 0.474713
74 0.496941 0.487931 0.959557 0.474713
17 0.496941 0.487931 0.959557 0.474713
97 0.500062 0.481609 0.967358 0.48046
56 0.501232 0.486207 0.972819 0.473563
101 0.501232 0.486207 0.972819 0.473563
54 0.500062 0.481609 0.967358 0.48046
52 0.501622 0.482184 0.972039 0.47931
53 0.501622 0.482184 0.972039 0.47931
84 0.496941 0.487931 0.959557 0.474713
67 0.501232 0.486207 0.972819 0.473563
41 0.500062 0.481609 0.967358 0.48046
81 0.503182 0.485057 0.968918 0.473563
104 0.496941 0.487931 0.959557 0.474713
49 0.509033 0.483621 0.963458 0.474138
48 0.496161 0.483333 0.984521 0.472414
47 0.506303 0.484483 0.962677 0.472414
50 0.497721 0.478233 0.975159 0.484914
46 0.497721 0.478233 0.975159 0.484914
51 0.496161 0.483333 0.984521 0.472414
100 0.49226 0.484483 0.956436 0.472414
73 0.49226 0.484483 0.956436 0.472414
99 0.49226 0.484483 0.956436 0.472414
67 0.502012 0.484483 0.974379 0.472414
102 0.502012 0.484483 0.974379 0.472414
101 0.502012 0.484483 0.974379 0.472414
76 0.49226 0.484483 0.956436 0.472414
48 0.502792 0.486782 0.963458 0.474713
46 0.502402 0.483333 0.959557 0.47931
47 0.502792 0.486782 0.963458 0.474713
49 0.502792 0.486782 0.963458 0.474713
75 0.494601 0.481034 0.951756 0.487356
99 0.498501 0.488218 0.975159 0.474138
50 0.499282 0.484483 0.968918 0.474713
73 0.498501 0.488218 0.975159 0.474138
66 0.498501 0.481322 0.965798 0.484483
100 0.498501 0.488218 0.975159 0.474138
54 0.499282 0.484483 0.968918 0.474713
76 0.494601 0.481034 0.951756 0.487356
103 0.494601 0.481034 0.951756 0.487356
74 0.499282 0.484483 0.968918 0.474713
42 0.499282 0.484483 0.968918 0.474713
51 0.494991 0.486782 0.989982 0.474713
97 0.499282 0.484483 0.968918 0.474713
111 0.498501 0.488218 0.975159 0.474138
109 0.494601 0.481034 0.951756 0.487356
56 0.498501 0.488218 0.975159 0.474138
41 0.499282 0.484483 0.968918 0.474713
33 0.499282 0.484483 0.968918 0.474713
108 0.499282 0.484483 0.968918 0.474713
52 0.501622 0.485057 0.962677 0.473563
17 0.499282 0.484483 0.968918 0.474713
101 0.498501 0.488218 0.975159 0.474138
48 0.502402 0.485345 0.954876 0.47069
49 0.502402 0.485345 0.954876 0.47069
47 0.500842 0.477514 0.961117 0.489799
46 0.500842 0.477514 0.961117 0.489799
50 0.500842 0.477514 0.961117 0.489799
73 0.500842 0.477514 0.961117 0.489799
51 0.503182 0.479885 0.959557 0.48046
100 0.500842 0.477514 0.961117 0.489799
48 0.503182 0.481897 0.956436 0.482184
49 0.4907 0.481034 0.975159 0.483908
47 0.4907 0.481034 0.975159 0.483908
46 0.4907 0.481034 0.975159 0.483908
50 0.49226 0.482256 0.975159 0.481466
100 0.4907 0.481034 0.975159 0.483908
51 0.49226 0.482256 0.975159 0.481466
73 0.4907 0.481034 0.975159 0.483908
49 0.506303 0.486782 0.961117 0.468966
47 0.494601 0.486782 0.986081 0.467816
46 0.506303 0.486782 0.961117 0.468966
48 0.493041 0.486782 0.986081 0.468966
50 0.504352 0.491092 0.963457 0.461494
100 0.504352 0.491092 0.963457 0.461494
51 0.506303 0.486782 0.961117 0.468966
73 0.504352 0.491092 0.963457 0.461494
48 0.503962 0.485058 0.962677 0.477012
47 0.503962 0.485058 0.962677 0.477012
46 0.505523 0.485345 0.948635 0.475287
49 0.4907 0.48477 0.9814 0.476437
51 0.505523 0.485345 0.948635 0.475287
50 0.49226 0.487356 0.982961 0.468966
76 0.505523 0.485345 0.948635 0.475287
73 0.498502 0.48592 0.968918 0.476437
100 0.498502 0.48592 0.968918 0.476437
99 0.504743 0.486494 0.953316 0.471839
103 0.504743 0.486494 0.953316 0.471839
47 0.507863 0.486207 0.957997 0.471264
49 0.507863 0.486207 0.957997 0.471264
48 0.506303 0.482256 0.962677 0.478017
46 0.507863 0.486207 0.957997 0.471264
51 0.503962 0.484483 0.975159 0.475862
50 0.507863 0.486207 0.957997 0.471264
100 0.503962 0.47931 0.973599 0.485057
47 0.494601 0.487356 0.957997 0.471264
49 0.501622 0.488506 0.950195 0.471264
48 0.499672 0.48908 0.954096 0.466667
46 0.494601 0.487356 0.957997 0.471264
50 0.501622 0.488506 0.950195 0.471264
51 0.504352 0.489655 0.955656 0.470115
76 0.500062 0.0645115 0.968918 0.129023
73 0.494601 0.487356 0.957997 0.471264
109 0.496161 0.0622845 0.965798 0.124569
47 0.496941 0.487356 0.962677 0.471264
48 0.497721 0.484483 0.967358 0.475862
49 0.501622 0.486782 0.950195 0.472414
46 0.501622 0.486782 0.950195 0.472414
51 0.506303 0.488793 0.967358 0.47069
100 0.496941 0.486782 0.959557 0.472414
50 0.496941 0.486782 0.959557 0.472414
46 0.501622 0.486207 0.967358 0.470115
47 0.498501 0.482184 0.987641 0.478161
49 0.504743 0.485345 0.965798 0.47069
48 0.498892 0.482759 0.986861 0.478161
100 0.501622 0.493966 0.972039 0.454598
50 0.498892 0.482759 0.986861 0.478161
12 0.501622 0.493966 0.972039 0.454598
51 0.503962 0.484483 0.97672 0.474713
76 0.498892 0.482759 0.986861 0.478161
73 0.501622 0.489655 0.968918 0.465517
49 0.501622 0.486207 0.968918 0.473563
46 0.503572 0.48592 0.961897 0.46954
47 0.496941 0.486207 0.9814 0.468966
50 0.501622 0.486207 0.968918 0.473563
48 0.503962 0.486207 0.965798 0.471264
100 0.501622 0.486207 0.968918 0.473563
51 0.496941 0.486207 0.9814 0.468966
73 0.501622 0.486207 0.968918 0.473563
47 0.496551 0.479957 0.97906 0.481466
46 0.496551 0.479957 0.97906 0.481466
49 0.502402 0.481609 0.959557 0.475862
48 0.505523 0.480172 0.959557 0.479885
51 0.494211 0.483046 0.983741 0.472989
50 0.495381 0.47931 0.982961 0.481609
100 0.495381 0.47931 0.97672 0.481609
73 0.495381 0.47931 0.97672 0.481609
46 0.502012 0.487069 0.961897 0.466092
49 0.502012 0.487069 0.961897 0.466092
47 0.493821 0.483908 0.984521 0.472414
51 0.493821 0.483908 0.984521 0.472414
50 0.497721 0.484483 0.972039 0.472414
48 0.502012 0.485058 0.965018 0.468966
100 0.497721 0.484483 0.972039 0.472414
47 0.498502 0.485345 0.973599 0.472988
46 0.501622 0.485058 0.953316 0.475862
49 0.501622 0.485058 0.953316 0.475862
48 0.501622 0.485058 0.953316 0.475862
51 0.498502 0.485345 0.973599 0.472988
50 0.496941 0.486782 0.967358 0.470115
100 0.494991 0.486207 0.969698 0.478161
49 0.500842 0.487931 0.945515 0.472414
46 0.500842 0.487931 0.945515 0.472414
47 0.501232 0.487931 0.943174 0.466667
51 0.503962 0.48477 0.957997 0.474138
48 0.500842 0.487931 0.945515 0.472414
35 0.493041 0.489368 0.959557 0.466092
100 0.494601 0.492529 0.961117 0.463218
50 0.500842 0.487931 0.945515 0.472414
4 0.495381 0.488506 0.956436 0.466667
48 0.502402 0.487069 0.961117 0.471839
47 0.502792 0.488506 0.963458 0.472414
49 0.504352 0.48908 0.960337 0.472414
46 0.502792 0.487931 0.960337 0.472414
51 0.501622 0.489368 0.97984 0.474138
17 0.502792 0.487931 0.960337 0.472414
47 0.498111 0.485632 0.98062 0.471264
49 0.507083 0.48908 0.961117 0.464368
46 0.507083 0.48908 0.961117 0.464368
50 0.504743 0.483333 0.957997 0.475862
48 0.504743 0.48592 0.959557 0.46954
51 0.500062 0.49023 0.97828 0.463218
100 0.504743 0.489943 0.964238 0.463793
46 0.504743 0.485632 0.954876 0.471264
49 0.504743 0.485632 0.954876 0.471264
47 0.494601 0.486782 0.97984 0.465517
100 0.499672 0.486207 0.963458 0.471264
50 0.499672 0.486207 0.963458 0.471264
48 0.499672 0.486207 0.963458 0.471264
73 0.499672 0.486207 0.963458 0.471264
12 0.499672 0.486207 0.963458 0.471264
47 0.504352 0.485345 0.957217 0.472988
46 0.496941 0.487644 0.9814 0.471839
48 0.497721 0.482184 0.970479 0.475862
49 0.493821 0.487644 0.984521 0.468391
100 0.497721 0.482184 0.970479 0.475862
35 0.503182 0.483908 0.957997 0.474713
73 0.497721 0.482184 0.970479 0.475862
56 0.497721 0.482184 0.970479 0.475862
12 0.497721 0.485057 0.970479 0.473563
66 0.497721 0.482184 0.970479 0.475862
47 0.49226 0.485345 0.9814 0.474138
46 0.496941 0.484483 0.956436 0.473563
49 0.498502 0.483333 0.956436 0.477011
48 0.492651 0.488793 0.966578 0.468391
51 0.49109 0.483621 0.982181 0.476437
35 0.493041 0.490805 0.961117 0.465517
50 0.492651 0.488793 0.966578 0.468391
100 0.492651 0.488793 0.966578 0.468391
47 0.49031 0.486494 0.98062 0.471839
49 0.496161 0.485345 0.957997 0.472988
46 0.498892 0.486782 0.952536 0.471264
100 0.498892 0.486782 0.952536 0.471264
48 0.4907 0.485345 0.9814 0.474138
73 0.4907 0.485345 0.9814 0.474138
51 0.49031 0.486494 0.98062 0.471839
47 0.493821 0.488506 0.984521 0.466667
46 0.500842 0.484483 0.951756 0.473563
49 0.499282 0.486494 0.951756 0.47069
35 0.502402 0.487644 0.947075 0.467241
51 0.493041 0.486782 0.984521 0.470115
73 0.495381 0.484195 0.956436 0.475287
47 0.503962 0.483621 0.954876 0.475287
46 0.503182 0.484483 0.953316 0.471264
49 0.503182 0.484483 0.953316 0.471264
48 0.499282 0.488218 0.959557 0.464943
35 0.503182 0.484483 0.953316 0.471264
73 0.496161 0.483333 0.951756 0.477011
4 0.499282 0.488218 0.959557 0.464943
51 0.503182 0.484483 0.953316 0.471264
47 0.497721 0.488218 0.97984 0.468391
46 0.500842 0.486207 0.97672 0.472414
49 0.507863 0.484483 0.959557 0.474713
35 0.500842 0.486207 0.97672 0.472414
4 0.500842 0.486207 0.97672 0.472414
47 0.493821 0.486782 0.984521 0.471264
46 0.502012 0.487931 0.972819 0.467816
49 0.503962 0.48477 0.964238 0.476437
4 0.502012 0.487931 0.972819 0.467816
35 0.502012 0.487931 0.972819 0.467816
12 0.502012 0.487931 0.972819 0.467816
47 0.505523 0.485632 0.957997 0.472414
49 0.503572 0.486207 0.955656 0.471264
46 0.503962 0.487356 0.957997 0.466667
4 0.500062 0.487644 0.968918 0.467241
35 0.505523 0.485632 0.957997 0.472414
48 0.499282 0.49023 0.970479 0.463218
47 0.501232 0.486782 0.974379 0.474713
46 0.503182 0.483333 0.965798 0.475862
49 0.503962 0.484483 0.961117 0.477012
4 0.503182 0.484483 0.970479 0.473563
51 0.510593 0.487356 0.950975 0.473563
35 0.503962 0.484483 0.961117 0.477012
47 0.504743 0.486494 0.954876 0.474138
46 0.501232 0.48477 0.965018 0.475287
49 0.503182 0.488793 0.953316 0.474138
73 0.496941 0.485057 0.9814 0.473563
100 0.496941 0.485057 0.9814 0.473563
46 0.503962 0.486494 0.961117 0.46954
47 0.498892 0.487069 0.98062 0.47069
49 0.503962 0.487069 0.957997 0.475287
48 0.503962 0.489655 0.964238 0.465517
73 0.503962 0.489655 0.964238 0.465517
46 0.505523 0.484483 0.970479 0.472414
47 0.502402 0.486782 0.972039 0.470115
49 0.502402 0.486782 0.972039 0.470115
4 0.505523 0.48592 0.970479 0.46954
35 0.505523 0.48592 0.970479 0.46954
47 0.496161 0.49023 0.957997 0.465517
46 0.503572 0.488218 0.971259 0.468391
49 0.507083 0.486494 0.957997 0.47069
73 0.497721 0.48908 0.956436 0.465517
47 0.505133 0.485345 0.955656 0.474138
46 0.496941 0.485058 0.968918 0.474713
49 0.503962 0.484483 0.951756 0.473563
73 0.500062 0.484483 0.968918 0.474713
4 0.49226 0.487356 0.962677 0.473563
47 0.504743 0.486207 0.953316 0.471264
46 0.498501 0.486494 0.965798 0.46954
49 0.496941 0.488793 0.967358 0.467241
73 0.498501 0.486494 0.97828 0.471839
4 0.493041 0.490805 0.964238 0.464368
47 0.503572 0.485632 0.955656 0.471264
46 0.498501 0.487069 0.962677 0.471839
49 0.498501 0.487069 0.962677 0.471839
4 0.496161 0.487931 0.961117 0.468966
47 0.503572 0.485058 0.958777 0.471264
46 0.496941 0.485632 0.972039 0.473563
49 0.502402 0.48477 0.957997 0.474138
4 0.497331 0.483621 0.974379 0.476437
35 0.502402 0.48477 0.957997 0.474138
73 0.496551 0.484483 0.982181 0.471264
47 0.502012 0.484483 0.957217 0.474713
46 0.501622 0.483621 0.956436 0.475287
35 0.502012 0.484483 0.957217 0.474713
49 0.500842 0.484483 0.954876 0.475862
4 0.500452 0.487356 0.963458 0.471264
47 0.500842 0.485345 0.956436 0.474138
46 0.497721 0.488793 0.961117 0.467241
49 0.499282 0.485058 0.954876 0.475862
73 0.500062 0.488506 0.965798 0.465517
47 0.500452 0.483621 0.961897 0.475287
46 0.500062 0.488506 0.965798 0.464368
49 0.500062 0.484483 0.957997 0.474713
4 0.498111 0.487931 0.963457 0.467816
35 0.500062 0.488506 0.965798 0.464368
47 0.501622 0.483908 0.957997 0.474713
46 0.497721 0.487069 0.962677 0.46954
49 0.497721 0.487069 0.962677 0.46954
4 0.497721 0.487069 0.962677 0.46954
47 0.502402 0.48592 0.961117 0.47069
46 0.497721 0.486782 0.970479 0.470115
49 0.497721 0.486782 0.970479 0.470115
4 0.497721 0.486782 0.970479 0.470115
35 0.497721 0.486782 0.970479 0.470115
47 0.505523 0.48592 0.964238 0.46954
46 0.500842 0.485632 0.973599 0.471264
4 0.500842 0.485632 0.973599 0.471264
35 0.500842 0.485632 0.973599 0.471264
47 0.505523 0.48592 0.961117 0.46954
46 0.505523 0.486207 0.962677 0.467816
4 0.504743 0.485058 0.959557 0.468966
35 0.497721 0.486782 0.973599 0.467816
47 0.497721 0.48908 0.97672 0.465517
46 0.498502 0.489655 0.972039 0.464368
4 0.502792 0.485632 0.960337 0.471264
47 0.506303 0.485345 0.962677 0.47069
46 0.497721 0.48477 0.97984 0.47069
4 0.500842 0.487356 0.973599 0.466667
49 0.497721 0.483908 0.97984 0.471264
35 0.500842 0.487356 0.973599 0.466667
47 0.507863 0.486494 0.964238 0.468391
46 0.501622 0.488793 0.973599 0.464943
4 0.501622 0.488793 0.973599 0.464943
47 0.507083 0.486207 0.964238 0.471264
46 0.502402 0.48908 0.973599 0.465517
49 0.505523 0.487069 0.964238 0.468391
4 0.502402 0.48908 0.973599 0.465517
47 0.503182 0.486782 0.968918 0.470115
46 0.499282 0.489943 0.973599 0.463793
4 0.499282 0.489943 0.973599 0.463793
49 0.501232 0.487356 0.966578 0.468966
47 0.496551 0.490805 0.961897 0.464368
46 0.502012 0.49023 0.974379 0.463218
4 0.502012 0.49023 0.974379 0.463218
49 0.504743 0.486207 0.965798 0.471264
47 0.506303 0.488506 0.968918 0.466667
46 0.506303 0.486207 0.962677 0.471264
4 0.503962 0.489655 0.970479 0.465517
35 0.506303 0.486207 0.962677 0.471264
47 0.505913 0.48908 0.971259 0.465517
46 0.507083 0.486207 0.964238 0.470115
35 0.508643 0.487356 0.964238 0.470115
4 0.504743 0.49023 0.972039 0.463218
47 0.504743 0.489943 0.970479 0.463793
46 0.503182 0.491954 0.972039 0.46092
35 0.507863 0.487644 0.962677 0.46954
4 0.503182 0.491954 0.972039 0.46092
47 0.503182 0.489655 0.972039 0.464368
46 0.501622 0.491379 0.975159 0.462069
4 0.501622 0.491379 0.975159 0.462069
35 0.504743 0.486782 0.968918 0.471264
47 0.503962 0.486207 0.970479 0.471264
46 0.500452 0.491379 0.9775 0.46092
4 0.503962 0.486207 0.970479 0.471264
47 0.506303 0.485632 0.968918 0.472414
46 0.500842 0.490517 0.97828 0.462644
4 0.501232 0.489655 0.97906 0.464368
100 0.48797 0.883908 0.968138 0.232184
47 0.503182 0.487931 0.97672 0.467816
46 0.502012 0.48908 0.9775 0.465517
4 0.502402 0.488218 0.97828 0.467241
35 0.502012 0.48908 0.9775 0.465517
47 0.502402 0.486207 0.97828 0.471264
46 0.501232 0.487931 0.9775 0.467816
4 0.500842 0.487356 0.97984 0.470115
47 0.502402 0.484483 0.975159 0.474713
46 0.500062 0.487069 0.97828 0.47069
4 0.500452 0.486494 0.98062 0.471839
47 0.501232 0.484483 0.97906 0.474713
46 0.500062 0.487069 0.9814 0.47069
4 0.500452 0.486782 0.983741 0.471264
47 0.500842 0.484483 0.97984 0.474713
46 0.499672 0.487931 0.982181 0.468966
4 0.499672 0.487931 0.982181 0.468966
47 0.502402 0.487356 0.9814 0.467816
46 0.500062 0.488793 0.9814 0.467241
4 0.500062 0.488793 0.9814 0.467241
47 0.501232 0.487356 0.982181 0.467816
46 0.499282 0.48908 0.9814 0.467816
4 0.499282 0.48908 0.9814 0.467816
47 0.500842 0.487931 0.982961 0.466667
46 0.500062 0.484483 0.97672 0.474713
4 0.498501 0.48908 0.982961 0.466667
47 0.500452 0.488506 0.98062 0.465517
46 0.499282 0.484483 0.975159 0.474713
4 0.498892 0.489368 0.982181 0.464943
47 0.500842 0.488506 0.97984 0.464368
46 0.500062 0.485057 0.972039 0.473563
4 0.498501 0.489655 0.97828 0.464368
47 0.501622 0.488793 0.97828 0.463793
46 0.500842 0.485632 0.970479 0.472414
4 0.499282 0.489943 0.97984 0.462644
47 0.501622 0.48908 0.97828 0.463218
46 0.502012 0.486207 0.968138 0.471264
4 0.499672 0.49023 0.97906 0.462069
47 0.502402 0.48908 0.97828 0.463218
46 0.502402 0.486782 0.967358 0.470115
4 0.500062 0.490805 0.97984 0.46092
47 0.502012 0.48908 0.9775 0.463218
46 0.502402 0.486782 0.967358 0.470115
4 0.499672 0.490517 0.97906 0.461494
49 0.497721 0.894828 0.97672 0.210345
47 0.502402 0.488793 0.97672 0.463793
46 0.503182 0.487356 0.965798 0.468966
4 0.500062 0.490517 0.97828 0.461494
49 0.498502 0.895977 0.97672 0.208046
47 0.502402 0.488793 0.97828 0.463793
46 0.503962 0.487356 0.964238 0.468966
4 0.500062 0.49023 0.97828 0.46092
47 0.502792 0.488506 0.9775 0.464368
46 0.503962 0.487644 0.964238 0.468391
4 0.500452 0.489943 0.97906 0.461494
47 0.503182 0.488506 0.97672 0.464368
46 0.504743 0.487644 0.962677 0.467241
4 0.501232 0.489655 0.97906 0.462069
47 0.503182 0.488506 0.97672 0.464368
46 0.504743 0.487644 0.964238 0.467241
4 0.500842 0.489655 0.97828 0.462069
47 0.503572 0.488506 0.97594 0.464368
46 0.505523 0.487644 0.964238 0.467241
4 0.501232 0.489943 0.9775 0.461494
47 0.503962 0.488506 0.975159 0.464368
46 0.505523 0.487644 0.964238 0.467241
47 0.507083 0.487356 0.964238 0.466667
46 0.501232 0.490517 0.97594 0.461494
47 0.507083 0.487356 0.964238 0.466667
46 0.501622 0.490517 0.975159 0.461494
47 0.507083 0.487644 0.964238 0.466092
46 0.501622 0.490517 0.975159 0.461494
47 0.507083 0.487644 0.964238 0.466092
46 0.501622 0.490805 0.975159 0.46092
47 0.505913 0.487931 0.963458 0.465517
46 0.500842 0.490805 0.973599 0.46092
4 0.500842 0.490805 0.973599 0.46092
47 0.505913 0.488218 0.963458 0.464943
46 0.500842 0.491379 0.973599 0.45977
4 0.500842 0.491379 0.973599 0.45977
47 0.505913 0.488218 0.963458 0.464943
46 0.500842 0.491379 0.973599 0.45977
4 0.500842 0.491379 0.973599 0.45977
47 0.506303 0.488218 0.962677 0.464943
46 0.500452 0.491379 0.972819 0.45977
4 0.500452 0.491379 0.972819 0.45977
47 0.506303 0.488218 0.962677 0.464943
46 0.500842 0.491667 0.972039 0.459195
4 0.500842 0.491667 0.972039 0.459195
47 0.506303 0.488506 0.962677 0.464368
46 0.500842 0.491667 0.972039 0.459195
4 0.500842 0.491667 0.972039 0.459195
47 0.506303 0.488218 0.962677 0.464943
46 0.500842 0.491667 0.972039 0.459195
4 0.500842 0.491667 0.972039 0.459195
47 0.506303 0.488218 0.962677 0.464943
46 0.500062 0.491667 0.972039 0.459195
4 0.500062 0.491667 0.972039 0.459195
47 0.500452 0.491092 0.974379 0.459195
46 0.500062 0.491667 0.972039 0.459195
4 0.500062 0.491667 0.972039 0.459195
47 0.500062 0.491092 0.975159 0.459195
46 0.500062 0.491667 0.972039 0.459195
4 0.500062 0.491667 0.972039 0.459195
47 0.500062 0.491092 0.975159 0.459195
46 0.500062 0.491667 0.972039 0.459195
4 0.500062 0.491667 0.972039 0.459195
47 0.500452 0.491379 0.974379 0.458621
46 0.500062 0.491667 0.972039 0.459195
4 0.500062 0.491667 0.972039 0.459195
47 0.500452 0.491379 0.974379 0.458621
46 0.500062 0.491667 0.972039 0.459195
4 0.500062 0.491667 0.972039 0.459195
47 0.500452 0.491379 0.974379 0.458621
46 0.500062 0.491379 0.972039 0.458621
4 0.500062 0.491379 0.972039 0.458621
47 0.500062 0.491379 0.975159 0.458621
46 0.500062 0.491954 0.972039 0.458621
4 0.500062 0.491954 0.972039 0.458621
47 0.500062 0.491379 0.975159 0.458621
46 0.500062 0.491954 0.972039 0.458621
4 0.500062 0.491954 0.972039 0.458621
47 0.500452 0.491379 0.974379 0.458621
46 0.500062 0.491667 0.972039 0.459195
4 0.500062 0.491667 0.972039 0.459195
47 0.500452 0.491379 0.974379 0.458621
46 0.499282 0.491379 0.972039 0.458621
4 0.499282 0.491379 0.972039 0.458621
47 0.500062 0.491379 0.973599 0.458621
46 0.499282 0.491667 0.972039 0.458046
4 0.499282 0.491667 0.972039 0.458046
47 0.500452 0.491379 0.974379 0.458621
46 0.499282 0.491667 0.972039 0.458046
4 0.499282 0.491667 0.972039 0.458046
47 0.500062 0.491379 0.973599 0.458621
46 0.499282 0.491954 0.972039 0.458621
4 0.499282 0.491954 0.972039 0.458621
47 0.499672 0.491379 0.972819 0.458621
46 0.499282 0.491954 0.970479 0.458621
4 0.499282 0.491954 0.970479 0.458621
47 0.499672 0.491379 0.972819 0.458621
46 0.499282 0.491954 0.970479 0.458621
4 0.499282 0.491954 0.970479 0.458621
47 0.499672 0.491379 0.972819 0.458621
46 0.498892 0.491954 0.971259 0.458621
4 0.498892 0.491954 0.971259 0.458621
47 0.499672 0.491379 0.972819 0.458621
46 0.499282 0.491954 0.970479 0.458621
4 0.499282 0.491954 0.970479 0.458621
47 0.499672 0.491379 0.972819 0.458621
46 0.499282 0.491954 0.970479 0.458621
4 0.499282 0.491954 0.970479 0.458621
47 0.499672 0.491379 0.972819 0.458621
46 0.499282 0.491954 0.970479 0.458621
4 0.499282 0.491954 0.970479 0.458621
47 0.500062 0.491379 0.973599 0.458621
46 0.499282 0.491954 0.970479 0.458621
4 0.499282 0.491954 0.970479 0.458621
47 0.500062 0.491379 0.973599 0.458621
46 0.499282 0.491954 0.970479 0.458621
4 0.499282 0.491954 0.970479 0.458621
47 0.500062 0.491379 0.973599 0.458621
46 0.499282 0.491667 0.970479 0.459195
4 0.499282 0.491667 0.970479 0.459195
47 0.500062 0.491092 0.972039 0.459195
46 0.499282 0.491667 0.970479 0.459195
4 0.500062 0.491092 0.972039 0.459195
47 0.500062 0.491379 0.972039 0.458621
46 0.499282 0.491667 0.970479 0.459195
4 0.500062 0.491379 0.972039 0.458621
47 0.500452 0.491379 0.972819 0.458621
46 0.499282 0.491667 0.970479 0.459195
4 0.500452 0.491379 0.972819 0.458621
47 0.500452 0.491092 0.972819 0.459195
46 0.499282 0.491667 0.970479 0.459195
47 0.500452 0.491092 0.972819 0.459195
46 0.499282 0.491667 0.970479 0.459195
47 0.500452 0.491092 0.972819 0.459195
46 0.499282 0.491667 0.970479 0.459195
4 0.500452 0.491092 0.972819 0.459195
47 0.500842 0.491092 0.972039 0.459195
46 0.504743 0.487356 0.959557 0.467816
4 0.500842 0.491092 0.972039 0.459195
47 0.500842 0.491092 0.972039 0.459195
46 0.504743 0.487356 0.959557 0.466667
4 0.500842 0.491092 0.972039 0.459195
47 0.500842 0.491092 0.972039 0.459195
46 0.504352 0.487069 0.960337 0.467241
4 0.500842 0.491092 0.972039 0.459195
47 0.500842 0.490805 0.973599 0.45977
46 0.504352 0.487069 0.960337 0.467241
4 0.499282 0.491379 0.970479 0.458621
47 0.500842 0.490805 0.972039 0.45977
46 0.504352 0.487069 0.960337 0.467241
4 0.500842 0.490805 0.972039 0.45977
47 0.500842 0.490805 0.972039 0.45977
46 0.504352 0.487069 0.960337 0.467241
4 0.500842 0.490805 0.972039 0.45977
47 0.500842 0.490517 0.972039 0.459195
46 0.503962 0.487069 0.959557 0.467241
4 0.500842 0.490517 0.972039 0.459195
47 0.500842 0.490805 0.972039 0.458621
46 0.503962 0.487069 0.959557 0.467241
4 0.500842 0.490805 0.972039 0.458621
47 0.500062 0.490805 0.972039 0.458621
46 0.503572 0.487069 0.958777 0.467241
4 0.500062 0.490805 0.972039 0.458621
47 0.500062 0.490517 0.972039 0.459195
46 0.503572 0.486782 0.958777 0.467816
4 0.499282 0.490805 0.970479 0.45977
47 0.500062 0.490517 0.972039 0.459195
46 0.503572 0.486782 0.958777 0.467816
4 0.499282 0.490805 0.970479 0.45977
47 0.500062 0.490517 0.972039 0.459195
46 0.503182 0.486782 0.959557 0.467816
4 0.499282 0.490805 0.970479 0.45977
47 0.500062 0.490517 0.972039 0.459195
46 0.503182 0.486782 0.959557 0.467816
4 0.499282 0.490805 0.970479 0.45977
47 0.500062 0.490517 0.972039 0.459195
46 0.503182 0.486782 0.959557 0.467816
4 0.499282 0.490805 0.970479 0.45977
47 0.500062 0.490517 0.972039 0.459195
46 0.503182 0.486782 0.959557 0.467816
4 0.498892 0.490805 0.969698 0.45977
47 0.500062 0.490517 0.972039 0.459195
46 0.503182 0.486782 0.959557 0.467816
4 0.498892 0.490805 0.969698 0.45977
47 0.500062 0.490517 0.972039 0.459195
46 0.502792 0.486782 0.958777 0.467816
4 0.498892 0.490805 0.969698 0.45977
47 0.500062 0.490517 0.972039 0.459195
46 0.502792 0.486782 0.958777 0.467816
4 0.498892 0.490805 0.969698 0.45977
47 0.500062 0.49023 0.972039 0.458621
46 0.502792 0.486782 0.958777 0.467816
4 0.498892 0.490805 0.969698 0.45977
