48 0.498714 0.489655 0.96777 0.521839
50 0.498714 0.489655 0.96777 0.521839
79 0.503787 0.502874 0.970111 0.493103
54 0.503787 0.502874 0.970111 0.493103
53 0.499884 0.464655 0.968551 0.572989
49 0.498714 0.489655 0.96777 0.521839
103 0.498714 0.489655 0.96777 0.521839
74 0.498714 0.489655 0.96777 0.521839
109 0.503787 0.502874 0.970111 0.493103
56 0.503787 0.502874 0.970111 0.493103
67 0.499884 0.464655 0.968551 0.572989
101 0.498714 0.489655 0.96777 0.521839
33 0.503787 0.502874 0.970111 0.493103
81 0.503787 0.502874 0.970111 0.493103
17 0.503787 0.502874 0.970111 0.493103
95 0.503787 0.502874 0.970111 0.493103
68 0.498714 0.489655 0.96777 0.521839
110 0.503787 0.502874 0.970111 0.493103
104 0.503787 0.502874 0.970111 0.493103
77 0.498714 0.489655 0.96777 0.521839
14 0.503787 0.502874 0.970111 0.493103
46 0.503787 0.502874 0.970111 0.493103
84 0.499884 0.464655 0.968551 0.572989
42 0.503787 0.502874 0.970111 0.493103
11 0.503787 0.502874 0.970111 0.493103
105 0.503787 0.502874 0.970111 0.493103
16 0.498714 0.489655 0.96777 0.521839
75 0.503397 0.498851 0.970892 0.501149
16 0.189066 0.19296 0.0394132 0.0951149
73 0.498714 0.489655 0.96777 0.521839
5 0.498714 0.489655 0.96777 0.521839
47 0.503397 0.498851 0.970892 0.501149
16 0.437057 0.18477 0.0460471 0.0948276
97 0.503787 0.502874 0.970111 0.493103
48 0.343012 0.495977 0.681341 0.472414
50 0.343012 0.495977 0.681341 0.472414
66 0.498714 0.489655 0.96777 0.521839
34 0.503787 0.502874 0.970111 0.493103
102 0.498714 0.489655 0.96777 0.521839
108 0.503787 0.502874 0.970111 0.493103
41 0.503397 0.498851 0.970892 0.501149
78 0.503787 0.502874 0.970111 0.493103
76 0.498714 0.489655 0.96777 0.521839
18 0.436277 0.18592 0.0468276 0.0971264
18 0.189066 0.19296 0.0394132 0.0951149
31 0.503787 0.502874 0.970111 0.493103
51 0.498714 0.489655 0.96777 0.521839
21 0.503787 0.502874 0.970111 0.493103
13 0.500275 0.503448 0.958405 0.497701
15 0.499884 0.464655 0.968551 0.572989
80 0.499884 0.464655 0.968551 0.572989
28 0.498714 0.489655 0.96777 0.521839
99 0.503397 0.498851 0.970892 0.501149
6 0.503787 0.502874 0.970111 0.493103
5 0.187115 0.193391 0.0386328 0.0971264
100 0.498714 0.489655 0.96777 0.521839
7 0.499884 0.464655 0.968551 0.572989
79 0.270624 0.501149 0.532664 0.473563
111 0.500275 0.503448 0.958405 0.497701
103 0.293648 0.497126 0.582613 0.470115
49 0.343012 0.495977 0.681341 0.472414
9 0.503397 0.498851 0.970892 0.501149
48 0.232187 0.500575 0.456569 0.468965
38 0.515103 0.464296 0.905333 0.570259
46 0.270624 0.501149 0.532664 0.473563
95 0.343012 0.495977 0.681341 0.472414
4 0.503397 0.498851 0.970892 0.501149
24 0.503787 0.502874 0.970111 0.493103
53 0.270624 0.501149 0.532664 0.473563
5 0.434716 0.18592 0.0437058 0.0965517
22 0.498714 0.489655 0.96777 0.521839
0 0.503397 0.498851 0.970892 0.501149
109 0.343012 0.495977 0.681341 0.472414
0 0.189066 0.193247 0.0421448 0.0931035
110 0.270624 0.501149 0.532664 0.473563
47 0.609442 0.464943 0.724462 0.557471
14 0.18731 0.193534 0.0409741 0.0948276
104 0.343012 0.495977 0.681341 0.472414
68 0.343012 0.495977 0.681341 0.472414
12 0.502226 0.497701 0.968551 0.48046
100 0.343012 0.495977 0.681341 0.472414
32 0.189066 0.19296 0.0394132 0.0951149
42 0.270624 0.501149 0.532664 0.473563
56 0.293648 0.497126 0.582613 0.470115
17 0.343012 0.495977 0.681341 0.472414
54 0.270624 0.501149 0.532664 0.473563
52 0.499494 0.497414 0.964648 0.506322
54 0.609442 0.464943 0.724462 0.557471
26 0.500275 0.503448 0.958405 0.497701
65 0.499884 0.464655 0.968551 0.572989
49 0.232187 0.500575 0.456569 0.468965
12 0.488568 0.423635 0.956844 0.378017
109 0.232187 0.500575 0.456569 0.468965
15 0.189066 0.193247 0.0421448 0.0931035
33 0.189066 0.19296 0.0394132 0.0951149
95 0.488568 0.423635 0.956844 0.378017
2 0.503397 0.498851 0.970892 0.501149
50 0.232187 0.500575 0.456569 0.468965
19 0.503397 0.498851 0.970892 0.501149
78 0.497543 0.503736 0.971672 0.501724
108 0.497543 0.503736 0.971672 0.501724
81 0.497543 0.503736 0.971672 0.501724
104 0.497543 0.503736 0.971672 0.501724
56 0.505738 0.505747 0.980257 0.496552
74 0.505738 0.505747 0.980257 0.496552
79 0.505738 0.505747 0.980257 0.496552
80 0.505738 0.505747 0.980257 0.496552
54 0.505738 0.505747 0.980257 0.496552
33 0.497543 0.503736 0.971672 0.501724
48 0.500275 0.463721 0.980257 0.553017
103 0.505738 0.505747 0.980257 0.496552
105 0.505738 0.505747 0.980257 0.496552
78 0.235114 0.498276 0.456179 0.47931
75 0.505738 0.505747 0.980257 0.496552
108 0.235114 0.498276 0.456179 0.47931
66 0.505738 0.505747 0.980257 0.496552
17 0.497543 0.503736 0.971672 0.501724
111 0.505738 0.505747 0.980257 0.496552
84 0.505738 0.505747 0.980257 0.496552
105 0.342232 0.503161 0.666513 0.476437
105 0.235114 0.498276 0.456179 0.47931
99 0.503787 0.507471 0.981038 0.490805
79 0.342232 0.503161 0.666513 0.476437
41 0.503787 0.507471 0.981038 0.490805
104 0.235114 0.498276 0.456179 0.47931
46 0.505738 0.505747 0.980257 0.496552
33 0.235114 0.498276 0.456179 0.47931
110 0.505738 0.505747 0.980257 0.496552
79 0.235114 0.498276 0.456179 0.47931
109 0.505738 0.505747 0.980257 0.496552
95 0.497543 0.503736 0.971672 0.501724
81 0.235114 0.498276 0.456179 0.47931
42 0.504177 0.506897 0.980257 0.498851
104 0.342232 0.503161 0.666513 0.476437
78 0.342232 0.503161 0.666513 0.476437
53 0.505738 0.505747 0.980257 0.496552
56 0.235114 0.498276 0.456179 0.47931
108 0.342232 0.503161 0.666513 0.476437
77 0.505738 0.510345 0.980257 0.488506
80 0.235114 0.498276 0.456179 0.47931
67 0.503787 0.507471 0.981038 0.490805
68 0.505738 0.505747 0.980257 0.496552
52 0.505738 0.505747 0.980257 0.496552
66 0.235114 0.498276 0.456179 0.47931
17 0.235114 0.498276 0.456179 0.47931
108 0.119605 0.501724 0.222821 0.473563
50 0.505738 0.505747 0.980257 0.496552
81 0.342232 0.503161 0.666513 0.476437
66 0.342232 0.503161 0.666513 0.476437
73 0.505738 0.505747 0.980257 0.496552
95 0.235114 0.498276 0.456179 0.47931
75 0.235114 0.498276 0.456179 0.47931
101 0.505738 0.505747 0.980257 0.496552
21 0.497543 0.503736 0.971672 0.501724
56 0.342232 0.503161 0.666513 0.476437
74 0.235114 0.498276 0.456179 0.47931
103 0.235114 0.498276 0.456179 0.47931
102 0.501836 0.502299 0.992745 0.495402
33 0.342232 0.503161 0.666513 0.476437
41 0.342232 0.503161 0.666513 0.476437
84 0.235114 0.498276 0.456179 0.47931
97 0.497543 0.503736 0.971672 0.501724
48 0.49169 0.883333 0.983379 0.233333
47 0.501836 0.502299 0.992745 0.495402
78 0.119605 0.501724 0.222821 0.473563
51 0.501836 0.502299 0.992745 0.495402
80 0.342232 0.503161 0.666513 0.476437
111 0.235114 0.498276 0.456179 0.47931
76 0.501836 0.502299 0.992745 0.495402
74 0.342232 0.503161 0.666513 0.476437
53 0.342232 0.503161 0.666513 0.476437
48 0.663781 0.466379 0.653245 0.545402
111 0.504957 0.878736 0.978697 0.242529
104 0.0926796 0.499425 0.175213 0.482759
53 0.235114 0.501149 0.452276 0.468966
95 0.342232 0.503161 0.666513 0.476437
111 0.342232 0.503161 0.666513 0.476437
31 0.497543 0.503736 0.971672 0.501724
50 0.49169 0.883333 0.983379 0.233333
84 0.342232 0.503161 0.666513 0.476437
48 0.235114 0.498276 0.456179 0.47931
49 0.500275 0.463721 0.980257 0.553017
41 0.235114 0.498276 0.456179 0.47931
17 0.342232 0.503161 0.666513 0.476437
68 0.49169 0.883333 0.983379 0.233333
72 0.505738 0.505747 0.980257 0.496552
35 0.497543 0.503736 0.971672 0.501724
54 0.235114 0.498276 0.456179 0.47931
33 0.119605 0.501724 0.222821 0.473563
48 0.39101 0.498563 0.769533 0.482184
105 0.0979477 0.498276 0.18653 0.472414
28 0.497543 0.503736 0.971672 0.501724
79 0.0979477 0.498276 0.18653 0.472414
42 0.235114 0.498276 0.456179 0.47931
110 0.235114 0.498276 0.456179 0.47931
75 0.342232 0.503161 0.666513 0.476437
103 0.342232 0.503161 0.666513 0.476437
108 0.445643 0.444828 0.885041 0.65977
46 0.235114 0.498276 0.456179 0.47931
46 0.49169 0.883333 0.983379 0.233333
100 0.501836 0.502299 0.992745 0.495402
54 0.342232 0.503161 0.666513 0.476437
74 0.119605 0.501724 0.222821 0.473563
81 0.0926796 0.499425 0.175213 0.482759
78 0.445643 0.444828 0.885041 0.65977
97 0.342232 0.503161 0.666513 0.476437
47 0.235114 0.501149 0.452276 0.468966
14 0.494031 0.498851 0.972453 0.509195
16 0.494031 0.498851 0.972453 0.509195
34 0.494031 0.498851 0.972453 0.509195
109 0.235114 0.498276 0.456179 0.47931
110 0.342232 0.503161 0.666513 0.476437
46 0.342232 0.503161 0.666513 0.476437
103 0.0926796 0.499425 0.175213 0.482759
99 0.235114 0.498276 0.456179 0.47931
80 0.119605 0.501724 0.222821 0.473563
101 0.49169 0.883333 0.983379 0.233333
97 0.235114 0.501149 0.452276 0.468966
47 0.342232 0.503161 0.666513 0.476437
56 0.0926796 0.499425 0.175213 0.482759
68 0.235114 0.498276 0.456179 0.47931
109 0.342232 0.503161 0.666513 0.476437
102 0.49169 0.883333 0.983379 0.233333
66 0.119605 0.501724 0.222821 0.473563
108 0.352573 0.504885 0.69578 0.675287
52 0.235114 0.498276 0.456179 0.47931
73 0.235114 0.498276 0.456179 0.47931
99 0.342232 0.503161 0.666513 0.476437
48 0.42418 0.913793 0.84836 0.172414
67 0.342232 0.503161 0.666513 0.476437
109 0.49169 0.883333 0.983379 0.233333
14 0.235114 0.498276 0.456179 0.47931
17 0.0926796 0.499425 0.175213 0.482759
76 0.49169 0.883333 0.983379 0.233333
78 0.352573 0.504885 0.69578 0.675287
99 0.49169 0.883333 0.983379 0.233333
67 0.47608 0.9 0.952161 0.2
42 0.342232 0.503161 0.666513 0.476437
68 0.342232 0.503161 0.666513 0.476437
73 0.49169 0.883333 0.983379 0.233333
67 0.235114 0.498276 0.456179 0.47931
72 0.235114 0.498276 0.456179 0.47931
53 0.49169 0.883333 0.983379 0.233333
33 0.445643 0.444828 0.885041 0.65977
50 0.42418 0.913793 0.84836 0.172414
110 0.497153 0.898276 0.966209 0.203448
45 0.494031 0.498851 0.972453 0.509195
54 0.119605 0.501724 0.222821 0.473563
21 0.235114 0.498276 0.456179 0.47931
68 0.42418 0.913793 0.84836 0.172414
31 0.342232 0.503161 0.666513 0.476437
47 0.49169 0.883333 0.983379 0.233333
80 0.47491 0.417241 0.938893 0.665517
108 0.497933 0.515517 0.992745 0.529885
81 0.495202 0.522701 0.985721 0.52931
78 0.497933 0.515517 0.992745 0.529885
79 0.495202 0.51523 0.988843 0.492529
104 0.495202 0.51523 0.988843 0.492529
56 0.495202 0.51523 0.988843 0.492529
105 0.495202 0.51523 0.988843 0.492529
95 0.495202 0.522701 0.985721 0.52931
81 0.495592 0.628736 0.991184 0.742529
80 0.495202 0.522701 0.985721 0.52931
79 0.495592 0.628736 0.991184 0.742529
104 0.495592 0.628736 0.991184 0.742529
108 0.495592 0.628736 0.991184 0.742529
53 0.495202 0.522701 0.985721 0.52931
68 0.495592 0.81092 0.991184 0.378161
81 0.376084 0.504598 0.746315 0.48046
52 0.495202 0.522701 0.985721 0.52931
78 0.495592 0.628736 0.991184 0.742529
84 0.495202 0.522701 0.985721 0.52931
53 0.498714 0.733908 0.991184 0.532184
108 0.376084 0.504598 0.746315 0.48046
95 0.496372 0.742816 0.992745 0.514368
56 0.495592 0.628736 0.991184 0.742529
105 0.495592 0.628736 0.991184 0.742529
108 0.495202 0.35977 0.985721 0.71954
95 0.495592 0.628736 0.991184 0.742529
74 0.497933 0.515517 0.992745 0.529885
56 0.498714 0.733908 0.991184 0.532184
78 0.495202 0.35977 0.985721 0.71954
108 0.242528 0.523563 0.484275 0.511494
81 0.242528 0.523563 0.484275 0.511494
54 0.495202 0.522701 0.985721 0.52931
95 0.52603 0.425862 0.924064 0.64023
81 0.52603 0.425862 0.924064 0.64023
56 0.52603 0.425862 0.924064 0.64023
52 0.496372 0.742816 0.992745 0.514368
48 0.498714 0.733908 0.991184 0.532184
81 0.484665 0.686782 0.963087 0.626437
78 0.376084 0.504598 0.746315 0.48046
79 0.52603 0.425862 0.924064 0.64023
84 0.498714 0.733908 0.991184 0.532184
68 0.494812 0.124425 0.983379 0.248851
104 0.496372 0.742816 0.992745 0.514368
104 0.52603 0.425862 0.924064 0.64023
104 0.298526 0.50546 0.597052 0.478736
48 0.495592 0.518103 0.991184 0.553448
101 0.496372 0.742816 0.992745 0.514368
108 0.484665 0.686782 0.963087 0.626437
68 0.495202 0.522701 0.985721 0.52931
53 0.497933 0.848851 0.978697 0.302299
105 0.487787 0.341379 0.974014 0.647126
79 0.498714 0.733908 0.991184 0.532184
17 0.495202 0.522701 0.985721 0.52931
111 0.496372 0.5 0.991184 0.5
105 0.498714 0.733908 0.991184 0.532184
80 0.495592 0.628736 0.991184 0.742529
84 0.495592 0.628736 0.991184 0.742529
108 0.13658 0.578017 0.27238 0.620977
75 0.495202 0.51523 0.988843 0.492529
48 0.494812 0.124425 0.983379 0.248851
53 0.52603 0.425862 0.924064 0.64023
52 0.495592 0.628736 0.991184 0.742529
66 0.497933 0.515517 0.992745 0.529885
109 0.498714 0.733908 0.991184 0.532184
67 0.498714 0.733908 0.991184 0.532184
53 0.495592 0.628736 0.991184 0.742529
78 0.242528 0.523563 0.484275 0.511494
102 0.497933 0.790805 0.989623 0.418391
52 0.52603 0.425862 0.924064 0.64023
95 0.502616 0.400862 0.963087 0.418966
95 0.497933 0.848851 0.978697 0.302299
84 0.52603 0.425862 0.924064 0.64023
79 0.298526 0.50546 0.597052 0.478736
78 0.484665 0.686782 0.963087 0.626437
48 0.497933 0.848851 0.978697 0.302299
111 0.498714 0.733908 0.991184 0.532184
77 0.494812 0.124425 0.983379 0.248851
76 0.494812 0.124425 0.983379 0.248851
75 0.494812 0.124425 0.983379 0.248851
50 0.494812 0.124425 0.983379 0.248851
105 0.298526 0.50546 0.597052 0.478736
33 0.497933 0.515517 0.992745 0.529885
80 0.487787 0.341379 0.974014 0.647126
74 0.485446 0.125862 0.963087 0.251724
68 0.495982 0.875287 0.991964 0.249425
101 0.497933 0.848851 0.978697 0.302299
109 0.494812 0.124425 0.983379 0.248851
41 0.495202 0.522701 0.985721 0.52931
67 0.494421 0.525862 0.981038 0.518391
110 0.495592 0.81092 0.991184 0.378161
109 0.495202 0.522701 0.985721 0.52931
103 0.495202 0.522701 0.985721 0.52931
80 0.496372 0.742816 0.992745 0.514368
48 0.52603 0.425862 0.924064 0.64023
49 0.494812 0.124425 0.983379 0.248851
104 0.494421 0.597557 0.987282 0.372701
53 0.494812 0.124425 0.983379 0.248851
81 0.13658 0.578017 0.27238 0.620977
102 0.497933 0.122701 0.974014 0.245402
101 0.494812 0.124425 0.983379 0.248851
74 0.495592 0.628736 0.991184 0.742529
68 0.497153 0.658621 0.991184 0.682759
108 0.463983 0.453736 0.927967 0.360345
74 0.498714 0.733908 0.991184 0.532184
52 0.497933 0.848851 0.978697 0.302299
78 0.13658 0.578017 0.27238 0.620977
68 0.52603 0.425862 0.924064 0.64023
77 0.496372 0.742816 0.992745 0.514368
101 0.495202 0.522701 0.985721 0.52931
84 0.494812 0.124425 0.983379 0.248851
95 0.494812 0.124425 0.983379 0.248851
78 0.495592 0.128448 0.978697 0.256897
56 0.502616 0.400862 0.963087 0.418966
50 0.495592 0.81092 0.991184 0.378161
99 0.494812 0.124425 0.983379 0.248851
75 0.496372 0.742816 0.992745 0.514368
108 0.495592 0.128448 0.978697 0.256897
111 0.495592 0.628736 0.991184 0.742529
108 0.104582 0.53477 0.208773 0.537356
108 0.494421 0.597557 0.987282 0.372701
104 0.502616 0.400862 0.963087 0.418966
84 0.497933 0.848851 0.978697 0.302299
53 0.502616 0.400862 0.963087 0.418966
78 0.502616 0.400862 0.963087 0.418966
76 0.495592 0.81092 0.991184 0.378161
104 0.13658 0.578017 0.27238 0.620977
48 0.495592 0.628736 0.991184 0.742529
81 0.502616 0.400862 0.963087 0.418966
51 0.494812 0.124425 0.983379 0.248851
54 0.498714 0.733908 0.991184 0.532184
46 0.495592 0.81092 0.991184 0.378161
79 0.494421 0.597557 0.987282 0.372701
100 0.494812 0.124425 0.983379 0.248851
52 0.502616 0.400862 0.963087 0.418966
109 0.497933 0.848851 0.978697 0.302299
49 0.497933 0.848851 0.978697 0.302299
56 0.242528 0.523563 0.484275 0.511494
67 0.482324 0.847701 0.963087 0.304598
110 0.494812 0.124425 0.983379 0.248851
81 0.487787 0.585632 0.975575 0.335632
54 0.495592 0.628736 0.991184 0.742529
14 0.497933 0.515517 0.992745 0.529885
111 0.497933 0.848851 0.978697 0.302299
52 0.494812 0.124425 0.983379 0.248851
67 0.494812 0.124425 0.983379 0.248851
79 0.502616 0.400862 0.963087 0.418966
84 0.502616 0.400862 0.963087 0.418966
80 0.376084 0.504598 0.746315 0.48046
47 0.495592 0.81092 0.991184 0.378161
80 0.242528 0.523563 0.484275 0.511494
110 0.495592 0.518103 0.991184 0.553448
103 0.498714 0.733908 0.991184 0.532184
102 0.491299 0.860919 0.982599 0.278161
78 0.495592 0.81092 0.991184 0.378161
68 0.480763 0.921839 0.961526 0.156322
74 0.487787 0.341379 0.974014 0.647126
105 0.494421 0.597557 0.987282 0.372701
67 0.495592 0.628736 0.991184 0.742529
17 0.495592 0.628736 0.991184 0.742529
77 0.497933 0.848851 0.978697 0.302299
78 0.494421 0.597557 0.987282 0.372701
105 0.502616 0.400862 0.963087 0.418966
54 0.487787 0.341379 0.974014 0.647126
111 0.494812 0.124425 0.983379 0.248851
56 0.497933 0.848851 0.978697 0.302299
48 0.664952 0.868104 0.669635 0.263793
80 0.494812 0.124425 0.983379 0.248851
76 0.496372 0.5 0.991184 0.5
104 0.497933 0.848851 0.978697 0.302299
73 0.496372 0.742816 0.992745 0.514368
78 0.104582 0.53477 0.208773 0.537356
48 0.502616 0.400862 0.963087 0.418966
108 0.501836 0.392026 0.961526 0.426293
75 0.495592 0.628736 0.991184 0.742529
79 0.13658 0.578017 0.27238 0.620977
66 0.487787 0.341379 0.974014 0.647126
81 0.495592 0.81092 0.991184 0.378161
104 0.104582 0.53477 0.208773 0.537356
111 0.49247 0.358621 0.98494 0.573563
81 0.104582 0.53477 0.208773 0.537356
109 0.495592 0.628736 0.991184 0.742529
56 0.326818 0.51408 0.648952 0.448851
101 0.495592 0.628736 0.991184 0.742529
50 0.531103 0.865805 0.924845 0.268391
99 0.497933 0.790805 0.989623 0.418391
97 0.494812 0.124425 0.983379 0.248851
10 0.497933 0.515517 0.992745 0.529885
67 0.52603 0.425862 0.924064 0.64023
75 0.52603 0.425862 0.924064 0.64023
2 0.494812 0.124425 0.983379 0.248851
73 0.494812 0.124425 0.983379 0.248851
74 0.50964 0.500575 0.969331 0.483908
95 0.501836 0.502874 0.974014 0.481609
84 0.501836 0.502874 0.974014 0.481609
104 0.506128 0.508621 0.976355 0.506896
97 0.50964 0.500575 0.969331 0.483908
108 0.498714 0.508908 0.952161 0.483333
80 0.50964 0.500575 0.969331 0.483908
103 0.50964 0.500575 0.969331 0.483908
79 0.512487 0.499713 0.975025 0.506322
105 0.50964 0.500575 0.969331 0.483908
53 0.501836 0.502874 0.974014 0.481609
66 0.498714 0.508908 0.952161 0.483333
56 0.501836 0.502874 0.974014 0.481609
67 0.501836 0.502874 0.974014 0.481609
78 0.512487 0.499713 0.975025 0.506322
42 0.50964 0.500575 0.969331 0.483908
68 0.501836 0.502874 0.974014 0.481609
52 0.501836 0.502874 0.974014 0.481609
109 0.501836 0.502874 0.974014 0.481609
33 0.498714 0.508908 0.952161 0.483333
75 0.50964 0.500575 0.969331 0.483908
54 0.50964 0.500575 0.969331 0.483908
81 0.506128 0.508621 0.976355 0.506896
17 0.50964 0.500575 0.969331 0.483908
41 0.50964 0.500575 0.969331 0.483908
111 0.501836 0.502874 0.974014 0.481609
77 0.501836 0.502874 0.974014 0.481609
104 0.513658 0.591954 0.972684 0.348276
73 0.504957 0.502874 0.972453 0.477012
110 0.501836 0.502874 0.974014 0.481609
101 0.501836 0.502874 0.974014 0.481609
48 0.504957 0.502874 0.972453 0.477012
79 0.513658 0.591954 0.972684 0.348276
76 0.504957 0.502874 0.972453 0.477012
47 0.501836 0.502874 0.974014 0.481609
105 0.513658 0.591954 0.972684 0.348276
100 0.504957 0.502874 0.972453 0.477012
95 0.513658 0.591954 0.972684 0.348276
74 0.513658 0.591954 0.972684 0.348276
99 0.501836 0.502874 0.974014 0.481609
74 0.510811 0.408908 0.932649 0.283333
46 0.504957 0.502874 0.972453 0.477012
78 0.513658 0.591954 0.972684 0.348276
21 0.512487 0.499713 0.975025 0.506322
66 0.513658 0.591954 0.972684 0.348276
95 0.52603 0.422126 0.913138 0.475287
53 0.52603 0.422126 0.913138 0.475287
50 0.504957 0.502874 0.972453 0.477012
95 0.516664 0.542529 0.906894 0.731035
32 0.50964 0.500575 0.969331 0.483908
108 0.510811 0.408908 0.932649 0.283333
33 0.44096 0.170115 0.0280965 0.0649425
81 0.513658 0.591954 0.972684 0.348276
97 0.510811 0.408908 0.932649 0.283333
95 0.510811 0.408908 0.932649 0.283333
104 0.510811 0.408908 0.932649 0.283333
68 0.52603 0.422126 0.913138 0.475287
15 0.472959 0.18319 0.131117 0.103736
108 0.513658 0.591954 0.972684 0.348276
67 0.52603 0.422126 0.913138 0.475287
28 0.50964 0.500575 0.969331 0.483908
84 0.513658 0.591954 0.972684 0.348276
16 0.472959 0.18319 0.131117 0.103736
68 0.513658 0.591954 0.972684 0.348276
67 0.513658 0.591954 0.972684 0.348276
80 0.510811 0.408908 0.932649 0.283333
68 0.516664 0.542529 0.906894 0.731035
103 0.510811 0.408908 0.932649 0.283333
109 0.52603 0.422126 0.913138 0.475287
104 0.500275 0.62773 0.972453 0.74454
84 0.510811 0.408908 0.932649 0.283333
77 0.52603 0.422126 0.913138 0.475287
56 0.513658 0.591954 0.972684 0.348276
68 0.498714 0.886782 0.963087 0.226437
14 0.512487 0.499713 0.975025 0.506322
15 0.438618 0.172126 0.0319988 0.0729885
49 0.507299 0.468103 0.969331 0.551149
6 0.50964 0.500575 0.969331 0.483908
68 0.500275 0.824713 0.975575 0.350575
110 0.52603 0.422126 0.913138 0.475287
52 0.513658 0.591954 0.972684 0.348276
75 0.510811 0.408908 0.932649 0.283333
66 0.510811 0.408908 0.932649 0.283333
102 0.508079 0.429598 0.966209 0.49023
67 0.510811 0.408908 0.932649 0.283333
16 0.440179 0.166667 0.0312184 0.0626437
105 0.516664 0.542529 0.906894 0.731035
105 0.502616 0.557328 0.964648 0.648563
104 0.502616 0.557328 0.964648 0.648563
81 0.502616 0.557328 0.964648 0.648563
79 0.500275 0.529885 0.975575 0.55977
78 0.500665 0.513218 0.993525 0.509195
108 0.499494 0.521839 0.970892 0.557471
80 0.499494 0.521839 0.970892 0.557471
78 0.503397 0.416379 0.969331 0.451149
56 0.499494 0.489655 0.966209 0.629885
53 0.503397 0.479023 0.963087 0.598276
104 0.566614 0.485058 0.830409 0.634483
52 0.503397 0.479023 0.963087 0.598276
105 0.488568 0.559914 0.974014 0.418103
84 0.503397 0.479023 0.963087 0.598276
78 0.571297 0.347989 0.852262 0.324713
105 0.566614 0.485058 0.830409 0.634483
95 0.499494 0.489655 0.966209 0.629885
111 0.503397 0.479023 0.963087 0.598276
48 0.503397 0.479023 0.963087 0.598276
108 0.503397 0.416379 0.969331 0.451149
103 0.499494 0.489655 0.966209 0.629885
54 0.503397 0.479023 0.963087 0.598276
81 0.566614 0.485058 0.830409 0.634483
81 0.488568 0.559914 0.974014 0.418103
53 0.538907 0.366667 0.890505 0.368966
104 0.488568 0.559914 0.974014 0.418103
80 0.503397 0.416379 0.969331 0.451149
68 0.503397 0.479023 0.963087 0.598276
67 0.503397 0.479023 0.963087 0.598276
104 0.503397 0.416379 0.969331 0.451149
52 0.538907 0.366667 0.890505 0.368966
111 0.538907 0.366667 0.890505 0.368966
47 0.503397 0.479023 0.963087 0.598276
56 0.538907 0.366667 0.890505 0.368966
79 0.503397 0.416379 0.969331 0.451149
48 0.538907 0.366667 0.890505 0.368966
49 0.503397 0.479023 0.963087 0.598276
79 0.500275 0.646552 0.953722 0.647126
33 0.499494 0.521839 0.970892 0.557471
84 0.488568 0.459698 0.977136 0.584052
103 0.500275 0.49648 0.961526 0.519684
53 0.487787 0.444828 0.975575 0.525287
95 0.502616 0.521767 0.958405 0.572557
68 0.498714 0.474641 0.959966 0.524282
77 0.498714 0.474641 0.959966 0.524282
111 0.487787 0.444828 0.975575 0.525287
67 0.498714 0.474641 0.959966 0.524282
101 0.498714 0.474641 0.959966 0.524282
109 0.498714 0.474641 0.959966 0.524282
52 0.501055 0.456825 0.9506 0.56681
105 0.502616 0.521767 0.958405 0.572557
56 0.502616 0.521767 0.958405 0.572557
75 0.497933 0.503736 0.964648 0.493678
102 0.498714 0.474641 0.959966 0.524282
54 0.488568 0.459698 0.977136 0.584052
81 0.497933 0.503736 0.964648 0.493678
50 0.498714 0.474641 0.959966 0.524282
104 0.497933 0.503736 0.964648 0.493678
66 0.499494 0.495977 0.956844 0.5
49 0.498714 0.474641 0.959966 0.524282
76 0.498714 0.474641 0.959966 0.524282
80 0.501055 0.456825 0.9506 0.56681
48 0.487787 0.444828 0.975575 0.525287
99 0.498714 0.474641 0.959966 0.524282
47 0.487787 0.444828 0.975575 0.525287
97 0.500275 0.49648 0.961526 0.519684
110 0.498714 0.474641 0.959966 0.524282
74 0.499494 0.495977 0.956844 0.5
73 0.498714 0.474641 0.959966 0.524282
84 0.504957 0.58908 0.961526 0.71954
105 0.606515 0.454526 0.749046 0.553017
108 0.499494 0.495977 0.956844 0.5
67 0.488568 0.383046 0.977136 0.415517
78 0.497933 0.503736 0.964648 0.493678
79 0.497933 0.503736 0.964648 0.493678
16 0.990909 0.179741 0.0181816 0.0755747
68 0.504957 0.58908 0.961526 0.71954
81 0.606515 0.454526 0.749046 0.553017
67 0.504957 0.58908 0.961526 0.71954
104 0.504957 0.58908 0.961526 0.71954
103 0.493251 0.581609 0.983379 0.742529
42 0.501055 0.456825 0.9506 0.56681
81 0.504957 0.58908 0.961526 0.71954
100 0.498714 0.474641 0.959966 0.524282
101 0.488568 0.383046 0.977136 0.415517
77 0.488568 0.383046 0.977136 0.415517
46 0.487787 0.444828 0.975575 0.525287
81 0.771875 0.456034 0.415205 0.552299
53 0.504957 0.369253 0.942795 0.366092
16 0.987787 0.185345 0.0244253 0.087931
109 0.504957 0.58908 0.961526 0.71954
104 0.606515 0.454526 0.749046 0.553017
49 0.488568 0.383046 0.977136 0.415517
102 0.488568 0.383046 0.977136 0.415517
105 0.771875 0.456034 0.415205 0.552299
95 0.488568 0.383046 0.977136 0.415517
33 0.499494 0.495977 0.956844 0.5
68 0.488568 0.383046 0.977136 0.415517
51 0.487787 0.444828 0.975575 0.525287
50 0.488568 0.383046 0.977136 0.415517
16 0.183798 0.189655 0.0437058 0.0994253
103 0.488568 0.383046 0.977136 0.415517
52 0.504957 0.369253 0.942795 0.366092
104 0.771875 0.456034 0.415205 0.552299
75 0.504957 0.58908 0.961526 0.71954
111 0.504957 0.58908 0.961526 0.71954
15 0.990909 0.179741 0.0181816 0.0755747
16 0.993251 0.171121 0.0134988 0.0770115
41 0.499494 0.495977 0.956844 0.5
33 0.0702414 0.212069 0.0236089 0.0534483
105 0.489348 0.465445 0.978697 0.556466
80 0.497153 0.501149 0.975575 0.48046
84 0.502226 0.498276 0.960746 0.486207
54 0.497153 0.501149 0.975575 0.48046
52 0.496763 0.456897 0.971672 0.568965
80 0.583784 0.452371 0.777338 0.544684
104 0.494812 0.498851 0.970892 0.485057
103 0.502226 0.498276 0.960746 0.486207
56 0.500665 0.497701 0.959185 0.488506
81 0.500665 0.497701 0.959185 0.488506
42 0.497153 0.501149 0.975575 0.48046
108 0.494812 0.498851 0.970892 0.485057
53 0.496763 0.456897 0.971672 0.568965
95 0.500665 0.497701 0.959185 0.488506
48 0.501055 0.45352 0.955283 0.575718
84 0.583784 0.452371 0.777338 0.544684
79 0.494812 0.498851 0.970892 0.485057
81 0.593247 0.452586 0.759973 0.553448
54 0.583784 0.452371 0.777338 0.544684
75 0.497153 0.501149 0.975575 0.48046
104 0.593247 0.452586 0.759973 0.553448
17 0.497153 0.501149 0.975575 0.48046
41 0.497153 0.501149 0.975575 0.48046
33 0.497153 0.501149 0.975575 0.48046
105 0.618807 0.44454 0.730705 0.527012
42 0.583784 0.452371 0.777338 0.544684
103 0.593247 0.452586 0.759973 0.553448
111 0.497153 0.501149 0.975575 0.48046
46 0.500665 0.497701 0.959185 0.488506
10 0.496763 0.456897 0.971672 0.568965
76 0.497153 0.501149 0.975575 0.48046
46 0.583784 0.452371 0.777338 0.544684
73 0.497153 0.501149 0.975575 0.48046
67 0.502226 0.498276 0.960746 0.486207
28 0.497153 0.501149 0.975575 0.48046
48 0.0820702 0.497126 0.162092 0.465517
56 0.593247 0.452586 0.759973 0.553448
97 0.497153 0.501149 0.975575 0.48046
66 0.497153 0.501149 0.975575 0.48046
41 0.0868505 0.498276 0.170482 0.471264
99 0.497153 0.501149 0.975575 0.48046
6 0.497153 0.501149 0.975575 0.48046
47 0.496763 0.456897 0.971672 0.568965
50 0.496763 0.456897 0.971672 0.568965
73 0.583784 0.452371 0.777338 0.544684
99 0.0820702 0.497126 0.162092 0.465517
76 0.583784 0.452371 0.777338 0.544684
68 0.497153 0.501149 0.975575 0.48046
52 0.6111 0.412644 0.739876 0.465517
111 0.583784 0.452371 0.777338 0.544684
79 0.593247 0.452586 0.759973 0.553448
95 0.593247 0.452586 0.759973 0.553448
2 0.496763 0.456897 0.971672 0.568965
105 0.503397 0.510345 0.981818 0.52069
79 0.490129 0.514368 0.974014 0.522989
81 0.498714 0.518678 0.988062 0.531609
78 0.489348 0.534483 0.975575 0.544828
104 0.498714 0.518678 0.988062 0.531609
80 0.496763 0.53046 0.985721 0.522988
108 0.489348 0.534483 0.975575 0.544828
52 0.496763 0.479957 0.979477 0.523994
79 0.498714 0.58046 0.992745 0.343678
84 0.500275 0.46408 0.980257 0.55
103 0.500275 0.46408 0.980257 0.55
53 0.496763 0.53046 0.985721 0.522988
33 0.488178 0.506322 0.976355 0.483908
66 0.490129 0.514368 0.974014 0.522989
78 0.489348 0.582615 0.975575 0.379598
95 0.496763 0.53046 0.985721 0.522988
56 0.496763 0.53046 0.985721 0.522988
105 0.498714 0.58046 0.992745 0.343678
48 0.503397 0.510345 0.981818 0.52069
81 0.498714 0.58046 0.992745 0.343678
108 0.504177 0.506897 0.974014 0.498851
79 0.504957 0.500287 0.975575 0.484483
84 0.507689 0.468391 0.970111 0.572414
78 0.504177 0.506897 0.974014 0.498851
80 0.507299 0.567241 0.974014 0.833333
52 0.498714 0.457471 0.981818 0.582759
104 0.503397 0.551868 0.978697 0.597414
108 0.507299 0.567241 0.974014 0.833333
53 0.507689 0.468391 0.970111 0.572414
66 0.504177 0.506897 0.974014 0.498851
80 0.498714 0.457471 0.981818 0.582759
48 0.498714 0.457471 0.981818 0.582759
81 0.503397 0.551868 0.978697 0.597414
54 0.507689 0.468391 0.970111 0.572414
103 0.507299 0.567241 0.974014 0.833333
74 0.504177 0.506897 0.974014 0.498851
84 0.507299 0.567241 0.974014 0.833333
103 0.507689 0.468391 0.970111 0.572414
52 0.507299 0.567241 0.974014 0.833333
105 0.507299 0.567241 0.974014 0.833333
95 0.501836 0.515517 0.978697 0.533333
79 0.507299 0.567241 0.974014 0.833333
53 0.507299 0.567241 0.974014 0.833333
54 0.507299 0.567241 0.974014 0.833333
47 0.499494 0.462356 0.977136 0.583333
33 0.501836 0.515517 0.978697 0.533333
48 0.507299 0.567241 0.974014 0.833333
75 0.501836 0.515517 0.978697 0.533333
111 0.507689 0.468391 0.970111 0.572414
95 0.507299 0.567241 0.974014 0.833333
56 0.507689 0.468391 0.970111 0.572414
81 0.498324 0.57931 0.981038 0.841379
33 0.507299 0.567241 0.974014 0.833333
78 0.507299 0.567241 0.974014 0.833333
51 0.499494 0.462356 0.977136 0.583333
42 0.498714 0.457471 0.981818 0.582759
56 0.507299 0.567241 0.974014 0.833333
75 0.507299 0.567241 0.974014 0.833333
76 0.499494 0.462356 0.977136 0.583333
105 0.498714 0.457471 0.981818 0.582759
104 0.498324 0.57931 0.981038 0.841379
97 0.499494 0.462356 0.977136 0.583333
67 0.507689 0.468391 0.970111 0.572414
73 0.507689 0.468391 0.970111 0.572414
49 0.499494 0.462356 0.977136 0.583333
50 0.499494 0.462356 0.977136 0.583333
17 0.503397 0.551868 0.978697 0.597414
46 0.499494 0.462356 0.977136 0.583333
66 0.507299 0.567241 0.974014 0.833333
74 0.507299 0.567241 0.974014 0.833333
79 0.501055 0.573707 0.963087 0.372126
42 0.507299 0.567241 0.974014 0.833333
41 0.507299 0.567241 0.974014 0.833333
41 0.498714 0.457471 0.981818 0.582759
68 0.501836 0.515517 0.978697 0.533333
76 0.507299 0.567241 0.974014 0.833333
100 0.507689 0.468391 0.970111 0.572414
50 0.507299 0.567241 0.974014 0.833333
99 0.507689 0.468391 0.970111 0.572414
101 0.501836 0.515517 0.978697 0.533333
47 0.507299 0.567241 0.974014 0.833333
109 0.507689 0.468391 0.970111 0.572414
73 0.507299 0.567241 0.974014 0.833333
80 0.495592 0.504023 0.975575 0.493103
105 0.507299 0.493966 0.974014 0.515517
52 0.494421 0.465517 0.988843 0.56092
81 0.503006 0.509195 0.985721 0.489655
53 0.494421 0.465517 0.988843 0.56092
104 0.503006 0.509195 0.985721 0.489655
108 0.495592 0.504023 0.975575 0.493103
84 0.494421 0.465517 0.988843 0.56092
103 0.493251 0.458549 0.986501 0.572557
79 0.495592 0.504023 0.975575 0.493103
48 0.495592 0.460273 0.978697 0.570259
54 0.494421 0.465517 0.988843 0.56092
78 0.495592 0.504023 0.975575 0.493103
95 0.508079 0.487428 0.980257 0.526293
48 0.0951917 0.502299 0.175652 0.481609
103 0.0951917 0.502299 0.175652 0.481609
10 0.495592 0.504023 0.975575 0.493103
104 0.0951917 0.502299 0.175652 0.481609
47 0.495592 0.460273 0.978697 0.570259
50 0.0951917 0.502299 0.175652 0.481609
76 0.0951917 0.502299 0.175652 0.481609
81 0.0951917 0.502299 0.175652 0.481609
32 0.495592 0.504023 0.975575 0.493103
105 0.0951917 0.502299 0.175652 0.481609
68 0.0951917 0.502299 0.175652 0.481609
84 0.0951917 0.502299 0.175652 0.481609
103 0.499494 0.505172 0.970892 0.490805
48 0.497153 0.470761 0.981818 0.540086
75 0.497543 0.507759 0.968551 0.493678
99 0.499884 0.503448 0.973233 0.496552
84 0.499494 0.505172 0.970892 0.490805
73 0.499884 0.503448 0.973233 0.496552
76 0.499884 0.503448 0.973233 0.496552
48 0.0714121 0.50431 0.124483 0.471839
100 0.499884 0.503448 0.973233 0.496552
75 0.506634 0.574713 0.986732 0.335632
46 0.499884 0.503448 0.973233 0.496552
47 0.497153 0.470761 0.981818 0.540086
109 0.497543 0.507759 0.968551 0.493678
80 0.497933 0.509483 0.969331 0.491379
50 0.498714 0.494253 0.96777 0.491954
54 0.499494 0.505172 0.970892 0.490805
103 0.506634 0.574713 0.986732 0.335632
111 0.499494 0.505172 0.970892 0.490805
49 0.498714 0.494253 0.96777 0.491954
103 0.0714121 0.50431 0.124483 0.471839
99 0.0714121 0.50431 0.124483 0.471839
42 0.497933 0.509483 0.969331 0.491379
51 0.498714 0.494253 0.96777 0.491954
109 0.506634 0.574713 0.986732 0.335632
50 0.0714121 0.50431 0.124483 0.471839
76 0.0714121 0.50431 0.124483 0.471839
18 0.180481 0.175431 0.0483885 0.0626437
73 0.0714121 0.50431 0.124483 0.471839
74 0.508195 0.512069 0.98361 0.483908
84 0.506634 0.574713 0.986732 0.335632
18 0.495982 0.198563 0.0452667 0.0442529
80 0.0714121 0.50431 0.124483 0.471839
74 0.506634 0.574713 0.986732 0.335632
49 0.0714121 0.50431 0.124483 0.471839
66 0.497543 0.507759 0.968551 0.493678
99 0.506634 0.574713 0.986732 0.335632
100 0.0714121 0.50431 0.124483 0.471839
77 0.499494 0.505172 0.970892 0.490805
18 0.437057 0.168966 0.0374621 0.0571839
18 0.495592 0.209483 0.0421448 0.0396552
47 0.0714121 0.50431 0.124483 0.471839
56 0.499494 0.505172 0.970892 0.490805
41 0.497543 0.507759 0.968551 0.493678
18 0.437838 0.158908 0.0343402 0.0436782
75 0.0714121 0.50431 0.124483 0.471839
18 0.181457 0.184914 0.052681 0.0701149
16 0.180481 0.175431 0.0483885 0.0626437
46 0.0714121 0.50431 0.124483 0.471839
46 0.519006 0.409124 0.930308 0.42773
18 0.523688 0.177586 0.0452667 0.0741379
76 0.519006 0.409124 0.930308 0.42773
18 0.520957 0.165517 0.0405839 0.0477012
84 0.0714121 0.50431 0.124483 0.471839
76 0.506634 0.574713 0.986732 0.335632
66 0.506634 0.574713 0.986732 0.335632
18 0.511591 0.171839 0.0319989 0.0356322
18 0.16975 0.158764 0.0671195 0.0402299
26 0.523688 0.177586 0.0452667 0.0741379
33 0.494812 0.510632 0.961526 0.491379
80 0.519006 0.409124 0.930308 0.42773
26 0.180481 0.175431 0.0483885 0.0626437
18 0.448764 0.204885 0.0405839 0.0597701
18 0.516664 0.179598 0.0405839 0.0784483
73 0.506634 0.574713 0.986732 0.335632
77 0.0714121 0.50431 0.124483 0.471839
80 0.502341 0.486494 0.995317 0.535057
80 0.0895578 0.506322 0.174823 0.481609
108 0.488958 0.50431 0.976355 0.50977
52 0.494812 0.466164 0.955283 0.564224
80 0.503397 0.379598 0.953722 0.385632
108 0.0895578 0.506322 0.174823 0.481609
53 0.494812 0.466164 0.955283 0.564224
103 0.0781435 0.500287 0.151799 0.475287
79 0.0781435 0.500287 0.151799 0.475287
54 0.494812 0.466164 0.955283 0.564224
80 0.627099 0.46523 0.67978 0.563793
105 0.0781435 0.500287 0.151799 0.475287
48 0.0781435 0.500287 0.151799 0.475287
104 0.0781435 0.500287 0.151799 0.475287
52 0.0895578 0.506322 0.174823 0.481609
79 0.49169 0.528736 0.970892 0.449425
54 0.0895578 0.506322 0.174823 0.481609
81 0.0781435 0.500287 0.151799 0.475287
33 0.488958 0.50431 0.976355 0.50977
75 0.0781435 0.500287 0.151799 0.475287
53 0.0895578 0.506322 0.174823 0.481609
84 0.0781435 0.500287 0.151799 0.475287
108 0.521347 0.435345 0.945917 0.384483
33 0.0895578 0.506322 0.174823 0.481609
105 0.501055 0.50546 0.983379 0.493678
74 0.0781435 0.500287 0.151799 0.475287
50 0.0781435 0.500287 0.151799 0.475287
66 0.0781435 0.500287 0.151799 0.475287
80 0.495592 0.510057 0.956844 0.500575
105 0.499494 0.494325 0.956844 0.53319
52 0.495592 0.510057 0.956844 0.500575
81 0.499494 0.510057 0.955283 0.491379
48 0.489738 0.474425 0.979477 0.568391
103 0.495592 0.510057 0.956844 0.500575
108 0.494812 0.509483 0.952161 0.502874
54 0.494812 0.509483 0.952161 0.502874
104 0.499494 0.510057 0.955283 0.491379
53 0.495592 0.510057 0.956844 0.500575
84 0.494812 0.509483 0.952161 0.502874
2 0.495592 0.510057 0.956844 0.500575
80 0.505348 0.426149 0.940454 0.453448
32 0.495592 0.510057 0.956844 0.500575
105 0.493641 0.466092 0.976355 0.566667
80 0.498714 0.506034 0.969331 0.491379
52 0.498714 0.478448 0.975575 0.548851
103 0.493641 0.466092 0.976355 0.566667
81 0.495982 0.510345 0.979477 0.485057
104 0.495982 0.510345 0.979477 0.485057
84 0.495592 0.472701 0.977136 0.560345
53 0.498714 0.478448 0.975575 0.548851
48 0.493641 0.466092 0.976355 0.566667
80 0.500275 0.506897 0.978697 0.496552
105 0.504957 0.499138 0.966209 0.516667
52 0.506518 0.473851 0.961526 0.574138
84 0.506518 0.473851 0.961526 0.574138
54 0.506518 0.473851 0.961526 0.574138
2 0.506518 0.473851 0.961526 0.574138
104 0.498714 0.508621 0.972453 0.496552
80 0.632563 0.445905 0.665732 0.521983
81 0.498714 0.508621 0.972453 0.496552
53 0.506518 0.473851 0.961526 0.574138
80 0.503787 0.478089 0.952941 0.533477
54 0.496372 0.46717 0.958405 0.550718
52 0.488178 0.470043 0.976355 0.561063
53 0.496372 0.46717 0.958405 0.550718
108 0.494031 0.503161 0.966209 0.487931
42 0.493251 0.507471 0.966209 0.490805
84 0.496372 0.46717 0.958405 0.550718
81 0.493251 0.507471 0.966209 0.490805
105 0.493251 0.507471 0.966209 0.490805
10 0.494031 0.503161 0.966209 0.487931
2 0.503787 0.478089 0.952941 0.533477
75 0.496372 0.46717 0.958405 0.550718
32 0.494031 0.503161 0.966209 0.487931
79 0.494031 0.503161 0.966209 0.487931
78 0.494031 0.503161 0.966209 0.487931
53 0.078924 0.494828 0.145751 0.456322
48 0.078924 0.494828 0.145751 0.456322
80 0.494031 0.495402 0.959966 0.495402
105 0.499884 0.465805 0.959185 0.564943
103 0.495982 0.494756 0.962307 0.503592
81 0.0752168 0.513218 0.150434 0.501149
104 0.0752168 0.513218 0.150434 0.501149
79 0.0752168 0.513218 0.150434 0.501149
84 0.494031 0.499713 0.956844 0.495977
81 0.496372 0.468966 0.927186 0.582759
52 0.494031 0.495402 0.959966 0.495402
105 0.0752168 0.513218 0.150434 0.501149
103 0.0752168 0.513218 0.150434 0.501149
108 0.0752168 0.513218 0.150434 0.501149
48 0.496372 0.468966 0.927186 0.582759
80 0.0752168 0.513218 0.150434 0.501149
53 0.0752168 0.513218 0.150434 0.501149
74 0.0752168 0.513218 0.150434 0.501149
75 0.0752168 0.513218 0.150434 0.501149
17 0.0752168 0.513218 0.150434 0.501149
54 0.494812 0.501437 0.953722 0.486782
41 0.494031 0.499713 0.956844 0.495977
48 0.0752168 0.513218 0.150434 0.501149
66 0.0752168 0.513218 0.150434 0.501149
80 0.593832 0.461566 0.732266 0.57342
53 0.494031 0.495402 0.959966 0.495402
76 0.496372 0.468966 0.927186 0.582759
104 0.495982 0.494756 0.962307 0.503592
50 0.0752168 0.513218 0.150434 0.501149
80 0.496372 0.470977 0.986501 0.572989
103 0.501836 0.502011 0.966209 0.498276
105 0.501836 0.502011 0.966209 0.498276
54 0.498324 0.470762 0.985721 0.575718
84 0.500275 0.502586 0.966209 0.498276
104 0.501836 0.502011 0.966209 0.498276
52 0.501836 0.502011 0.966209 0.498276
108 0.0808751 0.503448 0.14497 0.478161
80 0.0808751 0.503448 0.14497 0.478161
53 0.0808751 0.503448 0.14497 0.478161
108 0.501836 0.502011 0.966209 0.498276
79 0.0808751 0.503448 0.14497 0.478161
103 0.0808751 0.503448 0.14497 0.478161
10 0.0808751 0.503448 0.14497 0.478161
79 0.501836 0.502011 0.966209 0.498276
68 0.0808751 0.503448 0.14497 0.478161
48 0.0808751 0.503448 0.14497 0.478161
104 0.0808751 0.503448 0.14497 0.478161
81 0.501836 0.502011 0.966209 0.498276
2 0.0808751 0.503448 0.14497 0.478161
105 0.0808751 0.503448 0.14497 0.478161
81 0.0808751 0.503448 0.14497 0.478161
74 0.0808751 0.503448 0.14497 0.478161
17 0.0808751 0.503448 0.14497 0.478161
52 0.0808751 0.503448 0.14497 0.478161
75 0.504177 0.478736 0.964648 0.548276
53 0.501836 0.502011 0.966209 0.498276
75 0.0808751 0.503448 0.14497 0.478161
80 0.487007 0.509195 0.963087 0.475862
54 0.487007 0.509195 0.963087 0.475862
75 0.487007 0.509195 0.963087 0.475862
84 0.487007 0.509195 0.963087 0.475862
52 0.49247 0.50431 0.969331 0.481034
80 0.49247 0.501437 0.953722 0.491379
81 0.493251 0.505172 0.955283 0.498851
105 0.496372 0.471264 0.952161 0.551724
108 0.497153 0.509195 0.964648 0.475862
104 0.493251 0.505172 0.955283 0.498851
52 0.497153 0.509195 0.964648 0.475862
103 0.0837043 0.502299 0.154531 0.478161
53 0.497153 0.509195 0.964648 0.475862
48 0.486617 0.467888 0.973233 0.553879
54 0.497153 0.509195 0.964648 0.475862
79 0.497153 0.509195 0.964648 0.475862
104 0.0837043 0.502299 0.154531 0.478161
81 0.0837043 0.502299 0.154531 0.478161
48 0.0837043 0.502299 0.154531 0.478161
10 0.49247 0.501437 0.953722 0.491379
80 0.0837043 0.502299 0.154531 0.478161
50 0.49247 0.501437 0.953722 0.491379
105 0.0837043 0.502299 0.154531 0.478161
103 0.499104 0.480747 0.94982 0.525862
53 0.0837043 0.502299 0.154531 0.478161
79 0.0837043 0.502299 0.154531 0.478161
80 0.499494 0.468391 0.966209 0.589655
52 0.500275 0.476149 0.966209 0.583333
105 0.49169 0.472126 0.969331 0.591379
53 0.500275 0.476149 0.966209 0.583333
81 0.49169 0.471552 0.983379 0.594828
54 0.500275 0.476149 0.966209 0.583333
42 0.493251 0.499425 0.983379 0.509195
108 0.493251 0.499425 0.983379 0.509195
10 0.493251 0.499425 0.983379 0.509195
104 0.49169 0.471552 0.983379 0.594828
2 0.500275 0.476149 0.966209 0.583333
103 0.49169 0.472126 0.969331 0.591379
104 0.0819483 0.500862 0.155702 0.476437
75 0.493251 0.499425 0.983379 0.509195
79 0.0819483 0.500862 0.155702 0.476437
48 0.49169 0.472126 0.969331 0.591379
50 0.500275 0.476149 0.966209 0.583333
84 0.49169 0.472126 0.969331 0.591379
108 0.0819483 0.500862 0.155702 0.476437
78 0.493251 0.499425 0.983379 0.509195
32 0.49169 0.496624 0.981818 0.513649
80 0.0819483 0.500862 0.155702 0.476437
81 0.0819483 0.500862 0.155702 0.476437
79 0.49169 0.496624 0.981818 0.513649
80 0.49169 0.476149 0.980257 0.551149
84 0.503397 0.477012 0.956844 0.563218
105 0.498714 0.505172 0.972453 0.497701
103 0.503397 0.477012 0.956844 0.563218
104 0.498714 0.505172 0.972453 0.497701
79 0.498714 0.505172 0.972453 0.497701
81 0.498714 0.505172 0.972453 0.497701
52 0.503397 0.477012 0.956844 0.563218
53 0.503397 0.477012 0.956844 0.563218
108 0.498714 0.505172 0.972453 0.497701
80 0.485836 0.502874 0.971672 0.491954
105 0.490129 0.502874 0.980257 0.502299
84 0.497933 0.478664 0.970892 0.553017
52 0.497933 0.478664 0.970892 0.553017
103 0.497933 0.478664 0.970892 0.553017
103 0.0794118 0.496839 0.138141 0.463793
54 0.497933 0.478664 0.970892 0.553017
104 0.49247 0.474138 0.975575 0.554023
80 0.501055 0.487356 0.961526 0.543678
105 0.500275 0.49023 0.955283 0.525287
84 0.49169 0.499138 0.96777 0.514368
104 0.500275 0.49023 0.955283 0.525287
103 0.501055 0.487356 0.961526 0.543678
33 0.49169 0.499138 0.96777 0.514368
81 0.500275 0.49023 0.955283 0.525287
54 0.49169 0.499138 0.96777 0.514368
52 0.49169 0.499138 0.96777 0.514368
108 0.49169 0.499138 0.96777 0.514368
41 0.501055 0.487356 0.961526 0.543678
75 0.501055 0.487356 0.961526 0.543678
17 0.501055 0.487356 0.961526 0.543678
79 0.500275 0.49023 0.955283 0.525287
48 0.426131 0.881034 0.817922 0.237931
48 0.457349 0.841379 0.760168 0.317241
80 0.49286 0.472486 0.974794 0.553879
54 0.493251 0.495474 0.970892 0.5125
105 0.494031 0.456609 0.975575 0.59023
75 0.497153 0.469828 0.969331 0.554598
103 0.494031 0.456609 0.975575 0.59023
33 0.489348 0.505747 0.964648 0.495402
104 0.494031 0.456609 0.975575 0.59023
81 0.494031 0.456609 0.975575 0.59023
79 0.494031 0.456609 0.975575 0.59023
108 0.500275 0.476724 0.953722 0.551149
52 0.494812 0.501724 0.964648 0.497701
10 0.497153 0.469828 0.969331 0.554598
80 0.490129 0.502299 0.96777 0.510345
105 0.490519 0.478233 0.981038 0.556178
52 0.497933 0.486279 0.952161 0.544684
103 0.497933 0.486279 0.952161 0.544684
84 0.497933 0.486279 0.952161 0.544684
81 0.498714 0.488218 0.9506 0.536207
53 0.497933 0.486279 0.952161 0.544684
104 0.497933 0.486279 0.952161 0.544684
2 0.497933 0.486279 0.952161 0.544684
80 0.504957 0.48046 0.972453 0.550575
105 0.499494 0.47421 0.983379 0.559626
84 0.504957 0.48046 0.972453 0.550575
103 0.504957 0.48046 0.972453 0.550575
108 0.497153 0.498851 0.981818 0.511494
52 0.504957 0.48046 0.972453 0.550575
104 0.495982 0.500287 0.981038 0.50977
53 0.504957 0.48046 0.972453 0.550575
81 0.503787 0.480172 0.968551 0.548851
79 0.497153 0.498851 0.981818 0.511494
54 0.495982 0.500287 0.981038 0.50977
10 0.504957 0.48046 0.972453 0.550575
78 0.504957 0.48046 0.972453 0.550575
75 0.497153 0.498851 0.981818 0.511494
2 0.504957 0.48046 0.972453 0.550575
80 0.505738 0.483046 0.963087 0.541954
84 0.505738 0.483046 0.963087 0.541954
105 0.496763 0.46408 0.977916 0.583333
103 0.505738 0.483046 0.963087 0.541954
79 0.500275 0.503736 0.974014 0.500575
80 0.533834 0.343606 0.900651 0.311638
104 0.506518 0.479382 0.963087 0.55273
81 0.496763 0.46408 0.977916 0.583333
52 0.505738 0.483046 0.963087 0.541954
103 0.0786313 0.495977 0.148482 0.467816
80 0.506518 0.487644 0.956844 0.53046
52 0.505738 0.483405 0.959966 0.541236
84 0.505738 0.483405 0.959966 0.541236
105 0.505738 0.483405 0.959966 0.541236
53 0.505348 0.487644 0.960746 0.541954
2 0.505348 0.487644 0.960746 0.541954
80 0.506128 0.349497 0.948259 0.325144
103 0.505348 0.487644 0.960746 0.541954
54 0.505348 0.487644 0.960746 0.541954
80 0.503006 0.481897 0.962307 0.560345
105 0.49286 0.464368 0.985721 0.585057
104 0.502616 0.462644 0.966209 0.587356
81 0.502616 0.462644 0.966209 0.587356
79 0.49169 0.508046 0.964648 0.496552
103 0.503006 0.481897 0.962307 0.560345
108 0.49169 0.508046 0.964648 0.496552
78 0.49169 0.502011 0.959966 0.518965
84 0.503006 0.481897 0.962307 0.560345
103 0.0864603 0.486494 0.157214 0.447701
104 0.0864603 0.486494 0.157214 0.447701
80 0.499494 0.483621 0.952161 0.537356
108 0.489348 0.493966 0.972453 0.515517
105 0.489348 0.498563 0.975575 0.506322
54 0.500275 0.479813 0.959966 0.542672
81 0.489348 0.498563 0.975575 0.506322
52 0.489348 0.493966 0.972453 0.515517
77 0.463593 0.00890805 0.927186 0.0178161
42 0.500275 0.479813 0.959966 0.542672
48 0.501055 0.00840517 0.978697 0.0168103
80 0.515884 0.349713 0.938113 0.329885
75 0.500275 0.479813 0.959966 0.542672
41 0.485836 0.504885 0.96699 0.493678
67 0.496763 0.00835129 0.976355 0.0167026
79 0.489348 0.493966 0.972453 0.515517
68 0.496763 0.00835129 0.976355 0.0167026
53 0.501055 0.00840517 0.978697 0.0168103
13 0.500275 0.479813 0.959966 0.542672
101 0.463593 0.00890805 0.927186 0.0178161
10 0.500275 0.479813 0.959966 0.542672
102 0.463593 0.00890805 0.927186 0.0178161
80 0.49247 0.499425 0.977136 0.509195
105 0.490129 0.469253 0.980257 0.56954
52 0.499494 0.473635 0.96777 0.559626
108 0.499494 0.473635 0.96777 0.559626
81 0.499494 0.473635 0.96777 0.559626
104 0.490129 0.469253 0.980257 0.56954
48 0.49169 0.469828 0.981818 0.562644
41 0.49169 0.502011 0.980257 0.504023
76 0.49169 0.469828 0.981818 0.562644
54 0.499494 0.473635 0.96777 0.559626
53 0.499494 0.473635 0.96777 0.559626
80 0.499104 0.472342 0.957624 0.556466
105 0.49247 0.471767 0.98494 0.569109
103 0.498714 0.476437 0.958405 0.550575
52 0.49169 0.497701 0.96777 0.508046
81 0.493251 0.472414 0.986501 0.565517
80 0.498714 0.475862 0.963087 0.555172
105 0.497153 0.475575 0.977136 0.564942
42 0.506518 0.47069 0.961526 0.563218
52 0.501055 0.478736 0.964648 0.556322
108 0.501055 0.478736 0.964648 0.556322
2 0.501055 0.478736 0.964648 0.556322
80 0.514323 0.358908 0.945917 0.339655
80 0.498324 0.487069 0.957624 0.516667
105 0.490519 0.504023 0.976355 0.488506
54 0.49247 0.472701 0.983379 0.546552
42 0.49247 0.472701 0.983379 0.546552
80 0.498714 0.484195 0.961526 0.523563
52 0.496763 0.481034 0.963868 0.532184
105 0.494031 0.471552 0.981818 0.548851
54 0.496763 0.481034 0.963868 0.532184
108 0.494031 0.498276 0.972453 0.5
81 0.494031 0.471552 0.981818 0.548851
53 0.496763 0.481034 0.963868 0.532184
78 0.496763 0.481034 0.963868 0.532184
42 0.494031 0.498276 0.972453 0.5
84 0.496763 0.481034 0.963868 0.532184
2 0.496763 0.481034 0.963868 0.532184
104 0.496763 0.481034 0.963868 0.532184
103 0.494031 0.471552 0.981818 0.548851
80 0.497153 0.477586 0.949039 0.539081
52 0.488568 0.499138 0.96777 0.499425
105 0.496763 0.473563 0.95138 0.547126
108 0.489348 0.496839 0.963087 0.505172
53 0.489348 0.496839 0.963087 0.505172
2 0.489348 0.496839 0.963087 0.505172
80 0.497933 0.477874 0.945917 0.546552
52 0.495592 0.473563 0.944356 0.558621
105 0.487007 0.471193 0.974014 0.561063
2 0.495592 0.473563 0.944356 0.558621
54 0.495592 0.473563 0.944356 0.558621
53 0.495592 0.473563 0.944356 0.558621
84 0.495592 0.473563 0.944356 0.558621
80 0.500275 0.481034 0.9506 0.534483
54 0.500275 0.475287 0.952161 0.545977
52 0.500665 0.483908 0.954502 0.533333
53 0.500275 0.475287 0.952161 0.545977
42 0.500665 0.483908 0.954502 0.533333
80 0.504177 0.480747 0.955283 0.546552
105 0.495592 0.500575 0.974014 0.502299
52 0.494812 0.470043 0.981818 0.563362
53 0.501836 0.476437 0.956844 0.552874
81 0.495592 0.500575 0.974014 0.502299
84 0.501836 0.476437 0.956844 0.552874
108 0.495592 0.500575 0.974014 0.502299
54 0.501836 0.476437 0.956844 0.552874
80 0.501836 0.47694 0.959966 0.551868
105 0.501055 0.468678 0.96777 0.574138
52 0.501055 0.475934 0.959966 0.565374
81 0.501055 0.468678 0.96777 0.574138
2 0.501055 0.475934 0.959966 0.565374
53 0.501055 0.475934 0.959966 0.565374
54 0.501055 0.475934 0.959966 0.565374
104 0.501055 0.468678 0.96777 0.574138
80 0.504957 0.472126 0.969331 0.554598
105 0.499104 0.467529 0.98416 0.563793
81 0.499104 0.467529 0.98416 0.563793
104 0.499104 0.467529 0.98416 0.563793
52 0.496372 0.501724 0.986501 0.501149
80 0.505738 0.474784 0.96777 0.550431
52 0.497153 0.498276 0.98494 0.502299
105 0.500275 0.466738 0.981818 0.565374
80 0.500665 0.481322 0.956063 0.531609
105 0.501055 0.477874 0.955283 0.541954
52 0.501055 0.477874 0.955283 0.541954
80 0.501836 0.481322 0.964648 0.533908
52 0.501836 0.475862 0.963087 0.548276
54 0.501836 0.475862 0.963087 0.548276
80 0.496372 0.497701 0.972453 0.506896
52 0.500275 0.46954 0.963087 0.55977
105 0.495982 0.465517 0.98416 0.567816
54 0.497933 0.495977 0.970892 0.504598
53 0.500275 0.46954 0.963087 0.55977
80 0.498324 0.499425 0.971672 0.5
52 0.499494 0.475862 0.96777 0.548276
105 0.498324 0.498563 0.970111 0.501724
81 0.494812 0.472486 0.98494 0.553879
42 0.499494 0.475862 0.96777 0.548276
54 0.498324 0.498563 0.970111 0.501724
108 0.498324 0.498563 0.970111 0.501724
53 0.498324 0.498563 0.970111 0.501724
80 0.500665 0.484555 0.957624 0.523994
105 0.49286 0.47579 0.98416 0.546121
81 0.495592 0.5 0.969331 0.497701
52 0.497933 0.482256 0.958405 0.536638
54 0.494031 0.497701 0.966209 0.501149
80 0.499494 0.498851 0.977136 0.503448
105 0.494812 0.472126 0.986501 0.552299
52 0.502616 0.478161 0.961526 0.545977
53 0.502616 0.478161 0.961526 0.545977
81 0.497543 0.496049 0.973233 0.509052
54 0.497543 0.496049 0.973233 0.509052
108 0.497543 0.496049 0.973233 0.509052
80 0.504567 0.487284 0.965429 0.528879
105 0.501836 0.477874 0.959966 0.545402
81 0.498714 0.496839 0.966209 0.507471
52 0.498714 0.496839 0.966209 0.507471
53 0.501836 0.477874 0.959966 0.545402
104 0.498714 0.496839 0.966209 0.507471
10 0.498714 0.496839 0.966209 0.507471
80 0.489348 0.506896 0.975575 0.487356
105 0.500665 0.474713 0.960746 0.549425
52 0.500665 0.474713 0.960746 0.549425
81 0.500665 0.474713 0.960746 0.549425
53 0.500665 0.474713 0.960746 0.549425
32 0.500665 0.474713 0.960746 0.549425
104 0.500665 0.474713 0.960746 0.549425
80 0.488568 0.506322 0.977136 0.483908
105 0.499884 0.479023 0.959185 0.541954
52 0.499884 0.479023 0.959185 0.541954
103 0.110728 0.050431 0.221455 0.100862
81 0.499884 0.479023 0.959185 0.541954
104 0.499884 0.479023 0.959185 0.541954
103 0.190042 0.0698276 0.380084 0.139655
80 0.498714 0.500575 0.975575 0.496552
52 0.503397 0.481537 0.964648 0.538075
105 0.503397 0.481537 0.964648 0.538075
103 0.27082 0.0715517 0.541639 0.143103
103 0.145166 0.0534483 0.290331 0.106897
80 0.496372 0.500575 0.975575 0.497701
52 0.500275 0.478448 0.963087 0.541954
105 0.500275 0.478448 0.963087 0.541954
80 0.503787 0.481322 0.962307 0.533908
52 0.497543 0.499713 0.973233 0.500575
105 0.496372 0.47069 0.981818 0.557471
54 0.497543 0.499713 0.973233 0.500575
80 0.499104 0.5 0.974794 0.498851
52 0.505738 0.48908 0.964648 0.518391
105 0.501055 0.47069 0.978697 0.55977
54 0.499494 0.498851 0.972453 0.503448
104 0.500275 0.47421 0.978697 0.545833
80 0.497933 0.496264 0.970892 0.501724
52 0.499884 0.474425 0.979477 0.544253
105 0.501055 0.471839 0.980257 0.556322
54 0.498714 0.498276 0.969331 0.503448
80 0.494812 0.499138 0.970892 0.500575
52 0.497933 0.472414 0.980257 0.551724
105 0.497153 0.470115 0.981818 0.556322
80 0.496372 0.499138 0.974014 0.501724
105 0.500275 0.46954 0.981818 0.558621
52 0.502616 0.476437 0.961526 0.545977
104 0.500275 0.46954 0.981818 0.558621
81 0.502616 0.476437 0.961526 0.545977
80 0.496372 0.498851 0.977136 0.502299
52 0.500275 0.470187 0.978697 0.557328
105 0.499494 0.468678 0.980257 0.556897
48 0.499494 0.468678 0.980257 0.556897
80 0.490909 0.503161 0.969331 0.48908
52 0.496763 0.470402 0.981038 0.556897
105 0.498324 0.468966 0.982599 0.557471
54 0.496372 0.497126 0.974014 0.504598
80 0.490909 0.503161 0.969331 0.49023
52 0.499884 0.483046 0.965429 0.532759
105 0.501836 0.47694 0.959966 0.544971
54 0.494812 0.498563 0.974014 0.499425
80 0.490129 0.502874 0.970892 0.490805
52 0.495592 0.499425 0.975575 0.498851
105 0.501836 0.476149 0.963087 0.546552
54 0.495592 0.499425 0.975575 0.498851
80 0.490909 0.503161 0.969331 0.49023
52 0.496372 0.497701 0.974014 0.501149
105 0.497153 0.464655 0.983379 0.561494
48 0.497153 0.464655 0.983379 0.561494
54 0.496372 0.497701 0.974014 0.501149
80 0.489348 0.501724 0.969331 0.490805
52 0.494031 0.495115 0.972453 0.506322
105 0.493251 0.46444 0.983379 0.560776
48 0.493251 0.46444 0.983379 0.560776
54 0.494031 0.495115 0.972453 0.506322
80 0.490129 0.502874 0.96777 0.489655
52 0.493251 0.496552 0.970892 0.503448
48 0.493251 0.467529 0.981818 0.556897
105 0.493251 0.467529 0.981818 0.556897
54 0.493251 0.496552 0.970892 0.503448
80 0.490909 0.503161 0.96777 0.48908
52 0.495592 0.472701 0.966209 0.55
105 0.493251 0.467744 0.981818 0.556466
48 0.493251 0.467744 0.981818 0.556466
54 0.494031 0.495977 0.970892 0.504598
80 0.491299 0.502874 0.96699 0.488506
52 0.494031 0.495115 0.969331 0.506322
105 0.49169 0.467816 0.981818 0.556322
48 0.49169 0.467816 0.981818 0.556322
80 0.49169 0.504023 0.96777 0.487356
52 0.495592 0.495402 0.972453 0.504598
105 0.494031 0.467816 0.981818 0.554023
48 0.494031 0.467816 0.981818 0.554023
54 0.495592 0.495402 0.972453 0.504598
80 0.49208 0.504023 0.96699 0.487356
52 0.494812 0.495402 0.970892 0.505747
105 0.494031 0.468103 0.981818 0.554598
48 0.494031 0.468103 0.981818 0.554598
54 0.494812 0.495402 0.970892 0.505747
80 0.49247 0.504023 0.966209 0.488506
52 0.494031 0.49569 0.969331 0.505172
105 0.494031 0.468391 0.981818 0.556322
54 0.494031 0.49569 0.969331 0.505172
48 0.494031 0.468391 0.981818 0.556322
80 0.49247 0.471336 0.981818 0.55158
52 0.49247 0.495977 0.969331 0.504598
105 0.49247 0.468678 0.981818 0.556897
54 0.49247 0.495977 0.969331 0.504598
80 0.49247 0.471552 0.981818 0.551149
52 0.49247 0.495977 0.969331 0.504598
54 0.49247 0.495977 0.969331 0.504598
105 0.49208 0.468678 0.982599 0.556897
80 0.49169 0.472126 0.983379 0.552299
52 0.49169 0.495977 0.970892 0.504598
54 0.49169 0.495977 0.970892 0.504598
105 0.49169 0.469253 0.983379 0.558046
80 0.497933 0.482112 0.958405 0.533477
52 0.490909 0.496839 0.970892 0.504023
54 0.490909 0.496839 0.970892 0.504023
105 0.49169 0.469828 0.983379 0.556897
80 0.497933 0.483046 0.958405 0.531609
52 0.490909 0.496839 0.969331 0.502874
54 0.490909 0.496839 0.969331 0.502874
80 0.497933 0.481681 0.958405 0.53319
52 0.490909 0.496839 0.969331 0.504023
54 0.490909 0.496839 0.969331 0.504023
80 0.497543 0.479598 0.959185 0.539655
52 0.49169 0.496552 0.969331 0.503448
54 0.49169 0.496552 0.969331 0.503448
80 0.497153 0.479598 0.959966 0.539655
52 0.491299 0.496552 0.970111 0.503448
54 0.491299 0.496552 0.970111 0.503448
105 0.49169 0.470402 0.983379 0.556897
80 0.497153 0.478448 0.959966 0.541954
52 0.49169 0.496839 0.970892 0.504023
54 0.49169 0.496839 0.970892 0.504023
80 0.497153 0.477012 0.959966 0.544828
52 0.49169 0.497126 0.970892 0.503448
54 0.49169 0.497126 0.970892 0.503448
80 0.490129 0.506034 0.970892 0.484483
52 0.49208 0.497414 0.971672 0.504023
54 0.49208 0.497414 0.971672 0.504023
80 0.489348 0.506322 0.970892 0.485058
52 0.49247 0.497701 0.972453 0.503448
54 0.49247 0.497701 0.972453 0.503448
105 0.49247 0.469612 0.98494 0.558477
80 0.489348 0.506322 0.972453 0.485058
52 0.49247 0.497988 0.972453 0.502874
54 0.49247 0.497988 0.972453 0.502874
105 0.49247 0.469828 0.98494 0.559195
80 0.489348 0.506322 0.972453 0.485058
52 0.49208 0.497701 0.973233 0.502299
54 0.49208 0.497701 0.973233 0.502299
105 0.49286 0.469828 0.98416 0.559195
80 0.488958 0.506322 0.973233 0.485058
52 0.49169 0.497701 0.974014 0.501149
54 0.49169 0.497701 0.974014 0.501149
105 0.493251 0.469253 0.98494 0.558046
80 0.488958 0.506322 0.973233 0.485058
52 0.49247 0.497701 0.974014 0.501149
54 0.49247 0.497701 0.974014 0.501149
105 0.493641 0.468966 0.98416 0.558621
80 0.488568 0.506609 0.972453 0.484483
52 0.49247 0.498276 0.975575 0.5
54 0.49247 0.498276 0.975575 0.5
105 0.494031 0.469253 0.98494 0.558046
80 0.488568 0.506322 0.972453 0.483908
52 0.49247 0.498276 0.975575 0.5
54 0.49247 0.498276 0.975575 0.5
105 0.493251 0.469253 0.98494 0.558046
80 0.488568 0.506609 0.972453 0.484483
52 0.49247 0.498563 0.974014 0.499425
54 0.49247 0.498563 0.974014 0.499425
105 0.493251 0.469468 0.98494 0.557615
80 0.488568 0.506609 0.970892 0.484483
52 0.49247 0.498276 0.974014 0.5
54 0.49247 0.498276 0.974014 0.5
105 0.493251 0.468966 0.98494 0.557471
80 0.488568 0.506609 0.972453 0.484483
52 0.49247 0.498276 0.975575 0.5
54 0.49247 0.498276 0.975575 0.5
105 0.493251 0.468894 0.98494 0.557615
80 0.488568 0.506322 0.972453 0.483908
52 0.49247 0.498276 0.974014 0.5
54 0.49247 0.498276 0.974014 0.5
105 0.493251 0.468678 0.98494 0.558046
80 0.488568 0.506322 0.972453 0.485058
52 0.49286 0.498276 0.974794 0.5
54 0.49286 0.498276 0.974794 0.5
105 0.493251 0.468966 0.98494 0.558621
104 0.493251 0.468966 0.98494 0.558621
80 0.488568 0.506609 0.972453 0.484483
52 0.49286 0.498276 0.974794 0.5
54 0.49286 0.498276 0.974794 0.5
105 0.493251 0.469253 0.98494 0.558046
104 0.493251 0.469253 0.98494 0.558046
80 0.488568 0.506609 0.972453 0.484483
52 0.49286 0.498563 0.974794 0.499425
54 0.49286 0.498563 0.974794 0.499425
105 0.493251 0.469037 0.98494 0.558477
104 0.493251 0.469037 0.98494 0.558477
80 0.488568 0.506322 0.972453 0.483908
52 0.49286 0.498563 0.974794 0.499425
54 0.49286 0.498563 0.974794 0.499425
105 0.493251 0.468966 0.98494 0.558621
104 0.493251 0.468966 0.98494 0.558621
80 0.488568 0.506322 0.972453 0.483908
52 0.49286 0.498276 0.974794 0.498851
54 0.49286 0.498276 0.974794 0.498851
105 0.49286 0.468966 0.985721 0.558621
104 0.49286 0.468966 0.985721 0.558621
80 0.488178 0.506322 0.973233 0.483908
52 0.49247 0.498276 0.975575 0.498851
54 0.49247 0.498276 0.975575 0.498851
105 0.49286 0.468678 0.985721 0.558046
104 0.49286 0.468678 0.985721 0.558046
80 0.488178 0.506322 0.973233 0.483908
52 0.49247 0.498276 0.975575 0.498851
54 0.49247 0.498276 0.975575 0.498851
105 0.49286 0.468463 0.985721 0.558477
104 0.49286 0.468463 0.985721 0.558477
80 0.488568 0.506322 0.974014 0.483908
52 0.49247 0.498276 0.975575 0.498851
54 0.49247 0.498276 0.975575 0.498851
105 0.49286 0.468391 0.985721 0.558621
104 0.49286 0.468391 0.985721 0.558621
80 0.488568 0.506322 0.974014 0.483908
52 0.493251 0.498276 0.975575 0.498851
54 0.493251 0.498276 0.975575 0.498851
105 0.493251 0.467816 0.98494 0.558621
104 0.493251 0.467816 0.98494 0.558621
80 0.488568 0.506322 0.974014 0.483908
52 0.49247 0.497989 0.975575 0.498276
54 0.49247 0.497989 0.975575 0.498276
105 0.49286 0.467744 0.985721 0.558764
104 0.49286 0.467744 0.985721 0.558764
80 0.488568 0.506322 0.974014 0.483908
52 0.49247 0.498276 0.975575 0.498851
54 0.49247 0.498276 0.975575 0.498851
105 0.49286 0.468103 0.985721 0.559195
80 0.488568 0.506322 0.974014 0.483908
52 0.493251 0.497989 0.975575 0.498276
54 0.493251 0.497989 0.975575 0.498276
105 0.49247 0.467744 0.98494 0.558764
80 0.488568 0.506322 0.974014 0.483908
52 0.49247 0.497989 0.975575 0.498276
54 0.49247 0.497989 0.975575 0.498276
105 0.49247 0.467529 0.98494 0.559195
80 0.488958 0.506322 0.973233 0.483908
52 0.49247 0.497989 0.975575 0.498276
54 0.49247 0.497989 0.975575 0.498276
105 0.49247 0.467529 0.98494 0.559195
80 0.488958 0.506609 0.973233 0.483333
52 0.49247 0.498276 0.975575 0.497701
54 0.49247 0.498276 0.975575 0.497701
105 0.49247 0.467529 0.98494 0.559195
104 0.49247 0.467529 0.98494 0.559195
80 0.488958 0.506322 0.973233 0.483908
52 0.49247 0.498276 0.975575 0.497701
54 0.49247 0.498276 0.975575 0.497701
105 0.49247 0.467529 0.98494 0.559195
80 0.488958 0.506322 0.973233 0.483908
52 0.49286 0.498276 0.974794 0.497701
54 0.49286 0.498276 0.974794 0.497701
80 0.489348 0.506322 0.972453 0.483908
52 0.49286 0.497989 0.974794 0.498276
54 0.49286 0.497989 0.974794 0.498276
80 0.489348 0.506322 0.972453 0.483908
52 0.493251 0.498276 0.975575 0.498851
54 0.493251 0.498276 0.975575 0.498851
104 0.494031 0.471839 0.98494 0.552874
80 0.489348 0.506322 0.972453 0.483908
52 0.493251 0.498563 0.975575 0.499425
54 0.493251 0.498563 0.975575 0.499425
104 0.494031 0.471552 0.983379 0.552299
80 0.489348 0.506322 0.972453 0.483908
52 0.494031 0.498276 0.975575 0.498851
54 0.494031 0.498276 0.975575 0.498851
104 0.494031 0.471552 0.983379 0.552299
80 0.489348 0.506322 0.972453 0.483908
52 0.493251 0.498563 0.975575 0.499425
54 0.493251 0.498563 0.975575 0.499425
104 0.493641 0.471839 0.98416 0.552874
80 0.489738 0.506322 0.973233 0.483908
52 0.493251 0.498276 0.975575 0.5
54 0.493251 0.498276 0.975575 0.5
104 0.494031 0.471767 0.983379 0.553017
80 0.489348 0.506322 0.974014 0.483908
52 0.493251 0.498276 0.975575 0.5
54 0.493251 0.498276 0.975575 0.5
104 0.493641 0.471264 0.98416 0.552874
80 0.489348 0.506322 0.974014 0.483908
52 0.493251 0.497988 0.975575 0.500575
54 0.493251 0.497988 0.975575 0.500575
104 0.493641 0.471264 0.98416 0.554023
80 0.489348 0.506322 0.974014 0.483908
52 0.493251 0.497701 0.975575 0.501149
54 0.493251 0.497701 0.975575 0.501149
104 0.493641 0.470977 0.98416 0.553448
80 0.489738 0.506322 0.973233 0.483908
52 0.49286 0.497701 0.974794 0.501149
54 0.49286 0.497701 0.974794 0.501149
104 0.493251 0.471193 0.983379 0.554167
80 0.489738 0.506034 0.973233 0.484483
52 0.49286 0.497701 0.974794 0.501149
54 0.49286 0.497701 0.974794 0.501149
104 0.493251 0.470977 0.983379 0.554598
80 0.489738 0.506034 0.973233 0.484483
52 0.49286 0.497414 0.974794 0.501724
54 0.49286 0.497414 0.974794 0.501724
104 0.493251 0.470762 0.983379 0.555029
80 0.489738 0.506034 0.973233 0.484483
52 0.49286 0.497126 0.974794 0.501149
54 0.49286 0.497126 0.974794 0.501149
104 0.493251 0.47069 0.983379 0.555172
80 0.490129 0.505747 0.974014 0.485058
52 0.493251 0.496839 0.975575 0.501724
54 0.493251 0.496839 0.975575 0.501724
104 0.493251 0.470762 0.983379 0.555029
80 0.490129 0.505747 0.974014 0.485058
52 0.493251 0.497126 0.975575 0.502299
54 0.493251 0.497126 0.975575 0.502299
104 0.493251 0.47069 0.983379 0.555172
80 0.490129 0.505747 0.974014 0.485058
52 0.493251 0.496552 0.975575 0.502299
54 0.493251 0.496552 0.975575 0.502299
104 0.493251 0.470762 0.983379 0.555029
80 0.490129 0.505747 0.974014 0.485058
52 0.493251 0.496552 0.975575 0.502299
54 0.493251 0.496552 0.975575 0.502299
104 0.493251 0.47069 0.983379 0.555172
80 0.490129 0.505747 0.974014 0.485058
52 0.493251 0.496552 0.975575 0.502299
54 0.493251 0.496552 0.975575 0.502299
104 0.493251 0.470762 0.983379 0.555029
80 0.490129 0.505747 0.974014 0.485058
52 0.49286 0.496839 0.974794 0.501724
54 0.49286 0.496839 0.974794 0.501724
104 0.493251 0.47069 0.983379 0.555172
80 0.490129 0.505747 0.974014 0.485058
52 0.49286 0.496839 0.974794 0.501724
54 0.49286 0.496839 0.974794 0.501724
104 0.493251 0.47069 0.983379 0.555172
80 0.490129 0.505747 0.974014 0.485058
52 0.49286 0.496552 0.974794 0.502299
54 0.49286 0.496552 0.974794 0.502299
104 0.493251 0.47069 0.983379 0.555172
80 0.490129 0.506034 0.974014 0.485632
52 0.493251 0.496839 0.975575 0.501724
54 0.493251 0.496839 0.975575 0.501724
104 0.493251 0.47069 0.983379 0.555172
80 0.490129 0.506034 0.974014 0.485632
52 0.493251 0.496552 0.975575 0.502299
54 0.493251 0.496552 0.975575 0.502299
104 0.493251 0.470618 0.983379 0.555316
80 0.490129 0.506034 0.974014 0.485632
52 0.493251 0.496552 0.975575 0.502299
54 0.493251 0.496552 0.975575 0.502299
104 0.493251 0.470618 0.983379 0.555316
105 0.49208 0.466954 0.98416 0.559195
80 0.490129 0.506034 0.972453 0.485632
52 0.493641 0.496552 0.974794 0.502299
54 0.493641 0.496552 0.974794 0.502299
104 0.493251 0.470618 0.983379 0.555316
105 0.49247 0.46717 0.98494 0.558764
80 0.490129 0.506034 0.972453 0.485632
52 0.494031 0.496552 0.975575 0.502299
54 0.494031 0.496552 0.975575 0.502299
104 0.493251 0.470618 0.983379 0.555316
105 0.49247 0.466667 0.98494 0.558621
80 0.490129 0.506034 0.972453 0.485632
52 0.494031 0.496264 0.975575 0.502874
54 0.494031 0.496264 0.975575 0.502874
104 0.493641 0.470618 0.982599 0.555316
105 0.49247 0.466667 0.98494 0.558621
80 0.490519 0.506034 0.973233 0.485632
52 0.494031 0.496264 0.975575 0.502874
104 0.493251 0.470402 0.983379 0.555747
54 0.494031 0.496264 0.975575 0.502874
105 0.49247 0.466667 0.98494 0.558621
80 0.490519 0.505747 0.973233 0.486207
52 0.494031 0.496264 0.975575 0.502874
104 0.493641 0.470402 0.982599 0.555747
54 0.494031 0.496264 0.975575 0.502874
105 0.49286 0.466667 0.98416 0.558621
80 0.490519 0.505747 0.973233 0.486207
52 0.493641 0.495977 0.974794 0.503448
104 0.493641 0.470402 0.982599 0.555747
54 0.493641 0.495977 0.974794 0.503448
105 0.49286 0.466667 0.98416 0.558621
80 0.490129 0.505747 0.972453 0.486207
52 0.494031 0.49569 0.975575 0.502874
104 0.493641 0.470187 0.982599 0.556178
54 0.494031 0.49569 0.975575 0.502874
105 0.49286 0.466667 0.98416 0.558621
80 0.490129 0.505747 0.972453 0.486207
52 0.494031 0.49569 0.975575 0.502874
104 0.494031 0.470187 0.981818 0.556178
54 0.494031 0.49569 0.975575 0.502874
105 0.493251 0.466667 0.983379 0.558621
80 0.490129 0.505747 0.972453 0.486207
52 0.494031 0.495402 0.975575 0.503448
104 0.494031 0.470115 0.981818 0.556322
54 0.494031 0.495402 0.975575 0.503448
105 0.493251 0.466667 0.983379 0.558621
80 0.490129 0.505747 0.972453 0.486207
52 0.494031 0.495402 0.975575 0.503448
104 0.494031 0.470115 0.981818 0.556322
54 0.494031 0.495402 0.975575 0.503448
105 0.493251 0.466667 0.983379 0.558621
80 0.490129 0.505747 0.972453 0.486207
52 0.494031 0.495402 0.975575 0.503448
104 0.494031 0.470115 0.981818 0.556322
54 0.494031 0.495402 0.975575 0.503448
105 0.493251 0.466667 0.983379 0.558621
