48 0.500625 0.42167 0.927892 0.462336
49 0.500625 0.42167 0.927892 0.462336
54 0.500625 0.42167 0.927892 0.462336
109 0.500625 0.42167 0.927892 0.462336
17 0.498284 0.417031 0.924771 0.470524
50 0.500625 0.42167 0.927892 0.462336
79 0.500625 0.42167 0.927892 0.462336
84 0.500625 0.42167 0.927892 0.462336
76 0.500625 0.42167 0.927892 0.462336
68 0.498284 0.417031 0.924771 0.470524
104 0.500625 0.42167 0.927892 0.462336
110 0.500625 0.42167 0.927892 0.462336
103 0.498284 0.417031 0.924771 0.470524
67 0.500625 0.42167 0.927892 0.462336
53 0.499454 0.423513 0.917747 0.459743
42 0.50999 0.419214 0.915406 0.466157
81 0.500625 0.42167 0.927892 0.462336
101 0.500625 0.42167 0.927892 0.462336
74 0.500625 0.42167 0.927892 0.462336
99 0.494772 0.428766 0.939598 0.448144
95 0.50999 0.419214 0.915406 0.466157
14 0.50999 0.419214 0.915406 0.466157
16 0.498284 0.417031 0.924771 0.470524
97 0.500625 0.42167 0.927892 0.462336
56 0.498284 0.417031 0.924771 0.470524
73 0.498284 0.417031 0.924771 0.470524
46 0.508429 0.413482 0.909163 0.468886
66 0.508429 0.413482 0.909163 0.468886
41 0.500625 0.42167 0.927892 0.462336
78 0.498284 0.417031 0.924771 0.470524
77 0.500625 0.42167 0.927892 0.462336
47 0.499454 0.423513 0.917747 0.459743
111 0.498284 0.417031 0.924771 0.470524
34 0.508429 0.413482 0.909163 0.468886
33 0.508429 0.413482 0.909163 0.468886
51 0.500625 0.42167 0.927892 0.462336
11 0.500625 0.42167 0.927892 0.462336
21 0.500625 0.42167 0.927892 0.462336
102 0.500625 0.42167 0.927892 0.462336
80 0.498674 0.424672 0.947402 0.458515
100 0.498674 0.421875 0.945841 0.466294
105 0.50999 0.419214 0.915406 0.466157
75 0.498674 0.421875 0.945841 0.466294
6 0.500625 0.42167 0.927892 0.462336
5 0.508429 0.413482 0.909163 0.468886
108 0.500625 0.42167 0.927892 0.462336
7 0.508429 0.413482 0.909163 0.468886
12 0.508429 0.413482 0.909163 0.468886
0 0.50999 0.419214 0.915406 0.466157
4 0.500625 0.42167 0.927892 0.462336
19 0.50999 0.419214 0.915406 0.466157
13 0.508429 0.413482 0.909163 0.468886
15 0.500625 0.42167 0.927892 0.462336
8 0.50999 0.419214 0.915406 0.466157
28 0.498284 0.417031 0.924771 0.470524
38 0.498674 0.424672 0.947402 0.458515
22 0.498284 0.417031 0.924771 0.470524
31 0.50999 0.419214 0.915406 0.466157
24 0.500625 0.42167 0.927892 0.462336
9 0.50999 0.419214 0.915406 0.466157
88 0.498674 0.421875 0.945841 0.466294
29 0.508429 0.413482 0.909163 0.468886
36 0.50999 0.419214 0.915406 0.466157
48 0.494772 0.493996 0.967692 0.330786
109 0.494772 0.493996 0.967692 0.330786
52 0.498674 0.424672 0.947402 0.458515
72 0.499454 0.423513 0.917747 0.459743
26 0.50999 0.419214 0.915406 0.466157
55 0.508429 0.413482 0.909163 0.468886
95 0.494772 0.493996 0.967692 0.330786
84 0.494772 0.493996 0.967692 0.330786
79 0.494772 0.493996 0.967692 0.330786
53 0.494772 0.493996 0.967692 0.330786
92 0.50999 0.419214 0.915406 0.466157
67 0.494772 0.493996 0.967692 0.330786
65 0.498284 0.417031 0.924771 0.470524
101 0.494772 0.493996 0.967692 0.330786
78 0.486187 0.413482 0.938037 0.496179
104 0.486187 0.413482 0.938037 0.496179
81 0.486187 0.413482 0.938037 0.496179
105 0.488919 0.413824 0.916967 0.493313
80 0.488919 0.413824 0.916967 0.493313
108 0.488919 0.413824 0.916967 0.493313
66 0.488919 0.413824 0.916967 0.493313
79 0.488919 0.413824 0.916967 0.493313
56 0.488919 0.413824 0.916967 0.493313
75 0.488919 0.413824 0.916967 0.493313
74 0.488919 0.413824 0.916967 0.493313
41 0.488919 0.413824 0.916967 0.493313
33 0.488919 0.413824 0.916967 0.493313
54 0.486187 0.413482 0.938037 0.496179
84 0.488919 0.413824 0.916967 0.493313
111 0.488919 0.413824 0.916967 0.493313
17 0.488919 0.413824 0.916967 0.493313
109 0.488919 0.413824 0.916967 0.493313
103 0.486187 0.413482 0.938037 0.496179
95 0.488919 0.413824 0.916967 0.493313
110 0.486187 0.413482 0.938037 0.496179
46 0.486187 0.413482 0.938037 0.496179
99 0.492431 0.417576 0.931794 0.4869
48 0.488919 0.413824 0.916967 0.493313
42 0.488919 0.413824 0.916967 0.493313
73 0.488919 0.413824 0.916967 0.493313
53 0.486187 0.413482 0.938037 0.496179
97 0.488919 0.413824 0.916967 0.493313
52 0.488919 0.413824 0.916967 0.493313
68 0.486187 0.413482 0.938037 0.496179
67 0.488919 0.413824 0.916967 0.493313
21 0.488919 0.413824 0.916967 0.493313
47 0.47136 0.419487 0.914625 0.485262
101 0.486187 0.413482 0.938037 0.496179
76 0.486187 0.413482 0.938037 0.496179
102 0.488919 0.413824 0.916967 0.493313
77 0.488919 0.413824 0.916967 0.493313
34 0.486187 0.413482 0.938037 0.496179
31 0.492431 0.417576 0.931794 0.4869
16 0.486187 0.413482 0.938037 0.496179
50 0.486187 0.413482 0.938037 0.496179
35 0.488919 0.413824 0.916967 0.493313
28 0.478774 0.418395 0.890433 0.486354
108 0.201781 0.418668 0.312061 0.483624
72 0.488919 0.413824 0.916967 0.493313
6 0.486187 0.413482 0.938037 0.496179
33 0.201781 0.418668 0.312061 0.483624
11 0.488919 0.413824 0.916967 0.493313
78 0.201781 0.418668 0.312061 0.483624
49 0.478774 0.418395 0.890433 0.486354
14 0.488919 0.413824 0.916967 0.493313
2 0.486187 0.413482 0.938037 0.496179
104 0.214219 0.4186 0.341814 0.488128
100 0.494382 0.41437 0.949743 0.49768
45 0.488919 0.413824 0.916967 0.493313
79 0.214219 0.4186 0.341814 0.488128
9 0.488919 0.413824 0.916967 0.493313
105 0.214219 0.4186 0.341814 0.488128
74 0.201781 0.418668 0.312061 0.483624
81 0.214219 0.4186 0.341814 0.488128
32 0.488919 0.413824 0.916967 0.493313
1 0.488919 0.413824 0.916967 0.493313
105 0.506478 0.49072 0.978618 0.342795
17 0.214219 0.4186 0.341814 0.488128
79 0.506478 0.49072 0.978618 0.342795
66 0.201781 0.418668 0.312061 0.483624
75 0.495552 0.462404 0.987983 0.417986
74 0.495552 0.462404 0.987983 0.417986
108 0.495552 0.462404 0.987983 0.417986
33 0.495552 0.462404 0.987983 0.417986
68 0.495552 0.462404 0.987983 0.417986
79 0.495552 0.462404 0.987983 0.417986
97 0.495552 0.462404 0.987983 0.417986
95 0.495552 0.462404 0.987983 0.417986
52 0.495552 0.462404 0.987983 0.417986
80 0.495552 0.462404 0.987983 0.417986
84 0.495552 0.462404 0.987983 0.417986
81 0.492821 0.463974 0.984081 0.411572
76 0.495552 0.462404 0.987983 0.417986
56 0.497113 0.433884 0.977057 0.465202
99 0.495552 0.462404 0.987983 0.417986
66 0.495552 0.462404 0.987983 0.417986
109 0.495552 0.462404 0.987983 0.417986
17 0.495552 0.462404 0.987983 0.417986
54 0.495552 0.462404 0.987983 0.417986
48 0.495552 0.462404 0.987983 0.417986
53 0.497113 0.433884 0.977057 0.465202
104 0.495552 0.462404 0.987983 0.417986
41 0.489309 0.428493 0.972375 0.482533
56 0.49126 0.325328 0.974716 0.650655
52 0.494772 0.327238 0.987983 0.654476
42 0.485407 0.443845 0.958328 0.455104
108 0.494772 0.327238 0.987983 0.654476
105 0.501795 0.454694 0.973936 0.429039
68 0.49087 0.174127 0.972375 0.348253
49 0.501795 0.454694 0.973936 0.429039
81 0.494772 0.327238 0.987983 0.654476
95 0.49126 0.325328 0.974716 0.650655
50 0.495552 0.462404 0.987983 0.417986
78 0.492431 0.383188 0.977057 0.766376
104 0.49126 0.325328 0.974716 0.650655
77 0.501795 0.454694 0.973936 0.429039
68 0.49204 0.343886 0.973155 0.687773
111 0.495552 0.462404 0.987983 0.417986
101 0.501795 0.454694 0.973936 0.429039
78 0.492821 0.463974 0.984081 0.411572
79 0.494772 0.327238 0.987983 0.654476
110 0.495552 0.462404 0.987983 0.417986
48 0.49126 0.325328 0.974716 0.650655
80 0.494772 0.327238 0.987983 0.654476
100 0.495552 0.462404 0.987983 0.417986
67 0.495552 0.462404 0.987983 0.417986
48 0.488919 0.11074 0.96223 0.221479
74 0.494772 0.327238 0.987983 0.654476
53 0.49126 0.325328 0.974716 0.650655
73 0.492821 0.463974 0.984081 0.411572
68 0.498284 0.0907478 0.971594 0.181496
103 0.495552 0.462404 0.987983 0.417986
84 0.494772 0.327238 0.987983 0.654476
101 0.485407 0.176583 0.958328 0.353166
75 0.49126 0.325328 0.974716 0.650655
47 0.495552 0.462404 0.987983 0.417986
51 0.492821 0.463974 0.984081 0.411572
50 0.488919 0.11074 0.96223 0.221479
53 0.485407 0.176583 0.958328 0.353166
48 0.485407 0.176583 0.958328 0.353166
33 0.494772 0.327238 0.987983 0.654476
105 0.49126 0.325328 0.974716 0.650655
46 0.501795 0.454694 0.973936 0.429039
68 0.501795 0.0601801 0.956767 0.12036
53 0.488919 0.11074 0.96223 0.221479
50 0.49087 0.174127 0.972375 0.348253
102 0.49087 0.174127 0.972375 0.348253
54 0.494772 0.327238 0.987983 0.654476
101 0.49204 0.343886 0.973155 0.687773
48 0.501795 0.0601801 0.956767 0.12036
77 0.49204 0.343886 0.973155 0.687773
77 0.49087 0.174127 0.972375 0.348253
6 0.485407 0.443845 0.958328 0.455104
14 0.485407 0.443845 0.958328 0.455104
95 0.485407 0.176583 0.958328 0.353166
2 0.495552 0.462404 0.987983 0.417986
97 0.494772 0.327238 0.987983 0.654476
109 0.49204 0.343886 0.973155 0.687773
101 0.498284 0.0907478 0.971594 0.181496
66 0.494772 0.327238 0.987983 0.654476
50 0.501795 0.0601801 0.956767 0.12036
111 0.49126 0.325328 0.974716 0.650655
109 0.488919 0.11074 0.96223 0.221479
32 0.495552 0.462404 0.987983 0.417986
109 0.485407 0.176583 0.958328 0.353166
76 0.49126 0.325328 0.974716 0.650655
73 0.49126 0.325328 0.974716 0.650655
49 0.488919 0.11074 0.96223 0.221479
102 0.498284 0.0907478 0.971594 0.181496
100 0.488919 0.11074 0.96223 0.221479
49 0.485407 0.176583 0.958328 0.353166
110 0.49126 0.325328 0.974716 0.650655
52 0.485407 0.176583 0.958328 0.353166
101 0.501795 0.0601801 0.956767 0.12036
100 0.49087 0.174127 0.972375 0.348253
67 0.49204 0.343886 0.973155 0.687773
67 0.485407 0.176583 0.958328 0.353166
10 0.485407 0.443845 0.958328 0.455104
53 0.501795 0.0601801 0.956767 0.12036
76 0.498284 0.0907478 0.971594 0.181496
110 0.485407 0.176583 0.958328 0.353166
17 0.494772 0.327238 0.987983 0.654476
52 0.488919 0.11074 0.96223 0.221479
102 0.501795 0.454694 0.973936 0.429039
80 0.485407 0.176583 0.958328 0.353166
102 0.501795 0.0601801 0.956767 0.12036
49 0.501795 0.0601801 0.956767 0.12036
74 0.502576 0.423308 0.952084 0.478712
97 0.502576 0.423308 0.952084 0.478712
75 0.508039 0.421124 0.947402 0.483079
42 0.506087 0.427402 0.954426 0.46179
33 0.508039 0.421124 0.947402 0.483079
80 0.508039 0.421124 0.947402 0.483079
103 0.502576 0.423308 0.952084 0.478712
84 0.502576 0.423308 0.952084 0.478712
66 0.501795 0.440502 0.953645 0.463974
41 0.508039 0.421124 0.947402 0.483079
104 0.498674 0.456264 0.948963 0.420442
54 0.506087 0.427402 0.954426 0.46179
17 0.508039 0.421124 0.947402 0.483079
105 0.508039 0.421124 0.947402 0.483079
74 0.5852 0.461517 0.780592 0.417576
79 0.508039 0.421124 0.947402 0.483079
95 0.502576 0.423308 0.952084 0.478712
108 0.508039 0.421124 0.947402 0.483079
100 0.506087 0.427402 0.954426 0.46179
76 0.506087 0.427402 0.954426 0.46179
74 0.500235 0.502729 0.945841 0.337336
73 0.506087 0.427402 0.954426 0.46179
48 0.506087 0.427402 0.954426 0.46179
97 0.517949 0.353166 0.964102 0.345524
68 0.501795 0.433133 0.944281 0.473253
74 0.517949 0.353166 0.964102 0.345524
52 0.508039 0.421124 0.947402 0.483079
42 0.517949 0.353166 0.964102 0.345524
56 0.502576 0.423308 0.952084 0.478712
95 0.5852 0.461517 0.780592 0.417576
67 0.502576 0.423308 0.952084 0.478712
50 0.506087 0.427402 0.954426 0.46179
109 0.501795 0.433133 0.944281 0.473253
97 0.5852 0.461517 0.780592 0.417576
79 0.566568 0.474891 0.820978 0.377729
32 0.502576 0.423308 0.952084 0.478712
41 0.5852 0.461517 0.780592 0.417576
108 0.5852 0.461517 0.780592 0.417576
46 0.506087 0.427402 0.954426 0.46179
54 0.517949 0.353166 0.964102 0.345524
101 0.501795 0.433133 0.944281 0.473253
99 0.506087 0.427402 0.954426 0.46179
66 0.501795 0.509007 0.959888 0.318231
28 0.508039 0.421124 0.947402 0.483079
33 0.5852 0.461517 0.780592 0.417576
47 0.506087 0.427402 0.954426 0.46179
84 0.517949 0.353166 0.964102 0.345524
77 0.501795 0.433133 0.944281 0.473253
78 0.508039 0.421124 0.947402 0.483079
84 0.5852 0.461517 0.780592 0.417576
81 0.501795 0.440502 0.953645 0.463974
53 0.506087 0.427402 0.954426 0.46179
17 0.5852 0.461517 0.780592 0.417576
105 0.500235 0.502729 0.945841 0.337336
100 0.517949 0.353166 0.964102 0.345524
66 0.517949 0.353166 0.964102 0.345524
103 0.5852 0.461517 0.780592 0.417576
76 0.517949 0.353166 0.964102 0.345524
21 0.508039 0.421124 0.947402 0.483079
75 0.5852 0.461517 0.780592 0.417576
75 0.500235 0.502729 0.945841 0.337336
103 0.517949 0.353166 0.964102 0.345524
50 0.517949 0.353166 0.964102 0.345524
97 0.500235 0.502729 0.945841 0.337336
105 0.5852 0.461517 0.780592 0.417576
67 0.5852 0.461517 0.780592 0.417576
80 0.5852 0.461517 0.780592 0.417576
73 0.517949 0.353166 0.964102 0.345524
75 0.522866 0.32833 0.936477 0.295306
95 0.500235 0.502729 0.945841 0.337336
54 0.500235 0.502729 0.945841 0.337336
48 0.517949 0.353166 0.964102 0.345524
17 0.500235 0.502729 0.945841 0.337336
108 0.500235 0.502729 0.945841 0.337336
33 0.500235 0.502729 0.945841 0.337336
104 0.548619 0.510098 0.859998 0.309498
46 0.517949 0.353166 0.964102 0.345524
110 0.501795 0.433133 0.944281 0.473253
28 0.5852 0.461517 0.780592 0.417576
6 0.508039 0.421124 0.947402 0.483079
56 0.566568 0.474891 0.820978 0.377729
49 0.506087 0.427402 0.954426 0.46179
104 0.517949 0.353166 0.964102 0.345524
42 0.500235 0.502729 0.945841 0.337336
84 0.500235 0.502729 0.945841 0.337336
14 0.508039 0.421124 0.947402 0.483079
21 0.5852 0.461517 0.780592 0.417576
111 0.506087 0.427402 0.954426 0.46179
103 0.500235 0.502729 0.945841 0.337336
33 0.522866 0.32833 0.936477 0.295306
80 0.522866 0.32833 0.936477 0.295306
23 0.508039 0.421124 0.947402 0.483079
68 0.566568 0.474891 0.820978 0.377729
47 0.517949 0.353166 0.964102 0.345524
32 0.5852 0.461517 0.780592 0.417576
104 0.594663 0.417031 0.753864 0.4869
78 0.500235 0.502729 0.945841 0.337336
99 0.517949 0.353166 0.964102 0.345524
41 0.505697 0.426378 0.961449 0.496588
33 0.505697 0.426378 0.961449 0.496588
17 0.505697 0.426378 0.961449 0.496588
80 0.508039 0.422216 0.961449 0.495087
108 0.505697 0.426378 0.961449 0.496588
79 0.505697 0.426378 0.961449 0.496588
54 0.509599 0.424672 0.96301 0.498908
16 0.506478 0.427129 0.958328 0.501638
42 0.509599 0.424672 0.96301 0.498908
74 0.504917 0.426242 0.947402 0.489219
14 0.506478 0.427129 0.958328 0.501638
56 0.505697 0.426378 0.961449 0.496588
66 0.504917 0.426242 0.947402 0.489219
104 0.505697 0.426378 0.961449 0.496588
75 0.505697 0.426378 0.961449 0.496588
97 0.502576 0.420851 0.964571 0.49345
52 0.509599 0.424672 0.96301 0.498908
15 0.506478 0.427129 0.958328 0.501638
53 0.514047 0.422216 0.971906 0.487445
21 0.506478 0.427129 0.958328 0.501638
28 0.506478 0.427129 0.958328 0.501638
84 0.505697 0.426378 0.961449 0.496588
81 0.504917 0.426242 0.947402 0.489219
6 0.505697 0.426378 0.961449 0.496588
78 0.504917 0.426242 0.947402 0.489219
48 0.509599 0.424672 0.96301 0.498908
105 0.505697 0.426378 0.961449 0.496588
103 0.505697 0.426378 0.961449 0.496588
76 0.502576 0.420851 0.964571 0.49345
95 0.505697 0.426378 0.961449 0.496588
19 0.506478 0.427129 0.958328 0.501638
11 0.506478 0.427129 0.958328 0.501638
24 0.505697 0.426378 0.961449 0.496588
111 0.515998 0.428493 0.968004 0.492358
3 0.505697 0.426378 0.961449 0.496588
46 0.509599 0.424672 0.96301 0.498908
100 0.508039 0.422216 0.961449 0.495087
13 0.52989 0.454967 0.894335 0.41976
20 0.506478 0.427129 0.958328 0.501638
41 0.504137 0.424604 0.958328 0.469569
84 0.499064 0.418941 0.952865 0.478712
103 0.499064 0.418941 0.952865 0.478712
97 0.499064 0.418941 0.952865 0.478712
95 0.502576 0.420306 0.961449 0.480349
75 0.503356 0.421124 0.959888 0.486354
33 0.496333 0.419487 0.948963 0.488537
66 0.503356 0.421124 0.959888 0.486354
54 0.496333 0.419487 0.948963 0.488537
56 0.502576 0.420306 0.961449 0.480349
17 0.501405 0.423649 0.96379 0.48458
76 0.501795 0.420237 0.947402 0.478302
99 0.499064 0.418941 0.952865 0.478712
73 0.499064 0.418941 0.952865 0.478712
111 0.501795 0.420237 0.947402 0.478302
74 0.503356 0.421124 0.959888 0.486354
109 0.502576 0.420306 0.961449 0.480349
80 0.501795 0.420237 0.947402 0.478302
53 0.501795 0.420237 0.947402 0.478302
100 0.501795 0.420237 0.947402 0.478302
52 0.501795 0.420237 0.947402 0.478302
47 0.499064 0.418941 0.952865 0.478712
108 0.496333 0.419487 0.948963 0.488537
67 0.501795 0.420237 0.947402 0.478302
42 0.501795 0.420237 0.947402 0.478302
19 0.504137 0.424604 0.958328 0.469569
79 0.504137 0.424604 0.958328 0.469569
50 0.506868 0.424672 0.960669 0.485808
105 0.499064 0.418941 0.952865 0.478712
110 0.501795 0.420237 0.947402 0.478302
68 0.506868 0.424672 0.960669 0.485808
46 0.501795 0.420237 0.947402 0.478302
101 0.506868 0.424672 0.960669 0.485808
48 0.501795 0.420237 0.947402 0.478302
49 0.501795 0.420237 0.947402 0.478302
41 0.35391 0.420033 0.658655 0.479804
14 0.504137 0.424604 0.958328 0.469569
77 0.501795 0.420237 0.947402 0.478302
21 0.504137 0.424604 0.958328 0.469569
104 0.504137 0.424604 0.958328 0.469569
28 0.506868 0.424672 0.960669 0.485808
15 0.504137 0.424604 0.958328 0.469569
11 0.504137 0.424604 0.958328 0.469569
41 0.501015 0.420306 0.96301 0.474891
17 0.501015 0.420306 0.96301 0.474891
33 0.501015 0.420306 0.96301 0.474891
54 0.504527 0.418122 0.966912 0.475983
108 0.504527 0.418122 0.966912 0.475983
28 0.501015 0.420306 0.96301 0.474891
80 0.504527 0.418122 0.966912 0.475983
15 0.501015 0.420306 0.96301 0.474891
42 0.503356 0.421466 0.970814 0.482396
97 0.498674 0.420237 0.961449 0.489219
75 0.501015 0.420306 0.96301 0.474891
66 0.502186 0.432246 0.954426 0.453193
74 0.502186 0.432246 0.954426 0.453193
56 0.501015 0.420306 0.96301 0.474891
24 0.501015 0.420306 0.96301 0.474891
14 0.501015 0.420306 0.96301 0.474891
79 0.502186 0.432246 0.954426 0.453193
73 0.498674 0.420237 0.961449 0.489219
100 0.498674 0.420237 0.961449 0.489219
104 0.500625 0.420237 0.959108 0.475027
46 0.498674 0.420237 0.961449 0.489219
6 0.498674 0.420237 0.961449 0.489219
16 0.498674 0.420237 0.961449 0.489219
84 0.498674 0.420237 0.961449 0.489219
52 0.503356 0.421466 0.970814 0.482396
76 0.498674 0.420237 0.961449 0.489219
21 0.501015 0.420306 0.96301 0.474891
51 0.498674 0.420237 0.961449 0.489219
19 0.501015 0.420306 0.96301 0.474891
99 0.498674 0.420237 0.961449 0.489219
11 0.498674 0.420237 0.961449 0.489219
20 0.498674 0.420237 0.961449 0.489219
103 0.504137 0.421397 0.948963 0.471616
48 0.498674 0.420237 0.961449 0.489219
23 0.501015 0.420306 0.96301 0.474891
33 0.502576 0.427333 0.973936 0.468477
17 0.506087 0.420306 0.966912 0.490175
41 0.502576 0.427333 0.973936 0.468477
79 0.501015 0.424195 0.964571 0.492222
80 0.502576 0.426788 0.973936 0.465202
108 0.501015 0.424195 0.964571 0.492222
54 0.502576 0.426788 0.973936 0.465202
66 0.502576 0.422421 0.972375 0.492495
15 0.506868 0.421124 0.966912 0.485262
42 0.502576 0.425764 0.977057 0.491266
75 0.509365 0.427675 0.98127 0.469978
97 0.502576 0.427333 0.973936 0.468477
74 0.502576 0.422421 0.972375 0.492495
14 0.506868 0.421124 0.966912 0.485262
16 0.502576 0.427333 0.973936 0.468477
33 0.503356 0.422489 0.972375 0.49345
75 0.506087 0.425218 0.979398 0.485808
108 0.501015 0.422011 0.967692 0.488946
54 0.506087 0.425218 0.979398 0.485808
17 0.504917 0.418668 0.975496 0.474891
41 0.503356 0.422489 0.972375 0.49345
66 0.506478 0.41437 0.967692 0.481305
74 0.506478 0.41437 0.967692 0.481305
42 0.506087 0.425218 0.979398 0.485808
80 0.502966 0.425218 0.959108 0.485808
79 0.504917 0.418668 0.975496 0.474891
103 0.506087 0.425218 0.979398 0.485808
104 0.503356 0.422489 0.972375 0.49345
84 0.506087 0.425218 0.979398 0.485808
108 0.625878 0.446029 0.713283 0.445278
41 0.501015 0.419214 0.955206 0.4869
33 0.501015 0.419214 0.955206 0.4869
108 0.501015 0.419214 0.955206 0.4869
17 0.501015 0.419214 0.955206 0.4869
80 0.498284 0.418668 0.948182 0.492358
79 0.501015 0.419214 0.955206 0.4869
74 0.501015 0.419214 0.955206 0.4869
54 0.501795 0.420374 0.966132 0.49113
15 0.501015 0.419214 0.955206 0.4869
75 0.504917 0.417849 0.96301 0.485262
41 0.494772 0.426583 0.948963 0.476528
33 0.494772 0.426583 0.948963 0.476528
75 0.518339 0.426583 0.963321 0.487445
17 0.495162 0.426242 0.941939 0.481577
103 0.497893 0.425287 0.94272 0.475846
80 0.497893 0.425287 0.94272 0.475846
74 0.492431 0.423854 0.945841 0.480895
84 0.497893 0.425287 0.94272 0.475846
76 0.497893 0.425287 0.94272 0.475846
108 0.496333 0.427129 0.950524 0.473253
42 0.497893 0.425287 0.94272 0.475846
79 0.497893 0.425287 0.94272 0.475846
73 0.497893 0.425287 0.94272 0.475846
104 0.497893 0.425287 0.94272 0.475846
99 0.497893 0.425287 0.94272 0.475846
66 0.497893 0.425287 0.94272 0.475846
54 0.497893 0.425287 0.94272 0.475846
100 0.497893 0.425287 0.94272 0.475846
56 0.497893 0.425287 0.94272 0.475846
95 0.497893 0.425287 0.94272 0.475846
48 0.497893 0.425287 0.94272 0.475846
46 0.497893 0.425287 0.94272 0.475846
41 0.521071 0.419214 0.957859 0.495633
33 0.507258 0.420852 0.939598 0.497817
17 0.506478 0.424058 0.933355 0.485944
108 0.512331 0.42167 0.934135 0.49072
79 0.508819 0.423649 0.933355 0.486763
15 0.509209 0.417576 0.910723 0.490175
80 0.505307 0.420851 0.937257 0.492358
21 0.51038 0.410412 0.925551 0.511054
13 0.51038 0.417849 0.917747 0.495087
14 0.51116 0.41976 0.934916 0.496725
75 0.505307 0.420851 0.937257 0.492358
41 0.394881 0.416485 0.677385 0.481441
74 0.508819 0.423649 0.933355 0.486763
19 0.51038 0.417849 0.917747 0.495087
13 0.700797 0.410207 0.560325 0.502729
15 0.363665 0.337882 0.35352 0.139738
16 0.363665 0.337882 0.35352 0.139738
24 0.51038 0.417849 0.917747 0.495087
16 0.509209 0.417576 0.910723 0.490175
54 0.521071 0.419214 0.957859 0.495633
41 0.524973 0.422762 0.950055 0.488537
17 0.505697 0.419692 0.936477 0.488128
33 0.508039 0.422216 0.925551 0.49072
79 0.51116 0.419828 0.930233 0.486763
108 0.504137 0.419487 0.933355 0.483079
104 0.51116 0.419828 0.930233 0.486763
17 0.514282 0.489902 0.922429 0.348799
15 0.524973 0.422762 0.950055 0.488537
74 0.51116 0.419828 0.930233 0.486763
80 0.508039 0.422216 0.925551 0.49072
16 0.524973 0.422762 0.950055 0.488537
13 0.505697 0.419692 0.936477 0.488128
41 0.364445 0.42167 0.603247 0.486354
21 0.508039 0.422216 0.925551 0.49072
28 0.524973 0.422762 0.950055 0.488537
14 0.524973 0.422762 0.950055 0.488537
18 0.505697 0.419692 0.936477 0.488128
11 0.524973 0.422762 0.950055 0.488537
41 0.514282 0.489902 0.922429 0.348799
41 0.508039 0.425218 0.969253 0.4869
33 0.505697 0.419487 0.958328 0.488537
17 0.506087 0.422011 0.954426 0.476938
80 0.505697 0.417645 0.952084 0.490038
108 0.505697 0.419487 0.958328 0.488537
15 0.508039 0.425218 0.969253 0.4869
21 0.505697 0.419487 0.958328 0.488537
14 0.505697 0.419487 0.958328 0.488537
28 0.508039 0.425218 0.969253 0.4869
104 0.506087 0.422011 0.954426 0.476938
19 0.504917 0.423103 0.953645 0.485671
105 0.508429 0.142194 0.955986 0.284389
56 0.508039 0.425218 0.969253 0.4869
16 0.505697 0.419487 0.958328 0.488537
105 0.504917 0.0837882 0.969253 0.167576
11 0.505697 0.419487 0.958328 0.488537
41 0.504527 0.421943 0.959108 0.478166
17 0.509209 0.415666 0.96223 0.491812
33 0.508819 0.419282 0.958328 0.486763
104 0.504917 0.41976 0.959888 0.481441
80 0.508819 0.419282 0.958328 0.486763
79 0.504917 0.41976 0.959888 0.481441
16 0.514437 0.422216 0.971125 0.478712
108 0.508819 0.419282 0.958328 0.486763
74 0.509209 0.415666 0.96223 0.491812
14 0.514437 0.422216 0.971125 0.478712
15 0.504917 0.41976 0.959888 0.481441
21 0.504917 0.41976 0.959888 0.481441
41 0.500235 0.420579 0.934916 0.479804
33 0.505697 0.415666 0.952084 0.487445
17 0.498284 0.422967 0.941939 0.483761
80 0.505697 0.420306 0.948963 0.468341
15 0.517403 0.421943 0.953645 0.472707
104 0.498284 0.422967 0.941939 0.483761
75 0.498284 0.422967 0.941939 0.483761
108 0.498284 0.422967 0.941939 0.483761
41 0.509209 0.42167 0.960669 0.47762
33 0.501015 0.420579 0.947402 0.475437
17 0.51038 0.416553 0.956767 0.48458
15 0.509209 0.42167 0.960669 0.47762
73 0.509209 0.42167 0.960669 0.47762
41 0.506478 0.421397 0.950524 0.478166
17 0.51038 0.421329 0.961449 0.477211
15 0.506478 0.421397 0.950524 0.478166
100 0.51038 0.422762 0.958328 0.475437
56 0.51038 0.421329 0.961449 0.477211
28 0.51038 0.421329 0.961449 0.477211
33 0.51116 0.420851 0.956767 0.481441
48 0.504917 0.42167 0.941159 0.485262
101 0.509209 0.0509007 0.96223 0.101801
68 0.509209 0.0509007 0.96223 0.101801
73 0.504917 0.42167 0.941159 0.485262
33 0.501795 0.417508 0.958328 0.490311
41 0.49087 0.422557 0.959888 0.487855
17 0.499454 0.420237 0.966132 0.488128
80 0.500235 0.422762 0.958328 0.488537
97 0.500235 0.422762 0.958328 0.488537
15 0.508975 0.425491 0.982051 0.481987
56 0.500235 0.422762 0.958328 0.488537
54 0.500235 0.422762 0.958328 0.488537
75 0.49087 0.422557 0.959888 0.487855
84 0.493991 0.423581 0.959888 0.490175
41 0.500235 0.420306 0.928673 0.471616
17 0.497893 0.419487 0.927112 0.489629
56 0.496333 0.419214 0.92399 0.473799
33 0.508039 0.421397 0.934916 0.473799
15 0.501015 0.42092 0.930233 0.474754
41 0.680506 0.459607 0.552521 0.409389
28 0.497113 0.423035 0.92399 0.475983
11 0.500235 0.420306 0.928673 0.471616
80 0.508039 0.421397 0.934916 0.473799
16 0.500235 0.420306 0.928673 0.471616
41 0.505697 0.422489 0.933355 0.482533
15 0.505697 0.422489 0.933355 0.482533
17 0.505307 0.423035 0.934135 0.475983
33 0.505307 0.423035 0.934135 0.475983
56 0.505307 0.423035 0.934135 0.475983
28 0.504137 0.421466 0.938037 0.482396
100 0.505307 0.423035 0.934135 0.475983
80 0.505307 0.423035 0.934135 0.475983
41 0.512721 0.424127 0.96301 0.479258
15 0.497893 0.423581 0.941159 0.477074
17 0.505697 0.427129 0.948963 0.473253
73 0.501405 0.423854 0.941939 0.481987
56 0.501405 0.423854 0.941939 0.481987
33 0.497893 0.423581 0.941159 0.477074
100 0.501405 0.423854 0.941939 0.481987
48 0.501405 0.423854 0.941939 0.481987
99 0.501405 0.423854 0.941939 0.481987
28 0.501405 0.423854 0.941939 0.481987
41 0.512721 0.418941 0.961449 0.485262
17 0.501015 0.419146 0.953645 0.488128
56 0.500235 0.421124 0.947402 0.489629
33 0.500235 0.421124 0.947402 0.489629
15 0.514672 0.419214 0.965351 0.4869
48 0.500235 0.421124 0.947402 0.489629
11 0.500235 0.421124 0.947402 0.489629
41 0.500235 0.420579 0.970814 0.487445
17 0.501795 0.42092 0.966132 0.494405
33 0.501015 0.428562 0.948963 0.485671
33 0.505697 0.418941 0.941159 0.490721
41 0.504137 0.417508 0.945841 0.488128
17 0.506478 0.418054 0.945841 0.484853
80 0.505307 0.414301 0.940378 0.501092
81 0.508429 0.0689138 0.9435 0.137828
105 0.508429 0.0689138 0.9435 0.137828
41 0.508819 0.423649 0.930233 0.48458
17 0.50999 0.421875 0.929453 0.485944
33 0.508819 0.421943 0.931794 0.484716
56 0.508819 0.421943 0.931794 0.484716
15 0.508819 0.423649 0.930233 0.48458
41 0.500625 0.421124 0.949743 0.481987
33 0.503356 0.419214 0.955206 0.4869
17 0.497113 0.420783 0.947402 0.488128
80 0.498674 0.423308 0.953645 0.487445
15 0.498674 0.423308 0.953645 0.487445
41 0.497893 0.422762 0.911504 0.479803
33 0.495552 0.422011 0.920869 0.485671
15 0.495552 0.422762 0.919308 0.481987
17 0.498674 0.421329 0.920869 0.484853
73 0.497113 0.423513 0.9037 0.478302
41 0.509599 0.42167 0.928673 0.485262
17 0.516623 0.423854 0.961449 0.486354
33 0.502966 0.418668 0.941939 0.487991
41 0.705869 0.417849 0.548619 0.488537
48 0.518574 0.424195 0.957547 0.483488
80 0.502966 0.418668 0.941939 0.487991
56 0.516623 0.423854 0.961449 0.486354
28 0.516623 0.423854 0.961449 0.486354
73 0.518574 0.424195 0.957547 0.483488
15 0.502186 0.4244 0.927892 0.485262
41 0.504917 0.415325 0.944281 0.496861
33 0.506868 0.416758 0.9435 0.488537
17 0.503746 0.42092 0.937257 0.487855
80 0.504137 0.419214 0.941159 0.483624
15 0.504917 0.415325 0.944281 0.496861
41 0.675044 0.414847 0.597784 0.497817
103 0.503746 0.42092 0.937257 0.487855
33 0.505697 0.420852 0.948963 0.485808
41 0.506478 0.422557 0.934916 0.485671
17 0.506478 0.422557 0.934916 0.485671
108 0.505697 0.420579 0.936477 0.481987
80 0.506478 0.418395 0.950524 0.486354
15 0.506478 0.418395 0.950524 0.486354
41 0.501795 0.412118 0.945841 0.501092
33 0.506868 0.415461 0.937257 0.488946
17 0.503746 0.420033 0.934135 0.488537
80 0.506868 0.415461 0.937257 0.488946
48 0.504137 0.418668 0.938037 0.481441
108 0.504137 0.418668 0.938037 0.481441
15 0.506868 0.415461 0.937257 0.488946
41 0.669483 0.40509 0.61983 0.515147
41 0.504137 0.422557 0.94272 0.488946
33 0.505697 0.418668 0.952084 0.492358
17 0.505697 0.418395 0.948963 0.497271
80 0.505697 0.418668 0.952084 0.492358
108 0.505697 0.418668 0.952084 0.492358
41 0.502576 0.421124 0.936477 0.486354
17 0.506478 0.419487 0.950524 0.492904
33 0.51038 0.421124 0.953645 0.48417
80 0.51038 0.421124 0.953645 0.48417
108 0.51038 0.421124 0.953645 0.48417
105 0.512721 0.0588155 0.956767 0.117631
48 0.505307 0.420579 0.946622 0.480895
41 0.497503 0.422421 0.9435 0.482669
33 0.504527 0.418395 0.960669 0.488537
17 0.504137 0.4186 0.955206 0.489219
80 0.504527 0.418395 0.960669 0.488537
15 0.497893 0.421397 0.944281 0.481441
97 0.504527 0.418395 0.960669 0.488537
81 0.514672 0.058065 0.96379 0.11613
33 0.512331 0.418122 0.954426 0.489083
41 0.504527 0.422557 0.935696 0.478029
17 0.512721 0.420374 0.950524 0.481305
80 0.503356 0.42167 0.941159 0.481987
97 0.503356 0.42167 0.941159 0.481987
41 0.509599 0.418668 0.947402 0.479258
17 0.509599 0.416007 0.941159 0.482396
33 0.509599 0.416007 0.941159 0.482396
81 0.500235 0.0597707 0.959888 0.119541
41 0.507648 0.415871 0.945061 0.491403
33 0.507258 0.416553 0.944281 0.483488
80 0.503746 0.420306 0.938818 0.478166
17 0.508429 0.420237 0.946622 0.484853
15 0.507258 0.416553 0.944281 0.483488
41 0.506478 0.418941 0.934916 0.48417
33 0.500625 0.421875 0.9435 0.477211
17 0.500625 0.421875 0.9435 0.477211
80 0.500625 0.419214 0.946622 0.479258
41 0.505697 0.420852 0.94272 0.479258
17 0.506478 0.419692 0.944281 0.482669
33 0.505697 0.420852 0.94272 0.479258
41 0.505697 0.420783 0.936477 0.479394
33 0.504917 0.419487 0.94272 0.475437
17 0.504917 0.419487 0.94272 0.475437
41 0.498674 0.420852 0.944281 0.479258
17 0.502576 0.417576 0.952084 0.479258
33 0.502576 0.417576 0.952084 0.479258
80 0.502576 0.417576 0.952084 0.479258
41 0.502966 0.416212 0.948182 0.486354
33 0.502966 0.416212 0.948182 0.486354
41 0.649681 0.416212 0.653192 0.491812
80 0.502966 0.416212 0.948182 0.486354
17 0.502966 0.416212 0.948182 0.486354
15 0.502966 0.416212 0.948182 0.486354
41 0.504917 0.417849 0.94272 0.489629
33 0.502966 0.420306 0.945061 0.482533
80 0.502966 0.420306 0.945061 0.482533
17 0.503356 0.421943 0.947402 0.480349
73 0.502966 0.420306 0.945061 0.482533
15 0.502966 0.420306 0.945061 0.482533
48 0.502966 0.420306 0.945061 0.482533
97 0.502966 0.420306 0.945061 0.482533
41 0.505697 0.424058 0.936477 0.481578
33 0.508039 0.420579 0.952084 0.48417
80 0.504137 0.422216 0.94272 0.480895
97 0.508039 0.420579 0.952084 0.48417
17 0.504137 0.422216 0.94272 0.480895
41 0.503746 0.423103 0.934135 0.476938
33 0.504137 0.422762 0.944281 0.479803
80 0.504137 0.422762 0.944281 0.479803
41 0.501795 0.421124 0.94272 0.481987
33 0.507648 0.420306 0.959108 0.482533
80 0.507648 0.420306 0.959108 0.482533
17 0.507648 0.420306 0.959108 0.482533
41 0.504137 0.4186 0.938037 0.484853
33 0.504137 0.416553 0.952084 0.487855
97 0.504137 0.416553 0.952084 0.487855
41 0.697675 0.402838 0.555643 0.519651
17 0.504137 0.416553 0.952084 0.487855
80 0.504137 0.416553 0.952084 0.487855
41 0.508039 0.422011 0.931794 0.482396
33 0.503356 0.418668 0.945841 0.485808
15 0.504917 0.419487 0.944281 0.486354
17 0.503356 0.418668 0.945841 0.485808
97 0.503356 0.418668 0.945841 0.485808
73 0.503356 0.418668 0.945841 0.485808
41 0.508039 0.420579 0.934916 0.481987
33 0.507258 0.419692 0.94272 0.485944
17 0.507648 0.421124 0.938818 0.485262
97 0.507258 0.419692 0.94272 0.485944
80 0.507258 0.419692 0.94272 0.485944
41 0.507258 0.420306 0.930233 0.4869
33 0.504137 0.417304 0.941159 0.491812
15 0.504137 0.417304 0.941159 0.491812
97 0.504137 0.417304 0.941159 0.491812
17 0.504917 0.420579 0.934916 0.486354
80 0.504137 0.417304 0.941159 0.491812
41 0.503356 0.416962 0.947402 0.490311
33 0.504137 0.41512 0.955206 0.492904
15 0.504137 0.41512 0.955206 0.492904
17 0.504917 0.420237 0.947402 0.483761
97 0.504137 0.41512 0.955206 0.492904
80 0.504917 0.420237 0.947402 0.483761
41 0.501015 0.421124 0.94272 0.483079
33 0.501795 0.412391 0.953645 0.498362
97 0.501795 0.412391 0.953645 0.498362
17 0.502966 0.406659 0.945061 0.512009
15 0.502966 0.406659 0.945061 0.512009
41 0.504137 0.419282 0.948963 0.488946
33 0.504137 0.417031 0.955206 0.491266
17 0.504137 0.417031 0.955206 0.491266
97 0.504137 0.417031 0.955206 0.491266
80 0.504137 0.417031 0.955206 0.491266
15 0.504137 0.417031 0.955206 0.491266
73 0.504137 0.417031 0.955206 0.491266
41 0.502186 0.418736 0.952865 0.485671
33 0.502576 0.422489 0.953645 0.481441
97 0.502576 0.4186 0.958328 0.489219
17 0.502576 0.4186 0.958328 0.489219
80 0.502576 0.4186 0.958328 0.489219
41 0.509599 0.419214 0.953645 0.484716
33 0.506088 0.422216 0.949743 0.483079
17 0.506088 0.422216 0.949743 0.483079
80 0.508429 0.417031 0.957547 0.49345
97 0.508429 0.417031 0.957547 0.49345
41 0.50999 0.416758 0.949743 0.488537
33 0.508039 0.421397 0.947402 0.483624
17 0.508039 0.421397 0.947402 0.483624
97 0.509599 0.415666 0.953645 0.493996
80 0.509599 0.415666 0.953645 0.493996
41 0.507648 0.412732 0.948182 0.49768
33 0.507648 0.412937 0.954426 0.499454
97 0.507648 0.412937 0.954426 0.499454
17 0.504917 0.420579 0.947402 0.48417
80 0.507648 0.412937 0.954426 0.499454
41 0.509599 0.414847 0.947402 0.495633
33 0.509599 0.414847 0.953645 0.495633
97 0.509599 0.414847 0.953645 0.495633
80 0.509599 0.414847 0.953645 0.495633
17 0.509599 0.414847 0.953645 0.495633
41 0.508429 0.420579 0.938818 0.48417
33 0.508039 0.416485 0.947402 0.494541
17 0.508039 0.416485 0.947402 0.494541
80 0.508039 0.416485 0.947402 0.494541
97 0.508039 0.416485 0.947402 0.494541
41 0.745669 0.459061 0.43312 0.402838
41 0.504137 0.422489 0.941159 0.480349
33 0.507648 0.417031 0.949743 0.49345
17 0.507648 0.417031 0.949743 0.49345
80 0.507648 0.417031 0.949743 0.49345
97 0.507648 0.417031 0.949743 0.49345
41 0.367567 0.424058 0.635243 0.479394
41 0.682847 0.436408 0.561886 0.454694
41 0.504137 0.418395 0.94272 0.489629
33 0.505697 0.418395 0.950524 0.489629
17 0.505697 0.418395 0.950524 0.489629
97 0.505697 0.418395 0.950524 0.489629
80 0.505697 0.418395 0.950524 0.489629
41 0.504917 0.418736 0.956767 0.488946
33 0.504917 0.418736 0.956767 0.488946
17 0.504917 0.418736 0.956767 0.488946
80 0.504917 0.418736 0.956767 0.488946
97 0.504917 0.418736 0.956767 0.488946
73 0.504917 0.418736 0.956767 0.488946
41 0.504917 0.418941 0.961449 0.487445
33 0.504917 0.418941 0.961449 0.487445
17 0.504917 0.418941 0.961449 0.487445
80 0.504917 0.418941 0.961449 0.487445
97 0.504917 0.418941 0.961449 0.487445
73 0.504917 0.418941 0.961449 0.487445
42 0.504917 0.418941 0.961449 0.487445
41 0.504137 0.418941 0.953645 0.488537
33 0.505307 0.418668 0.96223 0.487991
80 0.505307 0.418668 0.96223 0.487991
17 0.505307 0.418668 0.96223 0.487991
97 0.505307 0.418668 0.96223 0.487991
41 0.533792 0.479531 0.877166 0.3619
42 0.505307 0.418668 0.96223 0.487991
41 0.502966 0.421466 0.938818 0.482396
33 0.504917 0.418941 0.959888 0.487445
80 0.504917 0.418941 0.959888 0.487445
41 0.503746 0.417576 0.949743 0.492358
33 0.504137 0.417304 0.958328 0.488537
80 0.504137 0.417304 0.958328 0.488537
41 0.545498 0.471616 0.852194 0.378821
41 0.503356 0.420579 0.94272 0.481987
33 0.503746 0.416416 0.952865 0.491403
80 0.503746 0.416416 0.952865 0.491403
41 0.506478 0.421124 0.938037 0.480895
33 0.505697 0.416212 0.945841 0.49072
41 0.363275 0.420783 0.617294 0.475027
80 0.505697 0.416212 0.945841 0.49072
41 0.506478 0.415461 0.936476 0.495497
33 0.508039 0.405022 0.944281 0.515284
41 0.281918 0.42092 0.453801 0.476938
80 0.506478 0.416758 0.944281 0.491812
41 0.508039 0.422489 0.933355 0.482533
33 0.507258 0.417031 0.941159 0.491266
41 0.280943 0.42167 0.453411 0.47762
80 0.507258 0.417031 0.941159 0.491266
41 0.507258 0.422216 0.933355 0.481987
33 0.505697 0.416485 0.941159 0.492358
41 0.282309 0.42167 0.462385 0.476528
41 0.508429 0.406728 0.931014 0.511872
33 0.506087 0.417508 0.938818 0.490311
41 0.29538 0.420851 0.483066 0.474891
80 0.506087 0.417508 0.938818 0.490311
41 0.508039 0.409116 0.931794 0.508188
33 0.506087 0.418395 0.938818 0.488537
41 0.337912 0.421875 0.56969 0.476119
80 0.506087 0.418395 0.938818 0.488537
41 0.508039 0.409866 0.933355 0.507778
33 0.507258 0.419214 0.939598 0.4869
80 0.507258 0.419214 0.939598 0.4869
42 0.507258 0.419214 0.939598 0.4869
41 0.508039 0.409457 0.931794 0.508597
33 0.506478 0.419214 0.938037 0.4869
80 0.506478 0.419214 0.938037 0.4869
42 0.506478 0.419214 0.938037 0.4869
41 0.695334 0.414301 0.535352 0.496725
41 0.506868 0.422967 0.931014 0.480486
33 0.507258 0.419214 0.936476 0.4869
42 0.507258 0.419214 0.936476 0.4869
80 0.507258 0.419214 0.936476 0.4869
41 0.696114 0.416758 0.533792 0.489629
41 0.507258 0.422967 0.930233 0.480486
33 0.507258 0.419214 0.938037 0.4869
80 0.507258 0.419214 0.938037 0.4869
42 0.507258 0.419214 0.938037 0.4869
41 0.689871 0.419214 0.547839 0.484716
41 0.508039 0.422489 0.928673 0.480349
33 0.508429 0.419146 0.937257 0.487036
80 0.508039 0.418668 0.933355 0.485808
41 0.690261 0.424058 0.547058 0.475027
42 0.508429 0.419146 0.937257 0.487036
41 0.337717 0.422421 0.565398 0.476119
97 0.508429 0.419146 0.937257 0.487036
41 0.508039 0.422489 0.928673 0.480349
33 0.508429 0.419487 0.937257 0.486354
80 0.508039 0.418668 0.934916 0.485808
41 0.693773 0.426856 0.541596 0.469432
41 0.34318 0.422216 0.579445 0.476528
42 0.508429 0.419487 0.937257 0.486354
97 0.51116 0.413755 0.933355 0.497817
41 0.507258 0.422489 0.930233 0.480349
33 0.508039 0.41976 0.939598 0.485808
80 0.508039 0.41976 0.939598 0.485808
41 0.696895 0.429517 0.535352 0.46411
41 0.357812 0.422216 0.611831 0.476528
97 0.51116 0.414574 0.934916 0.496179
41 0.507258 0.422762 0.930233 0.480895
33 0.508819 0.419692 0.94272 0.485944
80 0.508819 0.419692 0.94272 0.485944
41 0.696504 0.425287 0.536133 0.472571
41 0.37342 0.422421 0.643828 0.476119
41 0.507258 0.422762 0.930233 0.480895
33 0.508819 0.419692 0.94272 0.485944
80 0.508819 0.419692 0.94272 0.485944
41 0.698455 0.420374 0.533792 0.482396
97 0.51116 0.413482 0.938037 0.498362
41 0.509599 0.408843 0.934916 0.508734
33 0.508819 0.420306 0.94272 0.484716
80 0.508819 0.420306 0.94272 0.484716
41 0.697675 0.42167 0.533792 0.480895
97 0.51116 0.414301 0.938037 0.496725
41 0.508819 0.409866 0.936477 0.506687
33 0.508819 0.420783 0.944281 0.483761
80 0.508819 0.420783 0.944281 0.483761
97 0.51077 0.414847 0.940379 0.495633
41 0.696895 0.421124 0.535352 0.481987
41 0.508819 0.410412 0.936477 0.505595
33 0.508819 0.420851 0.944281 0.483624
80 0.508039 0.419828 0.939598 0.48458
97 0.51116 0.415461 0.939598 0.494405
41 0.695334 0.42092 0.538474 0.483488
42 0.508819 0.420851 0.944281 0.483624
41 0.508819 0.410207 0.936477 0.506004
33 0.508819 0.42092 0.94272 0.483488
80 0.508039 0.41976 0.938037 0.483624
97 0.51116 0.415666 0.939598 0.493996
17 0.508819 0.42092 0.94272 0.483488
41 0.691432 0.418941 0.546278 0.487445
42 0.508819 0.42092 0.94272 0.483488
41 0.508819 0.411504 0.936477 0.504503
33 0.508819 0.421124 0.94272 0.483079
80 0.508039 0.419828 0.938037 0.483488
97 0.51077 0.416416 0.938818 0.492495
17 0.508819 0.421124 0.94272 0.483079
42 0.51077 0.416416 0.938818 0.492495
41 0.506868 0.422762 0.931014 0.480895
33 0.508819 0.421397 0.94272 0.482533
97 0.51038 0.416758 0.939598 0.491812
80 0.508039 0.420033 0.938037 0.483079
17 0.508819 0.421397 0.94272 0.482533
42 0.51038 0.416758 0.939598 0.491812
41 0.506868 0.422967 0.931014 0.480486
33 0.508039 0.421397 0.941159 0.482533
97 0.51077 0.416962 0.938818 0.491403
80 0.508039 0.420306 0.938037 0.482533
17 0.508039 0.421397 0.941159 0.482533
42 0.51077 0.416962 0.938818 0.491403
41 0.506478 0.422967 0.931794 0.480486
33 0.508039 0.421397 0.941159 0.482533
97 0.51038 0.417099 0.939598 0.49113
80 0.508039 0.420306 0.938037 0.482533
17 0.508039 0.421397 0.941159 0.482533
42 0.51038 0.417099 0.939598 0.49113
41 0.508039 0.42092 0.934916 0.48458
33 0.508819 0.421397 0.94272 0.482533
97 0.51116 0.416962 0.938037 0.491403
17 0.508819 0.421397 0.94272 0.482533
80 0.508039 0.420306 0.938037 0.482533
42 0.51116 0.416962 0.938037 0.491403
41 0.508429 0.42092 0.935696 0.48458
33 0.508819 0.421397 0.94272 0.482533
97 0.51194 0.416758 0.938037 0.491812
17 0.508819 0.421397 0.94272 0.482533
80 0.508429 0.420033 0.938818 0.483079
42 0.51194 0.416758 0.938037 0.491812
41 0.508819 0.420783 0.936477 0.484853
33 0.509599 0.421397 0.94272 0.482533
97 0.512721 0.416758 0.938037 0.491812
17 0.509599 0.421397 0.94272 0.482533
80 0.509209 0.420033 0.938818 0.483079
42 0.512721 0.416758 0.938037 0.491812
41 0.509209 0.420579 0.935696 0.485262
33 0.509599 0.421329 0.94272 0.482669
97 0.512721 0.416416 0.938037 0.492495
17 0.509599 0.421329 0.94272 0.482669
80 0.509599 0.420033 0.938037 0.483079
42 0.512721 0.416416 0.938037 0.492495
41 0.508819 0.420306 0.934916 0.485808
33 0.509599 0.421124 0.941159 0.483079
97 0.513501 0.416212 0.936476 0.492904
17 0.509599 0.421124 0.941159 0.483079
80 0.508819 0.419828 0.938037 0.483488
42 0.509599 0.421124 0.941159 0.483079
41 0.508819 0.420306 0.933355 0.485808
33 0.509599 0.421124 0.941159 0.483079
97 0.512721 0.416212 0.934916 0.492904
17 0.509599 0.421124 0.941159 0.483079
80 0.508819 0.419828 0.936477 0.483488
42 0.509599 0.421124 0.941159 0.483079
41 0.508819 0.420374 0.933355 0.485671
33 0.509599 0.421329 0.939598 0.482669
97 0.513111 0.416485 0.934135 0.492358
17 0.509599 0.421329 0.939598 0.482669
80 0.509599 0.421329 0.939598 0.482669
41 0.508819 0.420374 0.933355 0.485671
33 0.509599 0.421397 0.938037 0.482533
97 0.513501 0.416553 0.933355 0.492222
17 0.509599 0.421397 0.938037 0.482533
41 0.508819 0.420374 0.933355 0.485671
33 0.509599 0.421397 0.938037 0.482533
97 0.513501 0.416485 0.933355 0.492358
17 0.509599 0.421397 0.938037 0.482533
41 0.508819 0.420579 0.931794 0.485262
33 0.509209 0.421397 0.938818 0.482533
97 0.513501 0.416485 0.933355 0.492358
17 0.509209 0.421397 0.938818 0.482533
41 0.508819 0.420783 0.931794 0.484853
33 0.509599 0.421466 0.938037 0.482396
17 0.509599 0.421466 0.938037 0.482396
97 0.513501 0.416758 0.933355 0.491812
41 0.508819 0.420851 0.931794 0.484716
33 0.509209 0.42167 0.938818 0.481987
17 0.509209 0.42167 0.938818 0.481987
97 0.512721 0.416758 0.933355 0.491812
41 0.508429 0.420851 0.932575 0.484716
33 0.509209 0.42167 0.938818 0.481987
17 0.509209 0.42167 0.938818 0.481987
97 0.512721 0.416758 0.934916 0.491812
41 0.508429 0.42092 0.932575 0.48458
33 0.509209 0.42167 0.938818 0.481987
17 0.509209 0.42167 0.938818 0.481987
97 0.512721 0.416485 0.934916 0.492358
41 0.508039 0.420851 0.931794 0.484716
33 0.508819 0.42167 0.938037 0.481987
17 0.508819 0.42167 0.938037 0.481987
97 0.512721 0.416485 0.933355 0.492358
41 0.508429 0.420851 0.932575 0.484716
33 0.508819 0.42167 0.938037 0.481987
17 0.508819 0.42167 0.938037 0.481987
97 0.512721 0.416416 0.933355 0.492495
41 0.508429 0.420783 0.932575 0.484853
33 0.508819 0.421875 0.938037 0.481577
17 0.508819 0.421875 0.938037 0.481577
97 0.508819 0.421875 0.938037 0.481577
41 0.508429 0.420374 0.932575 0.485671
33 0.508819 0.42167 0.938037 0.481987
17 0.508819 0.42167 0.938037 0.481987
97 0.508819 0.42167 0.938037 0.481987
41 0.508429 0.420306 0.932575 0.485808
33 0.508429 0.42167 0.937257 0.481987
17 0.508429 0.42167 0.937257 0.481987
97 0.508429 0.42167 0.937257 0.481987
41 0.508039 0.420306 0.933355 0.485808
33 0.508819 0.42167 0.938037 0.481987
17 0.508819 0.42167 0.938037 0.481987
97 0.508819 0.42167 0.938037 0.481987
41 0.508039 0.420237 0.933355 0.485944
33 0.508039 0.421466 0.938037 0.482396
17 0.508039 0.421466 0.938037 0.482396
97 0.508039 0.421466 0.938037 0.482396
41 0.508039 0.420237 0.933355 0.485944
33 0.508039 0.421466 0.938037 0.482396
17 0.508039 0.421466 0.938037 0.482396
97 0.508039 0.421466 0.938037 0.482396
41 0.508039 0.420237 0.933355 0.485944
33 0.508039 0.421875 0.938037 0.482669
17 0.508039 0.421875 0.938037 0.482669
97 0.508039 0.421875 0.938037 0.482669
41 0.508039 0.420033 0.933355 0.486354
33 0.508039 0.421397 0.938037 0.482533
17 0.508039 0.421397 0.938037 0.482533
97 0.508039 0.421397 0.938037 0.482533
41 0.508039 0.41976 0.933355 0.4869
33 0.508039 0.421397 0.938037 0.482533
17 0.508039 0.421397 0.938037 0.482533
97 0.508039 0.421397 0.938037 0.482533
41 0.508039 0.41976 0.933355 0.4869
33 0.508039 0.421397 0.938037 0.482533
17 0.508039 0.421397 0.938037 0.482533
97 0.508039 0.421397 0.938037 0.482533
41 0.508039 0.41976 0.933355 0.4869
33 0.508039 0.421397 0.938037 0.482533
17 0.508039 0.421397 0.938037 0.482533
97 0.508039 0.421397 0.938037 0.482533
41 0.508039 0.419828 0.934916 0.486763
33 0.508039 0.421466 0.938037 0.482396
17 0.508039 0.421466 0.938037 0.482396
97 0.508039 0.421466 0.938037 0.482396
41 0.508039 0.419828 0.934916 0.486763
33 0.508039 0.421397 0.939598 0.482533
17 0.508039 0.421397 0.939598 0.482533
97 0.508039 0.421397 0.939598 0.482533
41 0.508039 0.419828 0.934916 0.486763
33 0.508039 0.42167 0.939598 0.483079
17 0.508039 0.42167 0.939598 0.483079
97 0.508039 0.42167 0.939598 0.483079
41 0.508039 0.41976 0.934916 0.4869
33 0.508039 0.421397 0.939598 0.482533
17 0.508039 0.421397 0.939598 0.482533
97 0.508039 0.421397 0.939598 0.482533
41 0.508039 0.419487 0.934916 0.487445
33 0.508429 0.42167 0.938818 0.483079
17 0.508429 0.42167 0.938818 0.483079
97 0.508429 0.42167 0.938818 0.483079
41 0.508039 0.419282 0.934916 0.487855
33 0.508039 0.421466 0.938037 0.483488
17 0.508039 0.421466 0.938037 0.483488
97 0.508039 0.421466 0.938037 0.483488
41 0.508039 0.419214 0.934916 0.487991
33 0.508039 0.421875 0.938037 0.483761
17 0.508039 0.421875 0.938037 0.483761
97 0.508039 0.421875 0.938037 0.483761
41 0.508039 0.419282 0.934916 0.487855
33 0.508039 0.42167 0.939598 0.483079
17 0.508039 0.42167 0.939598 0.483079
97 0.508039 0.42167 0.939598 0.483079
41 0.508039 0.419282 0.934916 0.487855
33 0.508039 0.421466 0.939598 0.483488
17 0.508039 0.421466 0.939598 0.483488
97 0.508039 0.421466 0.939598 0.483488
41 0.508039 0.419214 0.934916 0.487991
33 0.508429 0.421466 0.938818 0.483488
17 0.508429 0.421466 0.938818 0.483488
97 0.508429 0.421466 0.938818 0.483488
41 0.508039 0.419214 0.934916 0.487991
33 0.508039 0.421466 0.938037 0.483488
17 0.508039 0.421466 0.938037 0.483488
97 0.508039 0.421466 0.938037 0.483488
41 0.508039 0.419214 0.934916 0.487991
33 0.508039 0.421466 0.938037 0.483488
17 0.508039 0.421466 0.938037 0.483488
97 0.508039 0.421466 0.938037 0.483488
41 0.508039 0.419214 0.934916 0.487991
33 0.508429 0.421466 0.938818 0.483488
17 0.508429 0.421466 0.938818 0.483488
97 0.508429 0.421466 0.938818 0.483488
41 0.508039 0.419146 0.934916 0.488128
33 0.508039 0.421466 0.938037 0.483488
17 0.508039 0.421466 0.938037 0.483488
97 0.508039 0.421466 0.938037 0.483488
41 0.508429 0.419146 0.934135 0.488128
33 0.508429 0.42167 0.937257 0.48417
17 0.508429 0.42167 0.937257 0.48417
97 0.508429 0.42167 0.937257 0.48417
41 0.508429 0.419146 0.934135 0.488128
33 0.508819 0.423308 0.930233 0.480895
17 0.508429 0.42167 0.937257 0.48417
97 0.508429 0.42167 0.937257 0.48417
41 0.508819 0.419146 0.933355 0.488128
33 0.508819 0.423513 0.930233 0.480486
17 0.508429 0.42167 0.937257 0.48417
97 0.508429 0.42167 0.937257 0.48417
41 0.508819 0.418941 0.933355 0.488537
33 0.508819 0.423308 0.930233 0.480895
17 0.508819 0.42167 0.936477 0.48417
97 0.508819 0.42167 0.936477 0.48417
41 0.508819 0.418941 0.933355 0.488537
33 0.508819 0.423308 0.930233 0.480895
17 0.508819 0.421466 0.936477 0.48458
97 0.508819 0.421466 0.936477 0.48458
41 0.508819 0.418736 0.933355 0.488946
33 0.508819 0.423513 0.930233 0.480486
17 0.508819 0.421397 0.936477 0.484716
97 0.508819 0.421397 0.936477 0.484716
41 0.508039 0.418736 0.933355 0.488946
33 0.508819 0.423513 0.930233 0.480486
17 0.508819 0.421397 0.936477 0.484716
41 0.508039 0.4186 0.933355 0.489219
33 0.508429 0.423308 0.931014 0.480895
17 0.508819 0.421329 0.936477 0.484853
41 0.508429 0.418395 0.934135 0.489629
33 0.508429 0.423513 0.931014 0.480486
17 0.508819 0.421124 0.936477 0.485262
41 0.508429 0.418191 0.934135 0.490038
33 0.508429 0.423308 0.931014 0.480895
17 0.508429 0.421124 0.937257 0.485262
