50 0.501079 0.488479 0.975601 0.343318
50 0.482724 0.539171 0.937327 0.245392
48 0.501079 0.488479 0.975601 0.343318
53 0.497955 0.489631 0.969353 0.341014
95 0.496783 0.497408 0.96076 0.323157
68 0.496783 0.497408 0.96076 0.323157
101 0.497565 0.503456 0.970134 0.312212
49 0.501079 0.488479 0.975601 0.343318
47 0.511234 0.487327 0.947482 0.343318
48 0.463196 0.540323 0.917018 0.243088
49 0.482724 0.539171 0.937327 0.245392
46 0.496783 0.497408 0.96076 0.323157
54 0.490535 0.493088 0.956074 0.335253
79 0.501079 0.488479 0.975601 0.343318
100 0.501079 0.488479 0.975601 0.343318
84 0.501079 0.488479 0.975601 0.343318
81 0.497955 0.489631 0.969353 0.341014
111 0.501079 0.488479 0.975601 0.343318
110 0.496783 0.497408 0.96076 0.323157
17 0.501079 0.488479 0.975601 0.343318
77 0.501079 0.488479 0.975601 0.343318
104 0.496783 0.497408 0.96076 0.323157
67 0.496783 0.50288 0.963885 0.31106
33 0.496783 0.497408 0.96076 0.323157
109 0.490535 0.493088 0.956074 0.335253
76 0.501079 0.488479 0.975601 0.343318
108 0.496783 0.497408 0.96076 0.323157
73 0.496783 0.497408 0.96076 0.323157
75 0.501079 0.488479 0.975601 0.343318
74 0.496783 0.497408 0.96076 0.323157
68 0.463196 0.540323 0.917018 0.243088
26 0.501079 0.488479 0.975601 0.343318
42 0.501079 0.488479 0.975601 0.343318
54 0.484286 0.540323 0.934203 0.231567
103 0.497565 0.503456 0.970134 0.312212
53 0.484286 0.540323 0.934203 0.231567
66 0.501079 0.488479 0.975601 0.343318
102 0.501079 0.488479 0.975601 0.343318
99 0.482724 0.489343 0.931078 0.346198
15 0.511234 0.487327 0.947482 0.343318
97 0.496783 0.497408 0.96076 0.323157
16 0.511234 0.487327 0.947482 0.343318
14 0.497955 0.489631 0.969353 0.341014
109 0.484286 0.540323 0.934203 0.231567
56 0.496783 0.50288 0.963885 0.31106
76 0.482724 0.539171 0.937327 0.245392
100 0.482724 0.539171 0.937327 0.245392
95 0.463196 0.540323 0.917018 0.243088
105 0.496783 0.497408 0.96076 0.323157
104 0.484286 0.540323 0.934203 0.231567
79 0.484286 0.540323 0.934203 0.231567
102 0.463196 0.540323 0.917018 0.243088
51 0.501079 0.488479 0.975601 0.343318
46 0.463196 0.540323 0.917018 0.243088
41 0.496783 0.50288 0.963885 0.31106
4 0.490535 0.493088 0.956074 0.335253
42 0.482724 0.539171 0.937327 0.245392
111 0.482724 0.539171 0.937327 0.245392
28 0.501079 0.488479 0.975601 0.343318
110 0.463196 0.540323 0.917018 0.243088
38 0.511234 0.487327 0.947482 0.343318
7 0.482724 0.539171 0.937327 0.245392
14 0.482724 0.539171 0.937327 0.245392
17 0.482724 0.539171 0.937327 0.245392
78 0.490535 0.493088 0.956074 0.335253
75 0.463196 0.540323 0.917018 0.243088
7 0.511234 0.487327 0.947482 0.343318
65 0.496783 0.497408 0.96076 0.323157
0 0.497955 0.489631 0.969353 0.341014
74 0.484286 0.540323 0.934203 0.231567
101 0.458509 0.543635 0.907645 0.226094
26 0.482724 0.539171 0.937327 0.245392
31 0.496783 0.50288 0.963885 0.31106
11 0.496783 0.497408 0.96076 0.323157
5 0.513968 0.485599 0.951387 0.345622
66 0.482724 0.539171 0.937327 0.245392
84 0.484286 0.540323 0.934203 0.231567
34 0.501079 0.488479 0.975601 0.343318
12 0.488582 0.529378 0.959979 0.263825
13 0.501079 0.488479 0.975601 0.343318
67 0.458509 0.543635 0.907645 0.226094
21 0.496783 0.497408 0.96076 0.323157
52 0.484676 0.515553 0.947482 0.285714
108 0.463196 0.540323 0.917018 0.243088
94 0.488582 0.529378 0.959979 0.263825
77 0.482724 0.539171 0.937327 0.245392
16 0.482724 0.539171 0.937327 0.245392
15 0.482724 0.539171 0.937327 0.245392
36 0.502642 0.489343 0.977164 0.334677
38 0.482724 0.539171 0.937327 0.245392
99 0.485067 0.542771 0.917018 0.243952
80 0.513968 0.485599 0.951387 0.345622
81 0.484286 0.540323 0.934203 0.231567
73 0.463196 0.540323 0.917018 0.243088
72 0.497955 0.489631 0.969353 0.341014
22 0.501079 0.488479 0.975601 0.343318
2 0.497955 0.489631 0.969353 0.341014
101 0.63045 0.486751 0.718422 0.343318
53 0.644022 0.487039 0.686592 0.350806
105 0.463196 0.540323 0.917018 0.243088
51 0.482724 0.539171 0.937327 0.245392
5 0.482724 0.539171 0.937327 0.245392
88 0.482724 0.539171 0.937327 0.245392
95 0.63045 0.486751 0.718422 0.343318
65 0.463196 0.540323 0.917018 0.243088
71 0.501079 0.488479 0.975601 0.343318
97 0.484286 0.540323 0.934203 0.231567
73 0.63045 0.486751 0.718422 0.343318
92 0.501079 0.488479 0.975601 0.343318
11 0.463196 0.540323 0.917018 0.243088
48 0.500298 0.489631 0.992786 0.353687
111 0.506938 0.489631 0.963885 0.355991
50 0.504595 0.887673 0.987318 0.224654
99 0.500298 0.489631 0.992786 0.353687
48 0.506938 0.882488 0.976382 0.235023
50 0.500298 0.489631 0.992786 0.353687
111 0.506938 0.882488 0.976382 0.235023
102 0.500689 0.489343 0.990442 0.358871
101 0.504595 0.887673 0.987318 0.224654
46 0.506938 0.882488 0.976382 0.235023
68 0.506938 0.882488 0.976382 0.235023
110 0.506938 0.489631 0.963885 0.355991
101 0.500298 0.489631 0.992786 0.353687
109 0.500298 0.489631 0.992786 0.353687
68 0.506938 0.489631 0.963885 0.355991
46 0.506938 0.489631 0.963885 0.355991
53 0.503032 0.491647 0.96076 0.357719
67 0.499127 0.491071 0.970134 0.363479
50 0.503423 0.928571 0.986537 0.142857
75 0.500298 0.489631 0.992786 0.353687
103 0.506938 0.489631 0.963885 0.355991
95 0.500298 0.489631 0.992786 0.353687
110 0.504595 0.887673 0.987318 0.224654
49 0.504595 0.887673 0.987318 0.224654
54 0.506938 0.489631 0.963885 0.355991
56 0.506938 0.489631 0.963885 0.355991
84 0.500298 0.489631 0.992786 0.353687
99 0.505376 0.91273 0.973258 0.174539
100 0.506938 0.489631 0.963885 0.355991
77 0.500298 0.489631 0.992786 0.353687
73 0.504595 0.887673 0.987318 0.224654
73 0.503032 0.491647 0.96076 0.357719
47 0.500298 0.489631 0.992786 0.353687
67 0.506938 0.882488 0.976382 0.235023
102 0.504595 0.887673 0.987318 0.224654
100 0.504595 0.887673 0.987318 0.224654
76 0.506938 0.882488 0.976382 0.235023
49 0.499127 0.491071 0.970134 0.363479
76 0.506938 0.489631 0.963885 0.355991
95 0.504595 0.887673 0.987318 0.224654
68 0.503423 0.928571 0.986537 0.142857
53 0.504595 0.887673 0.987318 0.224654
75 0.504595 0.887673 0.987318 0.224654
46 0.510935 0.939516 0.978129 0.120968
49 0.503423 0.928571 0.986537 0.142857
48 0.510935 0.939516 0.978129 0.120968
104 0.506938 0.489631 0.963885 0.355991
109 0.504595 0.887673 0.987318 0.224654
52 0.500298 0.489631 0.992786 0.353687
51 0.500689 0.489343 0.990442 0.358871
66 0.500298 0.489631 0.992786 0.353687
77 0.502251 0.896889 0.970134 0.206221
80 0.500298 0.489631 0.992786 0.353687
110 0.503423 0.928571 0.986537 0.142857
111 0.510935 0.939516 0.978129 0.120968
51 0.504595 0.887673 0.987318 0.224654
101 0.510935 0.939516 0.978129 0.120968
48 0.504594 0.413666 0.971696 0.506768
105 0.500689 0.489343 0.990442 0.358871
47 0.506938 0.882488 0.976382 0.235023
48 0.390944 0.512673 0.760797 0.327189
111 0.504594 0.413666 0.971696 0.506768
108 0.506938 0.489631 0.963885 0.355991
52 0.504595 0.887673 0.987318 0.224654
103 0.506938 0.882488 0.976382 0.235023
100 0.503423 0.928571 0.986537 0.142857
50 0.567956 0.946717 0.864088 0.106567
48 0.415548 0.901498 0.831097 0.197005
50 0.504594 0.413666 0.971696 0.506768
67 0.503423 0.928571 0.986537 0.142857
97 0.500689 0.487039 0.985756 0.34735
54 0.504595 0.887673 0.987318 0.224654
84 0.504595 0.887673 0.987318 0.224654
56 0.504595 0.887673 0.987318 0.224654
76 0.510935 0.939516 0.978129 0.120968
104 0.502251 0.87788 0.982631 0.24424
99 0.504594 0.413666 0.971696 0.506768
68 0.390944 0.512673 0.760797 0.327189
48 0.238823 0.515553 0.458119 0.321429
42 0.500298 0.489631 0.992786 0.353687
99 0.503813 0.857719 0.973258 0.284562
73 0.510935 0.939516 0.978129 0.120968
95 0.510935 0.939516 0.978129 0.120968
81 0.500298 0.489631 0.992786 0.353687
50 0.390944 0.512673 0.760797 0.327189
41 0.500689 0.489343 0.990442 0.358871
68 0.567956 0.946717 0.864088 0.106567
67 0.390944 0.512673 0.760797 0.327189
111 0.390944 0.512673 0.760797 0.327189
50 0.365948 0.906106 0.731896 0.187788
46 0.504594 0.413666 0.971696 0.506768
99 0.531244 0.946141 0.937512 0.107719
101 0.390944 0.512673 0.760797 0.327189
68 0.415548 0.901498 0.831097 0.197005
74 0.500689 0.489343 0.990442 0.358871
77 0.510935 0.939516 0.978129 0.120968
46 0.390944 0.512673 0.760797 0.327189
17 0.506938 0.489631 0.963885 0.355991
79 0.500298 0.489631 0.992786 0.353687
46 0.366339 0.888249 0.732677 0.223502
51 0.510935 0.939516 0.978129 0.120968
75 0.504594 0.413666 0.971696 0.506768
101 0.238823 0.515553 0.458119 0.321429
102 0.503423 0.928571 0.986537 0.142857
49 0.567956 0.946717 0.864088 0.106567
50 0.238823 0.515553 0.458119 0.321429
49 0.504594 0.413666 0.971696 0.506768
99 0.390944 0.512673 0.760797 0.327189
56 0.503423 0.928571 0.986537 0.142857
110 0.504594 0.413666 0.971696 0.506768
74 0.502251 0.896889 0.970134 0.206221
66 0.506938 0.882488 0.976382 0.235023
97 0.504595 0.887673 0.987318 0.224654
67 0.415548 0.901498 0.831097 0.197005
49 0.390944 0.512673 0.760797 0.327189
75 0.510935 0.939516 0.978129 0.120968
101 0.504594 0.413666 0.971696 0.506768
68 0.504594 0.413666 0.971696 0.506768
56 0.504594 0.413666 0.971696 0.506768
77 0.504594 0.413666 0.971696 0.506768
50 0.497565 0.348502 0.98888 0.663594
48 0.497565 0.348502 0.98888 0.663594
50 0.50147 0.486751 0.968571 0.370968
48 0.497565 0.246256 0.976382 0.492512
48 0.50147 0.486751 0.968571 0.370968
49 0.497565 0.348502 0.98888 0.663594
68 0.497565 0.348502 0.98888 0.663594
49 0.50147 0.486751 0.968571 0.370968
68 0.50147 0.486751 0.968571 0.370968
100 0.497565 0.348502 0.98888 0.663594
101 0.497565 0.348502 0.98888 0.663594
51 0.497565 0.348502 0.98888 0.663594
50 0.496002 0.228255 0.982631 0.456509
101 0.50147 0.486751 0.968571 0.370968
46 0.502251 0.379032 0.973258 0.592166
50 0.486629 0.146169 0.965447 0.292339
68 0.496002 0.228255 0.982631 0.456509
100 0.50147 0.486751 0.968571 0.370968
46 0.50147 0.486751 0.968571 0.370968
68 0.486629 0.146169 0.965447 0.292339
53 0.497565 0.246256 0.976382 0.492512
102 0.50147 0.486751 0.968571 0.370968
51 0.497955 0.256336 0.988099 0.512673
102 0.497565 0.348502 0.98888 0.663594
50 0.499127 0.603111 0.985756 0.592166
49 0.496002 0.228255 0.982631 0.456509
76 0.497565 0.348502 0.98888 0.663594
99 0.497565 0.348502 0.98888 0.663594
48 0.500689 0.111679 0.977945 0.223358
101 0.496002 0.228255 0.982631 0.456509
100 0.497955 0.256336 0.988099 0.512673
46 0.497565 0.246256 0.976382 0.492512
49 0.486629 0.146169 0.965447 0.292339
50 0.504594 0.092958 0.962323 0.185916
51 0.50147 0.486751 0.968571 0.370968
77 0.50147 0.486751 0.968571 0.370968
102 0.496002 0.228255 0.982631 0.456509
99 0.50147 0.486751 0.968571 0.370968
77 0.497565 0.348502 0.98888 0.663594
53 0.497565 0.348502 0.98888 0.663594
68 0.499127 0.603111 0.985756 0.592166
47 0.498346 0.33871 0.97482 0.677419
76 0.497955 0.256336 0.988099 0.512673
101 0.486629 0.146169 0.965447 0.292339
75 0.497565 0.246256 0.976382 0.492512
53 0.50147 0.486751 0.968571 0.370968
100 0.486629 0.146169 0.965447 0.292339
48 0.499127 0.603111 0.985756 0.592166
110 0.50147 0.486751 0.968571 0.370968
73 0.497565 0.348502 0.98888 0.663594
110 0.497565 0.348502 0.98888 0.663594
84 0.497565 0.246256 0.976382 0.492512
52 0.497565 0.246256 0.976382 0.492512
111 0.497565 0.246256 0.976382 0.492512
47 0.50147 0.486751 0.968571 0.370968
76 0.50147 0.486751 0.968571 0.370968
68 0.504594 0.092958 0.962323 0.185916
109 0.497565 0.246256 0.976382 0.492512
102 0.486629 0.146169 0.965447 0.292339
47 0.497565 0.246256 0.976382 0.492512
77 0.497565 0.246256 0.976382 0.492512
48 0.501079 0.730991 0.991224 0.538018
95 0.497565 0.246256 0.976382 0.492512
110 0.497565 0.246256 0.976382 0.492512
75 0.502251 0.379032 0.973258 0.592166
49 0.504594 0.092958 0.962323 0.185916
99 0.497565 0.246256 0.976382 0.492512
111 0.497565 0.348502 0.98888 0.663594
73 0.497565 0.246256 0.976382 0.492512
46 0.486629 0.146169 0.965447 0.292339
109 0.497565 0.348502 0.98888 0.663594
49 0.499127 0.603111 0.985756 0.592166
51 0.500689 0.111679 0.977945 0.223358
102 0.499127 0.603111 0.985756 0.592166
97 0.497955 0.256336 0.988099 0.512673
101 0.504594 0.092958 0.962323 0.185916
67 0.50147 0.486751 0.968571 0.370968
73 0.50147 0.486751 0.968571 0.370968
100 0.504594 0.092958 0.962323 0.185916
68 0.501079 0.730991 0.991224 0.538018
67 0.502251 0.379032 0.973258 0.592166
2 0.497955 0.256336 0.988099 0.512673
101 0.499127 0.603111 0.985756 0.592166
100 0.499127 0.603111 0.985756 0.592166
76 0.500689 0.111679 0.977945 0.223358
67 0.497565 0.246256 0.976382 0.492512
52 0.497565 0.348502 0.98888 0.663594
46 0.49405 0.431452 0.988099 0.862903
75 0.50147 0.486751 0.968571 0.370968
52 0.50147 0.486751 0.968571 0.370968
17 0.497955 0.256336 0.988099 0.512673
50 0.501079 0.730991 0.991224 0.538018
102 0.504594 0.092958 0.962323 0.185916
111 0.497565 0.488479 0.985756 0.37788
53 0.486629 0.146169 0.965447 0.292339
56 0.497565 0.246256 0.976382 0.492512
48 0.500689 0.0692684 0.977945 0.138537
84 0.498346 0.33871 0.97482 0.677419
33 0.497955 0.256336 0.988099 0.512673
110 0.486629 0.146169 0.965447 0.292339
47 0.486629 0.146169 0.965447 0.292339
109 0.50147 0.486751 0.968571 0.370968
46 0.504594 0.092958 0.962323 0.185916
109 0.500689 0.111679 0.977945 0.223358
77 0.500689 0.111679 0.977945 0.223358
53 0.501079 0.730991 0.991224 0.538018
46 0.499127 0.603111 0.985756 0.592166
84 0.50147 0.486751 0.968571 0.370968
100 0.501079 0.730991 0.991224 0.538018
101 0.507719 0.733583 0.976382 0.532834
53 0.504594 0.092958 0.962323 0.185916
51 0.500689 0.0692684 0.977945 0.138537
8 0.497955 0.256336 0.988099 0.512673
77 0.499127 0.603111 0.985756 0.592166
53 0.499127 0.603111 0.985756 0.592166
47 0.504594 0.092958 0.962323 0.185916
80 0.497955 0.256336 0.988099 0.512673
67 0.486629 0.146169 0.965447 0.292339
73 0.492878 0.117007 0.973258 0.234015
99 0.501079 0.730991 0.991224 0.538018
97 0.498346 0.33871 0.97482 0.677419
75 0.49405 0.431452 0.988099 0.862903
46 0.506938 0.72163 0.979507 0.55674
99 0.500689 0.111679 0.977945 0.223358
49 0.501079 0.730991 0.991224 0.538018
15 0.497955 0.256336 0.988099 0.512673
46 0.498736 0.339574 0.986537 0.679147
78 0.501079 0.263681 0.972477 0.527362
111 0.501079 0.730991 0.991224 0.538018
51 0.499127 0.603111 0.985756 0.592166
52 0.500689 0.111679 0.977945 0.223358
95 0.49405 0.431452 0.988099 0.862903
77 0.501079 0.730991 0.991224 0.538018
74 0.497565 0.246256 0.976382 0.492512
108 0.497565 0.246256 0.976382 0.492512
102 0.501079 0.730991 0.991224 0.538018
110 0.504594 0.092958 0.962323 0.185916
51 0.501079 0.730991 0.991224 0.538018
18 0.0978335 0.548243 0.169891 0.203053
13 0.0719106 0.552995 0.119021 0.206221
99 0.499127 0.603111 0.985756 0.592166
23 0.0795752 0.547811 0.133374 0.198157
109 0.501079 0.730991 0.991224 0.538018
67 0.499127 0.603111 0.985756 0.592166
54 0.497955 0.256336 0.988099 0.512673
95 0.50147 0.486751 0.968571 0.370968
76 0.499127 0.603111 0.985756 0.592166
6 0.497955 0.256336 0.988099 0.512673
81 0.497565 0.246256 0.976382 0.492512
76 0.500689 0.0692684 0.977945 0.138537
111 0.500689 0.111679 0.977945 0.223358
73 0.506938 0.72163 0.979507 0.55674
25 0.497955 0.256336 0.988099 0.512673
110 0.499127 0.603111 0.985756 0.592166
50 0.505376 0.913594 0.970134 0.172811
75 0.504594 0.092958 0.962323 0.185916
68 0.497565 0.929147 0.984194 0.141705
84 0.506938 0.72163 0.979507 0.55674
67 0.49405 0.431452 0.988099 0.862903
110 0.501079 0.730991 0.991224 0.538018
76 0.506938 0.72163 0.979507 0.55674
68 0.505376 0.505472 0.970134 0.34159
102 0.505376 0.505472 0.970134 0.34159
101 0.505376 0.505472 0.970134 0.34159
77 0.505376 0.505472 0.970134 0.34159
110 0.505376 0.505472 0.970134 0.34159
95 0.505376 0.505472 0.970134 0.34159
109 0.505376 0.505472 0.970134 0.34159
67 0.505376 0.505472 0.970134 0.34159
53 0.505376 0.505472 0.970134 0.34159
111 0.505376 0.505472 0.970134 0.34159
84 0.505376 0.505472 0.970134 0.34159
50 0.505376 0.505472 0.970134 0.34159
76 0.503032 0.495392 0.962323 0.35023
68 0.177116 0.504032 0.333142 0.33871
100 0.505376 0.505472 0.970134 0.34159
49 0.505376 0.505472 0.970134 0.34159
68 0.290962 0.508065 0.560053 0.324885
56 0.505376 0.505472 0.970134 0.34159
97 0.503032 0.495392 0.962323 0.35023
103 0.505376 0.505472 0.970134 0.34159
74 0.505376 0.505472 0.970134 0.34159
68 0.385378 0.475806 0.743027 0.392857
47 0.505376 0.505472 0.970134 0.34159
68 0.496002 0.438436 0.956074 0.437644
102 0.706901 0.496544 0.562396 0.365207
102 0.177116 0.504032 0.333142 0.33871
110 0.307365 0.469182 0.588954 0.400346
102 0.290962 0.508065 0.560053 0.324885
110 0.496002 0.438436 0.956074 0.437644
68 0.706901 0.496544 0.562396 0.365207
110 0.187465 0.468318 0.351107 0.421659
53 0.496002 0.438436 0.956074 0.437644
73 0.505376 0.505472 0.970134 0.34159
48 0.496393 0.494528 0.959979 0.342742
99 0.49444 0.508065 0.954512 0.324885
101 0.177116 0.504032 0.333142 0.33871
68 0.359699 0.540467 0.69909 0.290035
29 0.505376 0.505472 0.970134 0.34159
101 0.706901 0.496544 0.562396 0.365207
68 0.238237 0.930876 0.476475 0.138249
68 0.583486 0.474654 0.801415 0.33871
68 0.357551 0.930012 0.710416 0.139977
77 0.307365 0.469182 0.588954 0.400346
77 0.187465 0.468318 0.351107 0.421659
101 0.290962 0.508065 0.560053 0.324885
68 0.130445 0.457085 0.244877 0.440668
68 0.506157 0.911002 0.976382 0.177995
34 0.498346 0.502592 0.965447 0.348502
109 0.187465 0.468318 0.351107 0.421659
48 0.502251 0.0813652 0.956074 0.16273
95 0.307365 0.469182 0.588954 0.400346
110 0.706901 0.496544 0.562396 0.365207
102 0.385378 0.475806 0.743027 0.392857
95 0.177116 0.504032 0.333142 0.33871
109 0.307365 0.469182 0.588954 0.400346
67 0.307365 0.469182 0.588954 0.400346
104 0.503032 0.495392 0.962323 0.35023
50 0.507719 0.0810052 0.940452 0.16201
67 0.187465 0.468318 0.351107 0.421659
68 0.214218 0.988479 0.428437 0.0230415
77 0.496002 0.438436 0.956074 0.437644
76 0.507719 0.0810052 0.940452 0.16201
15 0.505376 0.505472 0.970134 0.34159
102 0.583486 0.474654 0.801415 0.33871
68 0.294086 0.990495 0.588173 0.0190092
110 0.583486 0.474654 0.801415 0.33871
68 0.504594 0.493088 0.971696 0.354839
77 0.504594 0.493088 0.971696 0.354839
101 0.504594 0.493088 0.971696 0.354839
102 0.504594 0.493088 0.971696 0.354839
109 0.504595 0.489631 0.963885 0.362903
67 0.504595 0.489631 0.963885 0.362903
111 0.500298 0.493664 0.984975 0.367512
110 0.504595 0.489631 0.963885 0.362903
95 0.505376 0.487327 0.96076 0.380184
50 0.504594 0.493088 0.971696 0.354839
76 0.504594 0.493088 0.971696 0.354839
49 0.500298 0.493664 0.984975 0.367512
56 0.500298 0.493664 0.984975 0.367512
84 0.500298 0.493664 0.984975 0.367512
53 0.500298 0.493664 0.984975 0.367512
97 0.504595 0.489631 0.963885 0.362903
48 0.510062 0.500288 0.963885 0.360023
29 0.504594 0.493088 0.971696 0.354839
68 0.644315 0.496256 0.707877 0.372696
100 0.504595 0.489631 0.963885 0.362903
68 0.840665 0.488767 0.305803 0.365783
73 0.504595 0.489631 0.963885 0.362903
102 0.137572 0.548963 0.254836 0.365207
77 0.644315 0.496256 0.707877 0.372696
109 0.644315 0.496256 0.707877 0.372696
102 0.840665 0.488767 0.305803 0.365783
102 0.661597 0.493664 0.674876 0.37212
102 0.506157 0.487615 0.968571 0.348502
77 0.506157 0.487615 0.968571 0.348502
101 0.506157 0.487615 0.968571 0.348502
68 0.506157 0.487615 0.968571 0.348502
110 0.504594 0.485599 0.967009 0.352535
109 0.506157 0.487615 0.968571 0.348502
67 0.506157 0.487615 0.968571 0.348502
50 0.506157 0.487615 0.968571 0.348502
102 0.5085 0.407258 0.963885 0.526498
111 0.505376 0.487039 0.96076 0.355415
101 0.5085 0.407258 0.963885 0.526498
49 0.506157 0.487615 0.968571 0.348502
68 0.5085 0.407258 0.963885 0.526498
76 0.506157 0.487615 0.968571 0.348502
77 0.5085 0.407258 0.963885 0.526498
29 0.504594 0.485599 0.967009 0.352535
95 0.505376 0.487039 0.96076 0.355415
34 0.504594 0.485599 0.967009 0.352535
110 0.5085 0.407258 0.963885 0.526498
6 0.504594 0.485599 0.967009 0.352535
84 0.505376 0.487039 0.96076 0.355415
102 0.50147 0.488479 0.97482 0.33871
101 0.50147 0.488479 0.97482 0.33871
77 0.50147 0.488479 0.97482 0.33871
110 0.504595 0.484447 0.965447 0.349078
109 0.506938 0.487039 0.96076 0.339286
68 0.50147 0.488479 0.97482 0.33871
67 0.50147 0.488479 0.97482 0.33871
111 0.504595 0.484447 0.965447 0.349078
49 0.50147 0.488479 0.97482 0.33871
101 0.498346 0.497696 0.976382 0.359447
77 0.502642 0.489631 0.966228 0.361751
102 0.498346 0.497696 0.976382 0.359447
68 0.493659 0.496832 0.968571 0.364631
110 0.502642 0.489631 0.966228 0.361751
111 0.500689 0.489919 0.973258 0.355415
109 0.500689 0.489919 0.973258 0.355415
49 0.504595 0.489055 0.965447 0.374424
67 0.497565 0.498848 0.976382 0.358295
48 0.504595 0.489055 0.965447 0.374424
50 0.498346 0.497696 0.976382 0.359447
101 0.500298 0.491071 0.96779 0.349654
68 0.49444 0.495104 0.952949 0.336982
102 0.49444 0.495104 0.952949 0.336982
110 0.508891 0.489919 0.952168 0.357719
77 0.509281 0.491935 0.952949 0.364055
109 0.506157 0.492224 0.952949 0.356567
67 0.498736 0.496832 0.970915 0.353111
111 0.509281 0.491935 0.952949 0.364055
76 0.506157 0.492224 0.952949 0.356567
48 0.498736 0.496832 0.970915 0.353111
29 0.508891 0.489919 0.952168 0.357719
101 0.507328 0.480991 0.980288 0.382489
77 0.507328 0.480991 0.980288 0.382489
102 0.507328 0.480991 0.980288 0.382489
110 0.507719 0.483007 0.977945 0.366935
68 0.49444 0.473502 0.967009 0.397465
111 0.510062 0.485599 0.976382 0.367512
109 0.507719 0.483007 0.977945 0.366935
67 0.49444 0.473502 0.967009 0.397465
110 0.504594 0.409562 0.984194 0.523041
111 0.504594 0.409562 0.984194 0.523041
29 0.510062 0.485599 0.976382 0.367512
109 0.504594 0.409562 0.984194 0.523041
101 0.16042 0.927131 0.320839 0.145737
101 0.50147 0.492224 0.968571 0.358871
102 0.50147 0.492224 0.968571 0.358871
77 0.50147 0.492224 0.968571 0.358871
110 0.50147 0.492224 0.968571 0.358871
68 0.497565 0.495968 0.968571 0.354839
49 0.497565 0.495968 0.968571 0.354839
50 0.497565 0.495968 0.968571 0.354839
99 0.50147 0.493952 0.973258 0.362327
101 0.506157 0.492512 0.965447 0.352535
102 0.499127 0.492224 0.976382 0.355415
77 0.499127 0.492224 0.976382 0.355415
67 0.506157 0.492512 0.965447 0.352535
48 0.506157 0.492512 0.965447 0.352535
111 0.506157 0.492512 0.965447 0.352535
49 0.506157 0.492512 0.965447 0.352535
68 0.506157 0.492512 0.965447 0.352535
110 0.50147 0.488767 0.962323 0.363479
99 0.506157 0.492512 0.965447 0.352535
50 0.506157 0.492512 0.965447 0.352535
47 0.498736 0.487903 0.986537 0.360599
100 0.498736 0.487903 0.986537 0.360599
101 0.504595 0.487903 0.968571 0.359447
77 0.504595 0.487903 0.968571 0.359447
102 0.501861 0.487327 0.980288 0.362903
68 0.504595 0.487903 0.968571 0.359447
110 0.50147 0.487615 0.977945 0.363479
67 0.500689 0.490207 0.987318 0.360599
111 0.500689 0.490207 0.987318 0.360599
48 0.500689 0.490207 0.987318 0.360599
49 0.500689 0.490207 0.987318 0.360599
50 0.503813 0.487903 0.976382 0.358295
13 0.503813 0.487327 0.973258 0.364055
101 0.496002 0.492224 0.957636 0.356567
77 0.50147 0.4928 0.956074 0.351959
102 0.499127 0.491071 0.96076 0.355415
48 0.499127 0.496832 0.963885 0.351959
67 0.499127 0.492224 0.951387 0.353111
68 0.496002 0.492224 0.957636 0.356567
111 0.499127 0.492224 0.951387 0.353111
49 0.499127 0.496832 0.963885 0.351959
53 0.499127 0.496832 0.963885 0.351959
50 0.499127 0.496832 0.963885 0.351959
110 0.50147 0.4928 0.956074 0.351959
13 0.501861 0.489343 0.952168 0.356567
101 0.50147 0.493088 0.96076 0.345622
102 0.50147 0.493088 0.96076 0.345622
77 0.502251 0.49424 0.963885 0.341014
67 0.502251 0.49424 0.963885 0.341014
68 0.502251 0.49424 0.963885 0.341014
48 0.502251 0.49424 0.963885 0.341014
101 0.509281 0.489055 0.968571 0.349078
102 0.500298 0.499136 0.988099 0.340438
68 0.518654 0.489631 0.946701 0.347926
77 0.509281 0.489055 0.968571 0.349078
67 0.520998 0.488479 0.942014 0.339862
109 0.520998 0.488479 0.942014 0.339862
110 0.520998 0.488479 0.942014 0.339862
111 0.520998 0.488479 0.942014 0.339862
48 0.500298 0.499136 0.988099 0.340438
95 0.520998 0.488479 0.942014 0.339862
101 0.500298 0.487903 0.977164 0.360599
77 0.507719 0.487039 0.965447 0.357719
102 0.500298 0.487903 0.977164 0.360599
110 0.49444 0.486175 0.982631 0.358295
111 0.49444 0.486175 0.982631 0.358295
68 0.500298 0.487903 0.977164 0.360599
109 0.49444 0.486175 0.982631 0.358295
67 0.507719 0.487039 0.965447 0.357719
6 0.49444 0.486175 0.982631 0.358295
101 0.505376 0.491647 0.967009 0.350806
77 0.506938 0.493952 0.970134 0.346198
102 0.505376 0.491647 0.967009 0.350806
68 0.505376 0.491647 0.967009 0.350806
68 0.510843 0.0202333 0.977945 0.0404666
101 0.510843 0.0202333 0.977945 0.0404666
67 0.509281 0.0809332 0.97482 0.161866
68 0.509281 0.0809332 0.97482 0.161866
101 0.508983 0.0764689 0.982035 0.152938
28 0.505376 0.491647 0.967009 0.350806
67 0.510843 0.0202333 0.977945 0.0404666
12 0.500689 0.490495 0.982631 0.354263
77 0.510843 0.0202333 0.977945 0.0404666
67 0.506938 0.493952 0.970134 0.346198
102 0.510843 0.0202333 0.977945 0.0404666
77 0.509281 0.0809332 0.97482 0.161866
20 0.508891 0.491935 0.966228 0.351382
18 0.500689 0.490495 0.982631 0.354263
4 0.500689 0.490495 0.982631 0.354263
101 0.504595 0.491647 0.970134 0.358871
102 0.505766 0.494528 0.978726 0.354263
77 0.503813 0.495104 0.979507 0.353111
68 0.503813 0.495104 0.979507 0.353111
101 0.505376 0.0754608 0.977945 0.150922
109 0.506157 0.0812932 0.977945 0.162586
101 0.499127 0.0147609 0.987318 0.0295219
102 0.505376 0.0754608 0.977945 0.150922
68 0.505376 0.0754608 0.977945 0.150922
77 0.505376 0.0754608 0.977945 0.150922
101 0.505376 0.143433 0.976382 0.286866
102 0.505376 0.0177851 0.97482 0.0355703
110 0.506157 0.0812932 0.977945 0.162586
67 0.503813 0.495104 0.979507 0.353111
68 0.499127 0.0147609 0.987318 0.0295219
77 0.505376 0.0177851 0.97482 0.0355703
109 0.505376 0.0177851 0.97482 0.0355703
12 0.496393 0.491071 0.984975 0.353111
4 0.494831 0.492512 0.983412 0.359447
29 0.504595 0.491647 0.970134 0.358871
109 0.444449 0.889977 0.848281 0.220046
109 0.506157 0.156394 0.97482 0.312788
101 0.508109 0.487039 0.974039 0.353111
102 0.505376 0.492224 0.981069 0.348502
77 0.505376 0.492224 0.981069 0.348502
12 0.497565 0.492511 0.985756 0.353687
4 0.498736 0.489343 0.983412 0.349654
68 0.507719 0.487327 0.971696 0.353687
28 0.497565 0.492511 0.985756 0.353687
20 0.497565 0.492511 0.985756 0.353687
49 0.505376 0.492224 0.981069 0.348502
34 0.497565 0.492511 0.985756 0.353687
17 0.497565 0.492511 0.985756 0.353687
29 0.497565 0.492511 0.985756 0.353687
101 0.498346 0.491359 0.981069 0.354839
102 0.498346 0.491359 0.981069 0.354839
77 0.502642 0.485311 0.966228 0.363479
49 0.502642 0.485311 0.966228 0.363479
110 0.502642 0.485311 0.966228 0.363479
67 0.495221 0.485311 0.990442 0.364631
68 0.495221 0.485311 0.990442 0.364631
101 0.505376 0.489631 0.967009 0.361751
77 0.505376 0.489631 0.967009 0.361751
102 0.502251 0.493088 0.970134 0.355991
68 0.495612 0.490783 0.988099 0.360599
67 0.511234 0.491935 0.949044 0.361751
48 0.502251 0.493088 0.970134 0.355991
28 0.495612 0.490783 0.988099 0.360599
6 0.495612 0.490783 0.988099 0.360599
49 0.502251 0.493088 0.970134 0.355991
111 0.511234 0.491935 0.949044 0.361751
101 0.505376 0.492224 0.973258 0.345046
102 0.504595 0.491647 0.977945 0.346198
77 0.505376 0.492224 0.973258 0.345046
110 0.504595 0.491647 0.977945 0.346198
101 0.506938 0.486751 0.956074 0.361751
102 0.506938 0.486751 0.956074 0.361751
77 0.500298 0.490783 0.970915 0.353687
101 0.502251 0.0695565 0.982631 0.139113
101 0.503813 0.0185412 0.97482 0.0370824
102 0.503813 0.0727247 0.981069 0.145449
102 0.503813 0.0185412 0.97482 0.0370824
68 0.503813 0.0727247 0.981069 0.145449
68 0.503813 0.0185412 0.97482 0.0370824
77 0.503813 0.0185412 0.97482 0.0370824
77 0.503813 0.0727247 0.981069 0.145449
68 0.500298 0.490783 0.970915 0.353687
101 0.49444 0.486463 0.982631 0.356567
77 0.499517 0.487903 0.969353 0.358295
102 0.499517 0.487903 0.969353 0.358295
68 0.492878 0.489631 0.984194 0.354839
3 0.493659 0.487615 0.984194 0.357719
27 0.493659 0.487615 0.984194 0.357719
95 0.499127 0.0401426 0.979507 0.0802851
12 0.493659 0.487615 0.984194 0.357719
95 0.499127 0.077405 0.985756 0.15481
110 0.499517 0.487903 0.969353 0.358295
109 0.510062 0.486751 0.954512 0.358295
29 0.493659 0.487615 0.984194 0.357719
68 0.499127 0.0401426 0.979507 0.0802851
31 0.493659 0.487615 0.984194 0.357719
95 0.492878 0.489631 0.984194 0.354839
17 0.493659 0.487615 0.984194 0.357719
101 0.504595 0.486463 0.963885 0.358871
77 0.502251 0.489055 0.970134 0.354839
102 0.503813 0.487615 0.96076 0.361175
110 0.502251 0.485599 0.962323 0.360599
109 0.502251 0.485599 0.962323 0.360599
111 0.50147 0.487327 0.967009 0.358295
67 0.50147 0.487327 0.967009 0.358295
101 0.499908 0.0341302 0.976382 0.0682604
101 0.500689 0.0642281 0.982631 0.128456
6 0.50147 0.487327 0.967009 0.358295
68 0.49444 0.488191 0.98888 0.360023
77 0.500689 0.0642281 0.982631 0.128456
95 0.502251 0.485599 0.962323 0.360599
101 0.499127 0.487903 0.977945 0.354839
77 0.503813 0.484447 0.967009 0.362903
102 0.503813 0.484447 0.967009 0.362903
101 0.503813 0.0246976 0.967009 0.0493952
27 0.499127 0.487903 0.982631 0.352535
20 0.503032 0.487903 0.971696 0.358295
28 0.499908 0.488767 0.973258 0.354263
3 0.499127 0.487903 0.982631 0.352535
12 0.499127 0.487903 0.982631 0.352535
101 0.506938 0.0709965 0.973258 0.141993
24 0.503813 0.484447 0.967009 0.362903
68 0.499127 0.487903 0.982631 0.352535
101 0.5085 0.487327 0.963885 0.353687
77 0.499908 0.488479 0.985756 0.35023
49 0.501079 0.487039 0.983412 0.346198
67 0.512796 0.488479 0.96779 0.353687
102 0.5085 0.487327 0.963885 0.353687
101 0.503813 0.0120248 0.985756 0.0240495
101 0.507328 0.062716 0.984975 0.125432
111 0.512796 0.488479 0.96779 0.353687
20 0.506547 0.487615 0.969353 0.349654
28 0.5085 0.487327 0.963885 0.353687
27 0.506547 0.487615 0.969353 0.349654
12 0.506547 0.487615 0.969353 0.349654
6 0.499908 0.488479 0.985756 0.35023
24 0.510062 0.484735 0.963885 0.353111
101 0.506547 0.490207 0.964666 0.355991
77 0.506547 0.490207 0.964666 0.355991
102 0.506547 0.490207 0.964666 0.355991
101 0.500689 0.0218894 0.982631 0.0437788
102 0.503813 0.0251656 0.977945 0.0503312
67 0.503423 0.493376 0.96779 0.346198
101 0.503813 0.0753888 0.985756 0.150778
102 0.503813 0.0753888 0.985756 0.150778
110 0.507719 0.489631 0.965447 0.352535
111 0.503423 0.493376 0.96779 0.346198
77 0.500689 0.0218894 0.982631 0.0437788
68 0.503423 0.493376 0.96779 0.346198
6 0.503423 0.493376 0.96779 0.346198
68 0.500689 0.0218894 0.982631 0.0437788
109 0.503423 0.493376 0.96779 0.346198
12 0.503423 0.493376 0.96779 0.346198
49 0.503423 0.493376 0.96779 0.346198
101 0.500689 0.487327 0.967009 0.359447
77 0.499517 0.492224 0.956855 0.349654
102 0.500689 0.487327 0.967009 0.359447
101 0.498346 0.00658842 0.977945 0.0131768
49 0.499517 0.492224 0.956855 0.349654
12 0.501861 0.488479 0.963104 0.357143
28 0.500689 0.489919 0.96076 0.355415
101 0.500689 0.489343 0.954512 0.356567
77 0.500689 0.489343 0.954512 0.356567
101 0.503032 0.0239055 0.968571 0.0478111
77 0.503032 0.0239055 0.968571 0.0478111
102 0.500689 0.489343 0.954512 0.356567
101 0.504204 0.0584677 0.975601 0.116935
12 0.495612 0.493088 0.964666 0.347926
6 0.502642 0.489631 0.950606 0.35023
67 0.500689 0.489343 0.954512 0.356567
102 0.503032 0.0239055 0.968571 0.0478111
67 0.503423 0.0262097 0.974039 0.0524194
28 0.500689 0.489343 0.954512 0.356567
77 0.503032 0.0583957 0.973258 0.116791
4 0.937327 0.333813 0.109355 0.0339862
68 0.503032 0.0239055 0.968571 0.0478111
24 0.495612 0.493088 0.964666 0.347926
101 0.504595 0.491359 0.956074 0.351382
77 0.504595 0.491359 0.956074 0.351382
102 0.504595 0.491359 0.956074 0.351382
101 0.510843 0.015337 0.96076 0.030674
77 0.510843 0.015337 0.96076 0.030674
49 0.497174 0.49424 0.966228 0.347926
102 0.510843 0.015337 0.96076 0.030674
20 0.499127 0.493376 0.971696 0.348502
101 0.503423 0.490207 0.955293 0.352535
77 0.499127 0.493664 0.965447 0.347926
109 0.496783 0.491359 0.984194 0.353687
102 0.499127 0.491359 0.963885 0.349078
95 0.505766 0.491935 0.972477 0.354839
12 0.499127 0.491359 0.963885 0.349078
110 0.506157 0.490783 0.956074 0.35023
3 0.496783 0.491359 0.984194 0.353687
68 0.496783 0.491359 0.984194 0.353687
66 0.505766 0.491935 0.972477 0.354839
20 0.499127 0.491359 0.963885 0.349078
101 0.504595 0.488767 0.968571 0.356567
77 0.500298 0.493664 0.970915 0.35023
109 0.503032 0.489055 0.981069 0.358295
102 0.503032 0.493664 0.971696 0.349078
95 0.503032 0.489055 0.981069 0.358295
110 0.505376 0.488767 0.965447 0.356567
68 0.503032 0.489055 0.981069 0.358295
12 0.503032 0.493664 0.971696 0.349078
67 0.503032 0.493664 0.971696 0.349078
6 0.500298 0.493664 0.970915 0.35023
111 0.502251 0.489631 0.979507 0.352535
3 0.503032 0.489055 0.981069 0.358295
101 0.502642 0.0543635 0.980288 0.108727
101 0.501079 0.490495 0.986537 0.357719
77 0.501079 0.490495 0.986537 0.357719
102 0.501079 0.490495 0.986537 0.357719
101 0.506938 0.0802131 0.979507 0.160426
12 0.503032 0.49424 0.97482 0.346774
101 0.491316 0.0118088 0.973258 0.0236175
102 0.506938 0.0802131 0.979507 0.160426
27 0.501079 0.490495 0.986537 0.357719
77 0.359895 0.980127 0.315957 0.0397466
3 0.501079 0.490495 0.986537 0.357719
101 0.359895 0.980127 0.315957 0.0397466
109 0.512015 0.489055 0.961541 0.355991
77 0.317959 0.97523 0.304534 0.0495391
111 0.512015 0.489055 0.961541 0.355991
101 0.317959 0.97523 0.304534 0.0495391
101 0.508109 0.487615 0.969353 0.356567
77 0.508109 0.487615 0.969353 0.356567
109 0.502251 0.486175 0.985756 0.354839
111 0.503032 0.489055 0.984194 0.352535
95 0.506547 0.486175 0.969353 0.354839
101 0.49444 0.0142929 0.987318 0.0285858
110 0.502251 0.486175 0.985756 0.354839
6 0.509281 0.488767 0.968571 0.354263
67 0.503032 0.489055 0.984194 0.352535
101 0.503813 0.0866215 0.982631 0.173243
102 0.509281 0.488767 0.968571 0.354263
12 0.503813 0.491935 0.981069 0.35023
77 0.49444 0.0142929 0.987318 0.0285858
77 0.509281 0.490207 0.963885 0.362903
101 0.506157 0.492224 0.97482 0.358871
111 0.501861 0.489919 0.983413 0.360023
67 0.506157 0.492224 0.97482 0.358871
102 0.506157 0.492224 0.97482 0.358871
109 0.501861 0.489919 0.983413 0.360023
6 0.502251 0.486751 0.982631 0.358295
110 0.501861 0.489919 0.983413 0.360023
47 0.503813 0.491935 0.971696 0.355991
101 0.504594 0.489343 0.962323 0.355415
77 0.499908 0.492512 0.968571 0.347926
102 0.504594 0.489343 0.962323 0.355415
109 0.499127 0.488479 0.987318 0.352535
67 0.504594 0.489343 0.962323 0.355415
6 0.499908 0.488479 0.987318 0.353687
95 0.499127 0.488479 0.987318 0.352535
12 0.499127 0.488479 0.987318 0.352535
27 0.499127 0.488479 0.987318 0.352535
111 0.499127 0.488479 0.987318 0.352535
68 0.499127 0.488479 0.987318 0.352535
101 0.503032 0.490207 0.962323 0.355991
77 0.496002 0.489343 0.985756 0.356567
109 0.498346 0.488479 0.985756 0.354839
67 0.498346 0.488479 0.985756 0.354839
102 0.503032 0.490207 0.962323 0.355991
111 0.498346 0.488479 0.985756 0.354839
27 0.500689 0.493376 0.96076 0.353111
68 0.498346 0.488479 0.985756 0.354839
12 0.500689 0.493376 0.96076 0.353111
6 0.496002 0.489343 0.985756 0.356567
110 0.498346 0.488479 0.985756 0.354839
49 0.50147 0.493952 0.963885 0.350806
95 0.498346 0.488479 0.985756 0.354839
101 0.506157 0.491359 0.962323 0.354839
77 0.495612 0.491359 0.984975 0.352535
67 0.495612 0.491359 0.984975 0.352535
109 0.495612 0.491359 0.984975 0.352535
111 0.495612 0.491359 0.984975 0.352535
6 0.497955 0.490207 0.98185 0.351382
102 0.506157 0.491359 0.962323 0.354839
12 0.502642 0.494816 0.969353 0.34447
68 0.495612 0.491359 0.984975 0.352535
95 0.495612 0.491359 0.984975 0.352535
27 0.502642 0.494816 0.969353 0.34447
101 0.507328 0.49424 0.963104 0.353687
77 0.497955 0.494816 0.984975 0.353687
101 0.501079 0.0422307 0.984975 0.0844614
102 0.50147 0.497696 0.968571 0.345622
27 0.502251 0.49856 0.970134 0.34735
12 0.507328 0.49424 0.963104 0.353687
24 0.502251 0.49856 0.970134 0.34735
6 0.497955 0.494816 0.984975 0.353687
101 0.496393 0.491071 0.984975 0.354263
77 0.499127 0.498272 0.967009 0.345622
102 0.506938 0.490207 0.965447 0.355991
6 0.496393 0.491071 0.984975 0.354263
101 0.503813 0.0278298 0.971696 0.0556596
27 0.496393 0.491071 0.984975 0.354263
101 0.505766 0.490783 0.98185 0.353687
77 0.512406 0.491071 0.965447 0.356567
101 0.510935 0.0521313 0.978129 0.104263
102 0.507719 0.490207 0.973258 0.352535
27 0.505766 0.490783 0.98185 0.353687
67 0.512406 0.491071 0.965447 0.356567
6 0.509281 0.490495 0.963885 0.353111
68 0.505766 0.490783 0.98185 0.353687
101 0.510843 0.489055 0.970134 0.353687
77 0.503423 0.490783 0.98185 0.35023
102 0.505376 0.493376 0.976382 0.346198
101 0.504595 0.0180372 0.982631 0.0360743
12 0.510843 0.489055 0.970134 0.353687
109 0.504594 0.488479 0.984194 0.352535
67 0.504594 0.488479 0.984194 0.352535
95 0.504594 0.488479 0.984194 0.352535
111 0.504594 0.488479 0.984194 0.352535
27 0.506938 0.493088 0.976382 0.347926
101 0.510062 0.490207 0.970134 0.354839
77 0.504595 0.495104 0.97482 0.343894
102 0.504595 0.495104 0.97482 0.343894
101 0.503813 0.0132488 0.981069 0.0264977
77 0.505376 0.491647 0.981069 0.360023
101 0.510843 0.489631 0.968571 0.361751
67 0.510843 0.489631 0.968571 0.361751
102 0.510843 0.489631 0.968571 0.361751
111 0.505376 0.491647 0.981069 0.360023
101 0.506157 0.0078305 0.976382 0.015661
47 0.512406 0.490207 0.96076 0.357143
27 0.504985 0.493952 0.974039 0.351959
110 0.512406 0.490207 0.96076 0.357143
77 0.504595 0.490783 0.979507 0.354839
101 0.5085 0.488479 0.971696 0.358295
102 0.5085 0.488479 0.971696 0.358295
27 0.510062 0.493664 0.970134 0.347926
67 0.504985 0.489055 0.983412 0.355991
77 0.503813 0.491647 0.979507 0.353111
101 0.506547 0.490495 0.974039 0.355415
101 0.504594 0.0111967 0.984194 0.0223934
101 0.506157 0.0601238 0.985756 0.120248
27 0.507328 0.49568 0.972477 0.342742
77 0.50147 0.490783 0.982631 0.351382
101 0.506157 0.490207 0.965447 0.357143
101 0.505376 0.0136809 0.977945 0.0273618
27 0.501079 0.495104 0.972477 0.343894
101 0.506157 0.0555876 0.981069 0.111175
6 0.501079 0.490495 0.983412 0.355415
12 0.506157 0.490207 0.965447 0.357143
101 0.503813 0.488479 0.963885 0.359447
77 0.498346 0.489631 0.984194 0.354839
101 0.501861 0.0249856 0.980288 0.0499712
101 0.505376 0.0527074 0.979507 0.105415
102 0.503813 0.488479 0.963885 0.359447
6 0.497955 0.487903 0.984975 0.358295
27 0.499908 0.49424 0.965447 0.345622
101 0.542478 0.0105127 0.908426 0.0210253
102 0.501861 0.0249856 0.980288 0.0499712
77 0.503813 0.488767 0.970134 0.356567
101 0.506157 0.489055 0.970134 0.360599
101 0.50147 0.03161 0.984194 0.06322
27 0.50147 0.490207 0.984194 0.360599
77 0.50147 0.03161 0.984194 0.06322
6 0.506157 0.489055 0.970134 0.360599
101 0.504204 0.0551555 0.974039 0.110311
77 0.503032 0.489055 0.962323 0.355991
101 0.506938 0.488767 0.963885 0.355415
101 0.50147 0.0251296 0.981069 0.0502592
27 0.506938 0.488767 0.963885 0.355415
101 0.503423 0.0635801 0.983412 0.12716
6 0.506938 0.488767 0.963885 0.355415
101 0.506547 0.489343 0.96779 0.354263
77 0.500689 0.493952 0.973258 0.348502
101 0.497565 0.0203773 0.98888 0.0407546
27 0.506547 0.489343 0.96779 0.354263
12 0.506547 0.489343 0.96779 0.354263
101 0.500689 0.077333 0.98888 0.154666
6 0.502251 0.488479 0.984194 0.354839
101 0.500689 0.489631 0.984194 0.357143
77 0.500689 0.494816 0.970134 0.347926
101 0.497565 0.0201973 0.979507 0.0403946
27 0.500689 0.489631 0.984194 0.357143
12 0.500689 0.489631 0.984194 0.357143
101 0.498736 0.077981 0.986537 0.155962
102 0.506157 0.489343 0.965447 0.357719
6 0.500689 0.489631 0.984194 0.357143
102 0.497565 0.0201973 0.979507 0.0403946
101 0.501079 0.489343 0.983412 0.356567
77 0.502642 0.495392 0.972477 0.346774
101 0.502642 0.0222134 0.978726 0.0444268
101 0.502251 0.0766129 0.985756 0.153226
12 0.506938 0.488767 0.967009 0.357719
27 0.505376 0.488191 0.967009 0.357719
102 0.506938 0.488767 0.967009 0.357719
6 0.501079 0.489343 0.983412 0.356567
101 0.501079 0.488479 0.983412 0.355991
77 0.499908 0.495104 0.968571 0.346198
12 0.501079 0.488479 0.983412 0.355991
101 0.499908 0.0676843 0.990442 0.135369
27 0.501079 0.488479 0.983412 0.355991
101 0.499127 0.0114487 0.981069 0.0228975
101 0.507719 0.488479 0.968571 0.359447
77 0.506938 0.489631 0.967009 0.357143
101 0.50147 0.0682604 0.98888 0.136521
101 0.501079 0.0173531 0.980288 0.0347062
67 0.507719 0.488479 0.968571 0.359447
102 0.507719 0.488479 0.968571 0.359447
102 0.503423 0.0699885 0.984975 0.139977
6 0.502642 0.488479 0.983413 0.358295
77 0.506157 0.491071 0.968571 0.355415
101 0.507328 0.490207 0.96779 0.355991
101 0.50147 0.0570276 0.98888 0.114055
101 0.501861 0.00813652 0.98185 0.016273
67 0.507328 0.490207 0.96779 0.355991
102 0.50147 0.0570276 0.98888 0.114055
102 0.507328 0.490207 0.96779 0.355991
102 0.501861 0.00813652 0.98185 0.016273
6 0.503032 0.490495 0.982631 0.356567
27 0.503032 0.496832 0.97482 0.342742
101 0.508109 0.489631 0.96779 0.355991
77 0.506157 0.489055 0.968571 0.355991
101 0.502642 0.0190092 0.98185 0.0380184
101 0.502251 0.0650922 0.987318 0.130184
12 0.503032 0.490207 0.982631 0.355991
27 0.503032 0.490207 0.982631 0.355991
102 0.503032 0.0351743 0.981069 0.0703485
102 0.508109 0.489631 0.96779 0.355991
6 0.503032 0.490207 0.982631 0.355991
102 0.503032 0.0718606 0.984194 0.143721
24 0.508109 0.489631 0.96779 0.355991
77 0.506157 0.489631 0.968571 0.357143
101 0.5085 0.491071 0.970134 0.354263
101 0.502251 0.03053 0.984194 0.0610599
101 0.502251 0.0901498 0.987318 0.1803
102 0.503813 0.0611319 0.982631 0.122264
102 0.502251 0.03053 0.984194 0.0610599
27 0.5085 0.491071 0.970134 0.354263
77 0.504595 0.489343 0.968571 0.357719
101 0.507719 0.491359 0.968571 0.355991
101 0.500689 0.0511233 0.985756 0.102247
101 0.502251 0.0953341 0.987318 0.190668
27 0.503813 0.494528 0.976382 0.349654
102 0.507719 0.491359 0.968571 0.355991
101 0.506938 0.491935 0.967009 0.358295
77 0.503813 0.489631 0.967009 0.358295
101 0.498346 0.0976382 0.97482 0.195276
102 0.498346 0.0976382 0.97482 0.195276
102 0.500689 0.49424 0.973258 0.351382
27 0.499908 0.492512 0.984194 0.355991
101 0.507719 0.491935 0.968571 0.359447
77 0.503813 0.489919 0.967009 0.358871
101 0.503032 0.09447 0.987318 0.18894
102 0.498346 0.0982863 0.976382 0.196573
102 0.507719 0.491935 0.968571 0.359447
27 0.500298 0.492511 0.984975 0.357143
101 0.506938 0.491935 0.970134 0.358295
77 0.499517 0.492512 0.984975 0.354839
101 0.502251 0.09447 0.98888 0.18894
101 0.500689 0.0495392 0.985756 0.0990783
102 0.506938 0.491935 0.970134 0.358295
102 0.502251 0.0667483 0.98888 0.133497
27 0.499908 0.4928 0.985756 0.355415
101 0.506157 0.491071 0.968571 0.357719
77 0.498736 0.492511 0.984975 0.353687
101 0.499908 0.0203413 0.985756 0.0406826
101 0.495221 0.0918059 0.977945 0.183612
101 0.500689 0.0433468 0.987318 0.0866935
27 0.501079 0.494528 0.977164 0.350806
102 0.502251 0.494816 0.979507 0.35023
102 0.50147 0.0284418 0.987318 0.0568836
101 0.506157 0.491935 0.970134 0.358295
77 0.510843 0.491359 0.959198 0.355991
101 0.499127 0.0231855 0.985756 0.046371
101 0.497565 0.0966302 0.976382 0.19326
101 0.502251 0.0557316 0.985756 0.111463
27 0.501079 0.495104 0.978726 0.350806
77 0.510062 0.490783 0.959198 0.355991
101 0.501079 0.49568 0.978726 0.349654
101 0.499127 0.0302419 0.987318 0.0604839
101 0.496002 0.0982863 0.976382 0.196573
101 0.50147 0.0568836 0.987318 0.113767
27 0.500689 0.494528 0.976382 0.349654
77 0.499127 0.491935 0.982631 0.352535
101 0.50147 0.495392 0.977945 0.347926
101 0.499127 0.0338062 0.987318 0.0676123
101 0.502251 0.0951901 0.98888 0.19038
27 0.50147 0.495392 0.977945 0.347926
101 0.506547 0.490783 0.970915 0.354839
77 0.509281 0.490207 0.96076 0.354839
101 0.50147 0.030926 0.987318 0.061852
101 0.504594 0.0910138 0.984194 0.182028
101 0.50147 0.0554435 0.987318 0.110887
27 0.500689 0.490783 0.984194 0.353687
101 0.506938 0.490495 0.970134 0.355415
77 0.50147 0.491359 0.982631 0.351382
101 0.50147 0.0300979 0.990442 0.0601959
101 0.504594 0.0892857 0.984194 0.178571
27 0.506938 0.490495 0.970134 0.355415
101 0.506938 0.489919 0.970134 0.355415
77 0.510062 0.490207 0.962323 0.354839
101 0.504594 0.0913738 0.984194 0.182748
101 0.50147 0.0192612 0.985756 0.0385225
27 0.506938 0.489919 0.970134 0.355415
101 0.503032 0.0416907 0.985756 0.0833813
12 0.506938 0.489919 0.970134 0.355415
101 0.506938 0.489343 0.970134 0.355415
77 0.500689 0.490783 0.982631 0.352535
101 0.504594 0.0853975 0.984194 0.170795
101 0.50147 0.00864055 0.984194 0.0172811
27 0.506938 0.489343 0.970134 0.355415
12 0.506938 0.489343 0.970134 0.355415
101 0.506938 0.489631 0.970134 0.354839
77 0.500689 0.490783 0.982631 0.352535
101 0.50147 0.0124568 0.982631 0.0249136
101 0.504204 0.0878456 0.983413 0.175691
27 0.50147 0.490495 0.982631 0.353111
12 0.506938 0.489631 0.970134 0.354839
101 0.506547 0.489343 0.969353 0.354263
77 0.505376 0.489055 0.967009 0.355991
27 0.50147 0.490783 0.982631 0.352535
101 0.504595 0.0819412 0.982631 0.163882
101 0.503032 0.00982863 0.981069 0.0196573
101 0.506547 0.489055 0.969353 0.354839
77 0.505376 0.489055 0.967009 0.354839
27 0.506547 0.489055 0.969353 0.354839
101 0.503032 0.0104767 0.981069 0.0209533
101 0.505376 0.0811492 0.982631 0.162298
101 0.506157 0.488767 0.970134 0.354263
77 0.505376 0.489055 0.967009 0.354839
27 0.506157 0.488767 0.970134 0.354263
101 0.503813 0.00896457 0.981069 0.0179291
12 0.506157 0.488767 0.970134 0.354263
101 0.506938 0.488767 0.970134 0.354263
77 0.505376 0.488767 0.967009 0.355415
27 0.503032 0.490207 0.981069 0.352535
101 0.503813 0.00738047 0.982631 0.0147609
101 0.506938 0.488479 0.970134 0.354839
77 0.505376 0.488767 0.967009 0.355415
101 0.503813 0.0102787 0.982631 0.0205573
27 0.506938 0.488479 0.970134 0.354839
101 0.506938 0.488767 0.970134 0.354263
77 0.504985 0.489055 0.96779 0.354839
101 0.503813 0.0132488 0.982631 0.0264977
27 0.506938 0.488767 0.970134 0.354263
101 0.506547 0.489055 0.969353 0.353687
77 0.505376 0.489055 0.967009 0.354839
101 0.503032 0.015733 0.982631 0.031466
27 0.506547 0.489055 0.969353 0.353687
101 0.506157 0.489055 0.968571 0.353687
77 0.505376 0.489343 0.965447 0.354263
27 0.506157 0.489055 0.968571 0.353687
101 0.503032 0.016129 0.982631 0.0322581
101 0.506157 0.489055 0.968571 0.353687
77 0.505766 0.489631 0.966228 0.353687
27 0.506157 0.489055 0.968571 0.353687
101 0.502642 0.0188292 0.98185 0.0376584
101 0.506157 0.489631 0.968571 0.353687
77 0.505376 0.489919 0.965447 0.353111
27 0.506157 0.489631 0.968571 0.353687
101 0.502251 0.0249136 0.982631 0.0498272
101 0.506157 0.489343 0.968571 0.353111
77 0.504985 0.489919 0.964666 0.353111
27 0.506157 0.489343 0.968571 0.353111
101 0.506157 0.489343 0.968571 0.353111
77 0.505376 0.489919 0.963885 0.353111
27 0.506157 0.489343 0.968571 0.353111
101 0.506157 0.489631 0.968571 0.352535
77 0.505376 0.490207 0.963885 0.352535
27 0.506157 0.489631 0.968571 0.352535
101 0.506157 0.489631 0.968571 0.353687
77 0.504985 0.490207 0.964666 0.352535
27 0.506157 0.489631 0.968571 0.353687
101 0.506157 0.489919 0.968571 0.353111
77 0.504595 0.490495 0.963885 0.353111
27 0.506157 0.489919 0.968571 0.353111
101 0.506157 0.489631 0.968571 0.352535
77 0.504595 0.490495 0.963885 0.353111
27 0.500689 0.490783 0.982631 0.352535
101 0.506157 0.489919 0.968571 0.353111
77 0.504595 0.490495 0.965447 0.353111
27 0.501079 0.491071 0.98185 0.351959
101 0.506157 0.489919 0.968571 0.353111
77 0.504595 0.490495 0.965447 0.353111
27 0.501079 0.491071 0.98185 0.351959
101 0.506157 0.489919 0.968571 0.353111
77 0.504595 0.490495 0.965447 0.353111
27 0.50147 0.49424 0.977945 0.34447
101 0.506157 0.489631 0.968571 0.352535
77 0.500689 0.494528 0.970134 0.346198
27 0.501861 0.49424 0.977164 0.34447
101 0.506157 0.489919 0.967009 0.353111
77 0.499908 0.494816 0.970134 0.346774
27 0.501861 0.49424 0.977164 0.34447
101 0.506157 0.489919 0.967009 0.353111
77 0.500689 0.494816 0.970134 0.346774
27 0.502251 0.49424 0.976382 0.34447
101 0.506157 0.489919 0.967009 0.353111
77 0.500689 0.494528 0.970134 0.346198
27 0.502251 0.49424 0.976382 0.34447
101 0.506157 0.489919 0.967009 0.353111
77 0.500689 0.494528 0.970134 0.346198
27 0.502251 0.49424 0.976382 0.34447
101 0.506157 0.489919 0.967009 0.353111
77 0.500689 0.494528 0.970134 0.346198
27 0.502251 0.49424 0.976382 0.34447
101 0.506157 0.489919 0.967009 0.353111
77 0.501079 0.494528 0.969353 0.346198
27 0.502642 0.49424 0.975601 0.34447
77 0.501079 0.494528 0.969353 0.346198
101 0.506157 0.489631 0.967009 0.353687
27 0.502642 0.49424 0.975601 0.34447
77 0.501079 0.494528 0.969353 0.346198
101 0.506157 0.489919 0.967009 0.353111
27 0.502642 0.49424 0.975601 0.34447
77 0.50147 0.494528 0.970134 0.346198
101 0.506157 0.489919 0.968571 0.353111
27 0.502251 0.49424 0.976382 0.34447
77 0.50147 0.494528 0.970134 0.346198
101 0.506157 0.489919 0.968571 0.353111
27 0.502642 0.49424 0.975601 0.34447
77 0.501861 0.494528 0.970915 0.346198
101 0.506157 0.489919 0.968571 0.353111
27 0.502642 0.494816 0.975601 0.34447
77 0.501861 0.494528 0.970915 0.346198
101 0.506157 0.490207 0.968571 0.352535
27 0.502642 0.494816 0.975601 0.34447
77 0.50147 0.494528 0.971696 0.346198
101 0.506157 0.490207 0.968571 0.352535
27 0.502642 0.49424 0.975601 0.34447
77 0.501861 0.49424 0.970915 0.346774
101 0.506157 0.490207 0.968571 0.352535
27 0.502642 0.494816 0.975601 0.34447
101 0.498346 0.078197 0.977945 0.156394
77 0.501861 0.494528 0.970915 0.346198
101 0.506157 0.490207 0.968571 0.352535
27 0.502642 0.494816 0.975601 0.34447
101 0.498346 0.078413 0.977945 0.156826
77 0.502251 0.49424 0.970134 0.345622
101 0.506157 0.490207 0.968571 0.352535
27 0.503032 0.494816 0.97482 0.34447
101 0.498346 0.0766129 0.977945 0.153226
77 0.502251 0.49424 0.970134 0.345622
101 0.506157 0.490207 0.968571 0.352535
27 0.503423 0.494816 0.975601 0.34447
101 0.498346 0.0760369 0.977945 0.152074
77 0.502251 0.494528 0.970134 0.346198
101 0.506157 0.490207 0.968571 0.352535
27 0.503032 0.494816 0.976382 0.34447
101 0.498346 0.0738047 0.977945 0.147609
77 0.502251 0.49424 0.970134 0.346774
101 0.506157 0.490495 0.968571 0.351959
27 0.503423 0.494816 0.975601 0.34447
77 0.502251 0.494528 0.970134 0.346198
101 0.506157 0.490495 0.968571 0.351959
27 0.503813 0.494816 0.97482 0.34447
77 0.502251 0.49424 0.970134 0.346774
101 0.506157 0.490783 0.968571 0.352535
27 0.503813 0.494816 0.97482 0.34447
77 0.502251 0.49424 0.970134 0.346774
101 0.506157 0.490783 0.968571 0.352535
27 0.503813 0.494816 0.97482 0.34447
77 0.502251 0.49424 0.970134 0.346774
101 0.506157 0.490783 0.968571 0.351382
101 0.486239 0.102247 0.963104 0.204493
77 0.502251 0.49424 0.970134 0.346774
101 0.506157 0.490783 0.968571 0.351382
101 0.486239 0.101671 0.963104 0.203341
77 0.502251 0.49424 0.970134 0.346774
101 0.506157 0.490783 0.968571 0.351382
101 0.485848 0.10095 0.963885 0.201901
77 0.502251 0.494528 0.970134 0.346198
101 0.506157 0.490783 0.968571 0.351382
101 0.485848 0.100518 0.963885 0.201037
77 0.502251 0.49424 0.970134 0.346774
101 0.506157 0.491071 0.968571 0.351959
101 0.485848 0.10023 0.963885 0.200461
77 0.502251 0.49424 0.970134 0.346774
101 0.506157 0.491071 0.968571 0.351959
101 0.485848 0.10023 0.963885 0.200461
77 0.502251 0.49424 0.970134 0.346774
101 0.506157 0.490783 0.968571 0.351382
101 0.485848 0.0992943 0.963885 0.198589
77 0.502251 0.49424 0.970134 0.346774
101 0.506157 0.491359 0.968571 0.351382
101 0.485848 0.0987903 0.963885 0.197581
77 0.502251 0.49424 0.970134 0.346774
101 0.506157 0.491071 0.968571 0.350806
101 0.485848 0.0979263 0.963885 0.195853
77 0.502251 0.49424 0.970134 0.346774
101 0.506157 0.491359 0.968571 0.351382
101 0.485848 0.0969182 0.963885 0.193836
77 0.502251 0.49424 0.970134 0.346774
101 0.506157 0.491359 0.968571 0.351382
101 0.485848 0.0961982 0.963885 0.192396
77 0.503032 0.49424 0.970134 0.346774
101 0.506157 0.491359 0.968571 0.351382
101 0.485848 0.0952621 0.963885 0.190524
77 0.503032 0.49424 0.970134 0.346774
101 0.506157 0.491359 0.968571 0.351382
101 0.485848 0.09447 0.963885 0.18894
77 0.503032 0.49424 0.971696 0.346774
101 0.506157 0.491359 0.968571 0.351382
101 0.486238 0.093822 0.964666 0.187644
77 0.503032 0.49424 0.971696 0.346774
101 0.506157 0.491359 0.968571 0.351382
101 0.486238 0.093462 0.964666 0.186924
77 0.503032 0.49424 0.971696 0.346774
101 0.506157 0.491359 0.968571 0.351382
101 0.486238 0.093462 0.964666 0.186924
77 0.503032 0.49424 0.971696 0.346774
101 0.506157 0.491359 0.968571 0.351382
101 0.486238 0.0928139 0.964666 0.185628
77 0.503032 0.49424 0.971696 0.346774
101 0.506157 0.491359 0.968571 0.351382
101 0.486238 0.0923099 0.964666 0.18462
77 0.503032 0.49424 0.971696 0.346774
101 0.505376 0.491359 0.968571 0.351382
101 0.486238 0.0922379 0.964666 0.184476
77 0.503032 0.49424 0.971696 0.346774
101 0.506157 0.491359 0.968571 0.351382
101 0.485848 0.0918779 0.963885 0.183756
77 0.503032 0.493952 0.971696 0.34735
101 0.506157 0.491359 0.968571 0.351382
101 0.485848 0.0911578 0.963885 0.182316
77 0.503032 0.493952 0.971696 0.34735
101 0.505766 0.491071 0.969353 0.350806
77 0.503032 0.493952 0.971696 0.34735
101 0.505766 0.491071 0.969353 0.350806
101 0.485067 0.0902938 0.963885 0.180588
77 0.503032 0.493952 0.971696 0.34735
101 0.505766 0.491071 0.969353 0.350806
77 0.503032 0.493952 0.971696 0.34735
101 0.505766 0.491359 0.969353 0.351382
77 0.503032 0.493952 0.971696 0.34735
101 0.505766 0.491071 0.969353 0.350806
77 0.503032 0.493952 0.971696 0.34735
101 0.505766 0.491071 0.969353 0.350806
