50 0.490819 0.530382 0.950426 0.259838
50 0.500963 0.483507 0.976956 0.364005
48 0.505645 0.508102 0.973835 0.3125
101 0.490819 0.530382 0.950426 0.259838
68 0.491599 0.520833 0.958229 0.282407
54 0.507596 0.494792 0.965252 0.344907
67 0.49238 0.519387 0.956668 0.280671
49 0.505645 0.508102 0.973835 0.3125
111 0.505645 0.508102 0.973835 0.3125
53 0.507596 0.494792 0.965252 0.344907
104 0.505645 0.508102 0.973835 0.3125
103 0.504085 0.513889 0.973835 0.305556
101 0.500963 0.483507 0.976956 0.364005
95 0.49238 0.519387 0.956668 0.280671
79 0.505645 0.508102 0.973835 0.3125
46 0.507596 0.494792 0.965252 0.344907
109 0.490819 0.530382 0.950426 0.259838
99 0.504865 0.507523 0.972275 0.318287
47 0.495501 0.518519 0.962911 0.289352
74 0.49238 0.519387 0.956668 0.280671
84 0.505645 0.508102 0.973835 0.3125
76 0.49238 0.519387 0.956668 0.280671
17 0.504085 0.513889 0.973835 0.305556
73 0.504085 0.513889 0.973835 0.305556
100 0.49238 0.519387 0.956668 0.280671
42 0.490819 0.530382 0.950426 0.259838
75 0.491599 0.520833 0.958229 0.282407
77 0.505645 0.508102 0.973835 0.3125
66 0.49238 0.519387 0.956668 0.280671
56 0.49238 0.519387 0.956668 0.280671
110 0.49238 0.519387 0.956668 0.280671
102 0.505645 0.508102 0.973835 0.3125
54 0.464288 0.534722 0.91297 0.255787
53 0.464288 0.534722 0.91297 0.255787
46 0.464288 0.534722 0.91297 0.255787
97 0.49238 0.519387 0.956668 0.280671
109 0.500963 0.483507 0.976956 0.364005
48 0.571972 0.470197 0.824014 0.380208
81 0.505645 0.508102 0.973835 0.3125
7 0.490819 0.530382 0.950426 0.259838
33 0.504085 0.513889 0.973835 0.305556
38 0.49238 0.519387 0.956668 0.280671
108 0.507596 0.494792 0.965252 0.344907
41 0.505645 0.508102 0.973835 0.3125
68 0.529055 0.476273 0.917652 0.383102
47 0.570411 0.467593 0.827136 0.372685
14 0.491599 0.520833 0.958229 0.282407
42 0.500963 0.483507 0.976956 0.364005
80 0.505645 0.508102 0.973835 0.3125
100 0.529055 0.476273 0.917652 0.383102
31 0.505645 0.508102 0.973835 0.3125
94 0.490819 0.530382 0.950426 0.259838
5 0.507596 0.494792 0.965252 0.344907
105 0.505645 0.508102 0.973835 0.3125
26 0.464288 0.534722 0.91297 0.255787
51 0.49238 0.519387 0.956668 0.280671
75 0.529055 0.476273 0.917652 0.383102
11 0.49238 0.519387 0.956668 0.280671
34 0.506035 0.494502 0.965252 0.351273
50 0.698774 0.466435 0.571972 0.371528
111 0.571972 0.470197 0.824014 0.380208
78 0.491599 0.520833 0.958229 0.282407
12 0.491599 0.520833 0.958229 0.282407
15 0.49238 0.519387 0.956668 0.280671
108 0.464288 0.534722 0.91297 0.255787
16 0.495501 0.518519 0.962911 0.289352
7 0.500183 0.489294 0.980078 0.366319
76 0.529835 0.470775 0.909849 0.373264
0 0.49238 0.519387 0.956668 0.280671
26 0.500183 0.489294 0.980078 0.366319
66 0.529055 0.476273 0.917652 0.383102
49 0.571972 0.470197 0.824014 0.380208
48 0.698774 0.466435 0.571972 0.371528
47 0.713209 0.463542 0.544661 0.366898
52 0.510717 0.476273 0.955888 0.369213
21 0.49238 0.519387 0.956668 0.280671
56 0.529055 0.476273 0.917652 0.383102
68 0.698774 0.466435 0.571972 0.371528
103 0.571972 0.470197 0.824014 0.380208
65 0.506035 0.494502 0.965252 0.351273
74 0.529835 0.470775 0.909849 0.373264
84 0.571972 0.470197 0.824014 0.380208
28 0.505645 0.508102 0.973835 0.3125
17 0.571972 0.470197 0.824014 0.380208
38 0.529835 0.470775 0.909849 0.373264
95 0.571972 0.470197 0.824014 0.380208
73 0.571972 0.470197 0.824014 0.380208
67 0.529835 0.470775 0.909849 0.373264
15 0.529835 0.470775 0.909849 0.373264
36 0.49199 0.529803 0.959009 0.264468
72 0.495501 0.518519 0.962911 0.289352
55 0.490819 0.530382 0.950426 0.259838
64 0.505645 0.508102 0.973835 0.3125
88 0.500963 0.483507 0.976956 0.364005
78 0.529835 0.470775 0.909849 0.373264
92 0.505645 0.508102 0.973835 0.3125
81 0.570411 0.467593 0.827136 0.372685
53 0.713209 0.463542 0.544661 0.366898
88 0.490819 0.530382 0.950426 0.259838
77 0.571972 0.470197 0.824014 0.380208
110 0.529835 0.470775 0.909849 0.373264
4 0.495501 0.518519 0.962911 0.289352
79 0.571972 0.470197 0.824014 0.380208
65 0.464288 0.534722 0.91297 0.255787
5 0.464288 0.534722 0.91297 0.255787
51 0.529835 0.470775 0.909849 0.373264
24 0.490819 0.530382 0.950426 0.259838
13 0.49199 0.529803 0.959009 0.264468
14 0.529835 0.470775 0.909849 0.373264
102 0.571972 0.470197 0.824014 0.380208
0 0.529835 0.470775 0.909849 0.373264
48 0.504865 0.477431 0.969153 0.373843
50 0.509547 0.847222 0.975396 0.305556
50 0.502524 0.475405 0.98632 0.380208
50 0.503304 0.89728 0.975396 0.20544
111 0.509547 0.847222 0.975396 0.305556
111 0.506425 0.461227 0.966032 0.417824
101 0.504865 0.477431 0.969153 0.373843
48 0.509547 0.847222 0.975396 0.305556
46 0.504475 0.476562 0.963691 0.379051
68 0.504475 0.476562 0.963691 0.379051
46 0.504475 0.87037 0.979297 0.259259
68 0.505645 0.874421 0.964471 0.251157
95 0.504865 0.477431 0.969153 0.373843
111 0.502524 0.899884 0.989442 0.200231
50 0.508583 0.943576 0.982833 0.112847
110 0.506425 0.461227 0.966032 0.417824
102 0.504865 0.477431 0.969153 0.373843
67 0.504865 0.477431 0.969153 0.373843
103 0.506425 0.461227 0.966032 0.417824
101 0.509547 0.847222 0.975396 0.305556
109 0.506425 0.461227 0.966032 0.417824
110 0.509547 0.847222 0.975396 0.305556
99 0.504475 0.476562 0.963691 0.379051
48 0.502524 0.899884 0.989442 0.200231
101 0.503304 0.89728 0.975396 0.20544
68 0.501744 0.921007 0.987881 0.157986
49 0.502524 0.475405 0.98632 0.380208
49 0.509547 0.847222 0.975396 0.305556
110 0.503304 0.89728 0.975396 0.20544
99 0.503304 0.89728 0.975396 0.20544
100 0.504475 0.476562 0.963691 0.379051
75 0.504865 0.477431 0.969153 0.373843
73 0.506425 0.461227 0.966032 0.417824
111 0.508583 0.943576 0.982833 0.112847
49 0.503304 0.89728 0.975396 0.20544
47 0.502524 0.475405 0.98632 0.380208
53 0.506425 0.461227 0.966032 0.417824
46 0.501744 0.921007 0.987881 0.157986
77 0.504865 0.477431 0.969153 0.373843
99 0.511498 0.846065 0.969934 0.30787
76 0.504475 0.87037 0.979297 0.259259
109 0.509547 0.847222 0.975396 0.305556
48 0.508583 0.943576 0.982833 0.112847
73 0.504475 0.87037 0.979297 0.259259
76 0.501744 0.450738 0.956668 0.442274
100 0.504475 0.87037 0.979297 0.259259
56 0.504865 0.477431 0.969153 0.373843
54 0.506425 0.461227 0.966032 0.417824
52 0.504865 0.477431 0.969153 0.373843
95 0.509547 0.847222 0.975396 0.305556
110 0.508583 0.943576 0.982833 0.112847
51 0.504085 0.475984 0.98476 0.385995
104 0.506425 0.461227 0.966032 0.417824
102 0.505645 0.874421 0.964471 0.251157
99 0.508583 0.943576 0.982833 0.112847
49 0.511107 0.943866 0.976956 0.112268
75 0.509547 0.847222 0.975396 0.305556
67 0.503304 0.89728 0.975396 0.20544
84 0.505645 0.472801 0.964471 0.393519
48 0.391329 0.502604 0.749884 0.355903
51 0.504475 0.87037 0.979297 0.259259
77 0.504475 0.87037 0.979297 0.259259
101 0.508583 0.943576 0.982833 0.112847
46 0.532773 0.945602 0.934453 0.108796
67 0.509547 0.847222 0.975396 0.305556
48 0.499403 0.406829 0.948865 0.52662
66 0.506425 0.461227 0.966032 0.417824
75 0.503304 0.89728 0.975396 0.20544
54 0.509547 0.847222 0.975396 0.305556
54 0.503304 0.89728 0.975396 0.20544
68 0.533554 0.951968 0.932893 0.0960648
103 0.509547 0.847222 0.975396 0.305556
100 0.501744 0.921007 0.987881 0.157986
95 0.502524 0.899884 0.989442 0.200231
48 0.717501 0.471716 0.548563 0.396846
76 0.508583 0.943576 0.982833 0.112847
53 0.504475 0.87037 0.979297 0.259259
103 0.503304 0.89728 0.975396 0.20544
77 0.501744 0.921007 0.987881 0.157986
104 0.504475 0.87037 0.979297 0.259259
73 0.508583 0.943576 0.982833 0.112847
109 0.502524 0.899884 0.989442 0.200231
80 0.506425 0.461227 0.966032 0.417824
56 0.503304 0.89728 0.975396 0.20544
105 0.504865 0.477431 0.969153 0.373843
95 0.508583 0.943576 0.982833 0.112847
97 0.502524 0.475405 0.98632 0.380208
50 0.592467 0.952546 0.815065 0.0949074
84 0.509547 0.847222 0.975396 0.305556
48 0.205809 0.503472 0.382745 0.346065
52 0.509547 0.847222 0.975396 0.305556
102 0.501744 0.921007 0.987881 0.157986
111 0.391329 0.502604 0.749884 0.355903
17 0.509547 0.847222 0.975396 0.305556
68 0.391329 0.502604 0.749884 0.355903
56 0.509547 0.847222 0.975396 0.305556
97 0.509547 0.847222 0.975396 0.305556
42 0.505645 0.874421 0.964471 0.251157
100 0.532773 0.945602 0.934453 0.108796
109 0.630886 0.471644 0.724914 0.383102
51 0.508583 0.943576 0.982833 0.112847
50 0.432295 0.953704 0.86147 0.0925926
50 0.391329 0.502604 0.749884 0.355903
46 0.508766 0.801505 0.969153 0.396991
111 0.630886 0.471644 0.724914 0.383102
48 0.432295 0.953704 0.86147 0.0925926
41 0.505645 0.874421 0.964471 0.251157
101 0.391329 0.502604 0.749884 0.355903
75 0.508583 0.943576 0.982833 0.112847
109 0.508583 0.943576 0.982833 0.112847
67 0.511107 0.943866 0.976956 0.112268
66 0.509547 0.847222 0.975396 0.305556
67 0.391329 0.502604 0.749884 0.355903
66 0.503304 0.89728 0.975396 0.20544
47 0.503304 0.89728 0.975396 0.20544
52 0.503304 0.89728 0.975396 0.20544
74 0.503304 0.89728 0.975396 0.20544
108 0.506425 0.461227 0.966032 0.417824
103 0.508583 0.943576 0.982833 0.112847
47 0.509547 0.847222 0.975396 0.305556
46 0.391329 0.502604 0.749884 0.355903
77 0.532773 0.945602 0.934453 0.108796
50 0.717501 0.471716 0.548563 0.396846
104 0.508766 0.801505 0.969153 0.396991
81 0.506425 0.461227 0.966032 0.417824
47 0.667171 0.467014 0.647663 0.40162
74 0.498622 0.480035 0.956668 0.377894
38 0.502914 0.468678 0.971494 0.393663
42 0.501744 0.921007 0.987881 0.157986
48 0.592467 0.952546 0.815065 0.0949074
84 0.502524 0.899884 0.989442 0.200231
99 0.391329 0.502604 0.749884 0.355903
102 0.391329 0.502604 0.749884 0.355903
68 0.502134 0.447338 0.977737 0.44213
95 0.502914 0.442202 0.98554 0.4443
68 0.502524 0.342882 0.98476 0.646412
95 0.502524 0.342882 0.98476 0.646412
53 0.502524 0.342882 0.98476 0.646412
53 0.502134 0.447338 0.977737 0.44213
48 0.502134 0.447338 0.977737 0.44213
52 0.502524 0.342882 0.98476 0.646412
56 0.502524 0.342882 0.98476 0.646412
101 0.502914 0.442202 0.98554 0.4443
84 0.502524 0.342882 0.98476 0.646412
48 0.498622 0.331308 0.975396 0.662616
84 0.502914 0.442202 0.98554 0.4443
56 0.502914 0.442202 0.98554 0.4443
52 0.502134 0.447338 0.977737 0.44213
101 0.502524 0.342882 0.98476 0.646412
68 0.504085 0.542245 0.983199 0.519676
74 0.502524 0.342882 0.98476 0.646412
110 0.502914 0.442202 0.98554 0.4443
67 0.502914 0.442202 0.98554 0.4443
108 0.502524 0.342882 0.98476 0.646412
80 0.502524 0.342882 0.98476 0.646412
110 0.502524 0.342882 0.98476 0.646412
74 0.502914 0.442202 0.98554 0.4443
108 0.488868 0.449363 0.955888 0.439236
50 0.499793 0.452619 0.987101 0.432726
49 0.499793 0.452619 0.987101 0.432726
95 0.504085 0.542245 0.983199 0.519676
81 0.502524 0.342882 0.98476 0.646412
67 0.502524 0.342882 0.98476 0.646412
77 0.502134 0.447338 0.977737 0.44213
102 0.502134 0.447338 0.977737 0.44213
109 0.502524 0.342882 0.98476 0.646412
75 0.502134 0.447338 0.977737 0.44213
109 0.502134 0.447338 0.977737 0.44213
111 0.502134 0.447338 0.977737 0.44213
104 0.502524 0.342882 0.98476 0.646412
111 0.502524 0.342882 0.98476 0.646412
104 0.502914 0.442202 0.98554 0.4443
76 0.502134 0.447338 0.977737 0.44213
81 0.488868 0.449363 0.955888 0.439236
80 0.488868 0.449363 0.955888 0.439236
78 0.502524 0.342882 0.98476 0.646412
75 0.500963 0.333912 0.980078 0.667824
54 0.502524 0.342882 0.98476 0.646412
78 0.488868 0.449363 0.955888 0.439236
99 0.502134 0.447338 0.977737 0.44213
101 0.504085 0.542245 0.983199 0.519676
79 0.502524 0.342882 0.98476 0.646412
49 0.500963 0.333912 0.980078 0.667824
77 0.502524 0.342882 0.98476 0.646412
79 0.488868 0.449363 0.955888 0.439236
100 0.502134 0.447338 0.977737 0.44213
46 0.502134 0.447338 0.977737 0.44213
53 0.504085 0.542245 0.983199 0.519676
50 0.500963 0.333912 0.980078 0.667824
100 0.500963 0.333912 0.980078 0.667824
51 0.497842 0.391493 0.991002 0.557292
76 0.500963 0.333912 0.980078 0.667824
67 0.504085 0.542245 0.983199 0.519676
46 0.500963 0.333912 0.980078 0.667824
47 0.502134 0.447338 0.977737 0.44213
54 0.502914 0.442202 0.98554 0.4443
17 0.502914 0.442202 0.98554 0.4443
99 0.500963 0.333912 0.980078 0.667824
17 0.502524 0.342882 0.98476 0.646412
105 0.502524 0.342882 0.98476 0.646412
84 0.504085 0.542245 0.983199 0.519676
105 0.488868 0.449363 0.955888 0.439236
102 0.502524 0.342882 0.98476 0.646412
110 0.504085 0.542245 0.983199 0.519676
66 0.502524 0.342882 0.98476 0.646412
48 0.497842 0.222946 0.975396 0.445891
78 0.504085 0.542245 0.983199 0.519676
68 0.497842 0.222946 0.975396 0.445891
103 0.502524 0.342882 0.98476 0.646412
50 0.499403 0.244502 0.972274 0.489005
102 0.504085 0.542245 0.983199 0.519676
97 0.502524 0.342882 0.98476 0.646412
73 0.500963 0.333912 0.980078 0.667824
52 0.504085 0.542245 0.983199 0.519676
80 0.504085 0.542245 0.983199 0.519676
47 0.500963 0.333912 0.980078 0.667824
97 0.502134 0.447338 0.977737 0.44213
66 0.502914 0.442202 0.98554 0.4443
95 0.490819 0.660301 0.95979 0.652778
73 0.502134 0.447338 0.977737 0.44213
104 0.489649 0.621528 0.955888 0.599537
68 0.490819 0.660301 0.95979 0.652778
56 0.504085 0.542245 0.983199 0.519676
103 0.502914 0.442202 0.98554 0.4443
49 0.499403 0.244502 0.972274 0.489005
77 0.504085 0.542245 0.983199 0.519676
108 0.489649 0.621528 0.955888 0.599537
74 0.504085 0.542245 0.983199 0.519676
33 0.502524 0.342882 0.98476 0.646412
100 0.499403 0.244502 0.972274 0.489005
109 0.504085 0.542245 0.983199 0.519676
101 0.499403 0.244502 0.972274 0.489005
51 0.500963 0.281395 0.970714 0.562789
48 0.504085 0.542245 0.983199 0.519676
53 0.497842 0.222946 0.975396 0.445891
111 0.504085 0.542245 0.983199 0.519676
81 0.489649 0.621528 0.955888 0.599537
50 0.503304 0.120949 0.969153 0.241898
48 0.503304 0.120949 0.969153 0.241898
79 0.489649 0.621528 0.955888 0.599537
50 0.504085 0.0780527 0.96135 0.156105
102 0.499403 0.244502 0.972274 0.489005
17 0.504085 0.542245 0.983199 0.519676
33 0.502914 0.442202 0.98554 0.4443
51 0.497452 0.401042 0.974615 0.802083
78 0.490819 0.660301 0.95979 0.652778
48 0.504085 0.0780527 0.96135 0.156105
67 0.490819 0.660301 0.95979 0.652778
50 0.504085 0.542245 0.983199 0.519676
53 0.490819 0.660301 0.95979 0.652778
46 0.499403 0.244502 0.972274 0.489005
52 0.497842 0.222946 0.975396 0.445891
101 0.490819 0.660301 0.95979 0.652778
68 0.502914 0.489583 0.979297 0.368056
95 0.500183 0.493634 0.970714 0.355324
101 0.502914 0.489583 0.979297 0.368056
109 0.502524 0.479167 0.967593 0.388889
77 0.502524 0.479167 0.967593 0.388889
110 0.502914 0.489583 0.979297 0.368056
67 0.502914 0.489583 0.979297 0.368056
102 0.503304 0.479167 0.967593 0.386574
53 0.502524 0.479167 0.967593 0.388889
84 0.502524 0.479167 0.967593 0.388889
97 0.502524 0.479167 0.967593 0.388889
56 0.500183 0.493634 0.970714 0.355324
74 0.502524 0.479167 0.967593 0.388889
103 0.502524 0.479167 0.967593 0.388889
111 0.502524 0.479167 0.967593 0.388889
104 0.502914 0.489583 0.979297 0.368056
76 0.502524 0.479167 0.967593 0.388889
50 0.502524 0.479167 0.967593 0.388889
100 0.502524 0.479167 0.967593 0.388889
66 0.502524 0.479167 0.967593 0.388889
102 0.510144 0.541088 0.979712 0.283565
49 0.503304 0.479167 0.967593 0.386574
47 0.502524 0.479167 0.967593 0.388889
99 0.502524 0.479167 0.967593 0.388889
73 0.502524 0.479167 0.967593 0.388889
68 0.49355 0.551794 0.952767 0.260995
102 0.808408 0.465784 0.346461 0.376302
77 0.510144 0.541088 0.979712 0.283565
68 0.881758 0.465856 0.212246 0.373843
68 0.808408 0.465784 0.346461 0.376302
52 0.500183 0.482639 0.975396 0.37963
102 0.881758 0.465856 0.212246 0.373843
101 0.808408 0.465784 0.346461 0.376302
101 0.881758 0.465856 0.212246 0.373843
48 0.502524 0.479167 0.967593 0.388889
109 0.510144 0.541088 0.979712 0.283565
54 0.507206 0.482639 0.96135 0.385417
17 0.500183 0.493634 0.970714 0.355324
110 0.808408 0.465784 0.346461 0.376302
105 0.502914 0.489583 0.979297 0.368056
110 0.881758 0.465856 0.212246 0.373843
80 0.502524 0.479167 0.967593 0.388889
81 0.502914 0.489583 0.979297 0.368056
102 0.680826 0.468461 0.610988 0.375579
53 0.510144 0.541088 0.979712 0.283565
75 0.502524 0.479167 0.967593 0.388889
95 0.49355 0.551794 0.952767 0.260995
68 0.680826 0.468461 0.610988 0.375579
68 0.504475 0.470197 0.968373 0.379051
67 0.504475 0.470197 0.968373 0.379051
77 0.504475 0.470197 0.968373 0.379051
101 0.504865 0.470486 0.972275 0.371528
102 0.506816 0.475694 0.971494 0.388889
109 0.504475 0.470197 0.968373 0.379051
111 0.511107 0.475984 0.964471 0.374421
110 0.504475 0.470197 0.968373 0.379051
95 0.504085 0.466725 0.970714 0.397569
56 0.504085 0.466725 0.970714 0.397569
53 0.504085 0.466725 0.970714 0.397569
68 0.830257 0.463469 0.312127 0.386719
49 0.511107 0.475984 0.964471 0.374421
48 0.511107 0.475984 0.964471 0.374421
84 0.504475 0.470197 0.968373 0.379051
50 0.506816 0.475694 0.971494 0.388889
102 0.830257 0.463469 0.312127 0.386719
68 0.650101 0.466508 0.673999 0.387587
76 0.504475 0.470197 0.968373 0.379051
77 0.830257 0.463469 0.312127 0.386719
102 0.650101 0.466508 0.673999 0.387587
101 0.830257 0.463469 0.312127 0.386719
68 0.414738 0.520833 0.781097 0.299769
102 0.414738 0.520833 0.781097 0.299769
101 0.414738 0.520833 0.781097 0.299769
77 0.650101 0.466508 0.673999 0.387587
77 0.414738 0.520833 0.781097 0.299769
101 0.650101 0.466508 0.673999 0.387587
97 0.504475 0.470197 0.968373 0.379051
68 0.889561 0.462963 0.199761 0.383102
50 0.830257 0.463469 0.312127 0.386719
102 0.161526 0.550058 0.297691 0.326968
109 0.649321 0.465856 0.681802 0.378472
109 0.848985 0.463252 0.279353 0.372107
100 0.504475 0.470197 0.968373 0.379051
103 0.504085 0.466725 0.970714 0.397569
111 0.848985 0.463252 0.279353 0.372107
102 0.889561 0.462963 0.199761 0.383102
49 0.830257 0.463469 0.312127 0.386719
102 0.222 0.551794 0.423712 0.29456
73 0.504085 0.466725 0.970714 0.397569
68 0.222 0.551794 0.423712 0.29456
101 0.222 0.551794 0.423712 0.29456
67 0.848985 0.463252 0.279353 0.372107
101 0.161526 0.550058 0.297691 0.326968
68 0.161526 0.550058 0.297691 0.326968
110 0.848985 0.463252 0.279353 0.372107
68 0.510327 0.464193 0.969153 0.393374
101 0.508766 0.471716 0.964471 0.396846
102 0.508766 0.471716 0.964471 0.396846
77 0.508766 0.471716 0.964471 0.396846
67 0.510327 0.464193 0.969153 0.393374
109 0.510327 0.464193 0.969153 0.393374
110 0.507206 0.468461 0.970714 0.390625
95 0.510327 0.464193 0.969153 0.393374
111 0.510327 0.464193 0.969153 0.393374
84 0.510327 0.464193 0.969153 0.393374
56 0.510327 0.464193 0.969153 0.393374
53 0.506816 0.470486 0.971494 0.387731
103 0.510327 0.464193 0.969153 0.393374
102 0.504865 0.910301 0.959789 0.179398
102 0.361872 0.93287 0.723744 0.134259
97 0.507206 0.468461 0.970714 0.390625
49 0.508766 0.471716 0.964471 0.396846
50 0.508766 0.471716 0.964471 0.396846
101 0.506425 0.907986 0.972275 0.184028
52 0.506816 0.470486 0.971494 0.387731
102 0.507206 0.82581 0.964471 0.34838
77 0.506425 0.907986 0.972275 0.184028
101 0.361872 0.93287 0.723744 0.134259
76 0.510327 0.464193 0.969153 0.393374
77 0.361872 0.93287 0.723744 0.134259
68 0.506425 0.907986 0.972275 0.184028
102 0.440879 0.946181 0.881758 0.107639
67 0.506035 0.463035 0.971494 0.401476
68 0.505255 0.474537 0.966812 0.381944
111 0.511888 0.469329 0.955108 0.385417
95 0.509547 0.477431 0.956668 0.383102
101 0.509547 0.477431 0.956668 0.383102
102 0.505255 0.474537 0.966812 0.381944
53 0.512668 0.467593 0.958229 0.37037
109 0.509547 0.477431 0.956668 0.383102
77 0.509547 0.477431 0.956668 0.383102
84 0.511888 0.469329 0.955108 0.385417
52 0.512668 0.467593 0.958229 0.37037
56 0.505255 0.474537 0.966812 0.381944
110 0.511888 0.469329 0.955108 0.385417
52 0.505255 0.405961 0.971494 0.523727
103 0.509547 0.477431 0.956668 0.383102
48 0.500963 0.451968 0.964471 0.408565
53 0.505255 0.405961 0.971494 0.523727
68 0.505645 0.478299 0.970714 0.376736
101 0.509547 0.476273 0.966032 0.383102
67 0.505645 0.478299 0.970714 0.376736
111 0.509547 0.476273 0.966032 0.383102
77 0.509547 0.476273 0.966032 0.383102
109 0.509547 0.476273 0.966032 0.383102
48 0.509547 0.476273 0.966032 0.383102
52 0.504865 0.480613 0.972275 0.376736
84 0.515789 0.470775 0.953547 0.390625
102 0.505645 0.478299 0.970714 0.376736
53 0.504865 0.480613 0.972275 0.376736
56 0.509547 0.476273 0.966032 0.383102
110 0.509547 0.476273 0.966032 0.383102
95 0.509547 0.476273 0.966032 0.383102
49 0.509547 0.476273 0.966032 0.383102
97 0.515789 0.470775 0.953547 0.390625
103 0.509547 0.476273 0.966032 0.383102
68 0.500963 0.466146 0.964471 0.382523
101 0.508766 0.471354 0.951986 0.387153
102 0.508766 0.471354 0.951986 0.387153
77 0.508766 0.471354 0.951986 0.387153
67 0.508766 0.471354 0.951986 0.387153
111 0.508766 0.471354 0.951986 0.387153
110 0.508766 0.471354 0.951986 0.387153
109 0.508766 0.471354 0.951986 0.387153
53 0.508766 0.471354 0.951986 0.387153
48 0.500963 0.466146 0.964471 0.382523
84 0.508766 0.471354 0.951986 0.387153
49 0.508766 0.471354 0.951986 0.387153
68 0.502134 0.472512 0.963691 0.39294
67 0.510327 0.470775 0.975396 0.403356
111 0.510327 0.470775 0.975396 0.403356
77 0.510327 0.470775 0.975396 0.403356
101 0.510327 0.470775 0.975396 0.403356
102 0.511888 0.463542 0.973835 0.395833
84 0.503304 0.470486 0.98632 0.394676
53 0.509547 0.46875 0.975396 0.381944
56 0.510327 0.470775 0.975396 0.403356
109 0.510327 0.470775 0.975396 0.403356
95 0.509547 0.46875 0.975396 0.381944
52 0.503304 0.469618 0.98476 0.380208
110 0.510327 0.470775 0.975396 0.403356
48 0.511888 0.463542 0.973835 0.395833
67 0.497452 0.47309 0.965252 0.384838
68 0.497452 0.47309 0.965252 0.384838
77 0.497452 0.47309 0.965252 0.384838
102 0.500183 0.470992 0.966032 0.391348
101 0.500183 0.470992 0.966032 0.391348
111 0.497452 0.47309 0.965252 0.384838
48 0.500183 0.470992 0.966032 0.391348
53 0.497452 0.470486 0.980858 0.394676
110 0.497452 0.47309 0.965252 0.384838
84 0.497452 0.47309 0.965252 0.384838
49 0.497452 0.47309 0.965252 0.384838
109 0.497452 0.47309 0.965252 0.384838
109 0.502524 0.0805845 0.964471 0.161169
50 0.497452 0.47309 0.965252 0.384838
52 0.497452 0.470486 0.980858 0.394676
77 0.500183 0.106771 0.978517 0.213542
67 0.500183 0.106771 0.978517 0.213542
68 0.500183 0.106771 0.978517 0.213542
101 0.500183 0.106771 0.978517 0.213542
101 0.500573 0.0695891 0.974615 0.139178
77 0.500573 0.0695891 0.974615 0.139178
95 0.502524 0.0805845 0.964471 0.161169
67 0.504085 0.0662616 0.964471 0.132523
111 0.504085 0.0662616 0.964471 0.132523
99 0.497452 0.47309 0.965252 0.384838
111 0.500183 0.106771 0.978517 0.213542
68 0.499403 0.0740741 0.96135 0.148148
47 0.497452 0.47309 0.965252 0.384838
110 0.504085 0.0662616 0.964471 0.132523
76 0.497452 0.47309 0.965252 0.384838
103 0.500183 0.470992 0.966032 0.391348
56 0.497452 0.47309 0.965252 0.384838
68 0.498232 0.484375 0.952767 0.371528
67 0.506425 0.472801 0.966032 0.392361
102 0.507206 0.474248 0.970714 0.384838
77 0.506425 0.472801 0.966032 0.392361
101 0.506425 0.472801 0.966032 0.392361
48 0.509547 0.474537 0.966032 0.375
111 0.506425 0.472801 0.966032 0.392361
53 0.507986 0.471644 0.964471 0.390046
49 0.509547 0.474537 0.966032 0.375
53 0.0791046 0.465856 0.130313 0.350694
109 0.506425 0.472801 0.966032 0.392361
84 0.506425 0.472801 0.966032 0.392361
68 0.499403 0.472222 0.955108 0.384259
101 0.505255 0.469907 0.968373 0.387731
77 0.505255 0.471644 0.968373 0.381944
67 0.499403 0.472222 0.987881 0.381944
102 0.505255 0.471644 0.968373 0.381944
109 0.505255 0.471644 0.968373 0.381944
111 0.505255 0.469907 0.968373 0.387731
101 0.504085 0.480035 0.955108 0.374421
67 0.507206 0.477431 0.958229 0.378472
68 0.506425 0.475694 0.962911 0.383102
77 0.504085 0.480035 0.955108 0.374421
102 0.504085 0.480035 0.955108 0.374421
53 0.505645 0.477141 0.955108 0.383681
48 0.504085 0.479745 0.96135 0.378472
111 0.504085 0.480035 0.955108 0.374421
49 0.504085 0.480035 0.955108 0.374421
52 0.504085 0.480035 0.955108 0.374421
67 0.507206 0.0774016 0.967593 0.154803
68 0.504865 0.473958 0.972275 0.380787
67 0.505255 0.476273 0.971494 0.373843
101 0.505255 0.476273 0.971494 0.373843
77 0.505255 0.476273 0.971494 0.373843
102 0.505255 0.476273 0.971494 0.373843
111 0.505255 0.476273 0.971494 0.373843
53 0.504865 0.475694 0.976956 0.385417
48 0.505255 0.476273 0.971494 0.373843
68 0.507986 0.0815249 0.966032 0.16305
109 0.505255 0.476273 0.971494 0.373843
68 0.504085 0.472512 0.976956 0.383681
67 0.518911 0.474537 0.942622 0.391204
53 0.499793 0.479745 0.977737 0.378472
102 0.504085 0.472512 0.976956 0.383681
101 0.504085 0.472512 0.976956 0.383681
109 0.505645 0.480613 0.970714 0.376736
111 0.505645 0.480613 0.970714 0.376736
95 0.505645 0.480613 0.970714 0.376736
77 0.504085 0.472512 0.976956 0.383681
68 0.43844 0.934607 0.791436 0.130787
84 0.51735 0.473669 0.944183 0.383681
103 0.505645 0.480613 0.970714 0.376736
68 0.505645 0.474826 0.956668 0.381366
67 0.503694 0.471644 0.96213 0.384259
95 0.503694 0.471644 0.96213 0.384259
101 0.504085 0.470197 0.96135 0.387153
53 0.503694 0.471644 0.96213 0.384259
77 0.504085 0.470197 0.96135 0.387153
56 0.504085 0.470197 0.96135 0.387153
111 0.504085 0.470197 0.96135 0.387153
109 0.503304 0.472512 0.96135 0.384838
103 0.503304 0.472512 0.96135 0.384838
67 0.511888 0.0743634 0.964471 0.148727
68 0.500963 0.476562 0.981638 0.380208
67 0.500963 0.476562 0.981638 0.380208
101 0.506816 0.478299 0.968373 0.380208
68 0.507986 0.0794271 0.973835 0.158854
67 0.509937 0.0881076 0.973055 0.176215
77 0.506816 0.478299 0.968373 0.380208
101 0.507986 0.0794271 0.973835 0.158854
102 0.507206 0.475984 0.964471 0.376736
77 0.507986 0.0794271 0.973835 0.158854
48 0.507206 0.475984 0.964471 0.376736
111 0.506816 0.478299 0.968373 0.380208
102 0.507986 0.0794271 0.973835 0.158854
53 0.507206 0.475984 0.964471 0.376736
111 0.509937 0.0881076 0.973055 0.176215
48 0.509937 0.0881076 0.973055 0.176215
56 0.499793 0.476273 0.98554 0.380787
109 0.508376 0.0836227 0.971494 0.167245
52 0.507206 0.475984 0.964471 0.376736
53 0.507986 0.0794271 0.973835 0.158854
68 0.506425 0.474826 0.967593 0.381366
101 0.504865 0.478009 0.970714 0.384259
67 0.504865 0.478009 0.970714 0.384259
77 0.504865 0.478009 0.970714 0.384259
102 0.504865 0.478009 0.970714 0.384259
109 0.508766 0.0878906 0.973835 0.175781
53 0.504865 0.478009 0.970714 0.384259
110 0.508766 0.0878906 0.973835 0.175781
111 0.504865 0.478009 0.970714 0.384259
77 0.508766 0.0878906 0.973835 0.175781
101 0.507206 0.0762442 0.970714 0.152488
68 0.508766 0.0878906 0.973835 0.175781
109 0.504865 0.478009 0.970714 0.384259
95 0.508766 0.0878906 0.973835 0.175781
67 0.508766 0.0878906 0.973835 0.175781
76 0.508766 0.0878906 0.973835 0.175781
111 0.508766 0.0878906 0.973835 0.175781
109 0.507596 0.899306 0.963691 0.201389
110 0.504865 0.478009 0.970714 0.384259
109 0.500963 0.936343 0.962911 0.127315
102 0.507206 0.0762442 0.970714 0.152488
68 0.505645 0.926505 0.956668 0.146991
84 0.508766 0.0878906 0.973835 0.175781
52 0.504865 0.478009 0.970714 0.384259
68 0.508376 0.471354 0.969934 0.385995
67 0.526714 0.471354 0.933259 0.383681
101 0.508766 0.476563 0.972275 0.377894
102 0.508766 0.476563 0.972275 0.377894
111 0.526714 0.471354 0.933259 0.383681
77 0.508766 0.476563 0.972275 0.377894
95 0.526714 0.471354 0.933259 0.383681
53 0.507986 0.475694 0.969153 0.384259
16 0.361287 0.480903 0.0374552 0.0416667
68 0.504085 0.478877 0.964471 0.376736
67 0.494721 0.463542 0.989441 0.398148
102 0.501744 0.469907 0.962911 0.388889
77 0.501744 0.469907 0.962911 0.388889
101 0.501744 0.469907 0.962911 0.388889
53 0.501744 0.469907 0.962911 0.388889
109 0.501744 0.469907 0.962911 0.388889
95 0.501744 0.469907 0.962911 0.388889
111 0.501744 0.469907 0.962911 0.388889
52 0.501744 0.469907 0.962911 0.388889
68 0.504865 0.472801 0.973835 0.383102
67 0.507206 0.472873 0.969153 0.391059
77 0.504865 0.472801 0.973835 0.383102
109 0.504085 0.471933 0.980078 0.389468
101 0.504865 0.472801 0.973835 0.383102
84 0.526714 0.471933 0.928577 0.38831
102 0.504865 0.472801 0.973835 0.383102
111 0.507206 0.472801 0.969153 0.386574
95 0.526714 0.471933 0.928577 0.38831
53 0.506816 0.471354 0.968373 0.387153
56 0.507206 0.472801 0.969153 0.386574
68 0.499403 0.472801 0.976956 0.387731
67 0.49238 0.477141 0.98476 0.383681
101 0.501353 0.474537 0.963691 0.380787
77 0.494331 0.476273 0.983979 0.385417
102 0.504475 0.473669 0.957448 0.385995
53 0.494331 0.476273 0.983979 0.385417
111 0.49238 0.477141 0.98476 0.383681
77 0.503304 0.474826 0.96135 0.377894
68 0.497842 0.490162 0.955108 0.34375
101 0.503304 0.474826 0.96135 0.377894
67 0.504475 0.471065 0.966812 0.386574
111 0.502914 0.472801 0.966812 0.383102
102 0.503304 0.474826 0.96135 0.377894
101 0.506035 0.0798611 0.968373 0.159722
53 0.502524 0.468171 0.966032 0.380787
102 0.506035 0.0798611 0.968373 0.159722
48 0.503304 0.474826 0.96135 0.377894
77 0.506035 0.0798611 0.968373 0.159722
68 0.505645 0.0815249 0.964471 0.16305
68 0.500183 0.472801 0.964471 0.388889
67 0.49394 0.471644 0.978517 0.383102
101 0.500183 0.472801 0.964471 0.388889
77 0.500963 0.470775 0.967593 0.385995
102 0.500183 0.472801 0.964471 0.388889
53 0.500963 0.470775 0.967593 0.385995
48 0.500963 0.470775 0.967593 0.385995
111 0.501744 0.473958 0.95979 0.37963
109 0.501744 0.473958 0.95979 0.37963
68 0.504865 0.0835503 0.96135 0.167101
95 0.500183 0.472801 0.964471 0.388889
67 0.504865 0.0835503 0.96135 0.167101
67 0.500963 0.473958 0.966032 0.376157
68 0.501744 0.472222 0.95979 0.381944
77 0.501744 0.471065 0.95979 0.383102
101 0.501744 0.471065 0.95979 0.383102
53 0.501744 0.471065 0.95979 0.383102
102 0.501744 0.471065 0.95979 0.383102
111 0.500963 0.472801 0.964471 0.378472
48 0.500963 0.472801 0.964471 0.378472
95 0.500963 0.472801 0.964471 0.378472
56 0.500963 0.472801 0.964471 0.378472
67 0.511107 0.474826 0.962911 0.381366
68 0.505255 0.468099 0.974616 0.392506
101 0.505255 0.468099 0.974616 0.392506
77 0.505255 0.468099 0.974616 0.392506
102 0.505255 0.468099 0.974616 0.392506
53 0.504865 0.474537 0.969153 0.381944
111 0.504865 0.474537 0.969153 0.381944
16 0.363237 0.48206 0.0405765 0.0405093
67 0.515789 0.472801 0.956668 0.381944
68 0.509547 0.471065 0.967593 0.385417
77 0.508766 0.47338 0.967593 0.37963
111 0.518911 0.472801 0.951986 0.385417
53 0.508766 0.47338 0.967593 0.37963
56 0.508766 0.47338 0.967593 0.37963
48 0.508766 0.47338 0.967593 0.37963
6 0.508766 0.47338 0.967593 0.37963
68 0.504085 0.47338 0.973835 0.381944
67 0.502524 0.47309 0.983199 0.383681
101 0.510327 0.0894821 0.966032 0.178964
101 0.504085 0.47338 0.973835 0.381944
102 0.510327 0.0894821 0.966032 0.178964
53 0.508376 0.474537 0.968373 0.37963
68 0.510327 0.0894821 0.966032 0.178964
102 0.504085 0.47338 0.973835 0.381944
77 0.504085 0.47338 0.973835 0.381944
95 0.507986 0.476852 0.969153 0.381944
67 0.497062 0.474537 0.98476 0.383102
68 0.501744 0.475116 0.969153 0.376157
68 0.502134 0.95081 0.959009 0.0983796
68 0.502134 0.915509 0.974615 0.168981
53 0.504865 0.474537 0.962911 0.373843
67 0.502134 0.915509 0.974615 0.168981
67 0.502134 0.95081 0.959009 0.0983796
77 0.504865 0.474537 0.962911 0.373843
101 0.502134 0.95081 0.959009 0.0983796
67 0.512278 0.471933 0.957449 0.382523
68 0.500573 0.471644 0.976176 0.381944
77 0.504085 0.473958 0.964471 0.37963
111 0.497842 0.470414 0.983199 0.387876
56 0.504085 0.473958 0.964471 0.37963
53 0.507206 0.473958 0.964471 0.378472
84 0.497842 0.470414 0.983199 0.387876
48 0.504085 0.473958 0.964471 0.37963
95 0.504085 0.473958 0.964471 0.37963
109 0.504085 0.473958 0.964471 0.37963
67 0.498622 0.47309 0.98476 0.381366
68 0.503304 0.480035 0.956668 0.374421
77 0.500963 0.477431 0.958229 0.373843
15 0.96819 0.145255 0.0636201 0.290509
101 0.491599 0.965857 0.951986 0.068287
68 0.491599 0.965857 0.951986 0.068287
68 0.507986 0.473669 0.958229 0.382523
67 0.502914 0.472222 0.96057 0.380787
95 0.502914 0.472222 0.96057 0.380787
77 0.500183 0.472801 0.972275 0.385417
67 0.499403 0.470197 0.978517 0.385995
68 0.500183 0.471644 0.972275 0.381944
77 0.500183 0.471644 0.972275 0.381944
95 0.504085 0.47338 0.959789 0.375
101 0.500183 0.471644 0.972275 0.381944
111 0.504085 0.47338 0.959789 0.375
53 0.500183 0.471644 0.972275 0.381944
84 0.504085 0.47338 0.959789 0.375
6 0.508766 0.472222 0.958229 0.37963
56 0.504085 0.47338 0.959789 0.375
102 0.500183 0.471644 0.972275 0.381944
67 0.512668 0.472512 0.967593 0.383681
68 0.505645 0.474537 0.976956 0.380787
53 0.507596 0.472801 0.966812 0.387731
95 0.507596 0.472801 0.966812 0.387731
77 0.506425 0.473958 0.975396 0.381944
67 0.506425 0.473958 0.975396 0.381944
68 0.503304 0.475694 0.972275 0.383102
53 0.508376 0.475116 0.96213 0.381944
77 0.506035 0.474826 0.96213 0.379051
102 0.503304 0.477431 0.972275 0.37963
101 0.503304 0.477431 0.972275 0.37963
111 0.500573 0.472801 0.983979 0.384259
6 0.508376 0.475116 0.96213 0.381944
95 0.506035 0.474826 0.96213 0.379051
84 0.506035 0.474826 0.96213 0.379051
67 0.501353 0.474537 0.980858 0.385417
77 0.503694 0.473669 0.969934 0.385995
68 0.503304 0.476273 0.969153 0.381944
48 0.503304 0.475984 0.969153 0.381366
53 0.503694 0.473669 0.969934 0.385995
111 0.504865 0.474537 0.959789 0.385417
101 0.503694 0.473669 0.969934 0.385995
102 0.503694 0.473669 0.969934 0.385995
84 0.503304 0.475984 0.969153 0.381366
6 0.503694 0.473669 0.969934 0.385995
52 0.503694 0.473669 0.969934 0.385995
68 0.502524 0.471644 0.964471 0.380787
67 0.497452 0.471644 0.983979 0.385417
95 0.503694 0.470775 0.955888 0.376736
68 0.510327 0.957176 0.925456 0.0856481
102 0.502524 0.471644 0.964471 0.380787
101 0.502524 0.471644 0.964471 0.380787
77 0.503694 0.470775 0.955888 0.376736
53 0.503694 0.470775 0.955888 0.376736
6 0.495501 0.471644 0.98476 0.385417
68 0.506035 0.472512 0.955888 0.384838
67 0.499403 0.472801 0.983199 0.380787
77 0.499403 0.472801 0.983199 0.380787
53 0.500183 0.47338 0.981638 0.385417
102 0.506035 0.472512 0.955888 0.384838
67 0.681607 0.471644 0.614109 0.384259
67 0.501744 0.475116 0.980078 0.383102
68 0.507596 0.476273 0.969934 0.371528
53 0.498622 0.473958 0.983199 0.378472
77 0.507206 0.472512 0.964471 0.377894
84 0.507206 0.472512 0.964471 0.377894
67 0.665708 0.471644 0.647468 0.383102
68 0.509937 0.471933 0.955888 0.387153
67 0.502914 0.475984 0.974615 0.385995
77 0.508376 0.472801 0.959009 0.384259
53 0.508376 0.472801 0.959009 0.384259
95 0.508376 0.472801 0.959009 0.384259
101 0.508376 0.472801 0.959009 0.384259
68 0.507986 0.475116 0.962911 0.376157
67 0.505255 0.47772 0.971494 0.373264
95 0.506425 0.472222 0.962911 0.372685
77 0.506425 0.472222 0.962911 0.372685
68 0.498622 0.947917 0.967593 0.104167
53 0.504865 0.477431 0.972275 0.375
109 0.506425 0.472222 0.962911 0.372685
84 0.506425 0.472222 0.962911 0.372685
67 0.502134 0.475694 0.977737 0.37963
68 0.502524 0.474826 0.975396 0.382523
68 0.49199 0.949653 0.951206 0.100694
95 0.508376 0.476273 0.955888 0.373843
77 0.508376 0.476273 0.955888 0.373843
67 0.507206 0.475116 0.96135 0.376157
68 0.504475 0.475694 0.969934 0.380787
77 0.505645 0.475984 0.967593 0.374421
53 0.505645 0.475984 0.967593 0.374421
67 0.507986 0.475116 0.969153 0.378472
68 0.502524 0.471354 0.976956 0.384838
77 0.508376 0.472801 0.965252 0.378472
53 0.507986 0.473958 0.969153 0.380787
67 0.507986 0.473958 0.966032 0.384259
68 0.501744 0.471137 0.972275 0.387587
95 0.507986 0.473958 0.966032 0.384259
77 0.507986 0.473958 0.966032 0.384259
111 0.507986 0.473958 0.966032 0.384259
67 0.501744 0.474537 0.978517 0.385417
68 0.508376 0.477141 0.971494 0.377894
6 0.507206 0.47338 0.967593 0.385417
67 0.502524 0.475405 0.975396 0.380208
68 0.507986 0.481482 0.966032 0.368056
77 0.507986 0.476273 0.964471 0.373843
95 0.507986 0.476273 0.964471 0.373843
84 0.507986 0.476273 0.964471 0.373843
111 0.507986 0.476273 0.964471 0.373843
6 0.507986 0.481482 0.966032 0.368056
67 0.502524 0.475116 0.973835 0.377315
68 0.496672 0.475694 0.979297 0.380787
6 0.507206 0.476273 0.95979 0.378472
77 0.504475 0.477431 0.966812 0.372685
53 0.507206 0.476273 0.95979 0.378472
67 0.500963 0.474248 0.978517 0.382523
68 0.501744 0.475984 0.969153 0.379051
77 0.506425 0.473958 0.962911 0.383102
111 0.506425 0.473958 0.962911 0.383102
6 0.505645 0.474248 0.96135 0.381366
68 0.498622 0.950232 0.964471 0.099537
67 0.499013 0.473669 0.980858 0.381366
68 0.505645 0.47338 0.962911 0.380787
77 0.502134 0.475116 0.971494 0.376157
67 0.652345 0.472222 0.671072 0.380787
111 0.505645 0.47338 0.962911 0.380787
53 0.500963 0.475116 0.970714 0.378472
6 0.505645 0.47338 0.962911 0.380787
95 0.505645 0.47338 0.962911 0.380787
84 0.505645 0.47338 0.962911 0.380787
67 0.509937 0.473669 0.959009 0.377894
68 0.505645 0.474248 0.96135 0.379051
77 0.501353 0.47338 0.973055 0.380787
6 0.500963 0.472801 0.973835 0.381944
53 0.500963 0.472801 0.973835 0.381944
67 0.509157 0.474248 0.96213 0.379051
68 0.504085 0.474248 0.96135 0.377894
77 0.501744 0.474248 0.970714 0.380208
6 0.501744 0.473958 0.969153 0.380787
111 0.504085 0.474248 0.96135 0.377894
67 0.497062 0.472222 0.981638 0.384259
68 0.504085 0.473958 0.958229 0.384259
77 0.502134 0.475405 0.965252 0.380208
53 0.501744 0.475116 0.964471 0.37963
6 0.501744 0.475116 0.964471 0.37963
111 0.504085 0.473958 0.958229 0.384259
67 0.508766 0.472801 0.96135 0.380787
68 0.502914 0.473958 0.96057 0.380787
111 0.502914 0.473958 0.96057 0.380787
77 0.502524 0.475116 0.964471 0.380787
67 0.511107 0.471933 0.96135 0.384838
68 0.504865 0.47338 0.964471 0.387731
68 0.507596 0.961227 0.976176 0.0775462
77 0.504865 0.47338 0.964471 0.387731
67 0.511107 0.471933 0.962911 0.384838
68 0.505645 0.473958 0.967593 0.387731
77 0.505645 0.473958 0.967593 0.387731
95 0.505645 0.473958 0.967593 0.387731
67 0.511107 0.471933 0.95979 0.383681
68 0.506035 0.473958 0.966812 0.383102
77 0.504475 0.475116 0.971494 0.383102
111 0.506035 0.474826 0.966812 0.383681
95 0.506035 0.474826 0.966812 0.383681
67 0.511888 0.47338 0.95979 0.383102
68 0.502524 0.475405 0.975396 0.382523
77 0.502524 0.475405 0.975396 0.382523
111 0.506816 0.474826 0.965252 0.384838
95 0.506816 0.474826 0.965252 0.384838
67 0.514229 0.47338 0.956668 0.381944
68 0.504865 0.475116 0.972275 0.383102
77 0.506816 0.475694 0.965252 0.380787
95 0.506816 0.475694 0.965252 0.380787
111 0.506816 0.475694 0.965252 0.380787
67 0.511107 0.473958 0.962911 0.380787
68 0.503304 0.475694 0.972275 0.381944
77 0.506035 0.475116 0.965252 0.381944
67 0.510327 0.47338 0.964471 0.381944
68 0.503304 0.475405 0.972275 0.380208
77 0.506425 0.475694 0.966032 0.381944
111 0.506425 0.475694 0.966032 0.381944
67 0.505255 0.474826 0.968373 0.384838
68 0.502524 0.476273 0.973835 0.378472
77 0.505645 0.475116 0.967593 0.381944
95 0.505645 0.475116 0.967593 0.381944
111 0.505645 0.475116 0.967593 0.381944
84 0.505645 0.475116 0.967593 0.381944
68 0.498232 0.967593 0.973055 0.0648148
67 0.504865 0.474248 0.967593 0.384838
68 0.505645 0.474537 0.967593 0.383102
77 0.505645 0.474537 0.967593 0.383102
95 0.505645 0.474537 0.967593 0.383102
6 0.505645 0.474537 0.967593 0.383102
111 0.505645 0.474537 0.967593 0.383102
67 0.505255 0.473669 0.968373 0.385995
68 0.505645 0.47338 0.967593 0.383102
77 0.505645 0.47338 0.967593 0.383102
6 0.505645 0.47338 0.967593 0.383102
95 0.505645 0.47338 0.967593 0.383102
67 0.505645 0.47309 0.969153 0.387153
68 0.506035 0.47309 0.966812 0.384838
77 0.505645 0.476852 0.973835 0.378472
6 0.506035 0.47309 0.966812 0.384838
95 0.506035 0.47309 0.966812 0.384838
111 0.506035 0.47309 0.966812 0.384838
67 0.511107 0.472801 0.956668 0.384259
68 0.505645 0.472801 0.967593 0.385417
77 0.504085 0.47772 0.973835 0.377894
95 0.505645 0.472801 0.967593 0.385417
6 0.505645 0.472801 0.967593 0.385417
111 0.505645 0.472801 0.967593 0.385417
67 0.511888 0.472801 0.956668 0.383102
68 0.501744 0.478009 0.972275 0.373843
77 0.502524 0.478299 0.973835 0.376736
95 0.504865 0.47338 0.966032 0.384259
6 0.504865 0.47338 0.966032 0.384259
67 0.512278 0.47338 0.955888 0.381944
68 0.503304 0.478299 0.975396 0.375579
77 0.503304 0.478299 0.975396 0.375579
95 0.505645 0.474537 0.967593 0.381944
6 0.505645 0.474537 0.967593 0.381944
67 0.511888 0.47309 0.956668 0.382523
68 0.503304 0.478299 0.975396 0.375579
95 0.505645 0.474537 0.967593 0.381944
77 0.503304 0.478299 0.975396 0.375579
6 0.505645 0.474537 0.967593 0.381944
67 0.511888 0.472801 0.958229 0.383102
68 0.504475 0.478299 0.976176 0.375579
95 0.505645 0.474537 0.967593 0.381944
77 0.504475 0.478299 0.976176 0.375579
67 0.511107 0.47338 0.95979 0.383102
68 0.505645 0.473958 0.967593 0.383102
95 0.505645 0.473958 0.967593 0.383102
67 0.510327 0.47338 0.959789 0.383102
68 0.502524 0.477141 0.972275 0.374421
95 0.504865 0.474537 0.966032 0.381944
67 0.504085 0.474826 0.964471 0.382523
68 0.501744 0.476852 0.972275 0.375
95 0.504085 0.475116 0.964471 0.380787
67 0.508766 0.473669 0.96135 0.383681
68 0.504085 0.474537 0.964471 0.380787
95 0.504085 0.474537 0.964471 0.380787
77 0.502524 0.478299 0.970714 0.376736
67 0.504085 0.475116 0.964471 0.381944
68 0.504085 0.475116 0.964471 0.380787
95 0.504085 0.475116 0.964471 0.380787
77 0.501744 0.476563 0.969153 0.376736
67 0.504085 0.475405 0.964471 0.382523
68 0.504865 0.474826 0.964471 0.380208
6 0.504865 0.474826 0.964471 0.380208
67 0.504865 0.475405 0.964471 0.382523
68 0.504865 0.474826 0.966032 0.380208
6 0.504865 0.474826 0.966032 0.380208
67 0.504865 0.475405 0.964471 0.382523
68 0.504865 0.474826 0.966032 0.380208
6 0.504865 0.474826 0.966032 0.380208
67 0.500183 0.475116 0.976956 0.383102
68 0.504085 0.475116 0.964471 0.37963
6 0.504085 0.475116 0.964471 0.37963
95 0.504085 0.475116 0.964471 0.37963
77 0.503304 0.475694 0.969153 0.377315
67 0.504865 0.475116 0.964471 0.381944
68 0.504085 0.474826 0.964471 0.380208
6 0.504085 0.474826 0.964471 0.380208
95 0.504085 0.474826 0.964471 0.380208
77 0.504085 0.475694 0.967593 0.377315
67 0.505645 0.475116 0.964471 0.381944
68 0.504865 0.474537 0.964471 0.37963
6 0.504865 0.474537 0.964471 0.37963
95 0.504865 0.474537 0.964471 0.37963
77 0.504085 0.475694 0.967593 0.377315
67 0.505645 0.475116 0.964471 0.380787
68 0.504865 0.474826 0.964471 0.379051
6 0.504865 0.474826 0.964471 0.379051
95 0.504865 0.474826 0.964471 0.379051
77 0.505255 0.476563 0.968373 0.377894
67 0.505645 0.474826 0.964471 0.381366
68 0.505255 0.474537 0.965252 0.37963
6 0.505255 0.474537 0.965252 0.37963
95 0.505255 0.474537 0.965252 0.37963
77 0.504865 0.476273 0.969153 0.378472
67 0.505645 0.474826 0.964471 0.381366
68 0.504865 0.474537 0.966032 0.37963
77 0.504865 0.476273 0.969153 0.378472
6 0.504865 0.474537 0.966032 0.37963
95 0.504865 0.474537 0.966032 0.37963
67 0.505645 0.474826 0.964471 0.381366
68 0.505255 0.474537 0.965252 0.37963
77 0.504865 0.476273 0.969153 0.378472
6 0.505255 0.474537 0.965252 0.37963
95 0.505255 0.474537 0.965252 0.37963
67 0.505645 0.474826 0.964471 0.381366
68 0.505255 0.474537 0.965252 0.37963
77 0.505255 0.475984 0.968373 0.379051
6 0.505255 0.474537 0.965252 0.37963
95 0.505255 0.474537 0.965252 0.37963
67 0.505255 0.474537 0.965252 0.381944
68 0.504865 0.474537 0.966032 0.37963
77 0.505255 0.475984 0.968373 0.379051
6 0.504865 0.474537 0.966032 0.37963
95 0.504865 0.474537 0.966032 0.37963
67 0.501353 0.474537 0.976176 0.381944
68 0.505645 0.474248 0.964471 0.380208
6 0.505645 0.474248 0.964471 0.380208
77 0.505255 0.475694 0.968373 0.37963
95 0.505645 0.474248 0.964471 0.380208
67 0.501353 0.474537 0.976176 0.381944
68 0.505645 0.474537 0.964471 0.37963
6 0.505645 0.474537 0.964471 0.37963
77 0.504865 0.475694 0.969153 0.37963
67 0.501353 0.474537 0.976176 0.381944
68 0.504865 0.474537 0.964471 0.37963
6 0.504865 0.474537 0.964471 0.37963
77 0.504865 0.475984 0.967593 0.379051
67 0.500963 0.474537 0.976956 0.381944
68 0.504865 0.474537 0.962911 0.37963
6 0.504865 0.474537 0.962911 0.37963
77 0.504865 0.476273 0.967593 0.378472
67 0.512668 0.47338 0.958229 0.381944
68 0.504865 0.474537 0.962911 0.37963
6 0.504865 0.474537 0.962911 0.37963
77 0.504475 0.476273 0.968373 0.378472
67 0.512278 0.47338 0.959009 0.381944
68 0.504865 0.474537 0.962911 0.37963
6 0.504865 0.474537 0.962911 0.37963
77 0.504475 0.475984 0.968373 0.377894
67 0.511888 0.47338 0.95979 0.381944
68 0.504865 0.474537 0.962911 0.37963
6 0.504865 0.474537 0.962911 0.37963
77 0.504475 0.475984 0.968373 0.377894
67 0.500963 0.474248 0.976956 0.382523
68 0.504865 0.474537 0.962911 0.37963
6 0.504865 0.474537 0.962911 0.37963
77 0.504475 0.475984 0.968373 0.377894
67 0.500963 0.473958 0.976956 0.381944
68 0.505645 0.474537 0.962911 0.37963
6 0.505645 0.474537 0.962911 0.37963
77 0.504865 0.476273 0.969153 0.377315
67 0.500963 0.474248 0.976956 0.382523
68 0.504865 0.474537 0.962911 0.37963
6 0.504865 0.474537 0.962911 0.37963
77 0.504085 0.476273 0.969153 0.377315
67 0.500963 0.474248 0.976956 0.382523
68 0.504865 0.474537 0.962911 0.37963
6 0.504865 0.474537 0.962911 0.37963
77 0.504085 0.476273 0.969153 0.378472
67 0.500963 0.474248 0.976956 0.382523
68 0.504865 0.474537 0.962911 0.37963
6 0.504865 0.474537 0.962911 0.37963
77 0.504865 0.475984 0.969153 0.377894
67 0.500963 0.473958 0.976956 0.383102
68 0.505645 0.474537 0.962911 0.37963
6 0.505645 0.474537 0.962911 0.37963
77 0.504475 0.475984 0.969934 0.377894
67 0.500963 0.473958 0.976956 0.383102
68 0.505255 0.474537 0.963691 0.380787
6 0.505255 0.474537 0.963691 0.380787
77 0.504475 0.475984 0.969934 0.377894
67 0.500963 0.473958 0.976956 0.383102
68 0.505645 0.474248 0.962911 0.380208
6 0.505645 0.474248 0.962911 0.380208
77 0.504475 0.476273 0.969934 0.377315
67 0.500963 0.473958 0.976956 0.383102
68 0.505255 0.474248 0.963691 0.380208
77 0.504475 0.475984 0.969934 0.377894
6 0.505255 0.474248 0.963691 0.380208
67 0.500963 0.473958 0.976956 0.383102
68 0.505255 0.474248 0.963691 0.380208
77 0.504085 0.476273 0.970714 0.377315
6 0.505255 0.474248 0.963691 0.380208
67 0.501744 0.473958 0.976956 0.383102
68 0.505255 0.474248 0.963691 0.380208
77 0.504085 0.476273 0.970714 0.377315
6 0.505255 0.474248 0.963691 0.380208
67 0.501353 0.473958 0.977737 0.383102
68 0.505255 0.474537 0.963691 0.37963
77 0.504085 0.475984 0.970714 0.377894
6 0.505255 0.474537 0.963691 0.37963
67 0.501353 0.473958 0.977737 0.383102
68 0.505255 0.474537 0.963691 0.37963
6 0.505255 0.474537 0.963691 0.37963
77 0.504085 0.475984 0.970714 0.377894
67 0.501353 0.473958 0.977737 0.383102
68 0.505255 0.474537 0.963691 0.37963
6 0.505255 0.474537 0.963691 0.37963
77 0.504085 0.475984 0.970714 0.377894
67 0.500963 0.473958 0.976956 0.383102
68 0.505255 0.474537 0.963691 0.37963
6 0.505255 0.474537 0.963691 0.37963
77 0.504085 0.475984 0.970714 0.377894
67 0.500963 0.473669 0.976956 0.382523
68 0.505255 0.474537 0.963691 0.37963
6 0.505255 0.474537 0.963691 0.37963
77 0.504085 0.475984 0.970714 0.377894
67 0.500963 0.473958 0.976956 0.383102
68 0.505255 0.474537 0.963691 0.37963
6 0.505255 0.474537 0.963691 0.37963
77 0.504085 0.475694 0.970714 0.378472
67 0.500963 0.473669 0.976956 0.382523
68 0.505255 0.474537 0.963691 0.37963
6 0.505255 0.474537 0.963691 0.37963
77 0.504085 0.475694 0.970714 0.378472
67 0.500963 0.473669 0.976956 0.382523
68 0.505255 0.474537 0.963691 0.37963
6 0.505255 0.474537 0.963691 0.37963
77 0.504085 0.475694 0.970714 0.378472
67 0.500963 0.473958 0.976956 0.383102
68 0.505255 0.474537 0.963691 0.37963
6 0.505255 0.474537 0.963691 0.37963
77 0.504085 0.475984 0.970714 0.377894
67 0.501744 0.473958 0.976956 0.383102
68 0.505255 0.474537 0.963691 0.37963
6 0.505255 0.474537 0.963691 0.37963
77 0.504085 0.475694 0.970714 0.378472
67 0.501353 0.473669 0.977737 0.382523
68 0.505255 0.474537 0.963691 0.37963
6 0.505255 0.474537 0.963691 0.37963
77 0.504085 0.475694 0.970714 0.378472
67 0.500963 0.473669 0.976956 0.382523
68 0.504865 0.474537 0.964471 0.37963
6 0.504865 0.474537 0.964471 0.37963
77 0.504085 0.475694 0.970714 0.378472
67 0.500963 0.472512 0.978517 0.382523
68 0.504865 0.474537 0.964471 0.37963
6 0.504865 0.474537 0.964471 0.37963
77 0.504085 0.475694 0.970714 0.378472
67 0.500963 0.473669 0.976956 0.382523
68 0.504865 0.474537 0.964471 0.37963
6 0.504865 0.474537 0.964471 0.37963
77 0.504085 0.475694 0.970714 0.378472
67 0.500963 0.473669 0.976956 0.382523
68 0.504865 0.474537 0.964471 0.37963
6 0.504865 0.474537 0.964471 0.37963
77 0.504085 0.475694 0.970714 0.378472
67 0.500963 0.473669 0.976956 0.382523
68 0.504865 0.474537 0.962911 0.37963
6 0.504865 0.474537 0.962911 0.37963
77 0.504085 0.475694 0.969153 0.378472
67 0.500963 0.472801 0.978517 0.383102
68 0.504865 0.474537 0.962911 0.37963
6 0.504865 0.474537 0.962911 0.37963
77 0.504085 0.475694 0.969153 0.378472
67 0.500963 0.472512 0.978517 0.382523
68 0.505255 0.474248 0.963691 0.379051
6 0.505255 0.474248 0.963691 0.379051
77 0.504085 0.475694 0.969153 0.378472
67 0.500963 0.472801 0.978517 0.383102
68 0.505255 0.474248 0.963691 0.379051
6 0.505255 0.474248 0.963691 0.379051
77 0.503304 0.475694 0.969153 0.378472
67 0.500963 0.472801 0.978517 0.383102
68 0.504865 0.474537 0.962911 0.37963
6 0.504865 0.474537 0.962911 0.37963
77 0.504085 0.475694 0.969153 0.378472
67 0.500963 0.472512 0.976956 0.382523
68 0.504865 0.474537 0.962911 0.37963
6 0.504865 0.474537 0.962911 0.37963
77 0.504085 0.475694 0.969153 0.378472
67 0.500963 0.473958 0.976956 0.381944
68 0.504865 0.474537 0.962911 0.37963
6 0.504865 0.474537 0.962911 0.37963
77 0.504085 0.475694 0.969153 0.378472
67 0.500963 0.47338 0.976956 0.381944
68 0.505255 0.474537 0.963691 0.37963
6 0.505255 0.474537 0.963691 0.37963
77 0.504085 0.475694 0.969153 0.378472
67 0.500963 0.47338 0.976956 0.381944
68 0.504865 0.474537 0.962911 0.37963
6 0.504865 0.474537 0.962911 0.37963
77 0.504085 0.475694 0.969153 0.378472
67 0.500573 0.472512 0.977737 0.382523
68 0.504865 0.474248 0.962911 0.379051
6 0.504865 0.474248 0.962911 0.379051
77 0.504085 0.475694 0.969153 0.378472
67 0.500573 0.472512 0.977737 0.382523
68 0.504865 0.474537 0.962911 0.37963
6 0.504865 0.474537 0.962911 0.37963
77 0.504085 0.475405 0.969153 0.377894
67 0.500573 0.47309 0.977737 0.382523
68 0.504865 0.474537 0.962911 0.37963
6 0.504865 0.474537 0.962911 0.37963
77 0.503304 0.475694 0.969153 0.378472
67 0.500573 0.47309 0.977737 0.382523
68 0.504865 0.474537 0.962911 0.37963
6 0.504865 0.474537 0.962911 0.37963
77 0.503304 0.475405 0.969153 0.377894
67 0.504865 0.47309 0.966032 0.382523
68 0.504865 0.474248 0.962911 0.380208
6 0.504865 0.474248 0.962911 0.380208
77 0.503304 0.475116 0.969153 0.378472
67 0.504865 0.47309 0.966032 0.382523
68 0.504865 0.473958 0.962911 0.37963
6 0.504865 0.473958 0.962911 0.37963
77 0.503304 0.475405 0.969153 0.379051
67 0.504865 0.47309 0.964471 0.382523
68 0.504865 0.473958 0.962911 0.37963
6 0.504865 0.473958 0.962911 0.37963
77 0.503304 0.475116 0.969153 0.378472
67 0.504865 0.472801 0.964471 0.383102
68 0.504865 0.473958 0.962911 0.37963
6 0.504865 0.473958 0.962911 0.37963
77 0.503304 0.475405 0.969153 0.379051
67 0.504865 0.472801 0.964471 0.383102
68 0.504865 0.473958 0.962911 0.37963
6 0.504865 0.473958 0.962911 0.37963
77 0.503304 0.475116 0.969153 0.378472
67 0.504085 0.472801 0.964471 0.383102
68 0.504865 0.473958 0.962911 0.37963
6 0.504865 0.473958 0.962911 0.37963
77 0.503304 0.475116 0.969153 0.378472
67 0.504085 0.472801 0.964471 0.383102
68 0.504865 0.473958 0.962911 0.37963
6 0.504865 0.473958 0.962911 0.37963
77 0.503304 0.475405 0.969153 0.379051
67 0.504085 0.47309 0.964471 0.382523
68 0.504865 0.473958 0.962911 0.37963
6 0.504865 0.473958 0.962911 0.37963
77 0.503304 0.475405 0.969153 0.379051
