50 0.497721 0.497126 0.984521 0.393103
48 0.4907 0.504023 0.967358 0.375862
68 0.4907 0.504023 0.967358 0.375862
49 0.4907 0.504023 0.967358 0.375862
101 0.4907 0.504023 0.967358 0.375862
74 0.4907 0.504023 0.967358 0.375862
53 0.49226 0.505172 0.967358 0.373563
95 0.4907 0.504023 0.967358 0.375862
103 0.4907 0.504023 0.967358 0.375862
104 0.4907 0.504023 0.967358 0.375862
67 0.4907 0.504023 0.967358 0.375862
54 0.49226 0.505172 0.967358 0.373563
79 0.4907 0.504023 0.967358 0.375862
109 0.4907 0.504023 0.967358 0.375862
46 0.4907 0.504023 0.967358 0.375862
56 0.4907 0.504023 0.967358 0.375862
111 0.4907 0.504023 0.967358 0.375862
97 0.4907 0.504023 0.967358 0.375862
77 0.497721 0.497126 0.984521 0.393103
66 0.4907 0.504023 0.967358 0.375862
81 0.49226 0.505172 0.967358 0.373563
17 0.497721 0.497126 0.984521 0.393103
76 0.4907 0.504023 0.967358 0.375862
75 0.497721 0.497126 0.984521 0.393103
100 0.4907 0.504023 0.967358 0.375862
102 0.48797 0.51408 0.957217 0.359195
42 0.4907 0.504023 0.967358 0.375862
84 0.49226 0.505172 0.967358 0.373563
73 0.497721 0.497126 0.984521 0.393103
33 0.4907 0.504023 0.967358 0.375862
110 0.4907 0.504023 0.967358 0.375862
47 0.498502 0.502586 0.9814 0.382184
38 0.49226 0.505172 0.967358 0.373563
108 0.4907 0.504023 0.967358 0.375862
80 0.4907 0.504023 0.967358 0.375862
31 0.4907 0.504023 0.967358 0.375862
5 0.497721 0.497126 0.984521 0.393103
16 0.497721 0.497126 0.984521 0.393103
7 0.4907 0.504023 0.967358 0.375862
99 0.494211 0.512931 0.961897 0.360345
15 0.4907 0.504023 0.967358 0.375862
14 0.49226 0.505172 0.967358 0.373563
105 0.4907 0.504023 0.967358 0.375862
41 0.48797 0.51408 0.957217 0.359195
0 0.4907 0.504023 0.967358 0.375862
65 0.4907 0.504023 0.967358 0.375862
51 0.503182 0.503161 0.975159 0.381034
78 0.497721 0.497126 0.984521 0.393103
11 0.48797 0.51408 0.957217 0.359195
28 0.4907 0.504023 0.967358 0.375862
52 0.497721 0.497126 0.984521 0.393103
94 0.49226 0.505172 0.967358 0.373563
34 0.4907 0.504023 0.967358 0.375862
26 0.500452 0.499425 0.974379 0.389655
21 0.49226 0.505172 0.967358 0.373563
12 0.497721 0.497126 0.984521 0.393103
13 0.48797 0.51408 0.957217 0.359195
48 0.61318 0.487356 0.758284 0.364368
4 0.494211 0.512931 0.961897 0.360345
88 0.497721 0.497126 0.984521 0.393103
92 0.49226 0.505172 0.967358 0.373563
64 0.497721 0.497126 0.984521 0.393103
24 0.4907 0.504023 0.967358 0.375862
36 0.4907 0.504023 0.967358 0.375862
72 0.498502 0.502586 0.9814 0.382184
50 0.641655 0.474713 0.701335 0.337931
55 0.4907 0.504023 0.967358 0.375862
62 0.48797 0.51408 0.957217 0.359195
48 0.503182 0.495977 0.97828 0.396552
50 0.507083 0.497701 0.975159 0.377012
46 0.498502 0.493103 0.951756 0.401149
101 0.503182 0.495977 0.97828 0.396552
111 0.500842 0.491667 0.957997 0.38908
49 0.508643 0.498851 0.967358 0.391954
99 0.508643 0.498851 0.967358 0.391954
110 0.507083 0.497701 0.975159 0.377012
100 0.508643 0.498851 0.967358 0.391954
67 0.503182 0.495977 0.97828 0.396552
68 0.507863 0.496839 0.965798 0.385632
75 0.508643 0.498851 0.967358 0.391954
47 0.503182 0.495977 0.97828 0.396552
109 0.498502 0.493103 0.951756 0.401149
53 0.503182 0.495977 0.97828 0.396552
51 0.503182 0.495977 0.97828 0.396552
102 0.503182 0.495977 0.97828 0.396552
103 0.498502 0.493103 0.951756 0.401149
73 0.498502 0.493103 0.951756 0.401149
52 0.503182 0.495977 0.97828 0.396552
77 0.507083 0.497701 0.975159 0.377012
95 0.498502 0.493103 0.951756 0.401149
76 0.498502 0.493103 0.951756 0.401149
111 0.499282 0.877874 0.982961 0.244253
50 0.501622 0.86954 0.993882 0.26092
54 0.503182 0.495977 0.97828 0.396552
84 0.508643 0.498851 0.967358 0.391954
48 0.499282 0.877874 0.982961 0.244253
50 0.512482 0.937356 0.975036 0.125287
56 0.498502 0.493103 0.951756 0.401149
68 0.493041 0.898851 0.973599 0.202299
50 0.18294 0.475862 0.356128 0.443678
48 0.387333 0.46092 0.751263 0.475862
48 0.216095 0.472989 0.410347 0.445977
97 0.507863 0.496839 0.965798 0.385632
46 0.264463 0.468966 0.497721 0.45977
50 0.387333 0.46092 0.751263 0.475862
101 0.501622 0.86954 0.993882 0.26092
46 0.387333 0.46092 0.751263 0.475862
46 0.501622 0.86954 0.993882 0.26092
48 0.499672 0.398204 0.957217 0.571408
105 0.503182 0.495977 0.97828 0.396552
73 0.501622 0.86954 0.993882 0.26092
50 0.571772 0.956034 0.856457 0.087931
88 0.503182 0.495977 0.97828 0.396552
109 0.501622 0.86954 0.993882 0.26092
68 0.512482 0.937356 0.975036 0.125287
50 0.499672 0.398204 0.957217 0.571408
101 0.216095 0.472989 0.410347 0.445977
101 0.387333 0.46092 0.751263 0.475862
49 0.216095 0.472989 0.410347 0.445977
110 0.501622 0.86954 0.993882 0.26092
49 0.501622 0.86954 0.993882 0.26092
49 0.512482 0.937356 0.975036 0.125287
46 0.512482 0.937356 0.975036 0.125287
99 0.499282 0.877874 0.982961 0.244253
104 0.503182 0.495977 0.97828 0.396552
46 0.18294 0.475862 0.356128 0.443678
102 0.501622 0.86954 0.993882 0.26092
111 0.512482 0.937356 0.975036 0.125287
99 0.512482 0.937356 0.975036 0.125287
100 0.501622 0.86954 0.993882 0.26092
76 0.499282 0.877874 0.982961 0.244253
50 0.264463 0.468966 0.497721 0.45977
75 0.501622 0.86954 0.993882 0.26092
17 0.507083 0.497701 0.975159 0.377012
50 0.496161 0.503448 0.987641 0.389655
50 0.495381 0.361494 0.987641 0.672414
49 0.496161 0.503448 0.987641 0.389655
49 0.495381 0.361494 0.987641 0.672414
48 0.496161 0.5 0.989202 0.401149
100 0.496161 0.503448 0.987641 0.389655
100 0.495381 0.361494 0.987641 0.672414
48 0.495381 0.361494 0.987641 0.672414
51 0.496161 0.503448 0.987641 0.389655
46 0.496161 0.503448 0.987641 0.389655
51 0.495381 0.361494 0.987641 0.672414
46 0.500062 0.350862 0.97672 0.681035
68 0.501232 0.492816 0.966578 0.406322
76 0.496161 0.503448 0.987641 0.389655
99 0.496161 0.503448 0.987641 0.389655
76 0.495381 0.361494 0.987641 0.672414
101 0.501232 0.492816 0.966578 0.406322
47 0.496161 0.503448 0.987641 0.389655
99 0.495381 0.361494 0.987641 0.672414
73 0.496161 0.503448 0.987641 0.389655
47 0.495381 0.361494 0.987641 0.672414
73 0.500062 0.350862 0.97672 0.681035
68 0.495381 0.361494 0.987641 0.672414
68 0.496551 0.273563 0.988422 0.547126
101 0.500062 0.350862 0.97672 0.681035
75 0.500062 0.350862 0.97672 0.681035
48 0.498501 0.736494 0.990762 0.527011
48 0.496551 0.273563 0.988422 0.547126
75 0.496161 0.503448 0.987641 0.389655
77 0.501232 0.492816 0.966578 0.406322
50 0.498501 0.736494 0.990762 0.527011
68 0.496551 0.741667 0.991542 0.516667
53 0.498892 0.337069 0.9775 0.674138
76 0.496551 0.273563 0.988422 0.547126
100 0.496551 0.273563 0.988422 0.547126
95 0.496161 0.241667 0.984521 0.483333
110 0.501232 0.492816 0.966578 0.406322
102 0.501232 0.492816 0.966578 0.406322
50 0.496551 0.273563 0.988422 0.547126
49 0.496551 0.273563 0.988422 0.547126
97 0.495381 0.361494 0.987641 0.672414
51 0.496551 0.273563 0.988422 0.547126
101 0.496161 0.241667 0.984521 0.483333
97 0.496161 0.503448 0.987641 0.389655
110 0.495381 0.361494 0.987641 0.672414
101 0.502012 0.735345 0.9775 0.52931
100 0.498501 0.736494 0.990762 0.527011
110 0.496551 0.273563 0.988422 0.547126
68 0.484849 0.191092 0.960337 0.382184
52 0.501232 0.492816 0.966578 0.406322
84 0.496551 0.273563 0.988422 0.547126
53 0.501232 0.492816 0.966578 0.406322
77 0.496161 0.241667 0.984521 0.483333
52 0.498892 0.337069 0.9775 0.674138
49 0.498501 0.736494 0.990762 0.527011
99 0.498501 0.736494 0.990762 0.527011
109 0.498892 0.337069 0.9775 0.674138
53 0.498501 0.736494 0.990762 0.527011
25 0.483679 0.508046 0.957997 0.386207
77 0.500062 0.350862 0.97672 0.681035
111 0.496551 0.273563 0.988422 0.547126
46 0.502402 0.731035 0.97984 0.537931
97 0.496551 0.273563 0.988422 0.547126
75 0.496161 0.241667 0.984521 0.483333
53 0.48641 0.2375 0.961897 0.475
50 0.500062 0.929885 0.968918 0.14023
51 0.498501 0.736494 0.990762 0.527011
99 0.496551 0.273563 0.988422 0.547126
78 0.496161 0.241667 0.984521 0.483333
50 0.484849 0.191092 0.960337 0.382184
102 0.500062 0.350862 0.97672 0.681035
67 0.498892 0.337069 0.9775 0.674138
48 0.484849 0.191092 0.960337 0.382184
102 0.496551 0.741667 0.991542 0.516667
47 0.496551 0.273563 0.988422 0.547126
17 0.495381 0.361494 0.987641 0.672414
109 0.483679 0.508046 0.957997 0.386207
67 0.501232 0.492816 0.966578 0.406322
74 0.496161 0.241667 0.984521 0.483333
17 0.483679 0.508046 0.957997 0.386207
50 0.642825 0.5 0.684952 0.396552
50 0.340136 0.510057 0.660768 0.345402
68 0.500062 0.929885 0.968918 0.14023
108 0.496161 0.241667 0.984521 0.483333
76 0.498501 0.736494 0.990762 0.527011
84 0.498501 0.413793 0.97984 0.827586
50 0.496941 0.633621 0.984521 0.732759
109 0.498501 0.736494 0.990762 0.527011
73 0.502402 0.731035 0.97984 0.537931
77 0.496551 0.741667 0.991542 0.516667
111 0.498501 0.736494 0.990762 0.527011
102 0.496161 0.241667 0.984521 0.483333
48 0.500062 0.929885 0.968918 0.14023
25 0.495381 0.361494 0.987641 0.672414
17 0.496551 0.273563 0.988422 0.547126
48 0.500062 0.0931035 0.975159 0.186207
95 0.495381 0.400862 0.990762 0.801724
80 0.496161 0.241667 0.984521 0.483333
84 0.498501 0.736494 0.990762 0.527011
46 0.496161 0.241667 0.984521 0.483333
73 0.496161 0.241667 0.984521 0.483333
111 0.483679 0.508046 0.957997 0.386207
100 0.484849 0.191092 0.960337 0.382184
49 0.484849 0.191092 0.960337 0.382184
52 0.48641 0.2375 0.961897 0.475
109 0.48641 0.2375 0.961897 0.475
111 0.498501 0.413793 0.97984 0.827586
84 0.496161 0.503448 0.987641 0.389655
68 0.500062 0.0931035 0.975159 0.186207
48 0.499282 0.633908 0.970479 0.721839
56 0.498892 0.337069 0.9775 0.674138
110 0.498501 0.736494 0.990762 0.527011
52 0.498501 0.736494 0.990762 0.527011
33 0.496551 0.273563 0.988422 0.547126
6 0.483679 0.508046 0.957997 0.386207
50 0.500062 0.0931035 0.975159 0.186207
88 0.503182 0.495977 0.975159 0.389655
47 0.498501 0.736494 0.990762 0.527011
67 0.48641 0.2375 0.961897 0.475
49 0.262123 0.504598 0.511764 0.34023
48 0.471197 0.835632 0.942394 0.328736
50 0.743461 0.505172 0.485239 0.366667
2 0.496551 0.273563 0.988422 0.547126
48 0.502402 0.0597701 0.962677 0.11954
2 0.483679 0.508046 0.957997 0.386207
101 0.500062 0.929885 0.968918 0.14023
68 0.502402 0.0597701 0.962677 0.11954
50 0.48992 0.504598 0.961117 0.404598
49 0.48992 0.504598 0.961117 0.404598
76 0.48992 0.504598 0.961117 0.404598
97 0.49148 0.504598 0.967358 0.404598
47 0.49148 0.504598 0.967358 0.404598
100 0.48992 0.504598 0.961117 0.404598
68 0.48992 0.504598 0.961117 0.404598
48 0.48992 0.504598 0.961117 0.404598
46 0.49148 0.504598 0.967358 0.404598
101 0.48992 0.504598 0.961117 0.404598
110 0.48992 0.504598 0.961117 0.404598
73 0.49148 0.504598 0.967358 0.404598
53 0.48992 0.504598 0.961117 0.404598
77 0.48992 0.504598 0.961117 0.404598
102 0.48992 0.504598 0.961117 0.404598
51 0.49148 0.504598 0.967358 0.404598
109 0.48992 0.504598 0.961117 0.404598
103 0.48992 0.504598 0.961117 0.404598
111 0.48992 0.504598 0.961117 0.404598
95 0.49148 0.504598 0.967358 0.404598
67 0.49148 0.504598 0.967358 0.404598
99 0.48992 0.504598 0.961117 0.404598
84 0.49148 0.504598 0.967358 0.404598
52 0.48836 0.502299 0.967358 0.412644
42 0.49148 0.504598 0.967358 0.404598
17 0.48992 0.5 0.954876 0.414943
75 0.48992 0.504598 0.961117 0.404598
54 0.49148 0.504598 0.967358 0.404598
74 0.48992 0.504598 0.961117 0.404598
80 0.49148 0.504598 0.967358 0.404598
50 0.503182 0.487356 0.972039 0.389655
49 0.503182 0.487356 0.972039 0.389655
48 0.507473 0.497701 0.968138 0.404598
100 0.503182 0.487356 0.972039 0.389655
51 0.504743 0.487356 0.965798 0.393103
47 0.503182 0.487356 0.972039 0.389655
76 0.504352 0.488506 0.966578 0.402299
77 0.502792 0.498276 0.972819 0.413793
73 0.504352 0.488506 0.966578 0.402299
101 0.502792 0.498276 0.972819 0.413793
102 0.502792 0.498276 0.972819 0.413793
99 0.504352 0.488506 0.966578 0.402299
46 0.504352 0.488506 0.966578 0.402299
110 0.504352 0.488506 0.966578 0.402299
68 0.502792 0.498276 0.972819 0.413793
97 0.504352 0.488506 0.966578 0.402299
50 0.503962 0.475575 0.986081 0.437356
49 0.500842 0.483333 0.986081 0.431034
48 0.500842 0.483333 0.986081 0.431034
46 0.503962 0.47931 0.987641 0.425287
51 0.500842 0.483333 0.986081 0.431034
47 0.500842 0.483333 0.986081 0.431034
76 0.504743 0.479023 0.987641 0.418966
73 0.504743 0.479023 0.987641 0.418966
99 0.500842 0.483333 0.986081 0.431034
100 0.500842 0.483333 0.986081 0.431034
77 0.504743 0.479023 0.987641 0.418966
101 0.504743 0.479023 0.987641 0.418966
97 0.504352 0.477586 0.986861 0.428736
102 0.504743 0.479023 0.987641 0.418966
110 0.504743 0.479023 0.987641 0.418966
75 0.503962 0.475575 0.986081 0.437356
41 0.504352 0.477586 0.986861 0.428736
103 0.504352 0.477586 0.986861 0.428736
17 0.504352 0.477586 0.986861 0.428736
66 0.503962 0.475575 0.986081 0.437356
68 0.504743 0.479023 0.987641 0.418966
53 0.503962 0.475575 0.986081 0.437356
33 0.503962 0.475575 0.986081 0.437356
49 0.493041 0.498851 0.964238 0.397701
50 0.502402 0.487931 0.957997 0.395402
101 0.493041 0.498851 0.964238 0.397701
48 0.493041 0.498851 0.964238 0.397701
102 0.502402 0.498563 0.954876 0.399425
51 0.493041 0.498851 0.964238 0.397701
47 0.493041 0.498851 0.964238 0.397701
46 0.493041 0.498851 0.964238 0.397701
73 0.493041 0.498851 0.964238 0.397701
110 0.502402 0.487931 0.957997 0.395402
100 0.493041 0.498851 0.964238 0.397701
99 0.502402 0.487931 0.957997 0.395402
77 0.493041 0.498851 0.964238 0.397701
67 0.493041 0.498851 0.964238 0.397701
111 0.493041 0.498851 0.964238 0.397701
17 0.502402 0.487931 0.957997 0.395402
76 0.496941 0.48908 0.972039 0.385058
68 0.493041 0.498851 0.964238 0.397701
34 0.494601 0.489655 0.968918 0.396552
49 0.507083 0.503161 0.970479 0.386782
51 0.507083 0.503161 0.970479 0.386782
47 0.507083 0.503161 0.970479 0.386782
50 0.502402 0.502586 0.97672 0.39023
48 0.508643 0.499138 0.967358 0.399425
73 0.502402 0.502586 0.97672 0.39023
46 0.502402 0.502586 0.97672 0.39023
99 0.502402 0.502586 0.97672 0.39023
100 0.502402 0.502586 0.97672 0.39023
34 0.503182 0.505172 0.9814 0.389655
12 0.497721 0.508621 0.973599 0.385057
76 0.502402 0.502586 0.97672 0.39023
50 0.504743 0.501149 0.972039 0.393103
49 0.498502 0.499425 0.954876 0.390805
51 0.501622 0.5 0.97672 0.397701
48 0.498502 0.499425 0.954876 0.390805
47 0.498502 0.499425 0.954876 0.390805
100 0.504743 0.501149 0.972039 0.393103
76 0.504743 0.501149 0.972039 0.393103
46 0.498502 0.499425 0.954876 0.390805
99 0.498502 0.499425 0.954876 0.390805
73 0.498502 0.499425 0.954876 0.390805
110 0.504743 0.501149 0.972039 0.393103
50 0.504352 0.491667 0.969699 0.41092
49 0.493041 0.495115 0.959557 0.418966
47 0.493041 0.495115 0.959557 0.418966
48 0.493041 0.495115 0.959557 0.418966
51 0.500062 0.49569 0.972039 0.417816
100 0.504352 0.491667 0.969699 0.41092
46 0.493041 0.495115 0.959557 0.418966
76 0.504352 0.491667 0.969699 0.41092
73 0.496161 0.490517 0.961117 0.421264
99 0.496161 0.490517 0.961117 0.421264
50 0.507863 0.5 0.975159 0.388506
49 0.507863 0.5 0.975159 0.388506
46 0.507863 0.5 0.975159 0.388506
100 0.507863 0.5 0.975159 0.388506
47 0.496941 0.500575 0.962677 0.393103
51 0.504743 0.498563 0.97828 0.39023
48 0.496941 0.500575 0.962677 0.393103
76 0.507863 0.5 0.975159 0.388506
99 0.494211 0.498851 0.955656 0.393103
73 0.505133 0.500575 0.98062 0.390805
101 0.494211 0.498851 0.955656 0.393103
102 0.505133 0.500575 0.98062 0.390805
77 0.505133 0.500575 0.98062 0.390805
110 0.505133 0.500575 0.98062 0.390805
17 0.505133 0.500575 0.98062 0.390805
50 0.506303 0.496264 0.965798 0.395977
49 0.48914 0.502299 0.953316 0.388506
47 0.48914 0.502299 0.953316 0.388506
51 0.506303 0.496264 0.965798 0.395977
48 0.506303 0.501724 0.984521 0.390805
100 0.506303 0.501724 0.984521 0.390805
46 0.48914 0.502299 0.953316 0.388506
99 0.48875 0.500575 0.949415 0.396552
73 0.506303 0.501724 0.984521 0.390805
76 0.506303 0.501724 0.984521 0.390805
101 0.48875 0.500575 0.949415 0.396552
111 0.48875 0.500575 0.949415 0.396552
17 0.506303 0.501724 0.984521 0.390805
102 0.506303 0.501724 0.984521 0.390805
67 0.506303 0.501724 0.984521 0.390805
51 0.501232 0.5 0.966578 0.382759
49 0.508253 0.501149 0.968138 0.386207
50 0.501232 0.499138 0.974379 0.383333
48 0.508253 0.501149 0.968138 0.386207
47 0.500452 0.503736 0.958777 0.384483
46 0.501232 0.499138 0.974379 0.383333
73 0.508253 0.501149 0.968138 0.386207
100 0.508253 0.501149 0.968138 0.386207
99 0.508253 0.501149 0.968138 0.386207
76 0.501232 0.499138 0.974379 0.383333
110 0.508253 0.501149 0.968138 0.386207
102 0.508253 0.501149 0.968138 0.386207
49 0.496161 0.493966 0.973599 0.405172
50 0.504743 0.502586 0.9814 0.397126
48 0.507863 0.501149 0.970479 0.393103
47 0.506693 0.494828 0.968138 0.396552
51 0.506693 0.494828 0.968138 0.396552
46 0.496161 0.493966 0.973599 0.405172
73 0.506693 0.494828 0.968138 0.396552
100 0.506693 0.494828 0.968138 0.396552
99 0.504743 0.502586 0.9814 0.397126
101 0.506693 0.494828 0.968138 0.396552
76 0.507863 0.501149 0.970479 0.393103
77 0.506693 0.494828 0.968138 0.396552
102 0.506693 0.494828 0.968138 0.396552
110 0.506693 0.494828 0.968138 0.396552
51 0.497721 0.50546 0.975159 0.394828
49 0.497721 0.500575 0.97984 0.394253
50 0.497721 0.500575 0.97984 0.394253
100 0.497721 0.500575 0.97984 0.394253
46 0.500842 0.500862 0.970479 0.394828
47 0.500842 0.500862 0.970479 0.394828
73 0.497721 0.500575 0.97984 0.394253
48 0.497721 0.500575 0.97984 0.394253
99 0.500842 0.500862 0.970479 0.394828
1 0.504681 0.502299 0.990638 0.397701
8 0.497721 0.50546 0.975159 0.394828
49 0.500062 0.494253 0.97828 0.404598
46 0.500062 0.494253 0.97828 0.404598
50 0.501622 0.495977 0.97828 0.403448
47 0.496941 0.489368 0.987642 0.398276
48 0.500062 0.48908 0.97828 0.401149
51 0.495381 0.490805 0.961117 0.404598
100 0.501622 0.495977 0.97828 0.403448
76 0.501622 0.495977 0.97828 0.403448
73 0.501622 0.495977 0.97828 0.403448
99 0.501622 0.495977 0.97828 0.403448
47 0.503962 0.500287 0.962677 0.386782
51 0.503962 0.500287 0.962677 0.386782
46 0.503962 0.500287 0.962677 0.386782
50 0.506693 0.502012 0.958777 0.383333
100 0.502792 0.499138 0.954096 0.385632
99 0.502792 0.499138 0.954096 0.385632
49 0.506693 0.502012 0.958777 0.383333
48 0.503962 0.500287 0.962677 0.386782
73 0.502792 0.499138 0.954096 0.385632
76 0.502792 0.499138 0.954096 0.385632
110 0.502792 0.499138 0.954096 0.385632
51 0.501622 0.501437 0.972039 0.392529
49 0.509423 0.498276 0.972039 0.397701
50 0.509423 0.498276 0.972039 0.397701
47 0.507863 0.495977 0.972039 0.397701
46 0.507863 0.495977 0.972039 0.397701
99 0.501622 0.501437 0.972039 0.392529
48 0.507083 0.497989 0.97672 0.400575
73 0.501622 0.501437 0.972039 0.392529
100 0.509423 0.498276 0.972039 0.397701
50 0.502402 0.5 0.962677 0.393103
51 0.500842 0.500862 0.957997 0.398276
49 0.493821 0.498276 0.953316 0.4
46 0.500842 0.500862 0.957997 0.398276
73 0.494601 0.500575 0.954876 0.394253
47 0.500842 0.500862 0.957997 0.398276
76 0.502402 0.5 0.962677 0.393103
99 0.494601 0.500575 0.954876 0.394253
100 0.494601 0.500575 0.954876 0.394253
76 0.504743 0.066523 0.97672 0.133046
48 0.494601 0.500575 0.954876 0.394253
109 0.500452 0.88046 0.957217 0.23908
76 0.500452 0.88046 0.957217 0.23908
103 0.500452 0.88046 0.957217 0.23908
50 0.501622 0.500575 0.956436 0.393103
49 0.506303 0.498276 0.959557 0.387356
76 0.505913 0.502586 0.963458 0.39023
46 0.506303 0.498276 0.959557 0.387356
100 0.505913 0.502586 0.963458 0.39023
51 0.505913 0.498276 0.957217 0.390805
48 0.505913 0.502586 0.963458 0.39023
47 0.505913 0.498276 0.957217 0.390805
99 0.505913 0.502586 0.963458 0.39023
101 0.505913 0.502586 0.963458 0.39023
102 0.505913 0.502586 0.963458 0.39023
50 0.503182 0.503736 0.962677 0.39023
49 0.494601 0.505172 0.950195 0.389655
51 0.497331 0.504598 0.985301 0.386207
102 0.494601 0.50546 0.948635 0.391379
46 0.497331 0.504598 0.985301 0.386207
76 0.494601 0.50546 0.948635 0.391379
101 0.494601 0.50546 0.948635 0.391379
100 0.494601 0.505172 0.950195 0.389655
73 0.500062 0.505172 0.964238 0.386207
47 0.497331 0.504598 0.985301 0.386207
99 0.497331 0.504598 0.985301 0.386207
48 0.500062 0.505172 0.964238 0.386207
50 0.493821 0.5 0.953316 0.395402
49 0.503962 0.501724 0.956436 0.390805
48 0.503962 0.501724 0.956436 0.390805
46 0.503962 0.501724 0.956436 0.390805
47 0.503962 0.501724 0.956436 0.390805
100 0.503962 0.501724 0.956436 0.390805
76 0.503962 0.500575 0.957997 0.395402
51 0.503962 0.501724 0.956436 0.390805
102 0.503182 0.502586 0.959557 0.397126
101 0.503182 0.502586 0.959557 0.397126
73 0.503962 0.501724 0.956436 0.390805
50 0.503962 0.498276 0.948635 0.394253
49 0.493821 0.5 0.950195 0.4
46 0.493821 0.5 0.950195 0.4
76 0.494991 0.497989 0.950975 0.395977
47 0.493821 0.5 0.950195 0.4
100 0.493821 0.5 0.950195 0.4
51 0.493821 0.5 0.950195 0.4
99 0.493821 0.5 0.950195 0.4
73 0.493821 0.5 0.950195 0.4
48 0.493821 0.5 0.950195 0.4
50 0.500452 0.5 0.946295 0.385058
49 0.500452 0.5 0.946295 0.385058
46 0.500452 0.5 0.946295 0.385058
51 0.500452 0.5 0.946295 0.385058
100 0.493431 0.500575 0.947855 0.386207
99 0.493431 0.500575 0.947855 0.386207
47 0.500452 0.5 0.946295 0.385058
73 0.493431 0.500575 0.947855 0.386207
84 0.495381 0.502011 0.959557 0.386782
76 0.496161 0.497126 0.959557 0.389655
48 0.500452 0.5 0.946295 0.385058
110 0.493431 0.500575 0.947855 0.386207
50 0.493821 0.499138 0.951756 0.399425
51 0.500842 0.498851 0.951756 0.394253
49 0.493821 0.499138 0.951756 0.399425
46 0.500842 0.498851 0.951756 0.394253
47 0.500842 0.498851 0.951756 0.394253
100 0.493821 0.499138 0.951756 0.399425
99 0.500842 0.498851 0.951756 0.394253
48 0.496161 0.499425 0.957997 0.401149
76 0.496161 0.499425 0.957997 0.401149
81 0.499282 0.0899425 0.97984 0.179885
73 0.496551 0.500862 0.954096 0.400575
84 0.498502 0.499425 0.959557 0.395402
49 0.496161 0.501724 0.950195 0.390805
50 0.502402 0.502299 0.943954 0.387356
46 0.502402 0.502299 0.943954 0.387356
51 0.502402 0.502299 0.943954 0.387356
100 0.496161 0.502874 0.951756 0.390805
29 0.496161 0.501724 0.950195 0.390805
34 0.496161 0.501724 0.950195 0.390805
49 0.49148 0.503161 0.945515 0.38908
48 0.498501 0.501724 0.962677 0.389655
50 0.492651 0.501149 0.947855 0.391954
100 0.492651 0.501149 0.947855 0.391954
46 0.498501 0.500575 0.957997 0.387356
47 0.498501 0.500575 0.957997 0.387356
99 0.492651 0.501149 0.947855 0.391954
76 0.498501 0.500575 0.957997 0.387356
73 0.492651 0.501149 0.947855 0.391954
51 0.492651 0.501149 0.947855 0.391954
101 0.498501 0.501724 0.962677 0.389655
110 0.492651 0.501149 0.947855 0.391954
102 0.498501 0.501724 0.962677 0.389655
84 0.498501 0.500575 0.957997 0.387356
77 0.498501 0.501724 0.962677 0.389655
50 0.504743 0.500287 0.950195 0.387931
49 0.48758 0.499425 0.936153 0.390805
47 0.496161 0.498851 0.982961 0.383908
51 0.496161 0.498851 0.982961 0.383908
46 0.496161 0.498851 0.982961 0.383908
100 0.48836 0.497701 0.943954 0.394253
48 0.498501 0.499425 0.965798 0.389655
50 0.502012 0.499138 0.958777 0.394828
49 0.502012 0.499138 0.958777 0.394828
76 0.494991 0.501149 0.958777 0.394253
100 0.494991 0.501149 0.958777 0.394253
99 0.496161 0.500287 0.957997 0.397126
51 0.502012 0.499138 0.958777 0.394828
110 0.496161 0.500287 0.957997 0.397126
102 0.500842 0.499425 0.964238 0.396552
46 0.502012 0.499138 0.958777 0.394828
73 0.496161 0.500287 0.957997 0.397126
101 0.496941 0.501437 0.965798 0.397126
50 0.48914 0.497126 0.959557 0.395402
49 0.49226 0.494828 0.956436 0.409195
76 0.496941 0.497126 0.968918 0.390805
46 0.49226 0.495115 0.956436 0.408621
100 0.49226 0.495115 0.956436 0.408621
51 0.49226 0.495115 0.956436 0.408621
47 0.49226 0.495115 0.956436 0.408621
50 0.502012 0.498276 0.958777 0.390805
49 0.503962 0.500575 0.954876 0.391954
46 0.503962 0.500575 0.954876 0.391954
48 0.49187 0.497989 0.960337 0.394828
51 0.503962 0.500575 0.954876 0.391954
100 0.49187 0.497989 0.960337 0.394828
47 0.503962 0.500575 0.954876 0.391954
76 0.502792 0.499138 0.961897 0.392529
29 0.4907 0.499425 0.959557 0.397701
50 0.503182 0.496552 0.956436 0.393103
49 0.501232 0.497701 0.954096 0.390805
46 0.501232 0.497701 0.954096 0.390805
47 0.496161 0.497701 0.97984 0.388506
100 0.501232 0.497701 0.954096 0.390805
51 0.501232 0.497701 0.954096 0.390805
48 0.503182 0.496552 0.956436 0.393103
73 0.496161 0.497701 0.97984 0.388506
99 0.496161 0.497701 0.97984 0.388506
50 0.496941 0.496552 0.948635 0.398851
49 0.507083 0.496839 0.957997 0.391379
51 0.507083 0.496839 0.957997 0.391379
46 0.507083 0.496839 0.957997 0.391379
47 0.507083 0.496839 0.957997 0.391379
50 0.505523 0.497126 0.953316 0.388506
49 0.49226 0.497126 0.940834 0.393103
46 0.503962 0.497989 0.953316 0.39023
47 0.503962 0.497989 0.953316 0.39023
51 0.505523 0.497126 0.953316 0.388506
48 0.504352 0.496839 0.954096 0.385632
100 0.500842 0.497701 0.957997 0.386207
34 0.49226 0.497126 0.940834 0.393103
76 0.505523 0.497126 0.953316 0.388506
50 0.48914 0.497989 0.954876 0.39023
49 0.507863 0.5 0.959557 0.385058
46 0.510203 0.499138 0.964238 0.383333
51 0.507083 0.499713 0.967358 0.382184
47 0.510203 0.499138 0.964238 0.383333
100 0.48914 0.497989 0.954876 0.39023
48 0.508253 0.498851 0.958777 0.386207
84 0.48914 0.497989 0.954876 0.39023
50 0.48914 0.501437 0.953316 0.393678
49 0.497331 0.503736 0.972819 0.38908
46 0.497331 0.503736 0.972819 0.38908
51 0.500062 0.500575 0.97828 0.388506
47 0.503182 0.5 0.959557 0.391954
100 0.497721 0.501437 0.970479 0.38908
76 0.48992 0.502874 0.957997 0.393103
99 0.48992 0.502874 0.957997 0.393103
50 0.48992 0.5 0.948635 0.395402
49 0.497721 0.500575 0.965798 0.393103
46 0.503962 0.498851 0.961117 0.394253
51 0.503962 0.498851 0.961117 0.394253
47 0.503962 0.498851 0.961117 0.394253
48 0.4907 0.497701 0.948635 0.394253
100 0.4907 0.497701 0.948635 0.394253
84 0.496161 0.500287 0.961117 0.392529
99 0.497721 0.499713 0.965798 0.394828
49 0.504352 0.5 0.957217 0.382759
50 0.49226 0.498851 0.954876 0.388506
46 0.504352 0.5 0.957217 0.382759
47 0.503962 0.498563 0.972039 0.384483
51 0.502402 0.499713 0.972039 0.381034
48 0.498892 0.499425 0.965018 0.386207
50 0.494601 0.499138 0.951756 0.391379
49 0.500062 0.5 0.959557 0.389655
51 0.500452 0.499138 0.98062 0.387931
46 0.503182 0.499425 0.950195 0.389655
47 0.500062 0.5 0.959557 0.389655
50 0.504743 0.499425 0.962677 0.390805
49 0.503182 0.498851 0.961117 0.393103
46 0.499282 0.498851 0.97828 0.388506
51 0.499282 0.498851 0.97828 0.388506
47 0.499282 0.498851 0.97828 0.388506
48 0.502792 0.499138 0.961897 0.394828
84 0.503182 0.498851 0.965798 0.394253
50 0.508643 0.501149 0.961117 0.390805
49 0.506303 0.501149 0.965798 0.393103
46 0.506303 0.501149 0.965798 0.393103
100 0.499672 0.500287 0.954096 0.398276
51 0.502792 0.499713 0.97594 0.387931
47 0.499672 0.500287 0.954096 0.398276
76 0.502792 0.499713 0.97594 0.387931
99 0.502792 0.499713 0.97594 0.387931
49 0.494601 0.5 0.953316 0.402299
46 0.506303 0.499713 0.962677 0.397126
50 0.494211 0.499425 0.954096 0.403448
47 0.506303 0.499713 0.962677 0.397126
48 0.502012 0.498851 0.971259 0.396552
100 0.494211 0.499425 0.954096 0.403448
51 0.502012 0.498851 0.971259 0.396552
73 0.506303 0.499713 0.962677 0.397126
50 0.506693 0.5 0.968138 0.390805
49 0.500452 0.497701 0.972819 0.394253
46 0.49031 0.499138 0.960337 0.395977
51 0.506303 0.498851 0.973599 0.390805
47 0.506303 0.498851 0.973599 0.390805
46 0.499672 0.501437 0.954096 0.397126
49 0.493041 0.500575 0.948635 0.401149
50 0.493041 0.500575 0.951756 0.401149
47 0.503182 0.500575 0.956436 0.398851
100 0.493431 0.5 0.950975 0.4
51 0.496941 0.499138 0.97828 0.397126
48 0.503182 0.500575 0.956436 0.398851
99 0.503182 0.500575 0.956436 0.398851
84 0.500842 0.500575 0.954876 0.398851
73 0.499672 0.501437 0.954096 0.397126
50 0.496941 0.499138 0.953316 0.404023
49 0.496161 0.498563 0.953316 0.400575
51 0.503182 0.498563 0.9814 0.395977
46 0.505523 0.499138 0.964238 0.399425
47 0.503182 0.498563 0.9814 0.395977
84 0.503962 0.499713 0.967358 0.399425
100 0.496161 0.498563 0.953316 0.400575
99 0.503962 0.499425 0.970479 0.4
50 0.49187 0.497126 0.957217 0.403448
51 0.498892 0.496839 0.983741 0.397126
49 0.498502 0.496552 0.972039 0.402299
46 0.502012 0.497126 0.963457 0.401149
47 0.498892 0.496839 0.983741 0.397126
99 0.503572 0.497989 0.965018 0.400575
100 0.503572 0.497989 0.965018 0.400575
84 0.501622 0.497414 0.965798 0.400575
48 0.503572 0.497989 0.965018 0.400575
73 0.503572 0.497989 0.965018 0.400575
50 0.495381 0.497126 0.953316 0.403448
49 0.502402 0.499425 0.964238 0.397701
46 0.502402 0.498851 0.97984 0.391954
47 0.502402 0.498851 0.97984 0.391954
51 0.502402 0.498851 0.97984 0.391954
48 0.495381 0.498276 0.954876 0.398851
100 0.503572 0.499713 0.968138 0.397126
84 0.501622 0.499713 0.965798 0.397126
50 0.49109 0.498276 0.946295 0.401149
49 0.500842 0.499425 0.956436 0.394253
46 0.500842 0.499425 0.956436 0.394253
48 0.493041 0.497701 0.948635 0.397701
100 0.493041 0.497701 0.948635 0.397701
51 0.493041 0.497701 0.948635 0.397701
47 0.500842 0.499425 0.956436 0.394253
49 0.496161 0.498851 0.947075 0.397701
50 0.500842 0.5 0.957997 0.393103
46 0.500842 0.5 0.957997 0.393103
48 0.496941 0.498276 0.945515 0.396552
100 0.496941 0.498276 0.945515 0.396552
47 0.496161 0.498851 0.947075 0.397701
51 0.500842 0.5 0.957997 0.393103
76 0.496941 0.498276 0.945515 0.396552
49 0.496161 0.496264 0.956436 0.401724
50 0.493041 0.496552 0.948635 0.402299
46 0.503962 0.496264 0.967358 0.393678
47 0.503962 0.496264 0.967358 0.393678
51 0.503962 0.496264 0.967358 0.393678
48 0.494211 0.495402 0.947855 0.403448
100 0.499282 0.497126 0.954876 0.4
49 0.498502 0.500287 0.964238 0.392529
50 0.49148 0.499425 0.956436 0.396552
46 0.49148 0.499425 0.956436 0.396552
47 0.496161 0.498851 0.965798 0.397701
48 0.496161 0.498851 0.965798 0.397701
100 0.49226 0.499138 0.953316 0.397126
49 0.49226 0.499138 0.957997 0.391379
50 0.496941 0.499425 0.961117 0.388506
46 0.496941 0.499425 0.961117 0.388506
47 0.49187 0.499138 0.960337 0.392529
100 0.496941 0.497989 0.965798 0.39023
51 0.498111 0.498276 0.9775 0.385058
29 0.496941 0.497989 0.965798 0.39023
48 0.493041 0.499138 0.956436 0.39023
76 0.493041 0.499138 0.956436 0.39023
49 0.493041 0.499425 0.954876 0.389655
46 0.503962 0.498851 0.965798 0.388506
50 0.505523 0.497989 0.965798 0.387931
47 0.493041 0.500287 0.957997 0.39023
100 0.500842 0.497414 0.970479 0.386782
51 0.505523 0.497989 0.965798 0.387931
48 0.500842 0.497414 0.970479 0.386782
73 0.500842 0.497414 0.970479 0.386782
49 0.493821 0.501437 0.956436 0.386782
50 0.504743 0.499713 0.968918 0.387931
46 0.49226 0.501724 0.957997 0.388506
51 0.506303 0.498563 0.97672 0.385632
100 0.507083 0.498563 0.972039 0.387931
47 0.506303 0.498563 0.97672 0.385632
29 0.503572 0.498851 0.974379 0.387356
49 0.493821 0.500862 0.950195 0.39023
50 0.506693 0.499138 0.966578 0.391379
46 0.504743 0.498563 0.97828 0.38908
51 0.506693 0.498276 0.97906 0.388506
47 0.504743 0.498563 0.97828 0.38908
100 0.504743 0.498563 0.97828 0.38908
49 0.500842 0.5 0.967358 0.391954
50 0.503962 0.497701 0.972039 0.394253
46 0.49226 0.500862 0.953316 0.392529
51 0.504743 0.497989 0.97828 0.39023
47 0.504743 0.497989 0.97828 0.39023
49 0.4907 0.500575 0.947075 0.391954
50 0.505133 0.497126 0.971259 0.394253
51 0.502402 0.497701 0.97672 0.388506
46 0.49148 0.500575 0.948635 0.391954
47 0.502402 0.497701 0.97672 0.388506
100 0.502402 0.497701 0.97672 0.388506
50 0.504743 0.498851 0.968918 0.390805
49 0.493041 0.500575 0.945515 0.389655
51 0.503962 0.499138 0.973599 0.384483
46 0.494601 0.500287 0.948635 0.39023
47 0.494601 0.500287 0.948635 0.39023
50 0.507083 0.5 0.965798 0.390805
49 0.493041 0.5 0.945515 0.391954
51 0.507083 0.499425 0.967358 0.383908
46 0.507083 0.499425 0.967358 0.383908
47 0.507083 0.499425 0.967358 0.383908
50 0.507083 0.499425 0.967358 0.390805
49 0.503962 0.499425 0.967358 0.389655
51 0.506303 0.499138 0.975159 0.384483
46 0.506303 0.499138 0.975159 0.384483
47 0.506303 0.499138 0.975159 0.384483
49 0.507083 0.500287 0.961117 0.385632
50 0.507083 0.498851 0.964238 0.388506
46 0.507083 0.500287 0.961117 0.385632
47 0.505523 0.498851 0.97672 0.383908
51 0.505523 0.498851 0.97672 0.383908
49 0.24535 0.306897 0.4907 0.613793
50 0.24535 0.306897 0.4907 0.613793
76 0.235599 0.272414 0.471197 0.544828
49 0.503962 0.500575 0.961117 0.386207
50 0.495381 0.501149 0.950195 0.390805
46 0.504743 0.501149 0.956436 0.385057
47 0.504743 0.499138 0.975159 0.384483
76 0.209854 0.266236 0.419709 0.532471
51 0.504743 0.499138 0.975159 0.384483
49 0.503572 0.501149 0.963458 0.387356
50 0.493041 0.5 0.951756 0.391954
46 0.503572 0.501149 0.963458 0.387356
51 0.503572 0.501149 0.963458 0.387356
47 0.503572 0.501149 0.963458 0.387356
84 0.493821 0.5 0.953316 0.395402
49 0.503182 0.500862 0.964238 0.387931
50 0.49226 0.5 0.953316 0.391954
46 0.503182 0.500862 0.964238 0.387931
51 0.503182 0.500862 0.964238 0.387931
84 0.49226 0.499425 0.953316 0.395402
50 0.4907 0.499138 0.953316 0.394828
49 0.503182 0.500575 0.962677 0.387356
46 0.503182 0.500575 0.962677 0.387356
51 0.503182 0.500575 0.962677 0.387356
84 0.4907 0.499138 0.953316 0.394828
50 0.49148 0.5 0.951756 0.393103
49 0.504743 0.501149 0.962677 0.387356
51 0.503572 0.499138 0.9775 0.385632
46 0.503572 0.499138 0.9775 0.385632
47 0.503572 0.499138 0.9775 0.385632
84 0.49148 0.5 0.951756 0.393103
50 0.49031 0.500287 0.950975 0.392529
49 0.505913 0.501149 0.963458 0.387356
46 0.503182 0.499138 0.97828 0.385632
51 0.503182 0.499138 0.97828 0.385632
47 0.503182 0.499138 0.97828 0.385632
84 0.48992 0.502299 0.948635 0.390805
48 0.750031 0.0820402 0.499938 0.16408
50 0.49226 0.5 0.950195 0.393103
49 0.506693 0.500287 0.963457 0.387931
51 0.503182 0.498563 0.97672 0.386782
46 0.503182 0.498563 0.97672 0.386782
47 0.503182 0.498563 0.97672 0.386782
84 0.49226 0.500575 0.951756 0.390805
50 0.493821 0.501149 0.950195 0.391954
49 0.503962 0.498851 0.97672 0.386207
46 0.503962 0.498851 0.97672 0.386207
51 0.503962 0.498851 0.97672 0.386207
50 0.495381 0.500575 0.950195 0.393103
49 0.504352 0.498851 0.9775 0.386207
51 0.503962 0.499713 0.97828 0.385632
46 0.503962 0.499713 0.97828 0.385632
50 0.505913 0.499138 0.972819 0.391379
49 0.495381 0.500575 0.950195 0.393103
46 0.495381 0.500575 0.950195 0.393103
51 0.506303 0.5 0.97828 0.386207
50 0.506303 0.499138 0.972039 0.391379
49 0.496161 0.500575 0.951756 0.393103
46 0.496161 0.500575 0.951756 0.393103
51 0.506693 0.499713 0.9775 0.385632
50 0.506693 0.498563 0.972819 0.391379
49 0.496941 0.500287 0.953316 0.392529
46 0.496941 0.500287 0.953316 0.392529
51 0.506693 0.499425 0.9775 0.386207
50 0.505913 0.498851 0.972819 0.390805
49 0.506303 0.499425 0.97828 0.386207
51 0.506303 0.499425 0.97828 0.386207
46 0.506303 0.499425 0.97828 0.386207
50 0.505523 0.498276 0.973599 0.389655
49 0.504743 0.499138 0.97828 0.385632
51 0.504743 0.499138 0.97828 0.385632
50 0.496161 0.500575 0.954876 0.389655
49 0.504352 0.499138 0.97906 0.385632
51 0.504352 0.499138 0.97906 0.385632
50 0.495771 0.5 0.955656 0.390805
49 0.503572 0.499138 0.97906 0.385632
51 0.503572 0.499138 0.97906 0.385632
50 0.504743 0.498563 0.972039 0.38908
49 0.495381 0.499425 0.956436 0.390805
51 0.503572 0.498851 0.97906 0.385058
50 0.503962 0.498563 0.972039 0.38908
49 0.495381 0.5 0.953316 0.389655
51 0.503962 0.498276 0.97828 0.386207
50 0.504743 0.498276 0.972039 0.389655
49 0.495381 0.500287 0.953316 0.39023
51 0.503962 0.498276 0.97828 0.386207
50 0.505523 0.498276 0.970479 0.389655
49 0.496161 0.5 0.953316 0.390805
51 0.504352 0.497989 0.9775 0.385632
50 0.505523 0.498276 0.970479 0.389655
49 0.496941 0.500287 0.953316 0.39023
51 0.504743 0.497989 0.97672 0.385632
50 0.504743 0.498851 0.972039 0.389655
49 0.496551 0.500287 0.954096 0.39023
51 0.504743 0.497989 0.97672 0.385632
50 0.504743 0.498851 0.972039 0.389655
49 0.496161 0.5 0.953316 0.390805
51 0.504743 0.498276 0.97672 0.385058
50 0.504743 0.498276 0.972039 0.389655
49 0.496161 0.5 0.953316 0.389655
51 0.505523 0.498276 0.97672 0.385058
50 0.503962 0.499713 0.972039 0.391379
49 0.496161 0.500287 0.951756 0.39023
51 0.504743 0.498563 0.97828 0.38908
50 0.503572 0.499713 0.971259 0.391379
49 0.496161 0.500575 0.951756 0.389655
51 0.504743 0.498276 0.97828 0.389655
50 0.503962 0.499713 0.970479 0.391379
49 0.496161 0.500575 0.951756 0.389655
51 0.504352 0.498276 0.9775 0.389655
50 0.503962 0.499425 0.970479 0.390805
49 0.496161 0.500575 0.951756 0.389655
51 0.504352 0.498276 0.9775 0.389655
50 0.503962 0.499425 0.970479 0.390805
49 0.496551 0.500575 0.950975 0.389655
51 0.504352 0.498276 0.97594 0.386207
50 0.503572 0.499425 0.969698 0.390805
49 0.496941 0.500575 0.950195 0.389655
51 0.504352 0.498276 0.97594 0.386207
50 0.503962 0.499425 0.970479 0.390805
49 0.496941 0.500575 0.950195 0.389655
51 0.504743 0.498276 0.975159 0.386207
50 0.503962 0.499425 0.970479 0.390805
49 0.496941 0.500575 0.950195 0.389655
51 0.505523 0.498276 0.975159 0.386207
50 0.503962 0.499425 0.970479 0.390805
49 0.496941 0.500575 0.950195 0.389655
51 0.505523 0.498276 0.975159 0.386207
50 0.503962 0.499425 0.970479 0.390805
49 0.496941 0.500575 0.950195 0.389655
51 0.505133 0.498276 0.97594 0.386207
50 0.503962 0.499425 0.970479 0.390805
49 0.496941 0.5 0.951756 0.390805
51 0.505133 0.498276 0.97594 0.387356
50 0.503962 0.499425 0.970479 0.390805
49 0.497331 0.5 0.952536 0.390805
51 0.504743 0.498276 0.975159 0.387356
50 0.503962 0.499425 0.970479 0.390805
49 0.497331 0.5 0.952536 0.390805
51 0.504743 0.498563 0.975159 0.386782
50 0.503962 0.499425 0.970479 0.390805
51 0.504743 0.498563 0.975159 0.386782
49 0.497721 0.5 0.951756 0.390805
50 0.503962 0.5 0.970479 0.390805
51 0.504743 0.498563 0.975159 0.386782
49 0.497331 0.5 0.952536 0.390805
50 0.503962 0.5 0.970479 0.390805
51 0.504743 0.498276 0.975159 0.386207
49 0.497721 0.5 0.951756 0.390805
50 0.503962 0.499425 0.970479 0.390805
49 0.497721 0.5 0.951756 0.390805
51 0.504743 0.498276 0.975159 0.387356
50 0.503962 0.499425 0.970479 0.390805
49 0.497331 0.5 0.952536 0.390805
51 0.504743 0.498276 0.975159 0.387356
50 0.503962 0.499713 0.970479 0.391379
49 0.497331 0.5 0.952536 0.390805
51 0.504743 0.498276 0.975159 0.387356
50 0.507473 0.499713 0.963458 0.387931
49 0.497331 0.5 0.952536 0.390805
51 0.504743 0.498276 0.975159 0.387356
50 0.507473 0.5 0.963458 0.387356
49 0.496161 0.500575 0.950195 0.390805
51 0.504743 0.498563 0.975159 0.386782
50 0.507473 0.5 0.963458 0.388506
49 0.496161 0.500575 0.951756 0.390805
51 0.504743 0.498563 0.975159 0.386782
50 0.507863 0.5 0.964238 0.387356
49 0.496161 0.500575 0.951756 0.390805
51 0.505133 0.498563 0.97594 0.386782
50 0.507473 0.5 0.963458 0.388506
49 0.496161 0.500575 0.951756 0.390805
51 0.504743 0.498563 0.975159 0.386782
50 0.507863 0.5 0.964238 0.388506
49 0.496161 0.500575 0.951756 0.390805
51 0.505133 0.498276 0.97594 0.387356
50 0.507863 0.5 0.964238 0.388506
49 0.496161 0.500575 0.951756 0.390805
51 0.505133 0.498563 0.97594 0.386782
50 0.507863 0.5 0.964238 0.387356
49 0.496161 0.500575 0.951756 0.390805
51 0.505133 0.498276 0.97594 0.386207
50 0.507863 0.5 0.964238 0.387356
49 0.496161 0.500862 0.951756 0.39023
51 0.504743 0.498563 0.975159 0.386782
50 0.507863 0.5 0.965798 0.387356
49 0.496551 0.500862 0.950975 0.39023
51 0.504743 0.498563 0.97672 0.386782
50 0.507863 0.5 0.965798 0.387356
49 0.496551 0.500862 0.950975 0.39023
51 0.504743 0.498276 0.97672 0.386207
50 0.507863 0.5 0.965798 0.387356
49 0.496551 0.500862 0.950975 0.39023
51 0.504352 0.498563 0.97594 0.386782
50 0.507863 0.5 0.965798 0.387356
49 0.497721 0.501149 0.951756 0.388506
51 0.504743 0.498563 0.97672 0.386782
50 0.507863 0.500287 0.965798 0.387931
49 0.497721 0.501149 0.951756 0.388506
51 0.504743 0.498563 0.97672 0.386782
50 0.507863 0.500287 0.965798 0.387931
49 0.497721 0.501149 0.951756 0.388506
51 0.504352 0.498563 0.97594 0.386782
50 0.507863 0.500287 0.965798 0.387931
49 0.496941 0.500862 0.951756 0.39023
51 0.504743 0.498563 0.97672 0.386782
50 0.507863 0.500287 0.965798 0.387931
49 0.496941 0.500862 0.951756 0.39023
51 0.504743 0.498563 0.97672 0.386782
50 0.507863 0.500287 0.965798 0.387931
49 0.496941 0.501149 0.951756 0.389655
51 0.504743 0.498563 0.97672 0.386782
50 0.507863 0.500287 0.965798 0.387931
49 0.497331 0.501149 0.952536 0.389655
51 0.504743 0.498563 0.97672 0.386782
50 0.507863 0.500287 0.965798 0.387931
49 0.497721 0.501437 0.951756 0.387931
51 0.504352 0.498563 0.97594 0.386782
50 0.507863 0.5 0.965798 0.387356
49 0.497721 0.501437 0.951756 0.387931
51 0.504743 0.498563 0.97672 0.386782
50 0.507863 0.500287 0.965798 0.387931
49 0.497721 0.501437 0.951756 0.387931
51 0.504743 0.498563 0.975159 0.386782
50 0.508253 0.500287 0.966578 0.387931
49 0.497721 0.501437 0.951756 0.387931
51 0.504743 0.498563 0.97672 0.386782
50 0.508253 0.500287 0.966578 0.387931
49 0.497721 0.501437 0.951756 0.387931
51 0.504743 0.498563 0.97672 0.386782
50 0.508253 0.500287 0.966578 0.387931
49 0.497721 0.501437 0.951756 0.387931
51 0.504743 0.498563 0.97672 0.386782
50 0.508253 0.500287 0.966578 0.387931
49 0.497721 0.501437 0.951756 0.39023
51 0.504743 0.498563 0.97672 0.386782
50 0.508253 0.500287 0.966578 0.387931
49 0.497721 0.501437 0.951756 0.39023
51 0.504743 0.498563 0.97672 0.386782
50 0.507863 0.500287 0.965798 0.387931
49 0.497721 0.501437 0.951756 0.39023
51 0.504743 0.498563 0.97672 0.386782
50 0.507863 0.500287 0.965798 0.387931
49 0.497721 0.501437 0.951756 0.39023
51 0.504743 0.498563 0.97672 0.386782
50 0.507863 0.500287 0.965798 0.387931
49 0.497721 0.501437 0.951756 0.39023
51 0.504352 0.498276 0.97594 0.387356
50 0.507863 0.500575 0.965798 0.387356
49 0.497721 0.501437 0.951756 0.39023
51 0.504352 0.498276 0.97594 0.387356
50 0.507863 0.500575 0.965798 0.387356
49 0.497721 0.501437 0.951756 0.39023
51 0.504743 0.498276 0.97672 0.387356
50 0.507863 0.500287 0.965798 0.387931
49 0.497721 0.501437 0.951756 0.39023
51 0.504743 0.498276 0.975159 0.387356
50 0.508253 0.500287 0.966578 0.387931
49 0.497721 0.501437 0.951756 0.39023
51 0.504352 0.498276 0.97594 0.387356
50 0.507863 0.500287 0.965798 0.387931
49 0.497721 0.501437 0.951756 0.39023
51 0.504743 0.498276 0.975159 0.387356
50 0.508253 0.500287 0.966578 0.387931
49 0.497721 0.501437 0.951756 0.39023
51 0.504743 0.498276 0.975159 0.387356
50 0.508253 0.500287 0.966578 0.387931
49 0.497721 0.501437 0.951756 0.39023
51 0.504743 0.498276 0.975159 0.387356
50 0.507863 0.500287 0.965798 0.387931
49 0.497721 0.501437 0.951756 0.39023
51 0.504743 0.498276 0.975159 0.387356
50 0.507863 0.500287 0.965798 0.387931
49 0.497721 0.501437 0.950195 0.39023
51 0.504743 0.498276 0.975159 0.387356
50 0.507863 0.500287 0.965798 0.387931
49 0.497721 0.501437 0.950195 0.39023
51 0.504743 0.498276 0.975159 0.387356
50 0.507863 0.500287 0.965798 0.387931
49 0.497721 0.501437 0.950195 0.39023
51 0.504743 0.498276 0.975159 0.387356
50 0.507863 0.500287 0.965798 0.387931
49 0.497721 0.501724 0.950195 0.390805
51 0.504352 0.498276 0.97594 0.387356
50 0.507863 0.500287 0.965798 0.387931
49 0.498501 0.501724 0.950195 0.388506
51 0.504352 0.498276 0.97594 0.387356
50 0.507863 0.500287 0.965798 0.387931
49 0.498501 0.501724 0.950195 0.388506
51 0.504352 0.498276 0.97594 0.387356
50 0.507863 0.500287 0.965798 0.387931
49 0.498501 0.501724 0.950195 0.388506
51 0.504743 0.498276 0.975159 0.387356
50 0.507863 0.500287 0.965798 0.387931
49 0.498501 0.501437 0.950195 0.38908
51 0.504352 0.498276 0.97594 0.387356
50 0.507863 0.500287 0.965798 0.387931
49 0.498501 0.501437 0.950195 0.38908
51 0.504352 0.498276 0.97594 0.387356
50 0.507863 0.500287 0.965798 0.387931
49 0.498501 0.501437 0.950195 0.38908
51 0.503962 0.498276 0.97672 0.387356
50 0.507863 0.500287 0.965798 0.387931
49 0.498501 0.501437 0.950195 0.38908
51 0.503962 0.498276 0.97672 0.387356
50 0.507473 0.5 0.966578 0.388506
49 0.498501 0.501437 0.950195 0.38908
51 0.503962 0.498276 0.97672 0.387356
50 0.507473 0.500287 0.966578 0.387931
49 0.497721 0.501724 0.950195 0.390805
51 0.503962 0.498276 0.97672 0.387356
50 0.507863 0.5 0.965798 0.388506
49 0.497721 0.501724 0.950195 0.390805
51 0.503962 0.497989 0.97672 0.387931
50 0.507473 0.5 0.966578 0.388506
49 0.497721 0.501724 0.950195 0.391954
51 0.503962 0.498276 0.97672 0.387356
50 0.507473 0.5 0.966578 0.388506
49 0.497721 0.501724 0.950195 0.390805
51 0.503962 0.498276 0.97672 0.388506
50 0.507473 0.5 0.966578 0.388506
49 0.497721 0.501724 0.950195 0.391954
51 0.503962 0.498276 0.97672 0.388506
50 0.507473 0.5 0.966578 0.388506
49 0.496941 0.501724 0.950195 0.390805
51 0.503962 0.498276 0.97672 0.388506
50 0.507473 0.5 0.966578 0.388506
49 0.496941 0.501724 0.950195 0.391954
51 0.503572 0.498276 0.97594 0.388506
50 0.507083 0.5 0.967358 0.388506
49 0.496941 0.501724 0.950195 0.391954
51 0.503962 0.498276 0.97672 0.388506
50 0.507083 0.5 0.967358 0.388506
49 0.496941 0.501724 0.950195 0.391954
51 0.503962 0.498276 0.97672 0.388506
50 0.507083 0.5 0.967358 0.388506
49 0.496941 0.501724 0.950195 0.391954
51 0.503962 0.498276 0.97672 0.388506
50 0.507083 0.5 0.967358 0.388506
49 0.496941 0.501724 0.950195 0.391954
51 0.503962 0.498276 0.97672 0.388506
50 0.507083 0.5 0.967358 0.388506
49 0.496941 0.501724 0.950195 0.391954
51 0.503962 0.498276 0.97672 0.388506
50 0.507083 0.5 0.967358 0.388506
49 0.496941 0.501724 0.950195 0.391954
51 0.503962 0.498276 0.97672 0.388506
50 0.507083 0.5 0.967358 0.388506
49 0.496941 0.501724 0.950195 0.391954
51 0.503572 0.498276 0.97594 0.388506
50 0.507083 0.5 0.967358 0.388506
49 0.496941 0.501724 0.950195 0.391954
51 0.503572 0.498276 0.97594 0.388506
50 0.507083 0.5 0.967358 0.388506
49 0.496941 0.501724 0.950195 0.391954
51 0.503572 0.498276 0.97594 0.388506
50 0.507083 0.5 0.967358 0.388506
49 0.496941 0.501724 0.950195 0.391954
51 0.503572 0.498563 0.97594 0.38908
50 0.507083 0.5 0.967358 0.388506
49 0.496941 0.501724 0.950195 0.391954
51 0.503572 0.498563 0.97594 0.38908
50 0.507083 0.5 0.967358 0.388506
49 0.496941 0.501724 0.950195 0.391954
51 0.503572 0.498276 0.97594 0.389655
50 0.507083 0.5 0.967358 0.388506
49 0.496941 0.501437 0.950195 0.392529
51 0.503572 0.498563 0.97594 0.38908
50 0.507083 0.5 0.967358 0.388506
49 0.496941 0.501437 0.950195 0.392529
51 0.503572 0.498276 0.97594 0.389655
50 0.507083 0.5 0.967358 0.388506
49 0.496941 0.501437 0.950195 0.392529
51 0.503572 0.498276 0.97594 0.389655
50 0.507083 0.5 0.967358 0.388506
49 0.496941 0.501724 0.950195 0.391954
51 0.503572 0.498276 0.97594 0.389655
50 0.507083 0.5 0.967358 0.388506
49 0.496941 0.501724 0.950195 0.391954
51 0.503572 0.498276 0.97594 0.389655
50 0.507083 0.5 0.967358 0.388506
49 0.496941 0.501724 0.950195 0.391954
51 0.503572 0.498276 0.97594 0.389655
50 0.507083 0.5 0.967358 0.388506
49 0.496941 0.501724 0.950195 0.391954
51 0.503572 0.498276 0.97594 0.389655
50 0.507083 0.5 0.967358 0.388506
49 0.496941 0.501724 0.950195 0.391954
51 0.503572 0.498276 0.97594 0.389655
50 0.507083 0.5 0.967358 0.388506
49 0.496941 0.501724 0.950195 0.391954
51 0.503182 0.498276 0.975159 0.389655
50 0.507083 0.5 0.967358 0.388506
49 0.496941 0.501724 0.950195 0.391954
51 0.503182 0.498563 0.975159 0.38908
50 0.507083 0.5 0.967358 0.388506
49 0.496941 0.501724 0.950195 0.391954
51 0.503182 0.498563 0.975159 0.38908
50 0.507083 0.5 0.967358 0.388506
49 0.496941 0.501724 0.950195 0.391954
51 0.503572 0.498563 0.97594 0.38908
50 0.507083 0.5 0.967358 0.388506
49 0.496941 0.501724 0.950195 0.391954
51 0.503182 0.498563 0.975159 0.38908
50 0.507083 0.5 0.967358 0.388506
49 0.496941 0.501724 0.950195 0.391954
51 0.503182 0.498851 0.975159 0.389655
50 0.507083 0.5 0.967358 0.388506
49 0.496941 0.501724 0.950195 0.391954
51 0.503182 0.498563 0.975159 0.38908
50 0.507083 0.5 0.967358 0.388506
49 0.496941 0.501724 0.950195 0.391954
51 0.503182 0.498851 0.975159 0.389655
50 0.507083 0.500287 0.967358 0.38908
49 0.496941 0.501724 0.950195 0.391954
51 0.503182 0.498851 0.975159 0.389655
50 0.507083 0.500287 0.967358 0.38908
49 0.496941 0.501724 0.950195 0.391954
51 0.503182 0.498851 0.975159 0.389655
50 0.507083 0.5 0.967358 0.388506
49 0.496941 0.501724 0.950195 0.391954
51 0.503182 0.498851 0.975159 0.389655
50 0.507083 0.5 0.967358 0.388506
49 0.496941 0.501724 0.950195 0.391954
51 0.503182 0.498851 0.975159 0.389655
50 0.506303 0.5 0.967358 0.388506
49 0.496941 0.501724 0.950195 0.391954
51 0.503182 0.498851 0.975159 0.389655
50 0.506303 0.5 0.967358 0.388506
49 0.496941 0.501724 0.950195 0.391954
51 0.503182 0.498851 0.975159 0.389655
50 0.506303 0.5 0.967358 0.388506
49 0.496941 0.501724 0.950195 0.391954
51 0.503182 0.498851 0.975159 0.389655
50 0.506303 0.5 0.967358 0.388506
49 0.496941 0.501437 0.950195 0.392529
51 0.503182 0.498851 0.975159 0.389655
50 0.506303 0.500287 0.965798 0.38908
49 0.496941 0.501724 0.950195 0.391954
51 0.503182 0.498851 0.975159 0.389655
50 0.506303 0.5 0.965798 0.388506
49 0.496941 0.501724 0.950195 0.391954
51 0.503182 0.498851 0.975159 0.389655
50 0.506303 0.499713 0.967358 0.38908
49 0.496941 0.501724 0.950195 0.391954
51 0.503182 0.499138 0.975159 0.39023
50 0.506693 0.5 0.966578 0.389655
49 0.496941 0.501724 0.950195 0.391954
51 0.503182 0.498851 0.975159 0.389655
50 0.506303 0.5 0.965798 0.389655
49 0.496941 0.501724 0.950195 0.391954
51 0.503182 0.498851 0.975159 0.389655
50 0.506693 0.5 0.966578 0.389655
49 0.496941 0.501724 0.950195 0.391954
51 0.503182 0.499425 0.975159 0.389655
50 0.506303 0.5 0.967358 0.389655
49 0.496941 0.501437 0.950195 0.392529
51 0.503182 0.499425 0.975159 0.389655
50 0.506693 0.5 0.966578 0.389655
49 0.496941 0.501437 0.950195 0.392529
51 0.503182 0.498851 0.975159 0.389655
50 0.506693 0.5 0.966578 0.389655
49 0.496941 0.501437 0.950195 0.392529
51 0.503182 0.499138 0.973599 0.39023
50 0.506693 0.499713 0.966578 0.38908
49 0.496941 0.501724 0.950195 0.393103
51 0.503182 0.498851 0.973599 0.389655
50 0.506693 0.5 0.966578 0.389655
49 0.496941 0.501437 0.950195 0.392529
51 0.503182 0.499425 0.973599 0.389655
50 0.507083 0.499713 0.965798 0.38908
49 0.496941 0.501437 0.950195 0.392529
51 0.503182 0.499138 0.973599 0.38908
50 0.507083 0.5 0.965798 0.389655
49 0.496941 0.501437 0.950195 0.392529
51 0.503182 0.499425 0.973599 0.389655
50 0.506693 0.5 0.966578 0.389655
49 0.496551 0.501149 0.950975 0.393103
51 0.503182 0.499425 0.973599 0.389655
50 0.507083 0.5 0.965798 0.389655
49 0.496551 0.501724 0.950975 0.393103
51 0.503182 0.499425 0.973599 0.389655
50 0.506693 0.5 0.966578 0.389655
49 0.496551 0.501149 0.950975 0.393103
51 0.503182 0.499425 0.973599 0.389655
50 0.507083 0.5 0.965798 0.389655
49 0.496551 0.501149 0.950975 0.393103
51 0.503182 0.499425 0.973599 0.389655
50 0.506693 0.5 0.966578 0.389655
49 0.496551 0.501724 0.950975 0.393103
51 0.503182 0.499425 0.973599 0.389655
50 0.506693 0.5 0.966578 0.389655
49 0.496551 0.501149 0.950975 0.393103
51 0.503182 0.499425 0.973599 0.389655
50 0.506693 0.5 0.966578 0.389655
49 0.496551 0.501149 0.950975 0.393103
51 0.503182 0.499425 0.973599 0.389655
50 0.506693 0.5 0.966578 0.389655
49 0.496551 0.501437 0.950975 0.393678
51 0.503962 0.499138 0.973599 0.38908
50 0.506693 0.5 0.966578 0.389655
49 0.496551 0.501724 0.950975 0.393103
51 0.503962 0.499425 0.973599 0.389655
50 0.506693 0.5 0.966578 0.389655
49 0.496551 0.501437 0.950975 0.393678
50 0.506693 0.5 0.966578 0.389655
49 0.496551 0.501437 0.950975 0.393678
50 0.506693 0.5 0.966578 0.389655
49 0.496551 0.501437 0.950975 0.393678
50 0.506693 0.5 0.966578 0.389655
49 0.496551 0.501437 0.950975 0.393678
50 0.506693 0.5 0.966578 0.389655
49 0.496551 0.501437 0.950975 0.393678
50 0.506693 0.5 0.966578 0.389655
49 0.496161 0.501437 0.951756 0.393678
50 0.506693 0.5 0.966578 0.389655
49 0.496161 0.501724 0.951756 0.393103
50 0.506303 0.5 0.967358 0.389655
49 0.496161 0.501437 0.951756 0.393678
50 0.506693 0.5 0.966578 0.389655
49 0.496161 0.501437 0.951756 0.393678
50 0.506693 0.5 0.966578 0.389655
49 0.496161 0.501437 0.951756 0.393678
50 0.506693 0.5 0.966578 0.389655
49 0.496161 0.501437 0.951756 0.393678
50 0.507083 0.5 0.967358 0.389655
49 0.496161 0.501437 0.951756 0.393678
50 0.506693 0.500287 0.966578 0.39023
49 0.496161 0.501437 0.951756 0.393678
50 0.506693 0.5 0.966578 0.389655
49 0.496161 0.501437 0.951756 0.393678
50 0.506303 0.500287 0.967358 0.39023
49 0.496161 0.501149 0.951756 0.394253
50 0.506303 0.500287 0.967358 0.39023
49 0.495381 0.501437 0.951756 0.393678
50 0.506303 0.500287 0.967358 0.39023
49 0.496161 0.501149 0.951756 0.394253
50 0.506693 0.500287 0.966578 0.39023
49 0.496161 0.501149 0.951756 0.394253
50 0.506303 0.500287 0.967358 0.39023
49 0.496161 0.501149 0.951756 0.394253
50 0.506303 0.500287 0.967358 0.39023
49 0.495381 0.501149 0.951756 0.394253
50 0.506303 0.500287 0.967358 0.39023
49 0.496161 0.501149 0.951756 0.394253
50 0.506303 0.500287 0.965798 0.39023
49 0.496161 0.501149 0.951756 0.394253
50 0.506303 0.500287 0.965798 0.39023
49 0.496161 0.501149 0.951756 0.394253
50 0.506303 0.500287 0.965798 0.39023
49 0.496161 0.501149 0.951756 0.394253
50 0.506303 0.500287 0.965798 0.39023
49 0.496161 0.501437 0.951756 0.394828
50 0.506303 0.500287 0.965798 0.39023
49 0.496161 0.501149 0.951756 0.394253
50 0.506303 0.500575 0.965798 0.389655
49 0.496161 0.501149 0.951756 0.394253
50 0.506303 0.500287 0.965798 0.39023
49 0.496161 0.501149 0.951756 0.394253
50 0.506303 0.500575 0.965798 0.389655
49 0.495771 0.501149 0.952536 0.394253
50 0.506303 0.500287 0.965798 0.39023
49 0.495381 0.501149 0.951756 0.394253
50 0.506303 0.500287 0.965798 0.39023
49 0.495381 0.501149 0.951756 0.394253
50 0.506303 0.500287 0.965798 0.39023
49 0.495381 0.501149 0.951756 0.394253
50 0.506303 0.500287 0.965798 0.39023
49 0.495381 0.501437 0.951756 0.394828
50 0.505913 0.500287 0.966578 0.39023
49 0.495381 0.501149 0.951756 0.394253
50 0.505913 0.500287 0.966578 0.39023
49 0.495381 0.501149 0.951756 0.394253
50 0.505913 0.500287 0.966578 0.39023
49 0.494991 0.501149 0.952536 0.394253
50 0.505913 0.500287 0.966578 0.39023
49 0.494991 0.501149 0.952536 0.394253
50 0.505913 0.5 0.966578 0.390805
49 0.494991 0.501149 0.952536 0.394253
50 0.505913 0.500287 0.966578 0.39023
49 0.495381 0.501149 0.951756 0.394253
50 0.505523 0.500287 0.967358 0.39023
49 0.495381 0.501149 0.951756 0.394253
50 0.505523 0.500287 0.965798 0.39023
49 0.495381 0.501149 0.951756 0.394253
50 0.505523 0.500287 0.965798 0.39023
49 0.495381 0.501149 0.951756 0.394253
50 0.504743 0.500287 0.965798 0.39023
49 0.494991 0.501149 0.952536 0.394253
50 0.504743 0.500287 0.965798 0.39023
49 0.495381 0.501149 0.951756 0.394253
50 0.504743 0.500287 0.965798 0.39023
49 0.494601 0.501149 0.951756 0.394253
50 0.504743 0.500287 0.965798 0.39023
49 0.494601 0.501149 0.951756 0.394253
50 0.504743 0.500287 0.965798 0.39023
49 0.494601 0.501149 0.951756 0.394253
50 0.504743 0.500287 0.965798 0.39023
49 0.494601 0.501149 0.951756 0.394253
50 0.504743 0.500287 0.965798 0.39023
49 0.494601 0.501149 0.951756 0.394253
50 0.504743 0.500287 0.965798 0.39023
49 0.494601 0.501149 0.951756 0.394253
50 0.504743 0.500287 0.965798 0.39023
49 0.494601 0.501149 0.951756 0.394253
50 0.504743 0.500575 0.965798 0.390805
49 0.494601 0.501149 0.951756 0.394253
50 0.504743 0.500575 0.965798 0.390805
49 0.494601 0.501149 0.951756 0.394253
50 0.504743 0.500575 0.965798 0.390805
49 0.494601 0.501149 0.951756 0.394253
50 0.504743 0.500575 0.965798 0.390805
49 0.494601 0.501149 0.951756 0.394253
50 0.504743 0.500575 0.967358 0.390805
49 0.494601 0.501149 0.951756 0.394253
50 0.504743 0.500575 0.967358 0.390805
49 0.494601 0.501149 0.951756 0.395402
50 0.504743 0.500575 0.967358 0.390805
49 0.494601 0.501149 0.951756 0.394253
50 0.504743 0.500575 0.967358 0.390805
49 0.494601 0.501149 0.951756 0.395402
50 0.504743 0.500575 0.967358 0.390805
49 0.494601 0.501149 0.951756 0.395402
50 0.504743 0.500575 0.967358 0.390805
49 0.494601 0.501149 0.951756 0.394253
50 0.504743 0.500575 0.967358 0.390805
49 0.494601 0.501149 0.951756 0.394253
50 0.504743 0.500575 0.968918 0.390805
49 0.494601 0.500862 0.951756 0.394828
50 0.504743 0.500575 0.968918 0.390805
49 0.494601 0.500862 0.951756 0.394828
50 0.504743 0.500575 0.968918 0.390805
49 0.494601 0.500862 0.951756 0.394828
50 0.504743 0.500575 0.968918 0.390805
49 0.494601 0.500862 0.951756 0.394828
50 0.504743 0.500287 0.968918 0.391379
49 0.494601 0.500862 0.951756 0.394828
50 0.504743 0.500575 0.968918 0.390805
49 0.494601 0.500862 0.951756 0.394828
50 0.504743 0.500575 0.968918 0.390805
49 0.494601 0.500862 0.951756 0.394828
50 0.504743 0.500287 0.968918 0.391379
49 0.494601 0.500862 0.951756 0.394828
50 0.504743 0.500575 0.968918 0.391954
49 0.494601 0.500862 0.951756 0.394828
50 0.504352 0.500575 0.969699 0.391954
49 0.494601 0.500862 0.951756 0.394828
50 0.504352 0.500575 0.969699 0.391954
49 0.494601 0.500575 0.951756 0.395402
50 0.504743 0.500575 0.970479 0.391954
49 0.494601 0.500862 0.951756 0.394828
50 0.504743 0.500575 0.970479 0.391954
49 0.494601 0.500575 0.951756 0.395402
50 0.504743 0.500575 0.970479 0.391954
49 0.494601 0.500862 0.951756 0.394828
50 0.504743 0.500575 0.970479 0.391954
49 0.494601 0.500575 0.951756 0.395402
50 0.504743 0.500575 0.970479 0.391954
49 0.494601 0.500575 0.951756 0.395402
50 0.504743 0.500575 0.970479 0.391954
49 0.494601 0.500862 0.951756 0.394828
50 0.504743 0.500575 0.972039 0.391954
49 0.494991 0.500575 0.952536 0.395402
50 0.504743 0.500575 0.972039 0.391954
49 0.494601 0.500575 0.951756 0.395402
50 0.506303 0.5 0.965798 0.389655
49 0.496941 0.501724 0.950195 0.391954
51 0.503182 0.499138 0.975159 0.39023
