50 0.511717 0.516705 0.976567 0.256912
95 0.503032 0.514401 0.993567 0.261521
48 0.511717 0.516705 0.976567 0.256912
101 0.503032 0.514401 0.993567 0.261521
48 0.486238 0.468606 0.969353 0.323157
67 0.503032 0.514401 0.993567 0.261521
102 0.511717 0.516705 0.976567 0.256912
17 0.503032 0.514401 0.993567 0.261521
53 0.503423 0.511521 0.992786 0.270737
77 0.511717 0.516705 0.976567 0.256912
49 0.503032 0.514401 0.993567 0.261521
50 0.486238 0.468606 0.969353 0.323157
68 0.495221 0.46947 0.977945 0.332949
84 0.511717 0.516705 0.976567 0.256912
81 0.497174 0.477247 0.974039 0.328917
109 0.493659 0.485311 0.97482 0.31394
105 0.511717 0.516705 0.976567 0.256912
79 0.493659 0.485311 0.97482 0.31394
76 0.495221 0.46947 0.977945 0.332949
54 0.511717 0.516705 0.976567 0.256912
14 0.511717 0.516705 0.976567 0.256912
46 0.493659 0.485311 0.97482 0.31394
110 0.493659 0.485311 0.97482 0.31394
26 0.511717 0.516705 0.976567 0.256912
16 0.497174 0.477247 0.974039 0.328917
75 0.5085 0.506624 0.973258 0.277074
73 0.511717 0.516705 0.976567 0.256912
67 0.458509 0.466014 0.91077 0.312212
104 0.493659 0.485311 0.97482 0.31394
33 0.503032 0.514401 0.993567 0.261521
111 0.511717 0.516705 0.976567 0.256912
103 0.495221 0.46947 0.977945 0.332949
56 0.503032 0.514401 0.993567 0.261521
100 0.503032 0.514401 0.993567 0.261521
74 0.503032 0.514401 0.993567 0.261521
17 0.458509 0.466014 0.91077 0.312212
47 0.493268 0.483871 0.969353 0.323733
4 0.51406 0.513537 0.97188 0.265553
97 0.503032 0.514401 0.993567 0.261521
51 0.493268 0.483871 0.969353 0.323733
66 0.5085 0.506624 0.973258 0.277074
42 0.493659 0.485311 0.97482 0.31394
7 0.503032 0.514401 0.993567 0.261521
49 0.458509 0.466014 0.91077 0.312212
101 0.458509 0.466014 0.91077 0.312212
95 0.458509 0.466014 0.91077 0.312212
99 0.503423 0.511521 0.992786 0.270737
28 0.511717 0.516705 0.976567 0.256912
102 0.486238 0.468606 0.969353 0.323157
14 0.486238 0.468606 0.969353 0.323157
11 0.511717 0.516705 0.976567 0.256912
8 0.495221 0.46947 0.977945 0.332949
54 0.486238 0.468606 0.969353 0.323157
31 0.503032 0.514401 0.993567 0.261521
111 0.486238 0.468606 0.969353 0.323157
84 0.486238 0.468606 0.969353 0.323157
5 0.503032 0.514401 0.993567 0.261521
21 0.493659 0.485311 0.97482 0.31394
15 0.503032 0.514401 0.993567 0.261521
108 0.511717 0.516705 0.976567 0.256912
0 0.493268 0.483871 0.969353 0.323733
75 0.458509 0.466014 0.91077 0.312212
53 0.457338 0.470334 0.906864 0.315092
34 0.5085 0.506624 0.973258 0.277074
29 0.493659 0.485311 0.97482 0.31394
12 0.518654 0.481567 0.952949 0.324885
7 0.458509 0.466014 0.91077 0.312212
80 0.493659 0.485311 0.97482 0.31394
33 0.493659 0.454493 0.981069 0.374424
100 0.458509 0.466014 0.91077 0.312212
22 0.5085 0.506624 0.973258 0.277074
26 0.458509 0.466014 0.91077 0.312212
13 0.458509 0.466014 0.91077 0.312212
11 0.486238 0.468606 0.969353 0.323157
24 0.511717 0.516705 0.976567 0.256912
2 0.51406 0.513537 0.97188 0.265553
77 0.486238 0.468606 0.969353 0.323157
78 0.493268 0.483871 0.969353 0.323733
5 0.458509 0.466014 0.91077 0.312212
6 0.493659 0.485311 0.97482 0.31394
105 0.486238 0.468606 0.969353 0.323157
73 0.486238 0.471774 0.969353 0.321429
20 0.48702 0.472062 0.969353 0.324309
32 0.503032 0.514401 0.993567 0.261521
52 0.512498 0.481567 0.975005 0.323733
108 0.486238 0.468606 0.969353 0.323157
13 0.511717 0.516705 0.976567 0.256912
56 0.493659 0.454493 0.981069 0.374424
74 0.493659 0.454493 0.981069 0.374424
38 0.493659 0.485311 0.97482 0.31394
15 0.458509 0.466014 0.91077 0.312212
41 0.503032 0.514401 0.993567 0.261521
36 0.503032 0.514401 0.993567 0.261521
55 0.497174 0.477247 0.974039 0.328917
30 0.493268 0.483871 0.969353 0.323733
92 0.497174 0.477247 0.974039 0.328917
4 0.486238 0.468606 0.969353 0.323157
19 0.458509 0.466014 0.91077 0.312212
24 0.458509 0.466014 0.91077 0.312212
22 0.458509 0.466014 0.91077 0.312212
94 0.493659 0.485311 0.97482 0.31394
9 0.486238 0.468606 0.969353 0.323157
88 0.493268 0.483871 0.969353 0.323733
65 0.493659 0.485311 0.97482 0.31394
66 0.458509 0.466014 0.91077 0.312212
28 0.493659 0.454493 0.981069 0.374424
41 0.458509 0.466014 0.91077 0.312212
18 0.51406 0.513537 0.97188 0.265553
97 0.441325 0.461406 0.873276 0.294931
9 0.51406 0.513537 0.97188 0.265553
64 0.497174 0.477247 0.974039 0.328917
31 0.458509 0.466014 0.91077 0.312212
69 0.511717 0.516705 0.976567 0.256912
60 0.48702 0.472062 0.969353 0.324309
50 0.504687 0.457661 0.990627 0.381912
46 0.498346 0.461982 0.981069 0.374424
48 0.498346 0.461982 0.981069 0.374424
49 0.504687 0.457661 0.990627 0.381912
101 0.492878 0.466878 0.985756 0.365783
68 0.492878 0.466878 0.985756 0.365783
110 0.504687 0.457661 0.990627 0.381912
100 0.504687 0.457661 0.990627 0.381912
111 0.492878 0.466878 0.985756 0.365783
99 0.504687 0.457661 0.990627 0.381912
75 0.504687 0.457661 0.990627 0.381912
67 0.481942 0.47235 0.963885 0.354839
73 0.498346 0.461982 0.981069 0.374424
102 0.504687 0.457661 0.990627 0.381912
76 0.498346 0.461982 0.981069 0.374424
47 0.498346 0.461982 0.981069 0.374424
95 0.504687 0.457661 0.990627 0.381912
77 0.504687 0.457661 0.990627 0.381912
51 0.498346 0.461982 0.981069 0.374424
50 0.284908 0.471198 0.559662 0.31682
109 0.498346 0.461982 0.981069 0.374424
103 0.481942 0.47235 0.963885 0.354839
97 0.504687 0.457661 0.990627 0.381912
53 0.498346 0.461982 0.981069 0.374424
49 0.284908 0.471198 0.559662 0.31682
88 0.492878 0.466878 0.985756 0.365783
84 0.504687 0.457661 0.990627 0.381912
46 0.284908 0.471198 0.559662 0.31682
54 0.504687 0.457661 0.990627 0.381912
50 0.49405 0.362615 0.974039 0.580069
104 0.505858 0.425763 0.988283 0.449165
48 0.49405 0.362615 0.974039 0.580069
56 0.504687 0.457661 0.990627 0.381912
17 0.504687 0.457661 0.990627 0.381912
52 0.505858 0.425763 0.988283 0.449165
50 0.196399 0.463422 0.385183 0.305876
101 0.284908 0.471198 0.559662 0.31682
46 0.49405 0.362615 0.974039 0.580069
48 0.284908 0.471198 0.559662 0.31682
2 0.504687 0.457661 0.990627 0.381912
28 0.505376 0.463998 0.985756 0.371544
9 0.505858 0.425763 0.988283 0.449165
49 0.196399 0.463422 0.385183 0.305876
111 0.49405 0.362615 0.974039 0.580069
52 0.457728 0.478399 0.91077 0.349654
7 0.498346 0.461982 0.981069 0.374424
14 0.504687 0.457661 0.990627 0.381912
5 0.505858 0.425763 0.988283 0.449165
35 0.505858 0.425763 0.988283 0.449165
36 0.496783 0.452765 0.979507 0.395161
99 0.49405 0.362615 0.974039 0.580069
68 0.284908 0.471198 0.559662 0.31682
38 0.492878 0.466878 0.985756 0.365783
41 0.505376 0.463998 0.985756 0.371544
110 0.284908 0.471198 0.559662 0.31682
42 0.496783 0.452765 0.979507 0.395161
66 0.504687 0.457661 0.990627 0.381912
100 0.284908 0.471198 0.559662 0.31682
110 0.504985 0.356567 0.989661 0.591014
6 0.496783 0.452765 0.979507 0.395161
101 0.492097 0.365783 0.984194 0.573733
49 0.49405 0.362615 0.974039 0.580069
8 0.492097 0.470622 0.984194 0.355991
46 0.196399 0.463422 0.385183 0.305876
25 0.492097 0.464862 0.984194 0.373272
105 0.498346 0.461982 0.981069 0.374424
68 0.492097 0.365783 0.984194 0.573733
101 0.196399 0.463422 0.385183 0.305876
26 0.505376 0.463998 0.985756 0.371544
89 0.496783 0.452765 0.979507 0.395161
99 0.32162 0.468894 0.63543 0.320276
100 0.49405 0.362615 0.974039 0.580069
67 0.284908 0.471198 0.559662 0.31682
51 0.284908 0.471198 0.559662 0.31682
47 0.284908 0.471198 0.559662 0.31682
30 0.506938 0.464862 0.979507 0.360599
50 0.506639 0.901498 0.986721 0.197005
50 0.496783 0.353111 0.993567 0.597926
50 0.484286 0.459677 0.968571 0.387097
49 0.496783 0.353111 0.993567 0.597926
49 0.484286 0.459677 0.968571 0.387097
100 0.496783 0.332373 0.993567 0.664747
100 0.484286 0.459677 0.968571 0.387097
51 0.496783 0.332373 0.993567 0.664747
48 0.496783 0.353111 0.993567 0.597926
50 0.470226 0.534562 0.940452 0.509217
46 0.496783 0.353111 0.993567 0.597926
48 0.484286 0.459677 0.968571 0.387097
51 0.484286 0.459677 0.968571 0.387097
99 0.496783 0.332373 0.993567 0.664747
76 0.496783 0.353111 0.993567 0.597926
46 0.484286 0.459677 0.968571 0.387097
73 0.496783 0.332373 0.993567 0.664747
75 0.496783 0.331221 0.985756 0.662442
47 0.496783 0.332373 0.993567 0.664747
76 0.484286 0.459677 0.968571 0.387097
99 0.484286 0.459677 0.968571 0.387097
48 0.493659 0.413018 0.987318 0.826037
68 0.496783 0.353111 0.993567 0.597926
49 0.470226 0.534562 0.940452 0.509217
47 0.484286 0.459677 0.968571 0.387097
73 0.484286 0.459677 0.968571 0.387097
68 0.484286 0.459677 0.968571 0.387097
97 0.496783 0.332373 0.993567 0.664747
75 0.484286 0.459677 0.968571 0.387097
101 0.496783 0.353111 0.993567 0.597926
50 0.495221 0.577333 0.990442 0.713998
100 0.470226 0.534562 0.940452 0.509217
50 0.482724 0.180156 0.965447 0.360311
68 0.485848 0.274194 0.971696 0.548387
48 0.470226 0.534562 0.940452 0.509217
48 0.495221 0.239919 0.990442 0.479839
48 0.497955 0.726094 0.99591 0.547811
101 0.484286 0.459677 0.968571 0.387097
46 0.493659 0.413018 0.987318 0.826037
68 0.49405 0.177563 0.988099 0.355127
50 0.493659 0.413018 0.987318 0.826037
49 0.493659 0.413018 0.987318 0.826037
46 0.470226 0.534562 0.940452 0.509217
68 0.497565 0.746544 0.995129 0.506912
97 0.484286 0.459677 0.968571 0.387097
49 0.495221 0.239919 0.990442 0.479839
50 0.497565 0.746544 0.995129 0.506912
50 0.485848 0.274194 0.971696 0.548387
101 0.49405 0.177563 0.988099 0.355127
51 0.470226 0.534562 0.940452 0.509217
76 0.493659 0.413018 0.987318 0.826037
53 0.496002 0.283986 0.992005 0.567972
99 0.470226 0.534562 0.940452 0.509217
50 0.496393 0.0922379 0.984975 0.184476
77 0.50147 0.347926 0.977945 0.607143
110 0.496783 0.332373 0.993567 0.664747
50 0.505376 0.0603399 0.96076 0.12068
84 0.496783 0.331221 0.985756 0.662442
100 0.483895 0.232575 0.96779 0.46515
52 0.496783 0.332373 0.993567 0.664747
109 0.496783 0.332373 0.993567 0.664747
102 0.49405 0.177563 0.988099 0.355127
68 0.470226 0.534562 0.940452 0.509217
68 0.493659 0.413018 0.987318 0.826037
101 0.485848 0.274194 0.971696 0.548387
46 0.485848 0.274194 0.971696 0.548387
25 0.496783 0.353111 0.993567 0.597926
99 0.497955 0.726094 0.99591 0.547811
76 0.485848 0.274194 0.971696 0.548387
100 0.497955 0.726094 0.99591 0.547811
25 0.484286 0.459677 0.968571 0.387097
77 0.495221 0.239919 0.990442 0.479839
17 0.496783 0.353111 0.993567 0.597926
102 0.50147 0.347926 0.977945 0.607143
76 0.470226 0.534562 0.940452 0.509217
47 0.470226 0.534562 0.940452 0.509217
49 0.484286 0.603687 0.965447 0.753456
48 0.496393 0.0922379 0.984975 0.184476
110 0.484286 0.459677 0.968571 0.387097
101 0.496002 0.741935 0.992005 0.516129
68 0.496393 0.0922379 0.984975 0.184476
111 0.496002 0.283986 0.992005 0.567972
95 0.496002 0.283986 0.992005 0.567972
77 0.503423 0.459677 0.969353 0.39977
53 0.497565 0.746544 0.995129 0.506912
17 0.484286 0.459677 0.968571 0.387097
49 0.497955 0.726094 0.99591 0.547811
68 0.495221 0.937788 0.990442 0.124424
49 0.496393 0.0922379 0.984975 0.184476
48 0.505376 0.0603399 0.96076 0.12068
102 0.497565 0.746544 0.995129 0.506912
46 0.496783 0.726959 0.993567 0.546083
109 0.497955 0.726094 0.99591 0.547811
68 0.505376 0.0603399 0.96076 0.12068
101 0.470226 0.534562 0.940452 0.509217
50 0.495221 0.937788 0.990442 0.124424
73 0.497955 0.726094 0.99591 0.547811
52 0.484286 0.459677 0.968571 0.387097
73 0.470226 0.534562 0.940452 0.509217
67 0.495221 0.239919 0.990442 0.479839
46 0.482724 0.180156 0.965447 0.360311
51 0.497955 0.726094 0.99591 0.547811
51 0.483895 0.232575 0.96779 0.46515
111 0.497955 0.726094 0.99591 0.547811
49 0.505376 0.0603399 0.96076 0.12068
101 0.496393 0.0922379 0.984975 0.184476
53 0.49405 0.177563 0.988099 0.355127
110 0.483895 0.232575 0.96779 0.46515
109 0.484286 0.459677 0.968571 0.387097
100 0.496393 0.0922379 0.984975 0.184476
48 0.495221 0.577333 0.990442 0.713998
100 0.495221 0.577333 0.990442 0.713998
76 0.496783 0.726959 0.993567 0.546083
101 0.505376 0.0603399 0.96076 0.12068
48 0.47335 0.884217 0.9467 0.231567
67 0.496002 0.379032 0.982631 0.758065
77 0.497565 0.746544 0.995129 0.506912
84 0.497955 0.726094 0.99591 0.547811
100 0.505376 0.0603399 0.96076 0.12068
102 0.485848 0.274194 0.971696 0.548387
101 0.493659 0.413018 0.987318 0.826037
48 0.495221 0.937788 0.990442 0.124424
33 0.496783 0.332373 0.993567 0.664747
77 0.493659 0.413018 0.987318 0.826037
102 0.503423 0.459677 0.969353 0.39977
6 0.496783 0.332373 0.993567 0.664747
2 0.496002 0.283986 0.992005 0.567972
75 0.470226 0.534562 0.940452 0.509217
109 0.483895 0.232575 0.96779 0.46515
42 0.485848 0.343894 0.971696 0.652074
102 0.496393 0.0922379 0.984975 0.184476
50 0.47335 0.884217 0.9467 0.231567
17 0.485848 0.274194 0.971696 0.548387
47 0.482724 0.180156 0.965447 0.360311
76 0.49405 0.177563 0.988099 0.355127
88 0.496783 0.353111 0.993567 0.597926
46 0.495221 0.577333 0.990442 0.713998
102 0.505376 0.0603399 0.96076 0.12068
49 0.503423 0.159562 0.986537 0.319124
88 0.484286 0.459677 0.968571 0.387097
51 0.496393 0.0922379 0.984975 0.184476
75 0.497955 0.726094 0.99591 0.547811
68 0.492097 0.882201 0.982631 0.235599
68 0.495221 0.577333 0.990442 0.713998
52 0.497955 0.726094 0.99591 0.547811
84 0.484286 0.459677 0.968571 0.387097
75 0.483895 0.232575 0.96779 0.46515
73 0.483895 0.232575 0.96779 0.46515
111 0.484286 0.459677 0.968571 0.387097
50 0.494831 0.488191 0.988099 0.318548
49 0.494831 0.488191 0.988099 0.318548
76 0.495221 0.486175 0.990442 0.323733
100 0.494831 0.488191 0.988099 0.318548
110 0.495221 0.486175 0.990442 0.323733
101 0.494831 0.488191 0.988099 0.318548
46 0.494831 0.488191 0.988099 0.318548
47 0.496002 0.483295 0.992005 0.329493
48 0.496002 0.483295 0.992005 0.329493
102 0.494831 0.488191 0.988099 0.318548
68 0.495221 0.486175 0.990442 0.323733
50 0.492487 0.411578 0.984975 0.471774
51 0.496002 0.483295 0.992005 0.329493
73 0.494831 0.488191 0.988099 0.318548
77 0.493659 0.482431 0.987318 0.332373
97 0.499127 0.446429 0.979507 0.417051
76 0.514749 0.418851 0.951387 0.480271
100 0.514749 0.418851 0.951387 0.480271
49 0.492487 0.411578 0.984975 0.471774
75 0.499127 0.446429 0.979507 0.417051
46 0.514749 0.418851 0.951387 0.480271
73 0.514749 0.418851 0.951387 0.480271
17 0.489363 0.494528 0.975601 0.333525
48 0.50147 0.0745968 0.990442 0.149194
99 0.503032 0.451325 0.968571 0.399194
47 0.492487 0.411578 0.984975 0.471774
48 0.492487 0.411578 0.984975 0.471774
68 0.514749 0.418851 0.951387 0.480271
26 0.494831 0.488191 0.988099 0.318548
110 0.492487 0.411578 0.984975 0.471774
53 0.495221 0.486175 0.990442 0.323733
25 0.494831 0.488191 0.988099 0.318548
50 0.498346 0.0908698 0.990442 0.18174
51 0.492487 0.411578 0.984975 0.471774
47 0.50147 0.0745968 0.990442 0.149194
101 0.514749 0.418851 0.951387 0.480271
68 0.506938 0.482719 0.985756 0.33871
101 0.506938 0.482719 0.985756 0.33871
77 0.506938 0.482719 0.985756 0.33871
102 0.506938 0.482719 0.985756 0.33871
50 0.502251 0.491359 0.982631 0.335253
109 0.506938 0.482719 0.985756 0.33871
110 0.506938 0.482719 0.985756 0.33871
67 0.506938 0.482719 0.985756 0.33871
49 0.502251 0.491359 0.982631 0.335253
95 0.509281 0.5 0.965447 0.317972
111 0.502251 0.491359 0.982631 0.335253
76 0.506938 0.482719 0.985756 0.33871
29 0.502251 0.491359 0.982631 0.335253
48 0.502251 0.491359 0.982631 0.335253
100 0.502251 0.491359 0.982631 0.335253
97 0.506938 0.482719 0.985756 0.33871
73 0.502251 0.491359 0.982631 0.335253
4 0.793891 0.031466 0.412218 0.062932
56 0.509281 0.5 0.965447 0.317972
77 0.323768 0.496544 0.64285 0.345622
84 0.509281 0.5 0.965447 0.317972
102 0.323768 0.496544 0.64285 0.345622
101 0.323768 0.496544 0.64285 0.345622
13 0.502251 0.491359 0.982631 0.335253
99 0.502251 0.491359 0.982631 0.335253
74 0.506938 0.482719 0.985756 0.33871
20 0.502251 0.491359 0.982631 0.335253
68 0.323768 0.496544 0.64285 0.345622
17 0.506938 0.488767 0.982631 0.336982
34 0.502251 0.491359 0.982631 0.335253
47 0.502251 0.491359 0.982631 0.335253
50 0.505376 0.482719 0.970134 0.329493
77 0.505376 0.482719 0.970134 0.329493
76 0.504594 0.465438 0.971696 0.362903
101 0.505376 0.482719 0.970134 0.329493
102 0.505376 0.482719 0.970134 0.329493
68 0.505376 0.482719 0.970134 0.329493
110 0.505376 0.482719 0.970134 0.329493
49 0.505376 0.482719 0.970134 0.329493
109 0.504594 0.465438 0.971696 0.362903
73 0.504985 0.440956 0.970915 0.413018
99 0.504985 0.440956 0.970915 0.413018
100 0.504594 0.465438 0.971696 0.362903
97 0.504594 0.465438 0.971696 0.362903
75 0.504594 0.465438 0.971696 0.362903
74 0.504594 0.465438 0.971696 0.362903
41 0.504594 0.465438 0.971696 0.362903
66 0.504594 0.465438 0.971696 0.362903
67 0.505376 0.482719 0.970134 0.329493
95 0.504594 0.465438 0.971696 0.362903
46 0.504985 0.440956 0.970915 0.413018
17 0.502251 0.482143 0.973258 0.331797
84 0.504985 0.440956 0.970915 0.413018
103 0.498346 0.466878 0.98888 0.357719
48 0.504985 0.440956 0.970915 0.413018
19 0.505376 0.482719 0.970134 0.329493
76 0.506547 0.363191 0.970915 0.586982
47 0.504594 0.465438 0.971696 0.362903
111 0.504985 0.440956 0.970915 0.413018
50 0.506547 0.363191 0.970915 0.586982
51 0.504985 0.440956 0.970915 0.413018
33 0.504594 0.465438 0.971696 0.362903
49 0.506547 0.363191 0.970915 0.586982
29 0.505376 0.482719 0.970134 0.329493
50 0.502642 0.10095 0.975601 0.201901
56 0.504594 0.465438 0.971696 0.362903
110 0.49444 0.470334 0.971696 0.353111
101 0.49444 0.470334 0.971696 0.353111
50 0.495221 0.482719 0.967009 0.327189
109 0.499908 0.449885 0.965447 0.396313
102 0.49444 0.470334 0.971696 0.353111
73 0.502734 0.483871 0.994532 0.324885
99 0.495221 0.482719 0.967009 0.327189
97 0.496783 0.449309 0.97482 0.394009
76 0.49444 0.470334 0.971696 0.353111
100 0.495221 0.482719 0.967009 0.327189
49 0.495221 0.482719 0.967009 0.327189
46 0.502734 0.483871 0.994532 0.324885
77 0.49444 0.470334 0.971696 0.353111
68 0.49444 0.470334 0.971696 0.353111
111 0.49444 0.470334 0.971696 0.353111
67 0.49444 0.470334 0.971696 0.353111
51 0.502734 0.483871 0.994532 0.324885
47 0.502734 0.483871 0.994532 0.324885
48 0.502734 0.483871 0.994532 0.324885
95 0.499908 0.449885 0.965447 0.396313
17 0.495221 0.482719 0.967009 0.327189
84 0.503032 0.424251 0.959198 0.446429
41 0.503032 0.424251 0.959198 0.446429
75 0.503032 0.424251 0.959198 0.446429
46 0.495221 0.387385 0.976382 0.517857
74 0.499908 0.449885 0.965447 0.396313
73 0.495221 0.387385 0.976382 0.517857
76 0.495221 0.387385 0.976382 0.517857
66 0.499908 0.449885 0.965447 0.396313
51 0.495221 0.387385 0.976382 0.517857
99 0.495221 0.387385 0.976382 0.517857
100 0.495221 0.387385 0.976382 0.517857
6 0.49444 0.470334 0.971696 0.353111
103 0.499908 0.449885 0.965447 0.396313
19 0.495221 0.482719 0.967009 0.327189
50 0.495221 0.387385 0.976382 0.517857
34 0.495221 0.482719 0.967009 0.327189
110 0.495221 0.387385 0.976382 0.517857
49 0.495221 0.387385 0.976382 0.517857
28 0.495221 0.482719 0.967009 0.327189
50 0.491316 0.487327 0.970134 0.331797
76 0.493659 0.484447 0.977945 0.341014
97 0.499127 0.480415 0.967009 0.351382
73 0.493659 0.484447 0.977945 0.341014
100 0.493659 0.484447 0.977945 0.341014
99 0.493659 0.484447 0.977945 0.341014
49 0.493659 0.484447 0.977945 0.341014
110 0.499127 0.480415 0.967009 0.351382
46 0.493659 0.484447 0.977945 0.341014
109 0.499127 0.480415 0.967009 0.351382
34 0.485067 0.486463 0.96076 0.320853
47 0.486629 0.483871 0.963885 0.336406
77 0.499127 0.480415 0.967009 0.351382
101 0.499127 0.480415 0.967009 0.351382
75 0.499908 0.486751 0.965447 0.349078
17 0.491316 0.487327 0.970134 0.331797
51 0.493659 0.484447 0.977945 0.341014
111 0.499127 0.480415 0.967009 0.351382
33 0.499127 0.480415 0.967009 0.351382
29 0.486629 0.483871 0.963885 0.336406
5 0.485067 0.486463 0.96076 0.320853
102 0.49444 0.483295 0.977945 0.336406
6 0.486629 0.483871 0.963885 0.336406
9 0.486629 0.483871 0.963885 0.336406
84 0.496393 0.477823 0.975601 0.362327
50 0.496783 0.483007 0.956074 0.326613
76 0.498346 0.479551 0.97482 0.331221
100 0.496002 0.484159 0.963885 0.327765
51 0.501079 0.483583 0.988099 0.325461
49 0.501079 0.483583 0.988099 0.325461
97 0.499127 0.480415 0.97482 0.332949
99 0.496002 0.484159 0.963885 0.327765
46 0.501079 0.483583 0.988099 0.325461
73 0.499517 0.479263 0.988099 0.339862
75 0.499127 0.480415 0.97482 0.332949
47 0.471397 0.483295 0.941233 0.327189
110 0.499127 0.480415 0.97482 0.332949
48 0.471397 0.483295 0.941233 0.327189
109 0.491316 0.488479 0.973258 0.31682
17 0.498346 0.479551 0.97482 0.331221
33 0.499127 0.480415 0.97482 0.332949
42 0.503813 0.479839 0.992005 0.330645
29 0.498346 0.479551 0.97482 0.331221
34 0.471397 0.483295 0.941233 0.327189
5 0.506157 0.482719 0.96076 0.327189
84 0.499127 0.480415 0.97482 0.332949
76 0.495221 0.442684 0.990442 0.411866
50 0.49444 0.47523 0.967009 0.345622
76 0.435857 0.484735 0.852968 0.330069
73 0.495221 0.442684 0.990442 0.411866
100 0.502251 0.452765 0.967009 0.385945
99 0.495221 0.442684 0.990442 0.411866
110 0.495221 0.442684 0.990442 0.411866
49 0.49444 0.47523 0.967009 0.345622
109 0.504594 0.445853 0.967009 0.41129
5 0.463196 0.483295 0.907645 0.331797
29 0.463196 0.483295 0.907645 0.331797
75 0.495221 0.442684 0.990442 0.411866
17 0.463196 0.483295 0.907645 0.331797
3 0.463196 0.483295 0.907645 0.331797
97 0.502251 0.452765 0.967009 0.385945
77 0.504594 0.445853 0.967009 0.41129
4 0.463196 0.483295 0.907645 0.331797
34 0.463196 0.483295 0.907645 0.331797
46 0.495221 0.442684 0.990442 0.411866
51 0.49444 0.47523 0.967009 0.345622
47 0.495221 0.442684 0.990442 0.411866
22 0.463196 0.483295 0.907645 0.331797
7 0.49405 0.447869 0.988099 0.404954
31 0.463196 0.483295 0.907645 0.331797
33 0.502251 0.452765 0.967009 0.385945
74 0.495221 0.442684 0.990442 0.411866
42 0.495221 0.442684 0.990442 0.411866
102 0.504594 0.445853 0.967009 0.41129
101 0.49405 0.447869 0.988099 0.404954
95 0.504594 0.445853 0.967009 0.41129
54 0.495221 0.442684 0.990442 0.411866
99 0.435857 0.484735 0.852968 0.330069
73 0.435857 0.484735 0.852968 0.330069
41 0.495221 0.442684 0.990442 0.411866
75 0.435857 0.484735 0.852968 0.330069
35 0.463196 0.483295 0.907645 0.331797
84 0.495221 0.442684 0.990442 0.411866
76 0.491316 0.485023 0.973258 0.319124
75 0.491316 0.485023 0.973258 0.319124
100 0.49444 0.483583 0.977945 0.323157
99 0.500689 0.480127 0.970134 0.332373
109 0.500689 0.480127 0.970134 0.332373
73 0.500689 0.480127 0.970134 0.332373
50 0.495221 0.485023 0.977945 0.319124
74 0.491316 0.485023 0.973258 0.319124
17 0.489363 0.483871 0.96779 0.324885
46 0.491316 0.485023 0.973258 0.319124
66 0.491316 0.485023 0.973258 0.319124
97 0.499127 0.483871 0.970134 0.324885
77 0.500689 0.480127 0.970134 0.332373
49 0.495221 0.485023 0.977945 0.319124
103 0.500689 0.480127 0.970134 0.332373
110 0.500689 0.480127 0.970134 0.332373
41 0.495612 0.481855 0.980288 0.327765
101 0.495612 0.481855 0.980288 0.327765
84 0.500689 0.480127 0.970134 0.332373
33 0.495612 0.481855 0.980288 0.327765
102 0.499127 0.482143 0.968571 0.324885
50 0.491316 0.478687 0.96076 0.337558
76 0.490144 0.478687 0.956855 0.336406
49 0.500298 0.476671 0.986537 0.336982
100 0.490144 0.478687 0.956855 0.336406
46 0.500298 0.476671 0.986537 0.336982
110 0.490144 0.478687 0.956855 0.336406
99 0.490144 0.478687 0.956855 0.336406
17 0.500298 0.476671 0.986537 0.336982
102 0.490144 0.478687 0.956855 0.336406
75 0.500298 0.476671 0.986537 0.336982
4 0.485067 0.480127 0.970134 0.34159
101 0.490144 0.478687 0.956855 0.336406
73 0.490144 0.478687 0.956855 0.336406
29 0.485067 0.480127 0.970134 0.34159
48 0.500298 0.476671 0.986537 0.336982
34 0.485067 0.480127 0.970134 0.34159
95 0.498346 0.471774 0.977945 0.352535
74 0.500298 0.476671 0.986537 0.336982
66 0.500298 0.476671 0.986537 0.336982
3 0.485067 0.480127 0.970134 0.34159
109 0.500689 0.474942 0.979507 0.34159
97 0.498346 0.471774 0.977945 0.352535
76 0.504296 0.479263 0.991408 0.334101
50 0.497174 0.481567 0.955293 0.334101
109 0.500689 0.480703 0.98888 0.332373
5 0.504296 0.479263 0.991408 0.334101
34 0.476475 0.478975 0.943576 0.335829
29 0.504296 0.479263 0.991408 0.334101
3 0.504296 0.479263 0.991408 0.334101
75 0.502251 0.481567 0.979507 0.332949
110 0.499127 0.493376 0.98888 0.307028
100 0.497174 0.481567 0.955293 0.334101
97 0.500689 0.480703 0.98888 0.332373
22 0.476475 0.478975 0.943576 0.335829
77 0.500689 0.480703 0.98888 0.332373
95 0.500689 0.480703 0.98888 0.332373
31 0.476475 0.478975 0.943576 0.335829
42 0.504296 0.479263 0.991408 0.334101
4 0.476475 0.478975 0.943576 0.335829
99 0.497174 0.481567 0.955293 0.334101
74 0.497174 0.481567 0.955293 0.334101
46 0.504296 0.479263 0.991408 0.334101
73 0.497174 0.481567 0.955293 0.334101
17 0.504595 0.482719 0.977945 0.331797
101 0.499127 0.493376 0.98888 0.307028
102 0.504595 0.482719 0.977945 0.331797
25 0.476475 0.478975 0.943576 0.335829
66 0.497174 0.481567 0.955293 0.334101
68 0.500689 0.480703 0.98888 0.332373
49 0.502251 0.481567 0.979507 0.332949
30 0.504296 0.479263 0.991408 0.334101
76 0.496783 0.471486 0.985756 0.351959
50 0.503032 0.482143 0.97482 0.328341
110 0.496002 0.469758 0.984194 0.355415
99 0.496783 0.471486 0.985756 0.351959
109 0.496783 0.471486 0.985756 0.351959
100 0.496783 0.471486 0.985756 0.351959
73 0.496783 0.471486 0.985756 0.351959
29 0.49405 0.482719 0.964666 0.326037
5 0.49405 0.482719 0.964666 0.326037
49 0.506938 0.483871 0.963885 0.329493
46 0.496783 0.471486 0.985756 0.351959
30 0.502251 0.482143 0.968571 0.329493
34 0.49405 0.482719 0.964666 0.326037
102 0.496002 0.469758 0.984194 0.355415
101 0.496002 0.469758 0.984194 0.355415
31 0.49405 0.482719 0.964666 0.326037
77 0.496002 0.469758 0.984194 0.355415
4 0.499517 0.482431 0.984975 0.323157
3 0.49405 0.482719 0.964666 0.326037
25 0.49405 0.482719 0.964666 0.326037
75 0.496783 0.471486 0.985756 0.351959
76 0.496393 0.484447 0.986537 0.324885
50 0.496393 0.484447 0.986537 0.324885
29 0.493659 0.486175 0.977945 0.321429
31 0.501562 0.484447 0.996876 0.326037
5 0.496393 0.484447 0.986537 0.324885
22 0.501562 0.484447 0.996876 0.326037
109 0.493659 0.510369 0.987318 0.281106
3 0.492878 0.511233 0.985756 0.278226
49 0.496393 0.484447 0.986537 0.324885
75 0.493659 0.510369 0.987318 0.281106
100 0.503813 0.502016 0.96076 0.297811
4 0.501562 0.484447 0.996876 0.326037
30 0.501562 0.484447 0.996876 0.326037
99 0.493659 0.510369 0.987318 0.281106
110 0.503813 0.502016 0.96076 0.297811
46 0.500298 0.486751 0.99591 0.328341
102 0.493659 0.486175 0.977945 0.321429
25 0.501562 0.484447 0.996876 0.326037
34 0.492097 0.485599 0.97482 0.322581
95 0.493659 0.510369 0.987318 0.281106
76 0.48741 0.485311 0.962323 0.324309
50 0.500689 0.485311 0.98888 0.324309
46 0.499127 0.473502 0.98888 0.35023
75 0.498346 0.473214 0.990442 0.34735
73 0.499127 0.473502 0.98888 0.35023
100 0.499127 0.473502 0.98888 0.35023
97 0.501079 0.483583 0.988099 0.330069
109 0.511234 0.461982 0.959979 0.367512
99 0.499127 0.473502 0.98888 0.35023
110 0.497565 0.475806 0.992005 0.341014
29 0.487801 0.484447 0.970915 0.330645
41 0.499127 0.473502 0.98888 0.35023
3 0.487801 0.484447 0.970915 0.330645
42 0.498346 0.485311 0.987318 0.326613
103 0.511234 0.461982 0.959979 0.367512
31 0.487801 0.484447 0.970915 0.330645
17 0.499127 0.473502 0.98888 0.35023
5 0.487801 0.484447 0.970915 0.330645
49 0.497565 0.475806 0.992005 0.341014
4 0.487801 0.484447 0.970915 0.330645
50 0.496002 0.480703 0.951387 0.333525
76 0.499127 0.481855 0.987318 0.333525
100 0.505376 0.481279 0.973258 0.332373
110 0.505376 0.481567 0.976382 0.331797
97 0.506157 0.482143 0.973258 0.331797
49 0.496783 0.484447 0.949825 0.327189
46 0.504595 0.481567 0.979507 0.332949
73 0.505376 0.481279 0.973258 0.332373
99 0.505376 0.481279 0.973258 0.332373
29 0.505376 0.481567 0.976382 0.331797
51 0.501079 0.483295 0.956855 0.329493
76 0.505468 0.477535 0.989065 0.339862
50 0.508891 0.478399 0.975601 0.336982
97 0.508109 0.478111 0.977164 0.337558
110 0.497174 0.460253 0.988099 0.374424
46 0.505468 0.478687 0.989065 0.335253
100 0.508109 0.478111 0.977164 0.337558
49 0.503032 0.481279 0.962323 0.331221
31 0.495221 0.478111 0.984194 0.342166
29 0.495221 0.478111 0.984194 0.342166
75 0.495221 0.478111 0.984194 0.342166
73 0.508109 0.478111 0.977164 0.337558
5 0.495221 0.478111 0.984194 0.342166
109 0.497174 0.460253 0.988099 0.374424
34 0.495221 0.478111 0.984194 0.342166
47 0.505468 0.478687 0.989065 0.335253
99 0.505468 0.478687 0.989065 0.335253
42 0.505468 0.478687 0.989065 0.335253
76 0.48741 0.481279 0.967009 0.333525
50 0.48741 0.481279 0.967009 0.333525
110 0.500689 0.483583 0.977945 0.328917
109 0.510062 0.894009 0.973258 0.211982
97 0.501079 0.484447 0.980288 0.327189
109 0.5085 0.845334 0.976382 0.309332
109 0.501079 0.484447 0.980288 0.327189
49 0.48741 0.483871 0.965447 0.328341
30 0.496783 0.482431 0.987318 0.332373
76 0.50147 0.889977 0.981069 0.220046
109 0.501079 0.947581 0.972477 0.104839
76 0.50147 0.83871 0.981069 0.322581
103 0.50147 0.889977 0.981069 0.220046
76 0.495221 0.06178 0.984194 0.12356
76 0.499908 0.113335 0.977945 0.226671
100 0.501079 0.484447 0.980288 0.327189
29 0.496783 0.482431 0.987318 0.332373
102 0.500689 0.483583 0.977945 0.328917
73 0.501079 0.484447 0.980288 0.327189
76 0.497565 0.482431 0.96076 0.326613
50 0.497955 0.481567 0.959979 0.327189
109 0.504594 0.481855 0.971696 0.327765
29 0.504595 0.479839 0.968571 0.329493
5 0.503423 0.483871 0.989661 0.324885
110 0.504595 0.479839 0.968571 0.329493
31 0.503423 0.483871 0.989661 0.324885
100 0.504594 0.481855 0.971696 0.327765
30 0.50703 0.478687 0.98594 0.329493
34 0.504595 0.479839 0.968571 0.329493
50 0.494831 0.481279 0.963104 0.327765
76 0.484676 0.477823 0.96779 0.336982
46 0.484676 0.477823 0.96779 0.336982
29 0.494831 0.481279 0.963104 0.327765
49 0.491316 0.482143 0.959198 0.323733
5 0.499908 0.480415 0.990442 0.328341
34 0.499908 0.480415 0.990442 0.328341
22 0.499908 0.480415 0.990442 0.328341
100 0.491316 0.482143 0.959198 0.323733
31 0.499908 0.480415 0.990442 0.328341
76 0.503032 0.483295 0.993567 0.324885
50 0.495221 0.484447 0.965447 0.321429
29 0.496002 0.482143 0.96076 0.327189
46 0.491316 0.483871 0.979507 0.326037
49 0.503906 0.483871 0.992189 0.322581
100 0.50147 0.482431 0.962323 0.326613
34 0.491316 0.483871 0.979507 0.326037
5 0.50147 0.481279 0.987318 0.330069
110 0.50147 0.482431 0.962323 0.326613
76 0.478427 0.478975 0.955293 0.335829
50 0.499908 0.481855 0.976382 0.325461
110 0.499908 0.481855 0.976382 0.325461
49 0.491706 0.478687 0.966228 0.328341
75 0.496002 0.479263 0.985756 0.329493
46 0.496002 0.479263 0.985756 0.329493
31 0.478427 0.478975 0.955293 0.335829
100 0.500298 0.482719 0.977164 0.323733
34 0.478427 0.478975 0.955293 0.335829
29 0.478427 0.478975 0.955293 0.335829
50 0.490535 0.483583 0.956074 0.324309
76 0.50147 0.482719 0.990442 0.324885
100 0.49405 0.482143 0.974039 0.331797
110 0.49405 0.482143 0.974039 0.331797
49 0.49405 0.482143 0.974039 0.331797
76 0.49444 0.480415 0.985756 0.336406
50 0.488191 0.481567 0.973258 0.334101
110 0.495221 0.479263 0.984194 0.339862
29 0.49444 0.480415 0.985756 0.336406
31 0.485067 0.480415 0.967009 0.337558
100 0.495221 0.479263 0.984194 0.339862
109 0.495221 0.479263 0.984194 0.339862
34 0.488191 0.481567 0.973258 0.334101
49 0.488191 0.481567 0.973258 0.334101
46 0.487801 0.481567 0.970915 0.335253
5 0.485067 0.480415 0.967009 0.337558
3 0.485067 0.480415 0.967009 0.337558
75 0.493659 0.483295 0.984194 0.332949
99 0.487801 0.481567 0.970915 0.335253
102 0.495221 0.479263 0.984194 0.339862
101 0.495221 0.479263 0.984194 0.339862
76 0.496002 0.483871 0.967009 0.327189
50 0.497565 0.483007 0.965447 0.328917
29 0.495612 0.483583 0.986537 0.327765
110 0.497565 0.483007 0.965447 0.328917
31 0.495612 0.483583 0.986537 0.327765
109 0.496002 0.483871 0.967009 0.327189
34 0.493659 0.482719 0.96076 0.328341
22 0.493659 0.482719 0.96076 0.328341
5 0.493659 0.482719 0.96076 0.328341
30 0.493659 0.483295 0.963885 0.328341
101 0.496002 0.483871 0.967009 0.327189
49 0.492097 0.483871 0.96076 0.329493
100 0.496002 0.483871 0.967009 0.327189
76 0.490925 0.481855 0.974039 0.331221
50 0.492097 0.485599 0.965447 0.323733
110 0.492097 0.485023 0.959198 0.324885
29 0.490925 0.481855 0.974039 0.331221
100 0.492097 0.485023 0.959198 0.324885
31 0.490925 0.481855 0.974039 0.331221
102 0.499908 0.486175 0.973258 0.324885
109 0.501079 0.482719 0.989661 0.329493
17 0.493659 0.484735 0.965447 0.323157
34 0.490925 0.481855 0.974039 0.331221
30 0.493659 0.484735 0.965447 0.323157
5 0.490925 0.481855 0.974039 0.331221
68 0.492097 0.485023 0.959198 0.324885
76 0.491706 0.480991 0.969353 0.331797
50 0.492487 0.482431 0.96779 0.330069
100 0.491706 0.480991 0.969353 0.331797
5 0.479209 0.483007 0.956855 0.331221
29 0.491706 0.480991 0.969353 0.331797
31 0.479209 0.483007 0.956855 0.331221
110 0.498346 0.478111 0.977945 0.337558
99 0.491706 0.480991 0.969353 0.331797
76 0.486239 0.483583 0.970915 0.326613
50 0.499517 0.480991 0.98185 0.330645
109 0.496783 0.479263 0.981069 0.335253
29 0.496783 0.479263 0.981069 0.335253
100 0.496783 0.479263 0.981069 0.335253
75 0.496783 0.482719 0.977945 0.328341
34 0.499517 0.480991 0.98185 0.330645
31 0.497174 0.483295 0.989661 0.328341
3 0.496783 0.479263 0.981069 0.335253
103 0.471788 0.90553 0.438982 0.18894
46 0.499517 0.480991 0.98185 0.330645
5 0.486239 0.483583 0.970915 0.326613
110 0.496783 0.479263 0.981069 0.335253
49 0.499517 0.480991 0.98185 0.330645
76 0.484286 0.483295 0.962323 0.327189
50 0.497565 0.478687 0.985756 0.335253
31 0.486239 0.483871 0.96779 0.328341
110 0.497565 0.478687 0.985756 0.335253
29 0.492878 0.484159 0.976382 0.327765
5 0.486239 0.483871 0.96779 0.328341
34 0.492878 0.484159 0.976382 0.327765
102 0.497565 0.478687 0.985756 0.335253
76 0.499127 0.476959 0.957636 0.342166
50 0.49444 0.483871 0.965447 0.324885
100 0.499127 0.476959 0.957636 0.342166
29 0.492097 0.480991 0.971696 0.330645
34 0.492097 0.480991 0.971696 0.330645
110 0.499127 0.476959 0.957636 0.342166
31 0.492097 0.480991 0.971696 0.330645
109 0.499127 0.476959 0.957636 0.342166
49 0.492487 0.480415 0.969353 0.334101
76 0.500689 0.479839 0.979507 0.336406
50 0.492487 0.481567 0.964666 0.330645
29 0.500689 0.479839 0.979507 0.336406
34 0.499517 0.480703 0.978726 0.332373
31 0.493659 0.481567 0.967009 0.334101
100 0.507719 0.475518 0.965447 0.34735
5 0.499517 0.480703 0.978726 0.332373
76 0.492487 0.480415 0.974039 0.334101
50 0.500689 0.481567 0.963885 0.330645
31 0.499517 0.480415 0.986537 0.332949
29 0.499517 0.477535 0.964666 0.33871
109 0.499908 0.476959 0.965447 0.339862
30 0.500689 0.481567 0.963885 0.330645
103 0.376493 0.899194 0.637383 0.201613
76 0.503032 0.480127 0.973258 0.334677
31 0.495221 0.479263 0.981069 0.33871
29 0.502251 0.480415 0.973258 0.334101
34 0.492097 0.480991 0.959198 0.334101
50 0.494831 0.481279 0.959979 0.333525
5 0.495221 0.479263 0.981069 0.33871
3 0.495221 0.479263 0.981069 0.33871
22 0.495221 0.479263 0.981069 0.33871
109 0.503032 0.480127 0.973258 0.334677
76 0.490925 0.482719 0.977164 0.328341
31 0.489753 0.483871 0.97482 0.329493
50 0.490535 0.483871 0.97482 0.327189
29 0.496002 0.481567 0.987318 0.331797
109 0.496002 0.481567 0.987318 0.331797
34 0.490535 0.483871 0.97482 0.327189
76 0.499127 0.481567 0.987318 0.329493
50 0.50147 0.482143 0.982631 0.329493
31 0.499127 0.483583 0.985756 0.330069
29 0.496002 0.482143 0.970134 0.327189
34 0.492097 0.482143 0.965447 0.330645
5 0.485067 0.482431 0.967009 0.331221
76 0.492097 0.482143 0.965447 0.328341
50 0.492878 0.481855 0.967009 0.328917
31 0.497565 0.482431 0.985756 0.330069
76 0.498346 0.485599 0.987318 0.326037
50 0.49444 0.485023 0.971696 0.323733
29 0.49444 0.485023 0.971696 0.323733
31 0.498346 0.485599 0.987318 0.326037
34 0.500689 0.485023 0.98888 0.321429
76 0.500689 0.482431 0.98888 0.327765
50 0.500689 0.484159 0.973258 0.324309
31 0.500689 0.482431 0.98888 0.327765
76 0.498736 0.480703 0.986537 0.332373
50 0.501861 0.480991 0.970915 0.331797
31 0.498736 0.480703 0.986537 0.332373
29 0.501861 0.480991 0.970915 0.331797
76 0.499908 0.481567 0.990442 0.327189
29 0.502642 0.481279 0.972477 0.326613
31 0.501079 0.479263 0.991224 0.328341
50 0.496002 0.480703 0.96076 0.327765
109 0.493659 0.480127 0.967009 0.326613
103 0.335924 0.860599 0.324061 0.278802
76 0.497955 0.482719 0.984975 0.327189
50 0.49444 0.482143 0.963885 0.329493
29 0.49444 0.482143 0.963885 0.329493
31 0.497955 0.482719 0.984975 0.327189
76 0.47999 0.478975 0.955293 0.334677
50 0.490925 0.482719 0.964666 0.328341
31 0.47999 0.478975 0.955293 0.334677
29 0.490925 0.482719 0.964666 0.328341
76 0.497565 0.482143 0.98888 0.329493
50 0.491316 0.483583 0.970134 0.327765
31 0.497565 0.482143 0.98888 0.329493
29 0.498346 0.481855 0.977945 0.331221
76 0.498346 0.480703 0.987318 0.330069
50 0.49444 0.482143 0.963885 0.330645
31 0.483505 0.480991 0.962323 0.330645
29 0.49444 0.482143 0.963885 0.330645
34 0.49444 0.482143 0.963885 0.330645
76 0.500298 0.480415 0.986537 0.334101
50 0.496393 0.481855 0.956855 0.327765
29 0.496393 0.481855 0.956855 0.327765
31 0.483114 0.478687 0.961542 0.335253
76 0.499127 0.482431 0.984194 0.333525
50 0.495221 0.482431 0.956074 0.328917
29 0.505376 0.482719 0.973258 0.330645
31 0.499127 0.482431 0.984194 0.333525
76 0.499127 0.482719 0.985756 0.329493
50 0.496002 0.483007 0.959198 0.325461
31 0.499127 0.482719 0.985756 0.329493
29 0.496002 0.483007 0.959198 0.325461
76 0.499908 0.483871 0.985756 0.327189
50 0.495221 0.483583 0.965447 0.325461
31 0.499908 0.483871 0.985756 0.327189
29 0.502251 0.483295 0.97482 0.328341
34 0.502251 0.483295 0.97482 0.328341
76 0.499517 0.483295 0.983413 0.323733
50 0.502251 0.484735 0.971696 0.323157
29 0.502251 0.484735 0.971696 0.323157
31 0.482724 0.481279 0.962323 0.324309
34 0.502251 0.484735 0.971696 0.323157
5 0.482724 0.481279 0.962323 0.324309
76 0.48038 0.481855 0.957636 0.331221
50 0.492097 0.484447 0.968571 0.324885
31 0.48038 0.481855 0.957636 0.331221
29 0.492097 0.484447 0.968571 0.324885
34 0.492097 0.484447 0.968571 0.324885
76 0.497565 0.481567 0.982631 0.329493
50 0.501079 0.484447 0.980288 0.326037
29 0.501079 0.484447 0.980288 0.326037
31 0.477256 0.479839 0.951387 0.329493
34 0.501079 0.484447 0.980288 0.326037
76 0.497174 0.481567 0.983413 0.328341
50 0.499517 0.482719 0.978726 0.331797
29 0.499517 0.482719 0.978726 0.331797
34 0.499517 0.482719 0.978726 0.331797
31 0.47999 0.480415 0.955293 0.329493
76 0.498736 0.481567 0.983412 0.328341
50 0.50147 0.480415 0.971696 0.334101
29 0.50147 0.480415 0.971696 0.334101
76 0.498346 0.480991 0.984194 0.330645
50 0.499908 0.481279 0.97482 0.332373
29 0.499908 0.481279 0.97482 0.332373
34 0.499908 0.481279 0.97482 0.332373
5 0.499908 0.481279 0.97482 0.332373
76 0.498736 0.481567 0.986537 0.329493
50 0.501079 0.481855 0.975601 0.330069
29 0.501079 0.481855 0.975601 0.330069
34 0.501079 0.481855 0.975601 0.330069
31 0.498736 0.481567 0.986537 0.329493
76 0.499517 0.483295 0.984975 0.328341
50 0.49444 0.482719 0.967009 0.329493
29 0.502251 0.482143 0.976382 0.329493
31 0.481161 0.480991 0.959198 0.328341
34 0.502251 0.482143 0.976382 0.329493
76 0.498736 0.482431 0.983412 0.330069
50 0.495221 0.482719 0.962323 0.329493
31 0.478427 0.482143 0.952168 0.327189
29 0.503813 0.481567 0.97482 0.331797
76 0.47999 0.481567 0.955293 0.330645
50 0.49405 0.482719 0.964666 0.328341
29 0.49405 0.482719 0.964666 0.328341
31 0.478427 0.480991 0.952168 0.328341
76 0.499127 0.482143 0.985756 0.330645
50 0.494831 0.483007 0.959979 0.328917
31 0.479209 0.480991 0.95373 0.329493
29 0.503032 0.480991 0.97482 0.331797
76 0.498736 0.482431 0.986537 0.330069
50 0.494831 0.482431 0.961541 0.328917
31 0.479599 0.480991 0.954512 0.329493
29 0.503813 0.481279 0.977945 0.331221
76 0.499127 0.483295 0.985756 0.330645
50 0.49444 0.482719 0.96076 0.329493
31 0.48038 0.482143 0.956074 0.329493
76 0.245853 0.109663 0.491706 0.219326
76 0.497174 0.483007 0.983413 0.331221
50 0.495221 0.482719 0.962323 0.330645
31 0.480771 0.482431 0.956855 0.330069
76 0.211875 0.110887 0.42375 0.221774
76 0.496783 0.482719 0.984194 0.330645
50 0.49444 0.482431 0.963885 0.330069
31 0.48038 0.481567 0.957636 0.330645
29 0.49444 0.482431 0.963885 0.330069
76 0.221834 0.0921659 0.443668 0.184332
76 0.494831 0.481567 0.98185 0.332949
50 0.49405 0.482143 0.966228 0.331797
31 0.48038 0.480703 0.957636 0.331221
29 0.49405 0.482143 0.966228 0.331797
76 0.495221 0.482143 0.982631 0.331797
50 0.49405 0.482719 0.96779 0.330645
31 0.479599 0.480991 0.956074 0.331797
76 0.255031 0.101671 0.510062 0.203341
76 0.495612 0.482719 0.983413 0.332949
50 0.495221 0.483295 0.968571 0.330645
31 0.47999 0.481567 0.955293 0.331797
76 0.496002 0.482719 0.982631 0.332949
50 0.497174 0.483007 0.970915 0.330069
31 0.481552 0.481567 0.958417 0.331797
76 0.496783 0.483007 0.984194 0.332373
50 0.497565 0.483583 0.970134 0.330069
31 0.482333 0.481567 0.959979 0.331797
76 0.496002 0.483295 0.984194 0.330645
50 0.497565 0.483871 0.970134 0.329493
31 0.481552 0.481855 0.958417 0.331221
76 0.495221 0.483583 0.982631 0.330069
50 0.496783 0.483871 0.971696 0.328341
31 0.481552 0.481567 0.958417 0.330645
76 0.494831 0.483583 0.98185 0.328917
50 0.49444 0.484159 0.971696 0.326613
31 0.481161 0.481567 0.957636 0.329493
76 0.49444 0.482719 0.979507 0.329493
50 0.49444 0.483871 0.970134 0.326037
31 0.481552 0.481567 0.958417 0.329493
76 0.481942 0.482719 0.959198 0.330645
50 0.49444 0.484159 0.970134 0.326613
31 0.481552 0.481279 0.958417 0.330069
76 0.482333 0.482719 0.959979 0.331797
50 0.494831 0.483583 0.970915 0.326613
31 0.481552 0.481567 0.958417 0.330645
76 0.481942 0.482719 0.96076 0.331797
50 0.494831 0.483295 0.970915 0.327189
31 0.481942 0.481567 0.959198 0.330645
76 0.481552 0.482431 0.959979 0.332373
50 0.495612 0.483295 0.970915 0.327189
76 0.481942 0.482431 0.96076 0.332373
50 0.496002 0.483295 0.970134 0.327189
76 0.481942 0.482431 0.96076 0.332373
50 0.494831 0.483295 0.969353 0.327189
76 0.481942 0.482143 0.96076 0.332949
50 0.492097 0.482719 0.973258 0.328341
76 0.481161 0.482143 0.959198 0.332949
50 0.492878 0.482719 0.973258 0.329493
76 0.480771 0.482143 0.958417 0.332949
50 0.492878 0.482719 0.973258 0.329493
76 0.48038 0.482143 0.957636 0.332949
50 0.493659 0.482719 0.971696 0.329493
76 0.48038 0.482431 0.957636 0.332373
50 0.49444 0.482719 0.973258 0.329493
76 0.47999 0.482431 0.956855 0.332373
50 0.49405 0.482719 0.974039 0.329493
76 0.479599 0.482143 0.956074 0.332949
50 0.49405 0.482431 0.974039 0.330069
76 0.479599 0.482143 0.956074 0.332949
50 0.49444 0.482431 0.973258 0.330069
76 0.478818 0.482143 0.954512 0.332949
50 0.493659 0.482431 0.973258 0.330069
76 0.478818 0.482719 0.954512 0.332949
50 0.496783 0.482143 0.971696 0.328341
76 0.478818 0.482143 0.954512 0.332949
50 0.497174 0.481855 0.970915 0.328917
76 0.478818 0.482143 0.954512 0.332949
50 0.497174 0.482143 0.970915 0.329493
76 0.478818 0.482143 0.954512 0.332949
50 0.496783 0.482143 0.970134 0.329493
76 0.478818 0.482143 0.954512 0.332949
50 0.496393 0.482143 0.969353 0.329493
76 0.478037 0.482143 0.952949 0.334101
50 0.496783 0.481855 0.970134 0.330069
76 0.478037 0.482143 0.952949 0.334101
50 0.496002 0.481855 0.970134 0.330069
76 0.478037 0.482143 0.952949 0.334101
50 0.496393 0.481855 0.969353 0.330069
76 0.478037 0.482143 0.952949 0.334101
50 0.496393 0.481567 0.969353 0.330645
76 0.478037 0.482143 0.952949 0.334101
50 0.496002 0.481855 0.970134 0.330069
76 0.495221 0.482143 0.976382 0.332949
50 0.496393 0.481567 0.969353 0.330645
76 0.495612 0.482143 0.977164 0.332949
50 0.496393 0.481567 0.969353 0.330645
76 0.495612 0.482143 0.977164 0.332949
50 0.496393 0.481567 0.969353 0.330645
76 0.495612 0.482143 0.977164 0.332949
50 0.496002 0.481567 0.968571 0.330645
76 0.495612 0.481855 0.977164 0.333525
50 0.502251 0.480991 0.985756 0.331797
76 0.495612 0.481855 0.977164 0.333525
50 0.502642 0.480991 0.984975 0.331797
76 0.495612 0.481855 0.977164 0.333525
50 0.502642 0.481279 0.984975 0.331221
76 0.495612 0.482143 0.977164 0.332949
50 0.503032 0.481279 0.984194 0.331221
76 0.495612 0.482143 0.977164 0.332949
50 0.503032 0.481279 0.984194 0.331221
76 0.495612 0.482143 0.977164 0.332949
50 0.503032 0.481567 0.984194 0.331797
76 0.496002 0.482143 0.977945 0.332949
50 0.503032 0.481567 0.984194 0.331797
76 0.496002 0.482143 0.977945 0.332949
50 0.503032 0.481567 0.984194 0.331797
76 0.496002 0.482143 0.977945 0.332949
50 0.503032 0.481567 0.984194 0.331797
76 0.496002 0.481855 0.977945 0.333525
50 0.503032 0.481567 0.984194 0.331797
76 0.496002 0.481855 0.977945 0.333525
50 0.503423 0.481567 0.983412 0.331797
76 0.496393 0.482143 0.978726 0.332949
50 0.503032 0.481567 0.984194 0.331797
76 0.496393 0.482143 0.978726 0.332949
50 0.503423 0.481567 0.983412 0.331797
76 0.496393 0.482143 0.978726 0.332949
50 0.503032 0.481567 0.984194 0.331797
76 0.496393 0.482143 0.978726 0.332949
50 0.503423 0.481567 0.983412 0.331797
76 0.496393 0.482143 0.978726 0.332949
50 0.503423 0.481567 0.983412 0.331797
76 0.496393 0.481855 0.978726 0.333525
50 0.503032 0.481567 0.984194 0.331797
76 0.496002 0.481855 0.977945 0.333525
50 0.503032 0.481567 0.984194 0.331797
76 0.496002 0.481855 0.977945 0.333525
50 0.503423 0.481567 0.983412 0.331797
76 0.496393 0.481855 0.978726 0.333525
50 0.503423 0.481567 0.983412 0.331797
76 0.496002 0.481855 0.977945 0.333525
50 0.503032 0.481567 0.984194 0.331797
76 0.496002 0.481855 0.977945 0.333525
50 0.503032 0.481567 0.984194 0.331797
76 0.496002 0.481855 0.977945 0.333525
50 0.503032 0.481567 0.984194 0.331797
76 0.496393 0.481855 0.978726 0.333525
50 0.503032 0.481567 0.984194 0.331797
76 0.496393 0.481855 0.978726 0.333525
50 0.503032 0.481567 0.984194 0.331797
76 0.496393 0.481855 0.978726 0.333525
50 0.503032 0.481567 0.984194 0.331797
76 0.496002 0.481855 0.977945 0.333525
50 0.503032 0.481279 0.984194 0.331221
76 0.496002 0.481855 0.977945 0.333525
50 0.503032 0.481279 0.984194 0.331221
76 0.496393 0.481855 0.978726 0.333525
50 0.503032 0.481279 0.984194 0.331221
76 0.496393 0.481855 0.978726 0.333525
50 0.503032 0.481279 0.984194 0.331221
76 0.496393 0.481855 0.978726 0.333525
50 0.503032 0.481279 0.984194 0.331221
76 0.496393 0.481567 0.978726 0.334101
50 0.503032 0.481279 0.982631 0.331221
76 0.496393 0.481567 0.978726 0.332949
50 0.503032 0.481279 0.982631 0.331221
76 0.496393 0.481567 0.978726 0.332949
50 0.503032 0.481279 0.982631 0.331221
76 0.496393 0.481567 0.978726 0.332949
50 0.503032 0.480991 0.982631 0.331797
76 0.496783 0.481567 0.977945 0.332949
50 0.503032 0.481279 0.982631 0.331221
76 0.496783 0.481567 0.977945 0.332949
50 0.503423 0.480991 0.983412 0.331797
76 0.496783 0.481279 0.977945 0.333525
50 0.503032 0.480991 0.982631 0.331797
76 0.496783 0.481279 0.977945 0.333525
50 0.503423 0.481279 0.983412 0.331221
76 0.496783 0.481279 0.977945 0.333525
50 0.503423 0.480991 0.983412 0.331797
