48 0.50188 0.52967 0.991261 0.33956
50 0.510863 0.516758 0.977982 0.352198
48 0.487819 0.329052 0.952204 0.264973
50 0.487819 0.329052 0.952204 0.264973
50 0.360494 0.337294 0.687399 0.27706
53 0.487819 0.329052 0.952204 0.264973
79 0.487819 0.329052 0.952204 0.264973
48 0.360494 0.337294 0.687399 0.27706
109 0.487819 0.329052 0.952204 0.264973
54 0.489381 0.320948 0.927208 0.267994
111 0.510863 0.516758 0.977982 0.352198
49 0.487819 0.329052 0.952204 0.264973
68 0.510863 0.516758 0.977982 0.352198
109 0.50188 0.52967 0.991261 0.33956
68 0.360494 0.337294 0.687399 0.27706
104 0.489381 0.320948 0.927208 0.267994
49 0.50188 0.52967 0.991261 0.33956
74 0.489381 0.320948 0.927208 0.267994
103 0.50188 0.52967 0.991261 0.33956
67 0.487819 0.329052 0.952204 0.264973
101 0.503832 0.504121 0.982668 0.347802
53 0.501489 0.530495 0.99048 0.333516
103 0.471806 0.332418 0.924865 0.258242
95 0.50188 0.52967 0.991261 0.33956
49 0.360494 0.337294 0.687399 0.27706
77 0.50188 0.52967 0.991261 0.33956
48 0.479227 0.384684 0.944393 0.373489
67 0.510863 0.516758 0.977982 0.352198
79 0.50188 0.52967 0.991261 0.33956
102 0.50188 0.52967 0.991261 0.33956
75 0.50188 0.52967 0.991261 0.33956
101 0.487819 0.329052 0.952204 0.264973
54 0.50188 0.52967 0.991261 0.33956
97 0.50188 0.52967 0.991261 0.33956
48 0.507738 0.457692 0.976419 0.420879
42 0.487819 0.329052 0.952204 0.264973
68 0.487819 0.329052 0.952204 0.264973
101 0.314407 0.332143 0.567104 0.277473
111 0.487819 0.329052 0.952204 0.264973
47 0.49524 0.356319 0.981106 0.32033
56 0.50188 0.52967 0.991261 0.33956
95 0.360494 0.337294 0.687399 0.27706
100 0.469462 0.337431 0.920178 0.27239
17 0.50188 0.52967 0.991261 0.33956
104 0.50188 0.52967 0.991261 0.33956
84 0.510863 0.516758 0.977982 0.352198
73 0.50188 0.52967 0.991261 0.33956
73 0.360494 0.337294 0.687399 0.27706
103 0.314407 0.332143 0.567104 0.277473
46 0.489381 0.320948 0.927208 0.267994
17 0.360494 0.337294 0.687399 0.27706
74 0.493678 0.538599 0.965483 0.320604
66 0.510863 0.516758 0.977982 0.352198
81 0.5093 0.515385 0.977982 0.36044
79 0.314407 0.332143 0.567104 0.277473
75 0.314407 0.332143 0.567104 0.277473
79 0.479227 0.384684 0.944393 0.373489
84 0.487819 0.329052 0.952204 0.264973
76 0.50188 0.52967 0.991261 0.33956
95 0.487819 0.329052 0.952204 0.264973
56 0.487819 0.329052 0.952204 0.264973
47 0.5093 0.515385 0.977982 0.36044
54 0.479227 0.384684 0.944393 0.373489
77 0.487819 0.329052 0.952204 0.264973
74 0.360494 0.337294 0.687399 0.27706
73 0.486257 0.308723 0.955329 0.30783
66 0.487819 0.329052 0.952204 0.264973
100 0.314407 0.332143 0.567104 0.277473
56 0.360494 0.337294 0.687399 0.27706
54 0.360494 0.337294 0.687399 0.27706
100 0.50188 0.52967 0.991261 0.33956
74 0.493678 0.446085 0.971733 0.492445
53 0.479227 0.384684 0.944393 0.373489
105 0.50188 0.52967 0.991261 0.33956
109 0.314407 0.332143 0.567104 0.277473
77 0.314407 0.332143 0.567104 0.277473
111 0.314407 0.332143 0.567104 0.277473
110 0.487819 0.329052 0.952204 0.264973
80 0.487819 0.329052 0.952204 0.264973
81 0.489381 0.320948 0.927208 0.267994
84 0.314407 0.332143 0.567104 0.277473
42 0.49524 0.537225 0.960797 0.31456
76 0.487819 0.329052 0.952204 0.264973
50 0.517112 0.447527 0.960797 0.411538
104 0.360494 0.337294 0.687399 0.27706
68 0.493678 0.446085 0.971733 0.492445
53 0.314407 0.332143 0.567104 0.277473
49 0.479227 0.384684 0.944393 0.373489
66 0.314407 0.332143 0.567104 0.277473
75 0.471806 0.332418 0.924865 0.258242
97 0.489381 0.320948 0.927208 0.267994
17 0.487819 0.329052 0.952204 0.264973
103 0.493678 0.446085 0.971733 0.492445
76 0.314407 0.332143 0.567104 0.277473
108 0.487819 0.329052 0.952204 0.264973
42 0.360494 0.337294 0.687399 0.27706
102 0.487819 0.329052 0.952204 0.264973
46 0.501489 0.530495 0.99048 0.333516
33 0.487819 0.329052 0.952204 0.264973
101 0.532734 0.529121 0.926427 0.254945
53 0.50188 0.457418 0.991261 0.481868
51 0.510863 0.516758 0.977982 0.352198
38 0.489772 0.309615 0.962359 0.276923
80 0.493678 0.538599 0.965483 0.320604
109 0.500708 0.439835 0.963921 0.506044
95 0.500708 0.439835 0.963921 0.506044
108 0.50188 0.52967 0.991261 0.33956
67 0.314407 0.332143 0.567104 0.277473
46 0.360494 0.337294 0.687399 0.27706
14 0.487819 0.329052 0.952204 0.264973
31 0.50188 0.52967 0.991261 0.33956
102 0.314407 0.332143 0.567104 0.277473
75 0.507738 0.457692 0.976419 0.420879
54 0.513597 0.433242 0.972514 0.511538
56 0.493678 0.446085 0.971733 0.492445
101 0.493678 0.446085 0.971733 0.492445
49 0.507738 0.457692 0.976419 0.420879
110 0.360494 0.337294 0.687399 0.27706
50 0.479227 0.384684 0.944393 0.373489
110 0.50188 0.52967 0.991261 0.33956
7 0.489381 0.320948 0.927208 0.267994
41 0.487819 0.329052 0.952204 0.264973
33 0.510863 0.516758 0.977982 0.352198
110 0.479227 0.384684 0.944393 0.373489
50 0.532734 0.529121 0.926427 0.254945
97 0.314407 0.332143 0.567104 0.277473
78 0.487819 0.329052 0.952204 0.264973
99 0.49524 0.356319 0.981106 0.32033
97 0.500708 0.439835 0.963921 0.506044
42 0.479227 0.384684 0.944393 0.373489
14 0.50188 0.52967 0.991261 0.33956
38 0.360494 0.337294 0.687399 0.27706
99 0.501489 0.530495 0.99048 0.333516
104 0.493678 0.446085 0.971733 0.492445
16 0.510863 0.516758 0.977982 0.352198
38 0.493678 0.446085 0.971733 0.492445
78 0.510863 0.516758 0.977982 0.352198
52 0.489772 0.309615 0.962359 0.276923
84 0.479227 0.384684 0.944393 0.373489
21 0.501489 0.530495 0.99048 0.333516
80 0.493678 0.446085 0.971733 0.492445
52 0.493678 0.446085 0.971733 0.492445
28 0.50188 0.457418 0.991261 0.481868
7 0.50188 0.52967 0.991261 0.33956
17 0.479227 0.384684 0.944393 0.373489
36 0.493678 0.538599 0.965483 0.320604
111 0.500708 0.439835 0.963921 0.506044
48 0.59132 0.533516 0.806132 0.236264
41 0.501489 0.530495 0.99048 0.333516
75 0.479227 0.384684 0.944393 0.373489
5 0.50188 0.52967 0.991261 0.33956
51 0.487819 0.329052 0.952204 0.264973
76 0.500708 0.439835 0.963921 0.506044
7 0.314407 0.332143 0.567104 0.277473
14 0.360494 0.337294 0.687399 0.27706
46 0.479227 0.384684 0.944393 0.373489
4 0.5093 0.515385 0.977982 0.36044
105 0.487819 0.329052 0.952204 0.264973
0 0.503051 0.355494 0.967046 0.343407
67 0.493678 0.446085 0.971733 0.492445
0 0.510863 0.516758 0.977982 0.352198
65 0.487819 0.329052 0.952204 0.264973
47 0.512425 0.531868 0.962359 0.254945
15 0.489381 0.320948 0.927208 0.267994
105 0.360494 0.337294 0.687399 0.27706
34 0.360494 0.337294 0.687399 0.27706
21 0.487819 0.329052 0.952204 0.264973
108 0.314407 0.332143 0.567104 0.277473
54 0.537031 0.534341 0.917834 0.24011
15 0.501489 0.530495 0.99048 0.333516
52 0.513206 0.501648 0.967046 0.317582
73 0.507738 0.457692 0.976419 0.420879
100 0.493678 0.446085 0.971733 0.492445
79 0.507738 0.457692 0.976419 0.420879
102 0.500708 0.439835 0.963921 0.506044
11 0.487819 0.329052 0.952204 0.264973
94 0.493678 0.538599 0.965483 0.320604
38 0.493678 0.538599 0.965483 0.320604
78 0.360494 0.337294 0.687399 0.27706
11 0.493678 0.538599 0.965483 0.320604
78 0.490553 0.415659 0.962359 0.543407
104 0.50227 0.399725 0.982668 0.575275
108 0.50227 0.399725 0.982668 0.575275
56 0.490553 0.415659 0.962359 0.543407
81 0.50227 0.399725 0.982668 0.575275
79 0.50227 0.399725 0.982668 0.575275
54 0.490553 0.415659 0.962359 0.543407
80 0.490553 0.415659 0.962359 0.543407
111 0.490553 0.415659 0.962359 0.543407
74 0.490553 0.415659 0.962359 0.543407
105 0.50227 0.399725 0.982668 0.575275
66 0.490553 0.415659 0.962359 0.543407
75 0.490553 0.415659 0.962359 0.543407
95 0.490553 0.415659 0.962359 0.543407
103 0.490553 0.415659 0.962359 0.543407
17 0.490553 0.415659 0.962359 0.543407
33 0.490553 0.415659 0.962359 0.543407
46 0.50227 0.399725 0.982668 0.575275
84 0.490553 0.415659 0.962359 0.543407
41 0.50227 0.399725 0.982668 0.575275
48 0.485085 0.42033 0.97017 0.541758
110 0.488991 0.379121 0.965483 0.615385
99 0.490553 0.415659 0.962359 0.543407
68 0.490553 0.415659 0.962359 0.543407
109 0.490553 0.415659 0.962359 0.543407
52 0.490553 0.415659 0.962359 0.543407
67 0.490553 0.415659 0.962359 0.543407
53 0.490553 0.415659 0.962359 0.543407
101 0.490553 0.415659 0.962359 0.543407
42 0.488991 0.379121 0.965483 0.615385
78 0.499146 0.384615 0.992042 0.769231
97 0.490553 0.452267 0.962359 0.489973
77 0.490553 0.415659 0.962359 0.543407
73 0.490553 0.415659 0.962359 0.543407
79 0.489772 0.484066 0.95611 0.416484
105 0.489772 0.484066 0.95611 0.416484
76 0.50227 0.399725 0.982668 0.575275
104 0.489772 0.484066 0.95611 0.416484
50 0.490553 0.415659 0.962359 0.543407
108 0.510081 0.476374 0.967046 0.952747
47 0.485085 0.42033 0.97017 0.541758
80 0.499146 0.384615 0.992042 0.769231
54 0.499927 0.442857 0.993604 0.885714
108 0.366743 0.387088 0.726456 0.62033
102 0.484304 0.394506 0.968608 0.595604
104 0.499927 0.442857 0.993604 0.885714
56 0.499146 0.384615 0.992042 0.769231
41 0.489772 0.484066 0.95611 0.416484
111 0.476883 0.328022 0.953766 0.656044
74 0.499927 0.442857 0.993604 0.885714
81 0.489772 0.484066 0.95611 0.416484
100 0.490553 0.415659 0.962359 0.543407
78 0.366743 0.387088 0.726456 0.62033
66 0.499146 0.384615 0.992042 0.769231
97 0.499927 0.351099 0.987355 0.663736
103 0.499146 0.384615 0.992042 0.769231
105 0.384319 0.437294 0.753796 0.525412
31 0.490553 0.415659 0.962359 0.543407
79 0.510081 0.476374 0.967046 0.952747
81 0.499927 0.442857 0.993604 0.885714
95 0.476883 0.328022 0.953766 0.656044
33 0.499146 0.384615 0.992042 0.769231
79 0.347215 0.417308 0.683494 0.564286
108 0.489772 0.484066 0.95611 0.416484
46 0.489772 0.484066 0.95611 0.416484
21 0.50227 0.399725 0.982668 0.575275
84 0.499146 0.384615 0.992042 0.769231
111 0.510081 0.476374 0.967046 0.952747
46 0.499927 0.442857 0.993604 0.885714
49 0.488991 0.379121 0.965483 0.615385
110 0.499927 0.442857 0.993604 0.885714
111 0.503832 0.849451 0.973295 0.301099
28 0.490553 0.415659 0.962359 0.543407
108 0.246448 0.348352 0.486647 0.696703
48 0.476883 0.328022 0.953766 0.656044
68 0.499146 0.384615 0.992042 0.769231
35 0.490553 0.415659 0.962359 0.543407
104 0.347215 0.417308 0.683494 0.564286
72 0.50227 0.399725 0.982668 0.575275
109 0.498364 0.408242 0.993604 0.816484
95 0.366743 0.387088 0.726456 0.62033
52 0.499927 0.442857 0.993604 0.885714
105 0.499927 0.442857 0.993604 0.885714
75 0.499146 0.384615 0.992042 0.769231
95 0.506957 0.471703 0.968608 0.943407
42 0.489772 0.484066 0.95611 0.416484
42 0.499927 0.442857 0.993604 0.885714
99 0.499927 0.442857 0.993604 0.885714
17 0.499146 0.384615 0.992042 0.769231
111 0.347215 0.417308 0.683494 0.564286
110 0.489772 0.484066 0.95611 0.416484
50 0.502661 0.878571 0.977201 0.242857
78 0.246448 0.348352 0.486647 0.696703
51 0.499927 0.351099 0.987355 0.663736
78 0.498364 0.361264 0.996729 0.722527
108 0.498364 0.374176 0.996729 0.691209
81 0.498364 0.374176 0.996729 0.691209
79 0.498364 0.374176 0.996729 0.691209
104 0.498364 0.374176 0.996729 0.691209
95 0.496021 0.433242 0.992042 0.570879
105 0.494459 0.382418 0.988918 0.676923
80 0.498364 0.374176 0.996729 0.691209
56 0.496021 0.433242 0.992042 0.570879
78 0.484304 0.446154 0.962359 0.517582
53 0.496021 0.433242 0.992042 0.570879
108 0.496802 0.262363 0.993604 0.524725
13 0.909242 0.143132 0.178099 0.286264
52 0.496021 0.433242 0.992042 0.570879
104 0.496412 0.483791 0.992823 0.452198
68 0.496412 0.483791 0.992823 0.452198
74 0.498364 0.374176 0.996729 0.691209
79 0.496412 0.483791 0.992823 0.452198
78 0.500708 0.231593 0.987355 0.463187
84 0.496021 0.433242 0.992042 0.570879
81 0.496412 0.483791 0.992823 0.452198
108 0.496412 0.483791 0.992823 0.452198
105 0.496412 0.483791 0.992823 0.452198
95 0.499146 0.553846 0.988918 0.375824
52 0.494459 0.45989 0.988918 0.91978
95 0.494459 0.45989 0.988918 0.91978
68 0.494459 0.382418 0.988918 0.676923
56 0.494459 0.45989 0.988918 0.91978
66 0.498364 0.374176 0.996729 0.691209
79 0.496802 0.262363 0.993604 0.524725
53 0.494459 0.45989 0.988918 0.91978
74 0.496412 0.483791 0.992823 0.452198
67 0.496412 0.483791 0.992823 0.452198
81 0.496802 0.262363 0.993604 0.524725
101 0.496412 0.483791 0.992823 0.452198
54 0.498364 0.374176 0.996729 0.691209
26 0.909242 0.143132 0.178099 0.286264
52 0.497583 0.27967 0.995167 0.559341
48 0.496021 0.433242 0.992042 0.570879
104 0.501489 0.273077 0.984231 0.546154
33 0.498364 0.374176 0.996729 0.691209
84 0.494459 0.45989 0.988918 0.91978
53 0.499146 0.553846 0.988918 0.375824
75 0.496021 0.433242 0.992042 0.570879
109 0.496021 0.433242 0.992042 0.570879
80 0.496802 0.262363 0.993604 0.524725
80 0.496412 0.483791 0.992823 0.452198
78 0.72255 0.304945 0.538984 0.60989
105 0.497583 0.27967 0.995167 0.559341
56 0.499146 0.553846 0.988918 0.375824
17 0.498364 0.374176 0.996729 0.691209
111 0.496021 0.433242 0.992042 0.570879
78 0.499146 0.553846 0.988918 0.375824
23 0.909242 0.143132 0.178099 0.286264
101 0.494459 0.382418 0.988918 0.676923
95 0.497583 0.27967 0.995167 0.559341
78 0.510081 0.155632 0.976419 0.311264
81 0.627935 0.431044 0.731338 0.862088
14 0.908461 0.143681 0.173412 0.287363
18 0.909242 0.143132 0.178099 0.286264
68 0.498364 0.574588 0.985793 0.343132
74 0.496802 0.262363 0.993604 0.524725
104 0.498364 0.574588 0.985793 0.343132
54 0.496412 0.483791 0.992823 0.452198
84 0.499146 0.553846 0.988918 0.375824
110 0.496412 0.483791 0.992823 0.452198
108 0.687399 0.368132 0.607723 0.736264
77 0.496412 0.483791 0.992823 0.452198
11 0.909242 0.143132 0.178099 0.286264
67 0.494459 0.382418 0.988918 0.676923
102 0.496412 0.483791 0.992823 0.452198
68 0.497583 0.27967 0.995167 0.559341
4 0.909242 0.143132 0.178099 0.286264
15 0.909242 0.143132 0.178099 0.286264
56 0.497583 0.27967 0.995167 0.559341
79 0.498364 0.574588 0.985793 0.343132
48 0.494459 0.45989 0.988918 0.91978
104 0.627935 0.431044 0.731338 0.862088
53 0.497583 0.27967 0.995167 0.559341
78 0.713958 0.181319 0.559293 0.362637
81 0.498364 0.574588 0.985793 0.343132
66 0.496412 0.483791 0.992823 0.452198
84 0.497583 0.27967 0.995167 0.559341
75 0.494459 0.45989 0.988918 0.91978
103 0.498364 0.374176 0.996729 0.691209
21 0.909242 0.143132 0.178099 0.286264
17 0.906117 0.143956 0.17185 0.287912
109 0.499146 0.553846 0.988918 0.375824
12 0.909242 0.143132 0.178099 0.286264
108 0.507738 0.0846154 0.977982 0.169231
78 0.507738 0.0846154 0.977982 0.169231
66 0.496802 0.262363 0.993604 0.524725
111 0.494459 0.45989 0.988918 0.91978
109 0.497583 0.401923 0.995167 0.803846
108 0.498364 0.574588 0.985793 0.343132
81 0.384319 0.420879 0.760045 0.632967
81 0.774496 0.580357 0.444466 0.349176
52 0.496802 0.533516 0.993604 0.412088
19 0.909242 0.143132 0.178099 0.286264
104 0.774496 0.580357 0.444466 0.349176
0 0.909242 0.143132 0.178099 0.286264
81 0.772543 0.397253 0.443685 0.794505
78 0.601377 0.579121 0.792267 0.348352
108 0.497974 0.12136 0.992823 0.24272
78 0.774496 0.580357 0.444466 0.349176
105 0.498364 0.574588 0.985793 0.343132
16 0.909242 0.143132 0.178099 0.286264
79 0.687399 0.368132 0.607723 0.736264
76 0.496412 0.483791 0.992823 0.452198
108 0.557731 0.191484 0.874872 0.382967
108 0.774496 0.580357 0.444466 0.349176
28 0.909242 0.143132 0.178099 0.286264
78 0.774691 0.237637 0.437826 0.475275
108 0.776449 0.336264 0.434311 0.672527
78 0.627935 0.431044 0.731338 0.862088
81 0.72255 0.304945 0.538984 0.60989
108 0.384319 0.420879 0.760045 0.632967
14 0.497583 0.401923 0.995167 0.803846
104 0.384319 0.420879 0.760045 0.632967
105 0.627935 0.431044 0.731338 0.862088
103 0.498364 0.483791 0.992042 0.46978
101 0.497583 0.27967 0.995167 0.559341
41 0.498364 0.374176 0.996729 0.691209
110 0.498364 0.374176 0.996729 0.691209
10 0.498364 0.374176 0.996729 0.691209
17 0.496412 0.483791 0.992823 0.452198
67 0.498364 0.574588 0.985793 0.343132
108 0.744813 0.490728 0.503832 0.555907
52 0.483132 0.190659 0.966265 0.381319
104 0.772543 0.397253 0.443685 0.794505
33 0.499146 0.482418 0.996729 0.445055
109 0.497583 0.27967 0.995167 0.559341
27 0.909242 0.143132 0.178099 0.286264
48 0.499146 0.553846 0.988918 0.375824
108 0.713958 0.181319 0.559293 0.362637
81 0.510081 0.155632 0.976419 0.311264
101 0.498364 0.574588 0.985793 0.343132
14 0.497583 0.27967 0.995167 0.559341
111 0.499146 0.553846 0.988918 0.375824
104 0.744813 0.490728 0.503832 0.555907
13 0.864009 0.112912 0.271982 0.225824
104 0.483132 0.190659 0.966265 0.381319
2 0.497583 0.401923 0.995167 0.803846
81 0.744813 0.490728 0.503832 0.555907
73 0.496021 0.433242 0.992042 0.570879
46 0.497583 0.452747 0.995167 0.558242
81 0.174877 0.422527 0.346629 0.613187
0 0.334912 0.588462 0.269101 0.204396
95 0.483132 0.190659 0.966265 0.381319
76 0.494459 0.382418 0.988918 0.676923
6 0.909242 0.143132 0.178099 0.286264
79 0.384319 0.420879 0.760045 0.632967
97 0.498364 0.429396 0.996729 0.560989
78 0.772543 0.397253 0.443685 0.794505
47 0.496021 0.433242 0.992042 0.570879
33 0.496802 0.262363 0.993604 0.524725
6 0.498364 0.374176 0.996729 0.691209
81 0.507738 0.0846154 0.977982 0.169231
80 0.507738 0.0846154 0.977982 0.169231
78 0.506176 0.286264 0.981106 0.572527
78 0.497583 0.409341 0.973295 0.60989
78 0.502343 0.15522 0.995313 0.31044
79 0.49524 0.425275 0.967046 0.589011
104 0.501489 0.435165 0.979544 0.581319
105 0.49524 0.425275 0.967046 0.589011
74 0.506176 0.286264 0.981106 0.572527
79 0.506176 0.286264 0.981106 0.572527
108 0.497583 0.409341 0.973295 0.60989
108 0.506176 0.286264 0.981106 0.572527
74 0.501489 0.410989 0.981106 0.632967
78 0.507348 0.105288 0.975638 0.210577
81 0.501489 0.435165 0.979544 0.581319
104 0.506176 0.286264 0.981106 0.572527
79 0.502343 0.15522 0.995313 0.31044
81 0.506176 0.286264 0.981106 0.572527
74 0.502343 0.15522 0.995313 0.31044
108 0.507348 0.105288 0.975638 0.210577
66 0.506176 0.286264 0.981106 0.572527
108 0.502343 0.15522 0.995313 0.31044
66 0.501489 0.435165 0.979544 0.581319
104 0.500317 0.534615 0.981887 0.391209
74 0.507348 0.105288 0.975638 0.210577
105 0.50227 0.271978 0.976419 0.543956
104 0.502343 0.15522 0.995313 0.31044
79 0.503051 0.516209 0.962359 0.432418
105 0.503051 0.516209 0.962359 0.432418
78 0.472978 0.39011 0.927208 0.440659
74 0.503051 0.516209 0.962359 0.432418
21 0.506176 0.286264 0.981106 0.572527
79 0.528048 0.111126 0.918615 0.222253
81 0.502343 0.15522 0.995313 0.31044
95 0.502661 0.456868 0.961578 0.560989
33 0.506176 0.286264 0.981106 0.572527
95 0.500317 0.534615 0.981887 0.391209
66 0.500317 0.534615 0.981887 0.391209
78 0.503051 0.516209 0.962359 0.432418
66 0.502343 0.15522 0.995313 0.31044
33 0.497583 0.409341 0.973295 0.60989
68 0.500317 0.534615 0.981887 0.391209
105 0.502343 0.15522 0.995313 0.31044
80 0.506176 0.286264 0.981106 0.572527
80 0.501489 0.410989 0.981106 0.632967
104 0.507348 0.105288 0.975638 0.210577
67 0.502661 0.456868 0.961578 0.560989
52 0.50227 0.271978 0.976419 0.543956
67 0.500317 0.534615 0.981887 0.391209
21 0.502343 0.15522 0.995313 0.31044
81 0.500317 0.534615 0.981887 0.391209
81 0.528048 0.111126 0.918615 0.222253
108 0.503051 0.516209 0.962359 0.432418
52 0.501489 0.435165 0.979544 0.581319
21 0.507348 0.105288 0.975638 0.210577
42 0.506176 0.286264 0.981106 0.572527
78 0.572255 0.413187 0.85549 0.826374
10 0.507738 0.218681 0.981106 0.437363
21 0.497583 0.409341 0.973295 0.60989
33 0.502343 0.15522 0.995313 0.31044
84 0.500317 0.534615 0.981887 0.391209
52 0.502343 0.15522 0.995313 0.31044
109 0.500317 0.534615 0.981887 0.391209
84 0.502661 0.456868 0.961578 0.560989
103 0.502661 0.456868 0.961578 0.560989
33 0.507348 0.105288 0.975638 0.210577
68 0.502661 0.456868 0.961578 0.560989
66 0.507348 0.105288 0.975638 0.210577
32 0.506176 0.286264 0.981106 0.572527
105 0.528048 0.111126 0.918615 0.222253
109 0.502661 0.456868 0.961578 0.560989
78 0.503906 0.342308 0.992189 0.684615
78 0.601157 0.293407 0.797686 0.586813
79 0.50227 0.346154 0.985793 0.692308
78 0.712859 0.275 0.574281 0.55
78 0.499146 0.437843 0.957672 0.503434
108 0.503906 0.342308 0.992189 0.684615
78 0.4058 0.233516 0.774105 0.467033
104 0.50227 0.346154 0.985793 0.692308
81 0.50227 0.346154 0.985793 0.692308
78 0.885881 0.229533 0.228238 0.459066
79 0.499146 0.437843 0.957672 0.503434
78 0.810306 0.187912 0.379388 0.375824
78 0.496021 0.251374 0.992042 0.502747
66 0.504296 0.304121 0.991407 0.608242
78 0.649978 0.39478 0.700044 0.78956
105 0.507421 0.366758 0.985158 0.604945
78 0.893692 0.151099 0.212615 0.302198
81 0.506957 0.426305 0.957672 0.50783
78 0.850144 0.330769 0.299712 0.661538
108 0.601157 0.293407 0.797686 0.586813
104 0.506957 0.426305 0.957672 0.50783
79 0.601157 0.293407 0.797686 0.586813
66 0.499146 0.437843 0.957672 0.503434
78 0.624201 0.187363 0.751599 0.374725
108 0.712859 0.275 0.574281 0.55
79 0.712859 0.275 0.574281 0.55
108 0.499146 0.437843 0.957672 0.503434
66 0.587878 0.374725 0.824244 0.749451
74 0.504296 0.304121 0.991407 0.608242
108 0.4058 0.233516 0.774105 0.467033
74 0.499146 0.437843 0.957672 0.503434
50 0.504296 0.304121 0.991407 0.608242
108 0.496021 0.251374 0.992042 0.502747
79 0.885881 0.229533 0.228238 0.459066
66 0.712859 0.275 0.574281 0.55
108 0.810306 0.187912 0.379388 0.375824
78 0.288239 0.193132 0.553044 0.386264
108 0.885881 0.229533 0.228238 0.459066
78 0.766758 0.405495 0.466484 0.810989
79 0.4058 0.233516 0.774105 0.467033
108 0.599595 0.426374 0.80081 0.852747
79 0.599595 0.426374 0.80081 0.852747
105 0.503832 0.950549 0.976419 0.0989011
104 0.503832 0.950549 0.976419 0.0989011
33 0.504296 0.304121 0.991407 0.608242
66 0.885881 0.229533 0.228238 0.459066
81 0.500708 0.376923 0.988918 0.650549
104 0.500708 0.376923 0.988918 0.650549
81 0.506176 0.458173 0.971733 0.461676
104 0.506176 0.458173 0.971733 0.461676
105 0.500708 0.376923 0.988918 0.650549
81 0.499146 0.515385 0.982668 0.31978
104 0.499146 0.515385 0.982668 0.31978
105 0.506176 0.458173 0.971733 0.461676
78 0.514842 0.334066 0.970317 0.668132
79 0.499146 0.441277 0.988918 0.513049
105 0.499146 0.515385 0.982668 0.31978
108 0.500708 0.376923 0.988918 0.650549
78 0.499146 0.441277 0.988918 0.513049
79 0.499146 0.515385 0.982668 0.31978
79 0.505785 0.362088 0.988136 0.724176
56 0.500708 0.376923 0.988918 0.650549
78 0.499146 0.515385 0.982668 0.31978
108 0.506176 0.458173 0.971733 0.461676
56 0.506176 0.458173 0.971733 0.461676
95 0.499146 0.441277 0.988918 0.513049
81 0.580384 0.538462 0.823317 0.259341
78 0.665991 0.336813 0.668017 0.673626
95 0.505785 0.362088 0.988136 0.724176
108 0.499146 0.515385 0.982668 0.31978
66 0.490553 0.444025 0.971733 0.509753
103 0.490553 0.444025 0.971733 0.509753
56 0.499146 0.515385 0.982668 0.31978
104 0.580384 0.538462 0.823317 0.259341
95 0.499146 0.515385 0.982668 0.31978
80 0.503832 0.362088 0.988918 0.69011
81 0.648733 0.575824 0.683494 0.351648
74 0.490553 0.444025 0.971733 0.509753
75 0.490553 0.444025 0.971733 0.509753
105 0.580384 0.538462 0.823317 0.259341
104 0.648733 0.575824 0.683494 0.351648
78 0.494068 0.349176 0.980325 0.698352
79 0.493678 0.353297 0.977982 0.693407
104 0.493678 0.353297 0.977982 0.693407
81 0.493678 0.354396 0.979544 0.708791
108 0.493678 0.353297 0.977982 0.693407
66 0.493678 0.353297 0.977982 0.693407
74 0.50188 0.394506 0.955329 0.567033
105 0.493678 0.353297 0.977982 0.693407
78 0.510545 0.139011 0.978909 0.278022
108 0.510081 0.262225 0.97017 0.524451
66 0.510155 0.257418 0.97969 0.514835
78 0.579212 0.235165 0.838158 0.47033
66 0.501489 0.479121 0.952985 0.40989
79 0.510155 0.257418 0.97969 0.514835
74 0.492115 0.485165 0.967046 0.413187
33 0.493678 0.353297 0.977982 0.693407
74 0.510155 0.257418 0.97969 0.514835
79 0.499146 0.437294 0.965483 0.45728
78 0.574208 0.104121 0.851584 0.208242
80 0.493678 0.353297 0.977982 0.693407
75 0.504223 0.351099 0.958453 0.681319
17 0.493678 0.353297 0.977982 0.693407
108 0.510545 0.139011 0.978909 0.278022
79 0.499927 0.525275 0.95611 0.276923
79 0.517576 0.112431 0.964849 0.224863
56 0.493678 0.353297 0.977982 0.693407
78 0.492115 0.485165 0.967046 0.413187
66 0.517576 0.112431 0.964849 0.224863
42 0.503051 0.346154 0.982668 0.692308
95 0.493678 0.353297 0.977982 0.693407
108 0.574208 0.104121 0.851584 0.208242
104 0.489381 0.489835 0.978763 0.366483
102 0.501489 0.479121 0.952985 0.40989
50 0.504223 0.351099 0.958453 0.681319
68 0.50188 0.394506 0.955329 0.567033
66 0.499927 0.525275 0.95611 0.276923
105 0.499927 0.452747 0.971733 0.484615
81 0.499927 0.452747 0.971733 0.484615
79 0.492897 0.44169 0.962359 0.513324
105 0.503051 0.52033 0.974857 0.30989
104 0.494068 0.39011 0.964702 0.648352
78 0.499927 0.325275 0.971733 0.650549
105 0.496021 0.372527 0.97017 0.745055
78 0.503442 0.218681 0.978763 0.437363
104 0.503051 0.460989 0.968608 0.442857
81 0.496021 0.372527 0.97017 0.745055
81 0.503051 0.52033 0.974857 0.30989
95 0.492897 0.44169 0.962359 0.513324
79 0.499146 0.357692 0.973295 0.715385
80 0.494068 0.39011 0.964702 0.648352
78 0.499927 0.452747 0.971733 0.484615
56 0.492897 0.44169 0.962359 0.513324
103 0.492897 0.44169 0.962359 0.513324
108 0.494068 0.39011 0.964702 0.648352
66 0.504614 0.329121 0.973295 0.658242
66 0.492897 0.44169 0.962359 0.513324
84 0.492897 0.44169 0.962359 0.513324
105 0.549138 0.58228 0.870185 0.343132
66 0.503442 0.218681 0.978763 0.437363
33 0.492897 0.44169 0.962359 0.513324
17 0.492897 0.44169 0.962359 0.513324
48 0.492897 0.44169 0.962359 0.513324
52 0.494068 0.39011 0.964702 0.648352
95 0.496021 0.372527 0.97017 0.745055
67 0.492897 0.44169 0.962359 0.513324
79 0.503442 0.218681 0.978763 0.437363
104 0.503051 0.52033 0.974857 0.30989
80 0.499536 0.48489 0.969389 0.424725
78 0.503051 0.153434 0.965483 0.306868
68 0.492897 0.44169 0.962359 0.513324
79 0.500317 0.408242 0.967827 0.603297
78 0.497193 0.367033 0.970951 0.703297
79 0.569448 0.53022 0.837377 0.336264
66 0.498755 0.426442 0.960016 0.561401
79 0.760435 0.559478 0.469462 0.368956
108 0.500317 0.408242 0.967827 0.603297
81 0.764341 0.567582 0.463213 0.38022
74 0.498755 0.426442 0.960016 0.561401
81 0.569448 0.53022 0.837377 0.336264
81 0.675682 0.5625 0.626471 0.36511
79 0.496021 0.49011 0.946736 0.430769
104 0.496802 0.388187 0.967046 0.651099
78 0.52297 0.453571 0.925646 0.499451
79 0.512425 0.427198 0.952985 0.854396
78 0.535078 0.481044 0.910804 0.962088
108 0.512425 0.427198 0.952985 0.854396
81 0.496802 0.388187 0.967046 0.651099
108 0.500708 0.308791 0.974857 0.617582
78 0.501098 0.180907 0.975638 0.361813
79 0.500708 0.308791 0.974857 0.617582
79 0.659376 0.43956 0.673144 0.613187
78 0.679588 0.496703 0.637407 0.993407
108 0.659376 0.43956 0.673144 0.613187
78 0.569448 0.53022 0.837377 0.336264
66 0.500708 0.308791 0.974857 0.617582
108 0.679588 0.496703 0.637407 0.993407
78 0.659376 0.43956 0.673144 0.613187
104 0.764341 0.567582 0.463213 0.38022
108 0.759264 0.458791 0.471806 0.68022
81 0.498755 0.185714 0.980325 0.371429
104 0.675682 0.5625 0.626471 0.36511
104 0.569448 0.53022 0.837377 0.336264
33 0.497193 0.367033 0.970951 0.703297
79 0.391739 0.450618 0.767856 0.507555
79 0.499927 0.463187 0.977982 0.474725
81 0.498755 0.441209 0.977201 0.513187
79 0.493678 0.348901 0.971733 0.691209
78 0.483132 0.449725 0.94908 0.501648
108 0.498755 0.441209 0.977201 0.513187
104 0.491334 0.442376 0.963921 0.516346
78 0.493678 0.348901 0.971733 0.691209
74 0.483132 0.449725 0.94908 0.501648
108 0.504223 0.34533 0.96314 0.690659
17 0.483132 0.449725 0.94908 0.501648
66 0.483132 0.449725 0.94908 0.501648
80 0.483132 0.449725 0.94908 0.501648
10 0.483132 0.449725 0.94908 0.501648
33 0.483132 0.449725 0.94908 0.501648
80 0.493678 0.348901 0.971733 0.691209
105 0.491334 0.442376 0.963921 0.516346
81 0.501489 0.497802 0.971733 0.358242
79 0.53 0.523077 0.919396 0.302198
81 0.504223 0.34533 0.96314 0.690659
16 0.460089 0.531593 0.565542 0.278571
27 0.483132 0.449725 0.94908 0.501648
74 0.49524 0.536264 0.959234 0.30989
79 0.504614 0.524451 0.974857 0.328022
66 0.49524 0.536264 0.959234 0.30989
79 0.495631 0.458516 0.952204 0.473077
108 0.505785 0.449451 0.972514 0.474725
108 0.503832 0.36511 0.97017 0.685165
66 0.503832 0.415316 0.973295 0.549588
74 0.495631 0.458516 0.952204 0.473077
108 0.506957 0.529121 0.967046 0.310989
75 0.49524 0.536264 0.959234 0.30989
108 0.635063 0.467033 0.682712 0.407692
79 0.503832 0.36511 0.97017 0.685165
108 0.668261 0.410371 0.577259 0.514423
74 0.503832 0.36511 0.97017 0.685165
78 0.505395 0.451648 0.973295 0.48022
104 0.50227 0.541209 0.973295 0.297802
81 0.501489 0.542857 0.973295 0.283516
108 0.604989 0.537363 0.755358 0.26044
79 0.604989 0.537363 0.755358 0.26044
108 0.754186 0.459615 0.39916 0.412637
78 0.506957 0.529121 0.967046 0.310989
104 0.496802 0.419505 0.952985 0.55
78 0.503832 0.36511 0.97017 0.685165
17 0.49524 0.536264 0.959234 0.30989
17 0.883464 0.0775412 0.0718644 0.155082
108 0.789142 0.533516 0.362056 0.262637
75 0.496802 0.419505 0.952985 0.55
108 0.82566 0.454121 0.310892 0.426923
14 0.883464 0.0775412 0.0718644 0.155082
66 0.510472 0.304945 0.966265 0.60989
16 0.883464 0.0775412 0.0718644 0.155082
81 0.503832 0.415316 0.973295 0.549588
26 0.883464 0.0775412 0.0718644 0.155082
74 0.604989 0.537363 0.755358 0.26044
108 0.509691 0.425824 0.980325 0.541758
79 0.510863 0.466415 0.977982 0.459478
66 0.503051 0.423077 0.965483 0.549451
74 0.497193 0.431044 0.980325 0.542308
78 0.509691 0.425824 0.980325 0.541758
66 0.511644 0.517308 0.976419 0.352198
74 0.511644 0.517308 0.976419 0.352198
104 0.499146 0.439492 0.982668 0.52761
79 0.504614 0.532418 0.981106 0.306593
33 0.501489 0.423146 0.963921 0.555907
80 0.509691 0.425824 0.980325 0.541758
79 0.381975 0.439011 0.750671 0.531868
108 0.513279 0.387912 0.973441 0.775824
75 0.503051 0.423077 0.965483 0.549451
108 0.511644 0.517308 0.976419 0.352198
17 0.511644 0.517308 0.976419 0.352198
17 0.503051 0.423077 0.965483 0.549451
108 0.615535 0.457692 0.753015 0.420879
108 0.660743 0.428571 0.668847 0.571429
15 0.930332 0.0721154 0.139042 0.144231
104 0.511644 0.517308 0.976419 0.352198
50 0.503051 0.423077 0.965483 0.549451
14 0.0351999 0.587363 0.0323195 0.0285715
41 0.503051 0.423077 0.965483 0.549451
16 0.930332 0.0721154 0.139042 0.144231
108 0.781136 0.423626 0.421813 0.686813
78 0.511644 0.517308 0.976419 0.352198
108 0.353854 0.420879 0.695992 0.551648
103 0.48821 0.435714 0.962359 0.536264
14 0.889713 0.0815934 0.0546796 0.163187
81 0.503051 0.423077 0.965483 0.549451
108 0.758092 0.45831 0.4679 0.430632
54 0.503051 0.423077 0.965483 0.549451
32 0.948299 0.141758 0.10311 0.283516
79 0.500708 0.374176 0.957672 0.702198
25 0.948299 0.141758 0.10311 0.283516
16 0.932676 0.1 0.134355 0.2
33 0.948299 0.141758 0.10311 0.283516
7 0.889713 0.0815934 0.0546796 0.163187
50 0.511644 0.517308 0.976419 0.352198
76 0.503051 0.423077 0.965483 0.549451
15 0.0351999 0.587363 0.0323195 0.0285715
15 0.932676 0.1 0.134355 0.2
33 0.942049 0.146291 0.0874872 0.103571
14 0.930332 0.0721154 0.139042 0.144231
108 0.837573 0.428571 0.312064 0.78022
68 0.511644 0.517308 0.976419 0.352198
14 0.0295855 0.585714 0.0353464 0.032967
7 0.948299 0.141758 0.10311 0.283516
108 0.500708 0.431319 0.952985 0.554945
78 0.506957 0.436332 0.954548 0.551511
79 0.500708 0.431319 0.952985 0.554945
74 0.505004 0.47033 0.94908 0.47033
66 0.500708 0.431319 0.952985 0.554945
79 0.530391 0.51978 0.906117 0.372527
104 0.500708 0.431319 0.952985 0.554945
80 0.500708 0.431319 0.952985 0.554945
81 0.500708 0.431319 0.952985 0.554945
33 0.500708 0.431319 0.952985 0.554945
68 0.521017 0.482143 0.920178 0.44011
105 0.500708 0.431319 0.952985 0.554945
53 0.500708 0.431319 0.952985 0.554945
52 0.503832 0.376923 0.960797 0.678022
102 0.546795 0.514011 0.868623 0.374176
78 0.504614 0.426374 0.962359 0.852747
108 0.540155 0.466209 0.875653 0.41044
78 0.530391 0.51978 0.906117 0.372527
74 0.503832 0.376923 0.960797 0.678022
48 0.500708 0.431319 0.952985 0.554945
66 0.530391 0.51978 0.906117 0.372527
50 0.530391 0.51978 0.906117 0.372527
42 0.500708 0.431319 0.952985 0.554945
56 0.500708 0.431319 0.952985 0.554945
17 0.505004 0.47033 0.94908 0.47033
68 0.498364 0.381319 0.954548 0.661538
54 0.500708 0.431319 0.952985 0.554945
77 0.530391 0.51978 0.906117 0.372527
50 0.500708 0.431319 0.952985 0.554945
75 0.500708 0.431319 0.952985 0.554945
81 0.546795 0.514011 0.868623 0.374176
41 0.500708 0.431319 0.952985 0.554945
95 0.500708 0.431319 0.952985 0.554945
101 0.546795 0.514011 0.868623 0.374176
108 0.38549 0.453846 0.756139 0.503297
13 0.514768 0.48125 0.937363 0.452885
78 0.499927 0.366484 0.968608 0.732967
108 0.496021 0.369231 0.963921 0.703297
79 0.500317 0.399176 0.967827 0.645604
78 0.508592 0.265797 0.982815 0.531593
66 0.500317 0.399176 0.967827 0.645604
81 0.500317 0.399176 0.967827 0.645604
53 0.499927 0.366484 0.968608 0.732967
74 0.500317 0.399176 0.967827 0.645604
104 0.500317 0.399176 0.967827 0.645604
108 0.504614 0.447734 0.962359 0.494643
78 0.504614 0.447734 0.962359 0.494643
33 0.499927 0.366484 0.968608 0.732967
80 0.499927 0.366484 0.968608 0.732967
108 0.499927 0.256868 0.974857 0.513736
68 0.500317 0.399176 0.967827 0.645604
78 0.499146 0.403297 0.974857 0.586813
78 0.505395 0.389011 0.97017 0.778022
108 0.503832 0.407143 0.963921 0.59011
79 0.493678 0.426854 0.962359 0.548489
74 0.501489 0.434615 0.996729 0.532967
108 0.505395 0.389011 0.97017 0.778022
66 0.501489 0.434615 0.996729 0.532967
66 0.499146 0.330769 0.981106 0.661538
74 0.499146 0.330769 0.981106 0.661538
104 0.492115 0.421703 0.968608 0.55989
95 0.499146 0.330769 0.981106 0.661538
101 0.499146 0.330769 0.981106 0.661538
33 0.492115 0.421703 0.968608 0.55989
50 0.499146 0.330769 0.981106 0.661538
108 0.713177 0.434066 0.568667 0.643956
68 0.499146 0.330769 0.981106 0.661538
79 0.499146 0.330769 0.981106 0.661538
53 0.499146 0.330769 0.981106 0.661538
33 0.505395 0.389011 0.97017 0.778022
17 0.501489 0.434615 0.996729 0.532967
48 0.499146 0.330769 0.981106 0.661538
108 0.5093 0.467857 0.968608 0.677472
78 0.503832 0.440934 0.979544 0.639011
79 0.506176 0.479945 0.973295 0.626923
66 0.49524 0.435714 0.957672 0.546154
53 0.505004 0.446703 0.977201 0.58022
78 0.537494 0.346429 0.925011 0.692857
74 0.49524 0.435714 0.957672 0.546154
68 0.49524 0.435714 0.957672 0.546154
48 0.49524 0.435714 0.957672 0.546154
80 0.503832 0.440934 0.979544 0.639011
42 0.49524 0.435714 0.957672 0.546154
66 0.501098 0.540659 0.981887 0.678022
101 0.49524 0.435714 0.957672 0.546154
79 0.50188 0.609341 0.986574 0.662637
50 0.49524 0.435714 0.957672 0.546154
78 0.509764 0.20206 0.980472 0.404121
102 0.49524 0.435714 0.957672 0.546154
68 0.501098 0.540659 0.981887 0.678022
33 0.49524 0.435714 0.957672 0.546154
77 0.49524 0.435714 0.957672 0.546154
52 0.503832 0.440934 0.979544 0.639011
81 0.505004 0.446703 0.977201 0.58022
108 0.497193 0.58956 0.989699 0.63956
105 0.505004 0.446703 0.977201 0.58022
74 0.501098 0.540659 0.981887 0.678022
100 0.49524 0.435714 0.957672 0.546154
10 0.49524 0.435714 0.957672 0.546154
104 0.503832 0.440934 0.979544 0.639011
111 0.49524 0.435714 0.957672 0.546154
75 0.49524 0.435714 0.957672 0.546154
13 0.505004 0.446703 0.977201 0.58022
78 0.50227 0.558791 0.987355 0.718681
78 0.630059 0.430769 0.739882 0.861538
51 0.49524 0.435714 0.957672 0.546154
108 0.505785 0.381868 0.952204 0.669231
78 0.506176 0.368681 0.959234 0.737363
79 0.503051 0.418132 0.943612 0.573626
78 0.50227 0.219093 0.967046 0.438187
66 0.503051 0.418132 0.943612 0.573626
74 0.503051 0.418132 0.943612 0.573626
79 0.504614 0.631868 0.95611 0.468132
108 0.503051 0.487431 0.959234 0.538324
17 0.503051 0.418132 0.943612 0.573626
108 0.505004 0.617582 0.961578 0.48022
33 0.503051 0.418132 0.943612 0.573626
80 0.505785 0.381868 0.952204 0.669231
104 0.503051 0.418132 0.943612 0.573626
78 0.503442 0.443407 0.942831 0.508791
78 0.500708 0.136813 0.97017 0.273626
53 0.503442 0.359341 0.960016 0.718681
75 0.503051 0.418132 0.943612 0.573626
79 0.535859 0.562637 0.853 0.403297
42 0.503442 0.359341 0.960016 0.718681
52 0.503442 0.359341 0.960016 0.718681
48 0.503442 0.359341 0.960016 0.718681
78 0.513987 0.443132 0.971733 0.486264
66 0.504223 0.443887 0.969389 0.496841
108 0.513987 0.443132 0.971733 0.486264
79 0.503051 0.440659 0.97017 0.505495
74 0.504223 0.443887 0.969389 0.496841
79 0.508202 0.516209 0.983596 0.308242
78 0.511717 0.39011 0.976566 0.78022
74 0.508202 0.516209 0.983596 0.308242
66 0.508202 0.516209 0.983596 0.308242
108 0.511717 0.39011 0.976566 0.78022
104 0.503051 0.440659 0.97017 0.505495
108 0.511326 0.5 0.977347 0.332967
78 0.511326 0.5 0.977347 0.332967
81 0.510081 0.443956 0.973295 0.498901
53 0.504223 0.443887 0.969389 0.496841
66 0.511717 0.39011 0.976566 0.78022
33 0.504223 0.443887 0.969389 0.496841
80 0.503051 0.440659 0.97017 0.505495
17 0.516331 0.461538 0.962359 0.457143
75 0.503051 0.440659 0.97017 0.505495
42 0.513987 0.443132 0.971733 0.486264
78 0.501489 0.445879 0.987355 0.519231
66 0.489772 0.444437 0.974857 0.513324
108 0.489772 0.444437 0.974857 0.513324
79 0.500708 0.447321 0.988918 0.507555
78 0.49524 0.296154 0.99048 0.592308
74 0.489772 0.444437 0.974857 0.513324
52 0.498364 0.301923 0.979544 0.603846
66 0.49524 0.296154 0.99048 0.592308
108 0.498364 0.301923 0.979544 0.603846
33 0.489772 0.444437 0.974857 0.513324
53 0.498364 0.301923 0.979544 0.603846
42 0.498364 0.301923 0.979544 0.603846
80 0.498364 0.301923 0.979544 0.603846
53 0.501489 0.445879 0.987355 0.519231
108 0.504614 0.454464 0.984231 0.508654
79 0.492115 0.436195 0.968608 0.532005
74 0.492115 0.449451 0.968608 0.50989
78 0.501489 0.41978 0.988918 0.551648
78 0.499146 0.199588 0.998291 0.399176
108 0.499146 0.199588 0.998291 0.399176
66 0.499927 0.144231 0.999853 0.288462
108 0.499927 0.371978 0.99048 0.743956
66 0.492115 0.436195 0.968608 0.532005
74 0.499927 0.144231 0.999853 0.288462
78 0.507811 0.138049 0.984377 0.276099
108 0.507811 0.138049 0.984377 0.276099
66 0.496021 0.223352 0.992042 0.446703
53 0.497193 0.145879 0.994385 0.291758
42 0.497193 0.145879 0.994385 0.291758
108 0.698335 0.461538 0.59835 0.432967
78 0.494849 0.0679945 0.989699 0.135989
74 0.496021 0.223352 0.992042 0.446703
78 0.496802 0.323352 0.99048 0.646703
53 0.496021 0.223352 0.992042 0.446703
53 0.501489 0.41978 0.988918 0.551648
108 0.494849 0.0679945 0.989699 0.135989
42 0.496021 0.223352 0.992042 0.446703
52 0.497193 0.145879 0.994385 0.291758
13 0.504614 0.454464 0.984231 0.508654
66 0.494849 0.0679945 0.989699 0.135989
108 0.611531 0.526923 0.771957 0.303297
47 0.497193 0.145879 0.994385 0.291758
79 0.497193 0.145879 0.994385 0.291758
54 0.497193 0.145879 0.994385 0.291758
108 0.733096 0.51978 0.527267 0.314286
108 0.503051 0.500275 0.977982 0.691758
79 0.50227 0.509341 0.976419 0.645055
78 0.503051 0.500275 0.977982 0.691758
74 0.486647 0.487912 0.973295 0.6
80 0.50227 0.467033 0.979544 0.737363
53 0.503051 0.500275 0.977982 0.691758
33 0.486647 0.487912 0.973295 0.6
52 0.50227 0.467033 0.979544 0.737363
108 0.492897 0.37033 0.985793 0.740659
104 0.496021 0.523901 0.992042 0.701648
66 0.486647 0.487912 0.973295 0.6
105 0.503051 0.500275 0.977982 0.691758
81 0.50227 0.509341 0.976419 0.645055
48 0.50227 0.467033 0.979544 0.737363
108 0.541327 0.413736 0.888932 0.561538
54 0.50227 0.467033 0.979544 0.737363
108 0.507738 0.483516 0.960797 0.398901
42 0.50227 0.467033 0.979544 0.737363
75 0.49524 0.461813 0.99048 0.707143
17 0.486647 0.487912 0.973295 0.6
79 0.486647 0.406593 0.973295 0.624176
79 0.499927 0.55728 0.977982 0.390934
108 0.704194 0.401648 0.575697 0.589011
10 0.50227 0.467033 0.979544 0.737363
33 0.799102 0.252335 0.074989 0.209615
52 0.500708 0.342582 0.973295 0.685165
41 0.49524 0.461813 0.99048 0.707143
42 0.490163 0.343956 0.980325 0.687912
68 0.50227 0.467033 0.979544 0.737363
108 0.510081 0.433791 0.967046 0.506044
78 0.501489 0.443475 0.981106 0.506456
79 0.50227 0.456593 0.979544 0.486813
66 0.489772 0.435165 0.960797 0.523077
53 0.500708 0.427198 0.985793 0.533517
74 0.489772 0.435165 0.960797 0.523077
108 0.725675 0.448352 0.545233 0.445055
52 0.500708 0.427198 0.985793 0.533517
79 0.499927 0.534066 0.962359 0.334066
108 0.50227 0.521978 0.974857 0.314286
80 0.500708 0.427198 0.985793 0.533517
78 0.509691 0.334066 0.94908 0.668132
48 0.500708 0.427198 0.985793 0.533517
108 0.487429 0.443887 0.971733 0.524313
79 0.498364 0.442857 0.987355 0.527473
78 0.498364 0.442857 0.987355 0.527473
66 0.487429 0.443887 0.971733 0.524313
108 0.49524 0.360714 0.99048 0.721429
74 0.487429 0.443887 0.971733 0.524313
108 0.50227 0.540522 0.976419 0.327747
79 0.728409 0.584753 0.539765 0.393132
33 0.490553 0.446703 0.981106 0.517582
18 0.641312 0.087294 0.0265586 0.0244505
18 0.68115 0.143407 0.023434 0.0206044
79 0.50227 0.540522 0.976419 0.327747
18 0.647561 0.105632 0.0312454 0.0255495
18 0.68115 0.125824 0.023434 0.0164835
108 0.409217 0.38022 0.796953 0.426374
18 0.616316 0.0897665 0.0296831 0.0226648
80 0.485085 0.442582 0.97017 0.517033
18 0.642093 0.0765797 0.0265586 0.0177198
18 0.642093 0.10206 0.0281209 0.0260989
18 0.670605 0.108379 0.0226529 0.0214286
18 0.671777 0.125275 0.0218718 0.0186813
18 0.61241 0.105082 0.0312454 0.0230769
18 0.635454 0.103022 0.0367134 0.0269231
18 0.645999 0.0891484 0.0359323 0.0263736
18 0.681931 0.156868 0.0265586 0.0225275
48 0.485085 0.442582 0.97017 0.517033
42 0.498364 0.442857 0.987355 0.527473
18 0.65381 0.121978 0.0249963 0.0222528
18 0.900649 0.0386332 0.0359322 0.074794
18 0.610457 0.0914148 0.0328077 0.0206044
54 0.485085 0.442582 0.97017 0.517033
18 0.693648 0.143681 0.023434 0.0239011
18 0.636625 0.0759615 0.0328077 0.0192308
18 0.672948 0.142308 0.023434 0.0230769
78 0.50188 0.363187 0.986574 0.726374
78 0.503051 0.430701 0.965483 0.505632
108 0.497583 0.439492 0.988918 0.51772
78 0.503832 0.322527 0.973295 0.645055
79 0.503051 0.430701 0.965483 0.505632
108 0.49524 0.361538 0.984231 0.723077
74 0.496021 0.446978 0.987355 0.504945
66 0.494459 0.422253 0.982669 0.535714
66 0.503051 0.284066 0.974857 0.568132
53 0.503051 0.284066 0.974857 0.568132
74 0.501489 0.254533 0.974857 0.509066
108 0.501489 0.254533 0.974857 0.509066
52 0.494459 0.331044 0.979544 0.662088
53 0.494459 0.422253 0.982669 0.535714
79 0.503832 0.322527 0.973295 0.645055
108 0.497583 0.432418 0.976419 0.51978
79 0.499536 0.432143 0.981887 0.518132
79 0.5093 0.524176 0.968608 0.336264
78 0.497583 0.432418 0.976419 0.51978
108 0.5093 0.524176 0.968608 0.336264
66 0.497583 0.432418 0.976419 0.51978
108 0.509691 0.433242 0.967827 0.526923
79 0.509691 0.433242 0.967827 0.526923
78 0.509691 0.433242 0.967827 0.526923
33 0.49524 0.43544 0.973295 0.526923
66 0.496021 0.433242 0.973295 0.535714
80 0.499927 0.425549 0.982668 0.551099
74 0.496021 0.433242 0.973295 0.535714
105 0.509691 0.433242 0.967827 0.526923
104 0.499927 0.425549 0.982668 0.551099
108 0.719426 0.419712 0.554606 0.480357
48 0.499927 0.425549 0.982668 0.551099
17 0.499927 0.425549 0.982668 0.551099
81 0.509691 0.433242 0.967827 0.526923
53 0.509691 0.433242 0.967827 0.526923
41 0.499927 0.425549 0.982668 0.551099
108 0.506566 0.435165 0.977201 0.514286
78 0.506566 0.435165 0.977201 0.514286
79 0.506566 0.435165 0.977201 0.514286
66 0.505785 0.40989 0.975638 0.558242
74 0.506566 0.435165 0.977201 0.514286
48 0.505785 0.40989 0.975638 0.558242
33 0.505785 0.40989 0.975638 0.558242
80 0.505785 0.40989 0.975638 0.558242
17 0.505785 0.40989 0.975638 0.558242
52 0.512034 0.403571 0.967827 0.555494
104 0.505785 0.40989 0.975638 0.558242
105 0.505785 0.40989 0.975638 0.558242
75 0.505785 0.40989 0.975638 0.558242
53 0.512034 0.403571 0.967827 0.555494
81 0.505785 0.40989 0.975638 0.558242
18 0.828004 0.101099 0.040619 0.0848901
42 0.512034 0.403571 0.967827 0.555494
108 0.488991 0.434615 0.971733 0.514286
79 0.499146 0.442788 0.984231 0.505632
78 0.511644 0.416209 0.963921 0.543407
66 0.498364 0.433791 0.984231 0.519231
108 0.571791 0.369231 0.831128 0.601099
74 0.498364 0.433791 0.984231 0.519231
79 0.609286 0.533242 0.759264 0.280769
108 0.488991 0.339011 0.976419 0.678022
108 0.710052 0.36456 0.565542 0.595055
53 0.488991 0.434615 0.971733 0.514286
33 0.498364 0.433791 0.984231 0.519231
80 0.511644 0.416209 0.963921 0.543407
108 0.488991 0.44011 0.977982 0.504396
78 0.497974 0.432967 0.991261 0.532967
79 0.489772 0.442376 0.976419 0.510852
66 0.489772 0.427541 0.973295 0.536126
53 0.488991 0.44011 0.977982 0.504396
74 0.489772 0.427541 0.973295 0.536126
108 0.501489 0.390659 0.974857 0.774725
108 0.500708 0.459615 0.982669 0.487363
74 0.492896 0.455426 0.979544 0.488049
66 0.492896 0.455426 0.979544 0.488049
79 0.496802 0.454945 0.987355 0.502198
78 0.500708 0.459615 0.982669 0.487363
108 0.734658 0.465934 0.517893 0.534066
53 0.490553 0.452473 0.971733 0.48956
108 0.494068 0.398901 0.967827 0.791209
108 0.752234 0.418681 0.471806 0.816483
33 0.492896 0.455426 0.979544 0.488049
80 0.490553 0.452473 0.971733 0.48956
108 0.490163 0.425549 0.980325 0.551099
79 0.490944 0.39011 0.981887 0.624176
108 0.493678 0.364835 0.987355 0.72967
78 0.494459 0.395879 0.988918 0.612637
66 0.494459 0.395879 0.988918 0.612637
108 0.690914 0.422802 0.60538 0.55989
53 0.490944 0.39011 0.981887 0.624176
79 0.497193 0.445055 0.994385 0.531868
108 0.497193 0.445055 0.994385 0.531868
78 0.500708 0.434135 0.99048 0.549313
74 0.485866 0.447734 0.971733 0.521016
108 0.493678 0.381868 0.984231 0.763736
66 0.485866 0.447734 0.971733 0.521016
104 0.500708 0.434135 0.99048 0.549313
81 0.500708 0.434135 0.99048 0.549313
108 0.49524 0.448901 0.97017 0.501099
79 0.503051 0.448283 0.977982 0.503434
108 0.692086 0.42864 0.610848 0.494368
108 0.763951 0.391484 0.463995 0.56978
108 0.562418 0.370879 0.862374 0.741758
108 0.54367 0.53956 0.912366 0.269231
66 0.503051 0.448283 0.977982 0.503434
78 0.503051 0.448283 0.977982 0.503434
108 0.676854 0.532967 0.642875 0.267033
74 0.503051 0.448283 0.977982 0.503434
108 0.501489 0.445055 0.977982 0.50989
79 0.501489 0.445055 0.977982 0.50989
108 0.499927 0.397253 0.977982 0.794505
78 0.501489 0.445055 0.977982 0.50989
74 0.500317 0.442376 0.977201 0.513049
66 0.501489 0.445055 0.977982 0.50989
53 0.50227 0.438462 0.976419 0.521978
108 0.526876 0.491483 0.941268 0.375275
108 0.436264 0.31044 0.872528 0.620879
108 0.497193 0.451374 0.977201 0.501648
79 0.506176 0.442582 0.959234 0.503846
74 0.492506 0.455769 0.967827 0.490659
66 0.491725 0.453365 0.966265 0.495467
78 0.506176 0.441484 0.959234 0.519231
108 0.66748 0.417857 0.655373 0.592857
108 0.845189 0.447802 0.306205 0.635165
108 0.912366 0.424176 0.174974 0.649451
108 0.343309 0.402472 0.678807 0.595055
108 0.49524 0.442308 0.982669 0.517582
79 0.496021 0.428846 0.979544 0.539011
78 0.506176 0.406319 0.959234 0.576374
53 0.496021 0.428846 0.979544 0.539011
66 0.496021 0.428846 0.979544 0.539011
74 0.4886 0.446978 0.977201 0.503846
108 0.494459 0.435646 0.988918 0.526511
108 0.507348 0.510714 0.966265 0.37967
79 0.503832 0.433242 0.967046 0.524725
53 0.503832 0.433242 0.967046 0.524725
108 0.492115 0.374451 0.984231 0.748901
108 0.906972 0.504945 0.186057 0.785714
66 0.494849 0.438462 0.989699 0.527473
108 0.499927 0.447184 0.984231 0.523214
79 0.499146 0.446978 0.985793 0.517033
78 0.507738 0.434341 0.968608 0.542308
66 0.507738 0.434341 0.968608 0.542308
108 0.431968 0.36092 0.860811 0.550687
74 0.490553 0.452129 0.974857 0.502335
53 0.507738 0.434341 0.968608 0.542308
108 0.50227 0.396154 0.981106 0.792308
108 0.506566 0.442582 0.974076 0.513736
79 0.497583 0.401648 0.993604 0.603297
108 0.496802 0.371429 0.993604 0.742857
78 0.497583 0.401648 0.993604 0.603297
66 0.497583 0.401648 0.993604 0.603297
108 0.403847 0.313187 0.807694 0.593407
74 0.488991 0.450618 0.977982 0.498764
108 0.741688 0.435165 0.511644 0.598901
108 0.914783 0.443956 0.170434 0.638462
108 0.22028 0.331593 0.44056 0.607143
108 0.501489 0.456319 0.974857 0.487363
79 0.493678 0.448626 0.987355 0.508242
78 0.501489 0.456319 0.974857 0.487363
108 0.737392 0.439286 0.515549 0.46978
66 0.488991 0.451099 0.977982 0.493407
108 0.435483 0.386813 0.863155 0.58022
74 0.488991 0.451099 0.977982 0.493407
108 0.315188 0.372527 0.61944 0.589011
108 0.731924 0.502747 0.526485 0.325275
108 0.48821 0.451374 0.976419 0.484066
79 0.49524 0.426648 0.99048 0.54011
78 0.500708 0.429602 0.982669 0.525412
108 0.706146 0.408791 0.581165 0.525275
108 0.494459 0.372253 0.988918 0.744505
53 0.503832 0.385714 0.979544 0.606593
108 0.539765 0.525549 0.904555 0.288462
66 0.500708 0.429602 0.982669 0.525412
108 0.49524 0.43908 0.988918 0.52294
79 0.496802 0.418132 0.99048 0.557143
78 0.496021 0.436813 0.992042 0.525275
108 0.510472 0.368407 0.960016 0.735714
66 0.49524 0.43908 0.988918 0.52294
108 0.497583 0.42864 0.979544 0.549313
79 0.492115 0.441209 0.971733 0.523077
108 0.722941 0.496703 0.546014 0.357143
108 0.505395 0.378297 0.965483 0.756593
108 0.719035 0.347527 0.552263 0.663187
108 0.552263 0.236813 0.882683 0.473626
108 0.663965 0.543819 0.657716 0.29478
108 0.506957 0.428297 0.967046 0.545604
79 0.497583 0.430769 0.984231 0.538462
108 0.766685 0.436264 0.461651 0.463736
108 0.704584 0.405426 0.581165 0.553984
108 0.496021 0.368132 0.973295 0.736264
74 0.500708 0.433585 0.973295 0.533929
108 0.487038 0.44478 0.974076 0.509341
79 0.496021 0.435165 0.985793 0.52967
108 0.478055 0.448077 0.952985 0.497253
79 0.492897 0.439011 0.984231 0.518681
108 0.745203 0.46044 0.499927 0.571429
74 0.492115 0.437088 0.981106 0.521429
108 0.491725 0.352198 0.966265 0.704396
66 0.492897 0.439011 0.984231 0.518681
108 0.669043 0.416552 0.630376 0.527335
78 0.498364 0.439286 0.97017 0.513736
108 0.49524 0.433997 0.987355 0.539698
79 0.486647 0.440385 0.973295 0.526923
108 0.492115 0.424176 0.982668 0.548352
79 0.493678 0.426442 0.984231 0.544918
108 0.761607 0.43956 0.473368 0.52967
108 0.492896 0.328571 0.963921 0.657143
108 0.918689 0.415385 0.162623 0.608791
108 0.489772 0.415385 0.976419 0.567033
79 0.492896 0.399451 0.979544 0.608791
108 0.722941 0.448626 0.547576 0.42033
108 0.487819 0.526099 0.941268 0.342308
108 0.487429 0.446154 0.968608 0.50989
79 0.492897 0.424451 0.985793 0.553297
108 0.504614 0.380494 0.963921 0.735714
66 0.492897 0.424451 0.985793 0.553297
108 0.758873 0.421154 0.477274 0.513736
108 0.678416 0.390385 0.630376 0.564286
78 0.492897 0.424451 0.985793 0.553297
108 0.485476 0.450275 0.958453 0.501648
79 0.496802 0.443956 0.981106 0.516484
108 0.72919 0.440728 0.535078 0.448214
66 0.485866 0.449382 0.957672 0.501236
78 0.497583 0.430769 0.979544 0.542857
74 0.496802 0.44533 0.976419 0.511538
108 0.506957 0.376099 0.965483 0.742308
108 0.761998 0.437637 0.471025 0.597253
108 0.449153 0.445604 0.890494 0.506593
79 0.490163 0.442033 0.980325 0.517033
108 0.717473 0.412019 0.553825 0.52761
108 0.792853 0.435714 0.40619 0.574725
108 0.895254 0.432692 0.209491 0.656593
108 0.494459 0.382692 0.960797 0.765385
108 0.865303 0.462088 0.269101 0.647253
108 0.932749 0.436813 0.134502 0.695604
78 0.490163 0.442033 0.980325 0.517033
78 0.752234 0.385714 0.48118 0.595604
108 0.499146 0.507967 0.932676 0.373077
108 0.956183 0.467033 0.0876338 0.648352
78 0.895254 0.432692 0.209491 0.656593
74 0.48821 0.443681 0.976419 0.511538
108 0.484304 0.443338 0.959234 0.508929
79 0.494068 0.424244 0.988136 0.549313
108 0.499927 0.391209 0.976419 0.782418
108 0.728018 0.417033 0.535859 0.501099
108 0.683884 0.346978 0.613191 0.655494
108 0.906581 0.422527 0.186838 0.689011
108 0.78426 0.376648 0.424938 0.654396
74 0.484304 0.443338 0.959234 0.508929
108 0.868818 0.445055 0.262071 0.679121
108 0.951496 0.428846 0.0970073 0.854396
108 0.49563 0.434547 0.972514 0.533104
79 0.501489 0.422802 0.987355 0.560989
108 0.901894 0.408516 0.196212 0.733517
108 0.758092 0.404396 0.478836 0.605494
108 0.505395 0.399451 0.976419 0.798901
74 0.492896 0.442857 0.979544 0.517582
108 0.638285 0.392788 0.716887 0.561676
108 0.873114 0.441209 0.253478 0.706593
78 0.501489 0.422802 0.987355 0.560989
108 0.0845091 0.387363 0.169018 0.687912
108 0.93353 0.432143 0.13294 0.864286
66 0.501489 0.422802 0.987355 0.560989
108 0.489772 0.435989 0.971733 0.531319
79 0.497974 0.42864 0.989699 0.548214
108 0.750281 0.421909 0.492897 0.536401
108 0.88549 0.419505 0.229019 0.724725
108 0.715911 0.340385 0.552263 0.668681
108 0.803081 0.413736 0.393839 0.728571
108 0.667773 0.448352 0.659474 0.43956
108 0.893692 0.450549 0.212615 0.901099
108 0.506957 0.408791 0.968608 0.817582
78 0.88549 0.419505 0.229019 0.724725
74 0.489772 0.435989 0.971733 0.531319
108 0.616218 0.502198 0.762584 0.337363
108 0.727237 0.442582 0.493678 0.885165
66 0.497974 0.42864 0.989699 0.548214
108 0.0820192 0.422802 0.164038 0.763187
108 0.93353 0.437637 0.13294 0.875275
78 0.497974 0.42864 0.989699 0.548214
108 0.487429 0.429121 0.97017 0.538462
79 0.498755 0.413736 0.989699 0.564835
78 0.498755 0.413736 0.989699 0.564835
108 0.867915 0.423077 0.26417 0.746154
108 0.746375 0.432967 0.500708 0.502198
108 0.773324 0.385989 0.448372 0.696154
78 0.867915 0.423077 0.26417 0.746154
108 0.50891 0.396154 0.966265 0.792308
108 0.617781 0.488187 0.759459 0.351099
108 0.801909 0.445879 0.396182 0.891758
108 0.735049 0.48489 0.523361 0.362088
66 0.498364 0.421978 0.99048 0.551648
74 0.492115 0.437981 0.971733 0.52294
108 0.490944 0.439835 0.970951 0.519231
79 0.499927 0.432692 0.985793 0.534615
108 0.610067 0.485989 0.774886 0.35
108 0.73622 0.480769 0.521017 0.368132
108 0.508519 0.392308 0.962359 0.784615
108 0.652248 0.422253 0.690524 0.487363
108 0.885881 0.400549 0.228238 0.757143
108 0.758483 0.346703 0.47493 0.693407
108 0.778206 0.428846 0.44017 0.511538
78 0.885881 0.400549 0.228238 0.757143
78 0.499927 0.423352 0.984231 0.554396
108 0.827222 0.395604 0.3437 0.76044
108 0.0834839 0.431319 0.166968 0.77033
108 0.493678 0.44478 0.979544 0.512637
79 0.500708 0.432898 0.985793 0.532005
78 0.506176 0.428297 0.979544 0.533516
108 0.510863 0.398077 0.971733 0.796154
78 0.899868 0.434066 0.199971 0.637363
108 0.56398 0.497527 0.86706 0.329121
108 0.722941 0.486264 0.549138 0.361538
66 0.493678 0.440659 0.968608 0.514286
108 0.501489 0.431387 0.987355 0.531731
79 0.48821 0.433791 0.967046 0.523626
108 0.512034 0.37967 0.970951 0.759341
108 0.579603 0.537363 0.837377 0.27033
108 0.896744 0.425275 0.204658 0.595604
108 0.729971 0.448077 0.53664 0.465385
78 0.896744 0.425275 0.204658 0.595604
78 0.5093 0.423077 0.977982 0.540659
108 0.57804 0.449451 0.83894 0.437363
108 0.496802 0.439011 0.971733 0.517582
79 0.500708 0.421978 0.985793 0.545055
108 0.899868 0.422802 0.199971 0.647802
108 0.514768 0.37967 0.957672 0.759341
108 0.826637 0.401099 0.343309 0.663736
78 0.899868 0.422802 0.199971 0.647802
108 0.645901 0.506868 0.703217 0.313736
108 0.744422 0.419849 0.504614 0.515247
108 0.494459 0.436538 0.965483 0.519231
79 0.489772 0.434615 0.967046 0.524176
108 0.913221 0.443407 0.173559 0.632967
108 0.511644 0.367033 0.951423 0.734066
108 0.83601 0.431319 0.327686 0.63956
108 0.766294 0.393132 0.46087 0.635714
108 0.493678 0.429945 0.963921 0.54011
79 0.499146 0.412637 0.977982 0.571429
108 0.918615 0.442033 0.162476 0.621429
108 0.592101 0.525549 0.809256 0.287363
108 0.507738 0.418132 0.97017 0.561538
79 0.499146 0.415934 0.979544 0.576923
108 0.587804 0.528022 0.817849 0.289011
108 0.497974 0.42033 0.985012 0.565934
79 0.503832 0.41978 0.976419 0.56044
78 0.506957 0.408516 0.971733 0.580769
108 0.627642 0.467033 0.738173 0.404396
108 0.593663 0.521154 0.80457 0.291758
108 0.744422 0.429945 0.504614 0.513736
108 0.495631 0.421429 0.986574 0.558242
79 0.501489 0.420879 0.979544 0.559341
78 0.503832 0.410714 0.973295 0.578571
108 0.616316 0.445536 0.759264 0.459478
108 0.592101 0.514011 0.807694 0.315934
108 0.908143 0.436264 0.183713 0.595604
108 0.737392 0.423695 0.518674 0.536126
108 0.845384 0.449176 0.305815 0.56978
79 0.592101 0.514011 0.807694 0.315934
108 0.497583 0.42033 0.985793 0.559341
79 0.500708 0.419712 0.982669 0.561676
108 0.908534 0.433791 0.182932 0.58956
108 0.587023 0.508516 0.817849 0.339011
108 0.604989 0.437981 0.781917 0.487775
78 0.503051 0.408242 0.977982 0.581319
108 0.734267 0.426648 0.524923 0.557692
108 0.849094 0.452198 0.298394 0.581319
108 0.498364 0.416209 0.984231 0.568681
79 0.501489 0.416484 0.981106 0.569231
108 0.681248 0.406044 0.6294 0.602198
108 0.911658 0.411264 0.176683 0.746703
108 0.895181 0.452266 0.20622 0.550412
108 0.848313 0.455494 0.298394 0.572528
108 0.772934 0.444025 0.447591 0.551511
108 0.50227 0.418132 0.977982 0.565934
79 0.50227 0.418132 0.977982 0.565934
108 0.900649 0.455494 0.192159 0.56044
108 0.91947 0.415934 0.16106 0.743956
74 0.488991 0.425275 0.967046 0.553846
108 0.677244 0.423077 0.637407 0.628571
108 0.505004 0.412088 0.977201 0.573626
79 0.500317 0.418956 0.985012 0.558791
108 0.898306 0.456593 0.196846 0.56044
74 0.488991 0.42864 0.97017 0.547115
78 0.505004 0.412088 0.977201 0.573626
108 0.91947 0.419506 0.16106 0.723626
108 0.507738 0.413736 0.974857 0.564835
79 0.503051 0.424244 0.981106 0.547115
108 0.896744 0.459066 0.199971 0.56978
74 0.491334 0.432967 0.968608 0.536264
78 0.507738 0.413736 0.974857 0.564835
108 0.570229 0.500275 0.849875 0.344505
108 0.510081 0.415385 0.973295 0.559341
79 0.505395 0.425824 0.977982 0.542857
108 0.899087 0.457143 0.195284 0.569231
78 0.510081 0.415385 0.973295 0.559341
74 0.492115 0.432898 0.967046 0.5375
108 0.574135 0.494231 0.842064 0.358791
108 0.50188 0.423901 0.980325 0.551099
79 0.506566 0.429052 0.977201 0.536401
78 0.510081 0.417582 0.971733 0.553846
108 0.896744 0.463462 0.199971 0.587363
74 0.492896 0.433036 0.965483 0.538324
108 0.581946 0.494505 0.828004 0.363736
108 0.499927 0.426648 0.981106 0.544505
79 0.505785 0.430151 0.975638 0.533104
78 0.508519 0.419231 0.97017 0.549451
108 0.895962 0.467033 0.201533 0.593407
108 0.59835 0.501099 0.796758 0.354945
74 0.491334 0.435096 0.965483 0.534203
108 0.790314 0.445604 0.41283 0.576923
66 0.506957 0.42967 0.973295 0.536264
108 0.499146 0.428022 0.981106 0.546154
79 0.490163 0.435783 0.966265 0.533929
108 0.896744 0.467582 0.199971 0.598901
108 0.601377 0.508791 0.790704 0.349451
108 0.861593 0.438462 0.273397 0.615385
108 0.788752 0.443407 0.415955 0.576923
108 0.708099 0.425756 0.577259 0.549588
74 0.490163 0.435783 0.966265 0.533929
78 0.499146 0.428022 0.981106 0.546154
66 0.506957 0.43022 0.973295 0.535165
108 0.499146 0.429121 0.982668 0.543956
79 0.489772 0.441827 0.979544 0.520742
108 0.898306 0.46978 0.196846 0.60989
108 0.609286 0.514286 0.774886 0.354945
108 0.790314 0.444231 0.41283 0.592857
108 0.856125 0.440934 0.284333 0.621429
74 0.489772 0.437363 0.967046 0.531868
66 0.506957 0.429396 0.971733 0.535714
108 0.694429 0.424107 0.604599 0.560577
78 0.506957 0.429396 0.971733 0.535714
108 0.498364 0.43125 0.985793 0.539698
79 0.488991 0.443132 0.977982 0.519231
108 0.899087 0.472253 0.195284 0.615934
74 0.489381 0.44011 0.967827 0.526374
108 0.60372 0.519506 0.786018 0.351099
108 0.781135 0.420055 0.431187 0.625824
78 0.498364 0.43125 0.985793 0.539698
108 0.668261 0.398901 0.655373 0.613187
66 0.506957 0.429945 0.973295 0.535714
108 0.851633 0.445604 0.293316 0.637363
108 0.501098 0.373352 0.964702 0.746703
108 0.499536 0.430288 0.985012 0.543819
79 0.488991 0.443407 0.977982 0.517582
108 0.899868 0.474176 0.193722 0.623077
78 0.506957 0.427953 0.973295 0.5375
108 0.782698 0.415385 0.428062 0.649451
108 0.658595 0.391758 0.676268 0.635165
74 0.488991 0.439286 0.968608 0.526923
108 0.59171 0.522527 0.810038 0.346154
66 0.506957 0.427953 0.973295 0.5375
108 0.50227 0.381319 0.965483 0.762637
108 0.499146 0.426305 0.985793 0.549588
79 0.4886 0.442582 0.977201 0.519231
108 0.898306 0.471703 0.196846 0.63022
78 0.508129 0.418956 0.974076 0.551099
108 0.79129 0.443956 0.41244 0.631868
108 0.658107 0.395604 0.677244 0.64945
74 0.48821 0.436264 0.97017 0.531868
66 0.506957 0.425275 0.976419 0.541758
108 0.50227 0.388736 0.968608 0.777472
108 0.585461 0.522527 0.822536 0.351648
108 0.497974 0.424725 0.988136 0.552747
79 0.48821 0.442308 0.976419 0.51978
108 0.898306 0.475824 0.196846 0.635165
78 0.506957 0.418132 0.973295 0.552747
108 0.792267 0.448901 0.408924 0.632967
108 0.656837 0.406319 0.678221 0.645604
74 0.48821 0.43489 0.97017 0.534615
66 0.506566 0.424244 0.974076 0.544918
108 0.860811 0.456593 0.27496 0.664835
108 0.574525 0.53022 0.844407 0.340659
108 0.501098 0.388462 0.967827 0.776923
108 0.498364 0.423352 0.984231 0.555494
79 0.4886 0.434135 0.969389 0.535027
78 0.506176 0.417102 0.973295 0.554808
108 0.896744 0.480769 0.199971 0.636264
108 0.791876 0.45522 0.409706 0.628022
108 0.6584 0.414835 0.675096 0.640659
66 0.506176 0.422802 0.973295 0.546703
74 0.4886 0.434135 0.969389 0.535027
108 0.570229 0.531593 0.853 0.336813
108 0.860616 0.463187 0.27535 0.664835
108 0.497193 0.424725 0.986574 0.552747
79 0.48821 0.435165 0.97017 0.532967
78 0.505395 0.416758 0.973295 0.555494
108 0.895962 0.478571 0.201533 0.627473
108 0.792853 0.454945 0.407753 0.620879
108 0.667969 0.416484 0.655959 0.63956
66 0.505395 0.422802 0.973295 0.546703
74 0.48821 0.435165 0.97017 0.532967
108 0.565933 0.53544 0.86003 0.323626
108 0.497193 0.424725 0.986574 0.551648
79 0.487429 0.435989 0.971733 0.53022
108 0.895181 0.478022 0.203095 0.632967
78 0.497193 0.424725 0.986574 0.551648
108 0.795977 0.456044 0.401504 0.626374
108 0.687399 0.417582 0.615535 0.642857
108 0.567495 0.534341 0.856906 0.324725
66 0.505395 0.422459 0.973295 0.548489
74 0.487429 0.435989 0.971733 0.53022
108 0.496802 0.425275 0.987355 0.549451
79 0.487819 0.437981 0.970951 0.526236
108 0.8944 0.475 0.204657 0.628022
78 0.496802 0.425275 0.987355 0.549451
108 0.795001 0.440385 0.403457 0.651099
108 0.699897 0.417308 0.590538 0.633516
74 0.487819 0.437981 0.970951 0.526236
108 0.57062 0.531868 0.852219 0.325275
66 0.505395 0.423008 0.973295 0.54739
108 0.497583 0.426305 0.987355 0.54739
79 0.4886 0.44011 0.969389 0.521978
108 0.893619 0.472527 0.20622 0.620879
108 0.793829 0.43544 0.4058 0.63022
108 0.709271 0.413736 0.571791 0.60989
78 0.497583 0.426305 0.987355 0.54739
74 0.4886 0.44011 0.969389 0.521978
108 0.499927 0.430769 0.984231 0.538462
79 0.488991 0.442308 0.968608 0.516483
108 0.893619 0.473077 0.20622 0.614286
108 0.79129 0.434341 0.409315 0.613736
108 0.714739 0.41456 0.560855 0.596154
78 0.498364 0.428297 0.987355 0.543407
74 0.488991 0.442308 0.968608 0.516483
108 0.500708 0.376648 0.973295 0.753297
108 0.499536 0.433791 0.985012 0.532418
79 0.488991 0.444025 0.968608 0.51195
108 0.892057 0.472253 0.209344 0.610439
108 0.788947 0.43022 0.414002 0.605494
74 0.488991 0.444025 0.968608 0.51195
108 0.500708 0.374176 0.974857 0.748352
108 0.488991 0.445879 0.968608 0.508242
79 0.488991 0.445879 0.968608 0.508242
108 0.890494 0.471978 0.212469 0.610989
108 0.785822 0.426374 0.420251 0.604396
108 0.500708 0.367308 0.976419 0.734615
74 0.488991 0.445879 0.968608 0.508242
108 0.488991 0.446772 0.968608 0.506456
79 0.488991 0.446772 0.968608 0.506456
108 0.889713 0.471703 0.214031 0.61044
108 0.782502 0.422802 0.425328 0.601648
108 0.500708 0.364286 0.976419 0.728571
108 0.4886 0.447871 0.969389 0.504258
79 0.4886 0.447871 0.969389 0.504258
108 0.88737 0.473626 0.218718 0.613187
108 0.781135 0.420604 0.428062 0.600549
108 0.500708 0.364835 0.976419 0.72967
108 0.910487 0.426648 0.179027 0.739011
108 0.48821 0.448352 0.97017 0.502198
79 0.48821 0.448352 0.97017 0.502198
108 0.886589 0.475549 0.22028 0.618132
108 0.781135 0.42033 0.428062 0.601099
108 0.500708 0.364835 0.976419 0.72967
108 0.909706 0.423077 0.180589 0.745055
108 0.48821 0.448077 0.97017 0.501648
79 0.48821 0.448077 0.97017 0.501648
108 0.886589 0.477473 0.22028 0.624176
108 0.781917 0.417582 0.4265 0.606593
108 0.500708 0.365934 0.976419 0.731868
108 0.908924 0.420604 0.182151 0.758791
108 0.487429 0.448352 0.971733 0.501099
79 0.487429 0.448352 0.971733 0.501099
108 0.886589 0.478571 0.221842 0.628571
108 0.783479 0.415385 0.423375 0.606593
108 0.500708 0.364286 0.976419 0.728571
108 0.907753 0.420055 0.184495 0.770879
108 0.487038 0.448832 0.972514 0.500137
79 0.487038 0.448832 0.972514 0.500137
108 0.886589 0.47967 0.221842 0.631868
108 0.785041 0.414286 0.420251 0.604396
108 0.500708 0.360989 0.976419 0.721978
108 0.906972 0.417033 0.186057 0.776923
108 0.487038 0.44897 0.972514 0.498764
79 0.487038 0.44897 0.972514 0.498764
108 0.88737 0.479121 0.221842 0.630769
108 0.786603 0.410989 0.417126 0.605494
108 0.500317 0.358791 0.975638 0.717582
108 0.906191 0.414286 0.187619 0.784615
108 0.487038 0.448832 0.972514 0.49794
79 0.487038 0.448832 0.972514 0.49794
108 0.88737 0.47967 0.218718 0.634066
108 0.786603 0.409615 0.417126 0.604945
108 0.499536 0.356593 0.975638 0.713187
108 0.906191 0.413462 0.187619 0.786264
108 0.486647 0.44897 0.973295 0.498764
79 0.486647 0.44897 0.973295 0.498764
108 0.888932 0.47967 0.218718 0.636264
108 0.787385 0.408791 0.415564 0.606593
108 0.499536 0.354396 0.975638 0.708791
108 0.906191 0.412088 0.187619 0.786813
108 0.486647 0.448832 0.973295 0.499038
79 0.486647 0.448832 0.973295 0.499038
108 0.888932 0.479396 0.217156 0.639011
108 0.78758 0.407692 0.415174 0.608791
108 0.499146 0.352198 0.976419 0.704396
108 0.486647 0.448626 0.973295 0.499451
79 0.486647 0.448626 0.973295 0.499451
108 0.888932 0.47967 0.215593 0.642857
108 0.786603 0.40522 0.415564 0.614835
108 0.498364 0.350549 0.976419 0.701099
108 0.486647 0.448901 0.973295 0.498901
79 0.486647 0.448901 0.973295 0.498901
108 0.888932 0.480769 0.215593 0.645055
108 0.498364 0.35 0.976419 0.7
108 0.786603 0.405769 0.415564 0.614835
108 0.903847 0.407143 0.192306 0.785714
108 0.486647 0.448626 0.973295 0.499451
79 0.486647 0.448626 0.973295 0.499451
108 0.888932 0.480769 0.215593 0.647253
108 0.498364 0.348626 0.976419 0.697253
108 0.786603 0.404121 0.415564 0.615934
108 0.902285 0.404945 0.19543 0.783516
108 0.486647 0.448352 0.973295 0.5
79 0.486647 0.448352 0.973295 0.5
108 0.888932 0.480494 0.217156 0.65
108 0.497974 0.348352 0.975638 0.696703
108 0.786603 0.402747 0.415564 0.61978
108 0.486647 0.448077 0.973295 0.500549
79 0.486647 0.448077 0.973295 0.500549
108 0.888932 0.480769 0.217156 0.651648
108 0.497583 0.349176 0.976419 0.698352
108 0.785822 0.402472 0.417126 0.622527
108 0.487038 0.448352 0.972514 0.501099
79 0.487038 0.448352 0.972514 0.501099
108 0.888932 0.48022 0.217156 0.652747
108 0.497583 0.351099 0.974857 0.702198
108 0.785041 0.401374 0.418689 0.625824
108 0.487429 0.448626 0.971733 0.500549
79 0.487429 0.448626 0.971733 0.500549
108 0.888932 0.480769 0.218718 0.653846
108 0.497583 0.351099 0.976419 0.702198
108 0.78426 0.403297 0.420251 0.624176
108 0.487429 0.448901 0.971733 0.5
79 0.487429 0.448901 0.971733 0.5
108 0.888932 0.481044 0.218718 0.651099
108 0.497583 0.351099 0.976419 0.702198
108 0.782698 0.405495 0.423375 0.618681
108 0.487429 0.44897 0.971733 0.499863
79 0.487429 0.44897 0.971733 0.499863
108 0.88737 0.482143 0.218718 0.651099
108 0.497583 0.351648 0.976419 0.703297
108 0.78094 0.407143 0.425328 0.618681
108 0.487429 0.44897 0.971733 0.499863
79 0.487429 0.44897 0.971733 0.499863
108 0.88737 0.484066 0.221842 0.653846
108 0.497974 0.352747 0.975638 0.705495
108 0.781135 0.407418 0.4265 0.621429
108 0.487429 0.448832 0.971733 0.499038
79 0.487429 0.448832 0.971733 0.499038
108 0.88737 0.484615 0.221842 0.652747
108 0.497974 0.352747 0.975638 0.705495
108 0.779768 0.407967 0.427672 0.621429
108 0.487819 0.448626 0.970951 0.499451
79 0.487819 0.448626 0.970951 0.499451
108 0.886589 0.484066 0.221842 0.649451
108 0.498364 0.353297 0.976419 0.706593
108 0.779573 0.407143 0.428062 0.623077
108 0.487819 0.44842 0.970951 0.499863
79 0.487819 0.44842 0.970951 0.499863
108 0.886589 0.483791 0.221842 0.647802
108 0.498364 0.354945 0.976419 0.70989
108 0.779378 0.407692 0.428453 0.621978
108 0.487429 0.448077 0.971733 0.499451
79 0.487429 0.448077 0.971733 0.499451
108 0.885612 0.482692 0.222233 0.644506
108 0.498755 0.355769 0.975638 0.711538
108 0.778792 0.408516 0.429624 0.62033
108 0.487429 0.447802 0.971733 0.5
79 0.487429 0.447802 0.971733 0.5
108 0.885612 0.482967 0.222233 0.642857
108 0.499146 0.356044 0.974857 0.712088
108 0.778011 0.408242 0.431187 0.620879
108 0.487429 0.447527 0.971733 0.500549
79 0.487429 0.447527 0.971733 0.500549
108 0.885612 0.481868 0.222233 0.640659
108 0.499146 0.356319 0.976419 0.712637
108 0.778011 0.409066 0.431187 0.619231
108 0.487429 0.447253 0.971733 0.501099
79 0.487429 0.447253 0.971733 0.501099
108 0.885612 0.480769 0.222233 0.638462
108 0.499536 0.357418 0.975638 0.714835
108 0.777816 0.409341 0.431577 0.618681
108 0.487429 0.446978 0.971733 0.501648
79 0.487429 0.446978 0.971733 0.501648
108 0.885612 0.479396 0.222233 0.636813
108 0.499536 0.358791 0.975638 0.717582
108 0.77723 0.409341 0.432749 0.61978
108 0.487429 0.446703 0.971733 0.502198
79 0.487429 0.446703 0.971733 0.502198
108 0.885808 0.478022 0.221842 0.635165
108 0.499536 0.360165 0.975638 0.72033
108 0.776644 0.408791 0.433921 0.621978
108 0.487429 0.446429 0.971733 0.502747
79 0.487429 0.446429 0.971733 0.502747
108 0.885612 0.476648 0.222233 0.633516
108 0.499927 0.361264 0.976419 0.722527
108 0.776644 0.407418 0.433921 0.622527
108 0.487429 0.446154 0.971733 0.503297
79 0.487429 0.446154 0.971733 0.503297
108 0.885027 0.475 0.223405 0.631319
108 0.499927 0.362637 0.976419 0.725275
108 0.776449 0.408242 0.434311 0.620879
108 0.840307 0.467033 0.30972 0.613187
108 0.487429 0.446154 0.971733 0.503297
79 0.487429 0.446154 0.971733 0.503297
108 0.885027 0.474176 0.223405 0.62967
108 0.500317 0.363736 0.975638 0.727473
108 0.776449 0.407692 0.434311 0.621978
108 0.840502 0.465934 0.310892 0.612088
108 0.487429 0.446154 0.971733 0.503297
79 0.487429 0.446154 0.971733 0.503297
108 0.884441 0.473077 0.224576 0.628571
108 0.500317 0.365659 0.975638 0.731319
108 0.776449 0.407692 0.434311 0.621978
108 0.487038 0.446154 0.972514 0.503297
79 0.487038 0.446154 0.972514 0.503297
108 0.884245 0.471978 0.224967 0.626374
108 0.500317 0.367033 0.975638 0.734066
108 0.775668 0.408242 0.435874 0.618681
108 0.487429 0.446223 0.971733 0.503159
79 0.487429 0.446223 0.971733 0.503159
108 0.88405 0.470879 0.225358 0.625275
108 0.500317 0.368681 0.975638 0.737363
108 0.775668 0.407692 0.435874 0.617582
108 0.487429 0.446429 0.971733 0.502747
79 0.487429 0.446429 0.971733 0.502747
108 0.883464 0.470055 0.226529 0.624725
108 0.500708 0.369231 0.976419 0.738461
108 0.775668 0.406593 0.435874 0.616484
108 0.487038 0.446429 0.972514 0.502747
79 0.487038 0.446429 0.972514 0.502747
108 0.882683 0.469231 0.228092 0.623077
108 0.500708 0.36978 0.976419 0.73956
108 0.775082 0.405769 0.437045 0.614835
108 0.487038 0.446223 0.972514 0.503159
79 0.487038 0.446223 0.972514 0.503159
108 0.881902 0.469231 0.229654 0.623077
108 0.500708 0.36978 0.976419 0.73956
108 0.774886 0.405494 0.437436 0.614286
108 0.487038 0.446085 0.972514 0.503434
79 0.487038 0.446085 0.972514 0.503434
108 0.881316 0.469231 0.230826 0.624176
108 0.500708 0.37033 0.976419 0.740659
108 0.774496 0.404396 0.436655 0.615385
108 0.487038 0.445879 0.972514 0.503846
79 0.487038 0.445879 0.972514 0.503846
108 0.881121 0.468132 0.231216 0.624176
108 0.500708 0.369505 0.976419 0.739011
108 0.774105 0.403022 0.437436 0.615934
108 0.487038 0.445879 0.972514 0.503846
79 0.487038 0.445879 0.972514 0.503846
108 0.880926 0.467582 0.231607 0.623077
108 0.500708 0.369231 0.976419 0.738461
108 0.774105 0.402747 0.437436 0.615385
108 0.486647 0.445673 0.973295 0.503159
79 0.486647 0.445673 0.973295 0.503159
108 0.88034 0.467857 0.232778 0.622527
108 0.500708 0.369231 0.976419 0.738461
108 0.774105 0.402747 0.437436 0.614286
108 0.486647 0.445673 0.973295 0.503159
79 0.486647 0.445673 0.973295 0.503159
108 0.879559 0.467033 0.234341 0.621978
108 0.501098 0.368407 0.975638 0.736813
108 0.773715 0.403022 0.438217 0.611538
108 0.486647 0.445879 0.973295 0.502747
79 0.486647 0.445879 0.973295 0.502747
108 0.879559 0.466758 0.234341 0.621429
108 0.501098 0.367857 0.975638 0.735714
108 0.773715 0.402198 0.438217 0.613187
108 0.486647 0.445879 0.973295 0.502747
79 0.486647 0.445879 0.973295 0.502747
108 0.878777 0.467033 0.235903 0.621978
108 0.501098 0.368681 0.975638 0.737363
108 0.773324 0.402198 0.438998 0.613187
108 0.486647 0.446085 0.973295 0.501236
79 0.486647 0.446085 0.973295 0.501236
108 0.878777 0.466483 0.235903 0.621978
108 0.501098 0.368681 0.975638 0.737363
108 0.773324 0.401648 0.438998 0.614286
108 0.486647 0.446223 0.973295 0.500962
79 0.486647 0.446223 0.973295 0.500962
108 0.878777 0.465934 0.235903 0.621978
108 0.501489 0.36978 0.976419 0.73956
108 0.773324 0.400549 0.438998 0.616484
108 0.486647 0.446154 0.973295 0.501099
79 0.486647 0.446154 0.973295 0.501099
108 0.878777 0.466483 0.235903 0.621978
108 0.501489 0.370604 0.976419 0.741209
108 0.773324 0.400549 0.438998 0.617582
108 0.486647 0.446223 0.973295 0.500962
79 0.486647 0.446223 0.973295 0.500962
108 0.878777 0.466758 0.235903 0.622527
108 0.501489 0.370879 0.976419 0.741758
108 0.773324 0.400275 0.438998 0.619231
108 0.486647 0.446703 0.973295 0.5
79 0.486647 0.446703 0.973295 0.5
108 0.501489 0.371429 0.976419 0.742857
108 0.878777 0.466483 0.235903 0.621978
108 0.773324 0.399451 0.438998 0.61978
108 0.486647 0.446978 0.973295 0.499451
79 0.486647 0.446978 0.973295 0.499451
108 0.501489 0.371429 0.976419 0.742857
108 0.878777 0.466209 0.235903 0.621429
108 0.772543 0.399176 0.438998 0.619231
108 0.486647 0.446772 0.973295 0.499863
79 0.486647 0.446772 0.973295 0.499863
108 0.50188 0.370879 0.977201 0.741758
108 0.878777 0.465659 0.235903 0.621429
108 0.772543 0.397253 0.438998 0.623077
108 0.486647 0.446772 0.973295 0.499863
79 0.486647 0.446772 0.973295 0.499863
108 0.501489 0.37033 0.976419 0.740659
108 0.878777 0.46511 0.235903 0.621429
108 0.772543 0.39478 0.438998 0.628022
108 0.486647 0.447184 0.973295 0.499038
79 0.486647 0.447184 0.973295 0.499038
108 0.50188 0.371154 0.977201 0.742308
108 0.878777 0.464286 0.235903 0.620879
108 0.772543 0.392308 0.438998 0.632967
108 0.486647 0.447321 0.973295 0.498764
79 0.486647 0.447321 0.973295 0.498764
108 0.50188 0.371154 0.977201 0.742308
108 0.878777 0.463736 0.235903 0.61978
108 0.772543 0.39011 0.438998 0.637363
