50 0.502402 0.508621 0.97672 0.350575
48 0.507863 0.499713 0.965798 0.361494
101 0.507863 0.499713 0.965798 0.361494
49 0.507863 0.499713 0.965798 0.361494
68 0.504743 0.5 0.968918 0.370115
47 0.508643 0.497414 0.970479 0.378736
53 0.507863 0.499713 0.965798 0.361494
54 0.507863 0.499713 0.965798 0.361494
109 0.507863 0.499713 0.965798 0.361494
104 0.508253 0.510632 0.97594 0.339655
79 0.502792 0.506609 0.97594 0.351149
111 0.49148 0.501149 0.943954 0.355172
103 0.502792 0.506609 0.97594 0.351149
95 0.502792 0.506609 0.97594 0.351149
46 0.502792 0.506609 0.97594 0.351149
76 0.502792 0.506609 0.97594 0.351149
67 0.508253 0.510632 0.97594 0.339655
74 0.507863 0.499713 0.965798 0.361494
66 0.502792 0.506609 0.97594 0.351149
84 0.507863 0.499713 0.965798 0.361494
56 0.502792 0.506609 0.97594 0.351149
102 0.502792 0.506609 0.97594 0.351149
42 0.48797 0.506322 0.946295 0.347126
110 0.495381 0.501437 0.950195 0.355747
77 0.507863 0.499713 0.965798 0.361494
73 0.525026 0.497701 0.91899 0.381609
97 0.508253 0.510632 0.97594 0.339655
99 0.509033 0.504023 0.97594 0.36092
100 0.502792 0.506609 0.97594 0.351149
17 0.495381 0.501437 0.950195 0.355747
75 0.504743 0.5 0.968918 0.370115
81 0.508253 0.510632 0.97594 0.339655
108 0.507863 0.50546 0.975159 0.348851
41 0.507863 0.499713 0.965798 0.361494
105 0.502792 0.506609 0.97594 0.351149
38 0.503962 0.501149 0.972039 0.371264
33 0.507863 0.50546 0.975159 0.348851
5 0.502792 0.506609 0.97594 0.351149
80 0.49148 0.501149 0.943954 0.355172
78 0.507863 0.50546 0.975159 0.348851
50 0.723958 0.497989 0.528926 0.383333
7 0.48797 0.506322 0.946295 0.347126
51 0.49148 0.501149 0.943954 0.355172
14 0.507863 0.499713 0.965798 0.361494
15 0.525806 0.496552 0.91431 0.370115
65 0.507863 0.499713 0.965798 0.361494
7 0.706796 0.851724 0.18567 0.0850575
48 0.723958 0.497989 0.528926 0.383333
23 0.707576 0.851724 0.187231 0.0827586
11 0.49148 0.501149 0.943954 0.355172
52 0.525806 0.496552 0.91431 0.370115
31 0.508253 0.510632 0.97594 0.339655
53 0.742681 0.496552 0.49148 0.374713
16 0.508643 0.497414 0.970479 0.378736
47 0.742681 0.496552 0.49148 0.374713
21 0.49148 0.501149 0.943954 0.355172
12 0.509423 0.525862 0.968918 0.310345
16 0.706796 0.851724 0.18567 0.0850575
68 0.723958 0.497989 0.528926 0.383333
34 0.502402 0.508621 0.97672 0.350575
94 0.49148 0.501149 0.943954 0.355172
32 0.706796 0.854598 0.188791 0.0850575
31 0.707576 0.851724 0.187231 0.0827586
9 0.707186 0.851724 0.188011 0.0827586
26 0.525026 0.497701 0.91899 0.381609
17 0.707186 0.851724 0.188011 0.0827586
0 0.707186 0.851724 0.188011 0.0827586
0 0.49148 0.501149 0.943954 0.355172
109 0.742681 0.496552 0.49148 0.374713
13 0.507863 0.499713 0.965798 0.361494
26 0.706796 0.854598 0.188791 0.0850575
100 0.723958 0.497989 0.528926 0.383333
55 0.507863 0.499713 0.965798 0.361494
18 0.707576 0.851724 0.187231 0.0827586
81 0.742681 0.496552 0.49148 0.374713
3 0.706405 0.855172 0.18645 0.0862069
75 0.723958 0.497989 0.528926 0.383333
49 0.723958 0.497989 0.528926 0.383333
48 0.505523 0.497126 0.962677 0.373563
0 0.682612 0.86092 0.137302 0.0678161
50 0.504743 0.506322 0.97828 0.345977
17 0.676371 0.858621 0.126381 0.0712643
13 0.677151 0.85977 0.126381 0.0758621
16 0.682612 0.86092 0.137302 0.0678161
9 0.676371 0.858621 0.126381 0.0712643
111 0.503962 0.505747 0.982961 0.357471
4 0.682612 0.86092 0.137302 0.0678161
99 0.503962 0.494828 0.961117 0.370115
46 0.504743 0.506322 0.97828 0.345977
26 0.684172 0.86092 0.151345 0.0689655
101 0.504743 0.506322 0.97828 0.345977
68 0.506303 0.516379 0.968918 0.339655
110 0.504743 0.506322 0.97828 0.345977
24 0.682612 0.86092 0.137302 0.0678161
102 0.505523 0.497126 0.962677 0.373563
18 0.682612 0.86092 0.137302 0.0678161
49 0.504743 0.506322 0.97828 0.345977
73 0.505523 0.497126 0.962677 0.373563
53 0.505523 0.497126 0.962677 0.373563
19 0.676371 0.858621 0.126381 0.0712643
33 0.676371 0.858621 0.126381 0.0712643
15 0.682612 0.86092 0.137302 0.0678161
67 0.505523 0.497126 0.962677 0.373563
109 0.505523 0.497126 0.962677 0.373563
7 0.682612 0.86092 0.137302 0.0678161
84 0.505523 0.497126 0.962677 0.373563
77 0.504743 0.506322 0.97828 0.345977
8 0.676371 0.858621 0.126381 0.0712643
47 0.504743 0.506322 0.97828 0.345977
100 0.504743 0.506322 0.97828 0.345977
75 0.505523 0.497126 0.962677 0.373563
3 0.682612 0.86092 0.137302 0.0678161
51 0.505523 0.497126 0.962677 0.373563
95 0.504743 0.506322 0.97828 0.345977
14 0.676371 0.858621 0.126381 0.0712643
76 0.505523 0.497126 0.962677 0.373563
23 0.677151 0.858621 0.126381 0.0712643
30 0.676371 0.858621 0.126381 0.0712643
31 0.677151 0.85977 0.126381 0.0758621
6 0.676371 0.858621 0.126381 0.0712643
17 0.908068 0.785057 0.174749 0.117241
8 0.907288 0.781034 0.174749 0.127586
52 0.544139 0.493103 0.877643 0.383908
21 0.676371 0.858621 0.126381 0.0712643
103 0.505523 0.497126 0.962677 0.373563
56 0.504743 0.506322 0.97828 0.345977
16 0.909629 0.78046 0.174749 0.128736
5 0.676371 0.858621 0.126381 0.0712643
1 0.677151 0.858621 0.126381 0.0712643
11 0.677151 0.85977 0.126381 0.0758621
54 0.503962 0.494828 0.961117 0.370115
10 0.677151 0.85977 0.126381 0.0758621
32 0.682612 0.86092 0.137302 0.0678161
25 0.682612 0.86092 0.137302 0.0678161
33 0.907288 0.781034 0.174749 0.127586
97 0.503962 0.494828 0.961117 0.370115
48 0.67481 0.495402 0.619421 0.373563
0 0.908068 0.785057 0.174749 0.117241
14 0.908068 0.785057 0.174749 0.117241
48 0.42712 0.540805 0.818354 0.334483
50 0.42712 0.540805 0.818354 0.334483
28 0.682612 0.86092 0.137302 0.0678161
12 0.677931 0.860345 0.130281 0.0747126
105 0.505523 0.497126 0.962677 0.373563
50 0.67481 0.495402 0.619421 0.373563
13 0.908068 0.785057 0.174749 0.117241
15 0.907288 0.781034 0.174749 0.127586
22 0.677931 0.860345 0.130281 0.0747126
9 0.908068 0.785057 0.174749 0.117241
18 0.908068 0.785057 0.174749 0.117241
24 0.907288 0.781034 0.174749 0.127586
29 0.682612 0.86092 0.137302 0.0678161
10 0.907288 0.781034 0.174749 0.127586
48 0.412297 0.923563 0.819914 0.152874
49 0.42712 0.540805 0.818354 0.334483
50 0.502402 0.439368 0.957997 0.497126
38 0.503962 0.494828 0.961117 0.370115
23 0.908068 0.785057 0.174749 0.117241
46 0.67481 0.495402 0.619421 0.373563
101 0.42712 0.540805 0.818354 0.334483
16 0.91977 0.809196 0.141983 0.0781609
16 0.911189 0.754023 0.168508 0.181609
26 0.680271 0.85 0.132622 0.0839081
46 0.502402 0.439368 0.957997 0.497126
46 0.42712 0.540805 0.818354 0.334483
2 0.677151 0.85977 0.126381 0.0758621
68 0.508643 0.441092 0.973599 0.487931
27 0.677151 0.85977 0.126381 0.0758621
50 0.404496 0.938506 0.808992 0.122988
50 0.496161 0.513793 0.986081 0.337931
68 0.496161 0.513793 0.986081 0.337931
48 0.496161 0.513793 0.986081 0.337931
49 0.496161 0.513793 0.986081 0.337931
99 0.496161 0.513793 0.986081 0.337931
101 0.496161 0.513793 0.986081 0.337931
100 0.496161 0.513793 0.986081 0.337931
50 0.496941 0.381034 0.986081 0.629885
68 0.48758 0.586207 0.957997 0.252874
102 0.496161 0.513793 0.986081 0.337931
50 0.48758 0.586207 0.957997 0.252874
46 0.503962 0.488793 0.967358 0.385632
51 0.496161 0.506897 0.986081 0.36092
76 0.496161 0.513793 0.986081 0.337931
48 0.496941 0.381034 0.986081 0.629885
53 0.496161 0.513793 0.986081 0.337931
77 0.496161 0.513793 0.986081 0.337931
48 0.48758 0.586207 0.957997 0.252874
68 0.799631 0.864368 0.386943 0.189655
0 0.681051 0.857471 0.135742 0.0666666
109 0.496161 0.513793 0.986081 0.337931
68 0.496941 0.381034 0.986081 0.629885
100 0.496941 0.381034 0.986081 0.629885
49 0.496941 0.381034 0.986081 0.629885
99 0.496941 0.381034 0.986081 0.629885
68 0.797485 0.797701 0.389674 0.189655
68 0.503182 0.807471 0.97828 0.385057
111 0.496161 0.513793 0.986081 0.337931
110 0.496161 0.513793 0.986081 0.337931
68 0.502012 0.231897 0.971259 0.463793
73 0.496161 0.506897 0.986081 0.36092
48 0.502402 0.218103 0.973599 0.436207
51 0.496941 0.381034 0.986081 0.629885
48 0.503182 0.807471 0.97828 0.385057
18 0.681051 0.858621 0.146664 0.0689655
76 0.496941 0.381034 0.986081 0.629885
50 0.502012 0.231897 0.971259 0.463793
49 0.48758 0.586207 0.957997 0.252874
99 0.48758 0.586207 0.957997 0.252874
100 0.48758 0.586207 0.957997 0.252874
47 0.496161 0.506897 0.986081 0.36092
46 0.502792 0.372989 0.972819 0.649425
53 0.503182 0.807471 0.97828 0.385057
101 0.48758 0.586207 0.957997 0.252874
102 0.48758 0.586207 0.957997 0.252874
50 0.494211 0.332256 0.965018 0.422845
8 0.681051 0.858621 0.146664 0.0689655
68 0.503182 0.945977 0.973599 0.108046
75 0.496161 0.513793 0.986081 0.337931
14 0.681051 0.857471 0.135742 0.0666666
48 0.799631 0.864368 0.386943 0.189655
101 0.502792 0.372989 0.972819 0.649425
46 0.497721 0.559914 0.986081 0.28477
99 0.502012 0.231897 0.971259 0.463793
76 0.496161 0.226006 0.986081 0.452012
67 0.496161 0.513793 0.986081 0.337931
0 0.715767 0.858621 0.205174 0.0712643
53 0.798656 0.843678 0.390454 0.243678
49 0.502012 0.231897 0.971259 0.463793
53 0.797485 0.797701 0.389674 0.189655
109 0.799631 0.864368 0.386943 0.189655
48 0.772326 0.867816 0.450914 0.264368
68 0.766865 0.895977 0.461836 0.208046
100 0.496161 0.226006 0.986081 0.452012
73 0.496941 0.381034 0.986081 0.629885
75 0.502402 0.218103 0.973599 0.436207
19 0.681051 0.857471 0.135742 0.0666666
102 0.503182 0.807471 0.97828 0.385057
48 0.784028 0.801149 0.415028 0.195402
16 0.681051 0.858621 0.146664 0.0689655
53 0.772326 0.867816 0.450914 0.264368
68 0.615423 0.892529 0.747557 0.177011
102 0.798656 0.843678 0.390454 0.243678
101 0.799631 0.864368 0.386943 0.189655
68 0.48914 0.883333 0.961117 0.233333
102 0.797485 0.797701 0.389674 0.189655
13 0.681051 0.857471 0.135742 0.0666666
0 0.682612 0.871264 0.148224 0.0459769
109 0.502402 0.218103 0.973599 0.436207
109 0.496941 0.381034 0.986081 0.629885
101 0.503182 0.807471 0.97828 0.385057
47 0.496941 0.381034 0.986081 0.629885
68 0.494211 0.332256 0.965018 0.422845
23 0.681051 0.857471 0.135742 0.0666666
51 0.502012 0.231897 0.971259 0.463793
77 0.48758 0.586207 0.957997 0.252874
101 0.797485 0.797701 0.389674 0.189655
48 0.48914 0.883333 0.961117 0.233333
99 0.799631 0.864368 0.386943 0.189655
30 0.685732 0.858046 0.146664 0.0678161
76 0.48758 0.586207 0.957997 0.252874
53 0.48758 0.586207 0.957997 0.252874
53 0.496941 0.381034 0.986081 0.629885
26 0.681051 0.857471 0.135742 0.0666666
48 0.502402 0.651724 0.97672 0.696552
109 0.784028 0.801149 0.415028 0.195402
46 0.502402 0.218103 0.973599 0.436207
0 0.780128 0.874713 0.0499282 0.0298851
53 0.502402 0.218103 0.973599 0.436207
101 0.502012 0.231897 0.971259 0.463793
52 0.496161 0.513793 0.986081 0.337931
5 0.685732 0.858046 0.146664 0.0678161
73 0.502402 0.218103 0.973599 0.436207
109 0.503182 0.807471 0.97828 0.385057
15 0.681051 0.857471 0.135742 0.0666666
84 0.496161 0.513793 0.986081 0.337931
50 0.799631 0.864368 0.386943 0.189655
75 0.502792 0.308333 0.972819 0.616667
50 0.546089 0.399425 0.867502 0.350575
7 0.685732 0.858046 0.146664 0.0678161
68 0.751653 0.597701 0.484459 0.577012
77 0.799631 0.864368 0.386943 0.189655
111 0.799631 0.864368 0.386943 0.189655
51 0.48758 0.586207 0.957997 0.252874
49 0.494211 0.332256 0.965018 0.422845
18 0.682612 0.871264 0.148224 0.0459769
109 0.48758 0.586207 0.957997 0.252874
84 0.496161 0.226006 0.986081 0.452012
97 0.496161 0.226006 0.986081 0.452012
111 0.48758 0.586207 0.957997 0.252874
53 0.48914 0.883333 0.961117 0.233333
17 0.681051 0.857471 0.135742 0.0666666
67 0.799631 0.864368 0.386943 0.189655
53 0.751653 0.597701 0.484459 0.577012
48 0.503182 0.945977 0.973599 0.108046
77 0.797485 0.797701 0.389674 0.189655
47 0.502402 0.218103 0.973599 0.436207
48 0.713037 0.573563 0.558571 0.595402
77 0.503182 0.807471 0.97828 0.385057
1 0.685732 0.858046 0.146664 0.0678161
68 0.502402 0.651724 0.97672 0.696552
53 0.503182 0.945977 0.973599 0.108046
95 0.495381 0.227299 0.984521 0.454598
50 0.503182 0.807471 0.97828 0.385057
3 0.681051 0.857471 0.135742 0.0666666
50 0.253932 0.554023 0.495381 0.250575
99 0.797485 0.797701 0.389674 0.189655
102 0.503182 0.945977 0.973599 0.108046
7 0.706015 0.858621 0.195032 0.0735633
102 0.766865 0.895977 0.461836 0.208046
11 0.681051 0.857471 0.135742 0.0666666
77 0.502402 0.218103 0.973599 0.436207
48 0.494211 0.332256 0.965018 0.422845
102 0.502012 0.231897 0.971259 0.463793
111 0.496941 0.381034 0.986081 0.629885
50 0.724348 0.483908 0.523466 0.370115
111 0.504743 0.724282 0.97828 0.551437
33 0.676371 0.854023 0.143543 0.0689655
102 0.496941 0.381034 0.986081 0.629885
110 0.48758 0.586207 0.957997 0.252874
111 0.502402 0.218103 0.973599 0.436207
75 0.48758 0.586207 0.957997 0.252874
68 0.572614 0.905747 0.833176 0.188506
68 0.679491 0.93477 0.639705 0.13046
50 0.784028 0.801149 0.415028 0.195402
67 0.503182 0.807471 0.97828 0.385057
110 0.495381 0.227299 0.984521 0.454598
52 0.502402 0.218103 0.973599 0.436207
99 0.503182 0.807471 0.97828 0.385057
110 0.496941 0.381034 0.986081 0.629885
53 0.502402 0.651724 0.97672 0.696552
48 0.791244 0.482759 0.402156 0.387356
68 0.573004 0.801724 0.827715 0.191954
101 0.503182 0.945977 0.973599 0.108046
75 0.495381 0.420618 0.975159 0.556466
74 0.4868 0.223994 0.964238 0.447989
68 0.15193 0.585632 0.295668 0.189655
18 0.780128 0.874713 0.0499282 0.0298851
101 0.494211 0.332256 0.965018 0.422845
49 0.798656 0.843678 0.390454 0.243678
100 0.494211 0.332256 0.965018 0.422845
77 0.503182 0.945977 0.973599 0.108046
5 0.715767 0.858621 0.205174 0.0712643
110 0.799631 0.864368 0.386943 0.189655
46 0.494211 0.332256 0.965018 0.422845
77 0.496941 0.381034 0.986081 0.629885
6 0.685732 0.858046 0.146664 0.0678161
50 0.173188 0.302011 0.344036 0.554598
50 0.316927 0.522988 0.61123 0.305747
4 0.685732 0.858046 0.146664 0.0678161
50 0.166655 0.567816 0.323558 0.227586
48 0.498501 0.0823276 0.97984 0.164655
68 0.253932 0.554023 0.495381 0.250575
67 0.503182 0.945977 0.973599 0.108046
48 0.679491 0.93477 0.639705 0.13046
52 0.504743 0.724282 0.97828 0.551437
109 0.766865 0.895977 0.461836 0.208046
0 0.752433 0.851149 0.286307 0.0931035
68 0.498501 0.0823276 0.97984 0.164655
111 0.797485 0.797701 0.389674 0.189655
48 0.166655 0.567816 0.323558 0.227586
67 0.797485 0.797701 0.389674 0.189655
110 0.797485 0.797701 0.389674 0.189655
84 0.799631 0.864368 0.386943 0.189655
18 0.900267 0.796552 0.176309 0.0873563
80 0.495381 0.227299 0.984521 0.454598
50 0.502402 0.625862 0.973599 0.637931
49 0.724348 0.483908 0.523466 0.370115
67 0.48758 0.586207 0.957997 0.252874
49 0.797485 0.797701 0.389674 0.189655
110 0.503182 0.807471 0.97828 0.385057
52 0.798656 0.843678 0.390454 0.243678
21 0.681051 0.857471 0.135742 0.0666666
101 0.615423 0.892529 0.747557 0.177011
76 0.799631 0.864368 0.386943 0.189655
111 0.493821 0.82069 0.987641 0.358621
101 0.500452 0.899425 0.963458 0.201149
48 0.572614 0.905747 0.833176 0.188506
48 0.615423 0.892529 0.747557 0.177011
100 0.799631 0.864368 0.386943 0.189655
30 0.715767 0.858621 0.205174 0.0712643
50 0.21434 0.411494 0.421659 0.554023
18 0.706015 0.858621 0.195032 0.0735633
97 0.49148 0.51092 0.970479 0.351724
51 0.494211 0.332256 0.965018 0.422845
102 0.48914 0.883333 0.961117 0.233333
99 0.766865 0.895977 0.461836 0.208046
5 0.682612 0.871264 0.148224 0.0459769
99 0.494211 0.332256 0.965018 0.422845
48 0.253932 0.554023 0.495381 0.250575
68 0.784613 0.848563 0.4279 0.302874
109 0.48914 0.883333 0.961117 0.233333
101 0.772326 0.867816 0.450914 0.264368
1 0.715767 0.858621 0.205174 0.0712643
14 0.715767 0.858621 0.205174 0.0712643
84 0.496941 0.381034 0.986081 0.629885
50 0.393184 0.562644 0.764525 0.225287
26 0.715767 0.858621 0.205174 0.0712643
108 0.495381 0.227299 0.984521 0.454598
75 0.799631 0.864368 0.386943 0.189655
0 0.898707 0.784483 0.187231 0.113793
100 0.797485 0.797701 0.389674 0.189655
84 0.503182 0.807471 0.97828 0.385057
109 0.615423 0.892529 0.747557 0.177011
67 0.766865 0.895977 0.461836 0.208046
49 0.173188 0.302011 0.344036 0.554598
50 0.766865 0.895977 0.461836 0.208046
0 0.890906 0.797701 0.173188 0.0850575
8 0.715767 0.858621 0.205174 0.0712643
46 0.798656 0.843678 0.390454 0.243678
100 0.173188 0.302011 0.344036 0.554598
102 0.615423 0.892529 0.747557 0.177011
48 0.316927 0.522988 0.61123 0.305747
95 0.503182 0.945977 0.973599 0.108046
52 0.784028 0.801149 0.415028 0.195402
53 0.679491 0.93477 0.639705 0.13046
100 0.503182 0.807471 0.97828 0.385057
53 0.615423 0.892529 0.747557 0.177011
33 0.495381 0.227299 0.984521 0.454598
52 0.496941 0.381034 0.986081 0.629885
47 0.48758 0.586207 0.957997 0.252874
50 0.48914 0.883333 0.961117 0.233333
53 0.573004 0.801724 0.827715 0.191954
48 0.393184 0.562644 0.764525 0.225287
49 0.21434 0.411494 0.421659 0.554023
49 0.253932 0.554023 0.495381 0.250575
109 0.503182 0.945977 0.973599 0.108046
8 0.692753 0.867241 0.170068 0.0563218
52 0.772326 0.867816 0.450914 0.264368
8 0.67481 0.871264 0.134962 0.0436782
84 0.48758 0.586207 0.957997 0.252874
50 0.615423 0.892529 0.747557 0.177011
18 0.888565 0.786207 0.177869 0.11954
102 0.494211 0.332256 0.965018 0.422845
50 0.503182 0.945977 0.973599 0.108046
76 0.494211 0.332256 0.965018 0.422845
77 0.766865 0.895977 0.461836 0.208046
49 0.546089 0.399425 0.867502 0.350575
50 0.370171 0.394181 0.730199 0.533477
95 0.503182 0.807471 0.97828 0.385057
67 0.495381 0.227299 0.984521 0.454598
68 0.316927 0.522988 0.61123 0.305747
101 0.751653 0.597701 0.484459 0.577012
8 0.780128 0.874713 0.0499282 0.0298851
97 0.495381 0.420618 0.975159 0.556466
48 0.573004 0.801724 0.827715 0.191954
95 0.799631 0.864368 0.386943 0.189655
99 0.503182 0.945977 0.973599 0.108046
73 0.48758 0.586207 0.957997 0.252874
0 0.85658 0.781609 0.265243 0.117241
50 0.299764 0.217098 0.593287 0.434195
100 0.546089 0.399425 0.867502 0.350575
47 0.798656 0.843678 0.390454 0.243678
111 0.766865 0.895977 0.461836 0.208046
68 0.791244 0.482759 0.402156 0.387356
49 0.503182 0.807471 0.97828 0.385057
16 0.715767 0.858621 0.205174 0.0712643
9 0.681051 0.857471 0.135742 0.0666666
5 0.780128 0.874713 0.0499282 0.0298851
52 0.498892 0.852299 0.989982 0.295402
102 0.572614 0.905747 0.833176 0.188506
68 0.540628 0.964368 0.890906 0.0712644
77 0.615423 0.892529 0.747557 0.177011
101 0.573004 0.801724 0.827715 0.191954
76 0.797485 0.797701 0.389674 0.189655
53 0.572614 0.905747 0.833176 0.188506
46 0.504743 0.724282 0.97828 0.551437
50 0.751653 0.597701 0.484459 0.577012
46 0.797485 0.797701 0.389674 0.189655
16 0.780128 0.874713 0.0499282 0.0298851
48 0.496161 0.463147 0.962677 0.453017
76 0.505523 0.465589 0.97828 0.448132
100 0.505523 0.465589 0.97828 0.448132
47 0.496161 0.463147 0.962677 0.453017
68 0.516444 0.498276 0.948635 0.365517
73 0.496161 0.463147 0.962677 0.453017
50 0.505523 0.465589 0.97828 0.448132
15 0.683782 0.858621 0.134962 0.0689655
97 0.498501 0.453951 0.965798 0.457615
77 0.516444 0.498276 0.948635 0.365517
46 0.496161 0.463147 0.962677 0.453017
26 0.683782 0.858621 0.134962 0.0689655
111 0.515664 0.488218 0.947075 0.384483
84 0.505523 0.465589 0.97828 0.448132
101 0.509033 0.516092 0.960337 0.344828
49 0.496161 0.463147 0.962677 0.453017
109 0.515664 0.488218 0.947075 0.384483
110 0.510593 0.472414 0.961897 0.42069
14 0.683782 0.858621 0.134962 0.0689655
99 0.505523 0.465589 0.97828 0.448132
103 0.505523 0.465589 0.97828 0.448132
53 0.510593 0.472414 0.961897 0.42069
0 0.683782 0.858621 0.134962 0.0689655
102 0.509033 0.516092 0.960337 0.344828
11 0.683782 0.858621 0.134962 0.0689655
68 0.818939 0.455172 0.343646 0.318391
51 0.496161 0.463147 0.962677 0.453017
18 0.689633 0.857471 0.149785 0.0643679
12 0.683002 0.85977 0.126381 0.0643679
15 0.704455 0.862644 0.188791 0.0678161
13 0.683782 0.858621 0.134962 0.0689655
67 0.55155 0.488506 0.881544 0.37931
29 0.683782 0.858621 0.134962 0.0689655
26 0.704455 0.862644 0.188791 0.0678161
19 0.683782 0.858621 0.134962 0.0689655
16 0.683782 0.858621 0.134962 0.0689655
14 0.706015 0.866667 0.187231 0.0528736
12 0.688853 0.87069 0.109218 0.0482759
15 0.91743 0.798276 0.162266 0.0793103
24 0.683782 0.858621 0.134962 0.0689655
75 0.498501 0.453951 0.965798 0.457615
42 0.498501 0.453951 0.965798 0.457615
18 0.91743 0.798276 0.162266 0.0793103
26 0.91743 0.798276 0.162266 0.0793103
95 0.55155 0.488506 0.881544 0.37931
15 0.913529 0.773563 0.163827 0.121839
48 0.583535 0.495402 0.805092 0.381609
21 0.683782 0.858621 0.134962 0.0689655
101 0.818939 0.455172 0.343646 0.318391
68 0.15076 0.473563 0.273435 0.416092
33 0.683782 0.858621 0.134962 0.0689655
0 0.706015 0.866667 0.187231 0.0528736
102 0.786564 0.484195 0.408397 0.36954
50 0.818939 0.455172 0.343646 0.318391
77 0.818939 0.455172 0.343646 0.318391
47 0.583535 0.495402 0.805092 0.381609
54 0.498501 0.453951 0.965798 0.457615
68 0.127161 0.515517 0.228187 0.342529
17 0.683782 0.858621 0.134962 0.0689655
110 0.818939 0.455172 0.343646 0.318391
29 0.704455 0.862644 0.188791 0.0678161
29 0.91743 0.798276 0.162266 0.0793103
3 0.683782 0.858621 0.134962 0.0689655
6 0.683782 0.858621 0.134962 0.0689655
28 0.680271 0.857471 0.129501 0.0712644
68 0.706015 0.490517 0.557011 0.378736
13 0.706015 0.866667 0.187231 0.0528736
101 0.503962 0.443678 0.97672 0.473563
12 0.780128 0.878161 0.0468076 0.0367816
68 0.443112 0.453736 0.85502 0.453448
11 0.91743 0.798276 0.162266 0.0793103
68 0.273045 0.475862 0.515664 0.413793
13 0.91743 0.798276 0.162266 0.0793103
18 0.706015 0.866667 0.187231 0.0528736
18 0.913529 0.773563 0.163827 0.121839
76 0.818939 0.455172 0.343646 0.318391
10 0.683782 0.858621 0.134962 0.0689655
11 0.706015 0.866667 0.187231 0.0528736
73 0.583535 0.495402 0.805092 0.381609
27 0.689633 0.857471 0.149785 0.0643679
0 0.91743 0.798276 0.162266 0.0793103
7 0.689633 0.857471 0.149785 0.0643679
80 0.498501 0.453951 0.965798 0.457615
12 0.697044 0.875862 0.0920551 0.0367815
19 0.704455 0.862644 0.188791 0.0678161
14 0.91743 0.798276 0.162266 0.0793103
102 0.706015 0.490517 0.557011 0.378736
0 0.913529 0.773563 0.163827 0.121839
4 0.91743 0.798276 0.162266 0.0793103
103 0.174163 0.45546 0.315172 0.463793
26 0.913529 0.773563 0.163827 0.121839
14 0.913529 0.773563 0.163827 0.121839
52 0.498501 0.453951 0.965798 0.457615
16 0.704455 0.862644 0.188791 0.0678161
27 0.91743 0.798276 0.162266 0.0793103
100 0.818939 0.455172 0.343646 0.318391
49 0.583535 0.495402 0.805092 0.381609
97 0.178064 0.428448 0.325313 0.524713
17 0.91743 0.798276 0.162266 0.0793103
97 0.583535 0.495402 0.805092 0.381609
101 0.706015 0.490517 0.557011 0.378736
33 0.706015 0.866667 0.187231 0.0528736
102 0.847023 0.462356 0.290597 0.335057
15 0.709136 0.872414 0.18411 0.0425287
28 0.91743 0.798276 0.162266 0.0793103
109 0.818939 0.455172 0.343646 0.318391
100 0.174163 0.45546 0.315172 0.463793
7 0.706015 0.866667 0.187231 0.0528736
48 0.174163 0.45546 0.315172 0.463793
12 0.912749 0.801149 0.149785 0.0689655
26 0.682612 0.868966 0.125601 0.0551724
77 0.706015 0.490517 0.557011 0.378736
67 0.818939 0.455172 0.343646 0.318391
25 0.683782 0.858621 0.134962 0.0689655
97 0.818939 0.455172 0.343646 0.318391
48 0.511374 0.535632 0.954096 0.302299
50 0.596407 0.497126 0.782468 0.387356
110 0.511374 0.535632 0.954096 0.302299
100 0.511374 0.535632 0.954096 0.302299
6 0.91743 0.798276 0.162266 0.0793103
26 0.709136 0.872414 0.18411 0.0425287
103 0.12482 0.450575 0.222336 0.473563
84 0.818939 0.455172 0.343646 0.318391
95 0.818939 0.455172 0.343646 0.318391
50 0.511374 0.535632 0.954096 0.302299
49 0.818939 0.455172 0.343646 0.318391
1 0.683782 0.858621 0.134962 0.0689655
111 0.441942 0.431322 0.851119 0.504023
68 0.603721 0.461494 0.774082 0.336782
110 0.706015 0.490517 0.557011 0.378736
73 0.174163 0.45546 0.315172 0.463793
97 0.123065 0.421839 0.228187 0.531034
6 0.706015 0.866667 0.187231 0.0528736
24 0.706015 0.866667 0.187231 0.0528736
48 0.12482 0.450575 0.222336 0.473563
84 0.174163 0.45546 0.315172 0.463793
46 0.583535 0.495402 0.805092 0.381609
46 0.818939 0.455172 0.343646 0.318391
4 0.683002 0.85977 0.126381 0.0643679
33 0.913529 0.773563 0.163827 0.121839
23 0.683002 0.85977 0.126381 0.0643679
32 0.689633 0.857471 0.149785 0.0643679
11 0.913529 0.773563 0.163827 0.121839
3 0.91743 0.798276 0.162266 0.0793103
47 0.511374 0.535632 0.954096 0.302299
76 0.511374 0.535632 0.954096 0.302299
21 0.91743 0.798276 0.162266 0.0793103
50 0.706015 0.490517 0.557011 0.378736
84 0.596407 0.497126 0.782468 0.387356
68 0.872511 0.45977 0.254978 0.31954
29 0.913529 0.773563 0.163827 0.121839
13 0.913529 0.773563 0.163827 0.121839
76 0.178064 0.428448 0.325313 0.524713
84 0.511374 0.535632 0.954096 0.302299
7 0.913529 0.773563 0.163827 0.121839
8 0.683782 0.858621 0.134962 0.0689655
24 0.91743 0.798276 0.162266 0.0793103
1 0.706015 0.866667 0.187231 0.0528736
27 0.687292 0.86092 0.112338 0.0597701
28 0.704455 0.862644 0.188791 0.0678161
109 0.174163 0.45546 0.315172 0.463793
73 0.511374 0.535632 0.954096 0.302299
15 0.706796 0.847127 0.18099 0.0862068
100 0.228382 0.430532 0.424779 0.518247
100 0.391234 0.436207 0.747362 0.493103
73 0.12482 0.450575 0.222336 0.473563
52 0.583535 0.495402 0.805092 0.381609
103 0.596407 0.497126 0.782468 0.387356
73 0.818939 0.455172 0.343646 0.318391
100 0.12482 0.450575 0.222336 0.473563
103 0.246325 0.455101 0.459105 0.462213
32 0.91587 0.8 0.159146 0.0804598
100 0.596407 0.497126 0.782468 0.387356
77 0.443112 0.453736 0.85502 0.453448
5 0.683782 0.858621 0.134962 0.0689655
111 0.112631 0.468966 0.202248 0.425287
49 0.511374 0.535632 0.954096 0.302299
109 0.12482 0.450575 0.222336 0.473563
50 0.174163 0.45546 0.315172 0.463793
15 0.91509 0.744828 0.163827 0.188506
111 0.174163 0.45546 0.315172 0.463793
46 0.511374 0.535632 0.954096 0.302299
84 0.12482 0.450575 0.222336 0.473563
48 0.246325 0.455101 0.459105 0.462213
19 0.91743 0.798276 0.162266 0.0793103
50 0.12482 0.450575 0.222336 0.473563
15 0.710696 0.883908 0.193472 0.174713
74 0.818939 0.455172 0.343646 0.318391
53 0.818939 0.455172 0.343646 0.318391
77 0.15076 0.473563 0.273435 0.416092
31 0.91743 0.798276 0.162266 0.0793103
77 0.127161 0.515517 0.228187 0.342529
53 0.511374 0.535632 0.954096 0.302299
50 0.500842 0.501149 0.957997 0.374713
49 0.501232 0.504598 0.966578 0.344828
48 0.514104 0.483908 0.940834 0.4
76 0.502402 0.493966 0.957997 0.368391
100 0.501232 0.504598 0.966578 0.344828
51 0.502402 0.493966 0.957997 0.368391
99 0.502402 0.493966 0.957997 0.368391
47 0.500062 0.485632 0.972039 0.394253
73 0.502402 0.493966 0.957997 0.368391
77 0.514104 0.483908 0.940834 0.4
111 0.514104 0.483908 0.940834 0.4
46 0.502402 0.493966 0.957997 0.368391
97 0.501232 0.504598 0.966578 0.344828
101 0.514104 0.483908 0.940834 0.4
110 0.514104 0.483908 0.940834 0.4
102 0.510593 0.488506 0.941614 0.411494
68 0.514104 0.483908 0.940834 0.4
53 0.514104 0.483908 0.940834 0.4
109 0.514104 0.483908 0.940834 0.4
67 0.514104 0.483908 0.940834 0.4
84 0.514104 0.483908 0.940834 0.4
50 0.500842 0.481609 0.982961 0.4
77 0.502012 0.48477 0.982181 0.377586
49 0.502402 0.468103 0.984521 0.417816
73 0.502402 0.468103 0.984521 0.417816
99 0.502402 0.468103 0.984521 0.417816
76 0.502402 0.468103 0.984521 0.417816
101 0.502012 0.48477 0.982181 0.377586
102 0.502012 0.48477 0.982181 0.377586
46 0.502402 0.468103 0.984521 0.417816
110 0.502012 0.48477 0.982181 0.377586
48 0.502402 0.468103 0.984521 0.417816
100 0.502402 0.468103 0.984521 0.417816
51 0.502402 0.468103 0.984521 0.417816
47 0.502402 0.468103 0.984521 0.417816
68 0.502012 0.48477 0.982181 0.377586
111 0.513324 0.481897 0.961117 0.381034
67 0.513324 0.481897 0.961117 0.381034
109 0.502012 0.48477 0.982181 0.377586
50 0.504743 0.826437 0.984521 0.347126
49 0.504743 0.826437 0.984521 0.347126
99 0.504743 0.826437 0.984521 0.347126
48 0.504743 0.826437 0.984521 0.347126
84 0.502012 0.48477 0.982181 0.377586
75 0.500842 0.481609 0.982961 0.4
73 0.504743 0.826437 0.984521 0.347126
77 0.504743 0.826437 0.984521 0.347126
51 0.504743 0.826437 0.984521 0.347126
53 0.498892 0.482759 0.982181 0.390805
76 0.504743 0.826437 0.984521 0.347126
102 0.504743 0.826437 0.984521 0.347126
46 0.504743 0.826437 0.984521 0.347126
102 0.591727 0.704598 0.79495 0.308046
97 0.507473 0.490805 0.971259 0.378161
100 0.504743 0.826437 0.984521 0.347126
102 0.593287 0.755172 0.785588 0.202299
50 0.503182 0.49569 0.959557 0.384483
49 0.503182 0.49569 0.959557 0.384483
99 0.503962 0.488506 0.961117 0.382759
73 0.503962 0.488506 0.961117 0.382759
51 0.498502 0.495115 0.972039 0.367241
46 0.503962 0.488506 0.961117 0.382759
48 0.502402 0.488218 0.967358 0.385632
100 0.503962 0.488506 0.961117 0.382759
47 0.502402 0.488218 0.967358 0.385632
76 0.503962 0.488506 0.961117 0.382759
110 0.502402 0.488218 0.967358 0.385632
101 0.502402 0.488218 0.967358 0.385632
102 0.502402 0.488218 0.967358 0.385632
111 0.502402 0.488218 0.967358 0.385632
77 0.502402 0.488218 0.967358 0.385632
97 0.502402 0.488218 0.967358 0.385632
109 0.502402 0.488218 0.967358 0.385632
84 0.542969 0.488506 0.870622 0.387356
50 0.499282 0.486782 0.973599 0.391954
76 0.500062 0.479885 0.97672 0.409195
73 0.503182 0.486207 0.972039 0.385058
99 0.503182 0.486207 0.972039 0.385058
47 0.503182 0.486207 0.972039 0.385058
46 0.503182 0.486207 0.972039 0.385058
49 0.500062 0.479885 0.97672 0.409195
100 0.503182 0.486207 0.972039 0.385058
51 0.500062 0.479885 0.97672 0.409195
111 0.526586 0.483046 0.914309 0.378736
97 0.526586 0.483046 0.914309 0.378736
48 0.500062 0.488506 0.970479 0.374713
84 0.526586 0.483046 0.914309 0.378736
110 0.505913 0.482184 0.963458 0.389655
34 0.499282 0.486782 0.973599 0.391954
77 0.508643 0.48477 0.957997 0.377586
109 0.526586 0.483046 0.914309 0.378736
8 0.505913 0.482184 0.963458 0.389655
101 0.508643 0.48477 0.957997 0.377586
42 0.501622 0.483333 0.970479 0.393103
1 0.505913 0.482184 0.963458 0.389655
29 0.499282 0.486782 0.973599 0.391954
75 0.503182 0.486207 0.972039 0.385058
9 0.505913 0.482184 0.963458 0.389655
6 0.505913 0.482184 0.963458 0.389655
52 0.526586 0.483046 0.914309 0.378736
7 0.501622 0.483333 0.970479 0.393103
5 0.499282 0.486782 0.973599 0.391954
50 0.503962 0.502299 0.965798 0.347126
51 0.535167 0.493678 0.901827 0.38046
49 0.535167 0.493678 0.901827 0.38046
48 0.535167 0.493678 0.901827 0.38046
47 0.535167 0.493678 0.901827 0.38046
100 0.503962 0.502299 0.965798 0.347126
46 0.535167 0.493678 0.901827 0.38046
76 0.503962 0.502299 0.965798 0.347126
99 0.508643 0.500287 0.954876 0.367241
73 0.535167 0.493678 0.901827 0.38046
110 0.503962 0.502299 0.965798 0.347126
97 0.508643 0.498276 0.959557 0.35977
50 0.49226 0.505747 0.962677 0.363218
49 0.506693 0.487069 0.946295 0.38908
47 0.506693 0.487069 0.946295 0.38908
51 0.506693 0.487069 0.946295 0.38908
76 0.498502 0.500287 0.972039 0.368391
46 0.506693 0.487069 0.946295 0.38908
100 0.498502 0.500287 0.972039 0.368391
97 0.500452 0.475862 0.974379 0.41954
73 0.506693 0.487069 0.946295 0.38908
48 0.506693 0.487069 0.946295 0.38908
33 0.696264 0.852874 0.18177 0.075862
16 0.680271 0.857471 0.1217 0.0655172
10 0.696264 0.852874 0.18177 0.075862
5 0.677151 0.856322 0.129501 0.0689655
99 0.506693 0.487069 0.946295 0.38908
110 0.498502 0.500287 0.972039 0.368391
0 0.696264 0.852874 0.18177 0.075862
33 0.677151 0.856322 0.129501 0.0689655
0 0.677151 0.856322 0.129501 0.0689655
15 0.677151 0.856322 0.129501 0.0689655
8 0.677151 0.856322 0.129501 0.0689655
32 0.678711 0.855172 0.125601 0.0689655
7 0.677151 0.856322 0.129501 0.0689655
17 0.494991 0.49454 0.969698 0.382184
101 0.494991 0.49454 0.969698 0.382184
42 0.500452 0.475862 0.974379 0.41954
53 0.507863 0.493966 0.962677 0.379885
3 0.677151 0.856322 0.129501 0.0689655
1 0.696264 0.852874 0.18177 0.075862
50 0.499672 0.497414 0.969699 0.372989
49 0.499672 0.497414 0.969699 0.372989
51 0.499672 0.497414 0.969699 0.372989
46 0.506303 0.486782 0.943954 0.390805
100 0.499282 0.505172 0.972039 0.355172
76 0.499282 0.505172 0.972039 0.355172
47 0.499282 0.505172 0.972039 0.355172
99 0.499282 0.505172 0.972039 0.355172
73 0.499282 0.505172 0.972039 0.355172
110 0.501622 0.498851 0.968918 0.372414
101 0.501622 0.498851 0.968918 0.372414
48 0.499282 0.505172 0.972039 0.355172
97 0.501622 0.498851 0.968918 0.372414
102 0.501622 0.498851 0.968918 0.372414
50 0.496941 0.502299 0.965798 0.356322
49 0.496161 0.492241 0.962677 0.394828
47 0.496161 0.492241 0.962677 0.394828
48 0.496161 0.492241 0.962677 0.394828
51 0.496161 0.492241 0.962677 0.394828
46 0.496161 0.492241 0.962677 0.394828
102 0.504743 0.497701 0.956436 0.368966
100 0.500842 0.493391 0.970479 0.385632
76 0.500842 0.493391 0.970479 0.385632
101 0.500062 0.496552 0.965798 0.38046
73 0.500842 0.493391 0.970479 0.385632
67 0.501622 0.489368 0.959557 0.382184
110 0.500062 0.496552 0.965798 0.38046
14 0.780128 0.872414 0.0421269 0.029885
99 0.499282 0.492816 0.964238 0.397126
20 0.780128 0.872414 0.0421269 0.029885
49 0.493821 0.490805 0.972039 0.381609
50 0.500062 0.497701 0.959557 0.367816
51 0.493821 0.490805 0.972039 0.381609
46 0.493821 0.490805 0.972039 0.381609
99 0.500452 0.486782 0.958777 0.391954
47 0.493821 0.490805 0.972039 0.381609
100 0.498502 0.495402 0.959557 0.374713
73 0.499282 0.491667 0.954876 0.379885
48 0.493821 0.490805 0.972039 0.381609
76 0.500062 0.497701 0.959557 0.367816
110 0.500062 0.497701 0.959557 0.367816
97 0.500062 0.483908 0.961117 0.397701
33 0.675981 0.856322 0.138083 0.0689655
102 0.500062 0.497701 0.959557 0.367816
101 0.500062 0.497701 0.959557 0.367816
77 0.500062 0.497701 0.959557 0.367816
33 0.777787 0.874138 0.0468076 0.0356322
50 0.509033 0.488793 0.966578 0.39023
49 0.508643 0.490805 0.962677 0.377012
46 0.507083 0.487069 0.954876 0.381034
51 0.507863 0.461782 0.975159 0.440805
48 0.507083 0.487069 0.954876 0.381034
47 0.507083 0.487069 0.954876 0.381034
100 0.509033 0.488793 0.966578 0.39023
76 0.507083 0.487069 0.954876 0.381034
99 0.509033 0.488793 0.966578 0.39023
73 0.509033 0.488793 0.966578 0.39023
110 0.509033 0.488793 0.966578 0.39023
8 0.507863 0.461782 0.975159 0.440805
49 0.501622 0.499138 0.956436 0.363793
50 0.496941 0.501149 0.964238 0.358621
51 0.505523 0.492529 0.982961 0.382759
48 0.484459 0.490517 0.968918 0.377586
46 0.484459 0.490517 0.968918 0.377586
47 0.484459 0.490517 0.968918 0.377586
100 0.501622 0.49569 0.954876 0.371839
101 0.501622 0.499138 0.956436 0.363793
102 0.501622 0.499138 0.956436 0.363793
76 0.501622 0.499425 0.959557 0.358621
46 0.496941 0.483908 0.968918 0.391954
49 0.500062 0.491954 0.961117 0.37931
50 0.500062 0.491954 0.961117 0.37931
47 0.496161 0.470977 0.965798 0.421264
48 0.49226 0.490805 0.9814 0.388506
4 0.931472 0.824138 0.134182 0.0367816
51 0.494991 0.484483 0.966578 0.396552
76 0.500062 0.491954 0.961117 0.37931
100 0.496941 0.483908 0.968918 0.391954
99 0.508643 0.483046 0.961117 0.387931
73 0.496941 0.483908 0.968918 0.391954
4 0.92829 0.83046 0.14342 0.037931
100 0.49226 0.472701 0.956436 0.415517
47 0.502792 0.471264 0.974379 0.41954
50 0.478608 0.48477 0.957217 0.386782
46 0.499672 0.470115 0.972819 0.418391
73 0.49226 0.472701 0.956436 0.415517
99 0.49226 0.472701 0.956436 0.415517
76 0.49226 0.472701 0.956436 0.415517
51 0.502792 0.471264 0.974379 0.41954
49 0.478608 0.48477 0.957217 0.386782
48 0.478608 0.48477 0.957217 0.386782
0 0.683782 0.855172 0.138863 0.0666667
8 0.683782 0.855172 0.138863 0.0666667
10 0.679491 0.854023 0.129501 0.070115
1 0.683782 0.855172 0.138863 0.0666667
33 0.683782 0.855172 0.138863 0.0666667
32 0.683782 0.855172 0.138863 0.0666667
110 0.493431 0.484483 0.947855 0.390805
7 0.683782 0.855172 0.138863 0.0666667
16 0.683782 0.855172 0.138863 0.0666667
19 0.683782 0.855172 0.138863 0.0666667
6 0.683782 0.855172 0.138863 0.0666667
14 0.683782 0.855172 0.138863 0.0666667
8 0.502792 0.471264 0.974379 0.41954
50 0.507083 0.487644 0.964238 0.384483
49 0.494991 0.488506 0.983741 0.377012
48 0.507863 0.487931 0.964238 0.381609
51 0.506303 0.481897 0.965798 0.397126
47 0.504743 0.48592 0.975159 0.381034
46 0.504743 0.48592 0.975159 0.381034
100 0.506303 0.481897 0.965798 0.397126
102 0.507863 0.492241 0.959557 0.374138
99 0.506303 0.481897 0.965798 0.397126
101 0.507863 0.492241 0.959557 0.374138
73 0.506303 0.481897 0.965798 0.397126
110 0.507083 0.487644 0.964238 0.384483
76 0.504743 0.474138 0.967358 0.411494
49 0.502012 0.493678 0.961897 0.375862
50 0.48992 0.491667 0.97984 0.377586
47 0.500842 0.478736 0.954876 0.403448
51 0.500842 0.478736 0.954876 0.403448
46 0.500842 0.478736 0.954876 0.403448
73 0.500842 0.478736 0.954876 0.403448
100 0.500842 0.478736 0.954876 0.403448
99 0.500842 0.478736 0.954876 0.403448
33 0.678711 0.854023 0.131061 0.0724138
73 0.506303 0.819828 0.972039 0.360345
48 0.500842 0.478736 0.954876 0.403448
109 0.500842 0.0695402 0.9814 0.13908
73 0.505523 0.887356 0.97672 0.225287
8 0.677151 0.854023 0.129501 0.0712644
99 0.504352 0.868391 0.972819 0.263218
48 0.506303 0.819828 0.972039 0.360345
0 0.677151 0.854023 0.129501 0.0712644
1 0.677151 0.854023 0.129501 0.0712644
10 0.690803 0.854023 0.154465 0.0735632
7 0.677151 0.854023 0.129501 0.0712644
76 0.504352 0.868391 0.972819 0.263218
49 0.501622 0.493678 0.953316 0.371264
50 0.503962 0.490805 0.961117 0.381609
48 0.500062 0.491667 0.945515 0.377586
46 0.504743 0.491954 0.964238 0.37931
47 0.500062 0.491667 0.945515 0.377586
100 0.504743 0.491954 0.964238 0.37931
51 0.500062 0.491667 0.945515 0.377586
101 0.500452 0.493678 0.949415 0.366667
102 0.500452 0.493678 0.949415 0.366667
49 0.503572 0.497701 0.968138 0.364368
50 0.502402 0.498851 0.965798 0.367816
46 0.504743 0.497989 0.965798 0.367241
101 0.502012 0.507184 0.971259 0.346552
102 0.502402 0.498851 0.965798 0.367816
48 0.503962 0.487356 0.968918 0.386207
100 0.502012 0.507184 0.971259 0.346552
47 0.503962 0.487356 0.968918 0.386207
76 0.502012 0.507184 0.971259 0.346552
73 0.502012 0.507184 0.971259 0.346552
99 0.502012 0.507184 0.971259 0.346552
33 0.67208 0.854023 0.119359 0.0735632
0 0.67403 0.854023 0.1217 0.0735632
77 0.502012 0.507184 0.971259 0.346552
10 0.680271 0.855747 0.129501 0.0724138
110 0.502012 0.507184 0.971259 0.346552
51 0.504743 0.497989 0.965798 0.367241
29 0.502012 0.507184 0.971259 0.346552
8 0.67208 0.854023 0.119359 0.0735632
49 0.501622 0.499425 0.956436 0.364368
48 0.501622 0.499425 0.956436 0.364368
102 0.500452 0.497701 0.955656 0.372414
101 0.498501 0.501724 0.962677 0.363218
50 0.498111 0.504598 0.963457 0.354023
77 0.498111 0.504598 0.963457 0.354023
100 0.502402 0.506322 0.967358 0.350575
47 0.500842 0.494253 0.961117 0.378161
76 0.502402 0.506322 0.967358 0.350575
49 0.500062 0.493678 0.953316 0.367816
47 0.495381 0.48908 0.959557 0.38046
46 0.493821 0.491379 0.956436 0.375862
50 0.501622 0.494828 0.950195 0.367816
48 0.493821 0.491954 0.965798 0.374713
100 0.495381 0.48908 0.959557 0.38046
73 0.495381 0.48908 0.959557 0.38046
99 0.494601 0.493678 0.964238 0.370115
76 0.501622 0.494828 0.950195 0.367816
51 0.493821 0.491954 0.965798 0.374713
110 0.493821 0.491954 0.965798 0.374713
111 0.493821 0.491379 0.956436 0.375862
101 0.493821 0.491954 0.965798 0.374713
84 0.494601 0.493678 0.964238 0.370115
49 0.500842 0.501437 0.951756 0.362644
50 0.500842 0.501437 0.951756 0.362644
46 0.496551 0.505747 0.960337 0.356322
100 0.496551 0.505747 0.960337 0.356322
48 0.500452 0.498563 0.955656 0.366092
99 0.496551 0.505747 0.960337 0.356322
73 0.496551 0.505747 0.960337 0.356322
47 0.496551 0.505747 0.960337 0.356322
76 0.500452 0.498563 0.955656 0.366092
102 0.500452 0.498563 0.955656 0.366092
101 0.500452 0.498563 0.955656 0.366092
51 0.497721 0.493103 0.967358 0.377012
84 0.496941 0.50546 0.962677 0.359195
110 0.496551 0.505747 0.960337 0.356322
49 0.498501 0.5 0.945515 0.367816
50 0.495771 0.495402 0.965018 0.374713
48 0.48875 0.499713 0.960337 0.374138
46 0.494991 0.497414 0.960337 0.371839
102 0.499282 0.502299 0.951756 0.365517
51 0.48875 0.499713 0.960337 0.374138
47 0.494991 0.497414 0.960337 0.371839
101 0.48875 0.499713 0.960337 0.374138
100 0.495771 0.495402 0.965018 0.374713
99 0.49031 0.502012 0.957216 0.363793
76 0.48875 0.499713 0.960337 0.374138
49 0.497721 0.495977 0.948635 0.372414
50 0.501622 0.495402 0.948635 0.377012
10 0.694314 0.857471 0.162267 0.0712644
46 0.494601 0.494828 0.961117 0.374713
0 0.694314 0.857471 0.162267 0.0712644
33 0.681831 0.853448 0.12326 0.070115
48 0.501622 0.495402 0.948635 0.377012
100 0.492651 0.490517 0.965018 0.391379
8 0.694314 0.857471 0.162267 0.0712644
101 0.501622 0.495402 0.948635 0.377012
10 0.903388 0.793103 0.18411 0.103448
1 0.694314 0.857471 0.162267 0.0712644
33 0.694314 0.857471 0.162267 0.0712644
76 0.501622 0.495402 0.948635 0.377012
102 0.501622 0.495402 0.948635 0.377012
47 0.496941 0.492529 0.959557 0.38046
49 0.498501 0.482471 0.961117 0.400575
50 0.500842 0.48908 0.957997 0.37931
46 0.500842 0.48908 0.957997 0.37931
47 0.497721 0.481897 0.959557 0.397126
48 0.500842 0.48908 0.957997 0.37931
51 0.497721 0.481897 0.959557 0.397126
100 0.500842 0.48908 0.957997 0.37931
48 0.497721 0.817241 0.964238 0.352874
101 0.501622 0.492529 0.959557 0.377011
48 0.482899 0.885632 0.937713 0.228736
102 0.501622 0.492529 0.959557 0.377011
49 0.503962 0.491954 0.956436 0.378161
50 0.503962 0.491954 0.956436 0.378161
48 0.48914 0.491379 0.97672 0.381609
101 0.503962 0.49454 0.957997 0.374138
76 0.503962 0.49454 0.957997 0.374138
100 0.500842 0.495115 0.964238 0.371839
46 0.503962 0.49454 0.957997 0.374138
102 0.48914 0.491379 0.97672 0.381609
47 0.503962 0.489368 0.922111 0.379885
29 0.500062 0.494828 0.961117 0.375862
49 0.500062 0.494253 0.956436 0.374713
50 0.502012 0.493103 0.958777 0.381609
46 0.495381 0.497701 0.959557 0.367816
48 0.502012 0.493103 0.958777 0.381609
100 0.495381 0.497701 0.959557 0.367816
47 0.495381 0.497701 0.959557 0.367816
76 0.502012 0.493103 0.958777 0.381609
102 0.49031 0.49023 0.98062 0.38046
101 0.502012 0.493103 0.958777 0.381609
73 0.495381 0.497701 0.959557 0.367816
99 0.502012 0.493103 0.958777 0.381609
51 0.495381 0.497701 0.959557 0.367816
49 0.496551 0.491092 0.966578 0.383333
50 0.493821 0.494828 0.965798 0.370115
101 0.498502 0.495402 0.959557 0.375862
48 0.493821 0.494828 0.965798 0.370115
100 0.494601 0.49569 0.962677 0.375287
102 0.498502 0.495402 0.959557 0.375862
46 0.503182 0.48592 0.984521 0.393678
51 0.493821 0.494828 0.965798 0.370115
76 0.493821 0.494828 0.965798 0.370115
47 0.506303 0.491379 0.984521 0.383908
110 0.493821 0.494828 0.965798 0.370115
99 0.493821 0.494828 0.965798 0.370115
53 0.493821 0.494828 0.965798 0.370115
84 0.493821 0.494828 0.965798 0.370115
49 0.500062 0.491379 0.953316 0.38046
50 0.49226 0.48908 0.968918 0.385058
48 0.499282 0.489943 0.957997 0.382184
46 0.493821 0.486207 0.962677 0.393103
100 0.493821 0.486207 0.962677 0.393103
47 0.49226 0.48908 0.968918 0.385058
51 0.49226 0.48908 0.968918 0.385058
76 0.49226 0.48908 0.968918 0.385058
101 0.49226 0.48908 0.968918 0.385058
102 0.499282 0.489943 0.957997 0.382184
49 0.501622 0.497126 0.953316 0.371264
50 0.500842 0.496552 0.954876 0.372414
48 0.500842 0.496552 0.954876 0.372414
100 0.500842 0.496552 0.954876 0.372414
46 0.500842 0.496552 0.954876 0.372414
76 0.500842 0.496552 0.954876 0.372414
102 0.500842 0.496552 0.954876 0.372414
101 0.500842 0.496552 0.954876 0.372414
47 0.48719 0.494253 0.974379 0.377011
49 0.500842 0.494828 0.951756 0.373563
50 0.499282 0.493678 0.951756 0.371264
46 0.493821 0.494253 0.959557 0.378161
48 0.499282 0.493678 0.951756 0.371264
47 0.494601 0.497126 0.961117 0.368966
100 0.49226 0.495977 0.962677 0.368966
101 0.499282 0.493678 0.951756 0.371264
48 0.498892 0.892529 0.9775 0.214943
102 0.48914 0.495402 0.97828 0.374713
49 0.501622 0.492241 0.956436 0.378736
50 0.501622 0.491954 0.953316 0.375862
46 0.501622 0.491954 0.953316 0.375862
100 0.501622 0.491954 0.953316 0.375862
47 0.501622 0.491954 0.953316 0.375862
48 0.501622 0.491954 0.953316 0.375862
51 0.501622 0.491954 0.953316 0.375862
73 0.501622 0.491954 0.953316 0.375862
76 0.501622 0.491954 0.953316 0.375862
49 0.502792 0.492241 0.952536 0.377586
50 0.503962 0.491092 0.951756 0.381034
46 0.503962 0.491092 0.951756 0.381034
48 0.503962 0.491092 0.951756 0.381034
100 0.495381 0.499425 0.970479 0.366667
47 0.48914 0.488506 0.975159 0.38046
101 0.495381 0.499425 0.970479 0.366667
49 0.502402 0.488793 0.964238 0.384483
50 0.495771 0.492241 0.974379 0.378736
48 0.495771 0.492241 0.974379 0.378736
46 0.495771 0.492241 0.974379 0.378736
47 0.495771 0.492241 0.974379 0.378736
51 0.495771 0.492241 0.974379 0.378736
101 0.502012 0.488506 0.961897 0.381609
100 0.495771 0.492241 0.974379 0.378736
49 0.503182 0.494253 0.953316 0.377011
50 0.503182 0.49454 0.953316 0.378736
48 0.503182 0.49454 0.953316 0.378736
46 0.498502 0.498563 0.968918 0.37069
47 0.500842 0.497989 0.973599 0.371839
51 0.498502 0.498563 0.968918 0.37069
100 0.498502 0.498563 0.968918 0.37069
101 0.498502 0.498563 0.968918 0.37069
105 0.503182 0.075431 0.965798 0.150862
76 0.503182 0.49454 0.953316 0.378736
49 0.503962 0.494253 0.954876 0.373563
50 0.502792 0.491954 0.955656 0.37931
46 0.495381 0.495115 0.975159 0.374138
48 0.48992 0.488506 0.973599 0.383908
47 0.499282 0.486782 0.953316 0.387356
51 0.495381 0.495115 0.975159 0.374138
49 0.49226 0.491092 0.97828 0.381034
50 0.496161 0.490805 0.973599 0.385058
46 0.496161 0.490805 0.973599 0.385058
100 0.498892 0.487931 0.97906 0.393103
47 0.498892 0.487931 0.97906 0.393103
48 0.503182 0.493103 0.959557 0.375862
73 0.499672 0.491667 0.97594 0.381034
101 0.503182 0.491954 0.956436 0.38046
51 0.496161 0.490805 0.973599 0.385058
99 0.499672 0.491667 0.97594 0.381034
110 0.496161 0.490805 0.973599 0.385058
49 0.505523 0.490805 0.967358 0.38046
46 0.498502 0.489655 0.973599 0.382759
50 0.499282 0.490805 0.97672 0.381609
47 0.498502 0.489655 0.973599 0.382759
48 0.495381 0.488506 0.9814 0.382759
49 0.505133 0.495402 0.961897 0.374713
46 0.496941 0.498851 0.975159 0.370115
50 0.503962 0.495977 0.961117 0.375862
100 0.496941 0.498851 0.975159 0.370115
48 0.496941 0.498851 0.975159 0.370115
47 0.49226 0.49454 0.968918 0.376437
49 0.504743 0.490805 0.965798 0.38046
50 0.498892 0.49454 0.9775 0.374138
47 0.498501 0.488218 0.97828 0.39023
46 0.498501 0.488218 0.97828 0.39023
48 0.498892 0.49454 0.9775 0.374138
49 0.505523 0.490805 0.975159 0.37931
46 0.497721 0.488218 0.984521 0.38908
50 0.497721 0.488218 0.984521 0.38908
47 0.497721 0.488218 0.984521 0.38908
0 0.678711 0.85977 0.134962 0.0643679
48 0.497721 0.488218 0.984521 0.38908
49 0.500452 0.494828 0.958777 0.371264
46 0.493821 0.494828 0.972039 0.373563
50 0.493821 0.494828 0.972039 0.373563
48 0.49031 0.491379 0.98062 0.378161
47 0.493821 0.494828 0.972039 0.373563
100 0.493821 0.494828 0.972039 0.373563
49 0.496161 0.491667 0.957997 0.376437
46 0.492651 0.498276 0.968138 0.35977
50 0.492651 0.498276 0.968138 0.35977
47 0.492651 0.498276 0.968138 0.35977
48 0.492651 0.498276 0.968138 0.35977
49 0.499282 0.489368 0.962677 0.379885
46 0.492651 0.493966 0.974379 0.374138
50 0.500842 0.491379 0.961117 0.373563
47 0.492651 0.493966 0.974379 0.374138
4 0.49148 0.487931 0.973599 0.381609
49 0.504743 0.490805 0.967358 0.374713
46 0.497721 0.49454 0.9814 0.36954
50 0.503962 0.491379 0.967358 0.372414
47 0.497721 0.49454 0.9814 0.36954
100 0.497721 0.49454 0.9814 0.36954
48 0.503962 0.491379 0.967358 0.372414
49 0.501232 0.493678 0.963458 0.371264
50 0.494211 0.496552 0.972819 0.364368
46 0.494601 0.495402 0.973599 0.368966
100 0.494211 0.496552 0.972819 0.364368
48 0.494211 0.496552 0.972819 0.364368
47 0.493821 0.483333 0.972039 0.393103
101 0.494211 0.496552 0.972819 0.364368
49 0.502402 0.49454 0.964238 0.37069
46 0.494601 0.497126 0.97672 0.366667
50 0.502402 0.497414 0.959557 0.368391
47 0.494601 0.497126 0.97672 0.366667
48 0.502402 0.497414 0.959557 0.368391
100 0.503182 0.496264 0.964238 0.36954
101 0.502402 0.497414 0.959557 0.368391
76 0.503182 0.496264 0.964238 0.36954
49 0.502402 0.490517 0.967358 0.381034
50 0.494991 0.487069 0.97594 0.38908
46 0.494601 0.48592 0.97828 0.387931
100 0.494601 0.48592 0.97828 0.387931
48 0.503182 0.492529 0.962677 0.378161
47 0.494991 0.487069 0.97594 0.38908
49 0.500062 0.491379 0.973599 0.378161
50 0.496941 0.487644 0.97828 0.384483
46 0.495381 0.483046 0.970479 0.397126
100 0.495381 0.483046 0.970479 0.397126
48 0.496941 0.487644 0.97828 0.384483
47 0.496941 0.487644 0.97828 0.384483
49 0.502012 0.491092 0.971259 0.377586
50 0.498501 0.487931 0.97828 0.382759
46 0.496941 0.481322 0.975159 0.399425
48 0.498501 0.487931 0.97828 0.382759
100 0.498501 0.487931 0.97828 0.382759
47 0.498501 0.487931 0.97828 0.382759
101 0.503962 0.492816 0.967358 0.372989
51 0.498501 0.487931 0.97828 0.382759
49 0.500062 0.487069 0.984521 0.386782
50 0.499282 0.488218 0.982961 0.385632
46 0.501622 0.476724 0.9814 0.408621
48 0.507473 0.491379 0.969698 0.37931
47 0.501622 0.476724 0.9814 0.408621
100 0.501622 0.476724 0.9814 0.408621
101 0.507473 0.491379 0.969698 0.37931
49 0.506303 0.491379 0.972039 0.378161
50 0.507083 0.493103 0.968918 0.377012
46 0.500842 0.493678 0.982961 0.374713
48 0.507083 0.493103 0.968918 0.377012
100 0.500842 0.493678 0.982961 0.374713
49 0.500062 0.493103 0.97828 0.377012
50 0.501622 0.492529 0.97828 0.378161
46 0.501622 0.492529 0.97828 0.378161
48 0.506303 0.493103 0.965798 0.377012
47 0.501622 0.492529 0.97828 0.378161
49 0.502402 0.492241 0.967358 0.379885
50 0.496161 0.492241 0.973599 0.376437
46 0.496941 0.485058 0.972039 0.394253
48 0.496161 0.492241 0.973599 0.376437
100 0.496161 0.492241 0.973599 0.376437
47 0.496161 0.492241 0.973599 0.376437
49 0.494991 0.492529 0.97906 0.377011
50 0.496941 0.49569 0.975159 0.371839
46 0.496941 0.49569 0.975159 0.371839
100 0.496941 0.49569 0.975159 0.371839
48 0.503182 0.496839 0.965798 0.36954
49 0.502792 0.495977 0.963458 0.370115
50 0.498501 0.496552 0.970479 0.372414
46 0.503962 0.486494 0.973599 0.391379
48 0.503182 0.496552 0.965798 0.368966
47 0.503962 0.486494 0.973599 0.391379
49 0.496161 0.491954 0.97672 0.374713
50 0.499672 0.49454 0.968138 0.376437
46 0.501622 0.486782 0.965798 0.391954
47 0.499672 0.49454 0.968138 0.376437
48 0.504743 0.494828 0.962677 0.371264
49 0.497331 0.491667 0.974379 0.375287
50 0.500452 0.491667 0.968138 0.379885
47 0.500452 0.491667 0.968138 0.379885
49 0.504352 0.493391 0.957217 0.375287
50 0.498892 0.496264 0.968138 0.37069
46 0.498892 0.496264 0.968138 0.37069
47 0.498111 0.494253 0.966578 0.375862
48 0.498892 0.496264 0.968138 0.37069
49 0.499672 0.493678 0.954096 0.374713
50 0.495771 0.496552 0.961897 0.367816
47 0.501622 0.490805 0.962677 0.383908
46 0.495771 0.496552 0.961897 0.367816
48 0.495771 0.496552 0.961897 0.367816
49 0.494601 0.493966 0.954876 0.374138
50 0.49226 0.495977 0.956436 0.368966
46 0.49226 0.495977 0.956436 0.368966
47 0.497721 0.490805 0.957997 0.382759
48 0.49226 0.495977 0.956436 0.368966
49 0.498111 0.493678 0.954096 0.374713
50 0.496941 0.490805 0.956436 0.383908
46 0.496941 0.490805 0.956436 0.383908
47 0.496941 0.490805 0.956436 0.383908
102 0.528926 0.930747 0.939274 0.138506
49 0.501622 0.491954 0.956436 0.378161
50 0.496551 0.491667 0.965018 0.377586
47 0.496551 0.48908 0.957217 0.386207
46 0.496551 0.491667 0.965018 0.377586
49 0.503182 0.490805 0.961117 0.38046
50 0.498892 0.49023 0.969698 0.381609
48 0.498892 0.49023 0.969698 0.381609
46 0.498892 0.49023 0.969698 0.381609
47 0.498892 0.49023 0.969698 0.381609
49 0.503182 0.49023 0.959557 0.381609
50 0.498502 0.49023 0.968918 0.382759
48 0.498502 0.49023 0.968918 0.382759
46 0.498502 0.49023 0.968918 0.382759
47 0.498502 0.49023 0.968918 0.382759
49 0.501622 0.489943 0.959557 0.383333
50 0.496161 0.490805 0.967358 0.382759
46 0.496161 0.490805 0.967358 0.382759
48 0.496161 0.490805 0.967358 0.382759
47 0.496161 0.490805 0.967358 0.382759
49 0.501232 0.49023 0.961897 0.383908
50 0.495381 0.492241 0.968918 0.381034
46 0.495381 0.492241 0.968918 0.381034
48 0.495381 0.492241 0.968918 0.381034
47 0.495381 0.492241 0.968918 0.381034
49 0.500062 0.490517 0.964238 0.383333
50 0.494991 0.493678 0.969698 0.38046
46 0.494991 0.493678 0.969698 0.38046
48 0.494991 0.493678 0.969698 0.38046
47 0.494991 0.493678 0.969698 0.38046
49 0.499672 0.490517 0.963458 0.382184
50 0.494601 0.494828 0.968918 0.378161
46 0.494601 0.494828 0.968918 0.378161
48 0.494601 0.494828 0.968918 0.378161
49 0.496161 0.490805 0.961117 0.382759
50 0.4907 0.493966 0.965798 0.379885
46 0.4907 0.493966 0.965798 0.379885
48 0.4907 0.493966 0.965798 0.379885
49 0.496551 0.49023 0.957217 0.382759
50 0.4907 0.493678 0.965798 0.38046
46 0.4907 0.493678 0.965798 0.38046
48 0.4907 0.493678 0.965798 0.38046
100 0.4907 0.493678 0.965798 0.38046
49 0.499282 0.490805 0.957997 0.382759
50 0.492651 0.494253 0.968138 0.37931
46 0.495771 0.49023 0.965018 0.382759
48 0.492651 0.494253 0.968138 0.37931
47 0.495771 0.49023 0.965018 0.382759
49 0.500062 0.490805 0.957997 0.381609
50 0.493821 0.49454 0.968918 0.378736
46 0.493821 0.49454 0.968918 0.378736
48 0.493821 0.49454 0.968918 0.378736
52 0.907288 0.782184 0.174749 0.124138
49 0.500062 0.490517 0.957997 0.382184
50 0.494601 0.495402 0.967358 0.377012
46 0.494601 0.495402 0.967358 0.377012
52 0.906508 0.781609 0.176309 0.126437
48 0.494601 0.495402 0.967358 0.377012
49 0.500452 0.49023 0.958777 0.382759
50 0.494211 0.495115 0.968138 0.376437
46 0.494211 0.495115 0.968138 0.376437
52 0.906508 0.781609 0.177869 0.126437
48 0.494211 0.495115 0.968138 0.376437
49 0.500842 0.490805 0.961117 0.381609
50 0.494991 0.495977 0.969698 0.374713
46 0.494991 0.495977 0.969698 0.374713
52 0.904948 0.78046 0.18099 0.126437
48 0.494991 0.495977 0.969698 0.374713
49 0.501622 0.490805 0.959557 0.381609
50 0.494991 0.496552 0.969698 0.373563
46 0.494991 0.496552 0.969698 0.373563
48 0.494991 0.496552 0.969698 0.373563
52 0.904948 0.781609 0.18099 0.126437
47 0.494991 0.496552 0.969698 0.373563
49 0.502012 0.490805 0.958777 0.381609
50 0.495381 0.497126 0.968918 0.372414
46 0.495381 0.497126 0.968918 0.372414
47 0.495381 0.497126 0.968918 0.372414
48 0.495381 0.497126 0.968918 0.372414
52 0.905728 0.781609 0.179429 0.126437
49 0.502792 0.491667 0.958777 0.379885
50 0.495771 0.497989 0.969699 0.37069
46 0.495771 0.497989 0.969699 0.37069
48 0.495771 0.497989 0.969699 0.37069
47 0.495771 0.497989 0.969699 0.37069
49 0.503182 0.492241 0.959557 0.378736
50 0.496551 0.498851 0.971259 0.370115
46 0.496551 0.498851 0.971259 0.370115
48 0.496551 0.498851 0.971259 0.370115
47 0.496551 0.498851 0.971259 0.370115
49 0.503182 0.492816 0.959557 0.378736
50 0.496161 0.499425 0.970479 0.368966
46 0.496161 0.499425 0.970479 0.368966
48 0.496161 0.499425 0.970479 0.368966
47 0.496161 0.499425 0.970479 0.368966
49 0.502792 0.493103 0.958777 0.378161
50 0.496161 0.5 0.970479 0.367816
46 0.496161 0.5 0.970479 0.367816
48 0.496161 0.5 0.970479 0.367816
47 0.496161 0.5 0.970479 0.367816
49 0.502792 0.493678 0.958777 0.377012
50 0.496551 0.500575 0.969698 0.367816
48 0.496551 0.500575 0.969698 0.367816
46 0.496551 0.500575 0.969698 0.367816
47 0.496551 0.500575 0.969698 0.367816
49 0.503182 0.493678 0.959557 0.377012
50 0.496551 0.500575 0.969698 0.367816
48 0.496551 0.500575 0.969698 0.367816
46 0.496551 0.500575 0.969698 0.367816
47 0.496551 0.500575 0.969698 0.367816
49 0.503182 0.494253 0.959557 0.375862
50 0.496551 0.500862 0.969698 0.366092
48 0.496551 0.500862 0.969698 0.366092
46 0.496551 0.500862 0.969698 0.366092
47 0.496551 0.500862 0.969698 0.366092
49 0.502792 0.494253 0.958777 0.375862
50 0.496161 0.501149 0.970479 0.365517
48 0.496161 0.501149 0.970479 0.365517
46 0.496161 0.501149 0.970479 0.365517
47 0.496161 0.501149 0.970479 0.365517
49 0.502402 0.494253 0.957997 0.375862
50 0.496161 0.501437 0.970479 0.364943
48 0.496161 0.501437 0.970479 0.364943
46 0.496161 0.501437 0.970479 0.364943
47 0.496161 0.501437 0.970479 0.364943
49 0.503182 0.49454 0.959557 0.376437
48 0.496941 0.501724 0.970479 0.364368
50 0.496941 0.501724 0.970479 0.364368
47 0.496941 0.501724 0.970479 0.364368
46 0.496941 0.501724 0.970479 0.364368
49 0.502792 0.49454 0.960337 0.376437
48 0.497331 0.501724 0.971259 0.364368
50 0.497331 0.501724 0.971259 0.364368
46 0.497331 0.501724 0.971259 0.364368
47 0.497331 0.501724 0.971259 0.364368
49 0.502402 0.494828 0.961117 0.375862
48 0.496941 0.502011 0.972039 0.364943
50 0.496941 0.502011 0.972039 0.364943
46 0.496941 0.502011 0.972039 0.364943
47 0.496941 0.502011 0.972039 0.364943
49 0.502402 0.494828 0.961117 0.375862
48 0.497721 0.501724 0.970479 0.364368
50 0.497721 0.501724 0.970479 0.364368
46 0.497721 0.501724 0.970479 0.364368
47 0.497721 0.501724 0.970479 0.364368
49 0.502402 0.494828 0.961117 0.375862
48 0.497721 0.501437 0.970479 0.364943
50 0.497721 0.501437 0.970479 0.364943
46 0.497721 0.501437 0.970479 0.364943
47 0.497721 0.501437 0.970479 0.364943
49 0.502792 0.49454 0.960337 0.376437
48 0.497721 0.501149 0.970479 0.365517
50 0.497721 0.501149 0.970479 0.365517
46 0.497721 0.501149 0.970479 0.365517
47 0.497721 0.501149 0.970479 0.365517
49 0.503182 0.494828 0.959557 0.375862
48 0.498502 0.501724 0.968918 0.364368
50 0.498502 0.501724 0.968918 0.364368
46 0.498502 0.501724 0.968918 0.364368
101 0.503182 0.495977 0.961117 0.373563
47 0.498502 0.501724 0.968918 0.364368
49 0.503182 0.494828 0.959557 0.375862
48 0.498502 0.501724 0.968918 0.364368
50 0.498502 0.501724 0.968918 0.364368
46 0.498502 0.501724 0.968918 0.364368
101 0.503962 0.495977 0.961117 0.373563
47 0.498502 0.501724 0.968918 0.364368
49 0.503572 0.494828 0.960337 0.375862
48 0.498502 0.501437 0.968918 0.364943
50 0.498502 0.501437 0.968918 0.364943
46 0.498502 0.501437 0.968918 0.364943
101 0.503962 0.495977 0.961117 0.373563
47 0.498502 0.501437 0.968918 0.364943
49 0.503962 0.494828 0.961117 0.375862
48 0.498502 0.501724 0.968918 0.364368
50 0.498502 0.501724 0.968918 0.364368
46 0.498502 0.501724 0.968918 0.364368
101 0.503962 0.495977 0.961117 0.373563
47 0.498502 0.501724 0.968918 0.364368
49 0.504743 0.495977 0.959557 0.372414
48 0.498892 0.501437 0.969698 0.364943
50 0.498892 0.501437 0.969698 0.364943
46 0.498892 0.501437 0.969698 0.364943
101 0.503962 0.495977 0.961117 0.373563
47 0.498892 0.501437 0.969698 0.364943
49 0.504743 0.495977 0.959557 0.372414
48 0.498892 0.501149 0.969698 0.365517
50 0.498892 0.501149 0.969698 0.365517
46 0.498892 0.501149 0.969698 0.365517
101 0.503962 0.495977 0.961117 0.373563
47 0.498892 0.501149 0.969698 0.365517
49 0.505133 0.49569 0.958777 0.371839
48 0.499282 0.501149 0.970479 0.365517
50 0.499282 0.501149 0.970479 0.365517
46 0.499282 0.501149 0.970479 0.365517
101 0.504352 0.495977 0.961897 0.373563
49 0.505523 0.49569 0.957997 0.371839
48 0.499282 0.501149 0.970479 0.365517
50 0.499282 0.501149 0.970479 0.365517
46 0.499282 0.501149 0.970479 0.365517
101 0.504352 0.49569 0.961897 0.374138
49 0.505523 0.49569 0.957997 0.371839
48 0.499282 0.501149 0.970479 0.365517
50 0.499282 0.501149 0.970479 0.365517
46 0.499282 0.501149 0.970479 0.365517
101 0.504352 0.49569 0.961897 0.374138
49 0.505523 0.49569 0.959557 0.371839
50 0.499282 0.49454 0.961117 0.379885
48 0.499282 0.501149 0.970479 0.365517
46 0.499282 0.49454 0.961117 0.379885
101 0.504743 0.49569 0.962677 0.374138
49 0.505523 0.495402 0.959557 0.372414
50 0.499282 0.49454 0.961117 0.379885
48 0.499282 0.49454 0.961117 0.379885
46 0.499282 0.49454 0.961117 0.379885
101 0.504743 0.49569 0.962677 0.374138
49 0.505523 0.495402 0.959557 0.372414
50 0.499282 0.49454 0.961117 0.379885
48 0.499282 0.49454 0.961117 0.379885
46 0.499282 0.49454 0.961117 0.379885
101 0.504743 0.49569 0.962677 0.374138
49 0.505523 0.495402 0.959557 0.372414
50 0.499282 0.49454 0.961117 0.379885
48 0.499282 0.49454 0.961117 0.379885
46 0.499282 0.49454 0.961117 0.379885
101 0.504352 0.49569 0.961897 0.374138
49 0.505523 0.495402 0.959557 0.372414
48 0.499672 0.501149 0.969699 0.365517
50 0.499672 0.501149 0.969699 0.365517
101 0.504352 0.49569 0.961897 0.374138
46 0.499282 0.49454 0.961117 0.379885
49 0.505523 0.49569 0.959557 0.371839
48 0.499672 0.501437 0.969699 0.364943
50 0.499672 0.501437 0.969699 0.364943
101 0.504352 0.495977 0.961897 0.373563
46 0.499672 0.501437 0.969699 0.364943
49 0.505523 0.495977 0.957997 0.371264
48 0.499672 0.501437 0.969699 0.364943
50 0.499672 0.501437 0.969699 0.364943
101 0.504352 0.495977 0.961897 0.373563
46 0.499672 0.501437 0.969699 0.364943
49 0.505523 0.495977 0.957997 0.371264
48 0.499282 0.501724 0.968918 0.364368
50 0.499282 0.501724 0.968918 0.364368
101 0.504352 0.495977 0.961897 0.373563
46 0.499282 0.501724 0.968918 0.364368
49 0.505523 0.495977 0.957997 0.371264
50 0.499282 0.501724 0.968918 0.364368
48 0.499282 0.501724 0.968918 0.364368
101 0.503962 0.496552 0.961117 0.372414
46 0.499282 0.501724 0.968918 0.364368
49 0.505523 0.495977 0.957997 0.371264
50 0.499282 0.502011 0.968918 0.364943
48 0.499282 0.502011 0.968918 0.364943
101 0.504352 0.496552 0.961897 0.372414
46 0.499282 0.502011 0.968918 0.364943
49 0.505523 0.495977 0.957997 0.371264
50 0.500062 0.501724 0.968918 0.364368
48 0.500062 0.501724 0.968918 0.364368
101 0.504352 0.496552 0.961897 0.372414
46 0.500062 0.501724 0.968918 0.364368
49 0.505523 0.495977 0.957997 0.371264
50 0.500062 0.501724 0.968918 0.364368
48 0.500062 0.501724 0.968918 0.364368
101 0.500062 0.501724 0.968918 0.364368
46 0.500062 0.501724 0.968918 0.364368
49 0.505523 0.495977 0.957997 0.371264
50 0.500062 0.501724 0.968918 0.364368
48 0.500062 0.501724 0.968918 0.364368
101 0.504743 0.496552 0.961117 0.372414
46 0.500062 0.501724 0.968918 0.364368
49 0.505523 0.495977 0.957997 0.371264
50 0.500062 0.501724 0.968918 0.364368
48 0.500062 0.501724 0.968918 0.364368
101 0.500062 0.501724 0.968918 0.364368
46 0.500062 0.501724 0.968918 0.364368
49 0.499282 0.500287 0.967358 0.364943
50 0.500452 0.501724 0.968138 0.364368
48 0.500452 0.501724 0.968138 0.364368
101 0.504352 0.496552 0.961897 0.372414
46 0.500452 0.501724 0.968138 0.364368
49 0.505523 0.496264 0.957997 0.37069
50 0.500452 0.501724 0.968138 0.364368
48 0.500452 0.501724 0.968138 0.364368
101 0.500452 0.501724 0.968138 0.364368
49 0.499282 0.5 0.967358 0.364368
50 0.500452 0.501724 0.968138 0.364368
48 0.500452 0.501724 0.968138 0.364368
101 0.500452 0.501724 0.968138 0.364368
49 0.499282 0.5 0.967358 0.365517
50 0.500452 0.501724 0.968138 0.364368
48 0.500452 0.501724 0.968138 0.364368
101 0.500452 0.501724 0.968138 0.364368
49 0.499282 0.5 0.967358 0.364368
50 0.500452 0.501724 0.968138 0.364368
48 0.500452 0.501724 0.968138 0.364368
101 0.500452 0.501724 0.968138 0.364368
49 0.499282 0.499713 0.967358 0.364943
50 0.500062 0.501437 0.967358 0.364943
48 0.500062 0.501437 0.967358 0.364943
101 0.500062 0.501437 0.967358 0.364943
49 0.499282 0.499713 0.967358 0.364943
50 0.500062 0.501437 0.967358 0.364943
48 0.500062 0.501437 0.967358 0.364943
101 0.500062 0.501437 0.967358 0.364943
49 0.499672 0.499713 0.966578 0.364943
50 0.500062 0.501437 0.967358 0.364943
48 0.500062 0.501437 0.967358 0.364943
101 0.500062 0.501437 0.967358 0.364943
49 0.499282 0.5 0.965798 0.364368
50 0.500062 0.501724 0.967358 0.364368
48 0.500062 0.501724 0.967358 0.364368
101 0.500062 0.501724 0.967358 0.364368
49 0.499672 0.5 0.966578 0.364368
50 0.500062 0.501724 0.965798 0.364368
48 0.500062 0.501724 0.965798 0.364368
101 0.500062 0.501724 0.965798 0.364368
49 0.499282 0.5 0.965798 0.364368
50 0.500062 0.501437 0.967358 0.364943
48 0.500062 0.501437 0.967358 0.364943
101 0.500062 0.501437 0.967358 0.364943
49 0.499282 0.5 0.965798 0.364368
50 0.500062 0.501149 0.967358 0.365517
101 0.500062 0.501149 0.967358 0.365517
48 0.500062 0.501149 0.967358 0.365517
49 0.499282 0.5 0.965798 0.364368
50 0.500062 0.501149 0.965798 0.365517
101 0.500062 0.501149 0.965798 0.365517
48 0.500062 0.501149 0.965798 0.365517
49 0.499282 0.5 0.965798 0.364368
50 0.500062 0.501149 0.965798 0.365517
101 0.500062 0.501149 0.965798 0.365517
48 0.500062 0.501149 0.965798 0.365517
49 0.499282 0.5 0.965798 0.364368
50 0.500062 0.501149 0.967358 0.365517
101 0.500062 0.501149 0.967358 0.365517
48 0.500062 0.501149 0.967358 0.365517
49 0.499282 0.5 0.964238 0.364368
50 0.500062 0.501149 0.965798 0.365517
101 0.500062 0.501149 0.965798 0.365517
48 0.500062 0.501149 0.965798 0.365517
49 0.499282 0.5 0.964238 0.364368
50 0.500062 0.501149 0.965798 0.365517
101 0.500062 0.501149 0.965798 0.365517
48 0.500062 0.501149 0.965798 0.365517
49 0.499282 0.5 0.964238 0.364368
50 0.500062 0.501149 0.965798 0.365517
101 0.500062 0.501149 0.965798 0.365517
48 0.500062 0.501149 0.965798 0.365517
49 0.499282 0.499713 0.964238 0.364943
101 0.500062 0.501149 0.965798 0.365517
50 0.500062 0.501149 0.965798 0.365517
48 0.500062 0.501149 0.965798 0.365517
49 0.499282 0.499425 0.964238 0.364368
101 0.500062 0.500862 0.965798 0.366092
50 0.500062 0.500862 0.965798 0.366092
48 0.500062 0.500862 0.965798 0.366092
49 0.499282 0.499138 0.964238 0.364943
101 0.500062 0.500862 0.965798 0.366092
50 0.500062 0.500862 0.965798 0.366092
48 0.500062 0.500862 0.965798 0.366092
49 0.499282 0.499425 0.964238 0.365517
101 0.500062 0.500575 0.965798 0.366667
50 0.500062 0.500575 0.965798 0.366667
48 0.500062 0.500575 0.965798 0.366667
49 0.498892 0.499425 0.965018 0.365517
101 0.500062 0.500575 0.965798 0.366667
50 0.500062 0.500575 0.965798 0.366667
48 0.500062 0.500575 0.965798 0.366667
49 0.499282 0.499425 0.964238 0.365517
101 0.500062 0.500575 0.965798 0.366667
50 0.500062 0.500575 0.965798 0.366667
48 0.500062 0.500575 0.965798 0.366667
49 0.498892 0.499425 0.965018 0.365517
101 0.500062 0.500575 0.965798 0.366667
50 0.500062 0.500575 0.965798 0.366667
48 0.500062 0.500575 0.965798 0.366667
46 0.500062 0.500575 0.965798 0.366667
49 0.499282 0.499425 0.964238 0.365517
101 0.500062 0.500575 0.965798 0.366667
48 0.500062 0.500575 0.965798 0.366667
50 0.500062 0.500575 0.965798 0.366667
46 0.500062 0.500575 0.965798 0.366667
49 0.499282 0.499713 0.964238 0.366092
101 0.500062 0.500575 0.965798 0.366667
50 0.500062 0.500575 0.965798 0.366667
48 0.500062 0.500575 0.965798 0.366667
46 0.500062 0.500575 0.965798 0.366667
