50 0.502251 0.480415 0.979507 0.328341
48 0.502251 0.480415 0.979507 0.328341
68 0.502251 0.480415 0.979507 0.328341
101 0.491316 0.493376 0.957636 0.294355
53 0.503032 0.485887 0.973258 0.323157
47 0.538963 0.500576 0.887336 0.298387
49 0.491316 0.493376 0.957636 0.294355
95 0.491316 0.493376 0.957636 0.294355
111 0.491316 0.493376 0.957636 0.294355
103 0.502251 0.480415 0.979507 0.328341
53 0.493659 0.52765 0.956074 0.230415
54 0.503032 0.482143 0.97482 0.328341
104 0.502251 0.480415 0.979507 0.328341
67 0.491316 0.493376 0.957636 0.294355
54 0.493659 0.52765 0.956074 0.230415
46 0.491316 0.493376 0.957636 0.294355
48 0.493659 0.52765 0.956074 0.230415
17 0.502251 0.480415 0.979507 0.328341
76 0.491316 0.493376 0.957636 0.294355
102 0.503032 0.489055 0.971696 0.31682
100 0.491316 0.493376 0.957636 0.294355
73 0.502251 0.480415 0.979507 0.328341
66 0.503032 0.489055 0.971696 0.31682
109 0.503032 0.482143 0.97482 0.328341
77 0.503032 0.489055 0.971696 0.31682
74 0.502251 0.480415 0.979507 0.328341
84 0.503032 0.489055 0.971696 0.31682
74 0.493659 0.52765 0.956074 0.230415
75 0.503032 0.489055 0.971696 0.31682
79 0.502251 0.480415 0.979507 0.328341
81 0.503032 0.485887 0.973258 0.323157
110 0.491316 0.493376 0.957636 0.294355
109 0.493659 0.52765 0.956074 0.230415
50 0.493659 0.52765 0.956074 0.230415
99 0.503032 0.482143 0.97482 0.328341
104 0.493659 0.52765 0.956074 0.230415
38 0.491316 0.493376 0.957636 0.294355
79 0.493659 0.52765 0.956074 0.230415
56 0.491316 0.493376 0.957636 0.294355
42 0.493659 0.52765 0.956074 0.230415
108 0.503032 0.489055 0.971696 0.31682
68 0.493659 0.52765 0.956074 0.230415
97 0.491316 0.493376 0.957636 0.294355
49 0.497565 0.539747 0.951387 0.199309
7 0.491316 0.493376 0.957636 0.294355
50 0.603795 0.50288 0.760797 0.307604
101 0.497565 0.539747 0.951387 0.199309
31 0.502251 0.480415 0.979507 0.328341
81 0.493659 0.52765 0.956074 0.230415
51 0.503032 0.489055 0.971696 0.31682
42 0.502251 0.480415 0.979507 0.328341
99 0.493659 0.52765 0.956074 0.230415
16 0.538963 0.500576 0.887336 0.298387
14 0.502251 0.480415 0.979507 0.328341
94 0.491316 0.493376 0.957636 0.294355
15 0.509281 0.497696 0.959198 0.300691
26 0.5085 0.499136 0.963885 0.297811
80 0.503032 0.482143 0.97482 0.328341
110 0.497565 0.539747 0.951387 0.199309
5 0.502251 0.480415 0.979507 0.328341
84 0.497565 0.539747 0.951387 0.199309
48 0.603795 0.50288 0.760797 0.307604
105 0.502251 0.480415 0.979507 0.328341
33 0.5085 0.499136 0.963885 0.297811
47 0.497565 0.539747 0.951387 0.199309
46 0.497565 0.539747 0.951387 0.199309
97 0.497565 0.539747 0.951387 0.199309
14 0.493659 0.52765 0.956074 0.230415
67 0.497565 0.539747 0.951387 0.199309
78 0.538963 0.500576 0.887336 0.298387
0 0.533495 0.500576 0.902959 0.297235
80 0.493659 0.52765 0.956074 0.230415
52 0.509281 0.497696 0.959198 0.300691
28 0.502251 0.480415 0.979507 0.328341
65 0.498346 0.495104 0.976382 0.305876
41 0.533495 0.500576 0.902959 0.297235
95 0.497565 0.539747 0.951387 0.199309
64 0.502251 0.480415 0.979507 0.328341
34 0.500689 0.482431 0.982631 0.325461
38 0.497565 0.539747 0.951387 0.199309
11 0.493659 0.52765 0.956074 0.230415
76 0.497565 0.539747 0.951387 0.199309
111 0.497565 0.539747 0.951387 0.199309
68 0.680734 0.497984 0.606919 0.310484
88 0.498346 0.495104 0.976382 0.305876
77 0.468273 0.527074 0.920924 0.221198
4 0.494831 0.491359 0.96779 0.313364
79 0.603795 0.50288 0.760797 0.307604
12 0.512406 0.495968 0.957636 0.3053
75 0.497565 0.539747 0.951387 0.199309
36 0.502251 0.493088 0.981069 0.309908
104 0.603795 0.50288 0.760797 0.307604
53 0.63543 0.503744 0.69909 0.310484
100 0.497565 0.539747 0.951387 0.199309
109 0.603795 0.50288 0.760797 0.307604
17 0.493659 0.52765 0.956074 0.230415
11 0.502251 0.480415 0.979507 0.328341
108 0.497565 0.539747 0.951387 0.199309
62 0.538963 0.500576 0.887336 0.298387
55 0.491316 0.493376 0.957636 0.294355
72 0.538963 0.500576 0.887336 0.298387
31 0.497565 0.539747 0.951387 0.199309
92 0.493659 0.52765 0.956074 0.230415
92 0.503032 0.482143 0.97482 0.328341
17 0.603795 0.50288 0.760797 0.307604
103 0.468273 0.527074 0.920924 0.221198
13 0.491706 0.518145 0.949044 0.241359
49 0.680734 0.497984 0.606919 0.310484
74 0.603795 0.50288 0.760797 0.307604
7 0.497565 0.539747 0.951387 0.199309
69 0.538963 0.500576 0.887336 0.298387
103 0.603795 0.50288 0.760797 0.307604
50 0.502251 0.480703 0.98888 0.342742
48 0.502251 0.480703 0.98888 0.342742
101 0.502251 0.480703 0.98888 0.342742
46 0.502251 0.480703 0.98888 0.342742
49 0.502251 0.480703 0.98888 0.342742
68 0.502251 0.480703 0.98888 0.342742
111 0.502251 0.480703 0.98888 0.342742
99 0.505376 0.497408 0.976382 0.300115
110 0.504594 0.498848 0.984194 0.297235
67 0.502251 0.480703 0.98888 0.342742
100 0.504594 0.498848 0.984194 0.297235
102 0.502251 0.480703 0.98888 0.342742
50 0.499127 0.884793 0.992005 0.230415
111 0.498346 0.876728 0.984194 0.246544
73 0.502251 0.480703 0.98888 0.342742
77 0.504594 0.498848 0.984194 0.297235
75 0.502251 0.480703 0.98888 0.342742
95 0.502251 0.480703 0.98888 0.342742
47 0.504594 0.498848 0.984194 0.297235
51 0.506938 0.495968 0.977945 0.3053
48 0.499127 0.884793 0.992005 0.230415
50 0.512888 0.934332 0.974223 0.131336
46 0.499127 0.884793 0.992005 0.230415
101 0.499127 0.884793 0.992005 0.230415
76 0.502251 0.480703 0.98888 0.342742
109 0.502251 0.480703 0.98888 0.342742
53 0.502251 0.480703 0.98888 0.342742
110 0.499127 0.884793 0.992005 0.230415
84 0.506938 0.495968 0.977945 0.3053
68 0.498346 0.876728 0.984194 0.246544
48 0.610923 0.494528 0.762164 0.310484
73 0.499127 0.884793 0.992005 0.230415
103 0.502251 0.480703 0.98888 0.342742
49 0.499127 0.884793 0.992005 0.230415
52 0.502251 0.480703 0.98888 0.342742
109 0.499127 0.884793 0.992005 0.230415
76 0.498346 0.876728 0.984194 0.246544
99 0.498346 0.876728 0.984194 0.246544
102 0.499127 0.884793 0.992005 0.230415
56 0.504594 0.498848 0.984194 0.297235
95 0.498346 0.876728 0.984194 0.246544
68 0.504594 0.925115 0.984194 0.14977
75 0.499127 0.884793 0.992005 0.230415
77 0.499127 0.884793 0.992005 0.230415
46 0.512888 0.934332 0.974223 0.131336
50 0.610923 0.494528 0.762164 0.310484
48 0.428046 0.517281 0.837346 0.299539
100 0.498346 0.876728 0.984194 0.246544
49 0.512888 0.934332 0.974223 0.131336
111 0.512888 0.934332 0.974223 0.131336
111 0.428046 0.517281 0.837346 0.299539
67 0.499127 0.884793 0.992005 0.230415
99 0.504594 0.925115 0.984194 0.14977
48 0.512888 0.934332 0.974223 0.131336
101 0.610923 0.494528 0.762164 0.310484
97 0.502251 0.480703 0.98888 0.342742
54 0.502251 0.480703 0.98888 0.342742
104 0.502251 0.480703 0.98888 0.342742
54 0.499127 0.884793 0.992005 0.230415
101 0.512888 0.934332 0.974223 0.131336
88 0.504594 0.498848 0.984194 0.297235
51 0.499127 0.884793 0.992005 0.230415
110 0.512888 0.934332 0.974223 0.131336
68 0.428046 0.517281 0.837346 0.299539
104 0.499127 0.884793 0.992005 0.230415
53 0.499127 0.884793 0.992005 0.230415
105 0.502251 0.480703 0.98888 0.342742
68 0.569128 0.945853 0.861744 0.108295
84 0.499127 0.884793 0.992005 0.230415
100 0.512888 0.934332 0.974223 0.131336
67 0.428046 0.517281 0.837346 0.299539
103 0.499127 0.884793 0.992005 0.230415
36 0.503032 0.490783 0.990442 0.320276
7 0.504594 0.498848 0.984194 0.297235
52 0.499127 0.884793 0.992005 0.230415
56 0.499127 0.884793 0.992005 0.230415
76 0.512888 0.934332 0.974223 0.131336
50 0.504204 0.370392 0.984975 0.567972
95 0.512888 0.934332 0.974223 0.131336
73 0.512888 0.934332 0.974223 0.131336
66 0.502251 0.480703 0.98888 0.342742
102 0.428046 0.517281 0.837346 0.299539
46 0.610923 0.494528 0.762164 0.310484
48 0.298773 0.513537 0.579581 0.271313
38 0.504594 0.498848 0.984194 0.297235
74 0.505376 0.497408 0.976382 0.300115
101 0.428046 0.517281 0.837346 0.299539
74 0.495221 0.897465 0.977945 0.205069
68 0.499517 0.381336 0.99591 0.631336
48 0.499517 0.381336 0.99591 0.631336
68 0.499908 0.540467 0.993567 0.548099
101 0.499517 0.381336 0.99591 0.631336
102 0.499517 0.381336 0.99591 0.631336
50 0.499517 0.381336 0.99591 0.631336
53 0.503813 0.341302 0.982631 0.635369
102 0.499908 0.540467 0.993567 0.548099
48 0.486238 0.506912 0.964666 0.458525
48 0.502251 0.27765 0.982631 0.5553
101 0.499908 0.540467 0.993567 0.548099
50 0.486238 0.506912 0.964666 0.458525
68 0.505766 0.476959 0.984975 0.370968
49 0.499517 0.381336 0.99591 0.631336
68 0.500298 0.264833 0.992786 0.529666
77 0.499517 0.381336 0.99591 0.631336
100 0.499517 0.381336 0.99591 0.631336
50 0.496783 0.174827 0.987318 0.349654
110 0.499517 0.381336 0.99591 0.631336
48 0.505376 0.43606 0.985756 0.87212
67 0.499517 0.381336 0.99591 0.631336
68 0.496783 0.174827 0.987318 0.349654
53 0.505376 0.47523 0.977945 0.406682
100 0.486238 0.506912 0.964666 0.458525
101 0.505766 0.476959 0.984975 0.370968
109 0.499517 0.381336 0.99591 0.631336
102 0.505766 0.476959 0.984975 0.370968
77 0.499908 0.540467 0.993567 0.548099
46 0.503813 0.341302 0.982631 0.635369
49 0.486238 0.506912 0.964666 0.458525
95 0.503032 0.409562 0.98888 0.489631
52 0.502642 0.339286 0.984975 0.678571
111 0.499517 0.381336 0.99591 0.631336
95 0.507328 0.4928 0.978726 0.318548
51 0.499517 0.381336 0.99591 0.631336
101 0.500298 0.264833 0.992786 0.529666
68 0.487801 0.641705 0.963104 0.678571
76 0.499517 0.381336 0.99591 0.631336
110 0.507328 0.4928 0.978726 0.318548
48 0.507328 0.4928 0.978726 0.318548
101 0.496783 0.174827 0.987318 0.349654
84 0.503813 0.341302 0.982631 0.635369
67 0.499908 0.540467 0.993567 0.548099
99 0.499517 0.381336 0.99591 0.631336
110 0.499908 0.540467 0.993567 0.548099
49 0.498736 0.243808 0.989661 0.487615
100 0.500298 0.264833 0.992786 0.529666
50 0.500298 0.264833 0.992786 0.529666
95 0.500298 0.264833 0.992786 0.529666
48 0.496783 0.174827 0.987318 0.349654
102 0.496783 0.174827 0.987318 0.349654
50 0.501079 0.114199 0.978726 0.228399
47 0.503813 0.341302 0.982631 0.635369
49 0.485848 0.171947 0.965447 0.343894
50 0.507328 0.4928 0.978726 0.318548
53 0.485848 0.579493 0.962323 0.543779
53 0.505376 0.43606 0.985756 0.87212
68 0.505376 0.43606 0.985756 0.87212
49 0.507328 0.4928 0.978726 0.318548
110 0.500298 0.264833 0.992786 0.529666
56 0.501861 0.380472 0.984975 0.760945
100 0.496783 0.174827 0.987318 0.349654
77 0.500298 0.264833 0.992786 0.529666
46 0.486238 0.506912 0.964666 0.458525
68 0.50147 0.729839 0.992005 0.540323
53 0.498736 0.243808 0.989661 0.487615
51 0.500298 0.264833 0.992786 0.529666
77 0.507328 0.4928 0.978726 0.318548
95 0.505376 0.43606 0.985756 0.87212
50 0.487801 0.641705 0.963104 0.678571
50 0.39563 0.448445 0.767827 0.363479
101 0.487801 0.641705 0.963104 0.678571
48 0.504985 0.681164 0.98185 0.637673
75 0.503813 0.341302 0.982631 0.635369
109 0.502251 0.27765 0.982631 0.5553
109 0.486238 0.506912 0.964666 0.458525
95 0.499908 0.540467 0.993567 0.548099
76 0.500298 0.264833 0.992786 0.529666
111 0.500298 0.264833 0.992786 0.529666
68 0.501079 0.114199 0.978726 0.228399
51 0.486238 0.506912 0.964666 0.458525
52 0.503032 0.409562 0.98888 0.489631
67 0.507328 0.4928 0.978726 0.318548
48 0.501079 0.114199 0.978726 0.228399
102 0.500298 0.264833 0.992786 0.529666
73 0.503813 0.341302 0.982631 0.635369
67 0.502251 0.27765 0.982631 0.5553
102 0.487801 0.641705 0.963104 0.678571
50 0.258156 0.466014 0.500689 0.342166
99 0.486238 0.506912 0.964666 0.458525
84 0.505376 0.43606 0.985756 0.87212
111 0.486238 0.506912 0.964666 0.458525
50 0.499908 0.749712 0.993567 0.500576
84 0.507328 0.4928 0.978726 0.318548
49 0.501079 0.114199 0.978726 0.228399
101 0.505376 0.43606 0.985756 0.87212
49 0.39563 0.448445 0.767827 0.363479
53 0.504985 0.681164 0.98185 0.637673
76 0.486238 0.506912 0.964666 0.458525
50 0.512796 0.0653802 0.963104 0.13076
110 0.505376 0.43606 0.985756 0.87212
51 0.505376 0.43606 0.985756 0.87212
84 0.499908 0.540467 0.993567 0.548099
111 0.505376 0.43606 0.985756 0.87212
101 0.501079 0.114199 0.978726 0.228399
46 0.485848 0.171947 0.965447 0.343894
49 0.258156 0.466014 0.500689 0.342166
52 0.507328 0.4928 0.978726 0.318548
100 0.501079 0.114199 0.978726 0.228399
100 0.507328 0.4928 0.978726 0.318548
109 0.507328 0.4928 0.978726 0.318548
49 0.505376 0.43606 0.985756 0.87212
53 0.55068 0.498848 0.879525 0.313364
99 0.502251 0.27765 0.982631 0.5553
48 0.168914 0.472062 0.32455 0.324309
77 0.496783 0.174827 0.987318 0.349654
46 0.505376 0.43606 0.985756 0.87212
76 0.507328 0.4928 0.978726 0.318548
99 0.507328 0.4928 0.978726 0.318548
50 0.312052 0.504608 0.60067 0.264977
51 0.496783 0.174827 0.987318 0.349654
110 0.496783 0.174827 0.987318 0.349654
52 0.486238 0.506912 0.964666 0.458525
53 0.485848 0.171947 0.965447 0.343894
100 0.505376 0.43606 0.985756 0.87212
50 0.168914 0.472062 0.32455 0.324309
101 0.505766 0.731567 0.98185 0.536866
78 0.502251 0.27765 0.982631 0.5553
111 0.507328 0.4928 0.978726 0.318548
76 0.496783 0.174827 0.987318 0.349654
46 0.498736 0.243808 0.989661 0.487615
47 0.505376 0.47523 0.977945 0.406682
100 0.487801 0.641705 0.963104 0.678571
97 0.501861 0.380472 0.984975 0.760945
103 0.499517 0.381336 0.99591 0.631336
17 0.500298 0.264833 0.992786 0.529666
48 0.258156 0.466014 0.500689 0.342166
80 0.501861 0.380472 0.984975 0.760945
99 0.168914 0.472062 0.32455 0.324309
102 0.501079 0.114199 0.978726 0.228399
50 0.505376 0.43606 0.985756 0.87212
51 0.507328 0.4928 0.978726 0.318548
49 0.487801 0.641705 0.963104 0.678571
76 0.505376 0.43606 0.985756 0.87212
75 0.505376 0.43606 0.985756 0.87212
99 0.258156 0.466014 0.500689 0.342166
100 0.50147 0.729839 0.992005 0.540323
51 0.501079 0.114199 0.978726 0.228399
77 0.50147 0.695421 0.990442 0.609159
73 0.486238 0.506912 0.964666 0.458525
75 0.498736 0.243808 0.989661 0.487615
100 0.258156 0.466014 0.500689 0.342166
47 0.485848 0.171947 0.965447 0.343894
2 0.500298 0.264833 0.992786 0.529666
56 0.507328 0.4928 0.978726 0.318548
102 0.499908 0.749712 0.993567 0.500576
95 0.504985 0.681164 0.98185 0.637673
67 0.496783 0.174827 0.987318 0.349654
73 0.498736 0.243808 0.989661 0.487615
50 0.16618 0.514977 0.318301 0.225806
110 0.50147 0.695421 0.990442 0.609159
49 0.512796 0.0653802 0.963104 0.13076
48 0.16618 0.514977 0.318301 0.225806
68 0.262842 0.508929 0.5085 0.24712
75 0.505376 0.47523 0.977945 0.406682
48 0.512796 0.0653802 0.963104 0.13076
100 0.39563 0.448445 0.767827 0.363479
68 0.16618 0.514977 0.318301 0.225806
68 0.497565 0.936636 0.987318 0.126728
99 0.39563 0.448445 0.767827 0.363479
56 0.503032 0.409562 0.98888 0.489631
77 0.505376 0.43606 0.985756 0.87212
48 0.39563 0.448445 0.767827 0.363479
46 0.507328 0.4928 0.978726 0.318548
100 0.512796 0.0653802 0.963104 0.13076
76 0.501079 0.114199 0.978726 0.228399
74 0.500298 0.264833 0.992786 0.529666
67 0.487801 0.641705 0.963104 0.678571
99 0.505376 0.43606 0.985756 0.87212
68 0.512796 0.0653802 0.963104 0.13076
67 0.505376 0.43606 0.985756 0.87212
109 0.505376 0.43606 0.985756 0.87212
84 0.498736 0.243808 0.989661 0.487615
46 0.501079 0.114199 0.978726 0.228399
49 0.50147 0.729839 0.992005 0.540323
99 0.50147 0.729839 0.992005 0.540323
49 0.168914 0.472062 0.32455 0.324309
68 0.39563 0.448445 0.767827 0.363479
111 0.50147 0.729839 0.992005 0.540323
50 0.497565 0.936636 0.987318 0.126728
109 0.50147 0.695421 0.990442 0.609159
84 0.504985 0.681164 0.98185 0.637673
73 0.505376 0.43606 0.985756 0.87212
46 0.505766 0.731567 0.98185 0.536866
109 0.496783 0.174827 0.987318 0.349654
53 0.501079 0.114199 0.978726 0.228399
46 0.39563 0.448445 0.767827 0.363479
100 0.168914 0.472062 0.32455 0.324309
47 0.505376 0.43606 0.985756 0.87212
49 0.312052 0.504608 0.60067 0.264977
99 0.16618 0.514977 0.318301 0.225806
47 0.498736 0.243808 0.989661 0.487615
47 0.258156 0.466014 0.500689 0.342166
46 0.258156 0.466014 0.500689 0.342166
108 0.502251 0.27765 0.982631 0.5553
68 0.168914 0.472062 0.32455 0.324309
48 0.312052 0.504608 0.60067 0.264977
101 0.512796 0.0653802 0.963104 0.13076
104 0.501861 0.380472 0.984975 0.760945
48 0.474912 0.804147 0.949825 0.391705
51 0.512796 0.0653802 0.963104 0.13076
99 0.496783 0.174827 0.987318 0.349654
51 0.50147 0.729839 0.992005 0.540323
51 0.438982 0.438076 0.857654 0.40841
103 0.499908 0.540467 0.993567 0.548099
68 0.499908 0.493088 0.987318 0.31682
102 0.499908 0.493088 0.987318 0.31682
101 0.499908 0.493088 0.987318 0.31682
110 0.499908 0.493088 0.987318 0.31682
77 0.499908 0.493088 0.987318 0.31682
95 0.499908 0.493088 0.987318 0.31682
67 0.499908 0.493088 0.987318 0.31682
109 0.499908 0.493088 0.987318 0.31682
53 0.497955 0.473502 0.98185 0.361751
111 0.499908 0.493088 0.987318 0.31682
84 0.499908 0.493088 0.987318 0.31682
68 0.401879 0.519009 0.786574 0.284562
68 0.285494 0.510369 0.556147 0.299539
68 0.194154 0.50576 0.373271 0.313364
102 0.285494 0.510369 0.556147 0.299539
102 0.401879 0.519009 0.786574 0.284562
56 0.499908 0.493088 0.987318 0.31682
102 0.194154 0.50576 0.373271 0.313364
101 0.285494 0.510369 0.556147 0.299539
110 0.307756 0.471198 0.599889 0.385945
101 0.401879 0.519009 0.786574 0.284562
76 0.499908 0.493088 0.987318 0.31682
110 0.401879 0.519009 0.786574 0.284562
103 0.497955 0.473502 0.98185 0.361751
50 0.501861 0.490207 0.972477 0.317972
77 0.285494 0.510369 0.556147 0.299539
49 0.499908 0.493088 0.987318 0.31682
100 0.499908 0.493088 0.987318 0.31682
110 0.214999 0.466878 0.412033 0.395737
77 0.401879 0.519009 0.786574 0.284562
101 0.194154 0.50576 0.373271 0.313364
74 0.501861 0.490207 0.972477 0.317972
68 0.491316 0.554724 0.96076 0.314516
34 0.499908 0.493088 0.987318 0.31682
95 0.285494 0.510369 0.556147 0.299539
97 0.499908 0.482719 0.98888 0.339862
68 0.134741 0.448445 0.262452 0.40841
29 0.499908 0.493088 0.987318 0.31682
102 0.491316 0.554724 0.96076 0.314516
67 0.307756 0.471198 0.599889 0.385945
77 0.194154 0.50576 0.373271 0.313364
109 0.307756 0.471198 0.599889 0.385945
102 0.776419 0.511521 0.4093 0.336406
95 0.401879 0.519009 0.786574 0.284562
102 0.873472 0.469182 0.227692 0.33583
95 0.194154 0.50576 0.373271 0.313364
48 0.497955 0.473502 0.98185 0.361751
109 0.214999 0.466878 0.412033 0.395737
68 0.873472 0.469182 0.227692 0.33583
99 0.497955 0.473502 0.98185 0.361751
47 0.497955 0.473502 0.98185 0.361751
67 0.214999 0.466878 0.412033 0.395737
68 0.776419 0.511521 0.4093 0.336406
67 0.401879 0.519009 0.786574 0.284562
109 0.401879 0.519009 0.786574 0.284562
101 0.873472 0.469182 0.227692 0.33583
53 0.307756 0.471198 0.599889 0.385945
73 0.497955 0.473502 0.98185 0.361751
102 0.116775 0.485023 0.224959 0.357143
68 0.653688 0.512385 0.662573 0.330069
101 0.776419 0.511521 0.4093 0.336406
110 0.277488 0.527938 0.54404 0.259793
102 0.653688 0.512385 0.662573 0.330069
95 0.491316 0.554724 0.96076 0.314516
104 0.501861 0.490207 0.972477 0.317972
68 0.500689 0.50288 0.967009 0.306452
102 0.504595 0.505184 0.977945 0.302995
101 0.504595 0.505184 0.977945 0.302995
77 0.504595 0.505184 0.977945 0.302995
67 0.500689 0.50288 0.967009 0.306452
109 0.500689 0.50288 0.967009 0.306452
110 0.500689 0.50288 0.967009 0.306452
111 0.499127 0.509793 0.985756 0.322581
50 0.50147 0.512961 0.962323 0.300115
49 0.50147 0.512961 0.962323 0.300115
29 0.50147 0.505184 0.949825 0.307604
95 0.500689 0.50288 0.967009 0.306452
76 0.504595 0.505184 0.977945 0.302995
102 0.127027 0.511809 0.235308 0.363479
77 0.127027 0.511809 0.235308 0.363479
101 0.127027 0.511809 0.235308 0.363479
68 0.127027 0.511809 0.235308 0.363479
50 0.127027 0.511809 0.235308 0.363479
102 0.326307 0.506912 0.64246 0.327189
102 0.166766 0.550115 0.318691 0.298387
101 0.326307 0.506912 0.64246 0.327189
48 0.499127 0.509793 0.985756 0.322581
102 0.619515 0.506912 0.738731 0.345622
77 0.326307 0.506912 0.64246 0.327189
68 0.63543 0.513249 0.719399 0.341014
84 0.499127 0.505472 0.987318 0.311636
100 0.504595 0.505184 0.977945 0.302995
68 0.326307 0.506912 0.64246 0.327189
77 0.619515 0.506912 0.738731 0.345622
101 0.619515 0.506912 0.738731 0.345622
101 0.206017 0.529954 0.401879 0.314516
77 0.166766 0.550115 0.318691 0.298387
102 0.506157 0.494816 0.968571 0.315668
101 0.506157 0.494816 0.968571 0.315668
77 0.506157 0.494816 0.968571 0.315668
68 0.506157 0.494816 0.968571 0.315668
110 0.506157 0.494816 0.968571 0.315668
50 0.503032 0.4928 0.982631 0.323157
67 0.506157 0.494816 0.968571 0.315668
109 0.506157 0.494816 0.968571 0.315668
49 0.506157 0.494816 0.968571 0.315668
76 0.503032 0.4928 0.982631 0.323157
111 0.499127 0.495392 0.985756 0.314516
102 0.508891 0.408122 0.972477 0.504032
29 0.506157 0.494816 0.968571 0.315668
101 0.508891 0.408122 0.972477 0.504032
13 0.500689 0.491935 0.982631 0.337558
77 0.508891 0.408122 0.972477 0.504032
102 0.503032 0.491359 0.981069 0.315668
101 0.503032 0.491359 0.981069 0.315668
77 0.503032 0.491359 0.981069 0.315668
110 0.508109 0.495968 0.970915 0.307604
68 0.503032 0.491359 0.981069 0.315668
67 0.503032 0.491359 0.981069 0.315668
109 0.510062 0.496544 0.967009 0.306452
102 0.683468 0.494528 0.612387 0.301267
111 0.510062 0.496544 0.967009 0.306452
49 0.503032 0.491359 0.981069 0.315668
101 0.683468 0.494528 0.612387 0.301267
50 0.503032 0.491359 0.981069 0.315668
101 0.507719 0.505184 0.970134 0.312212
68 0.507719 0.505184 0.970134 0.312212
77 0.507719 0.505184 0.970134 0.312212
102 0.507719 0.505184 0.970134 0.312212
67 0.507719 0.505184 0.970134 0.312212
111 0.510843 0.501152 0.968571 0.306452
110 0.517873 0.502016 0.952949 0.311636
109 0.506938 0.503456 0.976382 0.308756
49 0.507719 0.505184 0.970134 0.312212
48 0.507719 0.505184 0.970134 0.312212
101 0.498346 0.495392 0.984194 0.302995
102 0.498346 0.495392 0.984194 0.302995
68 0.498346 0.495392 0.984194 0.302995
77 0.511624 0.499424 0.957636 0.292627
110 0.511624 0.499424 0.957636 0.292627
67 0.511624 0.499424 0.957636 0.292627
50 0.511624 0.499424 0.957636 0.292627
109 0.520998 0.501728 0.940452 0.293779
48 0.511624 0.499424 0.957636 0.292627
49 0.511624 0.499424 0.957636 0.292627
68 0.249173 0.474078 0.482724 0.317972
76 0.508109 0.500864 0.966228 0.293203
111 0.511624 0.499424 0.957636 0.292627
68 0.506938 0.495104 0.981069 0.30818
101 0.49405 0.487615 0.980288 0.331221
102 0.49405 0.487615 0.980288 0.331221
77 0.500689 0.484735 0.987318 0.336982
68 0.688935 0.495104 0.596765 0.310484
67 0.50147 0.494816 0.987318 0.308756
111 0.500689 0.4928 0.98888 0.316244
109 0.500689 0.4928 0.98888 0.316244
110 0.504595 0.489919 0.982631 0.324309
102 0.688935 0.495104 0.596765 0.310484
101 0.688935 0.495104 0.596765 0.310484
67 0.688935 0.495104 0.596765 0.310484
102 0.506157 0.495104 0.977945 0.31394
101 0.506157 0.495104 0.977945 0.31394
77 0.506157 0.495104 0.977945 0.31394
102 0.789698 0.482143 0.387429 0.263825
102 0.680343 0.491647 0.6077 0.285138
110 0.506157 0.495104 0.977945 0.31394
102 0.352474 0.495392 0.679953 0.278802
68 0.502642 0.495392 0.984975 0.31106
101 0.79126 0.479263 0.384304 0.254608
101 0.712369 0.490207 0.545212 0.275346
13 0.502642 0.495392 0.984975 0.31106
49 0.503032 0.495392 0.977945 0.312212
102 0.234722 0.490783 0.450698 0.276498
101 0.352474 0.495392 0.679953 0.278802
50 0.503032 0.495392 0.977945 0.312212
77 0.79126 0.479263 0.384304 0.254608
102 0.493659 0.49856 0.968571 0.304724
101 0.502251 0.498272 0.957636 0.304147
68 0.499517 0.49712 0.989661 0.306452
77 0.502251 0.498272 0.957636 0.304147
68 0.252493 0.490207 0.487801 0.278802
67 0.494831 0.494816 0.966228 0.309908
110 0.502251 0.498272 0.957636 0.304147
101 0.504595 0.498272 0.965447 0.3053
102 0.499908 0.49712 0.977945 0.307604
68 0.504595 0.498272 0.965447 0.3053
77 0.504595 0.498272 0.965447 0.3053
110 0.503813 0.497696 0.963885 0.31106
101 0.499908 0.5 0.949825 0.304147
102 0.496002 0.49568 0.968571 0.305876
77 0.499908 0.5 0.949825 0.304147
68 0.489753 0.497696 0.979507 0.300691
67 0.499908 0.5 0.949825 0.304147
110 0.501861 0.495392 0.955293 0.304147
49 0.499908 0.5 0.949825 0.304147
13 0.49444 0.5 0.962323 0.307604
48 0.499908 0.5 0.949825 0.304147
101 0.504595 0.503168 0.963885 0.297811
102 0.504595 0.503168 0.963885 0.297811
77 0.504595 0.503456 0.968571 0.293779
68 0.504595 0.503456 0.968571 0.293779
67 0.504595 0.503456 0.968571 0.293779
102 0.5085 0.499136 0.973258 0.301267
68 0.51553 0.49856 0.956074 0.302419
101 0.5085 0.499136 0.973258 0.301267
77 0.5085 0.499136 0.973258 0.301267
110 0.507719 0.502016 0.976382 0.301267
102 0.496783 0.497408 0.977945 0.310484
101 0.502251 0.496256 0.970134 0.311636
68 0.504595 0.497408 0.965447 0.307028
77 0.502251 0.496256 0.970134 0.311636
50 0.497174 0.497696 0.980288 0.313364
110 0.502251 0.497696 0.967009 0.307604
101 0.50147 0.500864 0.959198 0.302419
102 0.503813 0.5 0.957636 0.302995
77 0.50147 0.500864 0.959198 0.302419
68 0.50147 0.500864 0.959198 0.302419
101 0.64949 0.497696 0.674094 0.302995
68 0.497565 0.0202693 0.98888 0.0405386
102 0.503813 0.499712 0.968571 0.298963
101 0.510843 0.496832 0.949825 0.298963
68 0.503032 0.501152 0.982631 0.298387
109 0.501079 0.865783 0.980288 0.268433
109 0.504595 0.0849654 0.979507 0.169931
77 0.510843 0.496832 0.949825 0.298963
102 0.784035 0.491935 0.40969 0.292627
102 0.866247 0.491935 0.248392 0.293779
109 0.495221 0.0524194 0.987318 0.104839
101 0.784035 0.491935 0.40969 0.292627
101 0.508109 0.502592 0.96779 0.294355
102 0.508109 0.502592 0.96779 0.294355
68 0.506938 0.500288 0.967009 0.298963
77 0.5085 0.502304 0.967009 0.296083
102 0.503032 0.500576 0.970134 0.302995
101 0.503032 0.500576 0.970134 0.302995
68 0.492097 0.508353 0.968571 0.28629
77 0.49444 0.497696 0.98888 0.307604
102 0.508891 0.499424 0.972477 0.304147
101 0.510843 0.499136 0.965447 0.304724
68 0.506157 0.5 0.981069 0.306452
77 0.503032 0.499136 0.987318 0.305876
102 0.792823 0.494816 0.387429 0.296083
102 0.502642 0.50144 0.963104 0.297811
101 0.498346 0.498848 0.981069 0.308756
68 0.498346 0.498848 0.981069 0.308756
77 0.500298 0.502016 0.970915 0.295507
110 0.498346 0.498848 0.981069 0.308756
101 0.507719 0.498848 0.956074 0.301843
102 0.507719 0.498848 0.956074 0.301843
68 0.505376 0.5 0.96076 0.299539
77 0.506938 0.5 0.957636 0.299539
102 0.793604 0.489631 0.387429 0.289171
102 0.49444 0.49856 0.979507 0.300115
101 0.495221 0.496544 0.985756 0.304147
68 0.511624 0.496832 0.951387 0.302419
102 0.345639 0.498272 0.675657 0.308756
101 0.345639 0.498272 0.675657 0.308756
102 0.794385 0.498848 0.388991 0.304147
77 0.497565 0.497696 0.973258 0.301843
102 0.517873 0.495104 0.938889 0.305876
101 0.502251 0.496544 0.962323 0.306452
68 0.504595 0.499136 0.96076 0.298963
77 0.502251 0.496544 0.962323 0.306452
102 0.50147 0.496544 0.971696 0.31106
101 0.501861 0.498272 0.970915 0.302995
68 0.502251 0.493664 0.963885 0.319124
102 0.78423 0.493664 0.404613 0.296083
101 0.78423 0.493664 0.404613 0.296083
68 0.78423 0.493664 0.404613 0.296083
101 0.509672 0.498848 0.96779 0.299539
102 0.521779 0.496256 0.9467 0.303571
77 0.509672 0.498848 0.96779 0.299539
68 0.509672 0.498848 0.96779 0.299539
102 0.506938 0.498848 0.973258 0.300691
101 0.504595 0.499424 0.968571 0.296083
50 0.502251 0.49712 0.970134 0.3053
68 0.502251 0.49712 0.970134 0.3053
101 0.513187 0.0444988 0.965447 0.0889977
102 0.50147 0.0521313 0.976382 0.104263
49 0.502251 0.49712 0.970134 0.3053
101 0.496783 0.49856 0.96076 0.295507
102 0.500689 0.498848 0.963885 0.296083
68 0.50147 0.498272 0.968571 0.292627
50 0.501079 0.497696 0.964666 0.299539
102 0.504594 0.497696 0.962323 0.301843
101 0.510062 0.496256 0.96076 0.303571
77 0.502251 0.497696 0.967009 0.299539
68 0.502251 0.497696 0.967009 0.299539
49 0.502251 0.497696 0.967009 0.299539
48 0.502251 0.497696 0.967009 0.299539
102 0.509281 0.498272 0.973258 0.3053
101 0.507719 0.500576 0.968571 0.301843
68 0.510453 0.497696 0.970915 0.300691
50 0.510453 0.497696 0.970915 0.300691
102 0.509281 0.497984 0.973258 0.302419
101 0.505376 0.498272 0.962323 0.302995
68 0.504985 0.497696 0.963104 0.301843
101 0.500689 0.496832 0.981069 0.307028
102 0.5085 0.497696 0.971696 0.302995
68 0.499127 0.497696 0.982631 0.304147
76 0.503423 0.499424 0.961541 0.300691
110 0.504985 0.498848 0.959979 0.301843
77 0.503423 0.499424 0.961541 0.300691
74 0.503423 0.499424 0.961541 0.300691
102 0.513187 0.496256 0.968571 0.307028
101 0.509281 0.497696 0.971696 0.306452
68 0.509281 0.497696 0.971696 0.306452
50 0.517873 0.497408 0.96076 0.304724
101 0.488972 0.994816 0.940452 0.0103687
102 0.785988 0.487903 0.405785 0.282258
74 0.509281 0.497696 0.971696 0.306452
101 0.379227 0.995968 0.717836 0.00806447
110 0.509281 0.497696 0.971696 0.306452
76 0.509281 0.497696 0.971696 0.306452
102 0.503423 0.496544 0.984975 0.304147
101 0.504595 0.499712 0.97482 0.296659
50 0.502251 0.49712 0.987318 0.302995
68 0.504595 0.499712 0.97482 0.296659
110 0.504595 0.499712 0.97482 0.296659
76 0.504595 0.499712 0.97482 0.296659
102 0.50147 0.496544 0.984194 0.3053
101 0.506547 0.497984 0.977164 0.305876
50 0.501079 0.497984 0.984975 0.298963
68 0.506938 0.499424 0.967009 0.297235
110 0.506547 0.497984 0.977164 0.305876
76 0.506938 0.499424 0.967009 0.297235
102 0.503032 0.496256 0.959198 0.307028
101 0.498346 0.499712 0.971696 0.302419
68 0.504204 0.499136 0.959979 0.303571
50 0.504204 0.499136 0.959979 0.303571
102 0.499908 0.497696 0.984194 0.309908
101 0.502251 0.499424 0.967009 0.308756
50 0.498736 0.498272 0.984975 0.308756
68 0.498736 0.498272 0.984975 0.308756
102 0.503813 0.498848 0.968571 0.304147
101 0.505376 0.500576 0.963885 0.301843
50 0.497565 0.500576 0.985756 0.297235
68 0.503813 0.501728 0.96076 0.294931
102 0.498346 0.497408 0.987318 0.304724
101 0.503032 0.499424 0.968571 0.300691
68 0.497565 0.499424 0.98888 0.297235
50 0.497565 0.499424 0.98888 0.297235
102 0.500689 0.496832 0.987318 0.304724
101 0.502251 0.5 0.979507 0.300691
68 0.500689 0.498272 0.98888 0.300691
50 0.500689 0.498272 0.98888 0.300691
102 0.503032 0.495968 0.981069 0.307604
101 0.501861 0.499136 0.970915 0.303571
68 0.501861 0.499136 0.970915 0.303571
50 0.503032 0.497696 0.981069 0.306452
74 0.503032 0.497696 0.981069 0.306452
102 0.506547 0.495392 0.958417 0.308756
101 0.506547 0.499712 0.963104 0.302419
68 0.499908 0.5 0.971696 0.304147
50 0.498346 0.498272 0.987318 0.3053
76 0.506547 0.499712 0.963104 0.302419
102 0.498346 0.496544 0.982631 0.3053
101 0.503032 0.49856 0.956074 0.302419
110 0.499908 0.498272 0.96076 0.306452
68 0.499908 0.498272 0.96076 0.306452
77 0.499908 0.498272 0.96076 0.306452
50 0.499908 0.498272 0.96076 0.306452
76 0.503423 0.501728 0.958417 0.298387
102 0.495221 0.5 0.987318 0.301843
101 0.500689 0.496832 0.957636 0.304724
68 0.497565 0.49424 0.963885 0.31106
110 0.497565 0.49424 0.963885 0.31106
50 0.497565 0.49424 0.963885 0.31106
77 0.497565 0.49424 0.963885 0.31106
76 0.503032 0.500576 0.962323 0.298387
102 0.50147 0.500576 0.984194 0.300691
101 0.502642 0.498848 0.961542 0.301843
68 0.502251 0.496256 0.963885 0.30818
74 0.502251 0.496256 0.963885 0.30818
102 0.501861 0.500576 0.983413 0.299539
101 0.506157 0.499424 0.963885 0.298387
68 0.504595 0.501152 0.968571 0.297235
74 0.501861 0.500576 0.983413 0.299539
102 0.502251 0.495968 0.982631 0.304147
101 0.506157 0.498272 0.962323 0.300691
68 0.503813 0.498848 0.967009 0.302995
102 0.503032 0.496832 0.984194 0.307028
101 0.503813 0.497696 0.967009 0.307604
68 0.503813 0.497696 0.967009 0.307604
102 0.511234 0.497408 0.96779 0.304724
101 0.505766 0.498272 0.975601 0.3053
68 0.505766 0.498272 0.975601 0.3053
110 0.505766 0.498272 0.975601 0.3053
77 0.505766 0.498272 0.975601 0.3053
102 0.510062 0.49712 0.970134 0.304147
101 0.506157 0.497408 0.973258 0.305876
68 0.506157 0.497408 0.973258 0.305876
77 0.506157 0.497408 0.973258 0.305876
76 0.507719 0.499712 0.968571 0.300115
102 0.510843 0.497984 0.970134 0.303571
101 0.506157 0.49856 0.971696 0.304724
68 0.506157 0.49856 0.971696 0.304724
76 0.506547 0.500288 0.969353 0.298963
77 0.506157 0.49856 0.971696 0.304724
50 0.510843 0.497984 0.970134 0.303571
102 0.510062 0.495392 0.968571 0.307604
101 0.504595 0.497984 0.97482 0.304724
50 0.510062 0.495392 0.968571 0.307604
68 0.504595 0.497984 0.97482 0.304724
76 0.506157 0.497984 0.967009 0.304724
102 0.510062 0.49712 0.968571 0.304147
101 0.50147 0.497984 0.976382 0.304724
76 0.505376 0.49856 0.967009 0.302419
50 0.510062 0.49712 0.968571 0.304147
68 0.504594 0.498272 0.962323 0.304147
102 0.499517 0.497408 0.983413 0.303571
101 0.499908 0.497696 0.971696 0.3053
50 0.499127 0.498272 0.985756 0.300691
68 0.499908 0.497696 0.971696 0.3053
102 0.510062 0.497696 0.973258 0.301843
101 0.50147 0.499712 0.977945 0.297811
50 0.502251 0.497696 0.984194 0.301843
76 0.506938 0.499424 0.967009 0.298387
68 0.506938 0.499424 0.967009 0.298387
102 0.512796 0.496832 0.969353 0.303571
101 0.503032 0.498848 0.977945 0.302995
50 0.508109 0.498272 0.96779 0.301843
68 0.507719 0.49856 0.970134 0.300115
76 0.507719 0.49856 0.970134 0.300115
102 0.512406 0.496544 0.970134 0.304147
101 0.503423 0.49712 0.980288 0.302995
50 0.512406 0.496544 0.971696 0.304147
68 0.5085 0.497696 0.970134 0.301843
76 0.5085 0.497696 0.970134 0.301843
110 0.5085 0.497696 0.970134 0.301843
102 0.511624 0.49712 0.968571 0.302995
101 0.506938 0.498272 0.970134 0.300691
110 0.506938 0.498272 0.970134 0.300691
76 0.506938 0.498272 0.970134 0.300691
50 0.510843 0.49712 0.971696 0.302995
68 0.506938 0.498272 0.970134 0.300691
102 0.50147 0.498272 0.984194 0.300691
101 0.506547 0.498848 0.96779 0.298387
110 0.506547 0.498848 0.96779 0.298387
50 0.506547 0.498848 0.96779 0.298387
76 0.506547 0.498848 0.96779 0.298387
68 0.503423 0.495968 0.977164 0.3053
102 0.505376 0.496256 0.979507 0.305876
101 0.504204 0.49712 0.975601 0.306452
110 0.504204 0.49712 0.975601 0.306452
68 0.504204 0.49712 0.975601 0.306452
77 0.504204 0.49712 0.975601 0.306452
102 0.506547 0.496256 0.980288 0.305876
101 0.506157 0.497408 0.977945 0.305876
110 0.506157 0.497408 0.977945 0.305876
68 0.506157 0.497408 0.977945 0.305876
77 0.506157 0.497408 0.977945 0.305876
102 0.505766 0.497696 0.980288 0.302995
101 0.506157 0.497984 0.977945 0.304724
68 0.506157 0.497984 0.977945 0.304724
110 0.506157 0.497984 0.977945 0.304724
77 0.506157 0.497984 0.977945 0.304724
102 0.512406 0.498272 0.965447 0.302995
101 0.509281 0.499136 0.970134 0.301267
68 0.509281 0.499136 0.970134 0.301267
102 0.511234 0.498272 0.966228 0.302995
101 0.505376 0.49856 0.979507 0.301267
102 0.503813 0.497696 0.982631 0.302995
101 0.504985 0.498272 0.975601 0.304147
68 0.504985 0.498272 0.975601 0.304147
102 0.503813 0.49712 0.982631 0.302995
101 0.507719 0.500288 0.968571 0.296659
102 0.509281 0.49712 0.970134 0.302995
101 0.504594 0.498272 0.976382 0.300691
102 0.509281 0.497408 0.970134 0.302419
101 0.504595 0.49856 0.977945 0.300115
68 0.506157 0.5 0.968571 0.297235
50 0.503813 0.49712 0.982631 0.302995
102 0.509281 0.497408 0.971696 0.302419
101 0.506547 0.500576 0.96779 0.296083
68 0.506547 0.500576 0.96779 0.296083
50 0.504595 0.497408 0.981069 0.302419
102 0.509281 0.49712 0.970134 0.302995
101 0.506938 0.500576 0.967009 0.296083
68 0.503813 0.499136 0.976382 0.298963
50 0.504595 0.497696 0.981069 0.302995
102 0.503032 0.497696 0.981069 0.302995
101 0.505376 0.500576 0.967009 0.296083
68 0.506157 0.499424 0.965447 0.299539
50 0.503032 0.497696 0.981069 0.302995
102 0.501861 0.497696 0.980288 0.302995
101 0.504595 0.500576 0.965447 0.296083
68 0.505376 0.499424 0.963885 0.299539
50 0.505376 0.499424 0.963885 0.299539
102 0.501079 0.497696 0.980288 0.302995
101 0.504204 0.500576 0.966228 0.296083
50 0.504204 0.499424 0.963104 0.299539
68 0.504204 0.499424 0.963104 0.299539
102 0.50147 0.497696 0.981069 0.302995
101 0.503813 0.500288 0.967009 0.296659
68 0.503813 0.499424 0.963885 0.299539
50 0.503813 0.499424 0.963885 0.299539
102 0.50147 0.497984 0.979507 0.302419
101 0.504204 0.500288 0.966228 0.296659
68 0.503813 0.499424 0.963885 0.299539
50 0.503813 0.499424 0.963885 0.299539
102 0.500689 0.497696 0.981069 0.302995
101 0.504204 0.5 0.966228 0.297235
68 0.504595 0.499424 0.963885 0.299539
50 0.504595 0.499424 0.963885 0.299539
102 0.500689 0.497696 0.979507 0.302995
101 0.503813 0.500576 0.965447 0.296083
68 0.503813 0.499424 0.963885 0.299539
50 0.500689 0.497696 0.979507 0.302995
102 0.500298 0.497696 0.980288 0.302995
101 0.503813 0.500576 0.965447 0.296083
68 0.501079 0.498848 0.972477 0.299539
50 0.5085 0.497696 0.965447 0.301843
76 0.503813 0.500576 0.965447 0.296083
102 0.499908 0.497408 0.981069 0.302419
101 0.504204 0.500288 0.964666 0.296659
68 0.50147 0.498848 0.971696 0.299539
50 0.508891 0.497696 0.964666 0.301843
76 0.504204 0.500288 0.964666 0.296659
110 0.504204 0.499424 0.963104 0.299539
102 0.500298 0.497408 0.980288 0.302419
101 0.504595 0.500576 0.963885 0.296083
68 0.50147 0.498848 0.971696 0.299539
50 0.509281 0.497696 0.965447 0.301843
76 0.504595 0.500576 0.963885 0.296083
110 0.504595 0.499424 0.963885 0.298387
102 0.510062 0.497696 0.963885 0.301843
101 0.50147 0.49856 0.971696 0.300115
68 0.50147 0.49856 0.971696 0.300115
76 0.504595 0.500288 0.963885 0.296659
50 0.510062 0.497696 0.963885 0.301843
110 0.50147 0.49856 0.971696 0.300115
102 0.511624 0.49712 0.96076 0.302995
101 0.502251 0.498272 0.971696 0.300691
68 0.502251 0.498272 0.971696 0.300691
76 0.504595 0.500288 0.965447 0.296659
50 0.510843 0.497696 0.963885 0.301843
102 0.513187 0.496832 0.959198 0.303571
101 0.502642 0.498272 0.972477 0.300691
68 0.502642 0.498272 0.972477 0.300691
76 0.504595 0.5 0.965447 0.297235
50 0.511624 0.497408 0.963885 0.302419
102 0.513187 0.496832 0.959198 0.303571
101 0.502642 0.497984 0.972477 0.301267
68 0.502642 0.497984 0.972477 0.301267
76 0.504595 0.5 0.965447 0.297235
50 0.512406 0.497408 0.962323 0.302419
102 0.50147 0.49712 0.981069 0.302995
101 0.503032 0.497984 0.971696 0.301267
68 0.503032 0.497984 0.971696 0.301267
76 0.504595 0.5 0.965447 0.297235
50 0.512406 0.49712 0.962323 0.302995
102 0.50147 0.49712 0.981069 0.302995
101 0.504595 0.5 0.965447 0.297235
68 0.503032 0.497984 0.971696 0.301267
76 0.504595 0.5 0.965447 0.297235
50 0.504595 0.5 0.965447 0.297235
102 0.50147 0.49712 0.981069 0.302995
101 0.505376 0.5 0.965447 0.297235
68 0.503032 0.498272 0.971696 0.300691
76 0.505376 0.5 0.965447 0.297235
50 0.505376 0.5 0.965447 0.297235
102 0.501861 0.49712 0.980288 0.302995
101 0.506157 0.5 0.965447 0.297235
68 0.503032 0.498272 0.971696 0.300691
76 0.506157 0.5 0.965447 0.297235
50 0.506157 0.5 0.965447 0.297235
20 0.706603 0.305876 0.586795 0.611751
102 0.502251 0.49712 0.981069 0.302995
101 0.506157 0.5 0.965447 0.297235
68 0.506157 0.5 0.965447 0.297235
76 0.506157 0.5 0.965447 0.297235
50 0.506157 0.5 0.965447 0.297235
20 0.707774 0.307604 0.584452 0.615207
102 0.502251 0.49712 0.981069 0.302995
101 0.506157 0.5 0.965447 0.297235
68 0.503423 0.497696 0.969353 0.302995
76 0.506157 0.5 0.965447 0.297235
50 0.506157 0.5 0.965447 0.297235
102 0.502251 0.49712 0.981069 0.302995
101 0.506157 0.5 0.965447 0.297235
68 0.503813 0.497696 0.968571 0.302995
76 0.506157 0.5 0.965447 0.297235
50 0.506157 0.5 0.965447 0.297235
102 0.502251 0.49712 0.981069 0.302995
101 0.503813 0.497696 0.968571 0.302995
68 0.503813 0.497696 0.968571 0.302995
76 0.506157 0.5 0.965447 0.297235
50 0.506157 0.5 0.965447 0.297235
102 0.502251 0.49712 0.981069 0.302995
101 0.503813 0.497696 0.968571 0.302995
68 0.503813 0.497696 0.968571 0.302995
76 0.506157 0.5 0.965447 0.297235
50 0.503813 0.497696 0.968571 0.302995
102 0.502251 0.49712 0.981069 0.302995
101 0.504595 0.497696 0.968571 0.302995
68 0.504595 0.497696 0.968571 0.302995
76 0.506547 0.5 0.964666 0.297235
50 0.504595 0.497696 0.968571 0.302995
102 0.502251 0.49712 0.981069 0.302995
101 0.504595 0.497984 0.968571 0.302419
68 0.504595 0.497984 0.968571 0.302419
76 0.506547 0.5 0.964666 0.297235
50 0.504595 0.497984 0.968571 0.302419
102 0.502642 0.497408 0.980288 0.302419
101 0.504595 0.497984 0.968571 0.302419
68 0.504595 0.497984 0.968571 0.302419
50 0.503813 0.500576 0.973258 0.296083
76 0.506938 0.5 0.965447 0.297235
102 0.503032 0.497408 0.981069 0.302419
101 0.503813 0.500288 0.973258 0.296659
68 0.504595 0.497984 0.968571 0.302419
50 0.503813 0.500288 0.973258 0.296659
76 0.506938 0.500288 0.965447 0.297811
102 0.503032 0.497408 0.981069 0.302419
101 0.504595 0.497984 0.968571 0.302419
68 0.504595 0.497984 0.968571 0.302419
50 0.504595 0.497984 0.968571 0.302419
76 0.506938 0.5 0.965447 0.297235
102 0.503032 0.497408 0.981069 0.302419
101 0.503813 0.500288 0.973258 0.296659
68 0.504595 0.497984 0.968571 0.302419
50 0.503813 0.500288 0.973258 0.296659
102 0.503032 0.497408 0.981069 0.302419
101 0.503813 0.500288 0.973258 0.296659
68 0.504595 0.497984 0.968571 0.302419
50 0.503813 0.500288 0.973258 0.296659
102 0.503032 0.497408 0.981069 0.302419
101 0.503813 0.500288 0.973258 0.296659
68 0.504595 0.497984 0.968571 0.302419
50 0.503813 0.500288 0.973258 0.296659
102 0.503032 0.497408 0.981069 0.302419
101 0.503813 0.500288 0.973258 0.296659
68 0.504595 0.497984 0.968571 0.302419
50 0.503813 0.500288 0.973258 0.296659
102 0.503032 0.497408 0.981069 0.302419
101 0.503813 0.500288 0.973258 0.296659
68 0.504595 0.497984 0.968571 0.302419
50 0.503813 0.500288 0.973258 0.296659
102 0.503032 0.497408 0.981069 0.302419
101 0.503813 0.500288 0.973258 0.296659
68 0.504595 0.497984 0.968571 0.302419
50 0.503813 0.500288 0.973258 0.296659
102 0.503032 0.497408 0.981069 0.302419
101 0.503813 0.5 0.973258 0.297235
68 0.504204 0.497984 0.969353 0.302419
50 0.503813 0.5 0.973258 0.297235
102 0.503032 0.497408 0.981069 0.302419
101 0.503813 0.5 0.973258 0.297235
68 0.504595 0.498272 0.968571 0.302995
50 0.503813 0.5 0.973258 0.297235
102 0.503032 0.497408 0.981069 0.302419
101 0.503813 0.5 0.973258 0.297235
68 0.504595 0.498272 0.968571 0.302995
50 0.503813 0.5 0.973258 0.297235
102 0.503032 0.497408 0.981069 0.302419
101 0.503813 0.5 0.973258 0.297235
68 0.504204 0.498272 0.969353 0.302995
50 0.503813 0.5 0.973258 0.297235
102 0.503032 0.497408 0.981069 0.302419
101 0.503813 0.500576 0.973258 0.297235
68 0.504204 0.498272 0.969353 0.302995
50 0.503813 0.500576 0.973258 0.297235
102 0.502251 0.497408 0.981069 0.302419
101 0.503423 0.5 0.972477 0.297235
68 0.504204 0.498272 0.969353 0.302995
50 0.503423 0.5 0.972477 0.297235
102 0.503032 0.497408 0.981069 0.302419
101 0.503423 0.5 0.972477 0.297235
68 0.504204 0.498272 0.969353 0.302995
50 0.503423 0.5 0.972477 0.297235
102 0.503032 0.497408 0.981069 0.302419
101 0.503423 0.5 0.972477 0.297235
68 0.504595 0.498272 0.968571 0.302995
50 0.503423 0.5 0.972477 0.297235
102 0.503032 0.497408 0.981069 0.302419
101 0.503813 0.5 0.973258 0.297235
68 0.504204 0.498272 0.969353 0.302995
50 0.503813 0.5 0.973258 0.297235
102 0.503032 0.497408 0.981069 0.302419
101 0.503813 0.500288 0.973258 0.297811
68 0.504204 0.498272 0.969353 0.302995
50 0.503813 0.500288 0.973258 0.297811
102 0.503032 0.497408 0.981069 0.302419
101 0.503813 0.5 0.973258 0.297235
68 0.503813 0.498272 0.970134 0.302995
50 0.503813 0.5 0.973258 0.297235
110 0.503813 0.5 0.973258 0.297235
102 0.503032 0.497408 0.981069 0.302419
101 0.503032 0.5 0.973258 0.297235
68 0.504204 0.498272 0.969353 0.302995
50 0.503032 0.5 0.973258 0.297235
102 0.503032 0.497408 0.981069 0.302419
101 0.503813 0.5 0.973258 0.297235
68 0.503813 0.498272 0.970134 0.302995
50 0.503813 0.5 0.973258 0.297235
110 0.503813 0.5 0.973258 0.297235
102 0.503423 0.497408 0.980288 0.302419
101 0.503813 0.5 0.973258 0.297235
68 0.503813 0.498272 0.970134 0.302995
50 0.503813 0.5 0.973258 0.297235
110 0.503813 0.5 0.973258 0.297235
102 0.503423 0.497408 0.980288 0.302419
101 0.503423 0.5 0.974039 0.297235
68 0.503813 0.498272 0.970134 0.302995
50 0.503423 0.5 0.974039 0.297235
110 0.503423 0.5 0.974039 0.297235
102 0.503423 0.497408 0.980288 0.302419
101 0.503423 0.5 0.974039 0.297235
68 0.503813 0.498272 0.970134 0.302995
50 0.503423 0.5 0.974039 0.297235
110 0.503423 0.5 0.974039 0.297235
102 0.503423 0.497408 0.980288 0.302419
101 0.503423 0.5 0.974039 0.297235
68 0.503813 0.498272 0.970134 0.302995
50 0.503423 0.5 0.974039 0.297235
110 0.503423 0.5 0.974039 0.297235
102 0.503813 0.49712 0.979507 0.302995
101 0.503032 0.5 0.97482 0.297235
68 0.503813 0.498272 0.970134 0.302995
50 0.503032 0.5 0.97482 0.297235
110 0.503032 0.5 0.97482 0.297235
102 0.503813 0.49712 0.979507 0.302995
101 0.503032 0.5 0.97482 0.297235
68 0.503423 0.498272 0.970915 0.302995
50 0.503423 0.498272 0.970915 0.302995
102 0.503813 0.49712 0.979507 0.302995
101 0.503423 0.497984 0.970915 0.303571
68 0.503423 0.497984 0.970915 0.303571
50 0.503423 0.497984 0.970915 0.303571
102 0.503813 0.49712 0.979507 0.302995
101 0.503423 0.497984 0.970915 0.303571
68 0.503423 0.497984 0.970915 0.303571
50 0.503423 0.497984 0.970915 0.303571
102 0.503813 0.49712 0.979507 0.302995
101 0.503423 0.497984 0.970915 0.303571
68 0.503423 0.497984 0.970915 0.303571
50 0.503423 0.497984 0.970915 0.303571
102 0.503813 0.49712 0.979507 0.302995
101 0.503813 0.497984 0.971696 0.303571
68 0.503813 0.497984 0.971696 0.303571
50 0.503813 0.497984 0.971696 0.303571
102 0.503813 0.497408 0.979507 0.302419
101 0.503813 0.497984 0.971696 0.303571
68 0.503813 0.497984 0.971696 0.303571
50 0.503813 0.497984 0.971696 0.303571
102 0.503423 0.49712 0.980288 0.302995
101 0.503813 0.497984 0.971696 0.303571
68 0.503813 0.497984 0.971696 0.303571
50 0.503813 0.497984 0.971696 0.303571
102 0.503813 0.497408 0.979507 0.302419
101 0.506157 0.5 0.968571 0.297235
68 0.503813 0.497984 0.973258 0.303571
102 0.503813 0.497408 0.979507 0.302419
101 0.506547 0.5 0.96779 0.297235
68 0.503423 0.498272 0.972477 0.302995
102 0.503423 0.49712 0.980288 0.302995
101 0.506157 0.5 0.968571 0.297235
68 0.503813 0.498272 0.973258 0.302995
102 0.503423 0.497408 0.980288 0.302419
101 0.506157 0.5 0.968571 0.297235
68 0.503423 0.498272 0.972477 0.302995
102 0.503423 0.497408 0.980288 0.302419
101 0.506157 0.5 0.968571 0.297235
68 0.503423 0.498272 0.972477 0.302995
102 0.503423 0.497408 0.980288 0.302419
101 0.506157 0.5 0.968571 0.297235
68 0.503423 0.498272 0.972477 0.302995
50 0.503423 0.498272 0.972477 0.302995
102 0.503813 0.497408 0.979507 0.302419
101 0.506157 0.5 0.968571 0.297235
68 0.503423 0.498272 0.972477 0.302995
102 0.503423 0.49712 0.980288 0.302995
101 0.505766 0.5 0.96779 0.297235
68 0.503032 0.498272 0.971696 0.302995
50 0.503032 0.498272 0.971696 0.302995
102 0.503423 0.49712 0.980288 0.302995
101 0.505766 0.5 0.96779 0.297235
68 0.503032 0.497696 0.971696 0.302995
50 0.503032 0.497696 0.971696 0.302995
102 0.503423 0.49712 0.980288 0.302995
101 0.505376 0.5 0.967009 0.297235
68 0.503032 0.497696 0.971696 0.302995
50 0.503032 0.497696 0.971696 0.302995
102 0.503423 0.49712 0.980288 0.302995
101 0.505766 0.5 0.96779 0.297235
68 0.503032 0.497696 0.971696 0.302995
