48 0.492487 0.501728 0.964666 0.374424
50 0.492487 0.501728 0.964666 0.374424
49 0.500689 0.494816 0.951387 0.388249
68 0.500689 0.494816 0.951387 0.388249
79 0.500689 0.494816 0.951387 0.388249
53 0.499908 0.4928 0.952949 0.393433
104 0.500689 0.494816 0.951387 0.388249
111 0.492487 0.501728 0.964666 0.374424
101 0.500689 0.494816 0.951387 0.388249
54 0.500689 0.494816 0.951387 0.388249
56 0.500689 0.494816 0.951387 0.388249
103 0.492487 0.501728 0.964666 0.374424
95 0.492487 0.501728 0.964666 0.374424
74 0.500689 0.494816 0.951387 0.388249
81 0.499127 0.50576 0.957636 0.353687
109 0.492487 0.501728 0.964666 0.374424
67 0.500689 0.494816 0.951387 0.388249
84 0.500689 0.494816 0.951387 0.388249
76 0.500689 0.494816 0.951387 0.388249
47 0.495221 0.497984 0.977945 0.386521
73 0.497955 0.490207 0.964666 0.392857
46 0.500689 0.494816 0.951387 0.388249
66 0.492487 0.501728 0.964666 0.374424
17 0.497955 0.490207 0.964666 0.392857
75 0.492878 0.508929 0.952949 0.363479
77 0.500689 0.494816 0.951387 0.388249
100 0.497955 0.490207 0.964666 0.392857
105 0.500689 0.494816 0.951387 0.388249
102 0.500689 0.494816 0.951387 0.388249
110 0.493659 0.498848 0.962323 0.362903
42 0.479599 0.510945 0.931078 0.355991
97 0.492487 0.501728 0.964666 0.374424
38 0.493659 0.498848 0.962323 0.362903
108 0.500689 0.494816 0.951387 0.388249
7 0.492487 0.501728 0.964666 0.374424
33 0.500689 0.494816 0.951387 0.388249
99 0.499908 0.4928 0.952949 0.393433
51 0.500689 0.494816 0.951387 0.388249
80 0.496393 0.499424 0.980288 0.390553
16 0.500689 0.494816 0.951387 0.388249
14 0.499517 0.509217 0.972477 0.357143
78 0.500689 0.494816 0.951387 0.388249
15 0.493659 0.498848 0.962323 0.362903
0 0.493659 0.498848 0.962323 0.362903
5 0.499517 0.509217 0.972477 0.357143
41 0.505376 0.509793 0.977945 0.354839
31 0.500689 0.494816 0.951387 0.388249
11 0.500689 0.494816 0.951387 0.388249
94 0.492487 0.501728 0.964666 0.374424
52 0.493659 0.498848 0.962323 0.362903
21 0.499127 0.50576 0.957636 0.353687
4 0.499127 0.50576 0.957636 0.353687
65 0.492487 0.501728 0.964666 0.374424
34 0.502642 0.493088 0.952168 0.380184
13 0.499517 0.509217 0.972477 0.357143
26 0.478818 0.511521 0.929516 0.351382
28 0.500689 0.494816 0.951387 0.388249
12 0.490535 0.489631 0.962323 0.391705
72 0.499908 0.4928 0.952949 0.393433
64 0.497955 0.490207 0.964666 0.392857
111 0.50147 0.486751 0.959198 0.420507
48 0.50147 0.486751 0.959198 0.420507
54 0.5085 0.494528 0.973258 0.400346
109 0.50147 0.486751 0.959198 0.420507
56 0.5085 0.494528 0.973258 0.400346
110 0.50147 0.486751 0.959198 0.420507
68 0.50147 0.486751 0.959198 0.420507
95 0.50147 0.486751 0.959198 0.420507
99 0.50147 0.486751 0.959198 0.420507
75 0.50147 0.486751 0.959198 0.420507
46 0.50147 0.486751 0.959198 0.420507
104 0.50147 0.486751 0.959198 0.420507
101 0.50147 0.486751 0.959198 0.420507
103 0.50147 0.486751 0.959198 0.420507
66 0.50147 0.486751 0.959198 0.420507
108 0.5085 0.494528 0.973258 0.400346
80 0.50147 0.486751 0.959198 0.420507
105 0.50147 0.486751 0.959198 0.420507
53 0.50147 0.486751 0.959198 0.420507
74 0.5085 0.494528 0.973258 0.400346
81 0.5085 0.494528 0.973258 0.400346
84 0.50147 0.486751 0.959198 0.420507
67 0.50147 0.486751 0.959198 0.420507
102 0.50147 0.486751 0.959198 0.420507
50 0.50147 0.486751 0.959198 0.420507
42 0.50147 0.486751 0.959198 0.420507
76 0.50147 0.486751 0.959198 0.420507
77 0.5085 0.494528 0.973258 0.400346
73 0.50147 0.486751 0.959198 0.420507
52 0.50147 0.486751 0.959198 0.420507
100 0.50147 0.486751 0.959198 0.420507
79 0.50147 0.486751 0.959198 0.420507
78 0.5085 0.494528 0.973258 0.400346
97 0.50147 0.486751 0.959198 0.420507
41 0.50147 0.486751 0.959198 0.420507
47 0.50147 0.486751 0.959198 0.420507
111 0.476865 0.395161 0.924048 0.597926
33 0.5085 0.494528 0.973258 0.400346
17 0.50147 0.486751 0.959198 0.420507
48 0.476865 0.395161 0.924048 0.597926
49 0.50147 0.486751 0.959198 0.420507
95 0.476865 0.395161 0.924048 0.597926
103 0.476865 0.395161 0.924048 0.597926
99 0.500298 0.373848 0.955293 0.623272
68 0.476865 0.395161 0.924048 0.597926
108 0.476865 0.395161 0.924048 0.597926
56 0.500298 0.373848 0.955293 0.623272
78 0.476865 0.395161 0.924048 0.597926
53 0.476865 0.395161 0.924048 0.597926
46 0.476865 0.395161 0.924048 0.597926
80 0.476865 0.395161 0.924048 0.597926
109 0.476865 0.395161 0.924048 0.597926
110 0.476865 0.395161 0.924048 0.597926
108 0.263233 0.5 0.492097 0.382489
54 0.476865 0.395161 0.924048 0.597926
104 0.476865 0.395161 0.924048 0.597926
79 0.476865 0.395161 0.924048 0.597926
105 0.417111 0.510657 0.802977 0.353111
111 0.507719 0.865207 0.968571 0.269585
75 0.500298 0.373848 0.955293 0.623272
111 0.417111 0.510657 0.802977 0.353111
51 0.50147 0.486751 0.959198 0.420507
67 0.476865 0.395161 0.924048 0.597926
105 0.476865 0.395161 0.924048 0.597926
105 0.263233 0.5 0.492097 0.382489
104 0.263233 0.5 0.492097 0.382489
111 0.505376 0.942972 0.981069 0.114055
95 0.417111 0.510657 0.802977 0.353111
48 0.417111 0.510657 0.802977 0.353111
47 0.476865 0.395161 0.924048 0.597926
66 0.476865 0.395161 0.924048 0.597926
84 0.500298 0.373848 0.955293 0.623272
95 0.263233 0.5 0.492097 0.382489
50 0.5085 0.368088 0.971696 0.625576
52 0.5085 0.368088 0.971696 0.625576
81 0.500298 0.373848 0.955293 0.623272
73 0.476865 0.395161 0.924048 0.597926
108 0.333532 0.381336 0.631915 0.638249
79 0.263233 0.5 0.492097 0.382489
78 0.263233 0.5 0.492097 0.382489
104 0.417111 0.510657 0.802977 0.353111
102 0.476865 0.395161 0.924048 0.597926
111 0.263233 0.5 0.492097 0.382489
48 0.505376 0.942972 0.981069 0.114055
48 0.507719 0.865207 0.968571 0.269585
101 0.476865 0.395161 0.924048 0.597926
74 0.476865 0.395161 0.924048 0.597926
56 0.263233 0.5 0.492097 0.382489
50 0.505376 0.942972 0.981069 0.114055
68 0.503032 0.931452 0.982631 0.137097
79 0.417111 0.510657 0.802977 0.353111
66 0.263233 0.5 0.492097 0.382489
76 0.476865 0.395161 0.924048 0.597926
95 0.333532 0.381336 0.631915 0.638249
42 0.500298 0.373848 0.955293 0.623272
77 0.476865 0.395161 0.924048 0.597926
78 0.333532 0.381336 0.631915 0.638249
48 0.263233 0.5 0.492097 0.382489
68 0.502251 0.894585 0.962323 0.210829
17 0.43117 0.380184 0.831097 0.631336
99 0.505376 0.942972 0.981069 0.114055
100 0.500298 0.373848 0.955293 0.623272
103 0.263233 0.5 0.492097 0.382489
109 0.507719 0.865207 0.968571 0.269585
95 0.505376 0.942972 0.981069 0.114055
75 0.417111 0.510657 0.802977 0.353111
105 0.333532 0.381336 0.631915 0.638249
28 0.5085 0.435772 0.973258 0.507488
49 0.500298 0.373848 0.955293 0.623272
35 0.50147 0.486751 0.959198 0.420507
46 0.417111 0.510657 0.802977 0.353111
53 0.417111 0.510657 0.802977 0.353111
77 0.505376 0.942972 0.981069 0.114055
68 0.502251 0.441532 0.982631 0.539747
74 0.502251 0.441532 0.982631 0.539747
95 0.499908 0.39977 0.990442 0.672811
75 0.502251 0.441532 0.982631 0.539747
108 0.502251 0.441532 0.982631 0.539747
52 0.502251 0.441532 0.982631 0.539747
95 0.498736 0.477823 0.992786 0.43606
53 0.502251 0.441532 0.982631 0.539747
80 0.499908 0.39977 0.990442 0.672811
84 0.499908 0.39977 0.990442 0.672811
81 0.499908 0.39977 0.990442 0.672811
48 0.498346 0.356855 0.984194 0.71371
79 0.499908 0.39977 0.990442 0.672811
74 0.502251 0.49856 0.982631 0.368088
101 0.502251 0.441532 0.982631 0.539747
68 0.502251 0.49856 0.982631 0.368088
104 0.502251 0.441532 0.982631 0.539747
56 0.502251 0.441532 0.982631 0.539747
78 0.502251 0.441532 0.982631 0.539747
108 0.502251 0.49856 0.982631 0.368088
66 0.499908 0.39977 0.990442 0.672811
84 0.498736 0.477823 0.992786 0.43606
109 0.499908 0.39977 0.990442 0.672811
33 0.499908 0.39977 0.990442 0.672811
76 0.502251 0.441532 0.982631 0.539747
80 0.498736 0.477823 0.992786 0.43606
77 0.502251 0.441532 0.982631 0.539747
81 0.498736 0.477823 0.992786 0.43606
79 0.498736 0.477823 0.992786 0.43606
54 0.502251 0.441532 0.982631 0.539747
75 0.502251 0.49856 0.982631 0.368088
110 0.502251 0.441532 0.982631 0.539747
104 0.502251 0.49856 0.982631 0.368088
66 0.498736 0.477823 0.992786 0.43606
111 0.502251 0.441532 0.982631 0.539747
97 0.502251 0.441532 0.982631 0.539747
109 0.488191 0.508641 0.96076 0.46659
105 0.502251 0.441532 0.982631 0.539747
67 0.502251 0.441532 0.982631 0.539747
48 0.504204 0.49424 0.977164 0.436636
99 0.502251 0.441532 0.982631 0.539747
17 0.499908 0.39977 0.990442 0.672811
50 0.499908 0.39977 0.990442 0.672811
52 0.502251 0.49856 0.982631 0.368088
49 0.502251 0.441532 0.982631 0.539747
101 0.502251 0.49856 0.982631 0.368088
78 0.502251 0.49856 0.982631 0.368088
33 0.498736 0.477823 0.992786 0.43606
78 0.496393 0.281682 0.986537 0.563364
53 0.502251 0.49856 0.982631 0.368088
110 0.502251 0.49856 0.982631 0.368088
46 0.502251 0.441532 0.982631 0.539747
50 0.488191 0.508641 0.96076 0.46659
76 0.502251 0.49856 0.982631 0.368088
73 0.498346 0.356855 0.984194 0.71371
100 0.502251 0.441532 0.982631 0.539747
17 0.498736 0.477823 0.992786 0.43606
78 0.497174 0.429724 0.980288 0.859447
51 0.498346 0.356855 0.984194 0.71371
54 0.502251 0.49856 0.982631 0.368088
81 0.293696 0.522465 0.572551 0.387097
77 0.502251 0.49856 0.982631 0.368088
56 0.502251 0.49856 0.982631 0.368088
47 0.499908 0.39977 0.990442 0.672811
103 0.499908 0.39977 0.990442 0.672811
49 0.502251 0.49856 0.982631 0.368088
108 0.488191 0.285138 0.970134 0.570276
41 0.502251 0.441532 0.982631 0.539747
74 0.489363 0.326037 0.974039 0.652074
68 0.497174 0.19254 0.984975 0.385081
81 0.394849 0.517857 0.775638 0.414747
47 0.489753 0.509793 0.979507 0.427419
102 0.502251 0.441532 0.982631 0.539747
108 0.293696 0.522465 0.572551 0.387097
104 0.293696 0.522465 0.572551 0.387097
99 0.502251 0.49856 0.982631 0.368088
78 0.497174 0.19254 0.984975 0.385081
67 0.502251 0.49856 0.982631 0.368088
95 0.488191 0.285138 0.970134 0.570276
68 0.498736 0.859159 0.986537 0.281682
97 0.502251 0.49856 0.982631 0.368088
79 0.293696 0.522465 0.572551 0.387097
73 0.498736 0.477823 0.992786 0.43606
51 0.498736 0.477823 0.992786 0.43606
80 0.488191 0.285138 0.970134 0.570276
108 0.497174 0.429724 0.980288 0.859447
105 0.502251 0.49856 0.982631 0.368088
68 0.489363 0.326037 0.974039 0.652074
101 0.497174 0.19254 0.984975 0.385081
74 0.48702 0.21587 0.966228 0.43174
42 0.499908 0.39977 0.990442 0.672811
52 0.489363 0.326037 0.974039 0.652074
42 0.488191 0.508641 0.96076 0.46659
46 0.502251 0.49856 0.982631 0.368088
41 0.502251 0.49856 0.982631 0.368088
111 0.502251 0.49856 0.982631 0.368088
95 0.497174 0.19254 0.984975 0.385081
79 0.394849 0.517857 0.775638 0.414747
48 0.498736 0.859159 0.986537 0.281682
53 0.497174 0.429724 0.980288 0.859447
100 0.502251 0.49856 0.982631 0.368088
74 0.510062 0.459965 0.963885 0.471774
104 0.507328 0.484447 0.972477 0.422811
78 0.505376 0.476094 0.963885 0.437212
108 0.506157 0.46947 0.977945 0.435484
79 0.507328 0.484447 0.972477 0.422811
66 0.505376 0.476094 0.963885 0.437212
95 0.498346 0.506912 0.96076 0.368664
105 0.498346 0.506912 0.96076 0.368664
33 0.510062 0.459965 0.963885 0.471774
80 0.510062 0.459965 0.963885 0.471774
81 0.507328 0.484447 0.972477 0.422811
97 0.506157 0.46947 0.977945 0.435484
75 0.510062 0.459965 0.963885 0.471774
42 0.510062 0.459965 0.963885 0.471774
67 0.498346 0.506912 0.96076 0.368664
41 0.506157 0.46947 0.977945 0.435484
103 0.506157 0.46947 0.977945 0.435484
84 0.506157 0.46947 0.977945 0.435484
17 0.506157 0.46947 0.977945 0.435484
54 0.506157 0.46947 0.977945 0.435484
76 0.510062 0.459965 0.963885 0.471774
109 0.507328 0.484447 0.972477 0.422811
77 0.510062 0.459965 0.963885 0.471774
56 0.498346 0.506912 0.96076 0.368664
68 0.498346 0.506912 0.96076 0.368664
50 0.502251 0.478687 0.979507 0.436636
53 0.498346 0.506912 0.96076 0.368664
21 0.507328 0.484447 0.972477 0.422811
104 0.511624 0.398545 0.963885 0.557748
32 0.506157 0.46947 0.977945 0.435484
52 0.498346 0.506912 0.96076 0.368664
101 0.506157 0.46947 0.977945 0.435484
100 0.499517 0.496544 0.966228 0.384793
79 0.511624 0.398545 0.963885 0.557748
74 0.448355 0.509505 0.865465 0.342742
28 0.506157 0.46947 0.977945 0.435484
110 0.506157 0.46947 0.977945 0.435484
10 0.507328 0.484447 0.972477 0.422811
95 0.511624 0.398545 0.963885 0.557748
100 0.511624 0.398545 0.963885 0.557748
108 0.511234 0.34879 0.964666 0.654954
74 0.511234 0.34879 0.964666 0.654954
66 0.448355 0.509505 0.865465 0.342742
81 0.511624 0.398545 0.963885 0.557748
14 0.506157 0.46947 0.977945 0.435484
41 0.511234 0.34879 0.964666 0.654954
42 0.511234 0.34879 0.964666 0.654954
105 0.511624 0.398545 0.963885 0.557748
21 0.511624 0.398545 0.963885 0.557748
99 0.510062 0.459965 0.963885 0.471774
78 0.448355 0.509505 0.865465 0.342742
73 0.506157 0.46947 0.977945 0.435484
108 0.448355 0.509505 0.865465 0.342742
52 0.511624 0.398545 0.963885 0.557748
74 0.502251 0.465726 0.976382 0.444124
66 0.502251 0.465726 0.976382 0.444124
79 0.506547 0.463638 0.964666 0.463278
78 0.502251 0.465726 0.976382 0.444124
104 0.506547 0.463638 0.964666 0.463278
108 0.502251 0.465726 0.976382 0.444124
17 0.502251 0.465726 0.976382 0.444124
33 0.502251 0.465726 0.976382 0.444124
95 0.502251 0.465726 0.976382 0.444124
97 0.499127 0.442108 0.982631 0.529378
75 0.502251 0.465726 0.976382 0.444124
81 0.50147 0.482431 0.984194 0.442972
76 0.499127 0.442108 0.982631 0.529378
109 0.502251 0.465726 0.976382 0.444124
56 0.506547 0.463638 0.964666 0.463278
68 0.502251 0.465726 0.976382 0.444124
50 0.502251 0.465726 0.976382 0.444124
101 0.502251 0.465726 0.976382 0.444124
77 0.502251 0.465726 0.976382 0.444124
80 0.505376 0.453629 0.963885 0.498272
108 0.506157 0.387097 0.965447 0.705069
41 0.499127 0.442108 0.982631 0.529378
74 0.506157 0.387097 0.965447 0.705069
84 0.499127 0.442108 0.982631 0.529378
49 0.502251 0.465726 0.976382 0.444124
54 0.505376 0.453629 0.963885 0.498272
110 0.499127 0.442108 0.982631 0.529378
97 0.505766 0.507776 0.988099 0.371544
42 0.499127 0.442108 0.982631 0.529378
103 0.499127 0.460181 0.985756 0.469038
67 0.502251 0.465726 0.976382 0.444124
78 0.506157 0.387097 0.965447 0.705069
100 0.499127 0.442108 0.982631 0.529378
53 0.502251 0.465726 0.976382 0.444124
105 0.50147 0.482431 0.984194 0.442972
66 0.506157 0.387097 0.965447 0.705069
76 0.505766 0.507776 0.988099 0.371544
111 0.499127 0.442108 0.982631 0.529378
84 0.505766 0.507776 0.988099 0.371544
48 0.499127 0.442108 0.982631 0.529378
97 0.495221 0.437212 0.97482 0.786866
33 0.506157 0.387097 0.965447 0.705069
76 0.495221 0.437212 0.97482 0.786866
13 0.502251 0.465726 0.976382 0.444124
42 0.505766 0.507776 0.988099 0.371544
12 0.502251 0.465726 0.976382 0.444124
56 0.506157 0.387097 0.965447 0.705069
47 0.496783 0.485311 0.959198 0.406106
41 0.505766 0.507776 0.988099 0.371544
104 0.506157 0.387097 0.965447 0.705069
99 0.499127 0.442108 0.982631 0.529378
79 0.506157 0.387097 0.965447 0.705069
75 0.506157 0.387097 0.965447 0.705069
41 0.495221 0.437212 0.97482 0.786866
95 0.506157 0.387097 0.965447 0.705069
29 0.502251 0.465726 0.976382 0.444124
17 0.506157 0.387097 0.965447 0.705069
3 0.502251 0.465726 0.976382 0.444124
102 0.502251 0.465726 0.976382 0.444124
34 0.502251 0.465726 0.976382 0.444124
42 0.495221 0.437212 0.97482 0.786866
80 0.495221 0.437212 0.97482 0.786866
50 0.506157 0.387097 0.965447 0.705069
73 0.499127 0.442108 0.982631 0.529378
14 0.502251 0.465726 0.976382 0.444124
74 0.501861 0.50576 0.955293 0.351382
66 0.501861 0.50576 0.955293 0.351382
78 0.510062 0.503744 0.971696 0.375
75 0.501861 0.50576 0.955293 0.351382
95 0.50147 0.502304 0.985756 0.375576
104 0.510062 0.503744 0.971696 0.375
66 0.507328 0.378456 0.978726 0.609447
74 0.507328 0.378456 0.978726 0.609447
68 0.507719 0.490783 0.977945 0.384793
95 0.5085 0.383641 0.976382 0.595622
77 0.507719 0.490783 0.977945 0.384793
75 0.50147 0.408698 0.959198 0.542051
101 0.502251 0.502304 0.984194 0.366359
68 0.5085 0.383641 0.976382 0.595622
79 0.501861 0.50576 0.955293 0.351382
81 0.510062 0.503744 0.971696 0.375
109 0.507719 0.490783 0.977945 0.384793
108 0.50147 0.408698 0.959198 0.542051
77 0.5085 0.383641 0.976382 0.595622
109 0.5085 0.383641 0.976382 0.595622
50 0.507719 0.490783 0.977945 0.384793
101 0.5085 0.383641 0.976382 0.595622
104 0.507328 0.378456 0.978726 0.609447
108 0.501861 0.50576 0.955293 0.351382
102 0.510062 0.503744 0.971696 0.375
103 0.507328 0.378456 0.978726 0.609447
56 0.5085 0.383641 0.976382 0.595622
78 0.507328 0.378456 0.978726 0.609447
56 0.50147 0.502304 0.985756 0.375576
84 0.507719 0.490783 0.977945 0.384793
79 0.50147 0.408698 0.959198 0.542051
50 0.5085 0.383641 0.976382 0.595622
84 0.5085 0.383641 0.976382 0.595622
67 0.50147 0.502304 0.985756 0.375576
103 0.507719 0.490783 0.977945 0.384793
81 0.507328 0.378456 0.978726 0.609447
33 0.501861 0.50576 0.955293 0.351382
33 0.50147 0.408698 0.959198 0.542051
76 0.507719 0.490783 0.977945 0.384793
76 0.507328 0.378456 0.978726 0.609447
102 0.5085 0.383641 0.976382 0.595622
110 0.502251 0.502304 0.984194 0.366359
67 0.5085 0.383641 0.976382 0.595622
105 0.510062 0.503744 0.971696 0.375
97 0.50147 0.502304 0.985756 0.375576
17 0.510062 0.503744 0.971696 0.375
110 0.5085 0.383641 0.976382 0.595622
41 0.5085 0.349078 0.97482 0.670507
49 0.507719 0.490783 0.977945 0.384793
97 0.5085 0.383641 0.976382 0.595622
49 0.5085 0.383641 0.976382 0.595622
53 0.50147 0.502304 0.985756 0.375576
41 0.505468 0.504896 0.989065 0.351959
105 0.507328 0.378456 0.978726 0.609447
99 0.5085 0.349078 0.97482 0.670507
80 0.50147 0.408698 0.959198 0.542051
17 0.5085 0.383641 0.976382 0.595622
54 0.50147 0.408698 0.959198 0.542051
80 0.501861 0.50576 0.955293 0.351382
54 0.501861 0.50576 0.955293 0.351382
73 0.507719 0.490783 0.977945 0.384793
111 0.5085 0.383641 0.976382 0.595622
73 0.5085 0.349078 0.97482 0.670507
99 0.507719 0.490783 0.977945 0.384793
111 0.50147 0.502304 0.985756 0.375576
100 0.5085 0.349078 0.97482 0.670507
34 0.510062 0.503744 0.971696 0.375
47 0.510062 0.503744 0.971696 0.375
52 0.50147 0.502304 0.985756 0.375576
46 0.50147 0.408698 0.959198 0.542051
53 0.5085 0.383641 0.976382 0.595622
66 0.501079 0.504608 0.972477 0.364055
74 0.503032 0.500864 0.97482 0.372696
78 0.501079 0.504608 0.972477 0.364055
79 0.503032 0.500864 0.97482 0.372696
108 0.49444 0.509217 0.951387 0.349078
17 0.503032 0.500864 0.97482 0.372696
75 0.492487 0.502304 0.984975 0.380184
104 0.503032 0.500864 0.97482 0.372696
74 0.661206 0.494816 0.655348 0.373272
33 0.503032 0.500864 0.97482 0.372696
66 0.661206 0.494816 0.655348 0.373272
54 0.49444 0.509217 0.951387 0.349078
108 0.503032 0.395449 0.971696 0.626152
66 0.5085 0.381912 0.970134 0.660138
74 0.5085 0.381912 0.970134 0.660138
42 0.49444 0.509217 0.951387 0.349078
66 0.362824 0.509505 0.684249 0.346198
50 0.501079 0.504608 0.972477 0.364055
66 0.500298 0.510945 0.974039 0.370968
79 0.500298 0.510945 0.974039 0.370968
78 0.500298 0.510945 0.974039 0.370968
74 0.500298 0.510945 0.974039 0.370968
81 0.499908 0.510945 0.970134 0.367512
33 0.503032 0.509505 0.970134 0.378456
108 0.502251 0.506336 0.967009 0.365207
17 0.503032 0.509505 0.970134 0.378456
104 0.499908 0.510945 0.970134 0.367512
105 0.499908 0.510945 0.970134 0.367512
50 0.503032 0.509505 0.970134 0.378456
75 0.499908 0.510945 0.970134 0.367512
109 0.503032 0.509505 0.970134 0.378456
101 0.503032 0.509505 0.970134 0.378456
34 0.503032 0.509505 0.970134 0.378456
95 0.503032 0.509505 0.970134 0.378456
68 0.503032 0.509505 0.970134 0.378456
76 0.503032 0.509505 0.970134 0.378456
12 0.503032 0.509505 0.970134 0.378456
48 0.503032 0.509505 0.970134 0.378456
80 0.500298 0.510945 0.974039 0.370968
49 0.503032 0.509505 0.970134 0.378456
102 0.503032 0.509505 0.970134 0.378456
77 0.503032 0.509505 0.970134 0.378456
111 0.503032 0.509505 0.970134 0.378456
42 0.499127 0.510945 0.970134 0.365207
66 0.496002 0.505184 0.954512 0.383641
74 0.496002 0.505184 0.954512 0.383641
79 0.505858 0.508353 0.988283 0.360023
75 0.498346 0.505472 0.959198 0.370392
78 0.500689 0.502592 0.976382 0.386521
66 0.697137 0.512961 0.594422 0.384217
108 0.499127 0.512673 0.96076 0.361751
74 0.697137 0.512961 0.594422 0.384217
17 0.496002 0.505184 0.954512 0.383641
104 0.499127 0.512673 0.96076 0.361751
33 0.500689 0.502592 0.976382 0.386521
101 0.500689 0.502592 0.976382 0.386521
95 0.500689 0.502592 0.976382 0.386521
79 0.697137 0.512961 0.594422 0.384217
54 0.496002 0.505184 0.954512 0.383641
74 0.495221 0.502304 0.9467 0.398618
79 0.506938 0.476671 0.967009 0.447581
66 0.49444 0.509793 0.945138 0.387097
108 0.499127 0.464358 0.987318 0.457229
78 0.506938 0.476671 0.967009 0.447581
75 0.508109 0.509217 0.98185 0.375576
78 0.507719 0.378744 0.973258 0.634217
108 0.506938 0.357719 0.976382 0.669355
74 0.507719 0.378744 0.973258 0.634217
80 0.507719 0.467742 0.968571 0.452765
66 0.507719 0.378744 0.973258 0.634217
81 0.509281 0.485023 0.968571 0.43894
79 0.507719 0.378744 0.973258 0.634217
104 0.499127 0.489631 0.956074 0.41129
17 0.495221 0.502304 0.9467 0.398618
33 0.507719 0.467742 0.968571 0.452765
66 0.497174 0.509505 0.974039 0.373848
74 0.497174 0.509505 0.974039 0.373848
79 0.492487 0.513249 0.958417 0.367512
75 0.492487 0.513249 0.958417 0.367512
108 0.498346 0.509793 0.971696 0.379032
78 0.503032 0.510369 0.963885 0.384793
17 0.41633 0.0260477 0.0796728 0.0432388
74 0.383425 0.516993 0.726624 0.348502
66 0.504595 0.504608 0.977945 0.392857
74 0.504595 0.504608 0.977945 0.392857
78 0.509281 0.50432 0.965447 0.399194
108 0.508891 0.508641 0.966228 0.376728
79 0.508891 0.508641 0.966228 0.376728
75 0.500689 0.515553 0.985756 0.379032
50 0.508891 0.508641 0.966228 0.376728
74 0.499517 0.513249 0.95373 0.362903
66 0.499517 0.513249 0.95373 0.362903
78 0.507328 0.514401 0.969353 0.376728
108 0.507719 0.512097 0.968571 0.369816
79 0.499517 0.513249 0.95373 0.362903
81 0.499517 0.513249 0.95373 0.362903
75 0.497565 0.515553 0.943576 0.362903
104 0.508109 0.512673 0.96779 0.370968
68 0.499517 0.513249 0.95373 0.362903
50 0.499517 0.514401 0.947482 0.365207
101 0.506157 0.513825 0.971696 0.373272
48 0.508109 0.512673 0.96779 0.370968
77 0.506157 0.513825 0.971696 0.373272
109 0.497565 0.515553 0.943576 0.362903
103 0.510154 0.519009 0.979691 0.361751
95 0.499517 0.513249 0.95373 0.362903
42 0.507719 0.512097 0.968571 0.369816
76 0.497565 0.515553 0.943576 0.362903
33 0.507719 0.512097 0.968571 0.369816
99 0.510154 0.519009 0.979691 0.361751
17 0.508202 0.514977 0.983597 0.37212
34 0.506157 0.511809 0.971696 0.36924
56 0.507719 0.512097 0.968571 0.369816
80 0.508109 0.512673 0.96779 0.370968
54 0.508109 0.512673 0.96779 0.370968
102 0.499517 0.513249 0.95373 0.362903
108 0.506938 0.423963 0.979507 0.539171
111 0.507719 0.512097 0.968571 0.369816
100 0.497565 0.515553 0.943576 0.362903
105 0.508109 0.512673 0.96779 0.370968
41 0.497565 0.515553 0.943576 0.362903
46 0.508109 0.512673 0.96779 0.370968
73 0.507719 0.512097 0.968571 0.369816
47 0.507719 0.512097 0.968571 0.369816
12 0.508109 0.512097 0.96779 0.373272
27 0.506157 0.511809 0.971696 0.36924
66 0.495221 0.507488 0.956074 0.365207
78 0.506938 0.507488 0.96076 0.374424
108 0.49444 0.509505 0.959198 0.360023
74 0.495221 0.507488 0.956074 0.365207
79 0.49444 0.509505 0.959198 0.360023
81 0.495221 0.507488 0.956074 0.365207
101 0.506938 0.5072 0.963885 0.365783
104 0.49444 0.509505 0.959198 0.360023
50 0.495221 0.507488 0.956074 0.365207
12 0.506938 0.507488 0.96076 0.374424
17 0.495221 0.507488 0.956074 0.365207
33 0.504985 0.508065 0.969353 0.373272
68 0.504985 0.508065 0.969353 0.373272
75 0.495221 0.507488 0.956074 0.365207
48 0.504985 0.507488 0.96779 0.374424
95 0.504985 0.508065 0.969353 0.373272
53 0.504985 0.508065 0.969353 0.374424
80 0.504985 0.507488 0.96779 0.374424
35 0.495221 0.507488 0.956074 0.365207
34 0.504985 0.508065 0.969353 0.373272
77 0.506938 0.5072 0.963885 0.365783
99 0.504985 0.507488 0.96779 0.374424
111 0.5085 0.506912 0.96076 0.37788
42 0.49444 0.509505 0.959198 0.360023
76 0.495221 0.507488 0.956074 0.365207
109 0.506938 0.5072 0.963885 0.365783
27 0.504985 0.508065 0.969353 0.373272
100 0.506938 0.5072 0.963885 0.365783
102 0.506938 0.5072 0.963885 0.365783
3 0.504985 0.508065 0.969353 0.373272
49 0.504985 0.507488 0.96779 0.374424
74 0.504687 0.509217 0.990627 0.351382
78 0.502642 0.502304 0.972477 0.389401
66 0.493268 0.508641 0.972477 0.360599
108 0.50147 0.498272 0.971696 0.384793
74 0.695575 0.494528 0.59286 0.389977
79 0.496002 0.510945 0.973258 0.362903
66 0.695575 0.494528 0.59286 0.389977
68 0.502642 0.502304 0.972477 0.389401
104 0.496393 0.505472 0.975601 0.377304
95 0.496393 0.505472 0.975601 0.377304
101 0.502642 0.502304 0.972477 0.389401
81 0.496393 0.505472 0.975601 0.377304
108 0.449526 0.402074 0.881869 0.564516
75 0.504687 0.509217 0.990627 0.351382
50 0.496393 0.505472 0.975601 0.377304
12 0.567474 0.494528 0.845938 0.391129
12 0.695575 0.494528 0.59286 0.389977
53 0.505376 0.496544 0.967009 0.389401
33 0.505376 0.496544 0.967009 0.389401
77 0.502642 0.502304 0.972477 0.389401
102 0.496393 0.505472 0.975601 0.377304
78 0.695575 0.494528 0.59286 0.389977
66 0.500689 0.50288 0.979507 0.390553
74 0.500689 0.50288 0.979507 0.390553
79 0.500689 0.506336 0.976382 0.381336
78 0.498736 0.50432 0.986537 0.385369
108 0.507328 0.508065 0.966228 0.375576
108 0.395337 0.482143 0.75904 0.402074
66 0.498346 0.508641 0.959198 0.370968
74 0.498346 0.508641 0.959198 0.370968
75 0.498346 0.508641 0.959198 0.370968
79 0.506547 0.508929 0.983413 0.355415
78 0.503032 0.504032 0.963885 0.389401
77 0.498346 0.505184 0.970134 0.383641
95 0.503032 0.504032 0.963885 0.389401
109 0.498346 0.506912 0.965447 0.380184
100 0.498346 0.505184 0.970134 0.383641
102 0.498346 0.505184 0.970134 0.383641
108 0.506938 0.50576 0.985756 0.353687
66 0.506157 0.506336 0.971696 0.376728
74 0.506938 0.506048 0.973258 0.36924
78 0.506157 0.509217 0.971696 0.369816
79 0.506157 0.509217 0.971696 0.369816
75 0.506157 0.509217 0.971696 0.369816
12 0.506157 0.506336 0.971696 0.376728
74 0.662378 0.505184 0.654567 0.383641
95 0.506157 0.509217 0.971696 0.369816
74 0.760407 0.50288 0.460071 0.383641
42 0.506157 0.509217 0.971696 0.369816
81 0.506157 0.509217 0.971696 0.369816
54 0.506157 0.509217 0.971696 0.369816
66 0.505376 0.508641 0.977945 0.389401
74 0.505376 0.508641 0.977945 0.389401
78 0.504204 0.507776 0.98185 0.386521
79 0.505376 0.508641 0.977945 0.389401
75 0.498346 0.509793 0.971696 0.37212
12 0.5085 0.507488 0.967009 0.394009
74 0.499127 0.508353 0.957636 0.362327
66 0.499127 0.508353 0.957636 0.362327
78 0.5085 0.50288 0.959198 0.37788
12 0.507719 0.50288 0.962323 0.37788
34 0.507719 0.50288 0.962323 0.37788
74 0.724476 0.505472 0.528809 0.36924
79 0.504595 0.505184 0.982631 0.367512
108 0.499127 0.508353 0.957636 0.362327
4 0.500689 0.504032 0.971696 0.380184
74 0.503423 0.503456 0.964666 0.376728
66 0.503423 0.503456 0.964666 0.376728
78 0.501861 0.504032 0.970915 0.373272
53 0.495612 0.503456 0.956855 0.365207
50 0.496002 0.509217 0.970134 0.358295
75 0.495612 0.510081 0.947482 0.355415
42 0.495612 0.503456 0.956855 0.365207
101 0.496002 0.509217 0.970134 0.358295
102 0.496002 0.509217 0.970134 0.358295
54 0.495612 0.503456 0.956855 0.365207
79 0.495612 0.510081 0.947482 0.355415
49 0.496002 0.509217 0.970134 0.358295
33 0.495612 0.503456 0.956855 0.365207
100 0.496002 0.509217 0.970134 0.358295
97 0.495612 0.503456 0.956855 0.365207
12 0.502642 0.503456 0.966228 0.37788
46 0.495612 0.503456 0.956855 0.365207
76 0.496002 0.509217 0.970134 0.358295
77 0.496002 0.509217 0.970134 0.358295
95 0.503032 0.505184 0.967009 0.375576
111 0.495612 0.503456 0.956855 0.365207
108 0.495612 0.503456 0.956855 0.365207
68 0.496002 0.509217 0.970134 0.358295
81 0.495612 0.510081 0.947482 0.355415
52 0.501861 0.504032 0.970915 0.373272
47 0.501861 0.504032 0.970915 0.373272
109 0.503032 0.505184 0.967009 0.375576
104 0.495612 0.510081 0.947482 0.355415
99 0.496002 0.509217 0.970134 0.358295
80 0.495612 0.503456 0.956855 0.365207
48 0.505766 0.505184 0.988099 0.364055
73 0.496002 0.509217 0.970134 0.358295
56 0.501861 0.504032 0.970915 0.373272
84 0.501861 0.504032 0.970915 0.373272
17 0.495612 0.503456 0.956855 0.365207
74 0.49444 0.507488 0.948263 0.360599
66 0.49444 0.507488 0.948263 0.360599
78 0.507719 0.500288 0.959198 0.372696
79 0.496002 0.510945 0.948263 0.361751
12 0.508109 0.503168 0.961542 0.373848
108 0.498346 0.516417 0.965447 0.361175
50 0.49444 0.507488 0.948263 0.360599
66 0.49444 0.510369 0.96076 0.367512
74 0.49444 0.510369 0.96076 0.367512
78 0.507328 0.504608 0.959979 0.380184
79 0.490925 0.518433 0.952168 0.353687
108 0.490925 0.518433 0.952168 0.353687
12 0.50147 0.507776 0.977945 0.376152
101 0.50147 0.507776 0.977945 0.376152
75 0.438982 0.517857 0.846719 0.355991
74 0.493659 0.508641 0.959198 0.360599
66 0.506938 0.506624 0.957636 0.383064
79 0.504594 0.502592 0.962323 0.378456
78 0.504594 0.502592 0.962323 0.378456
108 0.504594 0.502592 0.962323 0.378456
101 0.499908 0.00320421 0.981069 0.00640841
12 0.506938 0.506624 0.957636 0.383064
48 0.497565 0.910138 0.967009 0.179724
33 0.504594 0.502592 0.962323 0.378456
74 0.496002 0.50576 0.957636 0.368664
66 0.50147 0.499712 0.970134 0.388825
79 0.499908 0.503456 0.959198 0.366359
78 0.503032 0.500288 0.965447 0.385369
108 0.502251 0.495392 0.965447 0.384793
108 0.471007 0.404666 0.904521 0.557028
12 0.505376 0.496544 0.963885 0.384793
66 0.496393 0.510081 0.95373 0.376152
74 0.496393 0.510081 0.95373 0.376152
78 0.497565 0.50576 0.959198 0.384793
79 0.508202 0.511521 0.983597 0.369816
95 0.497955 0.504032 0.963104 0.383641
50 0.495221 0.506912 0.952949 0.374424
109 0.497565 0.50576 0.959198 0.384793
108 0.50703 0.510369 0.98594 0.370968
101 0.497955 0.504032 0.963104 0.383641
111 0.497565 0.50576 0.959198 0.384793
75 0.494831 0.508929 0.950606 0.375
104 0.497565 0.50576 0.959198 0.384793
77 0.497565 0.50576 0.959198 0.384793
102 0.50703 0.508641 0.98594 0.374424
33 0.494831 0.508929 0.950606 0.375
74 0.495221 0.50576 0.9467 0.351382
66 0.495221 0.50576 0.9467 0.351382
78 0.50147 0.502304 0.965447 0.370968
79 0.506249 0.508353 0.987502 0.345046
108 0.506639 0.508065 0.986721 0.33871
17 0.496002 0.508353 0.945138 0.346198
33 0.50147 0.504608 0.963885 0.365207
66 0.493659 0.507776 0.952949 0.366935
74 0.493659 0.507776 0.952949 0.366935
78 0.502251 0.509793 0.985756 0.353687
79 0.502251 0.509793 0.985756 0.353687
108 0.502251 0.509793 0.985756 0.353687
50 0.493659 0.507776 0.952949 0.366935
12 0.493659 0.507776 0.952949 0.366935
101 0.493659 0.507776 0.952949 0.366935
104 0.502251 0.509793 0.985756 0.353687
75 0.504985 0.510081 0.983412 0.363479
95 0.50147 0.506912 0.971696 0.373272
101 0.503813 0.00552635 0.982631 0.0110527
74 0.499908 0.508353 0.956074 0.365783
66 0.499908 0.508353 0.956074 0.365783
79 0.505376 0.505184 0.970134 0.373272
104 0.505376 0.505184 0.970134 0.373272
75 0.505858 0.508641 0.988283 0.359447
50 0.499908 0.508353 0.956074 0.365783
78 0.503032 0.502592 0.968571 0.383065
95 0.503032 0.502592 0.968571 0.383065
12 0.503032 0.502592 0.968571 0.383065
17 0.505376 0.505184 0.970134 0.373272
109 0.505376 0.505184 0.970134 0.373272
81 0.505376 0.505184 0.970134 0.373272
101 0.505858 0.508641 0.988283 0.359447
66 0.503032 0.511233 0.981069 0.357719
74 0.503032 0.511233 0.981069 0.357719
78 0.499517 0.496544 0.966228 0.395161
79 0.497174 0.506336 0.959979 0.360599
108 0.497174 0.506336 0.959979 0.360599
104 0.502642 0.5 0.96779 0.375576
66 0.497565 0.508641 0.96076 0.360599
74 0.496002 0.508929 0.957636 0.360023
78 0.503813 0.508641 0.96076 0.374424
79 0.504595 0.50576 0.965447 0.373272
12 0.497174 0.510081 0.970915 0.36924
109 0.504595 0.50576 0.965447 0.373272
50 0.497174 0.510081 0.970915 0.36924
95 0.504595 0.50576 0.965447 0.373272
104 0.504595 0.50576 0.965447 0.373272
75 0.504595 0.50576 0.965447 0.373272
74 0.503423 0.515553 0.974039 0.367512
66 0.503423 0.515553 0.974039 0.367512
79 0.506938 0.515553 0.973258 0.37212
78 0.505376 0.513825 0.967009 0.373272
12 0.505376 0.513825 0.967009 0.373272
66 0.495612 0.509217 0.955293 0.354839
74 0.495612 0.509217 0.955293 0.354839
79 0.506938 0.50288 0.963885 0.376728
12 0.495612 0.509217 0.955293 0.354839
75 0.496783 0.509793 0.962323 0.354839
78 0.496783 0.509793 0.962323 0.354839
74 0.508109 0.503168 0.966228 0.377304
66 0.509281 0.504032 0.959198 0.380184
79 0.498346 0.509217 0.948263 0.357143
12 0.504595 0.504608 0.968571 0.375576
74 0.506157 0.508065 0.977945 0.367512
66 0.506157 0.508065 0.977945 0.367512
79 0.496783 0.508929 0.952949 0.353111
12 0.506157 0.508065 0.977945 0.367512
66 0.496783 0.510945 0.962323 0.353687
74 0.496783 0.510945 0.962323 0.353687
79 0.502251 0.510081 0.987318 0.351959
78 0.503032 0.507776 0.968571 0.368088
95 0.507328 0.50432 0.959979 0.377304
104 0.503032 0.507776 0.968571 0.368088
12 0.50147 0.509217 0.973258 0.368664
74 0.506157 0.50576 0.97482 0.360599
66 0.500689 0.501728 0.984194 0.37788
79 0.506157 0.50576 0.97482 0.360599
78 0.506157 0.505184 0.971696 0.365207
12 0.506157 0.505184 0.971696 0.365207
74 0.496783 0.509217 0.968571 0.351382
66 0.502251 0.502304 0.987318 0.383641
79 0.497565 0.511521 0.967009 0.346774
78 0.504595 0.506048 0.977945 0.36924
12 0.504595 0.506048 0.977945 0.36924
66 0.506938 0.508929 0.976382 0.358871
74 0.498346 0.509793 0.959198 0.349078
78 0.507328 0.509217 0.975601 0.357143
12 0.509672 0.509793 0.96779 0.364055
79 0.499127 0.511521 0.96076 0.343318
75 0.507328 0.509217 0.975601 0.357143
104 0.507328 0.509217 0.975601 0.357143
66 0.841251 0.502016 0.299945 0.36924
101 0.507328 0.509217 0.975601 0.357143
66 0.506157 0.513825 0.968571 0.364055
74 0.500689 0.512097 0.957636 0.355991
78 0.496783 0.512673 0.984194 0.373272
79 0.50147 0.513825 0.959198 0.354839
104 0.506157 0.512097 0.963885 0.365207
95 0.506157 0.512097 0.963885 0.365207
12 0.496783 0.512673 0.984194 0.373272
101 0.506157 0.512097 0.963885 0.365207
66 0.496002 0.506048 0.984194 0.373848
74 0.496783 0.506624 0.959198 0.355415
101 0.496783 0.0435268 0.959198 0.0870536
78 0.504594 0.507776 0.971696 0.362327
79 0.496783 0.509217 0.959198 0.349078
101 0.46593 0.0249136 0.931859 0.0498272
12 0.507328 0.506336 0.963104 0.37212
102 0.496783 0.0435268 0.959198 0.0870536
101 0.380594 0.0368304 0.761188 0.0736607
66 0.493659 0.509793 0.962323 0.364055
74 0.493659 0.509793 0.962323 0.364055
78 0.50147 0.509793 0.971696 0.374424
79 0.496002 0.513249 0.963885 0.357143
108 0.505376 0.511809 0.973258 0.36924
66 0.49444 0.513249 0.957636 0.357143
74 0.49444 0.513249 0.957636 0.357143
79 0.504204 0.510081 0.978726 0.362327
12 0.499517 0.506912 0.980288 0.374424
78 0.503813 0.513825 0.967009 0.366359
74 0.492097 0.509505 0.962323 0.361175
66 0.492097 0.509505 0.962323 0.361175
78 0.499517 0.509793 0.969353 0.373272
95 0.504985 0.510369 0.958417 0.375576
12 0.507719 0.511521 0.957636 0.37788
79 0.501861 0.509793 0.983413 0.364055
109 0.504985 0.510369 0.958417 0.375576
104 0.50147 0.513249 0.968571 0.374424
101 0.507719 0.511521 0.957636 0.37788
74 0.483505 0.511521 0.957636 0.353687
66 0.496002 0.507488 0.96076 0.359447
79 0.503032 0.507488 0.987318 0.352535
95 0.503813 0.509217 0.967009 0.375576
104 0.503032 0.511521 0.971696 0.366359
78 0.500689 0.507488 0.970134 0.366359
109 0.503813 0.509217 0.967009 0.375576
101 0.503813 0.509217 0.967009 0.375576
75 0.483505 0.511521 0.957636 0.353687
50 0.500689 0.507488 0.970134 0.366359
32 0.562396 0.0440668 0.257765 0.0877016
108 0.503032 0.507488 0.987318 0.352535
74 0.496783 0.508641 0.96076 0.360599
66 0.510062 0.509217 0.973258 0.37212
79 0.498346 0.512097 0.962323 0.354839
104 0.508109 0.509505 0.974039 0.36924
78 0.508109 0.509505 0.974039 0.36924
95 0.508109 0.509505 0.974039 0.36924
109 0.508109 0.509505 0.974039 0.36924
50 0.506547 0.511233 0.977164 0.364631
101 0.508109 0.509505 0.974039 0.36924
81 0.506547 0.511233 0.977164 0.364631
74 0.501861 0.513537 0.989661 0.360023
66 0.495221 0.511521 0.962323 0.362903
78 0.504594 0.511521 0.971696 0.380184
79 0.499908 0.513825 0.985756 0.358295
104 0.505766 0.515553 0.975601 0.369816
95 0.506157 0.515265 0.971696 0.376152
101 0.506157 0.515265 0.971696 0.376152
12 0.504594 0.511521 0.971696 0.380184
66 0.496783 0.511521 0.959198 0.366359
74 0.503813 0.512673 0.987318 0.366359
79 0.491316 0.512097 0.963885 0.360599
101 0.504204 0.512673 0.972477 0.376728
12 0.503813 0.510369 0.973258 0.37788
78 0.503423 0.510369 0.970915 0.382488
104 0.497565 0.512385 0.963885 0.357719
66 0.505766 0.507488 0.963104 0.381336
74 0.492878 0.511233 0.967009 0.366935
79 0.491316 0.516705 0.971696 0.365207
78 0.501079 0.511233 0.975601 0.377304
101 0.501079 0.511233 0.975601 0.377304
104 0.501079 0.511233 0.975601 0.377304
12 0.499908 0.508353 0.977945 0.379608
101 0.575767 0.0111607 0.848465 0.0223214
66 0.502251 0.507776 0.957636 0.38076
74 0.495221 0.511233 0.959198 0.363479
101 0.493659 0.046731 0.984194 0.093462
12 0.498346 0.508065 0.967009 0.379032
78 0.499127 0.509793 0.963885 0.376728
101 0.540525 0.0196933 0.913894 0.0393865
101 0.499127 0.509793 0.963885 0.376728
79 0.503423 0.513249 0.988099 0.358295
77 0.502251 0.0483151 0.957636 0.0966302
102 0.493659 0.046731 0.984194 0.093462
104 0.499127 0.509793 0.963885 0.376728
66 0.506938 0.5072 0.963885 0.376152
74 0.504595 0.511809 0.987318 0.356567
12 0.506938 0.5072 0.963885 0.376152
78 0.504594 0.511521 0.971696 0.368664
101 0.495221 0.047307 0.990442 0.0946141
79 0.504594 0.512673 0.984194 0.354839
77 0.50147 0.0496832 0.96076 0.0993664
74 0.498346 0.510945 0.956074 0.352535
66 0.5085 0.506624 0.970134 0.365783
12 0.5085 0.506624 0.970134 0.365783
79 0.499127 0.512673 0.956074 0.347926
78 0.506547 0.510081 0.974039 0.361175
34 0.506547 0.510081 0.974039 0.361175
74 0.500689 0.510657 0.959198 0.357719
66 0.508109 0.507776 0.966228 0.372696
79 0.505376 0.511809 0.965447 0.354263
78 0.506938 0.508641 0.973258 0.364055
74 0.506639 0.510945 0.986721 0.353687
66 0.5085 0.508353 0.963885 0.378456
102 0.506249 0.512385 0.987502 0.355415
79 0.505766 0.511521 0.972477 0.370968
66 0.506157 0.506048 0.965447 0.378456
74 0.504595 0.509793 0.987318 0.353687
79 0.496002 0.511521 0.96076 0.357143
78 0.505376 0.506624 0.967009 0.376152
66 0.503813 0.510369 0.973258 0.37788
74 0.503813 0.510369 0.98888 0.355991
79 0.503813 0.510369 0.98888 0.355991
74 0.504204 0.512385 0.988099 0.354263
66 0.505376 0.512673 0.970134 0.375576
79 0.504204 0.512385 0.988099 0.354263
74 0.502251 0.513537 0.985756 0.350806
66 0.506157 0.512673 0.97482 0.370968
101 0.500689 0.016093 0.990442 0.0321861
79 0.502251 0.513537 0.985756 0.350806
12 0.504594 0.509793 0.976382 0.373272
101 0.501079 0.0524914 0.994348 0.104983
74 0.499908 0.512097 0.959198 0.353687
66 0.506938 0.510945 0.973258 0.369816
101 0.502251 0.0534994 0.993567 0.106999
74 0.50147 0.511521 0.959198 0.354839
66 0.506938 0.509793 0.973258 0.367512
101 0.500298 0.0423027 0.992786 0.0846054
79 0.50147 0.511521 0.959198 0.354839
74 0.501079 0.512673 0.959979 0.353687
66 0.510062 0.50576 0.965447 0.373272
79 0.501079 0.512673 0.959979 0.353687
101 0.50147 0.0436348 0.992005 0.0872696
74 0.503813 0.513825 0.963885 0.35023
66 0.510062 0.5072 0.963885 0.370392
101 0.500689 0.0450029 0.993567 0.0900058
102 0.500689 0.0450029 0.993567 0.0900058
79 0.503813 0.513825 0.963885 0.35023
74 0.503032 0.514113 0.965447 0.349654
66 0.510453 0.509217 0.96779 0.37212
101 0.50147 0.0425547 0.996691 0.0851094
79 0.506639 0.513825 0.986721 0.349078
102 0.50147 0.0425547 0.996691 0.0851094
74 0.503423 0.514401 0.96779 0.351382
66 0.511624 0.510369 0.970134 0.37212
79 0.506249 0.513825 0.987502 0.352535
101 0.502343 0.0325101 0.995313 0.0650202
101 0.505468 0.0616359 0.989065 0.123272
102 0.502343 0.0325101 0.995313 0.0650202
102 0.505468 0.0616359 0.989065 0.123272
74 0.503423 0.512673 0.986537 0.352535
66 0.511624 0.510369 0.970134 0.370968
79 0.503423 0.512673 0.986537 0.352535
101 0.502734 0.0190812 0.994532 0.0381624
101 0.503124 0.0588998 0.993751 0.1178
102 0.502734 0.0190812 0.994532 0.0381624
74 0.504595 0.512673 0.987318 0.351382
66 0.510843 0.509793 0.971696 0.368664
79 0.504595 0.512673 0.987318 0.351382
101 0.501953 0.0166691 0.996094 0.0333381
101 0.505858 0.0640841 0.988283 0.128168
74 0.504204 0.512385 0.986537 0.351959
66 0.510453 0.510657 0.972477 0.373848
79 0.504204 0.512385 0.986537 0.351959
101 0.502343 0.0235455 0.995313 0.047091
74 0.503813 0.511809 0.985756 0.351959
66 0.510843 0.509505 0.971696 0.373848
79 0.506639 0.510945 0.986721 0.353687
74 0.503032 0.510945 0.984194 0.351382
66 0.510843 0.510657 0.971696 0.375
79 0.500689 0.510369 0.96076 0.355991
101 0.510062 0.509217 0.973258 0.37212
74 0.504595 0.510369 0.985756 0.352535
66 0.510062 0.509505 0.970134 0.375
79 0.499908 0.509793 0.959198 0.357143
101 0.510062 0.508065 0.971696 0.370968
74 0.502251 0.512097 0.963885 0.353687
66 0.510062 0.510081 0.970134 0.373848
79 0.50147 0.509793 0.96076 0.358295
101 0.509281 0.508641 0.971696 0.369816
12 0.509281 0.508641 0.971696 0.369816
101 0.501172 0.00660642 0.997657 0.0132128
74 0.502251 0.512385 0.96076 0.354263
66 0.508891 0.510081 0.969353 0.375
12 0.509281 0.508065 0.971696 0.370968
79 0.50147 0.509793 0.959198 0.358295
101 0.509281 0.508065 0.971696 0.370968
101 0.505376 0.00651642 0.982631 0.0130328
66 0.509281 0.509793 0.968571 0.373272
74 0.50147 0.511809 0.959198 0.353111
12 0.508891 0.507776 0.970915 0.36924
79 0.500298 0.509793 0.956855 0.357143
101 0.504594 0.00867656 0.984194 0.0173531
101 0.508891 0.507776 0.970915 0.36924
66 0.508891 0.509505 0.969353 0.372696
74 0.502251 0.510945 0.959198 0.353687
12 0.5085 0.508065 0.971696 0.368664
79 0.500298 0.508641 0.955293 0.358295
101 0.504594 0.00702045 0.984194 0.0140409
101 0.5085 0.508065 0.971696 0.368664
66 0.51553 0.508065 0.967009 0.37212
74 0.501079 0.510945 0.958417 0.352535
12 0.509281 0.507776 0.971696 0.36924
79 0.499127 0.508353 0.954512 0.356567
101 0.504204 0.0112327 0.984975 0.0224654
66 0.5085 0.509217 0.970134 0.37212
74 0.499517 0.510945 0.956855 0.352535
79 0.499127 0.508065 0.954512 0.357143
12 0.508891 0.507488 0.972477 0.368664
101 0.504594 0.0138969 0.984194 0.0277938
66 0.507719 0.509505 0.968571 0.371544
74 0.497955 0.510369 0.956855 0.352535
79 0.497565 0.508065 0.954512 0.357143
12 0.508109 0.506912 0.970915 0.367512
101 0.504594 0.0167771 0.984194 0.0335541
66 0.514749 0.508353 0.965447 0.370392
74 0.497565 0.510369 0.957636 0.352535
101 0.503813 0.0208453 0.984194 0.0416907
79 0.496783 0.508353 0.956074 0.357719
12 0.5085 0.506912 0.970134 0.367512
101 0.72574 0.0596918 0.548521 0.119384
66 0.514749 0.508353 0.967009 0.371544
74 0.496783 0.509793 0.959198 0.353687
101 0.503813 0.0254176 0.985756 0.0508353
12 0.5085 0.506624 0.971696 0.368088
79 0.496783 0.509793 0.959198 0.353687
101 0.504595 0.0545075 0.987318 0.109015
101 0.703869 0.0580357 0.592263 0.116071
66 0.514749 0.507488 0.967009 0.370968
74 0.496002 0.509793 0.959198 0.352535
101 0.504594 0.0280818 0.984194 0.0561636
12 0.5085 0.506048 0.971696 0.366935
79 0.496002 0.509793 0.959198 0.352535
101 0.505376 0.0547235 0.987318 0.109447
101 0.696058 0.0535714 0.607885 0.107143
66 0.514749 0.507776 0.965447 0.371544
74 0.496002 0.509793 0.957636 0.352535
12 0.5085 0.506336 0.971696 0.367511
79 0.496002 0.509793 0.957636 0.352535
101 0.505766 0.0265697 0.98185 0.0531394
101 0.506938 0.0548675 0.985756 0.109735
101 0.373369 0.015697 0.746737 0.031394
66 0.515139 0.506336 0.966228 0.373272
74 0.495221 0.510081 0.959198 0.353111
12 0.5085 0.506912 0.971696 0.368664
79 0.495221 0.510081 0.959198 0.353111
101 0.506157 0.0267137 0.981069 0.0534274
101 0.507328 0.0548675 0.984975 0.109735
101 0.373369 0.0167771 0.746737 0.0335541
66 0.5085 0.508641 0.970134 0.37212
74 0.495612 0.510081 0.958417 0.353111
79 0.495612 0.510081 0.958417 0.353111
12 0.5085 0.506624 0.971696 0.368088
101 0.507328 0.0264977 0.978726 0.0529954
101 0.373173 0.0169931 0.746347 0.0339862
101 0.501079 0.0540755 0.994348 0.108151
66 0.508891 0.508641 0.969353 0.37212
74 0.496002 0.509793 0.959198 0.352535
79 0.496002 0.509793 0.959198 0.352535
101 0.50147 0.0538594 0.995129 0.107719
101 0.507719 0.0287298 0.979507 0.0574597
12 0.5085 0.506624 0.971696 0.368088
101 0.373173 0.0186852 0.746347 0.0373704
66 0.508891 0.508641 0.969353 0.37212
74 0.496783 0.510081 0.959198 0.353111
79 0.505376 0.508353 0.977945 0.364631
101 0.500689 0.0532834 0.995129 0.106567
101 0.373173 0.0218174 0.746347 0.0436348
12 0.5085 0.506912 0.971696 0.368664
66 0.508891 0.508929 0.969353 0.372696
74 0.496393 0.510369 0.958417 0.352535
79 0.496393 0.508065 0.956855 0.357143
101 0.500689 0.0529234 0.995129 0.105847
12 0.5085 0.506912 0.973258 0.368664
101 0.373369 0.0221774 0.746737 0.0443548
66 0.5085 0.508641 0.970134 0.37212
74 0.496783 0.510081 0.959198 0.353111
101 0.50147 0.0532114 0.995129 0.106423
79 0.496783 0.508065 0.956074 0.357143
12 0.5085 0.506912 0.973258 0.368664
66 0.508891 0.508641 0.969353 0.37212
74 0.497565 0.510081 0.957636 0.353111
101 0.501079 0.0534274 0.99591 0.106855
79 0.506157 0.508353 0.977945 0.364631
12 0.5085 0.506912 0.973258 0.367512
66 0.5085 0.508353 0.970134 0.372696
74 0.497174 0.510081 0.958417 0.353111
101 0.50147 0.0540035 0.995129 0.108007
79 0.506157 0.508065 0.977945 0.365207
66 0.509281 0.508353 0.968571 0.372696
74 0.497565 0.510081 0.957636 0.353111
101 0.50147 0.0538594 0.995129 0.107719
79 0.506157 0.508065 0.977945 0.365207
74 0.497565 0.510081 0.957636 0.353111
66 0.509281 0.508065 0.968571 0.373272
101 0.501079 0.0535714 0.99591 0.107143
79 0.506157 0.507776 0.977945 0.364631
74 0.497955 0.509793 0.958417 0.352535
66 0.509281 0.508065 0.968571 0.373272
101 0.501079 0.0534274 0.99591 0.106855
79 0.497565 0.508065 0.956074 0.357143
74 0.497955 0.510081 0.958417 0.353111
66 0.509281 0.508065 0.968571 0.373272
101 0.50147 0.0535714 0.995129 0.107143
79 0.497565 0.508065 0.956074 0.357143
74 0.498346 0.509793 0.959198 0.353687
66 0.509281 0.508065 0.968571 0.373272
101 0.50147 0.0535714 0.995129 0.107143
79 0.497565 0.508065 0.956074 0.357143
74 0.498346 0.509793 0.959198 0.353687
66 0.509281 0.508065 0.968571 0.373272
101 0.50147 0.0535714 0.995129 0.107143
79 0.497174 0.508065 0.956855 0.357143
74 0.498346 0.509793 0.959198 0.353687
66 0.509281 0.508065 0.968571 0.373272
101 0.50147 0.0536434 0.995129 0.107287
79 0.497565 0.508065 0.957636 0.357143
74 0.498346 0.509793 0.959198 0.353687
66 0.509281 0.508065 0.968571 0.373272
101 0.50147 0.0538594 0.995129 0.107719
79 0.497565 0.508065 0.956074 0.357143
74 0.498346 0.510081 0.959198 0.353111
66 0.509672 0.508353 0.96779 0.372696
101 0.50147 0.0540755 0.995129 0.108151
79 0.497565 0.508065 0.957636 0.357143
74 0.498346 0.510081 0.959198 0.353111
66 0.509672 0.508353 0.96779 0.372696
101 0.50147 0.0543635 0.995129 0.108727
79 0.497955 0.508065 0.956855 0.357143
74 0.498736 0.510081 0.958417 0.353111
66 0.509672 0.508353 0.96779 0.372696
101 0.50147 0.0545795 0.995129 0.109159
79 0.497955 0.508065 0.956855 0.357143
74 0.499127 0.510081 0.959198 0.353111
66 0.509672 0.508353 0.96779 0.372696
79 0.497955 0.508065 0.956855 0.357143
101 0.50147 0.0545075 0.995129 0.109015
74 0.499127 0.510369 0.959198 0.353687
66 0.509672 0.508353 0.96779 0.372696
79 0.497955 0.508353 0.956855 0.357719
101 0.501861 0.0544355 0.99591 0.108871
74 0.499127 0.510369 0.959198 0.353687
66 0.509672 0.508641 0.96779 0.373272
79 0.498346 0.508065 0.956074 0.357143
101 0.50147 0.0545795 0.996691 0.109159
74 0.499908 0.510657 0.959198 0.353111
66 0.506938 0.50576 0.977945 0.376728
79 0.498346 0.508065 0.956074 0.357143
101 0.50147 0.0546515 0.996691 0.109303
74 0.499908 0.510369 0.959198 0.352535
66 0.506938 0.50576 0.977945 0.376728
79 0.498346 0.508353 0.956074 0.357719
101 0.50147 0.0547235 0.996691 0.109447
74 0.499908 0.510369 0.959198 0.352535
66 0.506938 0.50576 0.977945 0.37788
79 0.498346 0.508641 0.956074 0.357143
101 0.50147 0.0550115 0.996691 0.110023
74 0.499908 0.510657 0.959198 0.353111
66 0.506938 0.506048 0.977945 0.377304
79 0.498346 0.508353 0.956074 0.357719
101 0.501861 0.0552275 0.99591 0.110455
74 0.499908 0.510369 0.959198 0.353687
66 0.506938 0.50576 0.977945 0.376728
79 0.498346 0.508353 0.956074 0.357719
101 0.50147 0.0553715 0.996691 0.110743
74 0.499908 0.510657 0.959198 0.353111
66 0.509281 0.508641 0.968571 0.373272
79 0.498346 0.508353 0.956074 0.357719
101 0.501861 0.0551555 0.99591 0.110311
74 0.499517 0.510369 0.959979 0.352535
66 0.509281 0.508641 0.968571 0.373272
79 0.498346 0.508065 0.956074 0.357143
101 0.501861 0.0552275 0.99591 0.110455
74 0.499908 0.510369 0.959198 0.352535
66 0.509281 0.508065 0.968571 0.373272
79 0.498346 0.508065 0.956074 0.357143
101 0.50147 0.0550835 0.996691 0.110167
74 0.499908 0.510369 0.959198 0.352535
66 0.509281 0.508065 0.968571 0.373272
79 0.498346 0.508065 0.957636 0.357143
74 0.499908 0.510081 0.959198 0.353111
66 0.509281 0.508065 0.968571 0.373272
79 0.498346 0.508065 0.957636 0.357143
74 0.499517 0.510081 0.959979 0.353111
66 0.509281 0.508065 0.968571 0.373272
79 0.498346 0.507776 0.957636 0.357719
74 0.499517 0.510369 0.959979 0.353687
66 0.509281 0.508065 0.968571 0.373272
79 0.498346 0.507776 0.957636 0.357719
74 0.499908 0.510081 0.96076 0.353111
66 0.509281 0.508065 0.968571 0.373272
79 0.498736 0.508065 0.958417 0.358295
74 0.499908 0.510369 0.962323 0.353687
66 0.509281 0.508641 0.968571 0.373272
79 0.498736 0.507776 0.958417 0.357719
74 0.499908 0.510081 0.962323 0.353111
66 0.509281 0.508641 0.968571 0.373272
79 0.498736 0.508065 0.958417 0.358295
74 0.499908 0.510369 0.962323 0.353687
66 0.508891 0.508641 0.969353 0.373272
79 0.498346 0.508065 0.959198 0.358295
74 0.499908 0.510369 0.962323 0.353687
66 0.508891 0.508641 0.969353 0.373272
79 0.498346 0.508065 0.959198 0.358295
74 0.499908 0.510369 0.962323 0.353687
66 0.508891 0.508641 0.969353 0.373272
79 0.498346 0.508065 0.959198 0.358295
74 0.499908 0.510369 0.962323 0.353687
66 0.508891 0.508641 0.969353 0.374424
79 0.498346 0.508065 0.959198 0.358295
74 0.499908 0.510369 0.962323 0.353687
66 0.508891 0.508641 0.969353 0.374424
79 0.498346 0.508065 0.959198 0.358295
74 0.499908 0.510369 0.962323 0.353687
66 0.508891 0.508641 0.969353 0.374424
79 0.505766 0.507488 0.978726 0.365207
74 0.499908 0.510369 0.962323 0.353687
66 0.508891 0.508641 0.969353 0.374424
79 0.505766 0.507488 0.978726 0.365207
74 0.499908 0.510081 0.962323 0.353111
66 0.5085 0.508641 0.970134 0.374424
79 0.505766 0.507488 0.978726 0.365207
74 0.499517 0.510369 0.963104 0.353687
66 0.5085 0.508929 0.970134 0.373848
79 0.498346 0.508065 0.959198 0.358295
74 0.499908 0.510081 0.962323 0.353111
66 0.5085 0.508641 0.970134 0.374424
79 0.498346 0.508065 0.959198 0.358295
74 0.499908 0.509793 0.962323 0.353687
66 0.504985 0.506048 0.980288 0.376152
79 0.498736 0.508065 0.959979 0.358295
74 0.499908 0.509793 0.962323 0.353687
66 0.505376 0.506048 0.979507 0.376152
79 0.498346 0.507776 0.959198 0.357719
74 0.499908 0.510081 0.962323 0.354263
66 0.5085 0.508929 0.970134 0.373848
79 0.498736 0.507776 0.959979 0.357719
74 0.499517 0.509793 0.963104 0.353687
66 0.5085 0.508929 0.970134 0.373848
79 0.498346 0.507776 0.959198 0.357719
74 0.499517 0.510081 0.963104 0.354263
66 0.5085 0.508929 0.970134 0.373848
79 0.505766 0.507488 0.978726 0.365207
74 0.499127 0.510081 0.962323 0.354263
66 0.505376 0.506048 0.979507 0.376152
79 0.505376 0.506912 0.977945 0.365207
74 0.498736 0.510081 0.961541 0.354263
66 0.505376 0.506336 0.979507 0.375576
79 0.505766 0.507488 0.978726 0.365207
74 0.498346 0.509793 0.962323 0.354839
66 0.505376 0.506336 0.979507 0.375576
79 0.505766 0.507488 0.978726 0.365207
74 0.498346 0.509793 0.962323 0.354839
66 0.505376 0.506336 0.979507 0.375576
79 0.505376 0.5072 0.977945 0.364631
74 0.498346 0.509793 0.962323 0.354839
66 0.505376 0.506336 0.979507 0.375576
79 0.505376 0.507488 0.977945 0.365207
74 0.498346 0.509793 0.962323 0.354839
66 0.505376 0.506336 0.979507 0.375576
79 0.505376 0.506912 0.977945 0.365207
74 0.498346 0.509793 0.962323 0.354839
66 0.505376 0.506336 0.979507 0.375576
79 0.505376 0.507488 0.977945 0.365207
74 0.498346 0.509793 0.962323 0.354839
66 0.505376 0.506336 0.979507 0.375576
79 0.505376 0.507488 0.977945 0.365207
74 0.498346 0.510081 0.962323 0.355415
66 0.505376 0.506624 0.979507 0.375
79 0.505376 0.507488 0.977945 0.365207
