48 0.504743 0.45546 0.97984 0.539655
50 0.509423 0.460848 0.972039 0.528879
109 0.504743 0.45546 0.97984 0.539655
49 0.509423 0.460848 0.972039 0.528879
53 0.504743 0.45546 0.97984 0.539655
54 0.504743 0.45546 0.97984 0.539655
79 0.509423 0.460848 0.972039 0.528879
68 0.509423 0.460848 0.972039 0.528879
104 0.504743 0.45546 0.97984 0.539655
56 0.509423 0.460848 0.972039 0.528879
75 0.509423 0.460848 0.972039 0.528879
84 0.504743 0.45546 0.97984 0.539655
111 0.509423 0.460848 0.972039 0.528879
50 0.496161 0.562213 0.968918 0.346839
95 0.509423 0.460848 0.972039 0.528879
74 0.509423 0.460848 0.972039 0.528879
67 0.509423 0.460848 0.972039 0.528879
17 0.509423 0.460848 0.972039 0.528879
97 0.509423 0.460848 0.972039 0.528879
47 0.504743 0.454023 0.97828 0.547126
101 0.504743 0.45546 0.97984 0.539655
46 0.509423 0.460848 0.972039 0.528879
100 0.509423 0.460848 0.972039 0.528879
103 0.506303 0.458046 0.975159 0.549425
81 0.504743 0.45546 0.97984 0.539655
48 0.496161 0.562213 0.968918 0.346839
77 0.509423 0.460848 0.972039 0.528879
105 0.509423 0.460848 0.972039 0.528879
73 0.506303 0.458046 0.975159 0.549425
42 0.509423 0.460848 0.972039 0.528879
102 0.509423 0.460848 0.972039 0.528879
76 0.504743 0.45546 0.97984 0.539655
53 0.493041 0.551868 0.957997 0.356035
66 0.509423 0.460848 0.972039 0.528879
49 0.468467 0.579885 0.932252 0.318391
68 0.496161 0.562213 0.968918 0.346839
79 0.496161 0.562213 0.968918 0.346839
101 0.496161 0.562213 0.968918 0.346839
67 0.496161 0.562213 0.968918 0.346839
110 0.504743 0.474425 0.97984 0.506322
41 0.504743 0.45546 0.97984 0.539655
80 0.504743 0.45546 0.97984 0.539655
95 0.496161 0.562213 0.968918 0.346839
109 0.496161 0.562213 0.968918 0.346839
104 0.496161 0.562213 0.968918 0.346839
54 0.496161 0.562213 0.968918 0.346839
108 0.509423 0.460848 0.972039 0.528879
46 0.496161 0.562213 0.968918 0.346839
33 0.509423 0.460848 0.972039 0.528879
14 0.504743 0.474425 0.97984 0.506322
56 0.498892 0.538506 0.971259 0.391954
48 0.439212 0.608621 0.865942 0.267816
11 0.509423 0.460848 0.972039 0.528879
38 0.504743 0.454023 0.97828 0.547126
47 0.493041 0.551868 0.957997 0.356035
97 0.496161 0.562213 0.968918 0.346839
50 0.439212 0.608621 0.865942 0.267816
16 0.508643 0.460273 0.973599 0.531178
110 0.496161 0.562213 0.968918 0.346839
0 0.504743 0.45546 0.97984 0.539655
76 0.496161 0.562213 0.968918 0.346839
84 0.496161 0.562213 0.968918 0.346839
34 0.511764 0.460273 0.967358 0.542672
5 0.504743 0.45546 0.97984 0.539655
53 0.439212 0.608621 0.865942 0.267816
75 0.468467 0.579885 0.932252 0.318391
99 0.505523 0.517529 0.97672 0.422414
52 0.514104 0.44533 0.961117 0.56796
78 0.511764 0.460273 0.967358 0.542672
102 0.496161 0.562213 0.968918 0.346839
7 0.502402 0.466092 0.982961 0.521839
42 0.468467 0.579885 0.932252 0.318391
101 0.439212 0.608621 0.865942 0.267816
74 0.496161 0.562213 0.968918 0.346839
51 0.504743 0.45546 0.97984 0.539655
15 0.502402 0.466092 0.982961 0.521839
81 0.496551 0.566092 0.957217 0.332184
31 0.504743 0.474425 0.97984 0.506322
17 0.498892 0.538506 0.971259 0.391954
111 0.496161 0.562213 0.968918 0.346839
14 0.496161 0.562213 0.968918 0.346839
100 0.496161 0.562213 0.968918 0.346839
12 0.502402 0.466092 0.982961 0.521839
67 0.439212 0.608621 0.865942 0.267816
103 0.496161 0.562213 0.968918 0.346839
26 0.509423 0.460848 0.972039 0.528879
4 0.508643 0.460273 0.973599 0.531178
79 0.439212 0.608621 0.865942 0.267816
54 0.439212 0.608621 0.865942 0.267816
73 0.496161 0.562213 0.968918 0.346839
109 0.439212 0.608621 0.865942 0.267816
105 0.496161 0.562213 0.968918 0.346839
94 0.493821 0.513218 0.961117 0.433333
13 0.509423 0.460848 0.972039 0.528879
66 0.496161 0.562213 0.968918 0.346839
104 0.439212 0.608621 0.865942 0.267816
16 0.498892 0.538506 0.971259 0.391954
31 0.493041 0.551868 0.957997 0.356035
7 0.496161 0.562213 0.968918 0.346839
38 0.464956 0.597845 0.923671 0.282471
77 0.496161 0.562213 0.968918 0.346839
24 0.504743 0.45546 0.97984 0.539655
28 0.511764 0.460273 0.967358 0.542672
41 0.439212 0.608621 0.865942 0.267816
65 0.493821 0.513218 0.961117 0.433333
111 0.439212 0.608621 0.865942 0.267816
5 0.498892 0.538506 0.971259 0.391954
108 0.496161 0.562213 0.968918 0.346839
48 0.506303 0.46602 0.984521 0.542672
46 0.506303 0.46602 0.984521 0.542672
111 0.506303 0.46602 0.984521 0.542672
50 0.506303 0.46602 0.984521 0.542672
54 0.506303 0.46602 0.984521 0.542672
56 0.506303 0.46602 0.984521 0.542672
101 0.506303 0.46602 0.984521 0.542672
68 0.506303 0.46602 0.984521 0.542672
75 0.506303 0.46602 0.984521 0.542672
99 0.506303 0.46602 0.984521 0.542672
109 0.506303 0.46602 0.984521 0.542672
110 0.506303 0.46602 0.984521 0.542672
67 0.506303 0.46602 0.984521 0.542672
52 0.506303 0.46602 0.984521 0.542672
41 0.506303 0.46602 0.984521 0.542672
104 0.506303 0.46602 0.984521 0.542672
95 0.498111 0.471264 0.963457 0.541379
42 0.506303 0.46602 0.984521 0.542672
53 0.506303 0.46602 0.984521 0.542672
80 0.506303 0.46602 0.984521 0.542672
103 0.506303 0.46602 0.984521 0.542672
84 0.506303 0.464655 0.984521 0.535057
100 0.506303 0.46602 0.984521 0.542672
81 0.506303 0.46602 0.984521 0.542672
105 0.506303 0.46602 0.984521 0.542672
49 0.506303 0.46602 0.984521 0.542672
66 0.506303 0.46602 0.984521 0.542672
17 0.506303 0.46602 0.984521 0.542672
47 0.506303 0.46602 0.984521 0.542672
77 0.506303 0.464655 0.984521 0.535057
108 0.506303 0.464655 0.984521 0.535057
48 0.461445 0.533621 0.905728 0.431609
74 0.506303 0.46602 0.984521 0.542672
73 0.506303 0.46602 0.984521 0.542672
102 0.506303 0.46602 0.984521 0.542672
97 0.506303 0.46602 0.984521 0.542672
50 0.506241 0.883621 0.987518 0.232759
78 0.506303 0.464655 0.984521 0.535057
76 0.498111 0.471264 0.963457 0.541379
79 0.506303 0.46602 0.984521 0.542672
111 0.509362 0.88046 0.981277 0.23908
48 0.509362 0.88046 0.981277 0.23908
51 0.506303 0.464655 0.984521 0.535057
33 0.496941 0.466379 0.956436 0.536207
111 0.461445 0.533621 0.905728 0.431609
68 0.495381 0.881609 0.9814 0.236782
46 0.495381 0.881609 0.9814 0.236782
48 0.379922 0.567672 0.743462 0.361207
50 0.529255 0.937356 0.94149 0.125287
101 0.495381 0.881609 0.9814 0.236782
50 0.461445 0.533621 0.905728 0.431609
101 0.461445 0.533621 0.905728 0.431609
48 0.455204 0.921839 0.902608 0.156322
49 0.495381 0.881609 0.9814 0.236782
47 0.461445 0.533621 0.905728 0.431609
99 0.509362 0.88046 0.981277 0.23908
75 0.461445 0.533621 0.905728 0.431609
109 0.461445 0.533621 0.905728 0.431609
67 0.461445 0.533621 0.905728 0.431609
53 0.461445 0.533621 0.905728 0.431609
110 0.509362 0.88046 0.981277 0.23908
100 0.509362 0.88046 0.981277 0.23908
68 0.508581 0.920115 0.982837 0.15977
76 0.509362 0.88046 0.981277 0.23908
73 0.506241 0.883621 0.987518 0.232759
68 0.461445 0.533621 0.905728 0.431609
46 0.461445 0.533621 0.905728 0.431609
99 0.461445 0.533621 0.905728 0.431609
105 0.461445 0.533621 0.905728 0.431609
102 0.461445 0.533621 0.905728 0.431609
109 0.506241 0.883621 0.987518 0.232759
48 0.340526 0.489152 0.662328 0.5125
35 0.506303 0.46602 0.984521 0.542672
50 0.379922 0.567672 0.743462 0.361207
66 0.461445 0.533621 0.905728 0.431609
111 0.379922 0.567672 0.743462 0.361207
95 0.379922 0.567672 0.743462 0.361207
49 0.529255 0.937356 0.94149 0.125287
46 0.529255 0.937356 0.94149 0.125287
110 0.461445 0.533621 0.905728 0.431609
67 0.495381 0.881609 0.9814 0.236782
99 0.508581 0.920115 0.982837 0.15977
52 0.461445 0.533621 0.905728 0.431609
73 0.461445 0.533621 0.905728 0.431609
102 0.495381 0.881609 0.9814 0.236782
51 0.509362 0.88046 0.981277 0.23908
28 0.496941 0.466379 0.956436 0.536207
53 0.379922 0.567672 0.743462 0.361207
101 0.529255 0.937356 0.94149 0.125287
67 0.379922 0.567672 0.743462 0.361207
67 0.455204 0.921839 0.902608 0.156322
49 0.461445 0.533621 0.905728 0.431609
75 0.506241 0.883621 0.987518 0.232759
68 0.570211 0.941954 0.859577 0.116092
111 0.529255 0.937356 0.94149 0.125287
54 0.461445 0.533621 0.905728 0.431609
103 0.461445 0.533621 0.905728 0.431609
48 0.237159 0.575862 0.452474 0.335632
50 0.542189 0.383908 0.912749 0.496552
101 0.379922 0.567672 0.743462 0.361207
95 0.506241 0.883621 0.987518 0.232759
111 0.453254 0.912644 0.903388 0.174713
102 0.379922 0.567672 0.743462 0.361207
84 0.461445 0.533621 0.905728 0.431609
48 0.570211 0.941954 0.859577 0.116092
77 0.506241 0.883621 0.987518 0.232759
48 0.510203 0.339727 0.962677 0.395259
53 0.495381 0.881609 0.9814 0.236782
111 0.340526 0.489152 0.662328 0.5125
46 0.379922 0.567672 0.743462 0.361207
56 0.461445 0.533621 0.905728 0.431609
68 0.379922 0.567672 0.743462 0.361207
110 0.508581 0.920115 0.982837 0.15977
77 0.461445 0.533621 0.905728 0.431609
50 0.4279 0.918966 0.85424 0.162069
102 0.455204 0.921839 0.902608 0.156322
47 0.495381 0.881609 0.9814 0.236782
108 0.500062 0.45 0.984521 0.566667
81 0.498502 0.459124 0.984521 0.585201
79 0.498502 0.475575 0.993882 0.555747
95 0.498502 0.459124 0.984521 0.585201
78 0.500062 0.45 0.984521 0.566667
56 0.500062 0.45 0.984521 0.566667
84 0.498502 0.459124 0.984521 0.585201
52 0.498502 0.459124 0.984521 0.585201
104 0.498502 0.459124 0.984521 0.585201
53 0.498502 0.459124 0.984521 0.585201
74 0.498502 0.459124 0.984521 0.585201
80 0.500062 0.45 0.984521 0.566667
48 0.502402 0.440517 0.987641 0.623563
75 0.498502 0.459124 0.984521 0.585201
68 0.502402 0.464296 0.973599 0.569109
105 0.498502 0.459124 0.984521 0.585201
33 0.498502 0.475575 0.993882 0.555747
17 0.502402 0.440517 0.987641 0.623563
66 0.498502 0.475575 0.993882 0.555747
41 0.498502 0.459124 0.984521 0.585201
54 0.498502 0.459124 0.984521 0.585201
76 0.498502 0.459124 0.984521 0.585201
109 0.498502 0.459124 0.984521 0.585201
97 0.498502 0.459124 0.984521 0.585201
111 0.498502 0.459124 0.984521 0.585201
110 0.502402 0.464296 0.973599 0.569109
101 0.502402 0.464296 0.973599 0.569109
77 0.502402 0.464296 0.973599 0.569109
78 0.516444 0.399425 0.959557 0.798851
99 0.502402 0.440517 0.987641 0.623563
51 0.502402 0.440517 0.987641 0.623563
67 0.502402 0.464296 0.973599 0.569109
95 0.516444 0.399425 0.959557 0.798851
49 0.502402 0.464296 0.973599 0.569109
108 0.516444 0.399425 0.959557 0.798851
48 0.505133 0.698276 0.97906 0.603448
46 0.502402 0.440517 0.987641 0.623563
47 0.502402 0.440517 0.987641 0.623563
56 0.516444 0.399425 0.959557 0.798851
81 0.516444 0.399425 0.959557 0.798851
52 0.516444 0.399425 0.959557 0.798851
14 0.498502 0.459124 0.984521 0.585201
68 0.505133 0.698276 0.97906 0.603448
79 0.531267 0.374713 0.912749 0.736782
103 0.498502 0.475575 0.993882 0.555747
73 0.504743 0.430172 0.984521 0.602874
53 0.516444 0.399425 0.959557 0.798851
6 0.502402 0.440517 0.987641 0.623563
80 0.516444 0.399425 0.959557 0.798851
78 0.510203 0.363218 0.964238 0.441379
74 0.516444 0.399425 0.959557 0.798851
104 0.516444 0.399425 0.959557 0.798851
50 0.502402 0.464296 0.973599 0.569109
102 0.502402 0.464296 0.973599 0.569109
2 0.497721 0.479957 0.989202 0.540086
53 0.505133 0.698276 0.97906 0.603448
68 0.465346 0.536782 0.911969 0.428736
84 0.516444 0.399425 0.959557 0.798851
100 0.503182 0.435057 0.97828 0.601149
66 0.531267 0.374713 0.912749 0.736782
42 0.500062 0.45 0.984521 0.566667
108 0.510203 0.363218 0.964238 0.441379
68 0.516444 0.399425 0.959557 0.798851
84 0.505133 0.698276 0.97906 0.603448
109 0.505133 0.698276 0.97906 0.603448
111 0.505133 0.698276 0.97906 0.603448
108 0.517615 0.247414 0.961897 0.494828
68 0.517615 0.247414 0.961897 0.494828
74 0.502402 0.471552 0.967358 0.53046
33 0.502402 0.471552 0.967358 0.53046
41 0.502402 0.471552 0.967358 0.53046
42 0.500452 0.427586 0.971259 0.606897
75 0.506303 0.460057 0.947075 0.545402
97 0.506303 0.460057 0.947075 0.545402
17 0.502402 0.471552 0.967358 0.53046
80 0.502402 0.471552 0.967358 0.53046
66 0.499672 0.469037 0.97594 0.53319
108 0.502402 0.471552 0.967358 0.53046
79 0.499672 0.469037 0.97594 0.53319
104 0.499672 0.469037 0.97594 0.53319
54 0.502402 0.471552 0.967358 0.53046
100 0.500452 0.427586 0.971259 0.606897
28 0.502402 0.471552 0.967358 0.53046
76 0.503182 0.456322 0.953316 0.54023
32 0.506303 0.460057 0.947075 0.545402
105 0.499672 0.469037 0.97594 0.53319
48 0.504743 0.428736 0.968918 0.6
46 0.504743 0.428736 0.968918 0.6
41 0.507083 0.371264 0.957997 0.463218
21 0.502402 0.471552 0.967358 0.53046
50 0.500062 0.429023 0.967358 0.589081
14 0.502402 0.471552 0.967358 0.53046
73 0.500452 0.427586 0.971259 0.606897
74 0.507083 0.371264 0.957997 0.463218
16 0.502402 0.471552 0.967358 0.53046
33 0.507083 0.371264 0.957997 0.463218
84 0.506303 0.460057 0.947075 0.545402
78 0.49226 0.470402 0.950195 0.545402
95 0.499672 0.469037 0.97594 0.53319
47 0.504743 0.428736 0.968918 0.6
103 0.503962 0.461494 0.951756 0.554023
6 0.502402 0.471552 0.967358 0.53046
23 0.502402 0.471552 0.967358 0.53046
80 0.524246 0.382471 0.922111 0.501724
97 0.507083 0.371264 0.957997 0.463218
52 0.503962 0.461494 0.951756 0.554023
26 0.500062 0.429023 0.967358 0.589081
81 0.499672 0.469037 0.97594 0.53319
75 0.507083 0.371264 0.957997 0.463218
49 0.504743 0.428736 0.968918 0.6
24 0.502402 0.471552 0.967358 0.53046
108 0.507083 0.371264 0.957997 0.463218
42 0.504743 0.388506 0.950195 0.4
35 0.502402 0.471552 0.967358 0.53046
15 0.500452 0.427586 0.971259 0.606897
3 0.502402 0.471552 0.967358 0.53046
99 0.506303 0.460057 0.947075 0.545402
17 0.524246 0.382471 0.922111 0.501724
42 0.506693 0.543822 0.97906 0.411207
53 0.503962 0.461494 0.951756 0.554023
56 0.49226 0.470402 0.950195 0.545402
13 0.502402 0.471552 0.967358 0.53046
66 0.507083 0.371264 0.957997 0.463218
75 0.506693 0.543822 0.97906 0.411207
54 0.507083 0.371264 0.957997 0.463218
9 0.500452 0.427586 0.971259 0.606897
104 0.493821 0.57342 0.953316 0.347414
74 0.493821 0.57342 0.953316 0.347414
5 0.506303 0.460057 0.947075 0.545402
10 0.499672 0.469037 0.97594 0.53319
2 0.500062 0.429023 0.967358 0.589081
19 0.502402 0.471552 0.967358 0.53046
52 0.506693 0.543822 0.97906 0.411207
68 0.507473 0.611351 0.98062 0.296839
97 0.506693 0.543822 0.97906 0.411207
41 0.500842 0.209626 0.964238 0.419253
28 0.498501 0.39023 0.961117 0.383908
67 0.499672 0.469037 0.97594 0.53319
66 0.493821 0.57342 0.953316 0.347414
32 0.507083 0.371264 0.957997 0.463218
41 0.509423 0.436207 0.965798 0.598851
80 0.516444 0.43477 0.957997 0.608621
97 0.514494 0.468966 0.946295 0.567816
33 0.520735 0.42931 0.940054 0.608046
17 0.514494 0.468966 0.946295 0.567816
54 0.510203 0.432759 0.970479 0.614943
42 0.516444 0.43477 0.957997 0.608621
48 0.523076 0.443678 0.935373 0.596552
56 0.523076 0.443678 0.935373 0.596552
108 0.520735 0.42931 0.940054 0.608046
76 0.514494 0.468966 0.946295 0.567816
100 0.514494 0.468966 0.946295 0.567816
49 0.514494 0.468966 0.946295 0.567816
53 0.523076 0.443678 0.935373 0.596552
84 0.523076 0.443678 0.935373 0.596552
73 0.523076 0.443678 0.935373 0.596552
75 0.520735 0.42931 0.940054 0.608046
79 0.520735 0.42931 0.940054 0.608046
52 0.510203 0.432759 0.970479 0.614943
66 0.514494 0.468966 0.946295 0.567816
74 0.514494 0.468966 0.946295 0.567816
50 0.514494 0.468966 0.946295 0.567816
111 0.523076 0.443678 0.935373 0.596552
47 0.514494 0.468966 0.946295 0.567816
95 0.514494 0.468966 0.946295 0.567816
51 0.523076 0.443678 0.935373 0.596552
99 0.523076 0.443678 0.935373 0.596552
16 0.520735 0.42931 0.940054 0.608046
46 0.523076 0.443678 0.935373 0.596552
103 0.509423 0.436207 0.965798 0.598851
68 0.514494 0.468966 0.946295 0.567816
104 0.509423 0.436207 0.965798 0.598851
28 0.520735 0.42931 0.940054 0.608046
14 0.514494 0.468966 0.946295 0.567816
15 0.515664 0.456609 0.943954 0.578736
6 0.515664 0.456609 0.943954 0.578736
110 0.514494 0.468966 0.946295 0.567816
67 0.514494 0.468966 0.946295 0.567816
101 0.514494 0.468966 0.946295 0.567816
81 0.520735 0.42931 0.940054 0.608046
105 0.509423 0.436207 0.965798 0.598851
21 0.514494 0.468966 0.946295 0.567816
11 0.514494 0.468966 0.946295 0.567816
20 0.514494 0.468966 0.946295 0.567816
78 0.514494 0.468966 0.946295 0.567816
19 0.514494 0.468966 0.946295 0.567816
68 0.503962 0.555172 0.961117 0.406897
13 0.514494 0.468966 0.946295 0.567816
54 0.494601 0.472342 0.970479 0.558764
42 0.494601 0.472342 0.970479 0.558764
80 0.510203 0.451437 0.975159 0.578736
52 0.494601 0.472342 0.970479 0.558764
53 0.494601 0.472342 0.970479 0.558764
41 0.508643 0.446264 0.97828 0.58908
75 0.508643 0.446264 0.97828 0.58908
33 0.508643 0.446264 0.97828 0.58908
84 0.502402 0.463793 0.989202 0.570115
97 0.508643 0.446264 0.97828 0.58908
108 0.502402 0.463793 0.989202 0.570115
100 0.508643 0.446264 0.97828 0.58908
103 0.508643 0.446264 0.97828 0.58908
73 0.510984 0.441954 0.972039 0.601149
99 0.508643 0.446264 0.97828 0.58908
76 0.510984 0.441954 0.972039 0.601149
50 0.510984 0.441954 0.972039 0.601149
48 0.502402 0.463793 0.989202 0.570115
66 0.501232 0.465014 0.991542 0.566523
47 0.508643 0.446264 0.97828 0.58908
17 0.508643 0.446264 0.97828 0.58908
42 0.30308 0.478448 0.545309 0.567241
10 0.510203 0.451437 0.975159 0.578736
105 0.502402 0.463793 0.989202 0.570115
46 0.508643 0.446264 0.97828 0.58908
30 0.510203 0.451437 0.975159 0.578736
51 0.510984 0.441954 0.972039 0.601149
95 0.508643 0.446264 0.97828 0.58908
80 0.30308 0.478448 0.545309 0.567241
50 0.512482 0.00714799 0.975036 0.014296
49 0.512482 0.00714799 0.975036 0.014296
49 0.508643 0.446264 0.97828 0.58908
111 0.508643 0.446264 0.97828 0.58908
99 0.512482 0.00714799 0.975036 0.014296
56 0.508643 0.446264 0.97828 0.58908
74 0.507473 0.443103 0.982181 0.6
54 0.508581 0.417241 0.982837 0.631034
52 0.503182 0.443175 0.987642 0.578017
42 0.508581 0.417241 0.982837 0.631034
54 0.514432 0.343966 0.971135 0.415517
53 0.503182 0.443175 0.987642 0.578017
42 0.514432 0.343966 0.971135 0.415517
80 0.511312 0.436782 0.977376 0.609195
84 0.510984 0.418678 0.975159 0.624713
54 0.651797 0.339368 0.679491 0.41092
75 0.507411 0.427011 0.985178 0.617241
97 0.510984 0.418678 0.975159 0.624713
80 0.514432 0.343966 0.971135 0.415517
52 0.514432 0.343966 0.971135 0.415517
54 0.357884 0.477012 0.692363 0.53908
33 0.511312 0.436782 0.977376 0.609195
48 0.503182 0.443175 0.987642 0.578017
42 0.651797 0.339368 0.679491 0.41092
52 0.284747 0.478089 0.554671 0.533477
108 0.510984 0.418678 0.975159 0.624713
75 0.565983 0.368319 0.863601 0.469109
73 0.510984 0.418678 0.975159 0.624713
66 0.507411 0.427011 0.985178 0.617241
42 0.357884 0.477012 0.692363 0.53908
41 0.510984 0.418678 0.975159 0.624713
17 0.508581 0.417241 0.982837 0.631034
52 0.497721 0.450575 0.973599 0.595402
54 0.503182 0.438218 0.970479 0.613218
42 0.511764 0.432184 0.964238 0.618391
53 0.497721 0.450575 0.973599 0.595402
33 0.511764 0.432184 0.964238 0.618391
80 0.505523 0.44454 0.967358 0.605172
108 0.503182 0.438218 0.970479 0.613218
84 0.497721 0.450575 0.973599 0.595402
66 0.511764 0.432184 0.964238 0.618391
48 0.497331 0.464871 0.97906 0.580603
42 0.514494 0.315805 0.958777 0.356322
42 0.505523 0.455675 0.961117 0.564511
54 0.505523 0.455675 0.961117 0.564511
75 0.505523 0.455675 0.961117 0.564511
33 0.503962 0.465517 0.957997 0.556322
80 0.503962 0.465517 0.957997 0.556322
52 0.497721 0.475359 0.951756 0.545833
97 0.505523 0.455675 0.961117 0.564511
54 0.289427 0.481537 0.566373 0.558764
42 0.762965 0.401078 0.463396 0.534626
84 0.497721 0.475359 0.951756 0.545833
42 0.376021 0.483262 0.729419 0.554167
53 0.497721 0.475359 0.951756 0.545833
2 0.498502 0.476724 0.947075 0.543103
42 0.503182 0.341954 0.959557 0.405747
1 0.503962 0.465517 0.957997 0.556322
54 0.762965 0.401078 0.463396 0.534626
73 0.503962 0.465517 0.957997 0.556322
7 0.503962 0.465517 0.957997 0.556322
54 0.512482 0.433333 0.975036 0.606897
42 0.517553 0.439943 0.964894 0.593678
80 0.510203 0.436207 0.97828 0.601149
75 0.510922 0.436207 0.978156 0.609195
53 0.499282 0.468103 0.995443 0.548851
33 0.499282 0.468103 0.995443 0.548851
108 0.499282 0.468103 0.995443 0.548851
52 0.510203 0.436207 0.97828 0.601149
16 0.42595 0.352874 0.233258 0.294253
15 0.42595 0.352874 0.233258 0.294253
16 0.42829 0.42069 0.234038 0.431034
84 0.499282 0.468103 0.995443 0.548851
54 0.42556 0.482471 0.830836 0.552299
74 0.510922 0.444828 0.978156 0.585057
97 0.499282 0.468103 0.995443 0.548851
14 0.42595 0.352874 0.233258 0.294253
66 0.510922 0.444828 0.978156 0.585057
15 0.42829 0.42069 0.234038 0.431034
19 0.42595 0.352874 0.233258 0.294253
0 0.42595 0.352874 0.233258 0.294253
41 0.499282 0.468103 0.995443 0.548851
26 0.42595 0.352874 0.233258 0.294253
54 0.507083 0.438506 0.9814 0.598851
75 0.506693 0.444253 0.98062 0.587356
42 0.507863 0.437356 0.97984 0.601149
80 0.507863 0.437356 0.97984 0.601149
84 0.510593 0.458549 0.97594 0.576006
42 0.519175 0.344828 0.957217 0.412644
54 0.519175 0.344828 0.957217 0.412644
52 0.513324 0.456034 0.972039 0.578736
103 0.510593 0.458549 0.97594 0.576006
80 0.519175 0.344828 0.957217 0.412644
54 0.667009 0.437069 0.656867 0.612069
74 0.506693 0.444253 0.98062 0.587356
66 0.506693 0.444253 0.98062 0.587356
75 0.519175 0.344828 0.957217 0.412644
33 0.510593 0.458549 0.97594 0.576006
75 0.509423 0.550575 0.97828 0.38046
108 0.513324 0.445402 0.970479 0.585057
75 0.667009 0.437069 0.656867 0.612069
97 0.509423 0.463721 0.975159 0.556466
53 0.513324 0.456034 0.972039 0.578736
42 0.667009 0.437069 0.656867 0.612069
108 0.519175 0.344828 0.957217 0.412644
42 0.403716 0.479598 0.295668 0.551149
33 0.520735 0.446624 0.949415 0.584914
54 0.533217 0.437644 0.921331 0.599425
80 0.557401 0.440805 0.879204 0.596552
75 0.566373 0.434195 0.859701 0.589081
108 0.557401 0.440805 0.879204 0.596552
66 0.533217 0.437644 0.921331 0.599425
41 0.557401 0.440805 0.879204 0.596552
52 0.497721 0.460345 0.992322 0.568966
42 0.566373 0.434195 0.859701 0.589081
74 0.533217 0.437644 0.921331 0.599425
54 0.596798 0.312141 0.800411 0.35273
75 0.596798 0.312141 0.800411 0.35273
53 0.497721 0.460345 0.992322 0.568966
17 0.520735 0.446624 0.949415 0.584914
52 0.368805 0.475575 0.726689 0.552299
54 0.645848 0.393103 0.697629 0.509195
54 0.368805 0.475575 0.726689 0.552299
53 0.368805 0.475575 0.726689 0.552299
80 0.368805 0.475575 0.726689 0.552299
54 0.500842 0.436207 0.992322 0.594253
52 0.507083 0.452227 0.975159 0.578305
42 0.500842 0.436207 0.992322 0.594253
53 0.507083 0.452227 0.975159 0.578305
80 0.508643 0.449353 0.972039 0.579454
84 0.507083 0.46717 0.975159 0.555316
54 0.521453 0.348204 0.957093 0.418534
97 0.508643 0.449353 0.972039 0.579454
2 0.507083 0.452227 0.975159 0.578305
54 0.498501 0.430747 0.987641 0.605172
42 0.498501 0.430747 0.987641 0.605172
52 0.505523 0.435632 0.970479 0.6
97 0.503962 0.437356 0.973599 0.605747
80 0.498501 0.430747 0.987641 0.605172
33 0.503962 0.437356 0.973599 0.605747
75 0.498501 0.430747 0.987641 0.605172
41 0.505523 0.435632 0.970479 0.6
48 0.498501 0.430747 0.987641 0.605172
53 0.505523 0.435632 0.970479 0.6
54 0.502012 0.432759 0.985301 0.601149
42 0.502012 0.432759 0.985301 0.601149
97 0.500062 0.463218 0.989202 0.551724
33 0.503182 0.459483 0.984521 0.561494
52 0.503182 0.459483 0.984521 0.561494
80 0.516383 0.434483 0.967235 0.6
75 0.509423 0.431034 0.975159 0.604598
84 0.503182 0.459483 0.984521 0.561494
54 0.769206 0.345115 0.452474 0.427012
54 0.702115 0.391954 0.583535 0.521839
41 0.500062 0.463218 0.989202 0.551724
42 0.769206 0.345115 0.452474 0.427012
42 0.702115 0.391954 0.583535 0.521839
2 0.503182 0.459483 0.984521 0.561494
76 0.512544 0.444181 0.968918 0.582902
53 0.503182 0.459483 0.984521 0.561494
54 0.841758 0.351652 0.30737 0.438075
51 0.503182 0.459483 0.984521 0.561494
42 0.841758 0.351652 0.30737 0.438075
48 0.512544 0.444181 0.968918 0.582902
1 0.503182 0.459483 0.984521 0.561494
54 0.517225 0.327299 0.959557 0.397126
50 0.498501 0.462069 0.987641 0.554023
6 0.503182 0.459483 0.984521 0.561494
17 0.500062 0.463218 0.989202 0.551724
99 0.512544 0.444181 0.968918 0.582902
54 0.502402 0.437356 0.984521 0.587356
42 0.514104 0.442026 0.962677 0.587213
52 0.500452 0.458118 0.989982 0.57342
53 0.500452 0.458118 0.989982 0.57342
97 0.500452 0.458118 0.989982 0.57342
75 0.505523 0.440805 0.97672 0.608046
80 0.514104 0.442026 0.962677 0.587213
48 0.500452 0.458118 0.989982 0.57342
84 0.500452 0.458118 0.989982 0.57342
47 0.500452 0.458118 0.989982 0.57342
50 0.500452 0.458118 0.989982 0.57342
46 0.500452 0.458118 0.989982 0.57342
41 0.500452 0.458118 0.989982 0.57342
33 0.500452 0.458118 0.989982 0.57342
108 0.500452 0.458118 0.989982 0.57342
76 0.500452 0.458118 0.989982 0.57342
111 0.500452 0.458118 0.989982 0.57342
68 0.500452 0.458118 0.989982 0.57342
73 0.500452 0.458118 0.989982 0.57342
54 0.502402 0.430172 0.986081 0.602874
42 0.502402 0.432184 0.984521 0.604598
75 0.502402 0.432184 0.984521 0.604598
52 0.503182 0.455747 0.9814 0.562069
80 0.507863 0.435057 0.970479 0.601149
76 0.507863 0.435057 0.970479 0.601149
48 0.503182 0.455747 0.9814 0.562069
97 0.503182 0.455747 0.9814 0.562069
33 0.503182 0.455747 0.9814 0.562069
54 0.55233 0.352586 0.879984 0.438506
41 0.503182 0.455747 0.9814 0.562069
47 0.507863 0.435057 0.970479 0.601149
53 0.497331 0.471193 0.968138 0.540374
73 0.507863 0.435057 0.970479 0.601149
50 0.507863 0.435057 0.970479 0.601149
54 0.506303 0.433908 0.97984 0.608046
75 0.504743 0.435057 0.987641 0.603448
52 0.495771 0.465014 0.9775 0.566523
42 0.503182 0.439655 0.987642 0.595402
80 0.503182 0.439655 0.987642 0.595402
54 0.535886 0.0122126 0.928228 0.0244253
84 0.503182 0.439655 0.987642 0.595402
97 0.503182 0.443391 0.987642 0.600575
54 0.508191 0.320402 0.983617 0.374138
54 0.510984 0.441092 0.968918 0.59023
52 0.492651 0.450575 0.963458 0.593103
42 0.503572 0.437931 0.982181 0.602299
54 0.507473 0.344828 0.982181 0.425287
75 0.503572 0.437931 0.982181 0.602299
80 0.503572 0.437931 0.982181 0.602299
54 0.509033 0.433621 0.9775 0.601724
52 0.503182 0.43477 0.986081 0.620115
54 0.633304 0.371839 0.733391 0.473563
80 0.502402 0.435345 0.984521 0.607471
53 0.503182 0.43477 0.986081 0.620115
75 0.506303 0.435057 0.9814 0.601149
16 0.338965 1 0.596798 0
54 0.508191 0.43592 0.983617 0.599425
75 0.503962 0.456034 0.982961 0.57069
42 0.503182 0.451149 0.984521 0.571264
52 0.513262 0.443103 0.973476 0.610345
80 0.513262 0.443103 0.973476 0.610345
54 0.512872 0.326365 0.974256 0.380603
84 0.513262 0.443103 0.973476 0.610345
54 0.507863 0.43592 0.9814 0.604023
80 0.504352 0.446264 0.985301 0.608621
84 0.505523 0.453736 0.984521 0.593678
52 0.504352 0.446264 0.985301 0.608621
54 0.586656 0.299928 0.819134 0.334626
75 0.507863 0.437931 0.9814 0.608046
54 0.573004 0.373491 0.847999 0.481753
42 0.507863 0.437931 0.9814 0.608046
53 0.504352 0.446264 0.985301 0.608621
54 0.502012 0.461207 0.985301 0.575287
75 0.4907 0.477514 0.968918 0.54727
84 0.49031 0.477658 0.969698 0.550431
80 0.502012 0.461207 0.985301 0.575287
42 0.511374 0.450862 0.965018 0.591379
66 0.558119 0.0115661 0.883761 0.0231322
103 0.49031 0.477658 0.969698 0.550431
54 0.507473 0.443175 0.963458 0.588362
42 0.506303 0.443103 0.962677 0.596552
75 0.506303 0.443103 0.962677 0.596552
76 0.506303 0.443103 0.962677 0.596552
66 0.506303 0.443103 0.962677 0.596552
74 0.506303 0.443103 0.962677 0.596552
80 0.506303 0.443103 0.962677 0.596552
52 0.501622 0.454023 0.970479 0.574713
111 0.501622 0.454023 0.970479 0.574713
48 0.506303 0.443103 0.962677 0.596552
53 0.502402 0.451149 0.970479 0.582759
97 0.501622 0.454023 0.970479 0.574713
46 0.497721 0.459195 0.953316 0.571264
50 0.506303 0.443103 0.962677 0.596552
54 0.503962 0.435057 0.9814 0.610345
80 0.509423 0.440805 0.964238 0.604598
52 0.498502 0.445115 0.984521 0.607471
75 0.509423 0.440805 0.964238 0.604598
42 0.509423 0.440805 0.964238 0.604598
53 0.498502 0.445115 0.984521 0.607471
84 0.506303 0.433333 0.968918 0.622989
108 0.500842 0.451149 0.982961 0.587356
48 0.500842 0.451149 0.982961 0.587356
54 0.507863 0.448851 0.962677 0.6
75 0.503182 0.455747 0.972039 0.587356
42 0.503182 0.455747 0.972039 0.587356
80 0.507863 0.448851 0.962677 0.6
76 0.507863 0.443103 0.964238 0.608046
84 0.503182 0.455747 0.972039 0.587356
97 0.507863 0.443103 0.964238 0.608046
53 0.507863 0.448851 0.962677 0.6
54 0.501232 0.462716 0.985301 0.571121
75 0.510922 0.440517 0.978156 0.606322
80 0.512544 0.443678 0.967358 0.6
42 0.505523 0.451724 0.97984 0.590805
66 0.510532 0.44454 0.978937 0.591379
84 0.509813 0.449928 0.969698 0.586351
54 0.690803 0.427083 0.604599 0.586063
74 0.510532 0.44454 0.978937 0.591379
54 0.507083 0.43477 0.97828 0.604023
80 0.514104 0.436207 0.968918 0.609195
84 0.504743 0.448851 0.982961 0.6
75 0.507863 0.43477 0.97828 0.606322
52 0.505133 0.441954 0.98062 0.603448
53 0.514104 0.436207 0.968918 0.609195
42 0.507863 0.43477 0.97828 0.606322
108 0.514104 0.436207 0.968918 0.609195
54 0.511764 0.447126 0.970479 0.588506
42 0.513324 0.441954 0.967358 0.602299
75 0.503962 0.448922 0.982961 0.581466
52 0.500062 0.458046 0.959557 0.575862
74 0.567091 0.00553161 0.865818 0.0110632
84 0.503962 0.448922 0.982961 0.581466
66 0.567091 0.00553161 0.865818 0.0110632
53 0.500062 0.458046 0.959557 0.575862
80 0.513324 0.441954 0.967358 0.602299
75 0.567091 0.00553161 0.865818 0.0110632
54 0.721618 0.407471 0.538288 0.529885
54 0.4907 0.450575 0.970479 0.589655
75 0.498502 0.443103 0.989202 0.612644
42 0.499282 0.437356 0.984521 0.612644
66 0.507083 0.43908 0.975159 0.613793
74 0.507083 0.43908 0.975159 0.613793
84 0.498502 0.443103 0.989202 0.612644
53 0.499282 0.437356 0.984521 0.612644
76 0.498111 0.459842 0.989982 0.576868
80 0.499282 0.437356 0.984521 0.612644
111 0.4907 0.474066 0.975159 0.558764
97 0.498111 0.459842 0.989982 0.576868
54 0.742681 0.416954 0.507083 0.561494
109 0.498111 0.459842 0.989982 0.576868
54 0.500842 0.448348 0.989202 0.588362
75 0.500842 0.448348 0.989202 0.588362
42 0.507863 0.439081 0.9814 0.6
97 0.510593 0.44454 0.972819 0.592529
84 0.500842 0.448348 0.989202 0.588362
80 0.510984 0.444253 0.970479 0.589655
54 0.502402 0.446264 0.97984 0.592529
75 0.509033 0.444828 0.969699 0.593103
84 0.502402 0.457471 0.982961 0.574713
80 0.509423 0.443678 0.965798 0.595402
42 0.500842 0.439655 0.982961 0.596552
52 0.502402 0.446264 0.97984 0.592529
54 0.688073 0.429023 0.61162 0.587931
48 0.509033 0.444828 0.969699 0.593103
54 0.507863 0.439368 0.9814 0.597126
75 0.506693 0.449713 0.97906 0.578736
84 0.506693 0.449713 0.97906 0.578736
80 0.510203 0.442816 0.970479 0.592529
54 0.630246 0.418319 0.730394 0.565661
54 0.505523 0.438506 0.97984 0.603448
75 0.508643 0.443678 0.965798 0.593103
42 0.509423 0.438506 0.957997 0.6
84 0.496161 0.471193 0.951756 0.558764
52 0.505523 0.444899 0.967358 0.588362
54 0.504743 0.438506 0.9814 0.596552
75 0.500842 0.443966 0.982961 0.584483
84 0.49031 0.456897 0.963458 0.568965
54 0.606257 0.404023 0.773692 0.529885
42 0.509423 0.439655 0.965798 0.589655
80 0.500842 0.443966 0.982961 0.584483
53 0.509423 0.439655 0.965798 0.589655
66 0.500842 0.443966 0.982961 0.584483
75 0.504743 0.453736 0.982961 0.579885
54 0.508643 0.439081 0.97984 0.598851
54 0.603136 0.375862 0.789294 0.489655
84 0.504743 0.453736 0.982961 0.579885
54 0.671007 0.429023 0.648871 0.592529
54 0.48836 0.467241 0.970479 0.557471
42 0.500842 0.436207 0.992322 0.605747
75 0.500842 0.436207 0.992322 0.605747
48 0.500842 0.436207 0.992322 0.605747
52 0.48797 0.453161 0.968138 0.578736
54 0.672372 0.41523 0.647701 0.571839
80 0.48797 0.453161 0.968138 0.578736
97 0.499282 0.450503 0.992322 0.580603
53 0.500842 0.436207 0.992322 0.605747
108 0.507473 0.439655 0.97906 0.610345
54 0.507473 0.432184 0.97906 0.597701
75 0.500842 0.437931 0.986081 0.606897
52 0.500842 0.437931 0.986081 0.606897
84 0.500842 0.437931 0.986081 0.606897
42 0.500842 0.437931 0.986081 0.606897
54 0.680661 0.400862 0.631123 0.536207
53 0.508643 0.450287 0.973599 0.616667
54 0.507083 0.440517 0.97828 0.606322
75 0.507083 0.447701 0.97672 0.597701
84 0.501622 0.472414 0.967358 0.557471
54 0.510984 0.348204 0.967358 0.412787
54 0.660671 0.416092 0.669544 0.563218
54 0.505523 0.43908 0.97984 0.602299
84 0.505523 0.451149 0.9814 0.594253
75 0.505523 0.451149 0.9814 0.594253
52 0.507083 0.444828 0.97984 0.605747
53 0.507083 0.444828 0.97984 0.605747
80 0.507083 0.444828 0.97984 0.605747
54 0.503962 0.437069 0.9814 0.595977
52 0.503962 0.442529 0.982961 0.593103
42 0.508253 0.443966 0.971259 0.600575
84 0.503182 0.452945 0.984521 0.581465
53 0.503962 0.442529 0.982961 0.593103
75 0.508253 0.443966 0.971259 0.600575
54 0.503182 0.437644 0.982961 0.594828
84 0.493821 0.463865 0.967358 0.567672
75 0.502012 0.447126 0.989982 0.588506
54 0.626442 0.418391 0.73176 0.563218
54 0.508253 0.439943 0.974379 0.602874
84 0.501622 0.445115 0.987641 0.597126
75 0.509423 0.437356 0.972039 0.601149
109 0.501622 0.445115 0.987641 0.597126
54 0.582365 0.377874 0.823035 0.482184
66 0.511702 0.0478448 0.976596 0.0956897
54 0.501622 0.441092 0.97828 0.605172
75 0.501622 0.445402 0.9814 0.601149
84 0.500842 0.448563 0.982961 0.595977
42 0.505523 0.449138 0.970479 0.616667
66 0.505523 0.449138 0.970479 0.616667
66 0.56397 0.00384339 0.872059 0.00768678
74 0.56397 0.00384339 0.872059 0.00768678
75 0.56397 0.00384339 0.872059 0.00768678
80 0.505523 0.449138 0.970479 0.616667
53 0.505523 0.449138 0.970479 0.616667
54 0.504743 0.441667 0.97984 0.608621
42 0.507083 0.441379 0.970479 0.606897
75 0.504743 0.441667 0.97984 0.608621
84 0.496941 0.457471 0.965798 0.593104
52 0.504743 0.441667 0.97984 0.608621
53 0.507473 0.444253 0.969698 0.617241
54 0.502402 0.439943 0.97984 0.602874
75 0.503962 0.445402 0.982961 0.601149
42 0.503962 0.445402 0.982961 0.601149
74 0.56046 0.00510057 0.87908 0.0102011
84 0.500842 0.451149 0.982961 0.589655
66 0.56046 0.00510057 0.87908 0.0102011
97 0.503962 0.445402 0.982961 0.601149
54 0.505523 0.439943 0.97828 0.599425
42 0.508643 0.440805 0.973599 0.598851
75 0.503182 0.444253 0.986081 0.596552
97 0.503962 0.447126 0.982961 0.596552
52 0.503182 0.444253 0.986081 0.596552
84 0.503962 0.447126 0.982961 0.596552
111 0.503962 0.447126 0.982961 0.596552
54 0.505133 0.439655 0.9775 0.602299
75 0.502012 0.444253 0.989982 0.598851
42 0.503572 0.438793 0.97906 0.605172
97 0.500842 0.45 0.989202 0.595402
54 0.652577 0.428736 0.682612 0.588506
54 0.502012 0.437356 0.98062 0.601149
75 0.503182 0.443103 0.9814 0.597701
42 0.507083 0.439655 0.970479 0.601149
66 0.55968 0.0066092 0.880641 0.0132184
53 0.55968 0.0066092 0.880641 0.0132184
54 0.55968 0.0066092 0.880641 0.0132184
74 0.55968 0.0066092 0.880641 0.0132184
75 0.55968 0.0066092 0.880641 0.0132184
101 0.55968 0.0066092 0.880641 0.0132184
97 0.501622 0.444253 0.9814 0.602299
77 0.55968 0.0066092 0.880641 0.0132184
84 0.55968 0.0066092 0.880641 0.0132184
68 0.55968 0.0066092 0.880641 0.0132184
54 0.496941 0.437356 0.9814 0.603448
42 0.503962 0.439655 0.964238 0.602299
75 0.496941 0.438506 0.97984 0.609195
52 0.496941 0.438506 0.97984 0.609195
54 0.55851 0.00395115 0.882981 0.0079023
66 0.55851 0.00395115 0.882981 0.0079023
54 0.502792 0.440805 0.97906 0.601149
75 0.501232 0.444253 0.986861 0.6
42 0.501232 0.444253 0.986861 0.6
54 0.647408 0.432184 0.692948 0.588506
54 0.505523 0.438793 0.97984 0.599425
75 0.507083 0.45 0.97984 0.603448
42 0.507083 0.45 0.97984 0.603448
54 0.836297 0.393606 0.313611 0.509339
54 0.507083 0.438218 0.97984 0.598276
75 0.505523 0.445977 0.9814 0.6
42 0.505523 0.445977 0.9814 0.6
54 0.508253 0.437931 0.9775 0.6
75 0.502012 0.442816 0.986861 0.599425
97 0.501622 0.452802 0.987641 0.584052
42 0.502012 0.442816 0.986861 0.599425
54 0.507473 0.437356 0.97906 0.597701
75 0.501622 0.444253 0.989202 0.595402
42 0.509033 0.437931 0.972819 0.606897
54 0.507863 0.445402 0.972039 0.595402
75 0.501622 0.444828 0.984521 0.596552
97 0.500842 0.448276 0.984521 0.591954
54 0.503962 0.445977 0.97672 0.595402
75 0.503962 0.445977 0.97672 0.595402
97 0.502402 0.449425 0.97984 0.593103
42 0.507863 0.441954 0.968918 0.601149
54 0.506303 0.43908 0.97984 0.597701
75 0.505133 0.443678 0.974379 0.597701
97 0.504352 0.441379 0.97906 0.610345
42 0.506693 0.437931 0.9775 0.6
54 0.507863 0.440805 0.97828 0.596552
75 0.504743 0.447126 0.97672 0.590805
54 0.515664 0.340876 0.961117 0.407902
97 0.504743 0.453448 0.97984 0.588506
42 0.504743 0.447126 0.97672 0.590805
54 0.502792 0.45431 0.9775 0.583333
75 0.503182 0.445977 0.975159 0.595402
42 0.503182 0.445977 0.975159 0.595402
54 0.515664 0.355101 0.959557 0.435776
54 0.507473 0.443966 0.960337 0.598276
75 0.500842 0.445977 0.975159 0.597701
42 0.509423 0.439081 0.973599 0.6
52 0.500842 0.445977 0.975159 0.597701
54 0.507083 0.443966 0.959557 0.595977
52 0.499282 0.446264 0.975159 0.594828
54 0.507083 0.444828 0.964238 0.596552
75 0.500062 0.44454 0.97828 0.600575
42 0.507863 0.443103 0.962677 0.598851
54 0.508253 0.446552 0.966578 0.596552
75 0.500062 0.445402 0.9814 0.601149
54 0.512934 0.328736 0.969699 0.382759
54 0.501622 0.445402 0.982961 0.601149
75 0.501622 0.445402 0.982961 0.601149
54 0.501622 0.44569 0.982961 0.599425
75 0.501622 0.44569 0.982961 0.599425
54 0.502792 0.445115 0.982181 0.599425
75 0.502792 0.445115 0.982181 0.599425
54 0.503572 0.446264 0.98062 0.597127
75 0.503572 0.446264 0.98062 0.597127
54 0.648286 0.396624 0.691193 0.522845
54 0.503182 0.44569 0.9814 0.597126
75 0.503182 0.44569 0.9814 0.597126
42 0.510203 0.442529 0.967358 0.598851
54 0.503182 0.445977 0.9814 0.595402
75 0.503182 0.445977 0.9814 0.595402
42 0.503182 0.445977 0.9814 0.595402
54 0.514104 0.354598 0.962677 0.437931
97 0.502402 0.447126 0.982961 0.597701
54 0.503962 0.446552 0.97984 0.594253
75 0.503962 0.446552 0.97984 0.594253
42 0.510593 0.441379 0.966578 0.6
54 0.514104 0.353161 0.962677 0.436207
54 0.503182 0.446264 0.9814 0.594828
75 0.503182 0.446264 0.9814 0.594828
42 0.503182 0.446264 0.9814 0.594828
54 0.596798 0.390805 0.79417 0.512644
54 0.506303 0.436207 0.975159 0.6
75 0.502012 0.444828 0.983741 0.595402
54 0.504743 0.436207 0.97672 0.601149
75 0.500062 0.444253 0.984521 0.597701
42 0.507083 0.442529 0.970479 0.611494
54 0.500062 0.444253 0.986081 0.598851
75 0.505523 0.441379 0.972039 0.608046
42 0.505523 0.441379 0.972039 0.608046
54 0.498892 0.443391 0.986861 0.599425
75 0.504743 0.44023 0.972039 0.604598
42 0.504743 0.44023 0.972039 0.604598
54 0.498892 0.443103 0.986861 0.598851
42 0.505523 0.44023 0.970479 0.602299
75 0.505523 0.44023 0.970479 0.602299
54 0.499282 0.444253 0.986081 0.596552
42 0.506303 0.440805 0.968918 0.601149
75 0.506303 0.440805 0.968918 0.601149
54 0.499282 0.444828 0.986081 0.596552
42 0.507083 0.440805 0.967358 0.601149
75 0.507083 0.440805 0.967358 0.601149
54 0.499672 0.444828 0.985301 0.595402
42 0.507083 0.441379 0.967358 0.6
54 0.499672 0.445115 0.985301 0.595977
42 0.507083 0.441954 0.967358 0.601149
54 0.499282 0.44569 0.986081 0.595977
42 0.509033 0.440805 0.963458 0.597701
54 0.499672 0.44569 0.985301 0.595977
42 0.509033 0.440517 0.963458 0.598276
54 0.500062 0.445402 0.986081 0.596552
42 0.507083 0.441667 0.968918 0.599425
54 0.500452 0.44569 0.986861 0.595977
42 0.507473 0.441379 0.969698 0.598851
75 0.507473 0.441379 0.969698 0.598851
54 0.500062 0.445402 0.987641 0.596552
42 0.507473 0.441667 0.969698 0.599425
75 0.507473 0.441667 0.969698 0.599425
54 0.500062 0.445402 0.986081 0.596552
42 0.507083 0.441092 0.970479 0.598276
75 0.507083 0.441092 0.970479 0.598276
54 0.499672 0.445402 0.986861 0.597701
42 0.507083 0.441379 0.968918 0.6
75 0.507083 0.441379 0.968918 0.6
54 0.499282 0.44569 0.986081 0.597126
42 0.506303 0.441667 0.968918 0.599425
75 0.506303 0.441667 0.968918 0.599425
54 0.499282 0.44569 0.986081 0.595977
42 0.505913 0.441954 0.969699 0.6
75 0.505913 0.441954 0.969699 0.6
54 0.503182 0.435345 0.975159 0.598276
42 0.505523 0.441954 0.970479 0.6
75 0.505523 0.441954 0.970479 0.6
54 0.503572 0.435345 0.97594 0.598276
42 0.505523 0.441954 0.970479 0.6
75 0.505523 0.441954 0.970479 0.6
54 0.499282 0.44569 0.986081 0.595977
42 0.505523 0.441954 0.970479 0.598851
75 0.505523 0.441954 0.970479 0.598851
54 0.499282 0.44569 0.984521 0.595977
42 0.505523 0.441667 0.970479 0.599425
75 0.505523 0.441667 0.970479 0.599425
54 0.499282 0.445402 0.984521 0.596552
42 0.505523 0.441667 0.970479 0.599425
75 0.505523 0.441667 0.970479 0.599425
54 0.499282 0.445402 0.984521 0.596552
42 0.505523 0.441667 0.968918 0.600575
75 0.505523 0.441667 0.968918 0.600575
54 0.499282 0.445402 0.984521 0.596552
42 0.505133 0.441667 0.969698 0.600575
75 0.505133 0.441667 0.969698 0.600575
54 0.499282 0.445402 0.984521 0.596552
42 0.504743 0.441954 0.968918 0.601149
75 0.504743 0.441954 0.968918 0.601149
54 0.498892 0.445115 0.983741 0.597126
42 0.504743 0.441954 0.968918 0.601149
75 0.504743 0.441954 0.968918 0.601149
54 0.498892 0.445115 0.983741 0.597126
42 0.504352 0.441954 0.969699 0.601149
75 0.504352 0.441954 0.969699 0.601149
54 0.498892 0.445115 0.983741 0.597126
42 0.504352 0.441954 0.969699 0.601149
75 0.504352 0.441954 0.969699 0.601149
54 0.499282 0.444828 0.982961 0.597701
42 0.504352 0.441954 0.969699 0.601149
75 0.504352 0.441954 0.969699 0.601149
54 0.499282 0.445115 0.982961 0.597126
42 0.504352 0.441954 0.969699 0.601149
54 0.499282 0.444828 0.982961 0.596552
42 0.504352 0.441954 0.969699 0.601149
54 0.502012 0.435632 0.97594 0.6
42 0.504743 0.441954 0.968918 0.601149
54 0.502402 0.435632 0.975159 0.6
42 0.504743 0.441954 0.968918 0.601149
54 0.502402 0.435632 0.975159 0.6
42 0.504743 0.442241 0.968918 0.601724
54 0.499282 0.443966 0.982961 0.597126
42 0.504743 0.442241 0.968918 0.601724
54 0.499282 0.443966 0.982961 0.597126
42 0.504743 0.441954 0.968918 0.601149
54 0.499672 0.444253 0.982181 0.597701
42 0.504743 0.442241 0.968918 0.601724
54 0.499672 0.444253 0.982181 0.597701
42 0.504743 0.442529 0.968918 0.601149
54 0.500062 0.444253 0.9814 0.597701
42 0.504743 0.442529 0.968918 0.602299
54 0.500062 0.444253 0.9814 0.597701
42 0.504352 0.442816 0.968138 0.601724
54 0.500062 0.443966 0.9814 0.598276
42 0.504743 0.442816 0.968918 0.601724
54 0.500062 0.444253 0.9814 0.597701
42 0.504743 0.442816 0.968918 0.601724
54 0.500062 0.443966 0.9814 0.598276
42 0.504743 0.443103 0.967358 0.601149
54 0.499672 0.443966 0.98062 0.598276
42 0.504743 0.443103 0.967358 0.601149
54 0.499672 0.443966 0.98062 0.598276
42 0.504352 0.443103 0.968138 0.601149
54 0.499672 0.443966 0.98062 0.598276
42 0.504352 0.443391 0.968138 0.601724
54 0.499672 0.443966 0.98062 0.598276
42 0.504352 0.443391 0.968138 0.601724
54 0.499672 0.443966 0.98062 0.598276
42 0.504352 0.443391 0.968138 0.601724
54 0.500062 0.443966 0.97984 0.598276
42 0.504352 0.443103 0.968138 0.601149
54 0.500062 0.443678 0.97984 0.598851
42 0.504352 0.443103 0.968138 0.601149
54 0.500062 0.443678 0.97984 0.598851
42 0.503962 0.443391 0.967358 0.601724
54 0.499282 0.443678 0.97984 0.598851
42 0.503962 0.443103 0.967358 0.601149
54 0.499282 0.443678 0.97984 0.598851
42 0.503962 0.443391 0.967358 0.601724
54 0.499672 0.443678 0.97906 0.598851
42 0.503962 0.443391 0.967358 0.601724
54 0.499672 0.443678 0.97906 0.598851
42 0.503962 0.443678 0.967358 0.602299
54 0.499672 0.443678 0.97906 0.598851
42 0.503962 0.443678 0.967358 0.602299
54 0.500062 0.443678 0.97828 0.598851
54 0.500062 0.443678 0.97828 0.598851
54 0.500062 0.443678 0.97828 0.598851
54 0.500062 0.443678 0.97828 0.598851
54 0.500062 0.443678 0.97828 0.598851
54 0.500062 0.443678 0.97828 0.597701
54 0.500062 0.443678 0.97828 0.597701
54 0.500062 0.443678 0.97828 0.597701
42 0.506303 0.44023 0.964238 0.598851
54 0.500062 0.443678 0.97672 0.598851
54 0.500062 0.443678 0.97672 0.598851
54 0.499282 0.443678 0.97672 0.597701
54 0.499282 0.443678 0.97672 0.597701
54 0.499672 0.443966 0.97594 0.598276
