48 0.503942 0.46236 0.957958 0.369663
50 0.503942 0.46236 0.957958 0.369663
68 0.506283 0.450281 0.956398 0.353371
49 0.497701 0.477528 0.97356 0.350562
79 0.503942 0.46236 0.957958 0.369663
56 0.506283 0.450281 0.956398 0.353371
104 0.503942 0.46236 0.957958 0.369663
47 0.496531 0.468539 0.9681 0.375281
54 0.503942 0.46236 0.957958 0.369663
67 0.503942 0.46236 0.957958 0.369663
53 0.503942 0.46236 0.957958 0.369663
109 0.497701 0.477528 0.97356 0.350562
103 0.503162 0.429775 0.965759 0.367416
46 0.503942 0.46236 0.957958 0.369663
100 0.506283 0.450281 0.956398 0.353371
101 0.506283 0.450281 0.956398 0.353371
111 0.506283 0.450281 0.956398 0.353371
84 0.497701 0.477528 0.97356 0.350562
77 0.497701 0.477528 0.97356 0.350562
76 0.497701 0.477528 0.97356 0.350562
17 0.506283 0.450281 0.956398 0.353371
95 0.506283 0.450281 0.956398 0.353371
79 0.496531 0.505337 0.949377 0.239888
73 0.496921 0.476124 0.97512 0.341011
49 0.496531 0.505337 0.949377 0.239888
74 0.503942 0.46236 0.957958 0.369663
110 0.496921 0.476124 0.97512 0.341011
81 0.497701 0.477528 0.97356 0.350562
102 0.503942 0.46236 0.957958 0.369663
50 0.496531 0.505337 0.949377 0.239888
74 0.496531 0.505337 0.949377 0.239888
48 0.496531 0.505337 0.949377 0.239888
95 0.492241 0.527528 0.947037 0.266292
109 0.496531 0.505337 0.949377 0.239888
66 0.506283 0.450281 0.956398 0.353371
67 0.496531 0.505337 0.949377 0.239888
97 0.503942 0.46236 0.957958 0.369663
75 0.497701 0.477528 0.97356 0.350562
84 0.496531 0.505337 0.949377 0.239888
53 0.496531 0.505337 0.949377 0.239888
99 0.504722 0.461236 0.956398 0.389888
104 0.496531 0.505337 0.949377 0.239888
42 0.496531 0.505337 0.949377 0.239888
105 0.506283 0.450281 0.956398 0.353371
101 0.492241 0.527528 0.947037 0.266292
33 0.503942 0.46236 0.957958 0.369663
42 0.501602 0.425772 0.965759 0.386657
56 0.496531 0.505337 0.949377 0.239888
108 0.503942 0.46236 0.957958 0.369663
54 0.496531 0.505337 0.949377 0.239888
51 0.497701 0.477528 0.97356 0.350562
111 0.496531 0.505337 0.949377 0.239888
41 0.503942 0.46236 0.957958 0.369663
80 0.497701 0.477528 0.97356 0.350562
110 0.496531 0.505337 0.949377 0.239888
78 0.497701 0.477528 0.97356 0.350562
76 0.496531 0.505337 0.949377 0.239888
77 0.496531 0.505337 0.949377 0.239888
46 0.496531 0.505337 0.949377 0.239888
33 0.492241 0.527528 0.947037 0.266292
97 0.496531 0.505337 0.949377 0.239888
14 0.496921 0.476124 0.97512 0.341011
38 0.496531 0.468539 0.9681 0.375281
105 0.496531 0.505337 0.949377 0.239888
99 0.496921 0.524438 0.943917 0.270225
16 0.503942 0.46236 0.957958 0.369663
31 0.501602 0.425772 0.965759 0.386657
102 0.492241 0.527528 0.947037 0.266292
14 0.496531 0.505337 0.949377 0.239888
28 0.506283 0.450281 0.956398 0.353371
34 0.506283 0.450281 0.956398 0.353371
68 0.492241 0.527528 0.947037 0.266292
11 0.506283 0.450281 0.956398 0.353371
66 0.496531 0.505337 0.949377 0.239888
75 0.496531 0.505337 0.949377 0.239888
5 0.496921 0.476124 0.97512 0.341011
17 0.496531 0.505337 0.949377 0.239888
7 0.494581 0.452528 0.951718 0.353371
38 0.496531 0.505337 0.949377 0.239888
21 0.503942 0.46236 0.957958 0.369663
81 0.496531 0.505337 0.949377 0.239888
52 0.491851 0.475843 0.963419 0.347191
54 0.342267 0.528652 0.638509 0.275281
15 0.496531 0.468539 0.9681 0.375281
21 0.496531 0.505337 0.949377 0.239888
100 0.496531 0.505337 0.949377 0.239888
0 0.506283 0.450281 0.956398 0.353371
108 0.496531 0.505337 0.949377 0.239888
11 0.496531 0.505337 0.949377 0.239888
12 0.496921 0.476124 0.97512 0.341011
103 0.492241 0.527528 0.947037 0.266292
80 0.496531 0.505337 0.949377 0.239888
48 0.342267 0.528652 0.638509 0.275281
41 0.496531 0.505337 0.949377 0.239888
13 0.503942 0.46236 0.957958 0.369663
16 0.496531 0.505337 0.949377 0.239888
47 0.4821 0.526966 0.915833 0.274157
73 0.492241 0.527528 0.947037 0.266292
65 0.503942 0.46236 0.957958 0.369663
53 0.342267 0.528652 0.638509 0.275281
99 0.342267 0.528652 0.638509 0.275281
26 0.506283 0.450281 0.956398 0.353371
73 0.502772 0.410042 0.960299 0.387781
4 0.503942 0.46236 0.957958 0.369663
7 0.492241 0.527528 0.947037 0.266292
15 0.492241 0.527528 0.947037 0.266292
75 0.502772 0.410042 0.960299 0.387781
50 0.640459 0.44691 0.653721 0.303933
72 0.491851 0.475843 0.963419 0.347191
47 0.588095 0.458989 0.750648 0.32809
94 0.494581 0.452528 0.951718 0.353371
79 0.342267 0.528652 0.638509 0.275281
67 0.342267 0.528652 0.638509 0.275281
26 0.492241 0.527528 0.947037 0.266292
48 0.497701 0.485112 0.987602 0.392697
111 0.502382 0.484831 0.957958 0.385393
46 0.499262 0.486517 0.959518 0.393258
50 0.498482 0.483146 0.984482 0.386517
99 0.499262 0.486517 0.959518 0.393258
110 0.499262 0.486517 0.959518 0.393258
109 0.502382 0.484831 0.957958 0.385393
101 0.497701 0.485112 0.987602 0.392697
75 0.499262 0.486517 0.959518 0.393258
56 0.498482 0.48427 0.959518 0.398876
67 0.499262 0.486517 0.959518 0.393258
54 0.498482 0.48427 0.959518 0.398876
49 0.497701 0.485112 0.987602 0.392697
68 0.502382 0.484831 0.957958 0.385393
103 0.498482 0.48427 0.959518 0.398876
102 0.497701 0.485112 0.987602 0.392697
77 0.497701 0.485112 0.987602 0.392697
95 0.498482 0.48427 0.959518 0.398876
53 0.502382 0.484831 0.957958 0.385393
104 0.498482 0.48427 0.959518 0.398876
51 0.497701 0.485112 0.987602 0.392697
100 0.499262 0.486517 0.959518 0.393258
84 0.498482 0.48427 0.959518 0.398876
47 0.497701 0.485112 0.987602 0.392697
105 0.498482 0.48427 0.959518 0.398876
73 0.502382 0.484831 0.957958 0.385393
108 0.498482 0.48427 0.959518 0.398876
80 0.498482 0.48427 0.959518 0.398876
76 0.499262 0.486517 0.959518 0.393258
42 0.498482 0.48427 0.959518 0.398876
74 0.498482 0.48427 0.959518 0.398876
41 0.498482 0.48427 0.959518 0.398876
66 0.498482 0.48427 0.959518 0.398876
52 0.499262 0.486517 0.959518 0.393258
97 0.498482 0.48427 0.959518 0.398876
81 0.498482 0.48427 0.959518 0.398876
79 0.498482 0.478371 0.953278 0.409551
17 0.498482 0.48427 0.959518 0.398876
33 0.498482 0.48427 0.959518 0.398876
111 0.500042 0.396138 0.954838 0.569523
78 0.500042 0.438272 0.956398 0.483006
48 0.500042 0.396138 0.954838 0.569523
50 0.321985 0.913483 0.64397 0.173034
50 0.500042 0.396138 0.954838 0.569523
105 0.354944 0.494101 0.659181 0.385955
48 0.321985 0.913483 0.64397 0.173034
108 0.354944 0.494101 0.659181 0.385955
103 0.500042 0.396138 0.954838 0.569523
110 0.500042 0.396138 0.954838 0.569523
104 0.354944 0.494101 0.659181 0.385955
56 0.500042 0.396138 0.954838 0.569523
111 0.354944 0.494101 0.659181 0.385955
79 0.354944 0.494101 0.659181 0.385955
103 0.354944 0.494101 0.659181 0.385955
38 0.498091 0.484551 0.986822 0.39382
109 0.500042 0.396138 0.954838 0.569523
95 0.354944 0.494101 0.659181 0.385955
48 0.354944 0.494101 0.659181 0.385955
66 0.354944 0.494101 0.659181 0.385955
99 0.500042 0.396138 0.954838 0.569523
68 0.397069 0.921348 0.794138 0.157303
48 0.674783 0.48427 0.627197 0.395506
75 0.354944 0.494101 0.659181 0.385955
108 0.500042 0.396138 0.954838 0.569523
46 0.397069 0.921348 0.794138 0.157303
46 0.500042 0.396138 0.954838 0.569523
104 0.500042 0.396138 0.954838 0.569523
50 0.512482 0.949438 0.975037 0.101124
75 0.500042 0.396138 0.954838 0.569523
95 0.500042 0.441503 0.987602 0.488905
108 0.498872 0.345787 0.989942 0.679213
81 0.498872 0.345787 0.989942 0.679213
79 0.498872 0.345787 0.989942 0.679213
95 0.498482 0.341011 0.978241 0.682023
56 0.498482 0.341011 0.978241 0.682023
78 0.498872 0.345787 0.989942 0.679213
56 0.501602 0.457022 0.978241 0.452247
68 0.503162 0.855056 0.979801 0.289888
53 0.501602 0.457022 0.978241 0.452247
108 0.48795 0.455548 0.957178 0.458567
53 0.503162 0.855056 0.979801 0.289888
104 0.498872 0.345787 0.989942 0.679213
81 0.501602 0.457022 0.978241 0.452247
53 0.498482 0.341011 0.978241 0.682023
79 0.501602 0.457022 0.978241 0.452247
104 0.501602 0.457022 0.978241 0.452247
68 0.501602 0.457022 0.978241 0.452247
52 0.498482 0.341011 0.978241 0.682023
52 0.501602 0.457022 0.978241 0.452247
78 0.501602 0.457022 0.978241 0.452247
84 0.501602 0.457022 0.978241 0.452247
95 0.503162 0.855056 0.979801 0.289888
84 0.498482 0.341011 0.978241 0.682023
74 0.501602 0.457022 0.978241 0.452247
105 0.498482 0.341011 0.978241 0.682023
105 0.501602 0.457022 0.978241 0.452247
80 0.498872 0.345787 0.989942 0.679213
68 0.498482 0.341011 0.978241 0.682023
68 0.48834 0.911236 0.957958 0.177528
80 0.501602 0.457022 0.978241 0.452247
74 0.498872 0.345787 0.989942 0.679213
53 0.502772 0.77809 0.980581 0.44382
68 0.502772 0.77809 0.980581 0.44382
102 0.503162 0.855056 0.979801 0.289888
48 0.498482 0.341011 0.978241 0.682023
67 0.501602 0.457022 0.978241 0.452247
101 0.501602 0.457022 0.978241 0.452247
67 0.500042 0.873034 0.989162 0.253933
75 0.501602 0.457022 0.978241 0.452247
101 0.503162 0.855056 0.979801 0.289888
95 0.48834 0.911236 0.957958 0.177528
56 0.503162 0.855056 0.979801 0.289888
95 0.502772 0.77809 0.980581 0.44382
54 0.501602 0.457022 0.978241 0.452247
109 0.501602 0.457022 0.978241 0.452247
48 0.493021 0.480337 0.986042 0.41236
48 0.503162 0.855056 0.979801 0.289888
84 0.503162 0.855056 0.979801 0.289888
75 0.498482 0.341011 0.978241 0.682023
109 0.503162 0.855056 0.979801 0.289888
54 0.498872 0.345787 0.989942 0.679213
111 0.501602 0.457022 0.978241 0.452247
56 0.502772 0.77809 0.980581 0.44382
111 0.498482 0.341011 0.978241 0.682023
101 0.498482 0.341011 0.978241 0.682023
109 0.498482 0.341011 0.978241 0.682023
52 0.500042 0.873034 0.989162 0.253933
104 0.503162 0.855056 0.979801 0.289888
52 0.502382 0.807865 0.986042 0.38427
110 0.501602 0.457022 0.978241 0.452247
66 0.498482 0.341011 0.978241 0.682023
66 0.500042 0.441503 0.987602 0.488905
110 0.500042 0.873034 0.989162 0.253933
67 0.498482 0.341011 0.978241 0.682023
95 0.48678 0.241713 0.961079 0.483427
101 0.502772 0.77809 0.980581 0.44382
68 0.495361 0.175421 0.981361 0.350843
104 0.502772 0.77809 0.980581 0.44382
77 0.503162 0.855056 0.979801 0.289888
48 0.502772 0.77809 0.980581 0.44382
78 0.502382 0.807865 0.986042 0.38427
78 0.48678 0.241713 0.961079 0.483427
77 0.501602 0.457022 0.978241 0.452247
78 0.500042 0.873034 0.989162 0.253933
108 0.48678 0.241713 0.961079 0.483427
81 0.502382 0.807865 0.986042 0.38427
84 0.502772 0.77809 0.980581 0.44382
67 0.502772 0.77809 0.980581 0.44382
111 0.503162 0.855056 0.979801 0.289888
17 0.498872 0.345787 0.989942 0.679213
68 0.600284 0.928652 0.790238 0.142697
80 0.502382 0.807865 0.986042 0.38427
74 0.48678 0.241713 0.961079 0.483427
108 0.502382 0.807865 0.986042 0.38427
95 0.503162 0.567275 0.984482 0.523876
79 0.502382 0.807865 0.986042 0.38427
101 0.48834 0.911236 0.957958 0.177528
109 0.502772 0.77809 0.980581 0.44382
110 0.498482 0.341011 0.978241 0.682023
53 0.582342 0.900562 0.826122 0.198876
80 0.48678 0.241713 0.961079 0.483427
33 0.500042 0.441503 0.987602 0.488905
48 0.582342 0.900562 0.826122 0.198876
102 0.48834 0.911236 0.957958 0.177528
77 0.496141 0.286517 0.982921 0.573034
103 0.498482 0.341011 0.978241 0.682023
53 0.48678 0.241713 0.961079 0.483427
17 0.501602 0.457022 0.978241 0.452247
79 0.500042 0.873034 0.989162 0.253933
81 0.500042 0.873034 0.989162 0.253933
48 0.495361 0.175421 0.981361 0.350843
111 0.502772 0.77809 0.980581 0.44382
68 0.503162 0.567275 0.984482 0.523876
101 0.48678 0.241713 0.961079 0.483427
105 0.502772 0.77809 0.980581 0.44382
105 0.503162 0.855056 0.979801 0.289888
80 0.500042 0.873034 0.989162 0.253933
76 0.501602 0.457022 0.978241 0.452247
109 0.48834 0.911236 0.957958 0.177528
74 0.501992 0.885393 0.975901 0.229213
33 0.498482 0.341011 0.978241 0.682023
110 0.502382 0.807865 0.986042 0.38427
75 0.503162 0.855056 0.979801 0.289888
53 0.48444 0.919663 0.956398 0.160674
103 0.501602 0.457022 0.978241 0.452247
50 0.495361 0.175421 0.981361 0.350843
67 0.48444 0.919663 0.956398 0.160674
102 0.502772 0.77809 0.980581 0.44382
84 0.48834 0.911236 0.957958 0.177528
77 0.502772 0.77809 0.980581 0.44382
76 0.498482 0.341011 0.978241 0.682023
46 0.493021 0.480337 0.986042 0.41236
104 0.48912 0.614747 0.959518 0.550281
74 0.502382 0.807865 0.986042 0.38427
76 0.503162 0.855056 0.979801 0.289888
101 0.500042 0.165449 0.972 0.330899
54 0.503162 0.855056 0.979801 0.289888
102 0.493021 0.483146 0.986042 0.403371
78 0.503162 0.567275 0.984482 0.523876
84 0.48678 0.241713 0.961079 0.483427
77 0.48834 0.911236 0.957958 0.177528
50 0.502382 0.342697 0.97044 0.685393
104 0.48834 0.911236 0.957958 0.177528
108 0.500042 0.873034 0.989162 0.253933
103 0.503162 0.855056 0.979801 0.289888
68 0.692335 0.953371 0.603014 0.0932584
53 0.500042 0.165449 0.972 0.330899
50 0.503162 0.855056 0.979801 0.289888
73 0.498482 0.341011 0.978241 0.682023
54 0.502772 0.77809 0.980581 0.44382
47 0.493021 0.480337 0.986042 0.41236
108 0.48912 0.614747 0.959518 0.550281
102 0.500042 0.165449 0.972 0.330899
102 0.600284 0.928652 0.790238 0.142697
102 0.502382 0.342697 0.97044 0.685393
53 0.503162 0.567275 0.984482 0.523876
81 0.48912 0.614747 0.959518 0.550281
52 0.48678 0.241713 0.961079 0.483427
41 0.498872 0.345787 0.989942 0.679213
56 0.48834 0.911236 0.957958 0.177528
53 0.692726 0.907303 0.602234 0.185393
78 0.503942 0.672191 0.982921 0.655618
48 0.692726 0.907303 0.602234 0.185393
49 0.502382 0.342697 0.97044 0.685393
75 0.48678 0.241713 0.961079 0.483427
79 0.48912 0.614747 0.959518 0.550281
67 0.503162 0.567275 0.984482 0.523876
109 0.48678 0.241713 0.961079 0.483427
110 0.48678 0.241713 0.961079 0.483427
56 0.503162 0.567275 0.984482 0.523876
75 0.502772 0.77809 0.980581 0.44382
68 0.692726 0.907303 0.602234 0.185393
49 0.495361 0.175421 0.981361 0.350843
84 0.503162 0.567275 0.984482 0.523876
77 0.495361 0.175421 0.981361 0.350843
100 0.495361 0.175421 0.981361 0.350843
67 0.48678 0.241713 0.961079 0.483427
99 0.503162 0.855056 0.979801 0.289888
97 0.501602 0.457022 0.978241 0.452247
101 0.600284 0.928652 0.790238 0.142697
53 0.500822 0.651545 0.979801 0.69691
99 0.501602 0.457022 0.978241 0.452247
100 0.502382 0.342697 0.97044 0.685393
79 0.48678 0.241713 0.961079 0.483427
56 0.500822 0.651545 0.979801 0.69691
46 0.493021 0.341573 0.986042 0.661798
67 0.600284 0.928652 0.790238 0.142697
56 0.48678 0.241713 0.961079 0.483427
73 0.501602 0.457022 0.978241 0.452247
103 0.502772 0.77809 0.980581 0.44382
110 0.551528 0.910674 0.878388 0.178652
68 0.470398 0.947191 0.940796 0.105618
41 0.48795 0.455548 0.957178 0.458567
50 0.525005 0.907303 0.923634 0.185393
51 0.493021 0.341573 0.986042 0.661798
53 0.692335 0.953371 0.603014 0.0932584
77 0.600284 0.928652 0.790238 0.142697
101 0.503162 0.567275 0.984482 0.523876
46 0.503162 0.855056 0.979801 0.289888
97 0.498482 0.341011 0.978241 0.682023
66 0.48678 0.241713 0.961079 0.483427
68 0.40097 0.92809 0.801939 0.14382
49 0.503162 0.855056 0.979801 0.289888
48 0.500822 0.0988062 0.976681 0.197612
75 0.48834 0.911236 0.957958 0.177528
81 0.48678 0.241713 0.961079 0.483427
49 0.4899 0.480337 0.979801 0.393258
50 0.4899 0.480337 0.979801 0.393258
105 0.48834 0.911236 0.957958 0.177528
105 0.503162 0.567275 0.984482 0.523876
47 0.503162 0.855056 0.979801 0.289888
68 0.307748 0.935674 0.615496 0.128652
95 0.600284 0.928652 0.790238 0.142697
95 0.500042 0.165449 0.972 0.330899
48 0.470008 0.938202 0.940016 0.123595
17 0.48678 0.241713 0.961079 0.483427
104 0.48678 0.241713 0.961079 0.483427
46 0.502772 0.77809 0.980581 0.44382
2 0.497311 0.335955 0.986822 0.67191
47 0.493021 0.341573 0.986042 0.661798
111 0.48834 0.911236 0.957958 0.177528
50 0.600284 0.928652 0.790238 0.142697
48 0.504722 0.0615169 0.962639 0.123034
74 0.500822 0.48427 0.954838 0.408989
104 0.500822 0.48427 0.954838 0.408989
108 0.500822 0.48427 0.954838 0.408989
79 0.500822 0.48427 0.954838 0.408989
66 0.500822 0.48427 0.954838 0.408989
95 0.497701 0.482584 0.948597 0.395506
97 0.496141 0.477528 0.957958 0.397753
33 0.496141 0.477528 0.957958 0.397753
80 0.501212 0.482303 0.947817 0.405056
105 0.497701 0.482584 0.948597 0.395506
78 0.500822 0.48427 0.954838 0.408989
75 0.501212 0.482303 0.947817 0.405056
41 0.496141 0.477528 0.957958 0.397753
42 0.496141 0.477528 0.957958 0.397753
84 0.501212 0.482303 0.947817 0.405056
103 0.501212 0.482303 0.947817 0.405056
17 0.496141 0.477528 0.957958 0.397753
81 0.500822 0.48427 0.954838 0.408989
54 0.501212 0.482303 0.947817 0.405056
67 0.501212 0.482303 0.947817 0.405056
109 0.501212 0.482303 0.947817 0.405056
68 0.501212 0.482303 0.947817 0.405056
76 0.501212 0.482303 0.947817 0.405056
56 0.497701 0.482584 0.948597 0.395506
53 0.497701 0.482584 0.948597 0.395506
77 0.501212 0.482303 0.947817 0.405056
52 0.497701 0.482584 0.948597 0.395506
101 0.48834 0.48427 0.976681 0.398876
32 0.496141 0.477528 0.957958 0.397753
21 0.500822 0.48427 0.954838 0.408989
100 0.501212 0.482303 0.947817 0.405056
28 0.496141 0.477528 0.957958 0.397753
110 0.48834 0.48427 0.976681 0.398876
50 0.501212 0.482303 0.947817 0.405056
73 0.501212 0.482303 0.947817 0.405056
14 0.496141 0.477528 0.957958 0.397753
99 0.501212 0.482303 0.947817 0.405056
42 0.496141 0.382584 0.950157 0.565169
74 0.496141 0.382584 0.950157 0.565169
10 0.500822 0.48427 0.954838 0.408989
41 0.500432 0.368258 0.952498 0.591573
102 0.501212 0.483989 0.946257 0.398315
108 0.500432 0.368258 0.952498 0.591573
105 0.495361 0.542837 0.947037 0.289607
6 0.496141 0.477528 0.957958 0.397753
95 0.495361 0.542837 0.947037 0.289607
97 0.496141 0.382584 0.950157 0.565169
48 0.501212 0.482303 0.947817 0.405056
79 0.507843 0.473315 0.937676 0.425281
108 0.504722 0.471629 0.950157 0.441011
78 0.504722 0.471629 0.950157 0.441011
104 0.507843 0.473315 0.937676 0.425281
56 0.509793 0.480337 0.954058 0.394382
95 0.509793 0.480337 0.954058 0.394382
66 0.504722 0.471629 0.950157 0.441011
74 0.504722 0.471629 0.950157 0.441011
81 0.507843 0.473315 0.937676 0.425281
68 0.507843 0.486517 0.943917 0.417978
67 0.509793 0.480337 0.954058 0.394382
80 0.504722 0.471629 0.950157 0.441011
111 0.509793 0.480337 0.954058 0.394382
109 0.509793 0.480337 0.954058 0.394382
84 0.509793 0.480337 0.954058 0.394382
33 0.504722 0.471629 0.950157 0.441011
53 0.509793 0.480337 0.954058 0.394382
17 0.504722 0.471629 0.950157 0.441011
77 0.509793 0.480337 0.954058 0.394382
103 0.507843 0.486517 0.943917 0.417978
101 0.509793 0.480337 0.954058 0.394382
105 0.503552 0.482584 0.950937 0.41236
97 0.509793 0.480337 0.954058 0.394382
110 0.509793 0.480337 0.954058 0.394382
54 0.509793 0.480337 0.954058 0.394382
49 0.509793 0.480337 0.954058 0.394382
75 0.504722 0.471629 0.950157 0.441011
48 0.509793 0.480337 0.954058 0.394382
41 0.504722 0.471629 0.950157 0.441011
76 0.509793 0.480337 0.954058 0.394382
56 0.503552 0.400843 0.958738 0.56236
52 0.509793 0.480337 0.954058 0.394382
108 0.500822 0.364045 0.959518 0.701124
78 0.500822 0.364045 0.959518 0.701124
42 0.504722 0.471629 0.950157 0.441011
54 0.503552 0.400843 0.958738 0.56236
95 0.503552 0.400843 0.958738 0.56236
102 0.509793 0.480337 0.954058 0.394382
47 0.509793 0.480337 0.954058 0.394382
50 0.509793 0.480337 0.954058 0.394382
84 0.500042 0.475843 0.959518 0.382022
103 0.502772 0.455899 0.964979 0.427528
95 0.500042 0.475843 0.959518 0.382022
109 0.500042 0.475843 0.959518 0.382022
111 0.500042 0.475843 0.959518 0.382022
67 0.48834 0.47809 0.976681 0.38427
68 0.500042 0.475843 0.959518 0.382022
54 0.502382 0.456461 0.964199 0.425281
56 0.500042 0.475843 0.959518 0.382022
101 0.48834 0.47809 0.976681 0.38427
77 0.500042 0.475843 0.959518 0.382022
53 0.48834 0.47809 0.976681 0.38427
97 0.502382 0.456461 0.964199 0.425281
75 0.502382 0.456461 0.964199 0.425281
84 0.501602 0.377528 0.961079 0.586517
52 0.500042 0.475843 0.959518 0.382022
110 0.48834 0.47809 0.976681 0.38427
99 0.502772 0.455899 0.964979 0.427528
66 0.502382 0.456461 0.964199 0.425281
95 0.501602 0.377528 0.961079 0.586517
111 0.501602 0.377528 0.961079 0.586517
76 0.500042 0.475843 0.959518 0.382022
102 0.48834 0.47809 0.976681 0.38427
53 0.501602 0.377528 0.961079 0.586517
73 0.502772 0.455899 0.964979 0.427528
109 0.501602 0.377528 0.961079 0.586517
41 0.499262 0.432303 0.948597 0.476966
49 0.500042 0.475843 0.959518 0.382022
100 0.502772 0.455899 0.964979 0.427528
50 0.500042 0.475843 0.959518 0.382022
56 0.501602 0.377528 0.961079 0.586517
67 0.501602 0.377528 0.961079 0.586517
47 0.502772 0.455899 0.964979 0.427528
52 0.501602 0.377528 0.961079 0.586517
33 0.502382 0.456461 0.964199 0.425281
48 0.500042 0.475843 0.959518 0.382022
80 0.502772 0.455899 0.964979 0.427528
105 0.500042 0.475843 0.959518 0.382022
76 0.501602 0.377528 0.961079 0.586517
68 0.501602 0.377528 0.961079 0.586517
42 0.502772 0.455899 0.964979 0.427528
74 0.502382 0.456461 0.964199 0.425281
77 0.501602 0.377528 0.961079 0.586517
101 0.501602 0.377528 0.961079 0.586517
110 0.501602 0.377528 0.961079 0.586517
48 0.501602 0.377528 0.961079 0.586517
108 0.502382 0.456461 0.964199 0.425281
46 0.502772 0.455899 0.964979 0.427528
49 0.501602 0.377528 0.961079 0.586517
54 0.504722 0.461798 0.965759 0.404494
97 0.505502 0.477528 0.954838 0.382022
84 0.509403 0.469944 0.947037 0.388202
95 0.505502 0.477528 0.954838 0.382022
109 0.505502 0.477528 0.954838 0.382022
52 0.504722 0.461798 0.965759 0.404494
103 0.504332 0.474438 0.952498 0.388202
56 0.509403 0.469944 0.947037 0.388202
111 0.505502 0.477528 0.954838 0.382022
42 0.504722 0.461798 0.965759 0.404494
67 0.505502 0.477528 0.954838 0.382022
75 0.504332 0.474438 0.952498 0.388202
68 0.505502 0.477528 0.954838 0.382022
76 0.510183 0.473596 0.943917 0.383146
80 0.504722 0.461798 0.965759 0.404494
110 0.502382 0.478371 0.967319 0.384831
53 0.504722 0.461798 0.965759 0.404494
101 0.502382 0.478371 0.967319 0.384831
41 0.509403 0.469944 0.947037 0.388202
66 0.501602 0.472191 0.959518 0.39382
33 0.501602 0.472191 0.959518 0.39382
99 0.505502 0.477528 0.954838 0.382022
17 0.504332 0.474438 0.952498 0.388202
102 0.502382 0.478371 0.967319 0.384831
73 0.510183 0.473596 0.943917 0.383146
77 0.505502 0.477528 0.954838 0.382022
100 0.510183 0.473596 0.943917 0.383146
74 0.505502 0.477528 0.954838 0.382022
46 0.510183 0.473596 0.943917 0.383146
6 0.510183 0.473596 0.943917 0.383146
48 0.504722 0.461798 0.965759 0.404494
108 0.501602 0.472191 0.959518 0.39382
28 0.510183 0.473596 0.943917 0.383146
104 0.504332 0.474438 0.952498 0.388202
34 0.502382 0.478371 0.967319 0.384831
50 0.505502 0.477528 0.954838 0.382022
33 0.504722 0.483989 0.97044 0.392697
97 0.509793 0.476685 0.964979 0.381461
84 0.504722 0.481742 0.96888 0.380337
17 0.504722 0.483989 0.97044 0.392697
41 0.504722 0.483989 0.97044 0.392697
54 0.504722 0.481742 0.96888 0.380337
80 0.504722 0.481742 0.96888 0.380337
66 0.504722 0.483989 0.97044 0.392697
52 0.503942 0.479214 0.965759 0.380899
95 0.509793 0.476685 0.964979 0.381461
111 0.509793 0.476685 0.964979 0.381461
103 0.504722 0.483989 0.97044 0.392697
56 0.504722 0.481742 0.96888 0.380337
75 0.504722 0.483989 0.97044 0.392697
79 0.504722 0.483989 0.97044 0.392697
108 0.506283 0.47809 0.967319 0.385393
42 0.506283 0.47809 0.967319 0.385393
74 0.504722 0.483989 0.97044 0.392697
109 0.507063 0.482022 0.97044 0.394382
53 0.507063 0.482022 0.97044 0.394382
101 0.507063 0.482022 0.97044 0.394382
68 0.507063 0.482022 0.97044 0.394382
76 0.504722 0.483989 0.97044 0.392697
100 0.507063 0.482022 0.97044 0.394382
50 0.507063 0.482022 0.97044 0.394382
105 0.504722 0.483989 0.97044 0.392697
73 0.507063 0.482022 0.97044 0.394382
99 0.507063 0.482022 0.97044 0.394382
47 0.507063 0.482022 0.97044 0.394382
48 0.507063 0.482022 0.97044 0.394382
104 0.504722 0.483989 0.97044 0.392697
46 0.507063 0.482022 0.97044 0.394382
67 0.507063 0.482022 0.97044 0.394382
49 0.507063 0.482022 0.97044 0.394382
84 0.503162 0.478933 0.950157 0.396067
54 0.503552 0.480899 0.943137 0.397753
97 0.496141 0.483427 0.959518 0.400562
66 0.496921 0.469382 0.950157 0.39382
74 0.496921 0.469382 0.950157 0.39382
75 0.498482 0.475562 0.956398 0.398315
33 0.497701 0.475 0.956398 0.389326
95 0.503162 0.478933 0.950157 0.396067
103 0.498482 0.475562 0.956398 0.398315
53 0.503552 0.480899 0.943137 0.397753
42 0.503552 0.480899 0.943137 0.397753
109 0.503162 0.478933 0.950157 0.396067
108 0.498482 0.446629 0.953278 0.44382
80 0.503552 0.480899 0.943137 0.397753
52 0.503552 0.480899 0.943137 0.397753
111 0.496141 0.483427 0.959518 0.400562
79 0.496921 0.469382 0.950157 0.39382
56 0.503162 0.478933 0.950157 0.396067
17 0.496921 0.469382 0.950157 0.39382
110 0.496141 0.483427 0.959518 0.400562
41 0.498482 0.475562 0.956398 0.398315
67 0.496141 0.483427 0.959518 0.400562
68 0.496141 0.482584 0.948597 0.395506
76 0.503162 0.478933 0.950157 0.396067
101 0.503162 0.478933 0.950157 0.396067
77 0.496141 0.483427 0.959518 0.400562
104 0.496921 0.469382 0.950157 0.39382
73 0.503162 0.478933 0.950157 0.396067
78 0.496921 0.469382 0.950157 0.39382
75 0.510921 0.401615 0.978157 0.519242
50 0.496921 0.479775 0.954838 0.401124
100 0.503162 0.478933 0.950157 0.396067
103 0.510921 0.401615 0.978157 0.519242
84 0.495751 0.475843 0.977461 0.389888
53 0.495751 0.475843 0.977461 0.389888
54 0.509013 0.473596 0.9681 0.398876
75 0.501992 0.46264 0.963419 0.416292
52 0.495751 0.475843 0.977461 0.389888
111 0.495751 0.475843 0.977461 0.389888
67 0.495751 0.475843 0.977461 0.389888
74 0.503942 0.462921 0.961079 0.420225
80 0.508623 0.47191 0.97044 0.397753
95 0.495751 0.475843 0.977461 0.389888
103 0.508623 0.47191 0.97044 0.397753
66 0.509013 0.473596 0.9681 0.398876
68 0.495751 0.475843 0.977461 0.389888
56 0.495751 0.475843 0.977461 0.389888
108 0.509013 0.473596 0.9681 0.398876
33 0.501992 0.46264 0.963419 0.416292
77 0.495751 0.475843 0.977461 0.389888
109 0.507063 0.473596 0.96888 0.391011
101 0.495751 0.475843 0.977461 0.389888
79 0.503942 0.462921 0.961079 0.420225
110 0.495751 0.475843 0.977461 0.389888
97 0.509013 0.476405 0.96966 0.393258
17 0.503942 0.462921 0.961079 0.420225
42 0.507063 0.458427 0.972 0.423596
41 0.501992 0.46264 0.963419 0.416292
84 0.516814 0.479494 0.904132 0.382584
75 0.501992 0.482303 0.921294 0.379213
103 0.498482 0.48118 0.929875 0.380337
54 0.501212 0.480337 0.927535 0.383146
74 0.501992 0.482303 0.921294 0.379213
53 0.516814 0.479494 0.904132 0.382584
66 0.498482 0.48118 0.929875 0.380337
111 0.516814 0.479494 0.904132 0.382584
52 0.516814 0.479494 0.904132 0.382584
80 0.516814 0.479494 0.904132 0.382584
48 0.516814 0.479494 0.904132 0.382584
67 0.516814 0.479494 0.904132 0.382584
95 0.516814 0.479494 0.904132 0.382584
79 0.502772 0.483146 0.922854 0.378652
56 0.516814 0.479494 0.904132 0.382584
109 0.498482 0.48118 0.929875 0.380337
68 0.516814 0.479494 0.904132 0.382584
42 0.516814 0.479494 0.904132 0.382584
108 0.516814 0.479494 0.904132 0.382584
104 0.502772 0.483146 0.922854 0.378652
50 0.516814 0.479494 0.904132 0.382584
41 0.502772 0.483146 0.922854 0.378652
76 0.516814 0.479494 0.904132 0.382584
97 0.516814 0.479494 0.904132 0.382584
99 0.498482 0.48118 0.929875 0.380337
77 0.516814 0.479494 0.904132 0.382584
33 0.498482 0.48118 0.929875 0.380337
17 0.502772 0.483146 0.922854 0.378652
46 0.516814 0.479494 0.904132 0.382584
49 0.516814 0.479494 0.904132 0.382584
47 0.516814 0.479494 0.904132 0.382584
73 0.498482 0.48118 0.929875 0.380337
101 0.516814 0.479494 0.904132 0.382584
100 0.498482 0.48118 0.929875 0.380337
110 0.516814 0.479494 0.904132 0.382584
81 0.498482 0.48118 0.929875 0.380337
102 0.516814 0.479494 0.904132 0.382584
105 0.498482 0.48118 0.929875 0.380337
80 0.501992 0.483427 0.944697 0.382584
33 0.501992 0.483427 0.944697 0.382584
54 0.501992 0.483427 0.944697 0.382584
108 0.48639 0.481461 0.97278 0.385393
75 0.501602 0.48427 0.947037 0.386517
103 0.501602 0.48427 0.947037 0.386517
84 0.501992 0.483427 0.944697 0.382584
52 0.48639 0.481461 0.97278 0.385393
53 0.48639 0.481461 0.97278 0.385393
66 0.501992 0.483427 0.944697 0.382584
41 0.501992 0.483427 0.944697 0.382584
74 0.501992 0.483427 0.944697 0.382584
17 0.501992 0.483427 0.944697 0.382584
79 0.501992 0.483427 0.944697 0.382584
48 0.48639 0.481461 0.97278 0.385393
74 0.503942 0.483708 0.943917 0.380899
66 0.503942 0.483708 0.943917 0.380899
52 0.505502 0.48118 0.951717 0.385955
54 0.498872 0.482023 0.952498 0.38427
84 0.505502 0.48118 0.951717 0.385955
75 0.505502 0.483146 0.945477 0.379775
108 0.498872 0.482023 0.952498 0.38427
56 0.505502 0.48118 0.951717 0.385955
53 0.505502 0.48118 0.951717 0.385955
79 0.503942 0.483708 0.943917 0.380899
80 0.498872 0.482023 0.952498 0.38427
33 0.498872 0.482023 0.952498 0.38427
68 0.505502 0.48118 0.951717 0.385955
111 0.505502 0.48118 0.951717 0.385955
103 0.505502 0.483146 0.945477 0.379775
95 0.502382 0.481742 0.942356 0.383708
109 0.498872 0.482023 0.952498 0.38427
97 0.505502 0.48118 0.951717 0.385955
77 0.505502 0.48118 0.951717 0.385955
78 0.505502 0.48118 0.951717 0.385955
48 0.498872 0.482023 0.952498 0.38427
41 0.498872 0.482023 0.952498 0.38427
101 0.525785 0.482023 0.909592 0.388764
104 0.503942 0.483708 0.943917 0.380899
50 0.502382 0.481742 0.942356 0.383708
67 0.505502 0.48118 0.951717 0.385955
42 0.498872 0.482023 0.952498 0.38427
17 0.502382 0.481742 0.942356 0.383708
47 0.505502 0.48118 0.951717 0.385955
76 0.502382 0.481742 0.942356 0.383708
102 0.525785 0.482023 0.909592 0.388764
105 0.498872 0.482023 0.952498 0.38427
110 0.502382 0.481742 0.942356 0.383708
73 0.498872 0.482023 0.952498 0.38427
81 0.503942 0.483708 0.943917 0.380899
46 0.498872 0.482023 0.952498 0.38427
100 0.502382 0.481742 0.942356 0.383708
49 0.525785 0.482023 0.909592 0.388764
99 0.505502 0.483146 0.945477 0.379775
84 0.525005 0.483989 0.925194 0.384832
54 0.517204 0.481742 0.940796 0.390449
111 0.525005 0.483989 0.925194 0.384832
103 0.517204 0.481742 0.940796 0.390449
52 0.525005 0.483989 0.925194 0.384832
75 0.517204 0.481742 0.940796 0.390449
48 0.514864 0.483146 0.942356 0.383146
80 0.517204 0.481742 0.940796 0.390449
53 0.525005 0.483989 0.925194 0.384832
67 0.525005 0.483989 0.925194 0.384832
109 0.525005 0.483989 0.925194 0.384832
68 0.525005 0.483989 0.925194 0.384832
66 0.516424 0.479775 0.940796 0.38764
33 0.512523 0.480899 0.936116 0.383146
56 0.525005 0.483989 0.925194 0.384832
108 0.512523 0.480899 0.936116 0.383146
77 0.510963 0.483989 0.957958 0.387079
95 0.525005 0.483989 0.925194 0.384832
101 0.510963 0.483989 0.957958 0.387079
74 0.516424 0.479775 0.940796 0.38764
97 0.510963 0.483989 0.957958 0.387079
76 0.517204 0.481742 0.940796 0.390449
41 0.517204 0.481742 0.940796 0.390449
17 0.512523 0.480899 0.936116 0.383146
99 0.514864 0.483146 0.942356 0.383146
50 0.512523 0.480899 0.936116 0.383146
46 0.514864 0.483146 0.942356 0.383146
110 0.510963 0.483989 0.957958 0.387079
42 0.512523 0.480899 0.936116 0.383146
49 0.524225 0.480337 0.914273 0.38427
102 0.524225 0.480337 0.914273 0.38427
47 0.524225 0.480337 0.914273 0.38427
100 0.512523 0.480899 0.936116 0.383146
73 0.524225 0.480337 0.914273 0.38427
84 0.511743 0.479775 0.948597 0.377528
75 0.506283 0.480618 0.950157 0.374719
54 0.511743 0.479775 0.948597 0.377528
103 0.507063 0.481461 0.947037 0.374157
74 0.505892 0.481461 0.947817 0.376405
80 0.507063 0.481461 0.947037 0.374157
95 0.511743 0.479775 0.948597 0.377528
52 0.504722 0.478652 0.950157 0.38427
66 0.505892 0.481461 0.947817 0.376405
33 0.506283 0.480618 0.950157 0.374719
79 0.505892 0.481461 0.947817 0.376405
109 0.507063 0.481461 0.947037 0.374157
48 0.507063 0.479494 0.937676 0.381461
68 0.511743 0.479775 0.948597 0.377528
41 0.506283 0.480618 0.950157 0.374719
53 0.511743 0.479775 0.948597 0.377528
76 0.506283 0.480618 0.950157 0.374719
67 0.511743 0.479775 0.948597 0.377528
17 0.505892 0.481461 0.947817 0.376405
66 0.503552 0.488764 0.961859 0.366292
74 0.503552 0.488764 0.961859 0.366292
75 0.503552 0.488764 0.961859 0.366292
54 0.519544 0.478652 0.915833 0.374157
84 0.528515 0.47809 0.896331 0.383146
97 0.517984 0.476685 0.917393 0.382584
33 0.505893 0.481742 0.955618 0.374719
42 0.502382 0.47809 0.957958 0.380899
111 0.528515 0.47809 0.896331 0.383146
109 0.528515 0.47809 0.896331 0.383146
80 0.507063 0.48427 0.954838 0.370787
76 0.507063 0.48427 0.954838 0.370787
46 0.517984 0.476685 0.917393 0.382584
41 0.507063 0.48427 0.954838 0.370787
95 0.528515 0.47809 0.896331 0.383146
17 0.503552 0.488764 0.961859 0.366292
108 0.507063 0.48427 0.954838 0.370787
52 0.517984 0.476685 0.917393 0.382584
68 0.528515 0.47809 0.896331 0.383146
79 0.503552 0.488764 0.961859 0.366292
50 0.505893 0.481742 0.955618 0.374719
103 0.507063 0.48427 0.954838 0.370787
47 0.517984 0.476685 0.917393 0.382584
53 0.517984 0.476685 0.917393 0.382584
78 0.528515 0.47809 0.896331 0.383146
110 0.528515 0.47809 0.896331 0.383146
73 0.507063 0.48427 0.954838 0.370787
48 0.507063 0.48427 0.954838 0.370787
99 0.507063 0.48427 0.954838 0.370787
56 0.517984 0.476685 0.917393 0.382584
77 0.528515 0.47809 0.896331 0.383146
100 0.505893 0.481742 0.955618 0.374719
101 0.528515 0.47809 0.896331 0.383146
84 0.512913 0.478652 0.940016 0.380899
75 0.512133 0.475281 0.943137 0.391011
95 0.518764 0.477247 0.925194 0.379214
54 0.507843 0.476966 0.961079 0.383146
103 0.506283 0.477528 0.950157 0.386517
111 0.518764 0.477247 0.925194 0.379214
33 0.507843 0.476966 0.961079 0.383146
56 0.518764 0.477247 0.925194 0.379214
52 0.518764 0.477247 0.925194 0.379214
80 0.507843 0.476966 0.961079 0.383146
97 0.500822 0.476966 0.959518 0.376405
76 0.512133 0.475281 0.943137 0.391011
67 0.518764 0.477247 0.925194 0.379214
66 0.512133 0.475281 0.943137 0.391011
109 0.506283 0.477528 0.950157 0.386517
41 0.512133 0.475281 0.943137 0.391011
68 0.518764 0.477247 0.925194 0.379214
42 0.507843 0.476966 0.961079 0.383146
48 0.507843 0.476966 0.961079 0.383146
53 0.512913 0.478652 0.940016 0.380899
17 0.512133 0.475281 0.943137 0.391011
77 0.518764 0.477247 0.925194 0.379214
110 0.518764 0.477247 0.925194 0.379214
84 0.499652 0.477247 0.950937 0.391573
54 0.499652 0.477528 0.950937 0.389888
103 0.501212 0.47809 0.944697 0.388764
75 0.501212 0.47809 0.944697 0.388764
80 0.499652 0.477528 0.950937 0.389888
48 0.491461 0.477809 0.979801 0.382584
66 0.492241 0.479214 0.97356 0.38427
74 0.492241 0.479214 0.97356 0.38427
33 0.500822 0.476405 0.951718 0.391011
52 0.492241 0.479214 0.97356 0.38427
17 0.499652 0.477528 0.950937 0.389888
108 0.499652 0.477528 0.950937 0.389888
79 0.492241 0.479214 0.97356 0.38427
41 0.499652 0.477528 0.950937 0.389888
76 0.499652 0.477528 0.950937 0.389888
53 0.492241 0.479214 0.97356 0.38427
68 0.492241 0.479214 0.97356 0.38427
42 0.499652 0.477528 0.950937 0.389888
104 0.492241 0.479214 0.97356 0.38427
68 0.503942 0.0320927 0.967319 0.0641854
84 0.503942 0.47809 0.961079 0.376405
54 0.503162 0.479775 0.962639 0.385393
75 0.502382 0.476405 0.967319 0.379775
111 0.491071 0.478652 0.982141 0.376404
109 0.491071 0.478652 0.982141 0.376404
53 0.491071 0.478652 0.982141 0.376404
52 0.494191 0.479775 0.982141 0.379775
97 0.494191 0.479775 0.982141 0.379775
103 0.502382 0.476405 0.967319 0.379775
76 0.503942 0.47809 0.961079 0.376405
80 0.503162 0.479775 0.962639 0.385393
33 0.503162 0.479775 0.962639 0.385393
67 0.500822 0.480618 0.957958 0.387079
77 0.491071 0.478652 0.982141 0.376404
48 0.494191 0.479775 0.982141 0.379775
56 0.500822 0.480618 0.957958 0.387079
110 0.491071 0.478652 0.982141 0.376404
66 0.502382 0.476405 0.967319 0.379775
84 0.511743 0.482303 0.936116 0.382584
54 0.503552 0.48118 0.955618 0.385955
52 0.502382 0.481742 0.961079 0.387079
80 0.503552 0.48118 0.955618 0.385955
53 0.502382 0.481742 0.961079 0.387079
103 0.505502 0.480899 0.954838 0.38427
95 0.511743 0.482303 0.936116 0.382584
75 0.505502 0.480899 0.954838 0.38427
48 0.505502 0.480899 0.954838 0.38427
33 0.503552 0.48118 0.955618 0.385955
67 0.511743 0.482303 0.936116 0.382584
108 0.503552 0.48118 0.955618 0.385955
111 0.502382 0.481742 0.961079 0.387079
68 0.505502 0.480899 0.954838 0.38427
79 0.505502 0.480899 0.954838 0.38427
74 0.505502 0.480899 0.954838 0.38427
84 0.501602 0.480899 0.959518 0.394382
54 0.508623 0.48118 0.945477 0.387079
53 0.501602 0.480899 0.959518 0.394382
75 0.508623 0.48118 0.945477 0.387079
52 0.527345 0.479214 0.915833 0.389888
80 0.507453 0.475843 0.944697 0.393258
33 0.508623 0.48118 0.945477 0.387079
103 0.519544 0.47809 0.932995 0.38764
95 0.527345 0.479214 0.915833 0.389888
74 0.508623 0.48118 0.945477 0.387079
67 0.501602 0.480899 0.959518 0.394382
111 0.519544 0.47809 0.932995 0.38764
109 0.508623 0.48118 0.945477 0.387079
76 0.508623 0.48118 0.945477 0.387079
48 0.507453 0.475843 0.944697 0.393258
66 0.508623 0.48118 0.945477 0.387079
68 0.500042 0.478652 0.965759 0.391011
17 0.508623 0.48118 0.945477 0.387079
56 0.519544 0.47809 0.932995 0.38764
41 0.508623 0.48118 0.945477 0.387079
77 0.519544 0.47809 0.932995 0.38764
97 0.507453 0.475843 0.944697 0.393258
2 0.527345 0.479214 0.915833 0.389888
42 0.507453 0.475843 0.944697 0.393258
84 0.509793 0.47809 0.954058 0.385393
95 0.516424 0.480056 0.934555 0.388202
66 0.508623 0.478933 0.961079 0.390449
103 0.508623 0.478933 0.961079 0.390449
75 0.508623 0.478933 0.961079 0.390449
74 0.508623 0.478933 0.961079 0.390449
109 0.506283 0.476405 0.957958 0.386517
33 0.508623 0.478933 0.961079 0.390449
80 0.509403 0.479214 0.964199 0.389888
17 0.508623 0.478933 0.961079 0.390449
79 0.508623 0.478933 0.961079 0.390449
54 0.508623 0.478933 0.961079 0.390449
56 0.507843 0.480337 0.961079 0.388764
52 0.507843 0.480337 0.961079 0.388764
84 0.48795 0.482023 0.975901 0.391011
54 0.500822 0.477528 0.961079 0.389888
80 0.501992 0.473034 0.958738 0.391011
75 0.503942 0.476405 0.956398 0.386517
109 0.48834 0.477528 0.976681 0.38427
103 0.503552 0.474719 0.957178 0.394382
33 0.500822 0.477528 0.961079 0.389888
52 0.48795 0.482023 0.975901 0.391011
56 0.48795 0.482023 0.975901 0.391011
111 0.48795 0.482023 0.975901 0.391011
97 0.48795 0.482023 0.975901 0.391011
84 0.518764 0.480899 0.925194 0.38764
109 0.518764 0.480899 0.925194 0.38764
95 0.510183 0.480056 0.945477 0.385955
103 0.508623 0.483146 0.953278 0.388764
75 0.508623 0.483146 0.953278 0.388764
74 0.508623 0.483146 0.953278 0.388764
111 0.499262 0.480337 0.967319 0.386517
33 0.508623 0.483146 0.953278 0.388764
56 0.510183 0.480056 0.945477 0.385955
66 0.508623 0.483146 0.953278 0.388764
17 0.508623 0.483146 0.953278 0.388764
76 0.509403 0.480337 0.947037 0.38764
80 0.508623 0.483146 0.953278 0.388764
54 0.508623 0.482023 0.954838 0.386517
77 0.510183 0.480056 0.945477 0.385955
67 0.496141 0.480899 0.972 0.386517
41 0.508623 0.483146 0.953278 0.388764
110 0.510183 0.480056 0.945477 0.385955
79 0.508623 0.483146 0.953278 0.388764
48 0.534366 0.888764 0.380687 0.222472
100 0.510183 0.480056 0.945477 0.385955
104 0.508623 0.483146 0.953278 0.388764
97 0.510183 0.480056 0.945477 0.385955
80 0.505502 0.480337 0.940796 0.388764
84 0.524225 0.480899 0.904912 0.386517
103 0.524225 0.480899 0.904912 0.386517
75 0.503942 0.482584 0.943917 0.386517
95 0.512913 0.482584 0.927535 0.392135
54 0.506283 0.480899 0.943917 0.388764
33 0.506283 0.480899 0.943917 0.388764
17 0.506283 0.481742 0.940796 0.391573
53 0.512913 0.482584 0.927535 0.392135
79 0.506283 0.481742 0.940796 0.391573
108 0.506283 0.481742 0.940796 0.391573
104 0.512913 0.482584 0.927535 0.392135
76 0.512913 0.482584 0.927535 0.392135
109 0.512913 0.482584 0.927535 0.392135
52 0.512913 0.482584 0.927535 0.392135
68 0.512913 0.482584 0.927535 0.392135
74 0.506283 0.480899 0.943917 0.388764
22 0.506283 0.481742 0.940796 0.391573
41 0.506283 0.481742 0.940796 0.391573
42 0.506283 0.481742 0.940796 0.391573
67 0.512913 0.482584 0.927535 0.392135
66 0.506283 0.481742 0.940796 0.391573
2 0.524225 0.480899 0.904912 0.386517
105 0.512913 0.482584 0.927535 0.392135
84 0.503552 0.480337 0.964979 0.386517
54 0.505502 0.478371 0.954838 0.388202
75 0.502382 0.478652 0.961079 0.395506
53 0.503552 0.479494 0.9681 0.385955
80 0.502382 0.477809 0.957958 0.39382
33 0.502382 0.477809 0.957958 0.39382
111 0.507453 0.481461 0.964979 0.38764
52 0.503552 0.479494 0.9681 0.385955
97 0.503942 0.478371 0.953278 0.390449
76 0.503942 0.478371 0.953278 0.390449
67 0.507453 0.481461 0.964979 0.38764
103 0.502382 0.478652 0.961079 0.395506
42 0.503942 0.478371 0.953278 0.390449
48 0.503942 0.478371 0.953278 0.390449
109 0.503942 0.478371 0.953278 0.390449
17 0.502382 0.477809 0.957958 0.39382
84 0.521885 0.478652 0.920514 0.382022
80 0.507843 0.478933 0.943917 0.388202
95 0.499262 0.47809 0.967319 0.383146
33 0.507843 0.478933 0.943917 0.390449
54 0.507843 0.478933 0.943917 0.390449
75 0.507843 0.478933 0.943917 0.390449
103 0.510963 0.479214 0.936116 0.383146
17 0.507843 0.478933 0.943917 0.390449
52 0.522665 0.478371 0.920514 0.380337
53 0.521885 0.478652 0.920514 0.382022
41 0.507843 0.478933 0.943917 0.390449
109 0.522665 0.478371 0.920514 0.380337
66 0.511353 0.479775 0.936896 0.38427
56 0.522665 0.478371 0.920514 0.380337
74 0.511353 0.479775 0.936896 0.38427
111 0.522665 0.478371 0.920514 0.380337
108 0.511353 0.479775 0.936896 0.38427
78 0.522665 0.478371 0.920514 0.380337
104 0.522665 0.478371 0.920514 0.380337
79 0.511353 0.479775 0.936896 0.38427
67 0.499262 0.47809 0.967319 0.383146
77 0.522665 0.478371 0.920514 0.380337
48 0.511353 0.479775 0.936896 0.38427
76 0.511353 0.479775 0.936896 0.38427
97 0.522665 0.478371 0.920514 0.380337
84 0.511353 0.485955 0.946257 0.396629
80 0.514864 0.482023 0.947037 0.393258
33 0.509793 0.479775 0.954058 0.394382
54 0.514864 0.482023 0.947037 0.393258
52 0.511353 0.485955 0.946257 0.396629
95 0.511353 0.485955 0.946257 0.396629
75 0.509403 0.479214 0.956398 0.395506
53 0.509403 0.485112 0.950157 0.39382
103 0.509403 0.479214 0.956398 0.395506
79 0.509403 0.479214 0.956398 0.395506
17 0.509793 0.479775 0.954058 0.394382
66 0.509403 0.479214 0.956398 0.395506
41 0.509403 0.479214 0.956398 0.395506
74 0.509403 0.479214 0.956398 0.395506
108 0.514084 0.481461 0.950157 0.392135
78 0.514864 0.480899 0.945477 0.391011
97 0.511353 0.485955 0.946257 0.396629
84 0.504722 0.481461 0.953278 0.392135
103 0.509403 0.480337 0.947037 0.394382
80 0.509403 0.480337 0.947037 0.394382
75 0.508623 0.478933 0.950157 0.396067
54 0.508623 0.478933 0.950157 0.396067
101 0.494971 0.0223315 0.96966 0.0446629
102 0.494971 0.0223315 0.96966 0.0446629
53 0.503162 0.479775 0.956398 0.389888
109 0.504722 0.481461 0.953278 0.392135
68 0.494971 0.0223315 0.96966 0.0446629
84 0.494971 0.480899 0.961859 0.391011
103 0.505502 0.47809 0.943917 0.393258
109 0.493021 0.480618 0.961079 0.390449
80 0.507843 0.478652 0.934555 0.392135
75 0.505502 0.47809 0.943917 0.393258
33 0.507843 0.478652 0.934555 0.392135
95 0.493021 0.480618 0.961079 0.390449
76 0.513303 0.479214 0.923634 0.389888
53 0.491851 0.48118 0.966539 0.390449
54 0.494971 0.480899 0.961859 0.391011
111 0.493021 0.480618 0.961079 0.390449
68 0.513303 0.479214 0.923634 0.389888
41 0.507843 0.478652 0.934555 0.392135
84 0.492631 0.478652 0.97434 0.379775
54 0.496921 0.481742 0.953278 0.379214
80 0.503162 0.478652 0.947037 0.382022
75 0.498092 0.480899 0.954058 0.379775
33 0.496921 0.481742 0.953278 0.379214
103 0.496921 0.481742 0.953278 0.379214
109 0.492631 0.478652 0.97434 0.379775
52 0.493801 0.479213 0.97044 0.378652
53 0.504332 0.477528 0.946257 0.380899
95 0.504332 0.477528 0.946257 0.380899
66 0.498092 0.480899 0.954058 0.379775
41 0.503162 0.478652 0.947037 0.382022
76 0.503162 0.478652 0.947037 0.382022
97 0.493801 0.479213 0.97044 0.378652
56 0.493801 0.479213 0.97044 0.378652
84 0.502382 0.479214 0.959519 0.38427
103 0.503552 0.47809 0.952498 0.386517
80 0.503942 0.479214 0.951717 0.388764
75 0.502382 0.478652 0.953278 0.389888
109 0.504722 0.47809 0.956398 0.382022
54 0.502382 0.478652 0.953278 0.389888
95 0.502382 0.479494 0.957958 0.385955
33 0.502382 0.478652 0.953278 0.389888
56 0.503942 0.479214 0.951717 0.388764
48 0.503942 0.479214 0.951717 0.388764
41 0.503942 0.479214 0.951717 0.388764
52 0.502382 0.479494 0.957958 0.385955
76 0.503942 0.479214 0.951717 0.388764
53 0.502382 0.479494 0.957958 0.385955
67 0.502382 0.479494 0.957958 0.385955
84 0.505112 0.482023 0.955618 0.380899
103 0.503162 0.480337 0.953278 0.380899
80 0.507063 0.478652 0.948597 0.38427
33 0.502772 0.479775 0.952498 0.386517
95 0.507843 0.479494 0.951718 0.381461
75 0.502772 0.479775 0.952498 0.386517
109 0.507843 0.479494 0.951718 0.381461
53 0.507843 0.479494 0.951718 0.381461
54 0.507063 0.478652 0.948597 0.38427
52 0.504332 0.479775 0.958738 0.378652
84 0.4899 0.480337 0.97044 0.385393
80 0.500822 0.481461 0.945477 0.385393
103 0.500822 0.481461 0.945477 0.385393
33 0.500432 0.479775 0.946257 0.391011
41 0.500432 0.479775 0.946257 0.391011
54 0.500432 0.479775 0.946257 0.391011
75 0.500432 0.481461 0.946257 0.38427
52 0.492241 0.479494 0.964199 0.384831
95 0.490681 0.480056 0.97044 0.385955
17 0.500432 0.479775 0.946257 0.391011
48 0.500432 0.479775 0.946257 0.391011
109 0.490681 0.480056 0.97044 0.385955
53 0.492241 0.479494 0.964199 0.384831
84 0.503942 0.480337 0.951717 0.388764
33 0.506283 0.478933 0.953278 0.392697
75 0.506283 0.478933 0.953278 0.392697
54 0.505502 0.479775 0.951717 0.388764
103 0.506283 0.478933 0.953278 0.392697
80 0.504722 0.478933 0.951717 0.390449
41 0.506283 0.478933 0.953278 0.392697
95 0.501602 0.479775 0.950157 0.388764
109 0.501602 0.479775 0.950157 0.388764
111 0.501602 0.479775 0.950157 0.388764
53 0.504332 0.481461 0.944697 0.388764
56 0.505502 0.479775 0.945477 0.38764
52 0.505502 0.479775 0.945477 0.38764
74 0.506283 0.478933 0.953278 0.392697
17 0.506283 0.478933 0.953278 0.392697
66 0.506283 0.478933 0.953278 0.392697
48 0.504722 0.478933 0.951717 0.390449
67 0.501602 0.479775 0.950157 0.388764
84 0.499262 0.481461 0.954838 0.392135
103 0.507843 0.482023 0.947037 0.389888
109 0.506283 0.481461 0.948597 0.391011
33 0.507843 0.482023 0.947037 0.389888
95 0.503162 0.482584 0.953278 0.391011
75 0.507843 0.482023 0.947037 0.389888
80 0.507843 0.482023 0.947037 0.389888
74 0.507843 0.482023 0.947037 0.389888
66 0.507843 0.482023 0.947037 0.389888
84 0.500822 0.480337 0.965759 0.38764
103 0.505502 0.47809 0.951717 0.392135
75 0.505112 0.478652 0.952498 0.393258
80 0.505502 0.47809 0.951717 0.392135
33 0.505502 0.47809 0.951717 0.392135
41 0.503942 0.476405 0.950157 0.395506
54 0.506283 0.47809 0.945477 0.389888
23 0.505502 0.47809 0.951717 0.392135
109 0.503162 0.478371 0.959518 0.385955
53 0.503162 0.478371 0.959518 0.385955
17 0.503942 0.476405 0.950157 0.395506
84 0.499262 0.478933 0.962639 0.388202
103 0.503942 0.479214 0.948597 0.392135
95 0.496141 0.47809 0.97044 0.386517
80 0.503942 0.479214 0.948597 0.392135
33 0.503942 0.479214 0.948597 0.392135
75 0.503942 0.479214 0.948597 0.392135
23 0.503942 0.479214 0.948597 0.392135
109 0.496141 0.47809 0.97044 0.386517
56 0.496141 0.47809 0.97044 0.386517
41 0.503942 0.479214 0.948597 0.392135
84 0.493411 0.475843 0.9759 0.378652
33 0.501602 0.47809 0.950157 0.388764
80 0.501602 0.47809 0.948597 0.38427
54 0.501992 0.476966 0.947817 0.383146
75 0.501212 0.476966 0.950937 0.38764
52 0.495361 0.478371 0.972 0.380337
53 0.495361 0.478371 0.972 0.380337
17 0.501602 0.47809 0.947037 0.38427
23 0.501602 0.47809 0.950157 0.388764
41 0.501602 0.47809 0.947037 0.38427
108 0.501602 0.47809 0.947037 0.38427
103 0.501602 0.47809 0.947037 0.38427
66 0.501212 0.476966 0.950937 0.38764
74 0.501212 0.476966 0.950937 0.38764
95 0.495361 0.478371 0.972 0.380337
84 0.507063 0.479214 0.936116 0.383146
80 0.507063 0.480337 0.942356 0.385393
33 0.507063 0.480899 0.943917 0.38764
54 0.506283 0.480899 0.940796 0.385393
52 0.510183 0.479214 0.934555 0.383146
103 0.507063 0.480899 0.943917 0.38764
53 0.507063 0.479214 0.936116 0.383146
41 0.504332 0.479775 0.944697 0.386517
75 0.507063 0.480899 0.943917 0.38764
95 0.510183 0.479214 0.934555 0.383146
56 0.510183 0.479214 0.934555 0.383146
17 0.504332 0.479775 0.944697 0.386517
84 0.516424 0.478371 0.920514 0.384831
103 0.505112 0.476966 0.943136 0.394382
80 0.507843 0.479213 0.932995 0.385393
33 0.505112 0.476966 0.943136 0.394382
54 0.507843 0.479213 0.932995 0.385393
53 0.495361 0.479214 0.965759 0.383146
52 0.495361 0.479214 0.965759 0.383146
95 0.498872 0.478371 0.960299 0.381461
75 0.505112 0.476966 0.943136 0.394382
109 0.518764 0.477809 0.917393 0.383708
111 0.498872 0.478371 0.960299 0.381461
56 0.518764 0.477809 0.917393 0.383708
101 0.498482 0.0518961 0.939236 0.103792
67 0.498872 0.478371 0.960299 0.381461
78 0.498872 0.478371 0.960299 0.381461
97 0.498872 0.478371 0.960299 0.381461
66 0.507843 0.479213 0.932995 0.385393
23 0.505112 0.476966 0.943136 0.394382
77 0.498872 0.478371 0.960299 0.381461
84 0.509013 0.478652 0.947817 0.382022
80 0.507453 0.479775 0.957178 0.380899
103 0.507063 0.480337 0.954838 0.38427
33 0.506673 0.479213 0.955618 0.385393
95 0.509403 0.478652 0.945477 0.383146
23 0.507063 0.480337 0.954838 0.38427
54 0.506673 0.479213 0.955618 0.385393
52 0.509403 0.478652 0.945477 0.383146
53 0.509403 0.478652 0.945477 0.383146
75 0.507063 0.480337 0.954838 0.38427
56 0.509403 0.478652 0.945477 0.383146
41 0.506673 0.479213 0.955618 0.385393
84 0.504722 0.480337 0.947037 0.382022
80 0.502382 0.477528 0.951718 0.388764
103 0.503942 0.476966 0.950157 0.389888
53 0.507843 0.479775 0.943917 0.379775
52 0.504722 0.480337 0.947037 0.382022
33 0.503942 0.476966 0.950157 0.389888
23 0.503942 0.476966 0.950157 0.389888
75 0.503942 0.476966 0.950157 0.389888
54 0.503942 0.479775 0.951717 0.383146
84 0.513303 0.480337 0.942356 0.379775
103 0.507063 0.47809 0.957958 0.388764
80 0.507063 0.47809 0.957958 0.388764
33 0.507843 0.47809 0.956398 0.389888
54 0.507843 0.479214 0.953278 0.382022
52 0.513303 0.480337 0.942356 0.379775
56 0.507843 0.479214 0.953278 0.382022
53 0.514084 0.479494 0.937676 0.37809
75 0.507063 0.47809 0.957958 0.388764
84 0.510183 0.479775 0.950157 0.38427
54 0.507063 0.479775 0.954838 0.38764
80 0.507453 0.477528 0.955618 0.394382
103 0.506673 0.476966 0.955618 0.391011
53 0.512133 0.480056 0.949377 0.385955
75 0.507453 0.477528 0.955618 0.394382
33 0.507453 0.477528 0.955618 0.394382
52 0.510183 0.479775 0.950157 0.38427
84 0.503942 0.477247 0.948597 0.389326
54 0.500042 0.478652 0.951718 0.385393
52 0.496141 0.479494 0.959518 0.381461
103 0.503942 0.477247 0.948597 0.389326
53 0.496141 0.479494 0.959518 0.381461
80 0.502382 0.474157 0.948597 0.395506
33 0.502382 0.474157 0.948597 0.395506
75 0.500042 0.478652 0.951718 0.385393
111 0.496141 0.479494 0.959518 0.381461
84 0.509403 0.478933 0.945477 0.383708
103 0.505502 0.479214 0.950157 0.38764
54 0.503942 0.476405 0.950157 0.389888
52 0.507063 0.479775 0.948597 0.383146
80 0.503942 0.476405 0.950157 0.389888
75 0.505502 0.479214 0.950157 0.38764
33 0.503942 0.476405 0.950157 0.389888
53 0.507063 0.479775 0.948597 0.383146
95 0.508623 0.477809 0.947037 0.382584
56 0.503942 0.477528 0.951717 0.386517
109 0.503942 0.477528 0.951717 0.386517
84 0.513303 0.480899 0.939236 0.38427
75 0.510183 0.480056 0.951718 0.387079
33 0.510573 0.476966 0.955618 0.391011
103 0.510183 0.480056 0.951718 0.387079
54 0.511743 0.479775 0.951718 0.386517
109 0.513303 0.480056 0.942356 0.384832
53 0.513303 0.480899 0.939236 0.38427
80 0.510183 0.480056 0.951718 0.387079
74 0.510183 0.480056 0.951718 0.387079
66 0.510183 0.480056 0.951718 0.387079
41 0.510573 0.476966 0.955618 0.391011
76 0.511353 0.477809 0.955618 0.385955
17 0.510573 0.476966 0.955618 0.391011
52 0.513303 0.480899 0.939236 0.38427
111 0.514864 0.47809 0.942356 0.382022
23 0.511743 0.479214 0.954838 0.388764
84 0.513303 0.48118 0.939236 0.384831
75 0.512133 0.481461 0.950937 0.388764
103 0.512133 0.481461 0.950937 0.388764
54 0.510573 0.47809 0.954058 0.389888
109 0.509403 0.479213 0.956398 0.385393
53 0.511743 0.479494 0.948597 0.382584
33 0.510573 0.47809 0.954058 0.389888
80 0.512133 0.481461 0.950937 0.388764
111 0.511743 0.479494 0.948597 0.382584
101 0.510963 0.0566714 0.959518 0.113343
52 0.513303 0.48118 0.939236 0.384831
66 0.512133 0.481461 0.950937 0.388764
95 0.510573 0.47809 0.954058 0.389888
84 0.505502 0.480899 0.942356 0.38764
75 0.503552 0.480618 0.946257 0.392697
103 0.502382 0.47809 0.948597 0.393258
101 0.500042 0.0587079 0.947037 0.117416
54 0.502382 0.47809 0.948597 0.393258
109 0.503552 0.480618 0.946257 0.392697
53 0.501602 0.480337 0.956398 0.386517
33 0.502382 0.47809 0.948597 0.393258
80 0.502382 0.47809 0.948597 0.393258
111 0.501602 0.480337 0.956398 0.386517
95 0.501602 0.480337 0.956398 0.386517
84 0.505892 0.480899 0.941576 0.38764
75 0.500822 0.479494 0.945477 0.391573
33 0.500822 0.477528 0.950157 0.388764
54 0.500822 0.477528 0.950157 0.388764
80 0.500822 0.477528 0.950157 0.388764
109 0.500822 0.479494 0.945477 0.391573
103 0.500822 0.477528 0.950157 0.388764
111 0.500042 0.479775 0.957958 0.382022
53 0.505892 0.480899 0.941576 0.38764
41 0.500822 0.477528 0.950157 0.388764
52 0.505892 0.480899 0.941576 0.38764
66 0.500822 0.479494 0.945477 0.391573
101 0.501212 0.056882 0.947817 0.113764
97 0.500822 0.477528 0.950157 0.388764
74 0.500822 0.479494 0.945477 0.391573
84 0.496921 0.480056 0.964199 0.383708
75 0.504722 0.477247 0.951717 0.390449
54 0.504722 0.477247 0.951717 0.390449
33 0.504722 0.477247 0.951717 0.390449
52 0.496921 0.480056 0.964199 0.383708
80 0.504722 0.477247 0.951717 0.390449
111 0.498872 0.478933 0.964979 0.382584
53 0.496921 0.480056 0.964199 0.383708
103 0.504722 0.477247 0.951717 0.390449
109 0.503942 0.478652 0.954838 0.385393
56 0.503942 0.478652 0.954838 0.385393
66 0.504722 0.477247 0.951717 0.390449
41 0.504722 0.477247 0.951717 0.390449
48 0.503942 0.478652 0.954838 0.385393
84 0.498482 0.479213 0.965759 0.385393
75 0.507063 0.476966 0.948597 0.392135
103 0.507063 0.476966 0.948597 0.392135
33 0.507063 0.476966 0.948597 0.392135
109 0.505502 0.478371 0.954838 0.384831
54 0.507063 0.476966 0.948597 0.392135
80 0.507063 0.476966 0.948597 0.392135
111 0.500042 0.478652 0.96888 0.382022
56 0.505502 0.478371 0.954838 0.384831
52 0.498482 0.479213 0.965759 0.385393
84 0.509403 0.478933 0.950157 0.387079
103 0.511743 0.477247 0.948597 0.390449
75 0.511743 0.477247 0.948597 0.390449
33 0.511743 0.477247 0.948597 0.390449
109 0.508233 0.478371 0.955618 0.384831
80 0.509013 0.478652 0.950937 0.388764
54 0.509013 0.478652 0.950937 0.388764
23 0.511743 0.477247 0.948597 0.390449
53 0.509403 0.478933 0.950157 0.387079
56 0.508233 0.478371 0.955618 0.384831
84 0.516814 0.479214 0.933775 0.38764
75 0.510573 0.476966 0.947817 0.393258
103 0.510573 0.476966 0.947817 0.393258
54 0.510573 0.476966 0.947817 0.393258
109 0.514864 0.478933 0.942356 0.385955
33 0.510573 0.476966 0.947817 0.393258
80 0.510573 0.476966 0.947817 0.393258
111 0.514864 0.478933 0.942356 0.385955
53 0.514864 0.478933 0.942356 0.385955
95 0.514864 0.478933 0.942356 0.385955
84 0.516424 0.478652 0.936116 0.386517
75 0.508233 0.476685 0.944697 0.390449
54 0.508233 0.476685 0.944697 0.390449
103 0.509013 0.477528 0.946257 0.392135
109 0.510963 0.47809 0.947037 0.388764
33 0.509013 0.477528 0.946257 0.392135
80 0.508233 0.476685 0.944697 0.390449
84 0.516424 0.479214 0.934555 0.38764
75 0.510183 0.477528 0.948597 0.391011
103 0.510183 0.477528 0.948597 0.391011
109 0.510183 0.47809 0.951718 0.38764
53 0.505502 0.478652 0.954838 0.38427
54 0.511743 0.478371 0.945477 0.389326
33 0.510183 0.477528 0.948597 0.391011
111 0.505502 0.478652 0.954838 0.38427
95 0.505502 0.478652 0.954838 0.38427
84 0.512913 0.479494 0.941576 0.389326
109 0.507453 0.479214 0.957178 0.38764
75 0.508623 0.478652 0.951718 0.392135
103 0.508623 0.478652 0.951718 0.392135
53 0.504722 0.479775 0.954838 0.386517
111 0.504722 0.479775 0.954838 0.386517
95 0.504722 0.479775 0.954838 0.386517
84 0.517984 0.478652 0.936116 0.38764
75 0.509403 0.477528 0.948597 0.392135
109 0.513303 0.478652 0.948597 0.386517
103 0.510183 0.477809 0.951718 0.392697
53 0.505893 0.478933 0.952498 0.384831
33 0.510183 0.477809 0.951718 0.392697
95 0.513303 0.478652 0.948597 0.386517
111 0.505893 0.478933 0.952498 0.384831
54 0.509403 0.477809 0.956398 0.389326
74 0.509403 0.477528 0.948597 0.392135
84 0.520324 0.478652 0.928315 0.385393
75 0.510963 0.47809 0.945477 0.386517
103 0.510183 0.477528 0.950157 0.392135
109 0.517984 0.478652 0.937676 0.385393
53 0.507843 0.479214 0.947037 0.38427
95 0.507843 0.479214 0.947037 0.38427
111 0.507843 0.479214 0.947037 0.38427
54 0.510963 0.47809 0.945477 0.386517
33 0.510183 0.477528 0.950157 0.392135
77 0.507843 0.479214 0.947037 0.38427
52 0.507843 0.479214 0.947037 0.38427
80 0.510183 0.478371 0.951718 0.388202
67 0.507843 0.479214 0.947037 0.38427
97 0.507843 0.479214 0.947037 0.38427
74 0.510183 0.477528 0.950157 0.392135
101 0.496531 0.0298455 0.97278 0.059691
84 0.518764 0.478933 0.925194 0.383708
75 0.507843 0.478652 0.937676 0.385393
103 0.506283 0.477528 0.943917 0.391011
33 0.506283 0.477528 0.943917 0.391011
53 0.502772 0.479214 0.949377 0.383146
54 0.506283 0.477809 0.943917 0.387079
109 0.515254 0.478371 0.935336 0.383708
80 0.506283 0.477809 0.943917 0.387079
95 0.502772 0.479214 0.949377 0.383146
52 0.502772 0.479214 0.949377 0.383146
23 0.506283 0.477528 0.943917 0.391011
111 0.502772 0.479214 0.949377 0.383146
77 0.502772 0.479214 0.949377 0.383146
101 0.492241 0.0302669 0.976681 0.0605337
56 0.515254 0.478371 0.935336 0.383708
74 0.506283 0.477528 0.943917 0.391011
67 0.502772 0.479214 0.949377 0.383146
97 0.502772 0.479214 0.949377 0.383146
84 0.511353 0.478371 0.936896 0.383708
75 0.504722 0.478652 0.947037 0.386517
103 0.504722 0.476966 0.948597 0.392135
33 0.504722 0.476966 0.948597 0.392135
54 0.503552 0.477528 0.950937 0.386517
53 0.500042 0.478933 0.950157 0.382584
80 0.504722 0.476966 0.948597 0.392135
23 0.504722 0.476966 0.948597 0.392135
109 0.505112 0.47809 0.954058 0.383146
95 0.505112 0.47809 0.954058 0.383146
52 0.500042 0.478933 0.950157 0.382584
74 0.504332 0.476685 0.944697 0.391573
111 0.500042 0.478933 0.950157 0.382584
101 0.497701 0.0549157 0.97356 0.109831
56 0.503552 0.477528 0.950937 0.386517
66 0.504332 0.476685 0.944697 0.391573
84 0.498482 0.477809 0.962639 0.383708
103 0.504332 0.476966 0.950937 0.391011
75 0.503942 0.476685 0.948597 0.391573
33 0.504332 0.476966 0.950937 0.391011
53 0.500042 0.47809 0.951718 0.382022
54 0.502382 0.477528 0.956398 0.385393
80 0.504332 0.476966 0.950937 0.391011
23 0.503942 0.476685 0.948597 0.391573
109 0.496921 0.477809 0.972 0.381461
74 0.503942 0.476685 0.948597 0.391573
95 0.496921 0.477809 0.972 0.381461
52 0.500042 0.47809 0.951718 0.382022
66 0.503942 0.476685 0.948597 0.391573
56 0.502382 0.477528 0.956398 0.385393
111 0.496921 0.477809 0.972 0.381461
84 0.497311 0.477528 0.968099 0.382022
103 0.502382 0.47809 0.951718 0.385393
33 0.503942 0.476405 0.950157 0.392135
75 0.502382 0.47809 0.951718 0.385393
80 0.502382 0.477528 0.954838 0.386517
54 0.502382 0.477528 0.954838 0.386517
53 0.504722 0.477528 0.943917 0.379775
23 0.503942 0.476405 0.950157 0.392135
74 0.503552 0.476124 0.947817 0.391573
41 0.503942 0.476405 0.950157 0.392135
52 0.504722 0.477528 0.943917 0.379775
109 0.496921 0.477809 0.972 0.381461
66 0.503552 0.476124 0.947817 0.391573
84 0.498482 0.478652 0.964199 0.383146
103 0.502382 0.478371 0.951718 0.385955
33 0.503942 0.476124 0.948597 0.39382
80 0.502772 0.477528 0.954058 0.386517
75 0.502382 0.478371 0.951718 0.385955
54 0.502772 0.477528 0.954058 0.386517
23 0.503942 0.476124 0.948597 0.39382
53 0.504722 0.478652 0.940796 0.382022
52 0.497311 0.478371 0.97122 0.382584
109 0.497311 0.478371 0.97122 0.382584
41 0.503942 0.476124 0.948597 0.39382
84 0.0943917 0.102528 0.188783 0.205056
74 0.503162 0.475843 0.947037 0.392135
84 0.493801 0.479214 0.97512 0.383146
33 0.503942 0.476405 0.951717 0.394382
80 0.502382 0.478652 0.953278 0.386517
54 0.502382 0.477809 0.954838 0.387079
75 0.502382 0.478652 0.953278 0.386517
52 0.504722 0.478652 0.943917 0.382022
103 0.503942 0.476405 0.951717 0.394382
53 0.504722 0.478652 0.943917 0.382022
23 0.503942 0.476405 0.951717 0.394382
41 0.502382 0.477809 0.954838 0.387079
48 0.502382 0.477809 0.954838 0.387079
56 0.502382 0.477809 0.954838 0.387079
17 0.502382 0.477809 0.954838 0.387079
84 0.505502 0.478933 0.942356 0.382584
33 0.504722 0.476685 0.953278 0.394944
80 0.502382 0.479214 0.954838 0.38764
54 0.503162 0.478933 0.956398 0.388202
52 0.505502 0.478933 0.942356 0.382584
75 0.502382 0.479214 0.954838 0.38764
103 0.504722 0.476685 0.953278 0.394944
23 0.504722 0.476685 0.953278 0.394944
53 0.496141 0.478933 0.97356 0.383708
41 0.503162 0.47809 0.956398 0.38764
56 0.503162 0.47809 0.956398 0.38764
48 0.503162 0.47809 0.956398 0.38764
101 0.502382 0.0318469 0.981361 0.0636938
101 0.496141 0.0137289 0.981361 0.0274579
84 0.493801 0.478933 0.97512 0.385955
33 0.503162 0.476405 0.951718 0.395506
80 0.501212 0.478652 0.954058 0.388764
54 0.501602 0.477809 0.956398 0.388202
75 0.501602 0.477809 0.956398 0.388202
52 0.506283 0.479214 0.937676 0.38427
23 0.503162 0.476405 0.951718 0.395506
103 0.503162 0.476405 0.951718 0.395506
53 0.494191 0.478652 0.97434 0.38427
41 0.501602 0.477809 0.956398 0.388202
56 0.501602 0.477809 0.956398 0.388202
84 0.494971 0.478652 0.97434 0.386517
33 0.503162 0.476124 0.951718 0.396067
80 0.503162 0.476124 0.951718 0.396067
75 0.502382 0.477528 0.954838 0.388764
54 0.502382 0.477528 0.954838 0.388764
103 0.503162 0.476124 0.951718 0.396067
23 0.503162 0.476124 0.951718 0.396067
53 0.495751 0.47809 0.97434 0.385393
52 0.495751 0.47809 0.97434 0.385393
109 0.495751 0.47809 0.97434 0.385393
41 0.503942 0.473034 0.951717 0.398876
56 0.502382 0.477528 0.954838 0.388764
84 0.492241 0.479213 0.97512 0.385393
33 0.502382 0.476124 0.951718 0.396067
80 0.502382 0.476124 0.951718 0.396067
75 0.500822 0.477247 0.954838 0.389326
103 0.502382 0.476124 0.951718 0.396067
23 0.502382 0.476124 0.951718 0.396067
54 0.500822 0.477247 0.954838 0.389326
109 0.494191 0.47809 0.975901 0.385393
53 0.494191 0.47809 0.975901 0.385393
41 0.502382 0.473315 0.950157 0.399438
56 0.500822 0.477247 0.954838 0.389326
48 0.112139 0.0682584 0.224278 0.136517
84 0.492241 0.479494 0.97512 0.385955
33 0.501602 0.475843 0.951718 0.396629
80 0.501602 0.475843 0.951718 0.396629
103 0.501602 0.475843 0.951718 0.396629
75 0.500432 0.476966 0.954058 0.391011
23 0.501602 0.475843 0.951718 0.396629
54 0.500432 0.476966 0.954058 0.391011
109 0.494581 0.47809 0.976681 0.386517
53 0.494581 0.47809 0.976681 0.386517
84 0.491851 0.479213 0.97434 0.385393
80 0.500822 0.475562 0.950157 0.397191
103 0.500822 0.475562 0.950157 0.397191
33 0.500822 0.475562 0.950157 0.397191
75 0.500822 0.475562 0.950157 0.397191
23 0.500822 0.475562 0.950157 0.397191
109 0.493801 0.47809 0.97512 0.385393
54 0.500822 0.476966 0.951718 0.389888
53 0.493801 0.47809 0.97512 0.385393
84 0.494191 0.479213 0.97122 0.385393
80 0.501602 0.475281 0.950157 0.397753
33 0.501602 0.475281 0.950157 0.397753
103 0.501602 0.475281 0.950157 0.397753
75 0.501602 0.475281 0.950157 0.397753
23 0.501602 0.475281 0.950157 0.397753
54 0.500822 0.476685 0.951718 0.390449
109 0.496141 0.47809 0.97044 0.385393
53 0.503942 0.478652 0.948597 0.38427
52 0.503942 0.478652 0.948597 0.38427
101 0.497701 0.0329705 0.972 0.065941
84 0.497701 0.478652 0.965759 0.385393
80 0.501602 0.475281 0.950157 0.397753
103 0.501602 0.475281 0.950157 0.397753
33 0.501602 0.475281 0.950157 0.397753
75 0.501602 0.475281 0.950157 0.397753
23 0.501602 0.475281 0.950157 0.397753
54 0.501602 0.476405 0.950157 0.391011
109 0.500432 0.477528 0.964979 0.386517
53 0.503552 0.47809 0.949377 0.38427
52 0.503552 0.47809 0.949377 0.38427
84 0.505502 0.478371 0.945477 0.384831
33 0.502382 0.475843 0.950157 0.396629
80 0.502382 0.475843 0.950157 0.396629
103 0.502382 0.475843 0.950157 0.396629
23 0.502382 0.475843 0.950157 0.396629
75 0.502382 0.475843 0.950157 0.396629
54 0.503162 0.476124 0.950157 0.391573
109 0.503162 0.477528 0.961079 0.386517
53 0.505502 0.477528 0.948597 0.385393
52 0.505502 0.477528 0.948597 0.385393
95 0.505502 0.477528 0.948597 0.385393
84 0.502772 0.478371 0.958738 0.387079
33 0.503162 0.476405 0.948597 0.395506
80 0.503162 0.476405 0.948597 0.395506
103 0.503162 0.476405 0.948597 0.395506
23 0.503162 0.476405 0.948597 0.395506
75 0.503162 0.476405 0.948597 0.395506
54 0.503162 0.476405 0.950157 0.391011
109 0.505502 0.477528 0.957958 0.386517
53 0.506673 0.477809 0.946257 0.384831
52 0.506673 0.477809 0.946257 0.384831
95 0.506673 0.477809 0.946257 0.384831
101 0.501602 0.046243 0.965759 0.092486
84 0.505502 0.47809 0.957958 0.385393
33 0.503942 0.476405 0.948597 0.394382
80 0.503942 0.476405 0.948597 0.394382
23 0.503942 0.476405 0.948597 0.394382
103 0.503942 0.476405 0.948597 0.394382
75 0.503942 0.476124 0.951717 0.390449
54 0.503942 0.476124 0.951717 0.390449
109 0.507063 0.477528 0.957958 0.385393
53 0.507063 0.477528 0.957958 0.385393
101 0.501602 0.0448034 0.965759 0.0896067
52 0.507063 0.477528 0.947037 0.38427
84 0.505112 0.478652 0.955618 0.386517
33 0.504722 0.476405 0.950157 0.394382
80 0.504722 0.476405 0.950157 0.394382
23 0.504722 0.476405 0.950157 0.394382
103 0.504722 0.476405 0.950157 0.394382
75 0.504722 0.476405 0.950157 0.394382
109 0.504722 0.476405 0.951717 0.389888
54 0.504722 0.476405 0.951717 0.389888
53 0.507843 0.477528 0.947037 0.38427
101 0.500042 0.0573736 0.96888 0.114747
52 0.507843 0.477528 0.947037 0.38427
84 0.506283 0.478652 0.953278 0.386517
33 0.505112 0.476966 0.949377 0.393258
80 0.505112 0.476966 0.949377 0.393258
103 0.505112 0.476966 0.949377 0.393258
23 0.505112 0.476966 0.949377 0.393258
75 0.505112 0.476966 0.949377 0.393258
109 0.504722 0.476405 0.951717 0.389888
101 0.498092 0.0688202 0.97122 0.13764
54 0.504722 0.476405 0.951717 0.389888
53 0.504722 0.476405 0.951717 0.389888
52 0.507843 0.47809 0.947037 0.38427
84 0.506283 0.478652 0.953278 0.386517
33 0.505112 0.477247 0.949377 0.392697
80 0.505112 0.477247 0.949377 0.392697
103 0.505112 0.477247 0.949377 0.392697
23 0.505112 0.477247 0.949377 0.392697
75 0.505112 0.477247 0.949377 0.392697
109 0.504722 0.476685 0.951717 0.389326
101 0.497701 0.0720506 0.97044 0.144101
54 0.504722 0.476685 0.951717 0.389326
53 0.504722 0.476685 0.951717 0.389326
77 0.497701 0.0720506 0.97044 0.144101
84 0.504722 0.478652 0.956398 0.386517
33 0.503942 0.477528 0.948597 0.392135
80 0.503942 0.477528 0.948597 0.392135
103 0.503942 0.477528 0.948597 0.392135
23 0.503942 0.477528 0.948597 0.392135
75 0.503942 0.477528 0.948597 0.392135
109 0.503942 0.476685 0.951717 0.389326
101 0.497701 0.0728933 0.97044 0.145787
54 0.503942 0.476685 0.951717 0.389326
53 0.503942 0.476685 0.951717 0.389326
77 0.497701 0.0728933 0.97044 0.145787
84 0.504722 0.478933 0.956398 0.387079
80 0.503942 0.477809 0.948597 0.391573
33 0.503942 0.477809 0.948597 0.391573
103 0.503942 0.477809 0.948597 0.391573
23 0.503942 0.477809 0.948597 0.391573
75 0.503942 0.477809 0.948597 0.391573
101 0.497311 0.0725421 0.97122 0.145084
109 0.503942 0.476966 0.951717 0.388764
54 0.503942 0.476966 0.951717 0.388764
53 0.503942 0.476966 0.951717 0.388764
77 0.497311 0.0725421 0.97122 0.145084
84 0.505502 0.478933 0.954838 0.387079
80 0.503942 0.477809 0.950157 0.391573
33 0.503942 0.477809 0.950157 0.391573
103 0.503942 0.477809 0.950157 0.391573
23 0.503942 0.477809 0.950157 0.391573
75 0.503942 0.477809 0.950157 0.391573
101 0.496921 0.0692416 0.972 0.138483
109 0.503942 0.476966 0.951717 0.388764
54 0.503942 0.476966 0.951717 0.388764
53 0.507453 0.477809 0.957178 0.384831
77 0.496921 0.0692416 0.972 0.138483
84 0.505502 0.479214 0.954838 0.386517
80 0.504332 0.477809 0.949377 0.391573
33 0.504332 0.477809 0.949377 0.391573
103 0.504332 0.477809 0.949377 0.391573
23 0.504332 0.477809 0.949377 0.391573
101 0.503162 0.0762641 0.962639 0.152528
75 0.504332 0.477809 0.949377 0.391573
109 0.503942 0.476966 0.951717 0.388764
54 0.503942 0.476966 0.951717 0.388764
53 0.507453 0.477809 0.955618 0.384831
77 0.496141 0.0662921 0.97356 0.132584
84 0.507843 0.479214 0.950157 0.38764
80 0.504722 0.477809 0.948597 0.391573
103 0.504722 0.477809 0.948597 0.391573
33 0.504722 0.477809 0.948597 0.391573
23 0.504722 0.477809 0.948597 0.391573
101 0.503552 0.0748596 0.963419 0.149719
75 0.504722 0.477809 0.948597 0.391573
109 0.504332 0.476966 0.950937 0.388764
54 0.504332 0.476966 0.950937 0.388764
53 0.509403 0.47809 0.953278 0.385393
84 0.507843 0.479214 0.950157 0.38764
80 0.504332 0.477809 0.947817 0.391573
103 0.504332 0.477809 0.947817 0.391573
33 0.504332 0.477809 0.947817 0.391573
23 0.504332 0.477809 0.947817 0.391573
75 0.504332 0.477809 0.947817 0.391573
101 0.503162 0.0740871 0.964199 0.148174
109 0.503942 0.477247 0.950157 0.389326
54 0.503942 0.477247 0.950157 0.389326
53 0.509403 0.47809 0.951718 0.385393
84 0.508623 0.479214 0.948597 0.38764
80 0.504722 0.477809 0.948597 0.391573
103 0.504722 0.477809 0.948597 0.391573
33 0.504722 0.477809 0.948597 0.391573
75 0.504722 0.477809 0.948597 0.391573
23 0.504722 0.477809 0.948597 0.391573
101 0.503942 0.0747893 0.964199 0.149579
109 0.504722 0.477247 0.950157 0.389326
54 0.504722 0.477247 0.950157 0.389326
53 0.509403 0.47809 0.951718 0.385393
84 0.508233 0.479214 0.949377 0.38764
103 0.504722 0.478371 0.947037 0.391573
80 0.504722 0.478371 0.947037 0.391573
33 0.504722 0.478371 0.947037 0.391573
75 0.504722 0.478371 0.947037 0.391573
23 0.504722 0.478371 0.947037 0.391573
101 0.503942 0.0742275 0.964199 0.148455
109 0.504332 0.477528 0.949377 0.388764
54 0.504722 0.478371 0.947037 0.391573
53 0.509403 0.478371 0.951718 0.385955
84 0.508233 0.479214 0.949377 0.38764
103 0.504722 0.478371 0.947037 0.391573
80 0.504722 0.478371 0.947037 0.391573
75 0.504722 0.478371 0.947037 0.391573
33 0.504722 0.478371 0.947037 0.391573
23 0.504722 0.478371 0.947037 0.391573
109 0.504722 0.477528 0.950157 0.388764
101 0.503162 0.0733146 0.965759 0.146629
54 0.504722 0.477528 0.950157 0.388764
53 0.509403 0.47809 0.951718 0.385393
84 0.508623 0.479214 0.948597 0.38764
103 0.504722 0.478371 0.947037 0.391573
33 0.504722 0.478371 0.947037 0.391573
80 0.504722 0.478371 0.947037 0.391573
75 0.504722 0.478371 0.947037 0.391573
23 0.504722 0.478371 0.947037 0.391573
109 0.504722 0.477528 0.950157 0.388764
54 0.504722 0.478652 0.948597 0.391011
101 0.503162 0.0718399 0.965759 0.14368
53 0.510183 0.47809 0.951718 0.386517
84 0.508623 0.479214 0.948597 0.38764
33 0.505112 0.47809 0.947817 0.392135
103 0.505112 0.47809 0.947817 0.392135
80 0.505112 0.47809 0.947817 0.392135
75 0.505112 0.47809 0.947817 0.392135
23 0.505112 0.47809 0.947817 0.392135
109 0.504722 0.477528 0.950157 0.389888
54 0.504722 0.478652 0.948597 0.391011
101 0.501602 0.0634831 0.96888 0.126966
53 0.510183 0.47809 0.951718 0.386517
84 0.509013 0.479214 0.947817 0.38764
33 0.504722 0.47809 0.947037 0.392135
103 0.504722 0.47809 0.947037 0.392135
80 0.504722 0.47809 0.947037 0.392135
75 0.504722 0.47809 0.947037 0.392135
23 0.504722 0.47809 0.947037 0.392135
109 0.505112 0.477528 0.949377 0.389888
54 0.504332 0.478652 0.947817 0.391011
101 0.501602 0.0636938 0.96888 0.127388
53 0.510963 0.47809 0.950157 0.385393
84 0.510183 0.479214 0.945477 0.38764
33 0.505112 0.478371 0.946257 0.391573
80 0.505112 0.478371 0.946257 0.391573
103 0.505112 0.478371 0.946257 0.391573
75 0.505112 0.478371 0.946257 0.391573
23 0.505112 0.478371 0.946257 0.391573
109 0.504722 0.477528 0.947037 0.389888
54 0.504722 0.477528 0.947037 0.389888
101 0.501602 0.0640449 0.96888 0.12809
53 0.510963 0.47809 0.948597 0.385393
84 0.510183 0.479214 0.945477 0.38764
33 0.504722 0.47809 0.945477 0.392135
80 0.504722 0.47809 0.945477 0.392135
103 0.504722 0.47809 0.945477 0.392135
23 0.504722 0.47809 0.945477 0.392135
75 0.504722 0.47809 0.945477 0.392135
109 0.504722 0.477528 0.947037 0.389888
54 0.504722 0.477528 0.947037 0.389888
101 0.501602 0.0641854 0.97044 0.128371
53 0.510963 0.47809 0.947037 0.385393
84 0.509403 0.478933 0.945477 0.388202
33 0.504722 0.47809 0.947037 0.392135
103 0.504722 0.47809 0.947037 0.392135
80 0.504722 0.47809 0.947037 0.392135
75 0.503942 0.478652 0.945477 0.393258
23 0.504722 0.47809 0.947037 0.392135
109 0.504332 0.477528 0.947817 0.389888
54 0.504332 0.477528 0.947817 0.389888
101 0.501992 0.064677 0.97122 0.129354
53 0.510573 0.47809 0.947817 0.385393
84 0.509403 0.478933 0.945477 0.388202
33 0.504722 0.47809 0.947037 0.392135
103 0.504722 0.47809 0.947037 0.392135
80 0.504722 0.47809 0.947037 0.392135
75 0.503942 0.478652 0.945477 0.393258
23 0.504722 0.47809 0.947037 0.392135
109 0.504722 0.477528 0.947037 0.389888
101 0.501992 0.0654494 0.97122 0.130899
54 0.504722 0.477528 0.947037 0.389888
53 0.510573 0.47809 0.947817 0.386517
84 0.509403 0.479214 0.945477 0.388764
33 0.504722 0.47809 0.945477 0.392135
103 0.504722 0.47809 0.945477 0.392135
80 0.504722 0.47809 0.945477 0.392135
75 0.503942 0.478652 0.945477 0.393258
23 0.504722 0.47809 0.945477 0.392135
109 0.504332 0.477247 0.947817 0.390449
101 0.501992 0.0657303 0.97122 0.131461
54 0.504332 0.477247 0.947817 0.390449
53 0.510183 0.47809 0.948597 0.386517
84 0.509403 0.479214 0.945477 0.388764
103 0.505112 0.47809 0.946257 0.392135
33 0.505112 0.47809 0.946257 0.392135
75 0.504722 0.478652 0.945477 0.394382
80 0.505112 0.47809 0.946257 0.392135
23 0.505112 0.47809 0.946257 0.392135
109 0.504722 0.477247 0.947037 0.390449
101 0.502382 0.0656601 0.97044 0.13132
54 0.504722 0.477247 0.947037 0.390449
53 0.510573 0.47809 0.947817 0.386517
84 0.509403 0.479214 0.945477 0.388764
103 0.505112 0.477809 0.946257 0.392697
33 0.505112 0.477809 0.946257 0.392697
75 0.504722 0.478652 0.945477 0.394382
80 0.505112 0.477809 0.946257 0.392697
23 0.505112 0.477809 0.946257 0.392697
109 0.504722 0.477247 0.947037 0.390449
101 0.501992 0.0660112 0.97122 0.132022
54 0.504722 0.477247 0.947037 0.390449
53 0.510963 0.47809 0.947037 0.386517
84 0.509793 0.479214 0.944697 0.388764
103 0.505112 0.477809 0.946257 0.392697
33 0.505112 0.477809 0.946257 0.392697
75 0.504722 0.478652 0.945477 0.394382
80 0.505112 0.477809 0.946257 0.392697
23 0.505112 0.477809 0.946257 0.392697
109 0.504722 0.477528 0.947037 0.391011
101 0.502382 0.0658708 0.97044 0.131742
54 0.504722 0.477528 0.947037 0.391011
53 0.510963 0.47809 0.947037 0.386517
84 0.509403 0.479494 0.945477 0.389326
103 0.505112 0.477809 0.946257 0.392697
75 0.503942 0.478652 0.945477 0.394382
80 0.505112 0.477809 0.946257 0.392697
33 0.505112 0.477809 0.946257 0.392697
23 0.505112 0.477809 0.946257 0.392697
109 0.504722 0.477528 0.947037 0.391011
101 0.502382 0.0657303 0.97044 0.131461
54 0.504722 0.477528 0.947037 0.391011
53 0.510963 0.478371 0.947037 0.387079
84 0.509793 0.479214 0.944697 0.388764
103 0.505112 0.477809 0.946257 0.392697
75 0.504722 0.478652 0.945477 0.394382
80 0.505112 0.477809 0.946257 0.392697
109 0.504722 0.477528 0.947037 0.391011
33 0.505112 0.477809 0.946257 0.392697
23 0.505112 0.477809 0.946257 0.392697
101 0.502382 0.0654494 0.97044 0.130899
54 0.504722 0.477528 0.947037 0.391011
53 0.510963 0.47809 0.947037 0.386517
84 0.510183 0.479494 0.943917 0.389326
103 0.505112 0.477809 0.946257 0.392697
75 0.504722 0.478652 0.945477 0.394382
80 0.505112 0.477809 0.946257 0.392697
109 0.504722 0.477528 0.947037 0.391011
33 0.505112 0.477809 0.946257 0.392697
23 0.505112 0.477809 0.946257 0.392697
101 0.502382 0.066573 0.97044 0.133146
54 0.504722 0.477528 0.947037 0.391011
53 0.511353 0.478652 0.946257 0.386517
84 0.510183 0.479494 0.943917 0.389326
103 0.505112 0.477809 0.946257 0.392697
75 0.504722 0.478933 0.947037 0.394944
80 0.505112 0.477809 0.946257 0.392697
109 0.504722 0.477528 0.947037 0.391011
33 0.505112 0.477809 0.946257 0.392697
23 0.505112 0.477809 0.946257 0.392697
101 0.503162 0.0667135 0.97044 0.133427
54 0.504722 0.477528 0.947037 0.391011
53 0.511353 0.478652 0.946257 0.386517
84 0.510183 0.479494 0.943917 0.389326
103 0.505112 0.47809 0.946257 0.393258
75 0.504722 0.478933 0.945477 0.394944
109 0.504722 0.477528 0.947037 0.391011
80 0.505112 0.47809 0.946257 0.393258
33 0.505112 0.47809 0.946257 0.393258
23 0.505112 0.47809 0.946257 0.393258
101 0.502382 0.0672753 0.97044 0.134551
53 0.511353 0.478652 0.946257 0.386517
84 0.509403 0.479494 0.943917 0.389326
103 0.505502 0.47809 0.945477 0.393258
75 0.504722 0.478933 0.945477 0.394944
109 0.504722 0.477528 0.947037 0.391011
80 0.505502 0.47809 0.945477 0.393258
101 0.503162 0.068118 0.97044 0.136236
33 0.505502 0.47809 0.945477 0.393258
23 0.505502 0.47809 0.945477 0.393258
53 0.510963 0.478652 0.945477 0.386517
84 0.509403 0.479494 0.943917 0.389326
103 0.505502 0.47809 0.945477 0.393258
75 0.504722 0.478652 0.945477 0.394382
109 0.504722 0.477528 0.947037 0.391011
101 0.503162 0.0691714 0.972 0.138343
80 0.505502 0.47809 0.945477 0.393258
23 0.505502 0.47809 0.945477 0.393258
33 0.505502 0.47809 0.945477 0.393258
53 0.510963 0.478652 0.945477 0.386517
84 0.510183 0.479494 0.942356 0.389326
103 0.505502 0.47809 0.945477 0.393258
75 0.504722 0.478933 0.945477 0.394944
109 0.504722 0.477528 0.947037 0.391011
101 0.503552 0.0698034 0.97122 0.139607
80 0.505502 0.47809 0.945477 0.393258
23 0.505502 0.47809 0.945477 0.393258
33 0.505502 0.47809 0.945477 0.393258
53 0.510963 0.478652 0.945477 0.386517
84 0.510183 0.479494 0.942356 0.389326
103 0.505502 0.478371 0.945477 0.392697
109 0.505112 0.477528 0.946257 0.391011
75 0.504722 0.478652 0.943917 0.394382
101 0.503552 0.0700843 0.97122 0.140169
80 0.505502 0.478371 0.945477 0.392697
23 0.505502 0.478371 0.945477 0.392697
33 0.505502 0.478371 0.945477 0.392697
84 0.510183 0.479494 0.942356 0.389326
103 0.505502 0.478371 0.945477 0.392697
109 0.505112 0.477528 0.946257 0.391011
101 0.503942 0.0702247 0.97044 0.140449
75 0.505112 0.479214 0.944697 0.394382
80 0.505502 0.478371 0.945477 0.392697
23 0.505502 0.478371 0.945477 0.392697
33 0.505502 0.478371 0.945477 0.392697
53 0.511743 0.478652 0.943917 0.386517
84 0.510183 0.479494 0.942356 0.389326
103 0.505502 0.478371 0.945477 0.392697
109 0.504722 0.477809 0.947037 0.390449
101 0.503942 0.0696629 0.97044 0.139326
75 0.504722 0.479214 0.945477 0.394382
23 0.505502 0.478371 0.945477 0.392697
80 0.505502 0.478371 0.945477 0.392697
33 0.505502 0.478371 0.945477 0.392697
84 0.510183 0.479494 0.942356 0.389326
103 0.505502 0.478371 0.945477 0.392697
109 0.504722 0.477528 0.947037 0.391011
101 0.503942 0.0688202 0.97044 0.13764
23 0.505502 0.478371 0.945477 0.392697
75 0.504722 0.478933 0.945477 0.39382
80 0.505502 0.478371 0.945477 0.392697
33 0.505502 0.478371 0.945477 0.392697
84 0.509793 0.479214 0.943136 0.388764
103 0.505112 0.478371 0.944697 0.392697
109 0.504722 0.477809 0.947037 0.390449
23 0.505112 0.478371 0.944697 0.392697
75 0.504722 0.478933 0.943917 0.39382
101 0.503942 0.0678371 0.97044 0.135674
80 0.505112 0.478371 0.944697 0.392697
33 0.505112 0.478371 0.944697 0.392697
84 0.509403 0.479775 0.943917 0.388764
103 0.504722 0.47809 0.945477 0.392135
109 0.504722 0.47809 0.947037 0.389888
23 0.504722 0.47809 0.945477 0.392135
75 0.504722 0.478933 0.945477 0.39382
80 0.504722 0.47809 0.945477 0.392135
101 0.503942 0.0672051 0.97044 0.13441
33 0.504722 0.47809 0.945477 0.392135
84 0.509403 0.479494 0.943917 0.389326
103 0.504722 0.478371 0.945477 0.392697
109 0.504722 0.47809 0.947037 0.389888
23 0.504722 0.478371 0.945477 0.392697
75 0.504722 0.478933 0.945477 0.39382
80 0.504722 0.478371 0.945477 0.392697
33 0.504722 0.478371 0.945477 0.392697
101 0.503942 0.0668539 0.97044 0.133708
84 0.509013 0.479775 0.944697 0.388764
103 0.504722 0.478371 0.945477 0.392697
109 0.504722 0.47809 0.947037 0.389888
23 0.504722 0.478371 0.945477 0.392697
75 0.504722 0.478933 0.945477 0.39382
80 0.504722 0.478371 0.945477 0.392697
33 0.504722 0.478371 0.945477 0.392697
101 0.503942 0.0662219 0.97044 0.132444
84 0.509013 0.479214 0.944697 0.388764
103 0.505502 0.478371 0.945477 0.392697
109 0.504722 0.47809 0.947037 0.389888
23 0.505502 0.478371 0.945477 0.392697
75 0.504722 0.478933 0.945477 0.39382
80 0.505502 0.478371 0.945477 0.392697
33 0.505502 0.478371 0.945477 0.392697
101 0.503942 0.0661517 0.97044 0.132303
84 0.509013 0.479214 0.944697 0.388764
103 0.505502 0.478371 0.945477 0.392697
109 0.504722 0.47809 0.947037 0.389888
23 0.505502 0.478371 0.945477 0.392697
80 0.505502 0.478371 0.945477 0.392697
75 0.504722 0.479213 0.945477 0.393258
33 0.505502 0.478371 0.945477 0.392697
101 0.503942 0.0658708 0.97044 0.131742
84 0.508623 0.479494 0.945477 0.388202
103 0.505502 0.478652 0.945477 0.392135
109 0.504722 0.47809 0.947037 0.389888
23 0.505502 0.478652 0.945477 0.392135
80 0.505502 0.478652 0.945477 0.392135
75 0.504722 0.479213 0.945477 0.393258
33 0.505502 0.478652 0.945477 0.392135
101 0.504332 0.0658708 0.97122 0.131742
84 0.508623 0.479494 0.945477 0.388202
103 0.504722 0.47809 0.945477 0.392135
109 0.504722 0.47809 0.947037 0.389888
23 0.504722 0.47809 0.945477 0.392135
33 0.504722 0.47809 0.945477 0.392135
80 0.504722 0.47809 0.945477 0.392135
75 0.504722 0.479213 0.945477 0.393258
101 0.504332 0.0655899 0.97122 0.13118
84 0.508233 0.479494 0.946257 0.388202
103 0.504722 0.478652 0.945477 0.392135
109 0.504722 0.47809 0.947037 0.389888
23 0.504722 0.478652 0.945477 0.392135
33 0.504722 0.478652 0.945477 0.392135
80 0.504722 0.478652 0.945477 0.392135
75 0.504332 0.479213 0.944697 0.393258
101 0.503942 0.0658708 0.97044 0.131742
54 0.504722 0.47809 0.947037 0.389888
84 0.508623 0.479494 0.945477 0.388202
103 0.505112 0.47809 0.944697 0.392135
109 0.504722 0.47809 0.947037 0.389888
23 0.505112 0.47809 0.944697 0.392135
33 0.505112 0.47809 0.944697 0.392135
80 0.505112 0.47809 0.944697 0.392135
75 0.504332 0.479213 0.944697 0.393258
101 0.503162 0.0705056 0.962639 0.141011
54 0.504722 0.47809 0.947037 0.389888
84 0.508623 0.479494 0.945477 0.388202
103 0.505112 0.47809 0.944697 0.392135
109 0.504722 0.47809 0.947037 0.389888
23 0.505112 0.47809 0.944697 0.392135
33 0.505112 0.47809 0.944697 0.392135
80 0.505112 0.47809 0.944697 0.392135
75 0.504722 0.479213 0.943917 0.393258
101 0.503162 0.0700843 0.962639 0.140169
54 0.504722 0.47809 0.947037 0.389888
84 0.508623 0.479494 0.945477 0.388202
103 0.504722 0.47809 0.943917 0.392135
109 0.504722 0.47809 0.947037 0.389888
33 0.504722 0.47809 0.943917 0.392135
23 0.504722 0.47809 0.943917 0.392135
80 0.504722 0.47809 0.943917 0.392135
75 0.504722 0.479213 0.943917 0.393258
101 0.503162 0.0696629 0.962639 0.139326
54 0.504722 0.47809 0.947037 0.389888
84 0.508623 0.479775 0.945477 0.38764
103 0.504722 0.47809 0.943917 0.392135
33 0.504722 0.47809 0.943917 0.392135
109 0.504722 0.47809 0.947037 0.389888
23 0.504722 0.47809 0.943917 0.392135
80 0.504722 0.47809 0.943917 0.392135
75 0.504722 0.479213 0.943917 0.393258
101 0.503162 0.0690309 0.962639 0.138062
54 0.504722 0.47809 0.947037 0.389888
84 0.508623 0.479775 0.945477 0.38764
103 0.504722 0.47809 0.943917 0.392135
33 0.504722 0.47809 0.943917 0.392135
109 0.504722 0.47809 0.947037 0.389888
23 0.504722 0.47809 0.943917 0.392135
80 0.504722 0.47809 0.943917 0.392135
75 0.504722 0.478933 0.943917 0.392697
101 0.503162 0.0688202 0.962639 0.13764
54 0.504722 0.47809 0.947037 0.389888
53 0.510183 0.478933 0.945477 0.385955
84 0.508623 0.479775 0.945477 0.38764
103 0.504722 0.47809 0.943917 0.392135
33 0.504722 0.47809 0.943917 0.392135
109 0.504722 0.47809 0.947037 0.389888
23 0.504722 0.47809 0.943917 0.392135
80 0.504722 0.47809 0.943917 0.392135
75 0.504722 0.478933 0.943917 0.392697
101 0.503162 0.0686798 0.962639 0.13736
54 0.504722 0.47809 0.947037 0.389888
53 0.510183 0.478933 0.945477 0.385955
84 0.508623 0.479775 0.945477 0.38764
103 0.505112 0.47809 0.944697 0.392135
33 0.505112 0.47809 0.944697 0.392135
109 0.504722 0.47809 0.947037 0.389888
23 0.505112 0.47809 0.944697 0.392135
80 0.505112 0.47809 0.944697 0.392135
75 0.504722 0.478933 0.943917 0.392697
101 0.503162 0.0684691 0.962639 0.136938
54 0.504722 0.47809 0.947037 0.389888
53 0.510183 0.478933 0.945477 0.385955
84 0.508623 0.479775 0.945477 0.38764
103 0.505112 0.47809 0.944697 0.392135
33 0.505112 0.47809 0.944697 0.392135
109 0.504722 0.47809 0.947037 0.389888
23 0.505112 0.47809 0.944697 0.392135
80 0.505112 0.47809 0.944697 0.392135
75 0.504722 0.478652 0.943917 0.393258
101 0.503552 0.0679775 0.961859 0.135955
54 0.504722 0.47809 0.947037 0.389888
53 0.510183 0.478933 0.945477 0.385955
84 0.508623 0.479775 0.945477 0.38764
103 0.505112 0.47809 0.944697 0.392135
33 0.505112 0.47809 0.944697 0.392135
109 0.504722 0.47809 0.947037 0.389888
23 0.505112 0.47809 0.944697 0.392135
80 0.505112 0.47809 0.944697 0.392135
75 0.504722 0.478652 0.943917 0.393258
101 0.503552 0.0674157 0.961859 0.134831
54 0.504722 0.47809 0.947037 0.389888
53 0.510183 0.478652 0.945477 0.386517
84 0.508623 0.479775 0.945477 0.38764
103 0.505112 0.47809 0.944697 0.392135
33 0.505112 0.47809 0.944697 0.392135
109 0.504332 0.47809 0.947817 0.389888
23 0.505112 0.47809 0.944697 0.392135
80 0.505112 0.47809 0.944697 0.392135
75 0.504332 0.47809 0.947817 0.389888
101 0.503552 0.0669944 0.961859 0.133989
54 0.504332 0.47809 0.947817 0.389888
53 0.510183 0.478933 0.945477 0.385955
84 0.508233 0.479775 0.946257 0.38764
103 0.505112 0.47809 0.944697 0.392135
33 0.505112 0.47809 0.944697 0.392135
109 0.504332 0.47809 0.947817 0.389888
23 0.505112 0.47809 0.944697 0.392135
80 0.505112 0.47809 0.944697 0.392135
75 0.504332 0.47809 0.947817 0.389888
54 0.504332 0.47809 0.947817 0.389888
101 0.503942 0.0667135 0.961079 0.133427
53 0.510183 0.478652 0.945477 0.386517
84 0.507843 0.479775 0.947037 0.38764
103 0.505502 0.47809 0.945477 0.392135
33 0.505502 0.47809 0.945477 0.392135
109 0.504332 0.47809 0.947817 0.389888
23 0.505502 0.47809 0.945477 0.392135
80 0.505502 0.47809 0.945477 0.392135
75 0.504332 0.47809 0.947817 0.389888
54 0.504332 0.47809 0.947817 0.389888
101 0.503942 0.0664326 0.961079 0.132865
53 0.509793 0.479214 0.946257 0.386517
84 0.507843 0.479775 0.947037 0.38764
103 0.505502 0.47809 0.945477 0.392135
33 0.505502 0.47809 0.945477 0.392135
109 0.504332 0.47809 0.947817 0.389888
80 0.505502 0.47809 0.945477 0.392135
23 0.505502 0.47809 0.945477 0.392135
75 0.504332 0.47809 0.947817 0.389888
54 0.504332 0.47809 0.947817 0.389888
53 0.509793 0.478652 0.947817 0.386517
101 0.504332 0.0660112 0.961859 0.132022
84 0.507843 0.479494 0.947037 0.388202
103 0.505502 0.47809 0.945477 0.392135
33 0.505502 0.47809 0.945477 0.392135
109 0.504332 0.47809 0.947817 0.389888
80 0.505502 0.47809 0.945477 0.392135
23 0.505502 0.47809 0.945477 0.392135
75 0.504332 0.47809 0.947817 0.389888
54 0.504332 0.47809 0.947817 0.389888
53 0.509793 0.479214 0.947817 0.386517
101 0.504332 0.0655899 0.961859 0.13118
84 0.507063 0.479494 0.948597 0.388202
103 0.505502 0.47809 0.945477 0.392135
33 0.505502 0.47809 0.945477 0.392135
109 0.503942 0.47809 0.948597 0.389888
80 0.505502 0.47809 0.945477 0.392135
23 0.505502 0.47809 0.945477 0.392135
75 0.505502 0.47809 0.945477 0.392135
54 0.503942 0.47809 0.948597 0.389888
53 0.509793 0.479214 0.947817 0.386517
101 0.504722 0.0655197 0.962639 0.131039
84 0.507063 0.479775 0.948597 0.38764
103 0.505502 0.47809 0.945477 0.392135
33 0.505502 0.47809 0.945477 0.392135
109 0.503942 0.47809 0.948597 0.389888
80 0.505502 0.47809 0.945477 0.392135
23 0.505502 0.47809 0.945477 0.392135
75 0.505502 0.47809 0.945477 0.392135
54 0.503942 0.47809 0.948597 0.389888
53 0.509793 0.479214 0.947817 0.386517
84 0.507063 0.479494 0.948597 0.388202
103 0.505502 0.477809 0.945477 0.392697
33 0.505502 0.477809 0.945477 0.392697
109 0.503942 0.47809 0.948597 0.389888
80 0.505502 0.477809 0.945477 0.392697
23 0.505502 0.477809 0.945477 0.392697
75 0.505502 0.477809 0.945477 0.392697
54 0.503942 0.47809 0.948597 0.389888
53 0.509793 0.479214 0.947817 0.386517
84 0.507063 0.479494 0.948597 0.388202
103 0.505502 0.477809 0.945477 0.392697
33 0.505502 0.477809 0.945477 0.392697
109 0.503942 0.47809 0.948597 0.389888
80 0.505502 0.477809 0.945477 0.392697
23 0.505502 0.477809 0.945477 0.392697
75 0.505502 0.477809 0.945477 0.392697
54 0.503942 0.47809 0.948597 0.389888
53 0.503162 0.479775 0.950157 0.386517
84 0.507063 0.479494 0.948597 0.388202
103 0.505502 0.477809 0.945477 0.392697
33 0.505502 0.477809 0.945477 0.392697
109 0.503942 0.47809 0.948597 0.389888
80 0.505502 0.477809 0.945477 0.392697
23 0.505502 0.477809 0.945477 0.392697
75 0.505502 0.477809 0.945477 0.392697
53 0.503162 0.479775 0.950157 0.386517
54 0.503942 0.47809 0.948597 0.389888
84 0.507453 0.479494 0.947817 0.388202
103 0.505502 0.477809 0.945477 0.392697
33 0.505502 0.477809 0.945477 0.392697
109 0.503942 0.47809 0.948597 0.389888
23 0.505502 0.477809 0.945477 0.392697
80 0.505502 0.477809 0.945477 0.392697
75 0.505502 0.477809 0.945477 0.392697
53 0.503942 0.479775 0.948597 0.386517
54 0.503942 0.47809 0.948597 0.389888
52 0.503942 0.479494 0.951717 0.385955
84 0.507063 0.479775 0.948597 0.38764
103 0.505502 0.477809 0.947037 0.392697
33 0.505502 0.477809 0.947037 0.392697
109 0.503942 0.47809 0.948597 0.389888
80 0.505502 0.477809 0.947037 0.392697
23 0.505502 0.477809 0.947037 0.392697
75 0.505502 0.477809 0.947037 0.392697
53 0.503942 0.479775 0.948597 0.386517
54 0.503942 0.47809 0.948597 0.389888
52 0.503942 0.479494 0.951717 0.385955
