48 0.498655 0.511569 0.959853 0.576185
104 0.501387 0.51298 0.959073 0.579007
79 0.498655 0.511569 0.959853 0.576185
49 0.501387 0.51298 0.959073 0.579007
67 0.501387 0.51298 0.959073 0.579007
53 0.497875 0.511216 0.959853 0.567861
103 0.495924 0.506772 0.957512 0.566591
68 0.502557 0.513262 0.955171 0.586343
109 0.498655 0.511569 0.959853 0.576185
50 0.501387 0.51298 0.959073 0.579007
101 0.501387 0.51298 0.959073 0.579007
54 0.501387 0.51298 0.959073 0.579007
111 0.498655 0.511569 0.959853 0.576185
81 0.501387 0.51298 0.959073 0.579007
46 0.501387 0.51298 0.959073 0.579007
84 0.498655 0.511569 0.959853 0.576185
56 0.501387 0.51298 0.959073 0.579007
17 0.495924 0.506772 0.957512 0.566591
74 0.501387 0.51298 0.959073 0.579007
110 0.501387 0.51298 0.959073 0.579007
95 0.501387 0.51298 0.959073 0.579007
76 0.501387 0.51298 0.959073 0.579007
100 0.495924 0.506772 0.957512 0.566591
47 0.497875 0.511216 0.959853 0.567861
16 0.501387 0.51298 0.959073 0.579007
66 0.501387 0.51298 0.959073 0.579007
97 0.497875 0.511216 0.959853 0.567861
78 0.501387 0.51298 0.959073 0.579007
75 0.498655 0.511569 0.959853 0.576185
105 0.503338 0.507336 0.958292 0.592551
33 0.501387 0.51298 0.959073 0.579007
73 0.50802 0.514955 0.95361 0.598758
42 0.498655 0.511569 0.959853 0.576185
99 0.497875 0.511216 0.959853 0.567861
77 0.503338 0.507336 0.958292 0.592551
108 0.502557 0.513262 0.955171 0.586343
34 0.50802 0.514955 0.95361 0.598758
102 0.503338 0.507336 0.958292 0.592551
80 0.501387 0.51298 0.959073 0.579007
14 0.495924 0.506772 0.957512 0.566591
31 0.501387 0.51298 0.959073 0.579007
51 0.501387 0.51298 0.959073 0.579007
11 0.498655 0.511569 0.959853 0.576185
21 0.501387 0.51298 0.959073 0.579007
38 0.498655 0.511569 0.959853 0.576185
41 0.497875 0.511216 0.959853 0.567861
0 0.495924 0.506772 0.957512 0.566591
5 0.502557 0.513262 0.955171 0.586343
28 0.495924 0.506772 0.957512 0.566591
15 0.498655 0.511569 0.959853 0.576185
7 0.498655 0.511569 0.959853 0.576185
50 0.494363 0.38798 0.95283 0.323363
55 0.501387 0.51298 0.959073 0.579007
12 0.495924 0.506772 0.957512 0.566591
65 0.501387 0.51298 0.959073 0.579007
52 0.501387 0.51298 0.959073 0.579007
68 0.494363 0.38798 0.95283 0.323363
75 0.494363 0.38798 0.95283 0.323363
6 0.498655 0.511569 0.959853 0.576185
64 0.501387 0.51298 0.959073 0.579007
4 0.496314 0.508183 0.961414 0.561512
49 0.501777 0.382901 0.945806 0.306998
72 0.502557 0.513262 0.955171 0.586343
94 0.501387 0.51298 0.959073 0.579007
17 0.494363 0.38798 0.95283 0.323363
74 0.494363 0.38798 0.95283 0.323363
92 0.496314 0.510652 0.959853 0.565604
69 0.503338 0.507336 0.958292 0.592551
101 0.494363 0.38798 0.95283 0.323363
79 0.494363 0.38798 0.95283 0.323363
26 0.50802 0.514955 0.95361 0.598758
62 0.497875 0.511216 0.959853 0.567861
111 0.489291 0.5 0.944246 0.572235
48 0.489291 0.5 0.944246 0.572235
56 0.493973 0.504515 0.944246 0.580135
54 0.493973 0.504515 0.944246 0.580135
103 0.493973 0.504515 0.944246 0.580135
104 0.493973 0.504515 0.944246 0.580135
81 0.493973 0.504515 0.944246 0.580135
80 0.493973 0.504515 0.944246 0.580135
95 0.493973 0.504515 0.944246 0.580135
108 0.493973 0.504515 0.944246 0.580135
66 0.493973 0.504515 0.944246 0.580135
75 0.493973 0.504515 0.944246 0.580135
78 0.507239 0.504515 0.958292 0.595937
109 0.489291 0.5 0.944246 0.572235
68 0.493973 0.504515 0.944246 0.580135
46 0.493973 0.504515 0.944246 0.580135
105 0.493973 0.504515 0.944246 0.580135
84 0.489291 0.5 0.944246 0.572235
102 0.489291 0.5 0.944246 0.572235
79 0.493973 0.504515 0.944246 0.580135
53 0.493973 0.504515 0.944246 0.580135
110 0.493973 0.504515 0.944246 0.580135
99 0.493973 0.510087 0.945806 0.567861
74 0.493973 0.504515 0.944246 0.580135
101 0.493973 0.504515 0.944246 0.580135
67 0.493973 0.504515 0.944246 0.580135
52 0.493973 0.504515 0.944246 0.580135
77 0.489291 0.5 0.944246 0.572235
73 0.489291 0.5 0.944246 0.572235
17 0.493973 0.504515 0.944246 0.580135
47 0.493973 0.504515 0.944246 0.580135
33 0.490071 0.503104 0.93332 0.573928
76 0.493973 0.504515 0.944246 0.580135
41 0.493973 0.510087 0.945806 0.567861
50 0.493973 0.504515 0.944246 0.580135
97 0.493973 0.510087 0.945806 0.567861
42 0.493973 0.504515 0.944246 0.580135
100 0.493973 0.504515 0.944246 0.580135
48 0.337119 0.50395 0.653168 0.574492
111 0.337119 0.50395 0.653168 0.574492
108 0.337119 0.50395 0.653168 0.574492
95 0.337119 0.50395 0.653168 0.574492
48 0.372626 0.88149 0.742911 0.23702
78 0.337119 0.50395 0.653168 0.574492
56 0.337119 0.50395 0.653168 0.574492
49 0.485389 0.498025 0.939563 0.570542
48 0.232745 0.882054 0.46549 0.235892
33 0.506849 0.416761 0.963755 0.791761
105 0.30727 0.502892 0.596591 0.568708
50 0.232745 0.882054 0.46549 0.235892
51 0.485389 0.498025 0.939563 0.570542
50 0.372626 0.88149 0.742911 0.23702
104 0.337119 0.50395 0.653168 0.574492
75 0.337119 0.50395 0.653168 0.574492
103 0.337119 0.50395 0.653168 0.574492
66 0.30727 0.502892 0.596591 0.568708
79 0.30727 0.502892 0.596591 0.568708
48 0.198604 0.504585 0.38082 0.57548
84 0.337119 0.50395 0.653168 0.574492
48 0.287176 0.909989 0.574351 0.180023
68 0.337119 0.50395 0.653168 0.574492
68 0.372626 0.88149 0.742911 0.23702
80 0.337119 0.50395 0.653168 0.574492
46 0.337119 0.50395 0.653168 0.574492
111 0.198604 0.504585 0.38082 0.57548
81 0.337119 0.50395 0.653168 0.574492
21 0.5088 0.498589 0.970778 0.623589
50 0.287176 0.909989 0.574351 0.180023
46 0.372626 0.88149 0.742911 0.23702
108 0.198604 0.504585 0.38082 0.57548
81 0.499045 0.508747 0.99653 0.569413
108 0.499045 0.508747 0.99653 0.569413
78 0.499045 0.508747 0.99653 0.569413
79 0.499045 0.508747 0.99653 0.569413
104 0.499045 0.508747 0.99653 0.569413
56 0.499436 0.506701 0.989507 0.55996
105 0.499045 0.508747 0.99653 0.569413
95 0.499436 0.506701 0.989507 0.55996
80 0.499045 0.508747 0.99653 0.569413
53 0.499436 0.506701 0.989507 0.55996
52 0.499436 0.506701 0.989507 0.55996
84 0.499436 0.506701 0.989507 0.55996
74 0.499436 0.506701 0.989507 0.55996
68 0.499045 0.508747 0.99653 0.569413
108 0.497095 0.380361 0.994189 0.672686
78 0.497095 0.380361 0.994189 0.672686
48 0.499436 0.506701 0.989507 0.55996
54 0.499045 0.508747 0.99653 0.569413
17 0.499436 0.506701 0.989507 0.55996
0 0.565767 0.0165068 0.0257521 0.0330135
5 0.495924 0.10747 0.0273129 0.111244
66 0.499436 0.506701 0.989507 0.55996
67 0.493973 0.506843 0.978582 0.552906
111 0.499045 0.508747 0.99653 0.569413
0 0.495924 0.10747 0.0273129 0.111244
109 0.493973 0.506843 0.978582 0.552906
81 0.499436 0.347065 0.99575 0.538375
101 0.493973 0.506843 0.978582 0.552906
0 0.258497 0.0369462 0.0347264 0.0353061
8 0.497875 0.108317 0.0265325 0.112937
104 0.499436 0.347065 0.99575 0.538375
33 0.499045 0.508747 0.99653 0.569413
41 0.499436 0.506701 0.989507 0.55996
17 0.497875 0.108317 0.0265325 0.112937
33 0.495924 0.10747 0.0273129 0.111244
75 0.499045 0.508747 0.99653 0.569413
79 0.499436 0.347065 0.99575 0.538375
110 0.493973 0.506843 0.978582 0.552906
81 0.493973 0.420711 0.978582 0.812077
103 0.499436 0.506701 0.989507 0.55996
104 0.493973 0.420711 0.978582 0.812077
18 0.497875 0.108317 0.0265325 0.112937
33 0.565767 0.0165068 0.0257521 0.0330135
79 0.493973 0.420711 0.978582 0.812077
108 0.34863 0.506772 0.690236 0.577878
81 0.34863 0.506772 0.690236 0.577878
14 0.493973 0.10807 0.0265325 0.0976298
18 0.565767 0.0165068 0.0257521 0.0330135
8 0.565767 0.0165068 0.0257521 0.0330135
5 0.565767 0.0165068 0.0257521 0.0330135
56 0.499436 0.347065 0.99575 0.538375
16 0.495924 0.10747 0.0273129 0.111244
95 0.477585 0.203301 0.955171 0.406603
17 0.565767 0.0165068 0.0257521 0.0330135
53 0.479926 0.0625705 0.959853 0.125141
68 0.479926 0.0625705 0.959853 0.125141
68 0.493193 0.19004 0.986385 0.380079
56 0.493973 0.420711 0.978582 0.812077
48 0.479926 0.0625705 0.959853 0.125141
105 0.497095 0.380361 0.994189 0.672686
95 0.497095 0.380361 0.994189 0.672686
104 0.389696 0.480742 0.771979 0.505784
14 0.499436 0.506701 0.989507 0.55996
78 0.477585 0.203301 0.955171 0.406603
80 0.499436 0.347065 0.99575 0.538375
8 0.258497 0.0369462 0.0347264 0.0353061
16 0.565767 0.0165068 0.0257521 0.0330135
14 0.497875 0.108317 0.0265325 0.112937
78 0.34863 0.506772 0.690236 0.577878
76 0.499045 0.508747 0.99653 0.569413
77 0.493973 0.506843 0.978582 0.552906
2 0.499045 0.508747 0.99653 0.569413
6 0.499436 0.506701 0.989507 0.55996
53 0.493193 0.19004 0.986385 0.380079
17 0.258497 0.0369462 0.0347264 0.0353061
13 0.495924 0.10747 0.0273129 0.111244
108 0.483048 0.351651 0.966096 0.461484
18 0.258497 0.0369462 0.0347264 0.0353061
97 0.499436 0.506701 0.989507 0.55996
21 0.499045 0.508747 0.99653 0.569413
0 0.491632 0.104649 0.0280932 0.102779
14 0.565767 0.0165068 0.0257521 0.0330135
56 0.34863 0.506772 0.690236 0.577878
16 0.499045 0.508747 0.99653 0.569413
10 0.499045 0.508747 0.99653 0.569413
33 0.258497 0.0369462 0.0347264 0.0353061
5 0.258497 0.0369462 0.0347264 0.0353061
7 0.497875 0.108317 0.0265325 0.112937
109 0.495534 0.0590435 0.984825 0.118087
52 0.499436 0.347065 0.99575 0.538375
16 0.258497 0.0369462 0.0347264 0.0353061
79 0.5088 0.505361 0.962974 0.585214
104 0.504118 0.501622 0.942685 0.572376
105 0.5088 0.505361 0.962974 0.585214
78 0.504118 0.501622 0.942685 0.572376
108 0.504118 0.501622 0.942685 0.572376
81 0.5088 0.505361 0.962974 0.585214
74 0.504118 0.501622 0.942685 0.572376
95 0.5088 0.505361 0.962974 0.585214
80 0.504118 0.501622 0.942685 0.572376
66 0.509971 0.510158 0.95439 0.593679
33 0.504118 0.501622 0.942685 0.572376
56 0.5088 0.505361 0.962974 0.585214
21 0.504118 0.501622 0.942685 0.572376
108 0.476805 0.404628 0.897423 0.468397
52 0.504118 0.501622 0.942685 0.572376
78 0.476805 0.404628 0.897423 0.468397
108 0.469391 0.386851 0.865428 0.724041
17 0.5088 0.505361 0.962974 0.585214
104 0.476805 0.404628 0.897423 0.468397
42 0.504118 0.501622 0.942685 0.572376
103 0.5088 0.505361 0.962974 0.585214
84 0.5088 0.505361 0.962974 0.585214
74 0.476805 0.404628 0.897423 0.468397
78 0.469391 0.386851 0.865428 0.724041
74 0.469391 0.386851 0.865428 0.724041
67 0.480707 0.501693 0.902106 0.555305
75 0.509971 0.510158 0.95439 0.593679
41 0.504118 0.501622 0.942685 0.572376
79 0.472513 0.412528 0.882596 0.642212
10 0.504118 0.501622 0.942685 0.572376
104 0.469391 0.386851 0.865428 0.724041
97 0.509971 0.510158 0.95439 0.593679
32 0.504118 0.501622 0.942685 0.572376
81 0.472513 0.412528 0.882596 0.642212
80 0.476805 0.404628 0.897423 0.468397
78 0.492412 0.376481 0.900545 0.328301
53 0.480707 0.501693 0.902106 0.555305
95 0.476805 0.404628 0.897423 0.468397
54 0.504118 0.501622 0.942685 0.572376
105 0.472513 0.412528 0.882596 0.642212
80 0.469391 0.386851 0.865428 0.724041
78 0.478366 0.152088 0.913031 0.304176
66 0.472513 0.412528 0.882596 0.642212
105 0.478366 0.152088 0.913031 0.304176
104 0.478366 0.152088 0.913031 0.304176
109 0.481487 0.491535 0.902106 0.515801
108 0.492412 0.376481 0.900545 0.328301
103 0.476805 0.404628 0.897423 0.468397
67 0.476805 0.404628 0.897423 0.468397
74 0.484609 0.195824 0.913031 0.391648
79 0.478366 0.152088 0.913031 0.304176
104 0.492412 0.376481 0.900545 0.328301
104 0.493973 0.0550226 0.934881 0.110045
12 0.255961 0.0402264 0.0257522 0.0276171
33 0.469391 0.386851 0.865428 0.724041
105 0.500216 0.505079 0.959853 0.592551
104 0.497485 0.507336 0.962194 0.572235
81 0.500216 0.505079 0.959853 0.592551
79 0.500216 0.505079 0.959853 0.592551
108 0.495534 0.490406 0.969217 0.608352
78 0.495534 0.492664 0.958292 0.597065
56 0.497485 0.507336 0.962194 0.572235
80 0.500216 0.505079 0.959853 0.592551
103 0.500216 0.505079 0.959853 0.592551
95 0.500216 0.505079 0.959853 0.592551
105 0.492412 0.61724 0.966096 0.397573
105 0.497095 0.517424 0.947367 0.558832
81 0.506069 0.519187 0.95439 0.568849
104 0.506069 0.519187 0.95439 0.568849
56 0.503728 0.525325 0.949708 0.567861
79 0.506069 0.519187 0.95439 0.568849
95 0.503728 0.525325 0.949708 0.567861
33 0.252059 0.0339306 0.0265325 0.0468397
5 0.252059 0.0339306 0.0265325 0.0468397
103 0.503728 0.525325 0.949708 0.567861
0 0.252059 0.0339306 0.0265325 0.0468397
108 0.506069 0.519187 0.95439 0.568849
78 0.50802 0.517212 0.959853 0.575056
20 0.252059 0.0339306 0.0265325 0.0468397
32 0.252059 0.0339306 0.0265325 0.0468397
95 0.502947 0.176919 0.979362 0.353837
14 0.252059 0.0339306 0.0265325 0.0468397
3 0.252059 0.0339306 0.0265325 0.0468397
12 0.252059 0.0339306 0.0265325 0.0468397
7 0.252059 0.0339306 0.0265325 0.0468397
15 0.252059 0.0339306 0.0265325 0.0468397
95 0.504898 0.133465 0.984825 0.26693
84 0.503728 0.525325 0.949708 0.567861
16 0.252059 0.0339306 0.0265325 0.0468397
8 0.252059 0.0339306 0.0265325 0.0468397
104 0.502947 0.176919 0.979362 0.353837
104 0.506459 0.406038 0.97546 0.643905
56 0.502947 0.176919 0.979362 0.353837
78 0.506459 0.406038 0.97546 0.643905
105 0.502947 0.176919 0.979362 0.353837
95 0.504118 0.0330841 0.967657 0.0661682
4 0.252059 0.0339306 0.0265325 0.0468397
81 0.502947 0.176919 0.979362 0.353837
0 0.245426 0.0383747 0.0421399 0.0498025
5 0.245426 0.0383747 0.0421399 0.0498025
33 0.245426 0.0383747 0.0421399 0.0498025
18 0.252059 0.0339306 0.0265325 0.0468397
84 0.502947 0.176919 0.979362 0.353837
103 0.504118 0.0330841 0.967657 0.0661682
56 0.504898 0.133465 0.984825 0.26693
41 0.512702 0.524831 0.945806 0.588036
103 0.502947 0.176919 0.979362 0.353837
104 0.504898 0.133465 0.984825 0.26693
6 0.252059 0.0339306 0.0265325 0.0468397
95 0.506849 0.01693 0.971558 0.03386
68 0.502947 0.176919 0.979362 0.353837
105 0.506459 0.406038 0.97546 0.643905
81 0.503338 0.514108 0.952049 0.58465
104 0.503338 0.514108 0.952049 0.58465
105 0.5088 0.514391 0.934881 0.5886
79 0.5088 0.514391 0.934881 0.5886
108 0.497095 0.506208 0.950489 0.576749
80 0.497095 0.506208 0.950489 0.576749
56 0.5088 0.514391 0.934881 0.5886
78 0.497095 0.506208 0.950489 0.576749
103 0.5088 0.514391 0.934881 0.5886
17 0.5088 0.514391 0.934881 0.5886
10 0.497095 0.506208 0.950489 0.576749
33 0.503338 0.514108 0.952049 0.58465
105 0.500216 0.524266 0.978582 0.577878
81 0.500216 0.524266 0.978582 0.577878
104 0.500216 0.524266 0.978582 0.577878
79 0.498655 0.511569 0.984825 0.591986
56 0.500216 0.509594 0.983264 0.565463
80 0.500216 0.509594 0.983264 0.565463
95 0.485389 0.516859 0.952049 0.557703
103 0.498655 0.511569 0.984825 0.591986
81 0.500606 0.505079 0.965316 0.58465
104 0.518945 0.512698 0.944246 0.59763
79 0.500606 0.505079 0.965316 0.58465
105 0.494363 0.502257 0.949708 0.573363
108 0.515823 0.511851 0.944246 0.599323
81 0.493583 0.512909 0.987166 0.565604
105 0.495144 0.512486 0.990287 0.565322
104 0.483828 0.508959 0.964535 0.566732
79 0.483828 0.508959 0.964535 0.566732
0 0.962974 0.00948787 0.0499436 0.0179176
80 0.502557 0.514673 0.9739 0.579007
0 0.955171 0.010934 0.0499436 0.0218679
104 0.507239 0.518129 0.972339 0.564193
79 0.506849 0.518552 0.973119 0.567861
81 0.507239 0.518129 0.972339 0.564193
108 0.500606 0.513826 0.984044 0.5886
105 0.507239 0.518129 0.972339 0.564193
74 0.500606 0.513826 0.984044 0.5886
66 0.500606 0.513826 0.984044 0.5886
103 0.496314 0.516366 0.961414 0.556433
17 0.500606 0.513826 0.984044 0.5886
75 0.500606 0.513826 0.984044 0.5886
78 0.507239 0.518129 0.972339 0.564193
41 0.500606 0.513826 0.984044 0.5886
79 0.510361 0.519752 0.961414 0.612867
104 0.502557 0.509594 0.955171 0.563205
81 0.502557 0.509594 0.955171 0.563205
105 0.502557 0.509594 0.955171 0.563205
108 0.503728 0.516366 0.962194 0.594808
17 0.505679 0.521163 0.983264 0.623589
21 0.505679 0.521163 0.983264 0.623589
33 0.505679 0.521163 0.983264 0.623589
14 0.0410669 0.421558 0.0735497 0.040632
7 0.0389209 0.40237 0.0675019 0.0592551
80 0.498265 0.513262 0.95439 0.584086
14 0.0205091 0.32167 0.0347752 0.0575621
14 0.0389209 0.40237 0.0675019 0.0592551
33 0.248157 0.0328548 0.0335558 0.0415138
18 0.505679 0.521163 0.983264 0.623589
15 0.0389209 0.40237 0.0675019 0.0592551
14 0.0414083 0.42833 0.0742325 0.0372461
14 0.248157 0.0328548 0.0335558 0.0415138
103 0.502557 0.509594 0.955171 0.563205
7 0.0205091 0.32167 0.0347752 0.0575621
18 0.0410669 0.421558 0.0735497 0.040632
7 0.0218747 0.310948 0.037604 0.0586908
7 0.0410669 0.421558 0.0735497 0.040632
14 0.023411 0.311512 0.0369699 0.0513544
14 0.505679 0.521163 0.983264 0.623589
13 0.500606 0.513544 0.984044 0.610609
14 0.0332144 0.323928 0.0580399 0.0541761
16 0.0389209 0.40237 0.0675019 0.0592551
18 0.0205091 0.32167 0.0347752 0.0575621
18 0.023411 0.311512 0.0369699 0.0513544
15 0.0410669 0.421558 0.0735497 0.040632
15 0.248157 0.0328548 0.0335558 0.0415138
41 0.505679 0.521163 0.983264 0.623589
18 0.0389209 0.40237 0.0675019 0.0592551
33 0.182265 0.357788 0.295662 0.21219
33 0.196116 0.306927 0.253132 0.157026
16 0.0410669 0.421558 0.0735497 0.040632
17 0.0410669 0.421558 0.0735497 0.040632
7 0.248157 0.0328548 0.0335558 0.0415138
18 0.0332144 0.323928 0.0580399 0.0541761
16 0.0205091 0.32167 0.0347752 0.0575621
14 0.0615515 0.330135 0.044481 0.0474041
14 0.0695991 0.329571 0.0502362 0.0541761
17 0.0414083 0.42833 0.0742325 0.0372461
33 0.797536 0.308409 0.187288 0.126975
105 0.504508 0.515519 0.948147 0.567156
104 0.495924 0.513544 0.95283 0.566591
81 0.461978 0.513262 0.89118 0.553612
103 0.504508 0.515519 0.948147 0.567156
80 0.504508 0.515519 0.948147 0.567156
105 0.502557 0.513544 0.952049 0.604966
104 0.501387 0.510722 0.951269 0.612867
81 0.493193 0.510158 0.961414 0.566591
103 0.497095 0.495203 0.984825 0.64842
56 0.497095 0.495203 0.984825 0.64842
95 0.497095 0.495203 0.984825 0.64842
104 0.500216 0.511851 0.9739 0.602709
105 0.500216 0.511851 0.9739 0.602709
81 0.496314 0.516366 0.966096 0.576749
79 0.48773 0.514673 0.962974 0.569977
33 0.106496 0.375 0.157683 0.164221
33 0.251279 0.0399443 0.0273129 0.0273349
33 0.780173 0.310102 0.222015 0.164786
0 0.105179 0.384594 0.157976 0.186795
104 0.50802 0.510722 0.950489 0.60158
81 0.498655 0.515166 0.984825 0.561089
105 0.50802 0.510722 0.950489 0.60158
33 0.252644 0.03483 0.0261423 0.0398208
79 0.48773 0.511287 0.959853 0.575621
80 0.498655 0.515166 0.984825 0.561089
0 0.252644 0.03483 0.0261423 0.0398208
32 0.252644 0.03483 0.0261423 0.0398208
5 0.252644 0.03483 0.0261423 0.0398208
108 0.48773 0.511287 0.959853 0.575621
7 0.252644 0.03483 0.0261423 0.0398208
14 0.252644 0.03483 0.0261423 0.0398208
6 0.252644 0.03483 0.0261423 0.0398208
8 0.252644 0.03483 0.0261423 0.0398208
3 0.252644 0.03483 0.0261423 0.0398208
33 0.252059 0.0366817 0.0460417 0.0462754
33 0.250888 0.0397856 0.0351166 0.0512133
103 0.50802 0.510722 0.950489 0.60158
16 0.252644 0.03483 0.0261423 0.0398208
66 0.48773 0.511287 0.959853 0.575621
10 0.252644 0.03483 0.0261423 0.0398208
104 0.514653 0.51693 0.93254 0.607223
105 0.506459 0.523138 0.942685 0.591422
81 0.497875 0.516366 0.948928 0.579007
103 0.505288 0.514108 0.924736 0.600451
79 0.514653 0.51693 0.93254 0.607223
104 0.507239 0.524266 0.9739 0.598194
105 0.506849 0.518059 0.968437 0.579007
81 0.506459 0.52088 0.959853 0.593679
79 0.506459 0.52088 0.959853 0.593679
56 0.506459 0.52088 0.959853 0.593679
103 0.506849 0.518059 0.968437 0.579007
95 0.506849 0.518059 0.968437 0.579007
17 0.506459 0.52088 0.959853 0.593679
104 0.502557 0.516084 0.956731 0.589729
81 0.48695 0.511851 0.969217 0.569977
105 0.496704 0.515801 0.97468 0.568849
79 0.493973 0.514673 0.972339 0.580135
104 0.513873 0.511569 0.962194 0.5886
105 0.495534 0.518341 0.961414 0.568284
81 0.507239 0.510158 0.97546 0.583521
79 0.514263 0.509311 0.964535 0.603273
95 0.507239 0.520316 0.97546 0.571106
56 0.507239 0.520316 0.97546 0.571106
17 0.514263 0.509311 0.964535 0.603273
104 0.500996 0.513544 0.989507 0.595937
105 0.500996 0.513544 0.989507 0.595937
81 0.500216 0.52088 0.991068 0.581264
103 0.510361 0.513826 0.977021 0.602144
104 0.500606 0.524549 0.973119 0.57167
105 0.500996 0.515801 0.97546 0.568849
79 0.500996 0.517988 0.970778 0.572376
103 0.50958 0.509311 0.956731 0.595372
81 0.50958 0.509311 0.956731 0.595372
17 0.50958 0.509311 0.956731 0.595372
95 0.500996 0.515801 0.97546 0.568849
56 0.50958 0.509311 0.956731 0.595372
41 0.50958 0.509311 0.956731 0.595372
104 0.493193 0.51298 0.986385 0.594808
105 0.488511 0.516648 0.9739 0.582957
81 0.486169 0.509594 0.972339 0.583521
79 0.502947 0.514108 0.962194 0.604966
103 0.502947 0.514108 0.962194 0.604966
104 0.510361 0.521727 0.970778 0.582957
105 0.499826 0.525466 0.980923 0.57548
81 0.501777 0.518905 0.987946 0.567156
103 0.510361 0.521727 0.970778 0.582957
104 0.501387 0.513473 0.985605 0.572376
81 0.502557 0.514391 0.983264 0.569413
105 0.502557 0.514391 0.983264 0.569413
79 0.501387 0.513473 0.985605 0.572376
105 0.500216 0.0359763 0.978582 0.0719526
105 0.500216 0.0987585 0.980143 0.197517
103 0.502557 0.514391 0.983264 0.569413
104 0.469782 0.521445 0.927077 0.575621
81 0.463539 0.515731 0.920834 0.55996
79 0.483048 0.517494 0.956731 0.583521
105 0.447931 0.520387 0.894302 0.569836
17 0.495924 0.518059 0.934101 0.582393
104 0.499826 0.516366 0.987166 0.593679
105 0.501387 0.521163 0.985605 0.591986
81 0.48773 0.511569 0.966096 0.584086
79 0.484609 0.511287 0.966096 0.58465
17 0.484609 0.511287 0.966096 0.58465
103 0.497875 0.514391 0.986385 0.594244
41 0.484609 0.511287 0.966096 0.58465
56 0.484609 0.511287 0.966096 0.58465
104 0.502167 0.506843 0.980923 0.570965
105 0.48773 0.510722 0.952049 0.560948
81 0.458076 0.51044 0.898984 0.556998
79 0.48773 0.505643 0.95361 0.565463
103 0.502167 0.506843 0.980923 0.570965
33 0.25401 0.0335073 0.0234111 0.0389391
17 0.502167 0.506843 0.980923 0.570965
104 0.214991 0.507336 0.419058 0.56772
56 0.502167 0.506843 0.980923 0.570965
104 0.499436 0.518059 0.992628 0.581264
105 0.496314 0.516648 0.983264 0.56377
103 0.495924 0.515166 0.984044 0.570119
79 0.495924 0.515166 0.984044 0.570119
81 0.496314 0.516648 0.983264 0.56377
95 0.495924 0.515166 0.984044 0.570119
104 0.500996 0.515237 0.994189 0.583521
79 0.479146 0.51305 0.950489 0.574351
105 0.44481 0.515872 0.874012 0.57548
103 0.44481 0.515872 0.874012 0.57548
81 0.510535 0.512415 0.97893 0.593679
104 0.463149 0.518552 0.915372 0.576891
81 0.458857 0.51693 0.902106 0.573363
79 0.458856 0.514038 0.908349 0.565604
105 0.438567 0.515237 0.861527 0.565463
17 0.492412 0.517776 0.922395 0.582957
104 0.470172 0.516648 0.926297 0.5886
105 0.437787 0.514673 0.866209 0.566591
81 0.491632 0.51298 0.977021 0.568849
79 0.491632 0.51298 0.977021 0.568849
103 0.437787 0.514673 0.866209 0.566591
104 0.495144 0.516366 0.965315 0.585779
81 0.489291 0.510087 0.961414 0.576891
79 0.489291 0.510087 0.961414 0.576891
105 0.452614 0.512698 0.874012 0.568284
103 0.452614 0.512698 0.874012 0.568284
17 0.504898 0.522009 0.959853 0.581264
104 0.500996 0.518623 0.992628 0.582393
81 0.500996 0.518623 0.992628 0.582393
79 0.500996 0.518623 0.992628 0.582393
17 0.493583 0.514673 0.980923 0.560948
105 0.46588 0.515801 0.925517 0.562077
104 0.500996 0.516366 0.992628 0.591422
79 0.480317 0.514673 0.95283 0.576749
81 0.475244 0.512698 0.942685 0.561512
17 0.512702 0.517494 0.972339 0.592551
104 0.503512 0.523984 0.992977 0.5886
79 0.500996 0.519258 0.989507 0.57548
81 0.483828 0.522573 0.955171 0.580135
104 0.497875 0.519469 0.986385 0.585214
81 0.489681 0.518059 0.971558 0.575621
79 0.492803 0.514108 0.979362 0.576749
33 0.78505 0.305305 0.218503 0.136005
17 0.489681 0.518059 0.971558 0.575621
105 0.489681 0.518059 0.971558 0.575621
104 0.502557 0.514391 0.989507 0.569413
105 0.48851 0.514955 0.967657 0.56377
81 0.48851 0.514955 0.967657 0.56377
103 0.48851 0.514955 0.967657 0.56377
104 0.499436 0.518905 0.992628 0.587472
81 0.454564 0.51693 0.909129 0.580135
105 0.512312 0.508465 0.973119 0.607223
79 0.477585 0.514108 0.952049 0.58465
17 0.499436 0.518905 0.992628 0.587472
104 0.499436 0.520034 0.99575 0.594244
79 0.490071 0.514673 0.980142 0.580135
81 0.496314 0.522573 0.992628 0.588036
105 0.512096 0.514108 0.975809 0.599323
104 0.501387 0.515801 0.994969 0.58465
81 0.479926 0.515731 0.958292 0.56899
105 0.479926 0.515731 0.958292 0.56899
104 0.498655 0.514673 0.997311 0.593679
105 0.498655 0.514673 0.997311 0.593679
81 0.513266 0.511851 0.973467 0.597065
79 0.48773 0.511781 0.97546 0.574633
104 0.461198 0.515801 0.919274 0.592551
105 0.461198 0.515801 0.919274 0.592551
81 0.440518 0.513262 0.881036 0.578442
79 0.463929 0.514391 0.923176 0.576185
104 0.490852 0.516084 0.980143 0.595372
105 0.490852 0.516084 0.980143 0.595372
81 0.469001 0.511287 0.934881 0.573363
79 0.469001 0.511287 0.934881 0.573363
104 0.484609 0.518905 0.966096 0.591986
81 0.461978 0.512698 0.920834 0.570542
104 0.442859 0.517494 0.86855 0.586907
105 0.449492 0.511851 0.877134 0.56772
81 0.454955 0.511216 0.895863 0.566733
104 0.500606 0.515237 0.993409 0.58465
81 0.48812 0.511781 0.968437 0.563347
104 0.458857 0.519187 0.909909 0.582393
81 0.481097 0.514391 0.95439 0.566027
104 0.471342 0.519258 0.939563 0.577737
81 0.451443 0.515167 0.899765 0.567861
79 0.463149 0.514038 0.923176 0.564475
104 0.500606 0.516366 0.993409 0.582393
81 0.455735 0.511005 0.903666 0.564898
104 0.499436 0.519752 0.989507 0.579007
79 0.492412 0.514038 0.97546 0.566733
81 0.488511 0.514108 0.962974 0.565463
17 0.488511 0.514108 0.962974 0.565463
104 0.44559 0.512345 0.884938 0.566732
79 0.48773 0.514108 0.967657 0.562077
104 0.501387 0.517494 0.985605 0.583521
104 0.504292 0.515801 0.991416 0.592551
81 0.489291 0.515237 0.972339 0.572235
48 0.934881 0.479402 0.12798 0.634876
80 0.934881 0.479402 0.12798 0.634876
47 0.934881 0.479402 0.12798 0.634876
104 0.44442 0.51298 0.882596 0.572235
81 0.484609 0.514108 0.958292 0.56772
104 0.440908 0.514038 0.867769 0.574633
81 0.448712 0.513544 0.884938 0.568849
17 0.448712 0.513544 0.884938 0.568849
20 0.448712 0.513544 0.884938 0.568849
104 0.440908 0.514955 0.872452 0.576185
81 0.452614 0.514955 0.898984 0.570542
104 0.443249 0.514038 0.877134 0.571247
81 0.46588 0.515308 0.927077 0.569836
79 0.483048 0.512345 0.961414 0.571247
104 0.441298 0.513262 0.874793 0.57167
33 0.25518 0.0293806 0.0226307 0.0299802
104 0.442469 0.511922 0.874012 0.573222
104 0.442859 0.511287 0.876354 0.573363
104 0.450663 0.511569 0.893522 0.572799
33 0.254595 0.0386569 0.0214601 0.0293454
104 0.502341 0.516436 0.995318 0.576608
33 0.25479 0.0389391 0.0218503 0.0290632
33 0.255571 0.030474 0.0210699 0.0347065
104 0.501951 0.516648 0.996098 0.585214
33 0.25479 0.0393447 0.0218503 0.028252
33 0.565767 0.0171416 0.0187288 0.0323081
33 0.255961 0.0311442 0.0210699 0.0353414
104 0.501951 0.515237 0.996098 0.586907
33 0.254985 0.0384982 0.0218503 0.0274055
33 0.566157 0.0164715 0.0195092 0.0313911
33 0.255961 0.0314616 0.0218503 0.033719
104 0.503121 0.515237 0.993757 0.588036
33 0.25479 0.0385863 0.0210699 0.0273702
104 0.503902 0.516648 0.992196 0.578442
33 0.25479 0.038216 0.0202896 0.028252
104 0.456906 0.516648 0.902886 0.572799
33 0.254595 0.037828 0.0198994 0.0298744
33 0.255961 0.0334368 0.0202896 0.0358352
104 0.458076 0.517212 0.906788 0.572799
33 0.25479 0.0375988 0.0195092 0.030333
33 0.565767 0.0162951 0.0187288 0.0314616
104 0.46627 0.51693 0.921615 0.571106
33 0.25479 0.0374048 0.0195092 0.0312853
33 0.565767 0.0165773 0.0187288 0.0313205
104 0.076281 0.734763 0.152562 0.327314
104 0.479146 0.516648 0.942685 0.570542
33 0.254595 0.0369639 0.0198994 0.0318849
33 0.565767 0.0165773 0.0171681 0.0314616
104 0.0761834 0.734763 0.152367 0.323928
104 0.479146 0.516436 0.945806 0.570965
33 0.2544 0.0368228 0.0195092 0.0310384
104 0.484609 0.517212 0.956731 0.57167
33 0.255376 0.0330135 0.0202896 0.0366817
20 0.504682 0.518059 0.990636 0.577878
104 0.488511 0.514391 0.961414 0.576185
33 0.25518 0.0326608 0.0202896 0.0365406
20 0.504292 0.517494 0.991416 0.577878
104 0.48734 0.515166 0.963755 0.576891
33 0.25518 0.0327314 0.0202896 0.0363995
20 0.503512 0.517212 0.992977 0.577314
104 0.486169 0.515308 0.964535 0.576608
33 0.255376 0.0330135 0.0206798 0.0359763
20 0.503121 0.517494 0.993757 0.576749
104 0.48851 0.515801 0.967657 0.576749
33 0.255376 0.0332252 0.0210699 0.0359763
20 0.501777 0.517494 0.992628 0.576749
104 0.488511 0.515872 0.970778 0.576608
33 0.255376 0.0333663 0.0210699 0.0361174
20 0.500996 0.517494 0.992628 0.576749
104 0.488511 0.516295 0.970778 0.576891
33 0.255376 0.0336484 0.0210699 0.0368228
20 0.500996 0.517494 0.992628 0.576749
104 0.489291 0.516366 0.969217 0.576749
33 0.255376 0.0337013 0.0206798 0.036717
20 0.500996 0.517494 0.992628 0.576749
104 0.489291 0.515872 0.970778 0.576608
33 0.25518 0.033719 0.0202896 0.0369639
20 0.500996 0.51693 0.992628 0.575621
104 0.489291 0.515801 0.969217 0.576749
33 0.25518 0.0336484 0.0206797 0.037105
20 0.501387 0.517001 0.991848 0.576608
104 0.489291 0.515731 0.969217 0.576891
33 0.25518 0.0337013 0.0206797 0.0369992
20 0.501777 0.51693 0.992628 0.576749
104 0.48851 0.515801 0.967657 0.577878
33 0.25518 0.0339306 0.0206797 0.0372461
20 0.501777 0.51693 0.994189 0.576749
104 0.48773 0.515801 0.966096 0.577878
33 0.25518 0.0340188 0.0206797 0.0372108
20 0.502341 0.517212 0.995318 0.577314
104 0.484609 0.516084 0.959853 0.578442
33 0.25518 0.0340188 0.0202896 0.0372108
20 0.502341 0.517494 0.995318 0.577878
104 0.485389 0.516648 0.961414 0.578442
33 0.25518 0.0339835 0.0202896 0.0372813
20 0.502341 0.518059 0.995318 0.577878
104 0.485389 0.51693 0.961414 0.577878
33 0.25518 0.0338777 0.0202896 0.0377751
20 0.502341 0.518059 0.995318 0.577878
104 0.485389 0.51693 0.959853 0.577878
33 0.25518 0.0338777 0.0206797 0.0377751
20 0.502341 0.517776 0.995318 0.577314
104 0.483828 0.516648 0.958292 0.578442
33 0.25518 0.0340011 0.0202896 0.0378104
20 0.502341 0.517424 0.995318 0.576891
104 0.484609 0.51693 0.959853 0.579007
33 0.25518 0.0340011 0.0202896 0.0375282
20 0.502341 0.517565 0.995318 0.577737
104 0.485389 0.51693 0.961414 0.577878
33 0.254985 0.03386 0.0202896 0.037246
20 0.502341 0.517776 0.995318 0.577314
104 0.485389 0.51693 0.959853 0.579007
33 0.254985 0.0337366 0.0202896 0.0369286
20 0.502731 0.517776 0.994537 0.577314
104 0.485389 0.51693 0.958292 0.579007
33 0.254985 0.033719 0.0202896 0.0368228
20 0.503902 0.518905 0.992196 0.586343
104 0.486169 0.51693 0.959853 0.579007
33 0.25479 0.033719 0.0202896 0.0369639
20 0.503902 0.518905 0.992196 0.586343
104 0.486169 0.51693 0.959853 0.580135
33 0.254985 0.033719 0.0198994 0.0369639
20 0.503902 0.519187 0.992196 0.586907
104 0.485389 0.517494 0.958292 0.580135
33 0.254985 0.033719 0.0198994 0.0369639
20 0.503512 0.519187 0.992977 0.586907
104 0.484999 0.517494 0.957512 0.580135
33 0.254985 0.033719 0.0198994 0.0369639
20 0.503902 0.519752 0.992196 0.586907
104 0.485389 0.517494 0.958292 0.580135
33 0.254985 0.033719 0.0198994 0.0368228
20 0.503902 0.519752 0.992196 0.586907
104 0.485389 0.517494 0.958292 0.580135
33 0.254985 0.0336484 0.0198994 0.0368228
104 0.486169 0.518059 0.959853 0.580135
33 0.254985 0.0335779 0.0198994 0.0366817
104 0.486169 0.518059 0.959853 0.580135
33 0.25479 0.0335073 0.0195092 0.0365406
104 0.486169 0.518059 0.959853 0.580135
33 0.25479 0.0335073 0.0195092 0.0363996
104 0.48695 0.518059 0.959853 0.580135
33 0.25479 0.0334544 0.0198994 0.0363643
104 0.48695 0.518059 0.961414 0.580135
33 0.25479 0.0335073 0.0198994 0.0362585
104 0.48773 0.518059 0.961414 0.580135
33 0.25479 0.0335073 0.0198994 0.0362585
104 0.48734 0.518059 0.962194 0.580135
33 0.25479 0.0335779 0.0195092 0.0362585
104 0.48695 0.518059 0.961414 0.580135
33 0.25479 0.0335955 0.0195092 0.0363643
104 0.48695 0.518059 0.961414 0.580135
33 0.25479 0.0335955 0.0198994 0.0363643
104 0.48656 0.518059 0.960633 0.581264
33 0.25479 0.0335779 0.0198994 0.0362585
104 0.48656 0.518059 0.960633 0.581264
33 0.25479 0.0335955 0.0198994 0.0363643
104 0.48656 0.518059 0.960633 0.581264
33 0.25479 0.0335779 0.0195092 0.0363995
104 0.48695 0.518059 0.961414 0.581264
33 0.25479 0.0335602 0.0195092 0.0364348
104 0.48695 0.518059 0.961414 0.581264
33 0.25479 0.0335779 0.0195092 0.0363995
104 0.48695 0.518059 0.961414 0.581264
33 0.25479 0.0335779 0.0195092 0.0365406
104 0.48695 0.518059 0.961414 0.581264
33 0.254595 0.0335955 0.0198994 0.0366464
104 0.48695 0.518059 0.961414 0.581264
33 0.254595 0.0335779 0.0198994 0.0366817
104 0.48695 0.518059 0.961414 0.581264
33 0.254595 0.0336484 0.0198994 0.0368228
104 0.48695 0.518623 0.959853 0.581264
33 0.254595 0.0336484 0.0198994 0.0368228
104 0.486169 0.518623 0.959853 0.581264
33 0.254595 0.0335955 0.0198994 0.0369286
104 0.48656 0.518341 0.959073 0.581828
33 0.25479 0.0336484 0.0202896 0.0369639
104 0.486169 0.518341 0.958292 0.581828
33 0.25479 0.0335602 0.0202896 0.0369992
104 0.48656 0.518341 0.959073 0.581828
33 0.254595 0.0335779 0.0198994 0.037105
104 0.486169 0.518341 0.959853 0.581828
33 0.254595 0.0335779 0.0198994 0.037105
104 0.486169 0.518341 0.958292 0.581828
33 0.254595 0.0335779 0.0198994 0.0372461
104 0.486169 0.518341 0.958292 0.581828
33 0.254595 0.0335602 0.0198994 0.0372813
104 0.486169 0.518341 0.958292 0.581828
33 0.254595 0.0335779 0.0198994 0.0375282
104 0.485389 0.518059 0.958292 0.582393
33 0.254595 0.0335779 0.0198994 0.0376693
104 0.485389 0.518341 0.958292 0.581828
33 0.254595 0.0335779 0.0198994 0.0378104
104 0.485779 0.518341 0.957512 0.581828
33 0.254595 0.0335602 0.0198994 0.0378457
104 0.48656 0.518341 0.959073 0.581828
33 0.254595 0.0336484 0.0198994 0.0378104
104 0.479146 0.519187 0.950489 0.580135
33 0.254595 0.0336484 0.0198994 0.0379515
104 0.486169 0.518623 0.959853 0.581264
33 0.254595 0.033719 0.0198994 0.0379515
104 0.479926 0.519187 0.950489 0.580135
33 0.254595 0.033719 0.0198994 0.0380925
104 0.479926 0.519187 0.950489 0.580135
33 0.254595 0.033719 0.0198994 0.0380925
104 0.479926 0.519187 0.952049 0.580135
33 0.254595 0.033719 0.0198994 0.0380925
104 0.479926 0.519187 0.952049 0.580135
33 0.254595 0.0337895 0.0198994 0.0380925
104 0.479926 0.518905 0.950489 0.579571
33 0.254595 0.0337895 0.0198994 0.0382336
104 0.479926 0.518905 0.950489 0.579571
33 0.254595 0.0337895 0.0198994 0.0382336
104 0.480707 0.518905 0.952049 0.579571
33 0.254595 0.0337895 0.0198994 0.0382336
104 0.481487 0.519187 0.95361 0.579007
33 0.254595 0.0337895 0.0198994 0.0383747
104 0.482268 0.519187 0.955171 0.580135
33 0.254595 0.0337895 0.0198994 0.0385158
104 0.482268 0.519187 0.955171 0.580135
33 0.254595 0.0337895 0.0198994 0.0385158
104 0.483048 0.519187 0.955171 0.579007
33 0.254595 0.03386 0.0198994 0.0385158
104 0.483048 0.519187 0.956731 0.579007
33 0.254595 0.03386 0.0198994 0.0386569
