48 0.509211 0.41522 0.974754 0.516782
50 0.509211 0.41522 0.974754 0.516782
95 0.509211 0.41522 0.974754 0.516782
49 0.509748 0.449653 0.980505 0.445602
53 0.510381 0.405165 0.973974 0.523003
56 0.509748 0.449653 0.980505 0.445602
79 0.510527 0.411965 0.978945 0.509404
84 0.509211 0.41522 0.974754 0.516782
103 0.507652 0.465856 0.984112 0.409722
54 0.510527 0.411965 0.978945 0.509404
101 0.509748 0.449653 0.980505 0.445602
68 0.509748 0.449653 0.980505 0.445602
105 0.509748 0.449653 0.980505 0.445602
109 0.510381 0.405165 0.973974 0.523003
104 0.507652 0.465856 0.984112 0.409722
17 0.509748 0.449653 0.980505 0.445602
111 0.509748 0.449653 0.980505 0.445602
67 0.509748 0.449653 0.980505 0.445602
77 0.509211 0.41522 0.974754 0.516782
81 0.510381 0.405165 0.973974 0.523003
46 0.509748 0.449653 0.980505 0.445602
102 0.509211 0.41522 0.974754 0.516782
50 0.502193 0.491898 0.979433 0.356481
47 0.510381 0.405165 0.973974 0.523003
75 0.509211 0.41522 0.974754 0.516782
73 0.509748 0.449653 0.980505 0.445602
100 0.509748 0.449653 0.980505 0.445602
97 0.507652 0.465856 0.984112 0.409722
66 0.509748 0.449653 0.980505 0.445602
74 0.509748 0.449653 0.980505 0.445602
53 0.495565 0.476562 0.958378 0.373264
110 0.507652 0.465856 0.984112 0.409722
54 0.502193 0.490741 0.976314 0.34838
76 0.510527 0.411965 0.978945 0.509404
48 0.502193 0.490741 0.976314 0.34838
79 0.502193 0.490741 0.976314 0.34838
109 0.502193 0.490741 0.976314 0.34838
95 0.502193 0.491898 0.979433 0.356481
42 0.507652 0.465856 0.984112 0.409722
33 0.509211 0.41522 0.974754 0.516782
108 0.509748 0.449653 0.980505 0.445602
41 0.510527 0.411965 0.978945 0.509404
11 0.509211 0.41522 0.974754 0.516782
81 0.495565 0.476562 0.958378 0.373264
14 0.510381 0.405165 0.973974 0.523003
51 0.509211 0.41522 0.974754 0.516782
34 0.509748 0.449653 0.980505 0.445602
99 0.511697 0.433449 0.976606 0.474537
78 0.509211 0.41522 0.974754 0.516782
33 0.502193 0.491898 0.979433 0.356481
13 0.509748 0.449653 0.980505 0.445602
31 0.508432 0.44741 0.982552 0.433883
4 0.510381 0.405165 0.973974 0.523003
84 0.502193 0.490741 0.976314 0.34838
38 0.509211 0.41522 0.974754 0.516782
76 0.502193 0.490741 0.976314 0.34838
0 0.510381 0.405165 0.973974 0.523003
14 0.495955 0.48235 0.960718 0.373264
21 0.509748 0.449653 0.980505 0.445602
26 0.509748 0.449653 0.980505 0.445602
15 0.510381 0.405165 0.973974 0.523003
16 0.509748 0.449653 0.980505 0.445602
52 0.511161 0.409144 0.970855 0.512731
5 0.509211 0.41522 0.974754 0.516782
28 0.509748 0.449653 0.980505 0.445602
75 0.502193 0.491898 0.979433 0.356481
12 0.509211 0.41522 0.974754 0.516782
99 0.504533 0.496238 0.968516 0.337384
65 0.507652 0.465856 0.984112 0.409722
80 0.509211 0.41522 0.974754 0.516782
77 0.502193 0.491898 0.979433 0.356481
7 0.511161 0.409144 0.970855 0.512731
41 0.502193 0.490741 0.976314 0.34838
24 0.509211 0.41522 0.974754 0.516782
78 0.502193 0.491898 0.979433 0.356481
47 0.504533 0.496238 0.968516 0.337384
72 0.510527 0.411965 0.978945 0.509404
7 0.495955 0.48235 0.960718 0.373264
102 0.502193 0.490741 0.976314 0.34838
0 0.495565 0.476562 0.958378 0.373264
11 0.502193 0.491898 0.979433 0.356481
15 0.495955 0.48235 0.960718 0.373264
22 0.509211 0.41522 0.974754 0.516782
38 0.502193 0.490741 0.976314 0.34838
94 0.495565 0.476562 0.958378 0.373264
4 0.495565 0.476562 0.958378 0.373264
12 0.502193 0.491898 0.979433 0.356481
51 0.502193 0.491898 0.979433 0.356481
5 0.502193 0.491898 0.979433 0.356481
36 0.507652 0.465856 0.984112 0.409722
55 0.508432 0.44741 0.982552 0.433883
88 0.510381 0.406829 0.973974 0.52662
48 0.506092 0.414931 0.980992 0.519676
111 0.507262 0.414352 0.972415 0.516204
56 0.507262 0.414352 0.972415 0.516204
54 0.507262 0.414352 0.972415 0.516204
46 0.507262 0.414352 0.972415 0.516204
50 0.508432 0.835648 0.980992 0.328704
104 0.509991 0.443287 0.971635 0.456019
111 0.508432 0.835648 0.980992 0.328704
99 0.504533 0.411965 0.985671 0.52445
75 0.509601 0.403284 0.969295 0.530237
50 0.506092 0.401331 0.982552 0.541088
108 0.509601 0.403284 0.969295 0.530237
103 0.509991 0.443287 0.971635 0.456019
95 0.509991 0.443287 0.971635 0.456019
110 0.507262 0.414352 0.972415 0.516204
48 0.508432 0.835648 0.980992 0.328704
105 0.509991 0.443287 0.971635 0.456019
68 0.507262 0.414352 0.972415 0.516204
74 0.509991 0.443287 0.971635 0.456019
41 0.507262 0.414352 0.972415 0.516204
109 0.507262 0.414352 0.972415 0.516204
101 0.504533 0.411965 0.985671 0.52445
79 0.509991 0.443287 0.971635 0.456019
80 0.509991 0.443287 0.971635 0.456019
84 0.509601 0.403284 0.969295 0.530237
67 0.506092 0.401331 0.982552 0.541088
42 0.509991 0.443287 0.971635 0.456019
66 0.509991 0.443287 0.971635 0.456019
81 0.511941 0.362847 0.969295 0.612269
50 0.507652 0.904225 0.984112 0.191551
78 0.511941 0.362847 0.969295 0.612269
53 0.509601 0.403284 0.969295 0.530237
46 0.503753 0.851852 0.982552 0.296296
68 0.504533 0.871528 0.968516 0.256944
101 0.508432 0.835648 0.980992 0.328704
49 0.506092 0.414931 0.980992 0.519676
17 0.509991 0.443287 0.971635 0.456019
110 0.508432 0.835648 0.980992 0.328704
100 0.509601 0.403284 0.969295 0.530237
52 0.507262 0.414352 0.972415 0.516204
33 0.509991 0.443287 0.971635 0.456019
111 0.507652 0.904225 0.984112 0.191551
102 0.506092 0.401331 0.982552 0.541088
51 0.506092 0.414931 0.980992 0.519676
47 0.506092 0.401331 0.982552 0.541088
99 0.503753 0.851852 0.982552 0.296296
77 0.504533 0.411965 0.985671 0.52445
97 0.509991 0.443287 0.971635 0.456019
49 0.508432 0.835648 0.980992 0.328704
73 0.507262 0.414352 0.972415 0.516204
109 0.508432 0.835648 0.980992 0.328704
76 0.507262 0.414352 0.972415 0.516204
99 0.507652 0.904225 0.984112 0.191551
48 0.507652 0.904225 0.984112 0.191551
46 0.502193 0.906829 0.985671 0.186343
50 0.530022 0.944444 0.939955 0.111111
76 0.503753 0.851852 0.982552 0.296296
73 0.508432 0.835648 0.980992 0.328704
100 0.503753 0.851852 0.982552 0.296296
95 0.508432 0.835648 0.980992 0.328704
75 0.508432 0.835648 0.980992 0.328704
110 0.507652 0.904225 0.984112 0.191551
101 0.502193 0.906829 0.985671 0.186343
68 0.510381 0.92419 0.975534 0.15162
102 0.508432 0.835648 0.980992 0.328704
49 0.502193 0.906829 0.985671 0.186343
48 0.395263 0.498553 0.765962 0.368634
77 0.503753 0.851852 0.982552 0.296296
111 0.462813 0.477141 0.899113 0.407986
67 0.508432 0.835648 0.980992 0.328704
54 0.508432 0.835648 0.980992 0.328704
103 0.508432 0.835648 0.980992 0.328704
51 0.503753 0.851852 0.982552 0.296296
46 0.530022 0.944444 0.939955 0.111111
56 0.462813 0.477141 0.899113 0.407986
111 0.530022 0.944444 0.939955 0.111111
76 0.507652 0.904225 0.984112 0.191551
78 0.489327 0.446759 0.949021 0.462963
105 0.395263 0.498553 0.765962 0.368634
67 0.462813 0.477141 0.899113 0.407986
104 0.503753 0.851852 0.982552 0.296296
100 0.507652 0.904225 0.984112 0.191551
48 0.262794 0.507234 0.502193 0.353588
53 0.508432 0.835648 0.980992 0.328704
73 0.507652 0.904225 0.984112 0.191551
99 0.530022 0.944444 0.939955 0.111111
110 0.530022 0.944444 0.939955 0.111111
103 0.513111 0.332755 0.966956 0.665509
95 0.395263 0.498553 0.765962 0.368634
84 0.508432 0.835648 0.980992 0.328704
77 0.507652 0.904225 0.984112 0.191551
54 0.462813 0.477141 0.899113 0.407986
68 0.531582 0.949653 0.936836 0.100694
104 0.513111 0.332755 0.966956 0.665509
95 0.507652 0.904225 0.984112 0.191551
108 0.462813 0.477141 0.899113 0.407986
95 0.508042 0.333912 0.973974 0.667824
67 0.502193 0.906829 0.985671 0.186343
53 0.462813 0.477141 0.899113 0.407986
111 0.343113 0.466942 0.661273 0.436487
75 0.462813 0.477141 0.899113 0.407986
109 0.462813 0.477141 0.899113 0.407986
52 0.508432 0.835648 0.980992 0.328704
49 0.530022 0.944444 0.939955 0.111111
48 0.530022 0.944444 0.939955 0.111111
74 0.508042 0.333912 0.973974 0.667824
104 0.343113 0.466942 0.661273 0.436487
102 0.462813 0.477141 0.899113 0.407986
66 0.508432 0.835648 0.980992 0.328704
56 0.508432 0.835648 0.980992 0.328704
80 0.508042 0.333912 0.973974 0.667824
103 0.343113 0.466942 0.661273 0.436487
48 0.691296 0.416088 0.607467 0.52662
68 0.462813 0.477141 0.899113 0.407986
97 0.508432 0.835648 0.980992 0.328704
101 0.530022 0.944444 0.939955 0.111111
101 0.462813 0.477141 0.899113 0.407986
17 0.508432 0.835648 0.980992 0.328704
84 0.395263 0.498553 0.765962 0.368634
46 0.395263 0.498553 0.765962 0.368634
56 0.343113 0.466942 0.661273 0.436487
81 0.489327 0.446759 0.949021 0.462963
111 0.262794 0.507234 0.502193 0.353588
75 0.507652 0.904225 0.984112 0.191551
109 0.507652 0.904225 0.984112 0.191551
103 0.502193 0.906829 0.985671 0.186343
102 0.502193 0.906829 0.985671 0.186343
31 0.509991 0.443287 0.971635 0.456019
42 0.513111 0.332755 0.966956 0.665509
79 0.343113 0.466942 0.661273 0.436487
110 0.462813 0.477141 0.899113 0.407986
41 0.504533 0.871528 0.968516 0.256944
33 0.513111 0.332755 0.966956 0.665509
51 0.507652 0.904225 0.984112 0.191551
74 0.502973 0.881366 0.977873 0.237269
79 0.513111 0.332755 0.966956 0.665509
95 0.262794 0.507234 0.502193 0.353588
75 0.343113 0.466942 0.661273 0.436487
46 0.509211 0.783999 0.976314 0.432002
56 0.502193 0.906829 0.985671 0.186343
66 0.508042 0.333912 0.973974 0.667824
76 0.530022 0.944444 0.939955 0.111111
54 0.502193 0.906829 0.985671 0.186343
95 0.502973 0.374132 0.987231 0.603588
108 0.502973 0.33941 0.987231 0.678819
53 0.501413 0.397063 0.984112 0.557726
56 0.499854 0.336806 0.984112 0.673611
79 0.502973 0.374132 0.987231 0.603588
81 0.502973 0.374132 0.987231 0.603588
78 0.502973 0.374132 0.987231 0.603588
52 0.501413 0.397063 0.984112 0.557726
68 0.501413 0.397063 0.984112 0.557726
104 0.502973 0.374132 0.987231 0.603588
84 0.501413 0.397063 0.984112 0.557726
108 0.490496 0.434606 0.956039 0.49537
74 0.501413 0.397063 0.984112 0.557726
80 0.502973 0.374132 0.987231 0.603588
48 0.502973 0.411458 0.987231 0.534722
56 0.490496 0.434606 0.956039 0.49537
105 0.502973 0.374132 0.987231 0.603588
75 0.501413 0.397063 0.984112 0.557726
54 0.501413 0.397063 0.984112 0.557726
101 0.501413 0.397063 0.984112 0.557726
53 0.499074 0.407407 0.980992 0.814815
66 0.502973 0.374132 0.987231 0.603588
111 0.501413 0.397063 0.984112 0.557726
109 0.501413 0.397063 0.984112 0.557726
67 0.501413 0.397063 0.984112 0.557726
52 0.499074 0.407407 0.980992 0.814815
74 0.499074 0.407407 0.980992 0.814815
110 0.502973 0.411458 0.987231 0.534722
68 0.499074 0.407407 0.980992 0.814815
84 0.499074 0.407407 0.980992 0.814815
17 0.499854 0.336806 0.984112 0.673611
68 0.504533 0.507812 0.984112 0.445023
95 0.488157 0.520833 0.954479 0.425926
48 0.499074 0.407407 0.980992 0.814815
33 0.499854 0.336806 0.984112 0.673611
77 0.501413 0.397063 0.984112 0.557726
76 0.502973 0.411458 0.987231 0.534722
95 0.489716 0.281829 0.959158 0.563657
78 0.489716 0.281829 0.959158 0.563657
75 0.499074 0.407407 0.980992 0.814815
46 0.502973 0.341146 0.987231 0.682292
51 0.502583 0.416667 0.984892 0.525463
102 0.503753 0.425637 0.979433 0.499421
68 0.500244 0.273872 0.973974 0.547743
101 0.499074 0.407407 0.980992 0.814815
48 0.500244 0.273872 0.973974 0.547743
99 0.502973 0.411458 0.987231 0.534722
53 0.504533 0.507812 0.984112 0.445023
41 0.499854 0.336806 0.984112 0.673611
109 0.499074 0.407407 0.980992 0.814815
78 0.504533 0.507812 0.984112 0.445023
97 0.501413 0.397063 0.984112 0.557726
54 0.499074 0.407407 0.980992 0.814815
49 0.502583 0.416667 0.984892 0.525463
47 0.502973 0.411458 0.987231 0.534722
103 0.502973 0.374132 0.987231 0.603588
111 0.499074 0.407407 0.980992 0.814815
53 0.500244 0.273872 0.973974 0.547743
67 0.504533 0.507812 0.984112 0.445023
101 0.504533 0.507812 0.984112 0.445023
17 0.490496 0.434606 0.956039 0.49537
80 0.489716 0.281829 0.959158 0.563657
73 0.499854 0.336806 0.984112 0.673611
74 0.489716 0.281829 0.959158 0.563657
104 0.504533 0.507812 0.984112 0.445023
67 0.499074 0.407407 0.980992 0.814815
84 0.504533 0.507812 0.984112 0.445023
110 0.499074 0.407407 0.980992 0.814815
51 0.502193 0.364873 0.985671 0.729745
77 0.499074 0.407407 0.980992 0.814815
84 0.489716 0.281829 0.959158 0.563657
52 0.499074 0.255353 0.979433 0.510706
101 0.500244 0.273872 0.973974 0.547743
79 0.488157 0.520833 0.954479 0.425926
79 0.489716 0.281829 0.959158 0.563657
81 0.489716 0.281829 0.959158 0.563657
50 0.500244 0.273872 0.973974 0.547743
33 0.490496 0.434606 0.956039 0.49537
52 0.504533 0.507812 0.984112 0.445023
110 0.504533 0.507812 0.984112 0.445023
108 0.488157 0.520833 0.954479 0.425926
56 0.488157 0.520833 0.954479 0.425926
80 0.504533 0.507812 0.984112 0.445023
50 0.503753 0.425637 0.979433 0.499421
81 0.486987 0.456308 0.972415 0.420718
49 0.500244 0.273872 0.973974 0.547743
76 0.499074 0.407407 0.980992 0.814815
104 0.489716 0.281829 0.959158 0.563657
100 0.502973 0.341146 0.987231 0.682292
75 0.500244 0.273872 0.973974 0.547743
48 0.504533 0.083044 0.963837 0.166088
105 0.488157 0.520833 0.954479 0.425926
109 0.504533 0.507812 0.984112 0.445023
66 0.489716 0.281829 0.959158 0.563657
41 0.490496 0.434606 0.956039 0.49537
77 0.500244 0.273872 0.973974 0.547743
109 0.500244 0.273872 0.973974 0.547743
95 0.488937 0.654369 0.9498 0.691262
48 0.503753 0.119864 0.971635 0.239728
97 0.502973 0.414858 0.95136 0.512876
74 0.502973 0.414858 0.95136 0.512876
42 0.502973 0.414858 0.95136 0.512876
75 0.502973 0.414858 0.95136 0.512876
68 0.497125 0.45515 0.973974 0.445023
103 0.501803 0.442998 0.970855 0.468171
95 0.501803 0.442998 0.970855 0.468171
84 0.501803 0.442998 0.970855 0.468171
54 0.498294 0.443576 0.963837 0.448495
80 0.497125 0.409144 0.970855 0.521991
33 0.502973 0.414858 0.95136 0.512876
104 0.501803 0.442998 0.970855 0.468171
41 0.497125 0.409144 0.970855 0.521991
66 0.501803 0.442998 0.970855 0.468171
76 0.502973 0.414858 0.95136 0.512876
53 0.501803 0.442998 0.970855 0.468171
67 0.501803 0.442998 0.970855 0.468171
56 0.501803 0.442998 0.970855 0.468171
100 0.502973 0.414858 0.95136 0.512876
52 0.497125 0.409144 0.970855 0.521991
48 0.502583 0.404586 0.969295 0.536892
73 0.502973 0.414858 0.95136 0.512876
50 0.502973 0.414858 0.95136 0.512876
105 0.501803 0.442998 0.970855 0.468171
17 0.497125 0.409144 0.970855 0.521991
109 0.501803 0.442998 0.970855 0.468171
108 0.502973 0.414858 0.95136 0.512876
47 0.502583 0.404586 0.969295 0.536892
101 0.501803 0.442998 0.970855 0.468171
46 0.497125 0.409144 0.970855 0.521991
77 0.501803 0.442998 0.970855 0.468171
111 0.492446 0.465278 0.953699 0.428241
49 0.502583 0.404586 0.969295 0.536892
79 0.501803 0.442998 0.970855 0.468171
110 0.501803 0.442998 0.970855 0.468171
99 0.502973 0.414858 0.95136 0.512876
81 0.501803 0.442998 0.970855 0.468171
68 0.512477 0.539352 0.975046 0.293981
48 0.511307 0.484086 0.977386 0.394097
52 0.511307 0.484086 0.977386 0.394097
78 0.501803 0.442998 0.970855 0.468171
54 0.502193 0.331597 0.963837 0.663194
102 0.497125 0.45515 0.973974 0.445023
28 0.502973 0.414858 0.95136 0.512876
32 0.497125 0.409144 0.970855 0.521991
6 0.497125 0.409144 0.970855 0.521991
47 0.511307 0.484086 0.977386 0.394097
84 0.502193 0.331597 0.963837 0.663194
23 0.508432 0.411458 0.95292 0.511574
21 0.497125 0.409144 0.970855 0.521991
56 0.507262 0.409144 0.977093 0.509259
108 0.507262 0.409144 0.977093 0.509259
95 0.508822 0.405165 0.969295 0.511429
54 0.507262 0.409144 0.977093 0.509259
53 0.507262 0.409144 0.977093 0.509259
80 0.507262 0.409144 0.977093 0.509259
68 0.508822 0.405165 0.969295 0.511429
104 0.507262 0.409144 0.977093 0.509259
84 0.507262 0.409144 0.977093 0.509259
78 0.507262 0.409144 0.977093 0.509259
79 0.507262 0.409144 0.977093 0.509259
67 0.508822 0.405165 0.969295 0.511429
52 0.504923 0.404514 0.980213 0.5
111 0.507262 0.409144 0.977093 0.509259
103 0.508822 0.405165 0.969295 0.511429
42 0.51662 0.402778 0.956819 0.497685
97 0.504533 0.413484 0.977873 0.508681
33 0.504533 0.413484 0.977873 0.508681
41 0.504533 0.413484 0.977873 0.508681
66 0.504533 0.413484 0.977873 0.508681
17 0.504533 0.413484 0.977873 0.508681
48 0.51662 0.402778 0.956819 0.497685
74 0.504533 0.413484 0.977873 0.508681
109 0.508822 0.405165 0.969295 0.511429
101 0.508822 0.405165 0.969295 0.511429
81 0.507262 0.409144 0.977093 0.509259
105 0.502973 0.404803 0.980992 0.519097
75 0.510771 0.406756 0.959158 0.516348
49 0.51662 0.402778 0.956819 0.497685
110 0.508822 0.405165 0.969295 0.511429
76 0.51662 0.402778 0.956819 0.497685
77 0.508822 0.405165 0.969295 0.511429
68 0.507652 0.485532 0.973194 0.353009
47 0.51662 0.402778 0.956819 0.497685
102 0.511161 0.440683 0.964617 0.457755
73 0.51662 0.402778 0.956819 0.497685
100 0.51662 0.402778 0.956819 0.497685
51 0.51662 0.402778 0.956819 0.497685
50 0.508822 0.405165 0.969295 0.511429
95 0.502193 0.496238 0.973194 0.321181
54 0.502193 0.380715 0.970075 0.577691
42 0.502193 0.380715 0.970075 0.577691
53 0.502973 0.404514 0.965396 0.540509
52 0.504533 0.405165 0.966956 0.529948
80 0.504533 0.405165 0.966956 0.529948
75 0.504533 0.405165 0.966956 0.529948
84 0.504533 0.405165 0.966956 0.529948
33 0.504533 0.405165 0.966956 0.529948
97 0.504533 0.405165 0.966956 0.529948
108 0.504533 0.405165 0.966956 0.529948
100 0.504533 0.405165 0.966956 0.529948
50 0.504533 0.405165 0.966956 0.529948
41 0.504533 0.405165 0.966956 0.529948
103 0.504533 0.405165 0.966956 0.529948
66 0.504533 0.405165 0.966956 0.529948
102 0.501024 0.89728 0.959938 0.20544
73 0.502973 0.400752 0.970075 0.538773
48 0.502973 0.404514 0.965396 0.540509
76 0.502973 0.400752 0.970075 0.538773
47 0.502973 0.404514 0.965396 0.540509
102 0.502583 0.813657 0.973974 0.372685
101 0.501803 0.890046 0.972415 0.219907
99 0.504533 0.405165 0.966956 0.529948
77 0.501803 0.890046 0.972415 0.219907
80 0.505702 0.340278 0.972415 0.680556
101 0.502583 0.813657 0.973974 0.372685
68 0.501803 0.890046 0.972415 0.219907
77 0.502583 0.813657 0.973974 0.372685
50 0.502583 0.813657 0.973974 0.372685
50 0.501803 0.890046 0.972415 0.219907
111 0.502973 0.404514 0.965396 0.540509
54 0.503753 0.401042 0.982552 0.519676
52 0.504143 0.411458 0.981772 0.496528
42 0.503753 0.401042 0.982552 0.519676
53 0.504143 0.411458 0.981772 0.496528
54 0.576665 0.336878 0.83205 0.365596
54 0.311921 0.441623 0.602008 0.451244
52 0.311921 0.441623 0.602008 0.451244
80 0.512721 0.399233 0.973974 0.507089
42 0.576665 0.336878 0.83205 0.365596
84 0.509601 0.399595 0.970855 0.521412
42 0.283069 0.418981 0.543523 0.481481
54 0.680768 0.369285 0.611366 0.440828
52 0.471781 0.479167 0.924847 0.37037
54 0.471781 0.479167 0.924847 0.37037
53 0.311921 0.441623 0.602008 0.451244
42 0.688566 0.318287 0.598889 0.328704
54 0.23745 0.418692 0.459304 0.493634
52 0.23745 0.418692 0.459304 0.493634
80 0.576665 0.336878 0.83205 0.365596
75 0.507652 0.402127 0.977873 0.520978
52 0.5135 0.318866 0.966176 0.332176
53 0.471781 0.479167 0.924847 0.37037
80 0.283069 0.418981 0.543523 0.481481
75 0.576665 0.336878 0.83205 0.365596
54 0.506092 0.404803 0.971635 0.530671
42 0.512331 0.407986 0.962277 0.523148
52 0.505313 0.410807 0.965396 0.525608
80 0.507262 0.410301 0.969295 0.527778
33 0.505313 0.410807 0.965396 0.525608
53 0.503363 0.404514 0.969295 0.538194
84 0.505313 0.410807 0.965396 0.525608
108 0.512331 0.407986 0.962277 0.523148
66 0.510381 0.406178 0.966176 0.525608
75 0.510381 0.406178 0.966176 0.525608
54 0.499074 0.40748 0.945122 0.509115
42 0.488157 0.406829 0.976314 0.516204
75 0.499074 0.40748 0.945122 0.509115
33 0.499074 0.40748 0.945122 0.509115
52 0.498294 0.430049 0.962277 0.461661
80 0.499074 0.40748 0.945122 0.509115
53 0.498294 0.430049 0.962277 0.461661
42 0.64324 0.372396 0.691101 0.45081
84 0.495955 0.41059 0.95292 0.51331
42 0.75407 0.378979 0.469442 0.46195
97 0.495955 0.41059 0.95292 0.51331
54 0.64324 0.372396 0.691101 0.45081
54 0.75407 0.378979 0.469442 0.46195
54 0.509991 0.413122 0.970075 0.514034
42 0.509991 0.409144 0.976314 0.512731
80 0.503753 0.408637 0.977873 0.516059
53 0.502193 0.414424 0.982552 0.517216
75 0.498294 0.409071 0.980992 0.523293
52 0.509991 0.413122 0.970075 0.514034
33 0.502973 0.410301 0.987231 0.515046
42 0.505702 0.413122 0.978653 0.514034
54 0.505702 0.413122 0.978653 0.514034
75 0.505702 0.413122 0.978653 0.514034
80 0.505702 0.412326 0.981772 0.514468
52 0.505702 0.413122 0.978653 0.514034
2 0.504533 0.407118 0.984112 0.507523
7 0.505702 0.412326 0.981772 0.514468
54 0.787796 0.392289 0.401989 0.496672
54 0.510381 0.40502 0.959938 0.514034
80 0.500244 0.404803 0.978653 0.516782
42 0.510381 0.40502 0.959938 0.514034
52 0.492056 0.412109 0.965396 0.509115
75 0.495175 0.408565 0.979433 0.508102
33 0.502193 0.407697 0.980992 0.514468
53 0.492056 0.412109 0.965396 0.509115
54 0.526757 0.306424 0.924067 0.315394
75 0.526757 0.306424 0.924067 0.315394
108 0.510771 0.40285 0.968516 0.517216
54 0.736524 0.397497 0.504533 0.492043
68 0.489716 0.885417 0.95292 0.229167
54 0.503753 0.411386 0.962277 0.522135
42 0.503753 0.411386 0.962277 0.522135
52 0.497514 0.409433 0.960718 0.530671
97 0.502193 0.410012 0.971635 0.528356
2 0.502973 0.41059 0.965396 0.521412
1 0.501024 0.41059 0.975534 0.530671
54 0.492056 0.408058 0.984112 0.511429
42 0.497904 0.406901 0.955259 0.517216
52 0.497904 0.406901 0.955259 0.517216
75 0.502193 0.407407 0.966956 0.511574
80 0.492056 0.408058 0.984112 0.511429
54 0.495175 0.405599 0.980992 0.516348
42 0.495955 0.405671 0.980992 0.517361
52 0.495175 0.405599 0.980992 0.516348
75 0.494395 0.401331 0.977873 0.516782
54 0.769666 0.362269 0.438249 0.425926
42 0.769666 0.362269 0.438249 0.425926
80 0.494395 0.401331 0.977873 0.516782
42 0.725997 0.40285 0.528707 0.5068
54 0.725997 0.40285 0.528707 0.5068
54 0.500244 0.408275 0.981772 0.527199
42 0.500244 0.408275 0.981772 0.527199
75 0.495955 0.409433 0.985671 0.515625
97 0.500244 0.408275 0.981772 0.527199
52 0.500244 0.408275 0.981772 0.527199
42 0.506092 0.403935 0.962277 0.516204
54 0.501414 0.401042 0.971635 0.524306
52 0.497904 0.40191 0.959938 0.521412
100 0.383566 0.876157 0.577249 0.247685
103 0.398382 0.909722 0.656789 0.180556
103 0.383566 0.876157 0.577249 0.247685
73 0.383566 0.876157 0.577249 0.247685
100 0.398382 0.909722 0.656789 0.180556
54 0.508432 0.406756 0.973194 0.516348
42 0.508432 0.406756 0.973194 0.516348
75 0.503363 0.407697 0.986451 0.520255
97 0.507652 0.405093 0.977873 0.520833
54 0.509991 0.410301 0.966956 0.512731
109 0.501803 0.859375 0.967736 0.28125
109 0.502583 0.903356 0.961497 0.193287
76 0.502973 0.868056 0.971635 0.263889
84 0.501803 0.859375 0.967736 0.28125
111 0.501803 0.859375 0.967736 0.28125
42 0.502973 0.405671 0.982552 0.521991
103 0.501803 0.859375 0.967736 0.28125
73 0.501803 0.859375 0.967736 0.28125
75 0.502973 0.868056 0.971635 0.263889
52 0.490496 0.402705 0.956039 0.52908
84 0.501414 0.806713 0.965396 0.372685
48 0.501803 0.859375 0.967736 0.28125
76 0.501414 0.806713 0.965396 0.372685
75 0.502973 0.405671 0.982552 0.521991
54 0.503753 0.822917 0.973194 0.337963
103 0.502583 0.903356 0.961497 0.193287
110 0.502973 0.868056 0.971635 0.263889
54 0.503363 0.405382 0.964617 0.51794
52 0.501414 0.401042 0.971635 0.519676
42 0.509211 0.408058 0.971635 0.517216
54 0.542743 0.306424 0.885856 0.320023
54 0.667512 0.364077 0.658154 0.447772
54 0.504923 0.407986 0.973974 0.512731
42 0.509211 0.406901 0.960718 0.505642
75 0.509211 0.406901 0.960718 0.505642
52 0.509211 0.406901 0.960718 0.505642
54 0.501414 0.406178 0.980992 0.523293
42 0.507262 0.408058 0.966176 0.517216
52 0.507262 0.408058 0.966176 0.517216
54 0.658836 0.373843 0.667707 0.453704
80 0.507262 0.408058 0.966176 0.517216
75 0.500634 0.403646 0.982552 0.530671
54 0.485038 0.397859 0.966956 0.532986
42 0.497514 0.406178 0.985671 0.523293
54 0.492836 0.397497 0.954479 0.526765
42 0.502973 0.409433 0.957598 0.512153
75 0.502973 0.409433 0.957598 0.512153
52 0.498294 0.409144 0.965396 0.505787
48 0.494395 0.851562 0.973194 0.296875
77 0.494395 0.851562 0.973194 0.296875
111 0.494395 0.851562 0.973194 0.296875
97 0.498294 0.409144 0.965396 0.505787
54 0.499074 0.403863 0.979433 0.517506
42 0.499074 0.403863 0.979433 0.517506
75 0.498294 0.404007 0.979433 0.516059
54 0.492446 0.406829 0.970855 0.512731
42 0.500634 0.405382 0.954479 0.508681
54 0.497514 0.410012 0.979433 0.506366
42 0.502973 0.404225 0.977873 0.523727
75 0.502973 0.404225 0.977873 0.523727
54 0.503753 0.407986 0.976314 0.519676
80 0.503753 0.409722 0.974754 0.519676
84 0.501803 0.413773 0.983332 0.512731
52 0.503753 0.409722 0.974754 0.519676
75 0.511551 0.410373 0.963837 0.521846
54 0.507652 0.411169 0.962277 0.508681
52 0.503363 0.41088 0.973974 0.506944
42 0.503363 0.41088 0.973974 0.506944
75 0.503363 0.41088 0.973974 0.506944
54 0.506872 0.406829 0.959158 0.519676
75 0.495175 0.409071 0.980992 0.514034
42 0.505702 0.411169 0.953699 0.520255
84 0.488547 0.407697 0.967736 0.515625
53 0.505702 0.411169 0.953699 0.520255
54 0.509991 0.408854 0.973194 0.508681
42 0.507652 0.409433 0.973194 0.519097
75 0.507652 0.409433 0.973194 0.519097
97 0.499074 0.407697 0.99191 0.510995
54 0.500634 0.40502 0.980992 0.517506
42 0.502193 0.409722 0.980992 0.518519
54 0.504143 0.405382 0.981772 0.526042
42 0.507652 0.407335 0.963837 0.516348
52 0.506872 0.406829 0.970075 0.520833
54 0.496735 0.406901 0.974754 0.510272
42 0.505702 0.407407 0.955259 0.509259
54 0.500634 0.409795 0.980992 0.510272
42 0.505313 0.409216 0.957598 0.512587
54 0.506872 0.410807 0.979433 0.511719
42 0.512331 0.407986 0.968516 0.512731
54 0.499464 0.408275 0.986451 0.51331
42 0.508432 0.406901 0.966956 0.514902
75 0.508432 0.406901 0.966956 0.514902
54 0.508042 0.409795 0.970855 0.511429
75 0.509211 0.408275 0.968516 0.512153
54 0.502583 0.405671 0.980213 0.517361
42 0.510771 0.411169 0.965396 0.51794
75 0.510771 0.411169 0.965396 0.51794
54 0.505313 0.408493 0.979433 0.510561
54 0.491276 0.491898 0.963837 0.357639
54 0.507652 0.406756 0.966956 0.510561
42 0.504143 0.405961 0.978653 0.520255
75 0.504143 0.405961 0.978653 0.520255
54 0.502973 0.405961 0.974754 0.514468
75 0.502973 0.406901 0.974754 0.509115
54 0.507652 0.406322 0.977873 0.519531
48 0.172337 0.0726273 0.344673 0.145255
54 0.507652 0.403863 0.968516 0.519821
54 0.505313 0.408058 0.979433 0.518374
54 0.502193 0.405961 0.979433 0.521412
54 0.503753 0.409433 0.984112 0.519097
42 0.508432 0.409216 0.977873 0.520689
54 0.505702 0.407335 0.975534 0.519821
42 0.509211 0.406178 0.968516 0.520978
75 0.501413 0.404514 0.984112 0.524306
54 0.499854 0.405744 0.984112 0.520689
42 0.502193 0.405382 0.980992 0.51794
54 0.498294 0.402778 0.982552 0.525463
42 0.507262 0.407118 0.966176 0.523727
52 0.499074 0.401042 0.982552 0.52662
75 0.507262 0.407118 0.966176 0.523727
54 0.501024 0.407118 0.980213 0.519097
42 0.507262 0.406829 0.967736 0.515046
75 0.499074 0.404225 0.984112 0.519097
54 0.501414 0.407118 0.979433 0.519097
42 0.505313 0.408565 0.968516 0.515046
75 0.505313 0.408565 0.968516 0.515046
97 0.505313 0.408565 0.968516 0.515046
54 0.502973 0.407335 0.980992 0.515191
42 0.506872 0.40748 0.970075 0.518374
97 0.499854 0.406829 0.984112 0.519676
75 0.499854 0.406829 0.984112 0.519676
54 0.499464 0.404008 0.986451 0.520689
42 0.504143 0.406322 0.980213 0.516059
97 0.500634 0.405961 0.982552 0.516782
54 0.500634 0.403067 0.982552 0.522569
97 0.502193 0.404586 0.979433 0.519531
42 0.502193 0.404586 0.979433 0.519531
54 0.500634 0.405599 0.980992 0.518663
42 0.505313 0.407697 0.979433 0.515625
97 0.502193 0.406178 0.977873 0.514034
54 0.501414 0.406756 0.980992 0.514034
42 0.506872 0.407407 0.979433 0.513889
54 0.502193 0.403935 0.979433 0.520833
42 0.507652 0.405961 0.966956 0.514468
54 0.508042 0.406901 0.970855 0.518374
54 0.508042 0.407914 0.970855 0.515191
54 0.507262 0.407697 0.969295 0.512153
42 0.507262 0.406829 0.977093 0.515046
54 0.506092 0.408058 0.965396 0.510272
42 0.505313 0.407335 0.977873 0.514034
54 0.506092 0.407407 0.966956 0.511574
54 0.507652 0.40748 0.966956 0.511429
54 0.509601 0.407697 0.967736 0.512153
54 0.509991 0.407407 0.970075 0.511574
54 0.511551 0.407986 0.970075 0.512731
54 0.511551 0.407697 0.970075 0.512153
54 0.510771 0.407986 0.970075 0.511574
54 0.509991 0.408275 0.970075 0.510995
54 0.510771 0.40748 0.974754 0.513744
54 0.510771 0.407914 0.974754 0.512876
54 0.510771 0.407914 0.974754 0.512876
109 0.496735 0.891782 0.980992 0.216435
54 0.509991 0.406901 0.974754 0.512587
109 0.496735 0.887153 0.980992 0.225694
54 0.509211 0.405093 0.968516 0.510417
109 0.496735 0.885417 0.982552 0.229167
54 0.509211 0.407118 0.974754 0.51331
109 0.496345 0.885995 0.981772 0.228009
54 0.499074 0.405671 0.99035 0.510417
109 0.495955 0.885995 0.982552 0.228009
54 0.508822 0.406901 0.973974 0.512587
109 0.496735 0.88831 0.984112 0.22338
54 0.509211 0.407118 0.973194 0.51331
109 0.496735 0.891204 0.984112 0.217593
54 0.508432 0.407335 0.973194 0.512876
109 0.497125 0.895255 0.983332 0.209491
54 0.508432 0.407335 0.973194 0.512876
109 0.497514 0.896701 0.982552 0.206597
54 0.508432 0.407335 0.973194 0.512876
109 0.497514 0.898148 0.982552 0.203704
54 0.508432 0.406539 0.976314 0.514468
109 0.497514 0.899884 0.982552 0.200231
54 0.508042 0.406829 0.975534 0.515046
109 0.497514 0.90191 0.982552 0.196181
54 0.508042 0.406756 0.975534 0.515191
109 0.497514 0.899306 0.982552 0.201389
42 0.508822 0.405961 0.969295 0.510995
54 0.507262 0.406539 0.975534 0.515625
109 0.497904 0.896991 0.981772 0.206019
42 0.508822 0.405671 0.969295 0.511574
54 0.507262 0.40625 0.975534 0.515046
109 0.498294 0.895255 0.982552 0.209491
42 0.508822 0.405599 0.969295 0.511719
54 0.506872 0.40625 0.976314 0.515046
109 0.498294 0.895255 0.982552 0.209491
42 0.508432 0.405093 0.970075 0.511574
54 0.506872 0.406178 0.976314 0.515191
109 0.498294 0.895833 0.982552 0.208333
42 0.508042 0.405165 0.969295 0.511429
95 0.498294 0.895833 0.982552 0.208333
75 0.508042 0.405165 0.969295 0.511429
54 0.507652 0.407335 0.974754 0.514034
109 0.498294 0.896412 0.982552 0.207176
42 0.507262 0.405382 0.969295 0.510995
95 0.498294 0.896412 0.982552 0.207176
75 0.507262 0.405382 0.969295 0.510995
54 0.507652 0.40748 0.974754 0.514902
109 0.498294 0.896991 0.984112 0.206019
42 0.507262 0.405382 0.969295 0.510995
95 0.498294 0.896991 0.984112 0.206019
54 0.507652 0.40748 0.974754 0.514902
109 0.498294 0.896412 0.984112 0.207176
95 0.498294 0.896412 0.984112 0.207176
42 0.506872 0.405382 0.970075 0.510995
54 0.508042 0.40748 0.973974 0.514902
109 0.498294 0.895255 0.984112 0.209491
95 0.498294 0.895255 0.984112 0.209491
42 0.506872 0.405382 0.970075 0.510995
54 0.507262 0.407407 0.973974 0.515046
109 0.498294 0.895833 0.984112 0.208333
95 0.498294 0.895833 0.984112 0.208333
54 0.507262 0.407335 0.973974 0.515191
109 0.498294 0.895255 0.984112 0.209491
95 0.498294 0.895255 0.984112 0.209491
54 0.506872 0.407118 0.974754 0.515625
109 0.498684 0.894387 0.984892 0.211227
95 0.498684 0.894387 0.984892 0.211227
54 0.507262 0.407118 0.973974 0.515625
109 0.498684 0.894387 0.984892 0.211227
95 0.498684 0.894387 0.984892 0.211227
54 0.506872 0.406901 0.974754 0.516059
109 0.498294 0.894676 0.985671 0.210648
95 0.498294 0.894676 0.985671 0.210648
54 0.505702 0.40625 0.975534 0.517361
109 0.499074 0.894965 0.985671 0.210069
95 0.499074 0.894965 0.985671 0.210069
54 0.506482 0.407118 0.973974 0.515625
109 0.499074 0.895544 0.985671 0.208912
95 0.499074 0.895544 0.985671 0.208912
54 0.506092 0.407118 0.974754 0.515625
109 0.499074 0.894965 0.985671 0.210069
95 0.499074 0.894965 0.985671 0.210069
54 0.506092 0.407118 0.974754 0.515625
109 0.499074 0.894965 0.985671 0.210069
95 0.499074 0.894965 0.985671 0.210069
54 0.506092 0.407118 0.974754 0.515625
109 0.499074 0.894676 0.985671 0.210648
95 0.499074 0.894676 0.985671 0.210648
54 0.506092 0.407118 0.974754 0.515625
109 0.499074 0.893519 0.985671 0.212963
95 0.499074 0.893519 0.985671 0.212963
54 0.506092 0.406829 0.973194 0.515046
109 0.499074 0.893519 0.985671 0.212963
95 0.499074 0.893519 0.985671 0.212963
54 0.505702 0.406829 0.973974 0.515046
109 0.499074 0.892361 0.985671 0.215278
95 0.499074 0.892361 0.985671 0.215278
54 0.505702 0.406901 0.973974 0.516059
109 0.499074 0.891782 0.985671 0.216435
95 0.499074 0.891782 0.985671 0.216435
54 0.505702 0.407118 0.973974 0.515625
109 0.499074 0.891782 0.985671 0.216435
95 0.499074 0.891782 0.985671 0.216435
54 0.505702 0.407118 0.973974 0.515625
109 0.499074 0.891204 0.985671 0.217593
95 0.499074 0.891204 0.985671 0.217593
54 0.505702 0.406901 0.973974 0.516059
109 0.499074 0.891204 0.985671 0.217593
95 0.499074 0.891204 0.985671 0.217593
54 0.505313 0.406901 0.974754 0.516059
109 0.499074 0.891782 0.985671 0.216435
95 0.499074 0.891782 0.985671 0.216435
54 0.504923 0.406901 0.973974 0.516059
109 0.499074 0.891782 0.985671 0.216435
95 0.499074 0.891782 0.985671 0.216435
54 0.504533 0.406901 0.974754 0.516059
109 0.498684 0.89294 0.984892 0.21412
95 0.498684 0.89294 0.984892 0.21412
54 0.504923 0.406901 0.973974 0.516059
109 0.499074 0.893519 0.984112 0.212963
95 0.499074 0.893519 0.984112 0.212963
54 0.504533 0.406539 0.974754 0.515625
109 0.499074 0.893519 0.984112 0.212963
95 0.499074 0.893519 0.984112 0.212963
54 0.504533 0.406829 0.974754 0.516204
109 0.499074 0.89294 0.984112 0.21412
95 0.499074 0.89294 0.984112 0.21412
54 0.504533 0.406829 0.974754 0.516204
109 0.499074 0.89294 0.984112 0.21412
95 0.499074 0.89294 0.984112 0.21412
54 0.504533 0.406829 0.974754 0.516204
109 0.498294 0.89294 0.984112 0.21412
95 0.498294 0.89294 0.984112 0.21412
54 0.504533 0.406901 0.974754 0.516059
109 0.499074 0.893519 0.984112 0.212963
95 0.499074 0.893519 0.984112 0.212963
54 0.507262 0.408275 0.969295 0.510995
109 0.498294 0.893519 0.984112 0.212963
95 0.498294 0.893519 0.984112 0.212963
101 0.498294 0.893519 0.984112 0.212963
54 0.507262 0.408275 0.969295 0.510995
109 0.498294 0.893519 0.984112 0.212963
101 0.498294 0.893519 0.984112 0.212963
95 0.498294 0.893519 0.984112 0.212963
54 0.507262 0.408493 0.969295 0.510561
109 0.498294 0.893519 0.984112 0.212963
101 0.498294 0.893519 0.984112 0.212963
54 0.507262 0.408493 0.969295 0.510561
109 0.498294 0.894097 0.984112 0.211806
101 0.498294 0.894097 0.984112 0.211806
54 0.507262 0.408493 0.969295 0.510561
109 0.498684 0.894097 0.983332 0.211806
101 0.498684 0.894097 0.983332 0.211806
54 0.507652 0.408493 0.968516 0.510561
109 0.498684 0.895255 0.983332 0.209491
101 0.498684 0.895255 0.983332 0.209491
54 0.507262 0.408058 0.969295 0.510272
109 0.498684 0.894676 0.983332 0.210648
101 0.498684 0.894676 0.983332 0.210648
54 0.506872 0.408058 0.968516 0.510272
109 0.498294 0.894676 0.984112 0.210648
101 0.498294 0.894676 0.984112 0.210648
54 0.506872 0.407986 0.968516 0.510417
109 0.498294 0.894676 0.984112 0.210648
101 0.498294 0.894676 0.984112 0.210648
54 0.506872 0.407986 0.968516 0.510417
109 0.498294 0.894676 0.984112 0.210648
101 0.498294 0.894676 0.984112 0.210648
54 0.506092 0.408275 0.968516 0.510995
109 0.498294 0.894676 0.984112 0.210648
101 0.498294 0.894676 0.984112 0.210648
54 0.506092 0.407986 0.968516 0.510417
109 0.498294 0.895255 0.984112 0.209491
101 0.498294 0.895255 0.984112 0.209491
54 0.506092 0.407986 0.968516 0.510417
109 0.498294 0.894097 0.982552 0.211806
101 0.498294 0.894097 0.982552 0.211806
54 0.506482 0.40748 0.967736 0.511429
109 0.498294 0.894097 0.982552 0.211806
101 0.498294 0.894097 0.982552 0.211806
54 0.506092 0.407697 0.966956 0.510995
109 0.498294 0.89294 0.982552 0.21412
101 0.498294 0.89294 0.982552 0.21412
11 0.678429 0.288484 0.47568 0.276042
54 0.506092 0.407986 0.966956 0.511574
109 0.498294 0.89294 0.982552 0.21412
101 0.498294 0.89294 0.982552 0.21412
54 0.506092 0.407697 0.965396 0.510995
109 0.497514 0.89294 0.982552 0.21412
101 0.497514 0.89294 0.982552 0.21412
11 0.678039 0.289062 0.4749 0.277199
54 0.506092 0.407986 0.965396 0.511574
109 0.497514 0.89294 0.982552 0.21412
101 0.497514 0.89294 0.982552 0.21412
11 0.677649 0.289062 0.47568 0.277199
54 0.506092 0.407986 0.965396 0.511574
109 0.497514 0.89294 0.982552 0.21412
101 0.497514 0.89294 0.982552 0.21412
11 0.677649 0.289352 0.47412 0.277199
54 0.506092 0.408058 0.965396 0.511429
109 0.497514 0.892361 0.982552 0.215278
101 0.497514 0.892361 0.982552 0.215278
54 0.506092 0.408058 0.965396 0.511429
109 0.497514 0.89294 0.982552 0.21412
101 0.497514 0.89294 0.982552 0.21412
11 0.676869 0.289641 0.472561 0.278356
54 0.505702 0.407986 0.966176 0.511574
109 0.497514 0.89294 0.982552 0.21412
101 0.497514 0.89294 0.982552 0.21412
11 0.677259 0.289931 0.470221 0.278935
54 0.505702 0.408058 0.966176 0.511429
109 0.497514 0.89294 0.982552 0.21412
101 0.497514 0.89294 0.982552 0.21412
54 0.505702 0.407986 0.966176 0.511574
109 0.497514 0.892361 0.982552 0.215278
101 0.497514 0.892361 0.982552 0.215278
54 0.505313 0.407986 0.965396 0.511574
109 0.497514 0.892361 0.982552 0.215278
101 0.497514 0.892361 0.982552 0.215278
54 0.505313 0.408058 0.965396 0.511429
109 0.497514 0.892361 0.982552 0.215278
101 0.497514 0.892361 0.982552 0.215278
