48 0.498501 0.481735 0.954909 0.474886
50 0.498501 0.481735 0.954909 0.474886
49 0.497722 0.497146 0.956468 0.444064
56 0.497722 0.497146 0.956468 0.444064
104 0.497722 0.497146 0.956468 0.444064
95 0.497722 0.497146 0.956468 0.444064
53 0.498891 0.47403 0.955688 0.489155
68 0.498501 0.481735 0.954909 0.474886
50 0.494214 0.558362 0.957247 0.319349
79 0.497722 0.497146 0.956468 0.444064
54 0.498891 0.47403 0.955688 0.489155
101 0.498501 0.481735 0.954909 0.474886
74 0.498501 0.481735 0.954909 0.474886
46 0.498501 0.488014 0.958027 0.458904
48 0.494214 0.558362 0.957247 0.319349
103 0.497722 0.497146 0.956468 0.444064
67 0.498501 0.481735 0.954909 0.474886
109 0.497722 0.497146 0.956468 0.444064
17 0.497722 0.497146 0.956468 0.444064
97 0.498501 0.481735 0.954909 0.474886
105 0.497722 0.497146 0.956468 0.444064
75 0.498501 0.481735 0.954909 0.474886
84 0.498501 0.488014 0.958027 0.458904
42 0.497722 0.497146 0.956468 0.444064
100 0.497722 0.497146 0.956468 0.444064
111 0.497722 0.497146 0.956468 0.444064
81 0.498891 0.47403 0.955688 0.489155
77 0.498501 0.481735 0.954909 0.474886
73 0.497722 0.497146 0.956468 0.444064
47 0.494214 0.465468 0.96972 0.50742
66 0.498501 0.481735 0.954909 0.474886
76 0.498501 0.481735 0.954909 0.474886
110 0.498501 0.488014 0.958027 0.458904
99 0.498112 0.483733 0.947893 0.467466
33 0.497722 0.497146 0.956468 0.444064
101 0.494214 0.558362 0.957247 0.319349
54 0.493434 0.55351 0.95257 0.31992
102 0.498501 0.481735 0.954909 0.474886
41 0.498501 0.488014 0.958027 0.458904
68 0.494214 0.558362 0.957247 0.319349
108 0.498501 0.481735 0.954909 0.474886
53 0.493434 0.55351 0.95257 0.31992
14 0.491486 0.537671 0.956468 0.360731
31 0.498501 0.488014 0.958027 0.458904
51 0.497722 0.497146 0.956468 0.444064
75 0.494214 0.558362 0.957247 0.319349
67 0.493434 0.55351 0.95257 0.31992
74 0.494214 0.558362 0.957247 0.319349
46 0.493434 0.55351 0.95257 0.31992
38 0.491875 0.525114 0.955688 0.380137
11 0.491486 0.537671 0.956468 0.360731
78 0.498501 0.481735 0.954909 0.474886
110 0.493434 0.55351 0.95257 0.31992
66 0.494214 0.558362 0.957247 0.319349
7 0.491486 0.537671 0.956468 0.360731
16 0.498501 0.481735 0.954909 0.474886
5 0.497722 0.497146 0.956468 0.444064
84 0.493434 0.55351 0.95257 0.31992
21 0.497722 0.497146 0.956468 0.444064
47 0.490316 0.534817 0.947893 0.363014
97 0.494214 0.558362 0.957247 0.319349
12 0.491486 0.537671 0.956468 0.360731
49 0.48408 0.554652 0.938539 0.317637
15 0.498891 0.47403 0.955688 0.489155
34 0.497722 0.497146 0.956468 0.444064
76 0.493434 0.55351 0.95257 0.31992
109 0.48408 0.554652 0.938539 0.317637
80 0.498501 0.488014 0.958027 0.458904
4 0.498891 0.47403 0.955688 0.489155
42 0.48408 0.554652 0.938539 0.317637
99 0.486029 0.554937 0.923728 0.319349
79 0.48408 0.554652 0.938539 0.317637
65 0.497722 0.497146 0.956468 0.444064
95 0.48408 0.554652 0.938539 0.317637
0 0.498891 0.47403 0.955688 0.489155
94 0.491875 0.525114 0.955688 0.380137
104 0.48408 0.554652 0.938539 0.317637
13 0.498501 0.481735 0.954909 0.474886
28 0.497722 0.497146 0.956468 0.444064
102 0.493434 0.55351 0.95257 0.31992
108 0.493434 0.55351 0.95257 0.31992
77 0.493434 0.55351 0.95257 0.31992
81 0.493434 0.55351 0.95257 0.31992
26 0.497722 0.497146 0.956468 0.444064
36 0.491486 0.537671 0.956468 0.360731
24 0.498501 0.481735 0.954909 0.474886
72 0.498891 0.47403 0.955688 0.489155
16 0.494214 0.558362 0.957247 0.319349
41 0.493434 0.55351 0.95257 0.31992
92 0.497722 0.497146 0.956468 0.444064
71 0.498501 0.488014 0.958027 0.458904
55 0.498501 0.488014 0.958027 0.458904
17 0.48408 0.554652 0.938539 0.317637
52 0.506297 0.466396 0.951791 0.507848
52 0.494214 0.558362 0.957247 0.319349
48 0.506297 0.471461 0.954909 0.504566
111 0.505907 0.462828 0.951011 0.522974
103 0.506297 0.471461 0.954909 0.504566
56 0.506297 0.471461 0.954909 0.504566
95 0.506297 0.471461 0.954909 0.504566
54 0.505907 0.459974 0.958806 0.52754
99 0.505907 0.459974 0.958806 0.52754
101 0.506297 0.471461 0.954909 0.504566
68 0.506297 0.471461 0.954909 0.504566
110 0.506297 0.471461 0.954909 0.504566
75 0.505907 0.459974 0.958806 0.52754
109 0.498501 0.490297 0.947114 0.468037
53 0.505907 0.459974 0.958806 0.52754
46 0.506686 0.465111 0.954129 0.514983
67 0.506297 0.471461 0.954909 0.504566
111 0.510134 0.880708 0.979733 0.238584
102 0.506297 0.471461 0.954909 0.504566
50 0.510134 0.880708 0.979733 0.238584
48 0.510134 0.880708 0.979733 0.238584
84 0.506686 0.465111 0.954129 0.514983
104 0.506297 0.471461 0.954909 0.504566
50 0.505907 0.462828 0.951011 0.522974
66 0.506297 0.471461 0.954909 0.504566
105 0.505907 0.459974 0.958806 0.52754
48 0.496552 0.388056 0.958806 0.35859
108 0.505907 0.462828 0.951011 0.522974
77 0.502009 0.467394 0.974397 0.517266
80 0.506297 0.471461 0.954909 0.504566
52 0.506297 0.471461 0.954909 0.504566
47 0.502009 0.467394 0.974397 0.517266
100 0.506297 0.471461 0.954909 0.504566
81 0.506297 0.471461 0.954909 0.504566
73 0.506686 0.465111 0.954129 0.514983
101 0.510134 0.880708 0.979733 0.238584
46 0.509025 0.89669 0.979074 0.206621
76 0.505907 0.459974 0.958806 0.52754
68 0.510584 0.89669 0.974397 0.206621
78 0.506297 0.471461 0.954909 0.504566
50 0.505517 0.928082 0.981412 0.143836
41 0.505907 0.459974 0.958806 0.52754
110 0.510134 0.880708 0.979733 0.238584
49 0.510134 0.880708 0.979733 0.238584
51 0.493824 0.464112 0.987648 0.518122
79 0.506297 0.471461 0.954909 0.504566
17 0.506297 0.471461 0.954909 0.504566
109 0.510134 0.880708 0.979733 0.238584
99 0.512862 0.876712 0.974276 0.246575
49 0.505907 0.459974 0.958806 0.52754
48 0.512083 0.935502 0.975835 0.128995
74 0.506297 0.471461 0.954909 0.504566
76 0.512862 0.876712 0.974276 0.246575
73 0.510134 0.880708 0.979733 0.238584
50 0.496552 0.388056 0.958806 0.35859
95 0.510134 0.880708 0.979733 0.238584
48 0.267374 0.490297 0.491096 0.473744
97 0.493824 0.464112 0.987648 0.518122
102 0.510584 0.89669 0.974397 0.206621
111 0.496552 0.388056 0.958806 0.35859
67 0.510584 0.89669 0.974397 0.206621
111 0.512083 0.935502 0.975835 0.128995
75 0.510134 0.880708 0.979733 0.238584
100 0.510134 0.880708 0.979733 0.238584
67 0.496552 0.388056 0.958806 0.35859
68 0.512083 0.935502 0.975835 0.128995
77 0.510584 0.89669 0.974397 0.206621
75 0.496552 0.388056 0.958806 0.35859
42 0.506297 0.471461 0.954909 0.504566
48 0.67818 0.460331 0.579961 0.503995
84 0.496552 0.388056 0.958806 0.35859
77 0.496552 0.388056 0.958806 0.35859
95 0.267374 0.490297 0.491096 0.473744
53 0.510134 0.880708 0.979733 0.238584
52 0.510134 0.880708 0.979733 0.238584
109 0.496552 0.388056 0.958806 0.35859
111 0.267374 0.490297 0.491096 0.473744
46 0.512083 0.935502 0.975835 0.128995
49 0.505517 0.928082 0.981412 0.143836
101 0.512083 0.935502 0.975835 0.128995
99 0.505517 0.928082 0.981412 0.143836
103 0.510134 0.880708 0.979733 0.238584
51 0.509025 0.89669 0.979074 0.206621
102 0.496552 0.388056 0.958806 0.35859
95 0.496552 0.388056 0.958806 0.35859
110 0.505517 0.928082 0.981412 0.143836
49 0.496552 0.388056 0.958806 0.35859
100 0.496552 0.388056 0.958806 0.35859
53 0.496552 0.388056 0.958806 0.35859
99 0.496552 0.388056 0.958806 0.35859
48 0.208716 0.50742 0.372999 0.423516
54 0.510134 0.880708 0.979733 0.238584
56 0.496552 0.388056 0.958806 0.35859
50 0.568987 0.945776 0.862025 0.108447
56 0.510134 0.880708 0.979733 0.238584
84 0.510134 0.880708 0.979733 0.238584
51 0.496552 0.388056 0.958806 0.35859
48 0.508245 0.820776 0.96816 0.358447
103 0.267374 0.490297 0.491096 0.473744
103 0.496552 0.388056 0.958806 0.35859
95 0.512083 0.935502 0.975835 0.128995
110 0.496552 0.388056 0.958806 0.35859
33 0.506297 0.471461 0.954909 0.504566
104 0.509025 0.89669 0.979074 0.206621
38 0.502009 0.467394 0.974397 0.517266
47 0.510134 0.880708 0.979733 0.238584
56 0.267374 0.490297 0.491096 0.473744
100 0.505517 0.928082 0.981412 0.143836
48 0.424837 0.901827 0.849674 0.196347
104 0.267374 0.490297 0.491096 0.473744
105 0.267374 0.490297 0.491096 0.473744
48 0.69494 0.380779 0.537087 0.342323
73 0.512083 0.935502 0.975835 0.128995
101 0.496552 0.388056 0.958806 0.35859
102 0.267374 0.490297 0.491096 0.473744
68 0.267374 0.490297 0.491096 0.473744
47 0.496552 0.388056 0.958806 0.35859
53 0.267374 0.490297 0.491096 0.473744
66 0.510134 0.880708 0.979733 0.238584
75 0.267374 0.490297 0.491096 0.473744
76 0.512083 0.935502 0.975835 0.128995
67 0.266205 0.503425 0.486419 0.439498
66 0.267374 0.490297 0.491096 0.473744
77 0.512083 0.935502 0.975835 0.128995
108 0.267374 0.490297 0.491096 0.473744
54 0.496552 0.388056 0.958806 0.35859
74 0.510584 0.89669 0.974397 0.206621
80 0.508245 0.893836 0.96972 0.212329
67 0.515201 0.932648 0.969599 0.134703
95 0.501619 0.473744 0.982971 0.525114
53 0.496553 0.469464 0.977515 0.540525
56 0.496553 0.469464 0.977515 0.540525
84 0.496553 0.469464 0.977515 0.540525
68 0.496553 0.469464 0.977515 0.540525
108 0.498891 0.387557 0.979074 0.690639
95 0.499281 0.406963 0.975176 0.813927
52 0.496553 0.469464 0.977515 0.540525
104 0.498891 0.387557 0.979074 0.690639
78 0.498891 0.387557 0.979074 0.690639
81 0.496553 0.469464 0.977515 0.540525
56 0.499281 0.406963 0.975176 0.813927
48 0.494993 0.472531 0.989987 0.535531
101 0.501619 0.473744 0.982971 0.525114
79 0.498891 0.387557 0.979074 0.690639
53 0.499281 0.406963 0.975176 0.813927
110 0.496553 0.469464 0.977515 0.540525
74 0.496553 0.469464 0.977515 0.540525
105 0.496553 0.469464 0.977515 0.540525
67 0.501619 0.473744 0.982971 0.525114
81 0.499281 0.406963 0.975176 0.813927
109 0.496553 0.469464 0.977515 0.540525
52 0.499281 0.406963 0.975176 0.813927
84 0.499281 0.406963 0.975176 0.813927
80 0.496553 0.469464 0.977515 0.540525
104 0.491875 0.505708 0.958806 0.456621
111 0.496553 0.469464 0.977515 0.540525
68 0.495773 0.179224 0.975956 0.358448
68 0.499281 0.406963 0.975176 0.813927
108 0.491875 0.505708 0.958806 0.456621
48 0.496942 0.420662 0.976735 0.841324
77 0.496553 0.469464 0.977515 0.540525
105 0.499281 0.406963 0.975176 0.813927
54 0.496553 0.469464 0.977515 0.540525
75 0.496553 0.469464 0.977515 0.540525
80 0.496942 0.420662 0.976735 0.841324
78 0.491875 0.505708 0.958806 0.456621
68 0.50045 0.095605 0.96972 0.19121
17 0.494993 0.472531 0.989987 0.535531
79 0.491875 0.505708 0.958806 0.456621
74 0.499281 0.406963 0.975176 0.813927
102 0.498501 0.472531 0.970499 0.502426
48 0.50045 0.095605 0.96972 0.19121
76 0.496553 0.469464 0.977515 0.540525
68 0.503568 0.0577911 0.957247 0.115582
50 0.50045 0.095605 0.96972 0.19121
48 0.503568 0.0577911 0.957247 0.115582
50 0.503568 0.0577911 0.957247 0.115582
101 0.499281 0.406963 0.975176 0.813927
66 0.496553 0.469464 0.977515 0.540525
50 0.495773 0.179224 0.975956 0.358448
101 0.495773 0.179224 0.975956 0.358448
54 0.499281 0.406963 0.975176 0.813927
67 0.499281 0.406963 0.975176 0.813927
13 0.803682 0.31621 0.332074 0.188356
75 0.499281 0.406963 0.975176 0.813927
111 0.499281 0.406963 0.975176 0.813927
101 0.50045 0.095605 0.96972 0.19121
68 0.488757 0.273402 0.957247 0.546804
101 0.503568 0.0577911 0.957247 0.115582
103 0.501619 0.473744 0.982971 0.525114
102 0.495773 0.179224 0.975956 0.358448
109 0.498112 0.398116 0.974397 0.796233
51 0.496553 0.469464 0.977515 0.540525
53 0.50045 0.095605 0.96972 0.19121
48 0.495773 0.179224 0.975956 0.358448
77 0.498501 0.333333 0.976735 0.666667
66 0.499281 0.406963 0.975176 0.813927
49 0.50045 0.095605 0.96972 0.19121
102 0.50045 0.095605 0.96972 0.19121
4 0.827068 0.307006 0.302453 0.171376
50 0.50123 0.360445 0.968161 0.72089
49 0.503568 0.0577911 0.957247 0.115582
53 0.495773 0.179224 0.975956 0.358448
102 0.503568 0.0577911 0.957247 0.115582
46 0.496553 0.469464 0.977515 0.540525
110 0.499281 0.406963 0.975176 0.813927
99 0.496553 0.469464 0.977515 0.540525
53 0.503568 0.0577911 0.957247 0.115582
97 0.496553 0.469464 0.977515 0.540525
95 0.488757 0.273402 0.957247 0.546804
49 0.495773 0.179224 0.975956 0.358448
100 0.50045 0.095605 0.96972 0.19121
77 0.495773 0.179224 0.975956 0.358448
49 0.498501 0.472531 0.970499 0.502426
17 0.502009 0.385845 0.979074 0.77169
109 0.50045 0.095605 0.96972 0.19121
47 0.498501 0.472531 0.970499 0.502426
100 0.503568 0.0577911 0.957247 0.115582
100 0.495773 0.179224 0.975956 0.358448
33 0.502009 0.385845 0.979074 0.77169
102 0.50123 0.360445 0.968161 0.72089
76 0.50045 0.095605 0.96972 0.19121
41 0.494993 0.472531 0.989987 0.535531
26 0.803682 0.31621 0.332074 0.188356
48 0.488757 0.273402 0.957247 0.546804
76 0.503568 0.0577911 0.957247 0.115582
101 0.488757 0.273402 0.957247 0.546804
76 0.498112 0.398116 0.974397 0.796233
49 0.50123 0.360445 0.968161 0.72089
68 0.489927 0.576627 0.954909 0.531678
78 0.488757 0.273402 0.957247 0.546804
73 0.498891 0.387557 0.979074 0.690639
23 0.827068 0.307006 0.302453 0.171376
77 0.50045 0.095605 0.96972 0.19121
53 0.488757 0.273402 0.957247 0.546804
46 0.498112 0.398116 0.974397 0.796233
2 0.502009 0.385845 0.979074 0.77169
109 0.503568 0.0577911 0.957247 0.115582
95 0.489927 0.576627 0.954909 0.531678
95 0.495773 0.179224 0.975956 0.358448
109 0.495773 0.179224 0.975956 0.358448
51 0.498112 0.398116 0.974397 0.796233
51 0.50045 0.095605 0.96972 0.19121
67 0.495773 0.179224 0.975956 0.358448
110 0.495773 0.179224 0.975956 0.358448
100 0.50123 0.360445 0.968161 0.72089
46 0.503568 0.0577911 0.957247 0.115582
51 0.503568 0.0577911 0.957247 0.115582
46 0.50045 0.095605 0.96972 0.19121
77 0.503568 0.0577911 0.957247 0.115582
74 0.488757 0.273402 0.957247 0.546804
50 0.501619 0.473744 0.982971 0.525114
108 0.488757 0.273402 0.957247 0.546804
103 0.499281 0.406963 0.975176 0.813927
52 0.50045 0.095605 0.96972 0.19121
33 0.494993 0.472531 0.989987 0.535531
97 0.502009 0.385845 0.979074 0.77169
15 0.803682 0.31621 0.332074 0.188356
110 0.50045 0.095605 0.96972 0.19121
67 0.50045 0.095605 0.96972 0.19121
100 0.502399 0.488014 0.978294 0.474886
76 0.495773 0.179224 0.975956 0.358448
46 0.50006 0.184075 0.967381 0.368151
80 0.488757 0.273402 0.957247 0.546804
47 0.503568 0.0577911 0.957247 0.115582
67 0.488757 0.273402 0.957247 0.546804
99 0.50045 0.095605 0.96972 0.19121
109 0.488757 0.273402 0.957247 0.546804
51 0.50006 0.184075 0.967381 0.368151
111 0.50045 0.095605 0.96972 0.19121
17 0.803682 0.31621 0.332074 0.188356
84 0.488757 0.273402 0.957247 0.546804
18 0.827068 0.307006 0.302453 0.171376
75 0.495773 0.179224 0.975956 0.358448
52 0.503568 0.0577911 0.957247 0.115582
95 0.498501 0.490297 0.959586 0.45548
68 0.498501 0.490297 0.959586 0.45548
56 0.497332 0.476884 0.961924 0.482306
53 0.492655 0.472032 0.954129 0.490868
67 0.499281 0.487158 0.956468 0.458333
110 0.499281 0.487158 0.956468 0.458333
109 0.499281 0.487158 0.956468 0.458333
104 0.499281 0.487158 0.956468 0.458333
84 0.499281 0.487158 0.956468 0.458333
101 0.498501 0.490297 0.959586 0.45548
77 0.495773 0.494292 0.958806 0.445206
103 0.499281 0.487158 0.956468 0.458333
97 0.492655 0.472032 0.954129 0.490868
95 0.494993 0.577055 0.946334 0.311644
74 0.495773 0.474886 0.954129 0.487443
111 0.499281 0.487158 0.956468 0.458333
105 0.492655 0.472032 0.954129 0.490868
81 0.499281 0.487158 0.956468 0.458333
52 0.488368 0.468893 0.976735 0.497146
102 0.499281 0.487158 0.956468 0.458333
68 0.494993 0.577055 0.946334 0.311644
108 0.495773 0.474886 0.954129 0.487443
17 0.498501 0.490297 0.959586 0.45548
80 0.495773 0.474886 0.954129 0.487443
79 0.499281 0.487158 0.956468 0.458333
67 0.494993 0.577055 0.946334 0.311644
47 0.488368 0.468893 0.976735 0.497146
76 0.499281 0.487158 0.956468 0.458333
99 0.499281 0.487158 0.956468 0.458333
21 0.495773 0.474886 0.954129 0.487443
56 0.494993 0.577055 0.946334 0.311644
101 0.494993 0.577055 0.946334 0.311644
102 0.494993 0.577055 0.946334 0.311644
109 0.494993 0.577055 0.946334 0.311644
77 0.494993 0.577055 0.946334 0.311644
84 0.494993 0.577055 0.946334 0.311644
29 0.497332 0.476884 0.961924 0.482306
110 0.494993 0.577055 0.946334 0.311644
53 0.503568 0.542237 0.96972 0.34589
104 0.494993 0.577055 0.946334 0.311644
95 0.503568 0.372146 0.938539 0.319064
52 0.510913 0.532534 0.978173 0.368721
78 0.495773 0.474886 0.954129 0.487443
41 0.495773 0.474886 0.954129 0.487443
66 0.492655 0.472032 0.954129 0.490868
73 0.495773 0.474886 0.954129 0.487443
68 0.208326 0.97774 0.401841 0.0445205
54 0.499281 0.487158 0.956468 0.458333
28 0.497332 0.476884 0.961924 0.482306
95 0.504348 0.468536 0.96972 0.501284
56 0.504348 0.468536 0.96972 0.501284
67 0.514871 0.4629 0.958027 0.505708
68 0.514871 0.4629 0.958027 0.505708
111 0.514871 0.4629 0.958027 0.505708
109 0.514871 0.4629 0.958027 0.505708
84 0.514871 0.4629 0.958027 0.505708
103 0.499671 0.464612 0.980633 0.504566
104 0.504348 0.468536 0.96972 0.501284
53 0.514871 0.4629 0.958027 0.505708
110 0.514871 0.4629 0.958027 0.505708
77 0.514871 0.4629 0.958027 0.505708
101 0.514871 0.4629 0.958027 0.505708
97 0.514871 0.4629 0.958027 0.505708
95 0.538646 0.384132 0.885532 0.35274
68 0.509025 0.540097 0.95257 0.369578
67 0.538646 0.384132 0.885532 0.35274
68 0.538646 0.384132 0.885532 0.35274
56 0.538646 0.384132 0.885532 0.35274
102 0.497722 0.446276 0.982971 0.475029
109 0.538646 0.384132 0.885532 0.35274
105 0.504348 0.468536 0.96972 0.501284
67 0.509025 0.540097 0.95257 0.369578
111 0.538646 0.384132 0.885532 0.35274
52 0.514871 0.4629 0.958027 0.505708
54 0.514871 0.4629 0.958027 0.505708
95 0.509025 0.551513 0.929185 0.346747
77 0.538646 0.384132 0.885532 0.35274
49 0.514871 0.4629 0.958027 0.505708
110 0.538646 0.384132 0.885532 0.35274
76 0.514871 0.4629 0.958027 0.505708
68 0.533969 0.330479 0.891768 0.243721
101 0.538646 0.384132 0.885532 0.35274
80 0.499671 0.464612 0.980633 0.504566
102 0.504348 0.342466 0.960365 0.26484
48 0.514871 0.4629 0.958027 0.505708
109 0.509025 0.540097 0.95257 0.369578
101 0.509025 0.540097 0.95257 0.369578
84 0.538646 0.384132 0.885532 0.35274
53 0.538646 0.384132 0.885532 0.35274
17 0.510194 0.473245 0.959586 0.4873
81 0.504348 0.468536 0.96972 0.501284
108 0.504348 0.468536 0.96972 0.501284
79 0.510194 0.473245 0.959586 0.4873
95 0.50045 0.458833 0.944775 0.524115
56 0.50045 0.458833 0.944775 0.524115
109 0.497332 0.468037 0.941657 0.507991
84 0.50045 0.458833 0.944775 0.524115
103 0.50045 0.458833 0.944775 0.524115
67 0.496552 0.47032 0.946334 0.503425
68 0.496552 0.47032 0.946334 0.503425
101 0.487198 0.471461 0.974397 0.503425
111 0.487198 0.471461 0.974397 0.503425
97 0.483301 0.468322 0.966601 0.509703
104 0.50045 0.458833 0.944775 0.524115
110 0.487198 0.471461 0.974397 0.503425
41 0.50045 0.458833 0.944775 0.524115
105 0.50045 0.458833 0.944775 0.524115
77 0.487198 0.471461 0.974397 0.503425
52 0.497332 0.474315 0.944775 0.5
53 0.487978 0.466039 0.975956 0.503995
17 0.50045 0.458833 0.944775 0.524115
102 0.496552 0.47032 0.946334 0.503425
95 0.508635 0.469749 0.956468 0.507991
56 0.505907 0.47032 0.944775 0.503425
67 0.503958 0.468679 0.965822 0.511273
84 0.508635 0.469749 0.956468 0.507991
111 0.503958 0.468679 0.965822 0.511273
109 0.508635 0.469749 0.956468 0.507991
103 0.50045 0.474886 0.955688 0.496575
68 0.50045 0.474886 0.955688 0.496575
97 0.491875 0.47089 0.979074 0.503425
52 0.505907 0.47032 0.944775 0.503425
53 0.503958 0.468679 0.965822 0.511273
101 0.508635 0.469749 0.956468 0.507991
48 0.50045 0.474886 0.955688 0.496575
28 0.505907 0.47032 0.944775 0.503425
17 0.505907 0.47032 0.944775 0.503425
6 0.491875 0.47089 0.979074 0.503425
110 0.491875 0.47089 0.979074 0.503425
77 0.508635 0.469749 0.956468 0.507991
54 0.505907 0.47032 0.944775 0.503425
95 0.50123 0.472531 0.946334 0.518408
56 0.50123 0.472531 0.946334 0.518408
68 0.50123 0.470605 0.949452 0.530251
67 0.50045 0.47032 0.947893 0.515982
109 0.497332 0.478881 0.951011 0.495434
84 0.50123 0.472531 0.946334 0.518408
111 0.50123 0.472531 0.946334 0.518408
103 0.498891 0.482306 0.947893 0.517123
68 0.499671 0.543522 0.95257 0.362728
101 0.50123 0.470605 0.949452 0.530251
52 0.50123 0.479167 0.954129 0.516553
105 0.50123 0.472531 0.946334 0.518408
95 0.498891 0.459974 0.95257 0.513841
56 0.498891 0.459974 0.95257 0.513841
104 0.497332 0.46661 0.941657 0.500571
103 0.497332 0.46661 0.941657 0.500571
84 0.505517 0.463399 0.937759 0.506992
41 0.533969 0.462971 0.879296 0.510131
28 0.533969 0.462971 0.879296 0.510131
67 0.498891 0.459974 0.95257 0.513841
109 0.498891 0.459974 0.95257 0.513841
68 0.498891 0.459974 0.95257 0.513841
95 0.502009 0.462614 0.972838 0.517694
56 0.502009 0.462614 0.972838 0.517694
109 0.502009 0.462614 0.972838 0.517694
84 0.502009 0.462614 0.972838 0.517694
67 0.502009 0.462614 0.972838 0.517694
68 0.506297 0.460117 0.965822 0.522688
104 0.502789 0.460331 0.966601 0.519977
95 0.504737 0.466824 0.945555 0.510417
56 0.502789 0.470034 0.946334 0.50742
104 0.502789 0.470034 0.946334 0.50742
103 0.502789 0.470034 0.946334 0.50742
109 0.502789 0.470034 0.946334 0.50742
67 0.502789 0.470034 0.946334 0.50742
84 0.502789 0.469749 0.944775 0.503425
56 0.498112 0.46397 0.946334 0.510417
95 0.50123 0.465468 0.95257 0.506279
67 0.497722 0.466396 0.95335 0.499857
109 0.497722 0.466396 0.95335 0.499857
68 0.497722 0.466396 0.95335 0.499857
84 0.498891 0.455194 0.95257 0.525685
111 0.497722 0.466396 0.95335 0.499857
103 0.497722 0.466396 0.95335 0.499857
41 0.498112 0.46397 0.946334 0.510417
28 0.498112 0.46397 0.946334 0.510417
11 0.488368 0.468893 0.976735 0.502854
104 0.499671 0.467751 0.949452 0.502854
21 0.498112 0.46397 0.946334 0.510417
56 0.495383 0.466895 0.948673 0.510274
67 0.495383 0.466895 0.948673 0.510274
95 0.495383 0.466895 0.948673 0.510274
68 0.495383 0.466895 0.948673 0.510274
111 0.495383 0.466895 0.948673 0.510274
28 0.495383 0.467751 0.943995 0.506279
109 0.495383 0.466895 0.948673 0.510274
84 0.495383 0.466895 0.948673 0.510274
20 0.495383 0.467751 0.943995 0.506279
103 0.495383 0.466895 0.948673 0.510274
104 0.494993 0.469178 0.946334 0.506849
11 0.495383 0.467751 0.943995 0.506279
77 0.495383 0.466895 0.948673 0.510274
56 0.498112 0.467394 0.943216 0.502426
67 0.502789 0.465468 0.95257 0.508562
111 0.50006 0.468679 0.948673 0.496433
95 0.490316 0.472032 0.980633 0.497717
68 0.502789 0.465468 0.95257 0.508562
48 0.504348 0.455765 0.961924 0.524543
109 0.50006 0.468679 0.948673 0.496433
84 0.50006 0.468679 0.948673 0.496433
28 0.498112 0.467394 0.943216 0.502426
20 0.488757 0.469178 0.977515 0.498858
101 0.502009 0.462828 0.947893 0.5127
52 0.498112 0.467394 0.943216 0.502426
17 0.498112 0.467394 0.943216 0.502426
73 0.50006 0.468679 0.948673 0.496433
12 0.488757 0.469178 0.977515 0.498858
56 0.496552 0.465825 0.946334 0.510131
95 0.493434 0.472888 0.95257 0.500571
67 0.496552 0.465825 0.946334 0.510131
68 0.496552 0.465825 0.946334 0.510131
109 0.493434 0.472888 0.95257 0.500571
56 0.50045 0.46718 0.940098 0.508562
41 0.50045 0.46718 0.940098 0.508562
28 0.50045 0.46718 0.940098 0.508562
100 0.498112 0.468037 0.95257 0.519406
95 0.48486 0.470034 0.96972 0.509703
105 0.50045 0.46718 0.940098 0.508562
103 0.498891 0.468607 0.944775 0.512557
11 0.50045 0.46718 0.940098 0.508562
73 0.498112 0.468037 0.95257 0.519406
56 0.498891 0.471176 0.947893 0.500571
41 0.486419 0.469249 0.972838 0.50214
28 0.499281 0.468607 0.943995 0.504566
15 0.504737 0.468108 0.934641 0.503282
11 0.504737 0.468108 0.934641 0.503282
95 0.498891 0.470034 0.947893 0.505137
100 0.499671 0.465753 0.943216 0.509132
48 0.497332 0.464897 0.946334 0.513128
20 0.504737 0.468108 0.934641 0.503282
21 0.499281 0.468607 0.943995 0.504566
17 0.497332 0.464897 0.946334 0.513128
56 0.497332 0.467751 0.944775 0.514269
28 0.48408 0.467751 0.968161 0.513128
95 0.498112 0.46718 0.946334 0.513128
11 0.497332 0.467751 0.944775 0.514269
41 0.498112 0.465183 0.949452 0.521689
67 0.498112 0.46397 0.95257 0.514983
20 0.48408 0.467751 0.968161 0.513128
48 0.498112 0.465183 0.949452 0.521689
68 0.494993 0.0102383 0.955688 0.0204766
17 0.498112 0.46718 0.946334 0.513128
101 0.494993 0.0102383 0.955688 0.0204766
52 0.497332 0.467751 0.944775 0.514269
100 0.498112 0.465183 0.949452 0.521689
67 0.494993 0.0102383 0.955688 0.0204766
15 0.497332 0.467751 0.944775 0.514269
67 0.498112 0.0729167 0.946334 0.145833
68 0.498112 0.0729167 0.946334 0.145833
68 0.498112 0.46397 0.95257 0.514983
77 0.494993 0.0102383 0.955688 0.0204766
111 0.498112 0.465183 0.949452 0.521689
56 0.487978 0.469249 0.96972 0.507848
95 0.498112 0.466895 0.946334 0.51484
109 0.498891 0.0767694 0.951011 0.153539
67 0.498112 0.466895 0.946334 0.51484
28 0.490316 0.469464 0.961924 0.505137
84 0.498112 0.465468 0.946334 0.514269
109 0.498112 0.466895 0.946334 0.51484
111 0.498112 0.466895 0.946334 0.51484
76 0.498891 0.0767694 0.951011 0.153539
41 0.487978 0.469249 0.96972 0.507848
110 0.498891 0.0767694 0.951011 0.153539
109 0.499671 0.887557 0.971279 0.224886
109 0.495773 0.945491 0.949452 0.109018
109 0.487198 0.0438071 0.974397 0.0876142
20 0.490316 0.469464 0.961924 0.505137
103 0.503568 0.876427 0.954129 0.247146
56 0.499671 0.470605 0.940098 0.501712
28 0.499671 0.470605 0.940098 0.501712
95 0.50006 0.469749 0.939318 0.496575
41 0.497722 0.467751 0.947114 0.502854
111 0.497722 0.467751 0.947114 0.502854
11 0.504348 0.471747 0.927626 0.499429
56 0.485639 0.468322 0.971279 0.505137
95 0.497332 0.46718 0.947893 0.513128
67 0.497332 0.46718 0.947893 0.513128
103 0.497332 0.46718 0.947893 0.513128
109 0.497332 0.46718 0.947893 0.513128
84 0.497332 0.471461 0.946334 0.513699
56 0.502009 0.468108 0.946334 0.505565
41 0.48525 0.46718 0.970499 0.506279
28 0.487198 0.468322 0.966601 0.503995
56 0.496552 0.472103 0.955688 0.491866
95 0.498112 0.468893 0.949452 0.503995
84 0.496552 0.472103 0.955688 0.491866
67 0.496552 0.472103 0.955688 0.491866
111 0.496552 0.472103 0.955688 0.491866
56 0.497722 0.472603 0.947114 0.5
95 0.497722 0.472603 0.947114 0.5
67 0.494604 0.0649258 0.965822 0.129852
105 0.493045 0.465825 0.954909 0.507848
28 0.497722 0.472603 0.947114 0.5
56 0.515651 0.466324 0.909697 0.506849
28 0.515651 0.466324 0.909697 0.506849
105 0.492655 0.0722032 0.960365 0.144406
95 0.502009 0.464897 0.935421 0.50742
56 0.48486 0.467466 0.96972 0.505708
41 0.48486 0.467466 0.96972 0.505708
28 0.48486 0.467466 0.96972 0.505708
67 0.491486 0.0681364 0.970499 0.136273
95 0.499281 0.468037 0.947114 0.503425
17 0.488757 0.468037 0.963483 0.505708
104 0.499281 0.468037 0.947114 0.503425
53 0.491486 0.0681364 0.970499 0.136273
56 0.498112 0.471176 0.949452 0.506279
28 0.48525 0.470034 0.970499 0.505137
95 0.497332 0.46982 0.951011 0.505565
56 0.502789 0.468037 0.941657 0.503425
28 0.485639 0.466895 0.971279 0.504566
41 0.485639 0.46718 0.971279 0.503995
15 0.502009 0.468108 0.941657 0.504423
111 0.502009 0.468108 0.941657 0.504423
56 0.50045 0.468037 0.943216 0.503425
95 0.50045 0.468037 0.943216 0.503425
67 0.50123 0.467537 0.949452 0.503282
67 0.534359 0.00688499 0.898783 0.01377
101 0.534359 0.00688499 0.898783 0.01377
56 0.64924 0.467466 0.645635 0.496575
56 0.498112 0.466039 0.944775 0.503995
95 0.498891 0.4629 0.949452 0.510274
84 0.498891 0.4629 0.949452 0.510274
28 0.498112 0.466039 0.944775 0.503995
67 0.495773 0.466966 0.951011 0.503282
56 0.497722 0.468607 0.943995 0.501142
67 0.494604 0.473174 0.948673 0.494292
28 0.497722 0.468607 0.943995 0.501142
95 0.494604 0.473174 0.948673 0.494292
67 0.493824 0.0590753 0.948673 0.118151
84 0.494604 0.473174 0.948673 0.494292
56 0.50006 0.471747 0.945554 0.499429
67 0.498891 0.47032 0.949452 0.5
28 0.485639 0.470819 0.971279 0.495577
95 0.498891 0.47032 0.949452 0.5
56 0.501619 0.46661 0.948673 0.496005
28 0.501619 0.46661 0.948673 0.496005
67 0.497332 0.465111 0.954129 0.499001
56 0.498891 0.466895 0.944775 0.505708
28 0.50045 0.465753 0.941657 0.502283
67 0.50006 0.0687785 0.951791 0.137557
67 0.495773 0.472032 0.944775 0.489726
105 0.493434 0.064141 0.955688 0.128282
56 0.496553 0.468607 0.949452 0.503425
28 0.486419 0.466396 0.972838 0.50214
56 0.498112 0.468037 0.944775 0.504566
28 0.487198 0.468322 0.974397 0.503995
67 0.486419 0.0533676 0.972838 0.106735
56 0.501619 0.467466 0.939318 0.503425
28 0.491875 0.46661 0.965042 0.502854
67 0.50123 0.468322 0.940098 0.503995
67 0.498501 0.0773402 0.958027 0.15468
56 0.497332 0.468322 0.947893 0.503995
28 0.497332 0.465753 0.946334 0.5
56 0.498891 0.468607 0.944775 0.503425
28 0.498891 0.468607 0.944775 0.503425
56 0.493434 0.468607 0.955688 0.505708
95 0.496163 0.466324 0.956468 0.507991
28 0.493434 0.468607 0.955688 0.505708
56 0.499281 0.46347 0.945554 0.509132
28 0.491096 0.465183 0.961924 0.505708
95 0.50045 0.466039 0.943216 0.513128
56 0.50084 0.467466 0.945554 0.503425
28 0.50084 0.467466 0.945554 0.503425
95 0.496552 0.469107 0.958806 0.49786
56 0.498112 0.469463 0.946334 0.499429
95 0.493434 0.46661 0.955688 0.505137
95 0.502009 0.878995 0.974397 0.242009
28 0.494604 0.470034 0.95335 0.498288
56 0.499281 0.470248 0.947114 0.494435
28 0.499281 0.470248 0.947114 0.494435
41 0.496942 0.473459 0.950232 0.491438
95 0.496552 0.473816 0.95257 0.4873
56 0.498501 0.47089 0.942436 0.498858
95 0.498891 0.476884 0.944775 0.484589
56 0.497332 0.470248 0.944775 0.496718
28 0.496553 0.475528 0.947893 0.485017
56 0.496553 0.468037 0.947893 0.504566
28 0.496553 0.468037 0.947893 0.504566
56 0.497332 0.471176 0.947893 0.503995
28 0.497332 0.471176 0.947893 0.503995
56 0.498891 0.467751 0.951011 0.503995
28 0.498891 0.465753 0.951011 0.505708
67 0.498112 0.467394 0.949452 0.50585
56 0.499671 0.466895 0.946334 0.504566
28 0.498891 0.463756 0.947893 0.510845
56 0.498501 0.468108 0.948673 0.50214
95 0.498891 0.469178 0.947893 0.5
28 0.497722 0.470034 0.950232 0.497146
56 0.498891 0.46661 0.951011 0.503995
28 0.498112 0.46347 0.95257 0.510274
56 0.499671 0.46661 0.951011 0.505137
28 0.498891 0.466396 0.951011 0.506707
56 0.498501 0.466895 0.948673 0.505708
28 0.497722 0.470248 0.950232 0.499001
56 0.496553 0.467394 0.951011 0.504709
56 0.498112 0.466895 0.949452 0.503425
56 0.497722 0.468536 0.950232 0.500143
56 0.498112 0.469749 0.949452 0.498858
56 0.498891 0.468893 0.951011 0.498288
56 0.498891 0.468322 0.951011 0.499429
56 0.498501 0.468037 0.950232 0.5
56 0.498891 0.468037 0.947893 0.5
67 0.503178 0.935502 0.965822 0.128995
67 0.507466 0.896404 0.971279 0.207192
56 0.498891 0.468108 0.949452 0.499857
56 0.498891 0.468536 0.947893 0.499001
67 0.508245 0.873858 0.972838 0.252283
56 0.50045 0.468607 0.947893 0.498858
56 0.499671 0.468893 0.946334 0.500571
95 0.509025 0.871861 0.974397 0.256279
67 0.510974 0.863584 0.975176 0.272831
56 0.499671 0.469178 0.947893 0.5
95 0.506686 0.880137 0.966601 0.239726
67 0.510584 0.862443 0.974397 0.275114
56 0.510584 0.862443 0.974397 0.275114
56 0.499281 0.468893 0.947114 0.500571
95 0.505517 0.878139 0.964263 0.243721
67 0.505517 0.878139 0.964263 0.243721
56 0.509804 0.859589 0.974397 0.280822
56 0.499671 0.468893 0.947893 0.499429
95 0.506297 0.867865 0.965822 0.264269
67 0.506297 0.867865 0.965822 0.264269
56 0.509804 0.85331 0.972838 0.293379
56 0.498891 0.468322 0.947893 0.500571
95 0.507076 0.868721 0.965822 0.262557
67 0.507076 0.868721 0.965822 0.262557
56 0.499671 0.468037 0.949452 0.5
95 0.507466 0.867009 0.965042 0.265982
67 0.507466 0.867009 0.965042 0.265982
56 0.510974 0.862728 0.973617 0.274543
56 0.499671 0.467751 0.949452 0.500571
95 0.506686 0.872146 0.963483 0.255708
67 0.506686 0.872146 0.963483 0.255708
56 0.509804 0.865011 0.972838 0.269977
56 0.499671 0.468037 0.949452 0.501142
95 0.505907 0.876427 0.961924 0.247146
67 0.505907 0.876427 0.961924 0.247146
56 0.509025 0.868721 0.971279 0.262557
68 0.502009 0.885274 0.963483 0.229452
56 0.498891 0.467965 0.949452 0.501284
95 0.504737 0.877854 0.961145 0.244292
67 0.509025 0.870434 0.971279 0.259132
56 0.509025 0.870434 0.971279 0.259132
68 0.504737 0.877854 0.961145 0.244292
56 0.499281 0.468037 0.950232 0.502283
95 0.504348 0.876712 0.960365 0.246575
67 0.504348 0.876712 0.960365 0.246575
56 0.508245 0.871575 0.971279 0.256849
68 0.502009 0.883562 0.960365 0.232877
56 0.499281 0.468037 0.950232 0.502283
95 0.503958 0.876142 0.959586 0.247717
67 0.503958 0.876142 0.959586 0.247717
56 0.508635 0.871575 0.972058 0.256849
68 0.502009 0.88242 0.960365 0.23516
56 0.499671 0.468322 0.949452 0.501712
95 0.503568 0.875571 0.960365 0.248858
67 0.503568 0.875571 0.960365 0.248858
56 0.508635 0.871005 0.972058 0.257991
68 0.502009 0.881279 0.960365 0.237443
56 0.499671 0.468607 0.949452 0.501142
95 0.504737 0.875 0.961145 0.25
67 0.504737 0.875 0.961145 0.25
56 0.508245 0.870434 0.971279 0.259132
68 0.502789 0.880137 0.960365 0.239726
56 0.499671 0.468607 0.949452 0.501142
95 0.504737 0.874429 0.961145 0.251142
67 0.504737 0.874429 0.961145 0.251142
56 0.508635 0.871005 0.970499 0.257991
68 0.503178 0.878995 0.961145 0.242009
56 0.499671 0.468893 0.949452 0.500571
95 0.505127 0.876427 0.960365 0.247146
67 0.505127 0.876427 0.960365 0.247146
56 0.509025 0.873858 0.96972 0.252283
68 0.503568 0.880137 0.960365 0.239726
56 0.498891 0.468893 0.949452 0.500571
95 0.505127 0.877854 0.960365 0.244292
67 0.505127 0.877854 0.960365 0.244292
56 0.509025 0.875571 0.971279 0.248858
68 0.503568 0.880993 0.958806 0.238014
56 0.498891 0.468679 0.949452 0.500999
95 0.505127 0.87871 0.960365 0.24258
67 0.505127 0.87871 0.960365 0.24258
56 0.509025 0.877283 0.971279 0.245434
56 0.498891 0.468607 0.949452 0.501142
95 0.505517 0.879566 0.959586 0.240868
67 0.505517 0.879566 0.959586 0.240868
56 0.509415 0.877854 0.970499 0.244292
56 0.498891 0.468679 0.949452 0.500999
95 0.505907 0.879281 0.958806 0.241438
67 0.505907 0.879281 0.958806 0.241438
56 0.509804 0.877854 0.971279 0.244292
56 0.498891 0.468893 0.949452 0.500571
95 0.505907 0.879566 0.958806 0.240868
67 0.505907 0.879566 0.958806 0.240868
56 0.509804 0.878425 0.971279 0.243151
56 0.498891 0.469178 0.947893 0.5
95 0.505907 0.879566 0.958806 0.240868
67 0.505907 0.879566 0.958806 0.240868
56 0.509804 0.878425 0.96972 0.243151
56 0.498501 0.469178 0.948673 0.5
95 0.505907 0.879852 0.958806 0.240297
67 0.505907 0.879852 0.958806 0.240297
56 0.509804 0.878425 0.96972 0.243151
56 0.498501 0.469249 0.948673 0.499857
95 0.505907 0.880993 0.958806 0.238014
67 0.505907 0.880993 0.958806 0.238014
56 0.509804 0.879566 0.96972 0.240868
56 0.498501 0.469178 0.948673 0.5
95 0.505907 0.881849 0.960365 0.236301
67 0.505907 0.881849 0.960365 0.236301
56 0.509804 0.879566 0.96972 0.240868
56 0.498501 0.469178 0.948673 0.5
95 0.506297 0.881564 0.959586 0.236872
67 0.506297 0.881564 0.959586 0.236872
56 0.510194 0.878425 0.96894 0.243151
56 0.498112 0.469178 0.949452 0.5
95 0.506686 0.882991 0.960365 0.234018
67 0.506686 0.882991 0.960365 0.234018
56 0.510194 0.878995 0.96894 0.242009
56 0.498501 0.469178 0.948673 0.5
95 0.506686 0.88242 0.960365 0.23516
67 0.506686 0.88242 0.960365 0.23516
56 0.510584 0.878425 0.968161 0.243151
56 0.498501 0.469178 0.948673 0.5
95 0.506686 0.881849 0.960365 0.236301
67 0.506686 0.881849 0.960365 0.236301
56 0.510974 0.878425 0.96894 0.243151
56 0.498501 0.468893 0.948673 0.499429
95 0.507466 0.881279 0.961924 0.237443
67 0.507466 0.881279 0.961924 0.237443
56 0.510974 0.877283 0.96894 0.245434
56 0.498501 0.469178 0.948673 0.5
95 0.507466 0.881279 0.961924 0.237443
67 0.507466 0.881279 0.961924 0.237443
56 0.511363 0.876712 0.96972 0.246575
56 0.498891 0.468893 0.947893 0.500571
95 0.508245 0.881849 0.961924 0.236301
67 0.508245 0.881849 0.961924 0.236301
56 0.511363 0.876712 0.96972 0.246575
56 0.498501 0.468893 0.948673 0.500571
95 0.508245 0.882706 0.963483 0.234589
67 0.508245 0.882706 0.963483 0.234589
56 0.511363 0.877283 0.96972 0.245434
56 0.498501 0.469107 0.948673 0.500143
95 0.508245 0.883562 0.963483 0.232877
67 0.508245 0.883562 0.963483 0.232877
56 0.512143 0.876712 0.96972 0.246575
56 0.498501 0.469107 0.948673 0.500143
95 0.508245 0.883562 0.963483 0.232877
67 0.508245 0.883562 0.963483 0.232877
56 0.511363 0.876142 0.96972 0.247717
56 0.498501 0.469107 0.948673 0.500143
95 0.508245 0.883562 0.963483 0.232877
67 0.508245 0.883562 0.963483 0.232877
56 0.512143 0.875 0.96972 0.25
56 0.498891 0.469107 0.947893 0.500143
95 0.508245 0.883562 0.963483 0.232877
67 0.508245 0.883562 0.963483 0.232877
56 0.512143 0.875 0.96972 0.25
56 0.498501 0.468893 0.948673 0.500571
95 0.508245 0.884703 0.963483 0.230594
67 0.508245 0.884703 0.963483 0.230594
56 0.512143 0.875 0.96972 0.25
56 0.498891 0.469107 0.947893 0.500143
95 0.508245 0.88613 0.963483 0.22774
67 0.508245 0.88613 0.963483 0.22774
56 0.512143 0.875 0.96972 0.25
56 0.498891 0.469107 0.947893 0.500143
95 0.508245 0.887272 0.963483 0.225457
67 0.508245 0.887272 0.963483 0.225457
56 0.511753 0.876142 0.96894 0.247717
56 0.498891 0.468893 0.947893 0.500571
95 0.508245 0.888128 0.963483 0.223744
67 0.508245 0.888128 0.963483 0.223744
56 0.512143 0.876142 0.96972 0.247717
56 0.498891 0.469107 0.947893 0.500143
95 0.508245 0.889269 0.963483 0.221461
67 0.508245 0.889269 0.963483 0.221461
56 0.512143 0.876142 0.96972 0.247717
56 0.498891 0.468893 0.947893 0.500571
95 0.508245 0.890411 0.963483 0.219178
67 0.508245 0.890411 0.963483 0.219178
56 0.512143 0.876712 0.96972 0.246575
56 0.498891 0.469107 0.947893 0.500143
95 0.508635 0.890982 0.964263 0.218036
67 0.508635 0.890982 0.964263 0.218036
56 0.512143 0.876712 0.96972 0.246575
56 0.505907 0.923516 0.965042 0.152968
56 0.498891 0.468893 0.947893 0.500571
95 0.508245 0.892694 0.963483 0.214612
67 0.508245 0.892694 0.963483 0.214612
56 0.512143 0.876712 0.96972 0.246575
56 0.498891 0.468893 0.947893 0.500571
95 0.508245 0.894977 0.965042 0.210046
67 0.508245 0.894977 0.965042 0.210046
56 0.512143 0.877283 0.971279 0.245434
56 0.498891 0.468893 0.947893 0.500571
95 0.508245 0.897831 0.963483 0.204338
67 0.508245 0.897831 0.963483 0.204338
95 0.505127 0.935502 0.965042 0.128995
67 0.505127 0.935502 0.965042 0.128995
56 0.512143 0.877854 0.96972 0.244292
56 0.498891 0.469107 0.947893 0.500143
95 0.508245 0.900685 0.963483 0.19863
67 0.508245 0.900685 0.963483 0.19863
95 0.505127 0.940068 0.963483 0.119863
56 0.511363 0.877854 0.96972 0.244292
67 0.505127 0.940068 0.963483 0.119863
56 0.498891 0.469178 0.947893 0.5
95 0.508245 0.902968 0.963483 0.194064
67 0.508245 0.902968 0.963483 0.194064
95 0.505127 0.942922 0.963483 0.114155
56 0.512143 0.877854 0.96972 0.244292
67 0.505127 0.942922 0.963483 0.114155
56 0.498891 0.469178 0.947893 0.5
95 0.508245 0.905822 0.963483 0.188356
67 0.508245 0.905822 0.963483 0.188356
95 0.505127 0.946347 0.963483 0.107306
56 0.512143 0.878425 0.96972 0.243151
67 0.505127 0.946347 0.963483 0.107306
56 0.498891 0.469178 0.947893 0.5
95 0.508245 0.906964 0.963483 0.186073
67 0.508245 0.906964 0.963483 0.186073
95 0.505127 0.947489 0.963483 0.105023
56 0.512143 0.878425 0.96972 0.243151
67 0.505127 0.947489 0.963483 0.105023
56 0.498891 0.469178 0.947893 0.5
95 0.508245 0.906964 0.963483 0.186073
67 0.508245 0.906964 0.963483 0.186073
95 0.505127 0.948059 0.963483 0.103881
56 0.512143 0.877854 0.96972 0.244292
67 0.505127 0.948059 0.963483 0.103881
56 0.498891 0.469249 0.947893 0.499857
95 0.508245 0.908105 0.963483 0.18379
67 0.508245 0.908105 0.963483 0.18379
95 0.505127 0.949201 0.963483 0.101598
56 0.511753 0.877854 0.96894 0.244292
67 0.505127 0.949201 0.963483 0.101598
56 0.498891 0.469249 0.947893 0.499857
95 0.508635 0.906393 0.964263 0.187215
67 0.508635 0.906393 0.964263 0.187215
95 0.505907 0.94863 0.963483 0.10274
56 0.512143 0.877283 0.96972 0.245434
67 0.505907 0.94863 0.963483 0.10274
56 0.498891 0.469249 0.947893 0.499857
95 0.509025 0.906393 0.965042 0.187215
67 0.509025 0.906393 0.965042 0.187215
95 0.505907 0.94863 0.963483 0.10274
56 0.512143 0.877283 0.96972 0.245434
67 0.505907 0.94863 0.963483 0.10274
56 0.498891 0.469249 0.949452 0.499857
95 0.509025 0.905251 0.965042 0.189498
67 0.509025 0.905251 0.965042 0.189498
95 0.505907 0.947489 0.963483 0.105023
56 0.512143 0.876142 0.96972 0.247717
67 0.505907 0.947489 0.963483 0.105023
56 0.498891 0.469463 0.949452 0.499429
95 0.509025 0.906393 0.965042 0.187215
67 0.509025 0.906393 0.965042 0.187215
56 0.512143 0.876142 0.96972 0.247717
95 0.505517 0.94863 0.964263 0.10274
67 0.505517 0.94863 0.964263 0.10274
56 0.498891 0.469463 0.949452 0.499429
95 0.509025 0.909817 0.965042 0.180365
67 0.509025 0.909817 0.965042 0.180365
56 0.512143 0.876712 0.96972 0.246575
95 0.505907 0.951484 0.963483 0.0970319
67 0.505907 0.951484 0.963483 0.0970319
56 0.498891 0.469178 0.949452 0.498858
95 0.509025 0.9121 0.965042 0.175799
67 0.509025 0.9121 0.965042 0.175799
56 0.512143 0.876142 0.96972 0.247717
95 0.505907 0.953196 0.963483 0.0936072
67 0.505907 0.953196 0.963483 0.0936072
56 0.498891 0.469463 0.949452 0.499429
95 0.509025 0.9121 0.965042 0.175799
67 0.509025 0.9121 0.965042 0.175799
56 0.512922 0.876142 0.96972 0.247717
95 0.505127 0.953196 0.963483 0.0936072
67 0.505127 0.953196 0.963483 0.0936072
56 0.498891 0.469178 0.949452 0.498858
95 0.509025 0.913242 0.965042 0.173516
67 0.509025 0.913242 0.965042 0.173516
56 0.512143 0.876142 0.96972 0.247717
95 0.505907 0.954338 0.963483 0.0913242
67 0.505907 0.954338 0.963483 0.0913242
56 0.499671 0.469463 0.949452 0.499429
95 0.509025 0.913242 0.965042 0.173516
67 0.509025 0.913242 0.965042 0.173516
56 0.512143 0.875571 0.96972 0.248858
95 0.505127 0.954338 0.963483 0.0913242
67 0.505127 0.954338 0.963483 0.0913242
56 0.499671 0.469463 0.949452 0.499429
95 0.509025 0.9121 0.965042 0.175799
67 0.509025 0.9121 0.965042 0.175799
56 0.512922 0.875571 0.96972 0.248858
95 0.505517 0.953196 0.964263 0.0936072
67 0.505517 0.953196 0.964263 0.0936072
56 0.499671 0.469178 0.949452 0.5
95 0.509025 0.912671 0.965042 0.174658
67 0.509025 0.912671 0.965042 0.174658
56 0.512922 0.875571 0.96972 0.248858
95 0.505127 0.953767 0.963483 0.0924657
67 0.505127 0.953767 0.963483 0.0924657
56 0.499671 0.469178 0.949452 0.498858
95 0.509025 0.914954 0.965042 0.170091
67 0.509025 0.914954 0.965042 0.170091
56 0.512922 0.876142 0.96972 0.247717
95 0.505517 0.95548 0.964263 0.089041
56 0.499671 0.469178 0.949452 0.498858
95 0.509025 0.916667 0.965042 0.166667
67 0.509025 0.916667 0.965042 0.166667
56 0.512922 0.876142 0.96972 0.247717
95 0.505127 0.957192 0.963483 0.0856164
56 0.499671 0.469178 0.949452 0.498858
95 0.509025 0.918379 0.965042 0.163242
67 0.509025 0.918379 0.965042 0.163242
56 0.512533 0.876712 0.970499 0.246575
95 0.505127 0.957763 0.963483 0.0844749
56 0.499671 0.469107 0.949452 0.499001
95 0.509025 0.916667 0.965042 0.166667
56 0.512533 0.876142 0.970499 0.247717
67 0.509025 0.916667 0.965042 0.166667
95 0.505127 0.956621 0.963483 0.0867579
56 0.499281 0.469178 0.950232 0.498858
95 0.509025 0.915525 0.965042 0.16895
56 0.512533 0.876142 0.970499 0.247717
67 0.509025 0.915525 0.965042 0.16895
95 0.505517 0.95548 0.964263 0.089041
67 0.505517 0.95548 0.964263 0.089041
56 0.499281 0.469178 0.950232 0.498858
95 0.509025 0.914384 0.965042 0.171233
56 0.512533 0.876142 0.970499 0.247717
67 0.509025 0.914384 0.965042 0.171233
95 0.505517 0.954338 0.964263 0.0913242
67 0.505517 0.954338 0.964263 0.0913242
56 0.499281 0.469178 0.950232 0.498858
95 0.509025 0.913813 0.965042 0.172374
56 0.512533 0.876142 0.970499 0.247717
67 0.509025 0.913813 0.965042 0.172374
95 0.505127 0.953767 0.965042 0.0924657
67 0.505127 0.953767 0.965042 0.0924657
56 0.499281 0.469178 0.950232 0.498858
95 0.509025 0.914384 0.965042 0.171233
56 0.512533 0.876142 0.970499 0.247717
67 0.509025 0.914384 0.965042 0.171233
95 0.505127 0.954338 0.963483 0.0913242
67 0.505127 0.954338 0.963483 0.0913242
56 0.499281 0.469178 0.950232 0.498858
95 0.509025 0.916667 0.965042 0.166667
56 0.512533 0.876427 0.970499 0.247146
67 0.509025 0.916667 0.965042 0.166667
95 0.505127 0.95548 0.963483 0.089041
67 0.505127 0.95548 0.963483 0.089041
56 0.499281 0.469178 0.950232 0.498858
56 0.512143 0.876427 0.971279 0.247146
95 0.509025 0.917808 0.966601 0.164384
67 0.509025 0.917808 0.966601 0.164384
95 0.505127 0.95605 0.963483 0.0878995
67 0.505127 0.95605 0.963483 0.0878995
56 0.498891 0.469178 0.949452 0.498858
95 0.509415 0.91895 0.965822 0.1621
56 0.512533 0.876712 0.970499 0.246575
67 0.509415 0.91895 0.965822 0.1621
95 0.505127 0.95605 0.963483 0.0878995
67 0.505127 0.95605 0.963483 0.0878995
56 0.498891 0.468893 0.949452 0.499429
95 0.509415 0.918379 0.965822 0.163242
56 0.512143 0.875856 0.971279 0.248288
67 0.509415 0.918379 0.965822 0.163242
95 0.505127 0.95605 0.963483 0.0878995
67 0.505127 0.95605 0.963483 0.0878995
56 0.498891 0.468893 0.949452 0.499429
95 0.509415 0.917808 0.965822 0.164384
56 0.512143 0.875285 0.971279 0.249429
67 0.509415 0.917808 0.965822 0.164384
95 0.505127 0.95548 0.963483 0.089041
67 0.505127 0.95548 0.963483 0.089041
56 0.498891 0.468893 0.949452 0.499429
95 0.509415 0.917808 0.965822 0.164384
56 0.512143 0.875 0.971279 0.25
67 0.509415 0.917808 0.965822 0.164384
95 0.504737 0.95548 0.964263 0.089041
67 0.504737 0.95548 0.964263 0.089041
