48 0.495515 0.458065 0.959816 0.360215
50 0.495515 0.458065 0.959816 0.360215
68 0.495515 0.458065 0.959816 0.360215
103 0.495515 0.458065 0.959816 0.360215
95 0.495515 0.458065 0.959816 0.360215
49 0.498636 0.460215 0.962937 0.356989
74 0.495515 0.458065 0.959816 0.360215
53 0.495515 0.45914 0.962937 0.363441
101 0.498636 0.460215 0.962937 0.356989
54 0.505659 0.461022 0.97074 0.358602
109 0.495515 0.45914 0.962937 0.363441
111 0.495515 0.458065 0.959816 0.360215
79 0.495515 0.458065 0.959816 0.360215
56 0.498636 0.460215 0.962937 0.356989
104 0.498636 0.460215 0.962937 0.356989
81 0.495515 0.45914 0.962937 0.363441
84 0.495515 0.458065 0.959816 0.360215
17 0.495515 0.458065 0.959816 0.360215
67 0.495515 0.458065 0.959816 0.360215
75 0.495515 0.458065 0.959816 0.360215
100 0.495515 0.458065 0.959816 0.360215
42 0.498636 0.460215 0.962937 0.356989
76 0.495515 0.45914 0.962937 0.363441
97 0.495515 0.458065 0.959816 0.360215
77 0.495515 0.458065 0.959816 0.360215
73 0.495515 0.458065 0.959816 0.360215
110 0.495515 0.458065 0.959816 0.360215
66 0.498636 0.460215 0.962937 0.356989
46 0.495515 0.45914 0.962937 0.363441
33 0.495515 0.458065 0.959816 0.360215
80 0.495515 0.458065 0.959816 0.360215
108 0.495515 0.458065 0.959816 0.360215
38 0.495515 0.45914 0.962937 0.363441
99 0.495515 0.460215 0.962937 0.362366
31 0.495515 0.458065 0.959816 0.360215
7 0.498636 0.460215 0.962937 0.356989
102 0.498636 0.460215 0.962937 0.356989
41 0.505659 0.461022 0.97074 0.358602
105 0.498636 0.460215 0.962937 0.356989
16 0.495515 0.45914 0.962937 0.363441
14 0.498636 0.460215 0.962937 0.356989
51 0.498636 0.460215 0.962937 0.356989
11 0.498636 0.460215 0.962937 0.356989
0 0.495515 0.458065 0.959816 0.360215
15 0.495515 0.45914 0.962937 0.363441
47 0.495515 0.460215 0.962937 0.362366
5 0.495515 0.458065 0.959816 0.360215
28 0.495515 0.458065 0.959816 0.360215
50 0.7858 0.285753 0.310574 0.157527
94 0.495515 0.45914 0.962937 0.363441
78 0.495515 0.458065 0.959816 0.360215
68 0.7858 0.285753 0.310574 0.157527
12 0.495515 0.458065 0.959816 0.360215
21 0.505659 0.461022 0.97074 0.358602
101 0.7858 0.285753 0.310574 0.157527
34 0.495515 0.458065 0.959816 0.360215
48 0.805309 0.288105 0.343349 0.154973
65 0.495515 0.458065 0.959816 0.360215
4 0.505659 0.461022 0.97074 0.358602
109 0.805309 0.288105 0.343349 0.154973
48 0.726885 0.287634 0.483029 0.158065
13 0.497075 0.461559 0.972301 0.354301
52 0.495905 0.460484 0.965278 0.363979
73 0.7858 0.285753 0.310574 0.157527
109 0.726885 0.287634 0.483029 0.158065
50 0.726885 0.287634 0.483029 0.158065
111 0.726885 0.287634 0.483029 0.158065
49 0.781899 0.285417 0.304332 0.158199
76 0.726885 0.287634 0.483029 0.158065
55 0.505659 0.461022 0.97074 0.358602
64 0.495905 0.460484 0.965278 0.363979
49 0.726885 0.287634 0.483029 0.158065
92 0.495515 0.458065 0.959816 0.360215
79 0.726885 0.287634 0.483029 0.158065
36 0.495515 0.458065 0.959816 0.360215
48 0.536873 0.29328 0.867736 0.173656
50 0.536873 0.29328 0.867736 0.173656
26 0.495515 0.458065 0.959816 0.360215
103 0.633634 0.286828 0.664848 0.159677
84 0.726885 0.287634 0.483029 0.158065
46 0.805309 0.288105 0.343349 0.154973
111 0.7858 0.285753 0.310574 0.157527
54 0.726885 0.287634 0.483029 0.158065
76 0.805309 0.288105 0.343349 0.154973
101 0.633634 0.286828 0.664848 0.159677
49 0.536873 0.29328 0.867736 0.173656
111 0.536873 0.29328 0.867736 0.173656
84 0.805309 0.288105 0.343349 0.154973
8 0.505659 0.461022 0.97074 0.358602
84 0.536873 0.29328 0.867736 0.173656
67 0.726885 0.287634 0.483029 0.158065
72 0.495515 0.458065 0.959816 0.360215
54 0.805309 0.288105 0.343349 0.154973
95 0.7858 0.285753 0.310574 0.157527
103 0.781899 0.285417 0.304332 0.158199
68 0.536873 0.29328 0.867736 0.173656
104 0.726885 0.287634 0.483029 0.158065
67 0.805309 0.288105 0.343349 0.154973
47 0.586034 0.387702 0.786581 0.35578
100 0.781899 0.285417 0.304332 0.158199
53 0.726885 0.287634 0.483029 0.158065
46 0.726885 0.287634 0.483029 0.158065
79 0.805309 0.288105 0.343349 0.154973
17 0.781899 0.285417 0.304332 0.158199
68 0.726885 0.287634 0.483029 0.158065
53 0.805309 0.288105 0.343349 0.154973
100 0.536873 0.29328 0.867736 0.173656
75 0.504098 0.369825 0.952012 0.331317
88 0.495515 0.458065 0.959816 0.360215
104 0.805309 0.288105 0.343349 0.154973
66 0.7858 0.285753 0.310574 0.157527
80 0.805309 0.288105 0.343349 0.154973
24 0.498636 0.460215 0.962937 0.356989
100 0.726885 0.287634 0.483029 0.158065
47 0.742101 0.367809 0.480688 0.312769
50 0.504098 0.369825 0.952012 0.331317
75 0.781899 0.285417 0.304332 0.158199
111 0.504098 0.458065 0.967619 0.376344
48 0.505659 0.455108 0.980105 0.376882
68 0.504098 0.458065 0.967619 0.376344
109 0.504098 0.458065 0.967619 0.376344
99 0.504098 0.458065 0.967619 0.376344
103 0.504098 0.458065 0.967619 0.376344
75 0.504098 0.458065 0.967619 0.376344
101 0.504098 0.458065 0.967619 0.376344
46 0.505659 0.455108 0.980105 0.376882
56 0.504098 0.458065 0.967619 0.376344
54 0.505659 0.455108 0.980105 0.376882
110 0.505659 0.455108 0.980105 0.376882
95 0.504098 0.458065 0.967619 0.376344
50 0.505659 0.455108 0.980105 0.376882
102 0.504098 0.458065 0.967619 0.376344
67 0.504098 0.458065 0.967619 0.376344
53 0.505659 0.455108 0.980105 0.376882
66 0.504098 0.458065 0.967619 0.376344
84 0.504098 0.458065 0.967619 0.376344
73 0.505659 0.455108 0.980105 0.376882
80 0.504098 0.458065 0.967619 0.376344
77 0.504098 0.458065 0.967619 0.376344
100 0.504098 0.458065 0.967619 0.376344
76 0.504098 0.458065 0.967619 0.376344
105 0.504098 0.458065 0.967619 0.376344
104 0.505659 0.455108 0.980105 0.376882
74 0.504098 0.458065 0.967619 0.376344
42 0.505659 0.455108 0.980105 0.376882
52 0.505659 0.455108 0.980105 0.376882
50 0.767462 0.28172 0.273899 0.156452
81 0.505659 0.455108 0.980105 0.376882
108 0.504098 0.458065 0.967619 0.376344
47 0.504098 0.458065 0.967619 0.376344
49 0.504098 0.458065 0.967619 0.376344
41 0.505659 0.455108 0.980105 0.376882
97 0.504098 0.458065 0.967619 0.376344
48 0.763951 0.283871 0.271558 0.16129
68 0.767462 0.28172 0.273899 0.156452
111 0.497075 0.355914 0.959816 0.565591
51 0.504098 0.458065 0.967619 0.376344
48 0.505659 0.347581 0.980105 0.582258
17 0.504098 0.458065 0.967619 0.376344
49 0.763951 0.283871 0.271558 0.16129
50 0.497075 0.355914 0.959816 0.565591
46 0.763951 0.283871 0.271558 0.16129
17 0.764341 0.288441 0.267656 0.155376
79 0.504098 0.458065 0.967619 0.376344
50 0.781118 0.307056 0.307453 0.199866
101 0.767462 0.28172 0.273899 0.156452
48 0.589545 0.320161 0.681235 0.222581
109 0.497075 0.355914 0.959816 0.565591
78 0.504098 0.458065 0.967619 0.376344
111 0.767462 0.28172 0.273899 0.156452
73 0.763951 0.283871 0.271558 0.16129
50 0.589545 0.320161 0.681235 0.222581
100 0.764341 0.294355 0.270777 0.16828
50 0.169821 0.525941 0.329108 0.255645
68 0.497075 0.355914 0.959816 0.565591
9 0.774095 0.28629 0.284043 0.154301
48 0.655874 0.375806 0.660946 0.330108
111 0.589545 0.320161 0.681235 0.222581
46 0.497075 0.355914 0.959816 0.565591
48 0.781118 0.307056 0.307453 0.199866
110 0.497075 0.355914 0.959816 0.565591
18 0.774095 0.28629 0.284043 0.154301
102 0.764341 0.294355 0.270777 0.16828
48 0.337691 0.47043 0.657435 0.365591
99 0.497075 0.355914 0.959816 0.565591
33 0.774095 0.28629 0.284043 0.154301
16 0.106882 0.507392 0.196304 0.122849
50 0.198401 0.482258 0.378854 0.34086
52 0.505659 0.347581 0.980105 0.582258
68 0.781118 0.307056 0.307453 0.199866
110 0.763951 0.283871 0.271558 0.16129
50 0.202693 0.545699 0.387438 0.205376
49 0.781118 0.307056 0.307453 0.199866
49 0.589545 0.320161 0.681235 0.222581
33 0.504098 0.458065 0.967619 0.376344
16 0.157433 0.51129 0.291846 0.135484
75 0.765512 0.287702 0.273118 0.160081
46 0.788141 0.312366 0.316817 0.202688
67 0.765512 0.287702 0.273118 0.160081
101 0.497075 0.355914 0.959816 0.565591
73 0.505659 0.347581 0.980105 0.582258
109 0.765512 0.287702 0.273118 0.160081
103 0.497075 0.355914 0.959816 0.565591
50 0.337691 0.47043 0.657435 0.365591
76 0.763951 0.283871 0.271558 0.16129
4 0.774095 0.28629 0.284043 0.154301
1 0.764341 0.288441 0.267656 0.155376
99 0.765512 0.287702 0.273118 0.160081
51 0.763951 0.283871 0.271558 0.16129
0 0.774095 0.28629 0.284043 0.154301
28 0.505659 0.455108 0.980105 0.376882
68 0.589545 0.320161 0.681235 0.222581
67 0.497075 0.355914 0.959816 0.565591
68 0.352323 0.470161 0.685917 0.357527
22 0.774095 0.28629 0.284043 0.154301
54 0.497075 0.355914 0.959816 0.565591
95 0.763951 0.283871 0.271558 0.16129
100 0.497075 0.355914 0.959816 0.565591
12 0.764341 0.288441 0.267656 0.155376
56 0.497075 0.355914 0.959816 0.565591
73 0.589545 0.320161 0.681235 0.222581
13 0.764341 0.288441 0.267656 0.155376
75 0.589545 0.320161 0.681235 0.222581
3 0.774095 0.28629 0.284043 0.154301
77 0.763951 0.283871 0.271558 0.16129
7 0.774095 0.28629 0.284043 0.154301
103 0.767462 0.28172 0.273899 0.156452
49 0.169821 0.525941 0.329108 0.255645
111 0.781118 0.307056 0.307453 0.199866
80 0.497075 0.355914 0.959816 0.565591
15 0.0846667 0.50336 0.0975422 0.11586
67 0.589545 0.320161 0.681235 0.222581
47 0.497075 0.355914 0.959816 0.565591
75 0.505659 0.347581 0.980105 0.582258
99 0.589545 0.320161 0.681235 0.222581
84 0.765512 0.287702 0.273118 0.160081
6 0.764341 0.288441 0.267656 0.155376
50 0.655874 0.375806 0.660946 0.330108
46 0.202693 0.545699 0.387438 0.205376
101 0.589545 0.320161 0.681235 0.222581
99 0.655874 0.375806 0.660946 0.330108
53 0.497075 0.355914 0.959816 0.565591
77 0.788141 0.312366 0.316817 0.202688
33 0.157433 0.51129 0.291846 0.135484
110 0.781118 0.307056 0.307453 0.199866
48 0.202693 0.545699 0.387438 0.205376
47 0.765512 0.287702 0.273118 0.160081
49 0.497075 0.355914 0.959816 0.565591
46 0.589545 0.320161 0.681235 0.222581
47 0.788141 0.312366 0.316817 0.202688
50 0.137632 0.550538 0.269412 0.210753
24 0.774095 0.28629 0.284043 0.154301
77 0.505659 0.347581 0.980105 0.582258
48 0.198401 0.482258 0.378854 0.34086
53 0.763951 0.283871 0.271558 0.16129
46 0.198401 0.482258 0.378854 0.34086
46 0.352323 0.470161 0.685917 0.357527
50 0.514046 0.956989 0.971908 0.0860215
95 0.490052 0.464785 0.956694 0.351075
68 0.502147 0.44543 0.977763 0.404839
95 0.500977 0.378427 0.989469 0.528091
53 0.501757 0.388777 0.981665 0.515995
56 0.500977 0.378427 0.989469 0.528091
56 0.487321 0.465591 0.954353 0.346237
53 0.487321 0.465591 0.954353 0.346237
81 0.487321 0.465591 0.954353 0.346237
78 0.500977 0.378427 0.989469 0.528091
81 0.500977 0.378427 0.989469 0.528091
104 0.487321 0.465591 0.954353 0.346237
104 0.500977 0.378427 0.989469 0.528091
79 0.487321 0.465591 0.954353 0.346237
67 0.502538 0.452688 0.984786 0.383871
52 0.500977 0.378427 0.989469 0.528091
108 0.487321 0.465591 0.954353 0.346237
95 0.490442 0.583871 0.954353 0.588172
68 0.505659 0.524194 0.976983 0.465591
78 0.487321 0.465591 0.954353 0.346237
79 0.500977 0.378427 0.989469 0.528091
84 0.500977 0.378427 0.989469 0.528091
101 0.502147 0.44543 0.977763 0.404839
84 0.490052 0.464785 0.956694 0.351075
108 0.499416 0.325269 0.989468 0.650538
68 0.499416 0.325269 0.989468 0.650538
52 0.487321 0.465591 0.954353 0.346237
105 0.487321 0.465591 0.954353 0.346237
105 0.500977 0.378427 0.989469 0.528091
102 0.502147 0.44543 0.977763 0.404839
48 0.502147 0.44543 0.977763 0.404839
109 0.502147 0.44543 0.977763 0.404839
68 0.811551 0.309946 0.357395 0.212366
80 0.500977 0.378427 0.989469 0.528091
80 0.487321 0.465591 0.954353 0.346237
68 0.497465 0.840323 0.990249 0.319355
110 0.502538 0.452688 0.984786 0.383871
48 0.497856 0.324194 0.981665 0.648387
77 0.502147 0.44543 0.977763 0.404839
53 0.497465 0.840323 0.990249 0.319355
74 0.500977 0.378427 0.989469 0.528091
111 0.501757 0.388777 0.981665 0.515995
74 0.490052 0.464785 0.956694 0.351075
53 0.490442 0.583871 0.954353 0.588172
95 0.494734 0.245027 0.984787 0.490054
68 0.494734 0.935484 0.984787 0.129032
104 0.490442 0.583871 0.954353 0.588172
101 0.505659 0.524194 0.976983 0.465591
78 0.494734 0.245027 0.984787 0.490054
56 0.490442 0.583871 0.954353 0.588172
67 0.490442 0.583871 0.954353 0.588172
111 0.487321 0.465591 0.954353 0.346237
48 0.497465 0.840323 0.990249 0.319355
68 0.500977 0.756452 0.980105 0.487097
54 0.487321 0.465591 0.954353 0.346237
54 0.500977 0.378427 0.989469 0.528091
78 0.490442 0.583871 0.954353 0.588172
53 0.493954 0.398656 0.976983 0.797312
101 0.499416 0.325269 0.989468 0.650538
53 0.494734 0.245027 0.984787 0.490054
67 0.499416 0.325269 0.989468 0.650538
68 0.494734 0.214247 0.980104 0.428495
95 0.493954 0.398656 0.976983 0.797312
101 0.811551 0.309946 0.357395 0.212366
102 0.505659 0.524194 0.976983 0.465591
84 0.490442 0.583871 0.954353 0.588172
108 0.490442 0.583871 0.954353 0.588172
53 0.500977 0.756452 0.980105 0.487097
81 0.490442 0.583871 0.954353 0.588172
79 0.490442 0.583871 0.954353 0.588172
78 0.493954 0.398656 0.976983 0.797312
102 0.811551 0.309946 0.357395 0.212366
110 0.499416 0.325269 0.989468 0.650538
109 0.499416 0.325269 0.989468 0.650538
0 0.802187 0.282258 0.349591 0.164516
95 0.487321 0.81129 0.955914 0.377419
50 0.811356 0.313172 0.359346 0.210215
105 0.490442 0.583871 0.954353 0.588172
74 0.488882 0.255914 0.968399 0.511828
109 0.505659 0.524194 0.976983 0.465591
102 0.500587 0.827419 0.977763 0.345161
75 0.501757 0.388777 0.981665 0.515995
48 0.500977 0.756452 0.980105 0.487097
53 0.811356 0.313172 0.359346 0.210215
103 0.500977 0.378427 0.989469 0.528091
48 0.811551 0.309946 0.357395 0.212366
56 0.493954 0.398656 0.976983 0.797312
49 0.811356 0.313172 0.359346 0.210215
75 0.487321 0.465591 0.954353 0.346237
52 0.490442 0.583871 0.954353 0.588172
67 0.497465 0.840323 0.990249 0.319355
101 0.500587 0.827419 0.977763 0.345161
80 0.488882 0.255914 0.968399 0.511828
80 0.490442 0.583871 0.954353 0.588172
52 0.494734 0.245027 0.984787 0.490054
95 0.501757 0.732258 0.984786 0.535484
109 0.500197 0.769355 0.987908 0.46129
56 0.487321 0.81129 0.955914 0.377419
52 0.493954 0.398656 0.976983 0.797312
52 0.500197 0.769355 0.987908 0.46129
109 0.487321 0.874194 0.959035 0.251613
84 0.494734 0.245027 0.984787 0.490054
56 0.501757 0.732258 0.984786 0.535484
76 0.502147 0.44543 0.977763 0.404839
77 0.505659 0.524194 0.976983 0.465591
101 0.496295 0.228495 0.972301 0.456989
7 0.802187 0.282258 0.349591 0.164516
103 0.490052 0.464785 0.956694 0.351075
53 0.494734 0.935484 0.984787 0.129032
18 0.802187 0.282258 0.349591 0.164516
84 0.493954 0.398656 0.976983 0.797312
102 0.498636 0.934946 0.97074 0.130108
100 0.811356 0.313172 0.359346 0.210215
1 0.802187 0.282258 0.349591 0.164516
48 0.505659 0.524194 0.976983 0.465591
5 0.802187 0.282258 0.349591 0.164516
66 0.487711 0.353226 0.959816 0.595699
95 0.494734 0.935484 0.984787 0.129032
17 0.487321 0.465591 0.954353 0.346237
67 0.811551 0.309946 0.357395 0.212366
104 0.487321 0.81129 0.955914 0.377419
67 0.494734 0.935484 0.984787 0.129032
17 0.499416 0.325269 0.989468 0.650538
77 0.494734 0.245027 0.984787 0.490054
76 0.811356 0.313172 0.359346 0.210215
66 0.487321 0.465591 0.954353 0.346237
104 0.501757 0.732258 0.984786 0.535484
52 0.487321 0.874194 0.959035 0.251613
48 0.494734 0.214247 0.980104 0.428495
110 0.490442 0.583871 0.954353 0.588172
68 0.499416 0.139516 0.97074 0.279032
110 0.811356 0.313172 0.359346 0.210215
84 0.500197 0.769355 0.987908 0.46129
109 0.811356 0.313172 0.359346 0.210215
56 0.494734 0.245027 0.984787 0.490054
46 0.811551 0.309946 0.357395 0.212366
50 0.502147 0.44543 0.977763 0.404839
101 0.498636 0.934946 0.97074 0.130108
77 0.811551 0.309946 0.357395 0.212366
77 0.497465 0.840323 0.990249 0.319355
104 0.493954 0.398656 0.976983 0.797312
111 0.500197 0.769355 0.987908 0.46129
81 0.494734 0.245027 0.984787 0.490054
67 0.500977 0.756452 0.980105 0.487097
46 0.502147 0.44543 0.977763 0.404839
111 0.487321 0.874194 0.959035 0.251613
80 0.493954 0.398656 0.976983 0.797312
47 0.502147 0.44543 0.977763 0.404839
110 0.497465 0.840323 0.990249 0.319355
50 0.494734 0.160215 0.980104 0.32043
74 0.490442 0.583871 0.954353 0.588172
68 0.525167 0.502151 0.912995 0.275269
48 0.498636 0.934946 0.97074 0.130108
95 0.490442 0.877419 0.979324 0.245161
84 0.487321 0.874194 0.959035 0.251613
23 0.792043 0.285013 0.318378 0.156855
99 0.811356 0.313172 0.359346 0.210215
77 0.494734 0.935484 0.984787 0.129032
99 0.502147 0.44543 0.977763 0.404839
104 0.494734 0.245027 0.984787 0.490054
95 0.811551 0.309946 0.357395 0.212366
75 0.811551 0.309946 0.357395 0.212366
53 0.494734 0.160215 0.980104 0.32043
81 0.501757 0.732258 0.984786 0.535484
46 0.499416 0.325269 0.989468 0.650538
111 0.490442 0.583871 0.954353 0.588172
48 0.499416 0.139516 0.97074 0.279032
109 0.486931 0.927957 0.958255 0.144086
102 0.494734 0.160215 0.980104 0.32043
78 0.501757 0.732258 0.984786 0.535484
30 0.802187 0.282258 0.349591 0.164516
79 0.494734 0.245027 0.984787 0.490054
74 0.493954 0.398656 0.976983 0.797312
50 0.500587 0.827419 0.977763 0.345161
68 0.506439 0.621505 0.973862 0.690323
81 0.493954 0.398656 0.976983 0.797312
53 0.774095 0.421774 0.430746 0.462903
81 0.487321 0.81129 0.955914 0.377419
105 0.501757 0.732258 0.984786 0.535484
80 0.487321 0.81129 0.955914 0.377419
22 0.802187 0.282258 0.349591 0.164516
101 0.499416 0.139516 0.97074 0.279032
111 0.811551 0.309946 0.357395 0.212366
77 0.500977 0.756452 0.980105 0.487097
110 0.494734 0.214247 0.980104 0.428495
79 0.493954 0.398656 0.976983 0.797312
67 0.494734 0.214247 0.980104 0.428495
111 0.493954 0.398656 0.976983 0.797312
76 0.497856 0.324194 0.981665 0.648387
111 0.494734 0.245027 0.984787 0.490054
49 0.502147 0.44543 0.977763 0.404839
79 0.501757 0.732258 0.984786 0.535484
13 0.792043 0.285013 0.318378 0.156855
4 0.784825 0.280645 0.303161 0.167204
12 0.784825 0.280645 0.303161 0.167204
75 0.488492 0.306183 0.966058 0.612366
47 0.811356 0.313172 0.359346 0.210215
105 0.493954 0.398656 0.976983 0.797312
109 0.496295 0.228495 0.972301 0.456989
68 0.80921 0.431452 0.358955 0.457527
105 0.487321 0.81129 0.955914 0.377419
102 0.497856 0.324194 0.981665 0.648387
73 0.502147 0.44543 0.977763 0.404839
52 0.811356 0.313172 0.359346 0.210215
50 0.494734 0.245027 0.984787 0.490054
108 0.494734 0.214247 0.980104 0.428495
56 0.490442 0.877419 0.979324 0.245161
51 0.502147 0.44543 0.977763 0.404839
54 0.490442 0.583871 0.954353 0.588172
51 0.811356 0.313172 0.359346 0.210215
84 0.811551 0.309946 0.357395 0.212366
77 0.493954 0.398656 0.976983 0.797312
73 0.497856 0.324194 0.981665 0.648387
66 0.488882 0.255914 0.968399 0.511828
108 0.501757 0.732258 0.984786 0.535484
31 0.802187 0.282258 0.349591 0.164516
49 0.494734 0.160215 0.980104 0.32043
79 0.487321 0.81129 0.955914 0.377419
100 0.486151 0.161828 0.962937 0.323656
103 0.500197 0.769355 0.987908 0.46129
77 0.487711 0.353226 0.959816 0.595699
48 0.80921 0.431452 0.358955 0.457527
110 0.500977 0.756452 0.980105 0.487097
50 0.500197 0.0999328 0.975423 0.199866
77 0.494734 0.160215 0.980104 0.32043
53 0.594617 0.426949 0.780338 0.45793
110 0.494734 0.935484 0.984787 0.129032
78 0.487321 0.81129 0.955914 0.377419
80 0.501757 0.732258 0.984786 0.535484
102 0.483029 0.876882 0.966058 0.246237
16 0.802187 0.282258 0.349591 0.164516
95 0.494734 0.160215 0.980104 0.32043
54 0.488882 0.255914 0.968399 0.511828
99 0.497465 0.840323 0.990249 0.319355
48 0.503318 0.0661962 0.962937 0.132392
27 0.802187 0.282258 0.349591 0.164516
101 0.500197 0.723656 0.981665 0.552688
11 0.79575 0.285551 0.328132 0.153629
68 0.792043 0.50914 0.39173 0.260215
100 0.494734 0.245027 0.984787 0.490054
95 0.510731 0.467204 0.959035 0.362366
68 0.510731 0.467204 0.959035 0.362366
67 0.510731 0.467204 0.959035 0.362366
109 0.510731 0.467204 0.959035 0.362366
84 0.50761 0.466398 0.968399 0.363978
104 0.50761 0.466398 0.968399 0.363978
110 0.510731 0.467204 0.959035 0.362366
77 0.510731 0.467204 0.959035 0.362366
56 0.50761 0.466398 0.968399 0.363978
101 0.510731 0.467204 0.959035 0.362366
103 0.50761 0.466398 0.968399 0.363978
74 0.50761 0.466398 0.968399 0.363978
53 0.50761 0.466398 0.968399 0.363978
105 0.50761 0.466398 0.968399 0.363978
97 0.508 0.462903 0.975423 0.360215
102 0.505659 0.459946 0.958255 0.367204
111 0.510731 0.467204 0.959035 0.362366
81 0.50761 0.466398 0.968399 0.363978
108 0.50761 0.466398 0.968399 0.363978
68 0.493954 0.530108 0.986347 0.212903
95 0.493954 0.530108 0.986347 0.212903
79 0.510925 0.46371 0.978151 0.358602
66 0.510925 0.46371 0.978151 0.358602
52 0.510925 0.46371 0.978151 0.358602
76 0.510341 0.459677 0.961376 0.358065
68 0.862273 0.502688 0.243465 0.28172
80 0.50761 0.466398 0.968399 0.363978
17 0.50761 0.466398 0.968399 0.363978
68 0.749905 0.517339 0.457278 0.247043
78 0.510925 0.46371 0.978151 0.358602
67 0.493954 0.530108 0.986347 0.212903
99 0.510731 0.467204 0.959035 0.362366
54 0.508 0.462903 0.975423 0.360215
68 0.822281 0.476613 0.331253 0.313441
68 0.668359 0.529032 0.628172 0.222581
73 0.510341 0.459677 0.961376 0.358065
109 0.493954 0.530108 0.986347 0.212903
102 0.493954 0.530108 0.986347 0.212903
100 0.508 0.462903 0.975423 0.360215
95 0.626221 0.41828 0.732737 0.43871
47 0.50761 0.466398 0.968399 0.363978
75 0.50761 0.466398 0.968399 0.363978
56 0.572378 0.420161 0.824817 0.454301
84 0.572378 0.420161 0.824817 0.454301
53 0.572378 0.420161 0.824817 0.454301
68 0.767072 0.553763 0.426064 0.190323
77 0.493954 0.530108 0.986347 0.212903
101 0.493954 0.530108 0.986347 0.212903
104 0.572378 0.420161 0.824817 0.454301
104 0.493954 0.530108 0.986347 0.212903
68 0.50683 0.889785 0.971521 0.22043
50 0.508 0.462903 0.975423 0.360215
110 0.493954 0.530108 0.986347 0.212903
95 0.749905 0.517339 0.457278 0.247043
95 0.862273 0.502688 0.243465 0.28172
97 0.662897 0.377419 0.66875 0.363441
95 0.603591 0.50914 0.759269 0.25914
67 0.626221 0.41828 0.732737 0.43871
68 0.626221 0.41828 0.732737 0.43871
84 0.493954 0.530108 0.986347 0.212903
77 0.862273 0.502688 0.243465 0.28172
95 0.502538 0.447043 0.962937 0.386559
56 0.502538 0.447043 0.962937 0.386559
68 0.501367 0.467473 0.959035 0.374731
67 0.502538 0.447043 0.962937 0.386559
104 0.501757 0.434409 0.966058 0.419355
103 0.501757 0.434409 0.966058 0.419355
84 0.502538 0.447043 0.962937 0.386559
109 0.502147 0.46129 0.959035 0.378495
105 0.499416 0.427688 0.983226 0.440323
53 0.502928 0.436626 0.96996 0.423522
111 0.502147 0.46129 0.959035 0.378495
80 0.501367 0.418884 0.984006 0.440726
101 0.501367 0.467473 0.959035 0.374731
79 0.502928 0.436626 0.96996 0.423522
108 0.502928 0.436626 0.96996 0.423522
110 0.502147 0.46129 0.959035 0.378495
54 0.502928 0.436626 0.96996 0.423522
77 0.502147 0.46129 0.959035 0.378495
102 0.512876 0.467204 0.974249 0.360215
52 0.501367 0.418884 0.984006 0.440726
81 0.499416 0.427688 0.983226 0.440323
97 0.502538 0.447043 0.962937 0.386559
78 0.502928 0.436626 0.96996 0.423522
17 0.502928 0.436626 0.96996 0.423522
48 0.501367 0.418884 0.984006 0.440726
41 0.502928 0.436626 0.96996 0.423522
95 0.503318 0.454032 0.961376 0.353226
56 0.503318 0.454032 0.961376 0.353226
68 0.501757 0.45914 0.948891 0.343011
84 0.492783 0.436828 0.984006 0.399462
67 0.503318 0.454032 0.961376 0.353226
95 0.502538 0.560349 0.964498 0.561022
103 0.492783 0.436828 0.984006 0.399462
68 0.502538 0.560349 0.964498 0.561022
109 0.503318 0.454032 0.961376 0.353226
67 0.502538 0.560349 0.964498 0.561022
56 0.502538 0.560349 0.964498 0.561022
111 0.492783 0.436828 0.984006 0.399462
101 0.501757 0.45914 0.948891 0.343011
53 0.494734 0.437634 0.984787 0.408602
105 0.492783 0.436828 0.984006 0.399462
104 0.501367 0.443548 0.957475 0.383871
52 0.494734 0.437634 0.984787 0.408602
84 0.502538 0.560349 0.964498 0.561022
101 0.502538 0.560349 0.964498 0.561022
102 0.499416 0.457258 0.939527 0.358602
97 0.492783 0.436828 0.984006 0.399462
109 0.502538 0.560349 0.964498 0.561022
7 0.767852 0.288441 0.273118 0.146237
110 0.503318 0.454032 0.961376 0.353226
102 0.502538 0.560349 0.964498 0.561022
102 0.503318 0.9 0.972301 0.2
102 0.372221 0.966129 0.744442 0.067742
77 0.501757 0.45914 0.948891 0.343011
22 0.767852 0.288441 0.273118 0.146237
104 0.502538 0.560349 0.964498 0.561022
68 0.503318 0.9 0.972301 0.2
102 0.379244 0.941398 0.758488 0.117204
32 0.767072 0.285013 0.252829 0.139651
111 0.502538 0.560349 0.964498 0.561022
101 0.372221 0.966129 0.744442 0.067742
103 0.502538 0.560349 0.964498 0.561022
95 0.504098 0.469086 0.952012 0.358602
56 0.504098 0.469086 0.952012 0.358602
84 0.502147 0.465591 0.955914 0.355914
103 0.504098 0.469086 0.952012 0.358602
109 0.501757 0.457527 0.958255 0.368817
67 0.502147 0.465591 0.955914 0.355914
97 0.502147 0.465591 0.955914 0.355914
111 0.503318 0.462366 0.956694 0.353763
68 0.502147 0.465591 0.955914 0.355914
52 0.503318 0.462366 0.956694 0.353763
104 0.504098 0.469086 0.952012 0.358602
17 0.504098 0.469086 0.952012 0.358602
101 0.503318 0.462366 0.956694 0.353763
41 0.504098 0.469086 0.952012 0.358602
105 0.504098 0.469086 0.952012 0.358602
53 0.503318 0.462366 0.956694 0.353763
54 0.503318 0.462366 0.956694 0.353763
75 0.504098 0.469086 0.952012 0.358602
110 0.501757 0.462366 0.950452 0.368817
76 0.504098 0.469086 0.952012 0.358602
77 0.501757 0.462366 0.950452 0.368817
28 0.504098 0.469086 0.952012 0.358602
6 0.501757 0.457527 0.958255 0.368817
102 0.503318 0.462366 0.956694 0.353763
33 0.504098 0.469086 0.952012 0.358602
95 0.501367 0.462903 0.966839 0.358065
109 0.493954 0.464516 0.956694 0.352688
56 0.505659 0.458065 0.964498 0.369892
84 0.505659 0.458065 0.964498 0.369892
68 0.493954 0.464516 0.956694 0.352688
67 0.493954 0.464516 0.956694 0.352688
103 0.505659 0.458065 0.964498 0.369892
111 0.493954 0.464516 0.956694 0.352688
101 0.493954 0.464516 0.956694 0.352688
7 0.767072 0.28918 0.280922 0.152823
52 0.502538 0.453226 0.961376 0.377419
97 0.505659 0.458065 0.964498 0.369892
105 0.505659 0.458065 0.964498 0.369892
22 0.767072 0.28918 0.280922 0.152823
10 0.767072 0.28918 0.280922 0.152823
32 0.767072 0.28918 0.280922 0.152823
8 0.767072 0.28918 0.280922 0.152823
77 0.493954 0.464516 0.956694 0.352688
95 0.516194 0.451613 0.965278 0.378495
56 0.515803 0.458602 0.966058 0.382796
109 0.496295 0.463978 0.94733 0.369893
67 0.496295 0.463978 0.94733 0.369893
68 0.496295 0.463978 0.94733 0.369893
84 0.496295 0.463978 0.94733 0.369893
3 0.777997 0.287702 0.288725 0.152554
104 0.496295 0.463978 0.94733 0.369893
7 0.777997 0.287702 0.288725 0.152554
5 0.777997 0.287702 0.288725 0.152554
23 0.777997 0.287702 0.288725 0.152554
22 0.777997 0.287702 0.288725 0.152554
103 0.516194 0.451613 0.965278 0.378495
16 0.777997 0.287702 0.288725 0.152554
9 0.777997 0.287702 0.288725 0.152554
0 0.777997 0.287702 0.288725 0.152554
32 0.777997 0.287702 0.288725 0.152554
18 0.777997 0.287702 0.288725 0.152554
101 0.496295 0.463978 0.94733 0.369893
15 0.777997 0.287702 0.288725 0.152554
14 0.777997 0.287702 0.288725 0.152554
111 0.496295 0.463978 0.94733 0.369893
8 0.777997 0.287702 0.288725 0.152554
30 0.777997 0.287702 0.288725 0.152554
1 0.777997 0.287702 0.288725 0.152554
31 0.777997 0.287702 0.288725 0.152554
26 0.777997 0.287702 0.288725 0.152554
29 0.777997 0.287702 0.288725 0.152554
6 0.777997 0.287702 0.288725 0.152554
20 0.777997 0.287702 0.288725 0.152554
27 0.777997 0.287702 0.288725 0.152554
21 0.777997 0.287702 0.288725 0.152554
13 0.777997 0.287702 0.288725 0.152554
97 0.496295 0.463978 0.94733 0.369893
95 0.496685 0.461828 0.935625 0.36129
16 0.764731 0.284341 0.273118 0.146371
0 0.764731 0.284341 0.273118 0.146371
15 0.764731 0.284341 0.273118 0.146371
7 0.764731 0.284341 0.273118 0.146371
109 0.496685 0.455645 0.944989 0.372581
19 0.764731 0.284341 0.273118 0.146371
14 0.764731 0.284341 0.273118 0.146371
26 0.764731 0.284341 0.273118 0.146371
18 0.764731 0.284341 0.273118 0.146371
13 0.764731 0.284341 0.273118 0.146371
10 0.764731 0.284341 0.273118 0.146371
17 0.764731 0.284341 0.273118 0.146371
11 0.764731 0.28172 0.27624 0.147312
21 0.764731 0.284341 0.273118 0.146371
56 0.496685 0.455645 0.944989 0.372581
8 0.764731 0.284341 0.273118 0.146371
68 0.490052 0.469086 0.92392 0.363979
3 0.764731 0.284341 0.273118 0.146371
84 0.499806 0.462634 0.941868 0.358602
32 0.764731 0.284341 0.273118 0.146371
1 0.764731 0.284341 0.273118 0.146371
33 0.768633 0.283333 0.284043 0.149462
22 0.764731 0.284341 0.273118 0.146371
9 0.764731 0.284341 0.273118 0.146371
5 0.764731 0.284341 0.273118 0.146371
24 0.764731 0.28172 0.27624 0.147312
23 0.764731 0.284341 0.273118 0.146371
6 0.764731 0.284341 0.273118 0.146371
28 0.764731 0.284341 0.273118 0.146371
67 0.477957 0.471237 0.909094 0.362903
20 0.764731 0.28172 0.27624 0.147312
27 0.764731 0.284341 0.273118 0.146371
31 0.764731 0.284341 0.273118 0.146371
34 0.496685 0.455645 0.944989 0.372581
29 0.764731 0.284341 0.273118 0.146371
12 0.764731 0.284341 0.273118 0.146371
95 0.500197 0.470161 0.962937 0.351075
56 0.501757 0.461828 0.964498 0.367742
84 0.500977 0.466129 0.961376 0.353763
109 0.500197 0.470161 0.962937 0.351075
103 0.501757 0.461828 0.964498 0.367742
67 0.500197 0.470161 0.962937 0.351075
111 0.500977 0.466129 0.961376 0.353763
7 0.766682 0.283602 0.266095 0.146237
22 0.766292 0.281653 0.257511 0.14207
32 0.766292 0.281653 0.257511 0.14207
104 0.501757 0.466667 0.964498 0.353763
30 0.766292 0.281653 0.257511 0.14207
5 0.766292 0.281653 0.257511 0.14207
68 0.500977 0.466129 0.961376 0.353763
9 0.766292 0.281653 0.257511 0.14207
2 0.766292 0.281653 0.257511 0.14207
1 0.766292 0.281653 0.257511 0.14207
8 0.766292 0.281653 0.257511 0.14207
75 0.500197 0.459409 0.966058 0.365054
33 0.766292 0.281653 0.257511 0.14207
0 0.766682 0.283602 0.266095 0.146237
6 0.766292 0.281653 0.257511 0.14207
95 0.493954 0.465054 0.941088 0.363441
109 0.494734 0.463978 0.939527 0.364516
56 0.494734 0.463978 0.939527 0.364516
7 0.764731 0.284409 0.271558 0.145161
5 0.763171 0.287702 0.271558 0.149328
22 0.767072 0.285013 0.27624 0.143952
1 0.764731 0.284409 0.271558 0.145161
33 0.763171 0.287702 0.271558 0.149328
9 0.763171 0.287702 0.271558 0.149328
67 0.495515 0.460215 0.944209 0.367742
32 0.764731 0.284409 0.271558 0.145161
30 0.764731 0.284409 0.271558 0.145161
8 0.767072 0.285013 0.27624 0.143952
68 0.495515 0.460215 0.944209 0.367742
3 0.769803 0.287366 0.270777 0.148387
0 0.767072 0.285013 0.27624 0.143952
10 0.767072 0.285013 0.27624 0.143952
15 0.769803 0.287366 0.270777 0.148387
84 0.495515 0.460215 0.944209 0.367742
25 0.769803 0.287366 0.270777 0.148387
2 0.764731 0.284409 0.271558 0.145161
11 0.769803 0.287366 0.270777 0.148387
103 0.496295 0.463978 0.948891 0.358065
104 0.496295 0.463978 0.948891 0.358065
6 0.767072 0.285013 0.27624 0.143952
18 0.767072 0.285013 0.27624 0.143952
95 0.495515 0.460484 0.952012 0.360753
103 0.491613 0.450538 0.983226 0.387097
56 0.502538 0.458602 0.953573 0.366667
3 0.768633 0.285417 0.279361 0.143145
8 0.768633 0.285417 0.279361 0.143145
16 0.768633 0.285417 0.279361 0.143145
104 0.502538 0.458602 0.953573 0.366667
22 0.768633 0.285417 0.279361 0.143145
109 0.500977 0.461828 0.964498 0.364516
68 0.503318 0.456183 0.956694 0.367204
7 0.768633 0.285417 0.279361 0.143145
5 0.768633 0.285417 0.279361 0.143145
9 0.768633 0.285417 0.279361 0.143145
1 0.767072 0.28414 0.271558 0.144086
30 0.768633 0.285417 0.279361 0.143145
11 0.768633 0.285417 0.279361 0.143145
32 0.768633 0.285417 0.279361 0.143145
15 0.768633 0.285417 0.279361 0.143145
14 0.768633 0.285417 0.279361 0.143145
29 0.768633 0.285417 0.279361 0.143145
95 0.503318 0.453763 0.959816 0.382796
109 0.488882 0.429099 0.977763 0.428898
15 0.766292 0.284476 0.269997 0.147177
3 0.766292 0.284476 0.269997 0.147177
67 0.488882 0.429099 0.977763 0.428898
0 0.766292 0.284476 0.269997 0.147177
23 0.766292 0.284476 0.269997 0.147177
30 0.766292 0.284476 0.269997 0.147177
32 0.766292 0.284409 0.271558 0.147849
11 0.766292 0.284476 0.269997 0.147177
16 0.766292 0.284476 0.269997 0.147177
6 0.766292 0.284476 0.269997 0.147177
104 0.502928 0.447849 0.957475 0.407527
7 0.766292 0.284476 0.269997 0.147177
8 0.766292 0.284476 0.269997 0.147177
18 0.766292 0.284476 0.269997 0.147177
1 0.766292 0.284409 0.271558 0.147849
14 0.766292 0.284476 0.269997 0.147177
20 0.766292 0.284476 0.269997 0.147177
19 0.766292 0.284409 0.271558 0.147849
22 0.766292 0.284476 0.269997 0.147177
5 0.766292 0.284476 0.269997 0.147177
9 0.766292 0.284476 0.269997 0.147177
21 0.766292 0.284476 0.269997 0.147177
56 0.502928 0.447849 0.957475 0.407527
68 0.488882 0.429099 0.977763 0.428898
26 0.766292 0.284476 0.269997 0.147177
13 0.766292 0.284409 0.271558 0.147849
84 0.489272 0.427957 0.978544 0.439785
24 0.766292 0.284476 0.269997 0.147177
10 0.766292 0.284409 0.271558 0.147849
109 0.495124 0.923118 0.971521 0.153763
29 0.766292 0.284476 0.269997 0.147177
31 0.766292 0.284476 0.269997 0.147177
17 0.766292 0.284476 0.269997 0.147177
2 0.766292 0.284409 0.271558 0.147849
103 0.495124 0.923118 0.971521 0.153763
27 0.766292 0.284409 0.271558 0.147849
103 0.502928 0.873118 0.952793 0.253763
22 0.502928 0.447849 0.957475 0.407527
109 0.502928 0.873118 0.952793 0.253763
95 0.492783 0.458602 0.965278 0.369893
103 0.502538 0.453495 0.950452 0.379032
84 0.502538 0.453495 0.950452 0.379032
109 0.502538 0.453495 0.950452 0.379032
14 0.767072 0.284409 0.262194 0.149462
0 0.767072 0.284409 0.262194 0.149462
18 0.767072 0.284409 0.262194 0.149462
15 0.767072 0.284409 0.262194 0.149462
19 0.767072 0.284409 0.262194 0.149462
3 0.767072 0.284409 0.262194 0.149462
11 0.767072 0.284409 0.262194 0.149462
23 0.767072 0.284409 0.262194 0.149462
16 0.767072 0.284409 0.262194 0.149462
20 0.767072 0.284409 0.262194 0.149462
24 0.767072 0.284409 0.262194 0.149462
7 0.767072 0.284409 0.262194 0.149462
17 0.767072 0.284409 0.262194 0.149462
6 0.767072 0.284409 0.262194 0.149462
32 0.767072 0.284409 0.262194 0.149462
30 0.767072 0.284409 0.262194 0.149462
29 0.767072 0.284409 0.262194 0.149462
8 0.767072 0.284409 0.262194 0.149462
22 0.767072 0.284409 0.262194 0.149462
26 0.767072 0.284409 0.262194 0.149462
4 0.159091 0.308064 0.285018 0.044086
13 0.767072 0.284409 0.262194 0.149462
21 0.767072 0.284409 0.262194 0.149462
9 0.767072 0.284409 0.262194 0.149462
22 0.492783 0.458602 0.965278 0.369893
1 0.767072 0.284409 0.262194 0.149462
5 0.767072 0.284409 0.262194 0.149462
31 0.767072 0.284409 0.262194 0.149462
104 0.502538 0.453495 0.950452 0.379032
27 0.767462 0.286089 0.264535 0.151478
10 0.772535 0.284409 0.268436 0.15
28 0.767072 0.284409 0.262194 0.149462
75 0.502538 0.453495 0.950452 0.379032
25 0.767072 0.284409 0.262194 0.149462
68 0.492783 0.458602 0.965278 0.369893
95 0.499026 0.464785 0.948111 0.358602
104 0.500977 0.463441 0.952012 0.363441
103 0.500977 0.463441 0.952012 0.363441
109 0.499416 0.459409 0.94577 0.354301
56 0.502538 0.45457 0.952012 0.361828
22 0.499026 0.464785 0.948111 0.358602
95 0.500197 0.46129 0.94733 0.35914
56 0.501757 0.462634 0.944209 0.356452
104 0.500977 0.462903 0.948891 0.358065
103 0.501757 0.462634 0.944209 0.356452
84 0.500197 0.46129 0.94733 0.35914
22 0.500977 0.462903 0.948891 0.358065
109 0.490052 0.93871 0.903631 0.122581
100 0.500197 0.899462 0.922359 0.201075
68 0.500977 0.462903 0.948891 0.358065
109 0.496295 0.902151 0.916117 0.195699
95 0.499416 0.46129 0.948891 0.352688
104 0.503318 0.457258 0.950452 0.365054
68 0.501757 0.903763 0.955134 0.192473
67 0.501757 0.903763 0.955134 0.192473
56 0.500197 0.459946 0.953573 0.359677
101 0.501757 0.903763 0.955134 0.192473
109 0.501757 0.903763 0.955134 0.192473
48 0.501757 0.903763 0.955134 0.192473
110 0.501757 0.903763 0.955134 0.192473
67 0.504098 0.462903 0.955134 0.351613
77 0.501757 0.903763 0.955134 0.192473
111 0.499026 0.884409 0.962157 0.231183
84 0.502538 0.463441 0.952012 0.352688
102 0.501757 0.903763 0.955134 0.192473
99 0.501757 0.903763 0.955134 0.192473
103 0.505659 0.462903 0.955134 0.360215
50 0.501757 0.903763 0.955134 0.192473
49 0.501757 0.903763 0.955134 0.192473
100 0.499026 0.884409 0.962157 0.231183
95 0.501757 0.903763 0.955134 0.192473
103 0.501757 0.903763 0.955134 0.192473
48 0.499416 0.845161 0.96918 0.309677
76 0.501757 0.903763 0.955134 0.192473
73 0.501757 0.903763 0.955134 0.192473
95 0.498636 0.465054 0.94733 0.355914
109 0.495515 0.827957 0.959816 0.344086
109 0.495124 0.894086 0.974642 0.211828
109 0.497075 0.448387 0.953573 0.393548
109 0.502538 0.0865591 0.973862 0.173118
109 0.502538 0.0406586 0.967619 0.0813172
103 0.495515 0.827957 0.959816 0.344086
103 0.495124 0.894086 0.974642 0.211828
22 0.496685 0.462366 0.94655 0.362366
76 0.495124 0.894086 0.974642 0.211828
84 0.497075 0.448387 0.953573 0.393548
4 0.154702 0.304301 0.284433 0.0360215
76 0.495515 0.827957 0.959816 0.344086
68 0.493564 0.908065 0.96996 0.183871
109 0.500587 0.28172 0.959035 0.563441
95 0.502538 0.0406586 0.967619 0.0813172
95 0.502538 0.0865591 0.973862 0.173118
95 0.500977 0.460484 0.955134 0.360753
22 0.512876 0.459946 0.974249 0.359677
34 0.500977 0.460484 0.955134 0.360753
32 0.775656 0.28414 0.282482 0.148925
0 0.775656 0.28414 0.282482 0.148925
8 0.775656 0.28414 0.282482 0.148925
7 0.775656 0.28414 0.282482 0.148925
67 0.504879 0.451882 0.956694 0.380108
56 0.504879 0.451882 0.956694 0.380108
31 0.512876 0.459946 0.974249 0.359677
15 0.775656 0.28414 0.282482 0.148925
1 0.775656 0.28414 0.282482 0.148925
10 0.775656 0.28414 0.282482 0.148925
21 0.775656 0.28414 0.282482 0.148925
109 0.500197 0.460215 0.958255 0.353763
16 0.775656 0.28414 0.282482 0.148925
95 0.495124 0.46129 0.943429 0.369892
32 0.760439 0.285215 0.269217 0.148387
22 0.495124 0.46129 0.943429 0.369892
0 0.76278 0.286626 0.27702 0.146102
7 0.760439 0.285215 0.269217 0.148387
1 0.760439 0.285215 0.269217 0.148387
6 0.76278 0.286626 0.27702 0.146102
8 0.76278 0.286626 0.27702 0.146102
10 0.76278 0.286626 0.27702 0.146102
11 0.76278 0.286626 0.27702 0.146102
30 0.760439 0.285215 0.269217 0.148387
15 0.76278 0.286626 0.27702 0.146102
21 0.76278 0.286626 0.27702 0.146102
33 0.760439 0.285215 0.269217 0.148387
9 0.76278 0.286626 0.27702 0.146102
23 0.76278 0.286626 0.27702 0.146102
67 0.502538 0.456452 0.956694 0.374194
19 0.76278 0.286626 0.27702 0.146102
2 0.760439 0.285215 0.269217 0.148387
22 0.760439 0.285215 0.269217 0.148387
14 0.76278 0.286626 0.27702 0.146102
104 0.502538 0.456452 0.956694 0.374194
56 0.498636 0.459946 0.956694 0.367204
26 0.76278 0.286626 0.27702 0.146102
103 0.502538 0.456452 0.956694 0.374194
3 0.76278 0.286626 0.27702 0.146102
109 0.502538 0.456452 0.956694 0.374194
20 0.76278 0.286626 0.27702 0.146102
25 0.76278 0.286626 0.27702 0.146102
95 0.497075 0.464785 0.953573 0.360753
22 0.494344 0.465054 0.948111 0.352688
15 0.767852 0.286492 0.284043 0.147446
95 0.499026 0.460484 0.941868 0.365054
104 0.500977 0.458333 0.952012 0.354301
22 0.509561 0.462097 0.962937 0.359677
56 0.504488 0.461828 0.951232 0.362366
84 0.499026 0.460484 0.941868 0.365054
11 0.768633 0.286022 0.2778 0.148387
34 0.499026 0.460484 0.941868 0.365054
95 0.497075 0.463978 0.950452 0.358065
48 0.477567 0.853495 0.906753 0.293011
48 0.497856 0.902151 0.983226 0.195699
30 0.76122 0.288642 0.270777 0.147446
7 0.76122 0.288642 0.270777 0.147446
67 0.499416 0.913978 0.973862 0.172043
1 0.76122 0.288642 0.270777 0.147446
3 0.76122 0.288642 0.270777 0.147446
22 0.76122 0.288642 0.270777 0.147446
8 0.76122 0.288642 0.270777 0.147446
15 0.768633 0.288105 0.268436 0.146371
11 0.768633 0.288105 0.268436 0.146371
9 0.76122 0.288642 0.270777 0.147446
32 0.76122 0.288642 0.270777 0.147446
104 0.500197 0.463978 0.952012 0.358065
48 0.493954 0.974194 0.966058 0.0516129
67 0.498636 0.974194 0.959816 0.0516129
0 0.768633 0.288105 0.268436 0.146371
6 0.76122 0.288642 0.270777 0.147446
68 0.499416 0.913978 0.973862 0.172043
111 0.496295 0.907796 0.97074 0.184409
5 0.76122 0.288642 0.270777 0.147446
21 0.768633 0.288105 0.268436 0.146371
23 0.768633 0.288105 0.268436 0.146371
68 0.492783 0.0684812 0.971521 0.136962
103 0.496295 0.907796 0.97074 0.184409
2 0.76122 0.288642 0.270777 0.147446
31 0.76122 0.288642 0.270777 0.147446
68 0.493954 0.0132728 0.966058 0.0265457
16 0.768633 0.288105 0.268436 0.146371
101 0.493954 0.0132728 0.966058 0.0265457
14 0.768633 0.288105 0.268436 0.146371
95 0.496685 0.464247 0.951232 0.356452
95 0.493954 0.912366 0.973862 0.175269
48 0.495515 0.904301 0.966058 0.191398
103 0.496685 0.908602 0.96996 0.182796
22 0.501757 0.464516 0.950452 0.360215
67 0.493954 0.912366 0.973862 0.175269
56 0.496685 0.908602 0.96996 0.182796
2 0.768633 0.285753 0.271558 0.151075
68 0.490833 0.915054 0.981665 0.169892
105 0.496685 0.908602 0.96996 0.182796
8 0.768633 0.285753 0.271558 0.151075
7 0.768633 0.285753 0.271558 0.151075
1 0.768633 0.285753 0.271558 0.151075
84 0.496685 0.908602 0.96996 0.182796
104 0.497856 0.466129 0.955134 0.351613
104 0.496685 0.908602 0.96996 0.182796
22 0.768633 0.285753 0.271558 0.151075
10 0.768633 0.285753 0.271558 0.151075
109 0.495905 0.903226 0.968399 0.193548
46 0.495515 0.904301 0.966058 0.191398
30 0.768633 0.285753 0.271558 0.151075
0 0.768633 0.285753 0.271558 0.151075
47 0.495515 0.904301 0.966058 0.191398
100 0.495515 0.904301 0.966058 0.191398
34 0.501757 0.464516 0.950452 0.360215
49 0.495515 0.904301 0.966058 0.191398
52 0.496685 0.908602 0.96996 0.182796
32 0.768633 0.285753 0.271558 0.151075
9 0.768633 0.285753 0.271558 0.151075
81 0.495515 0.904301 0.966058 0.191398
76 0.495515 0.904301 0.966058 0.191398
111 0.496685 0.908602 0.96996 0.182796
104 0.506049 0.189785 0.985567 0.37957
95 0.491613 0.464516 0.955134 0.358065
22 0.500197 0.456452 0.94733 0.372043
67 0.494734 0.927957 0.975423 0.144086
8 0.763951 0.285417 0.269997 0.151747
30 0.763951 0.285417 0.269997 0.151747
7 0.763951 0.285417 0.269997 0.151747
67 0.495515 0.983871 0.96918 0.032258
2 0.763951 0.285417 0.269997 0.151747
1 0.763951 0.285417 0.269997 0.151747
103 0.494734 0.927957 0.975423 0.144086
22 0.763951 0.285417 0.269997 0.151747
0 0.763951 0.285417 0.269997 0.151747
95 0.499416 0.464516 0.94577 0.362366
30 0.766292 0.290323 0.268436 0.145699
7 0.76161 0.289516 0.268436 0.147849
8 0.766292 0.290323 0.268436 0.145699
1 0.76161 0.289516 0.268436 0.147849
0 0.766292 0.290323 0.268436 0.145699
2 0.766292 0.290323 0.268436 0.145699
9 0.767852 0.289785 0.265315 0.145699
95 0.499416 0.462903 0.948891 0.36129
7 0.765512 0.286089 0.269997 0.148253
8 0.765121 0.285753 0.269217 0.145699
1 0.765512 0.286089 0.269997 0.148253
22 0.765121 0.285753 0.269217 0.145699
9 0.765512 0.286089 0.269997 0.148253
3 0.765512 0.286089 0.269997 0.148253
31 0.765512 0.286089 0.269997 0.148253
103 0.764731 0.285753 0.273118 0.151613
0 0.765512 0.286089 0.269997 0.148253
30 0.765512 0.286089 0.269997 0.148253
22 0.503318 0.461828 0.944209 0.36129
5 0.765512 0.286089 0.269997 0.148253
103 0.791263 0.353226 0.329303 0.274194
11 0.765512 0.286089 0.269997 0.148253
15 0.765512 0.286089 0.269997 0.148253
16 0.765512 0.286089 0.269997 0.148253
6 0.765121 0.285753 0.269217 0.145699
76 0.764731 0.285753 0.273118 0.151613
25 0.765121 0.285753 0.269217 0.145699
19 0.765121 0.285753 0.269217 0.145699
32 0.765121 0.285753 0.269217 0.145699
95 0.497856 0.459946 0.956694 0.36828
68 0.497856 0.0475134 0.952012 0.0950269
101 0.497856 0.0475134 0.952012 0.0950269
67 0.441671 0.939785 0.883343 0.12043
102 0.497856 0.0475134 0.952012 0.0950269
67 0.497856 0.0475134 0.952012 0.0950269
48 0.48537 0.939247 0.948891 0.121505
68 0.441671 0.939785 0.883343 0.12043
95 0.497856 0.0475134 0.952012 0.0950269
22 0.498636 0.458602 0.956694 0.370968
67 0.497856 0.46129 0.958255 0.365591
77 0.497856 0.0475134 0.952012 0.0950269
95 0.499416 0.462366 0.955134 0.362366
104 0.500977 0.46129 0.952012 0.363441
95 0.497075 0.462097 0.959816 0.361828
22 0.765512 0.287097 0.263754 0.146237
30 0.765512 0.285954 0.265315 0.146371
67 0.497465 0.92957 0.982445 0.14086
22 0.503708 0.461828 0.952793 0.36129
7 0.765512 0.285954 0.265315 0.146371
34 0.503708 0.461828 0.952793 0.36129
5 0.765512 0.285954 0.265315 0.146371
3 0.765512 0.285954 0.265315 0.146371
31 0.765512 0.285954 0.265315 0.146371
11 0.765512 0.285954 0.265315 0.146371
8 0.765512 0.287097 0.263754 0.146237
6 0.765512 0.287097 0.263754 0.146237
9 0.765512 0.287097 0.263754 0.146237
67 0.494734 0.989247 0.97074 0.0215054
2 0.765512 0.287097 0.263754 0.146237
15 0.765512 0.285954 0.265315 0.146371
68 0.493954 0.934409 0.975423 0.131183
32 0.765512 0.287097 0.263754 0.146237
67 0.502538 0.875806 0.976983 0.248387
95 0.496295 0.46586 0.962937 0.359677
67 0.498246 0.938172 0.968399 0.123656
11 0.763951 0.286626 0.2778 0.145027
68 0.498246 0.938172 0.968399 0.123656
6 0.763951 0.286626 0.2778 0.145027
67 0.497465 0.98172 0.952793 0.0365592
22 0.76317 0.28629 0.269997 0.145161
68 0.497465 0.98172 0.952793 0.0365592
30 0.76317 0.28629 0.269997 0.145161
7 0.763951 0.286626 0.2778 0.145027
8 0.763951 0.28703 0.2778 0.143145
77 0.498246 0.938172 0.968399 0.123656
15 0.763951 0.286626 0.2778 0.145027
77 0.497465 0.98172 0.952793 0.0365592
3 0.763561 0.286022 0.275459 0.146774
48 0.497856 0.940323 0.97074 0.119355
0 0.763951 0.286626 0.2778 0.145027
26 0.763951 0.286626 0.2778 0.145027
5 0.763561 0.286022 0.275459 0.146774
95 0.504879 0.463441 0.96918 0.363441
1 0.759659 0.286828 0.270777 0.146237
7 0.759659 0.286828 0.270777 0.146237
5 0.759659 0.286828 0.270777 0.146237
30 0.759659 0.286828 0.270777 0.146237
22 0.76083 0.287702 0.268436 0.143952
9 0.759659 0.286828 0.270777 0.146237
67 0.486931 0.918817 0.939527 0.162366
22 0.510341 0.462366 0.958255 0.364516
8 0.766682 0.286828 0.275459 0.142473
32 0.759659 0.286828 0.270777 0.146237
3 0.759659 0.286828 0.270777 0.146237
31 0.759659 0.286828 0.270777 0.146237
11 0.766682 0.286828 0.275459 0.142473
95 0.496295 0.46371 0.950452 0.358602
22 0.504488 0.46371 0.94655 0.360753
22 0.76317 0.288172 0.260633 0.145161
30 0.76317 0.288172 0.260633 0.145161
67 0.457278 0.983871 0.836522 0.032258
7 0.76317 0.288172 0.260633 0.145161
8 0.76317 0.288172 0.260633 0.145161
67 0.396314 0.933871 0.544871 0.132258
68 0.457278 0.983871 0.836522 0.032258
2 0.76317 0.288172 0.260633 0.145161
105 0.502538 0.0512097 0.962937 0.102419
9 0.76317 0.288172 0.260633 0.145161
95 0.503318 0.461559 0.966058 0.362903
22 0.770974 0.287567 0.2778 0.14207
30 0.76239 0.287903 0.266876 0.145699
7 0.76239 0.287903 0.266876 0.145699
95 0.497856 0.462903 0.958255 0.358065
22 0.499416 0.463978 0.961376 0.36129
7 0.76239 0.288239 0.273118 0.149328
1 0.76239 0.288239 0.273118 0.149328
22 0.763951 0.287567 0.266876 0.146371
8 0.769413 0.288978 0.279361 0.146774
6 0.76239 0.288239 0.273118 0.149328
50 0.76239 0.288239 0.273118 0.149328
30 0.76239 0.288239 0.273118 0.149328
95 0.500587 0.462366 0.962157 0.36129
22 0.500587 0.462366 0.962157 0.36129
7 0.769023 0.288978 0.273899 0.145161
8 0.769023 0.288978 0.273899 0.145161
11 0.769023 0.288978 0.273899 0.145161
95 0.503318 0.462903 0.966058 0.358065
22 0.497856 0.462634 0.959816 0.359677
68 0.497075 0.986559 0.973862 0.0268817
68 0.499416 0.937634 0.976983 0.124731
67 0.499416 0.937634 0.976983 0.124731
95 0.499806 0.461559 0.951232 0.358602
22 0.499806 0.461559 0.951232 0.358602
67 0.492393 0.971505 0.939527 0.0569893
95 0.500197 0.460753 0.962937 0.353763
22 0.76083 0.287634 0.269997 0.141935
9 0.760049 0.287366 0.273118 0.143011
7 0.760049 0.287366 0.273118 0.143011
1 0.760049 0.287366 0.273118 0.143011
22 0.503708 0.462097 0.952793 0.362903
32 0.760049 0.287366 0.273118 0.143011
30 0.760049 0.287366 0.273118 0.143011
6 0.760049 0.287366 0.273118 0.143011
31 0.760049 0.287366 0.273118 0.143011
5 0.760049 0.287366 0.273118 0.143011
95 0.501757 0.46371 0.956694 0.355376
7 0.76278 0.288978 0.270777 0.145699
32 0.76278 0.288978 0.270777 0.145699
9 0.76278 0.288978 0.270777 0.145699
30 0.76278 0.288978 0.270777 0.145699
1 0.76278 0.288978 0.270777 0.145699
22 0.76278 0.288978 0.270777 0.145699
6 0.76278 0.288978 0.270777 0.145699
8 0.76278 0.288978 0.270777 0.145699
31 0.76278 0.288978 0.270777 0.145699
2 0.76278 0.288978 0.270777 0.145699
22 0.501757 0.46371 0.956694 0.355376
95 0.499416 0.463441 0.956694 0.36129
7 0.76278 0.287567 0.267656 0.147446
30 0.76278 0.287567 0.267656 0.147446
1 0.76278 0.287567 0.267656 0.147446
9 0.76278 0.287567 0.267656 0.147446
8 0.76278 0.287567 0.267656 0.147446
22 0.501367 0.461828 0.963717 0.362366
11 0.767072 0.286828 0.269997 0.147849
32 0.76278 0.287567 0.267656 0.147446
3 0.76278 0.287567 0.267656 0.147446
22 0.76278 0.287567 0.267656 0.147446
5 0.76278 0.287567 0.267656 0.147446
31 0.76278 0.287567 0.267656 0.147446
15 0.767072 0.286828 0.269997 0.147849
95 0.497856 0.462903 0.958255 0.356989
7 0.763951 0.287634 0.265315 0.146774
30 0.763951 0.287634 0.265315 0.146774
1 0.763951 0.287634 0.265315 0.146774
22 0.763951 0.288239 0.263754 0.145027
8 0.763951 0.288239 0.263754 0.145027
103 0.76122 0.284409 0.262974 0.142473
17 0.76122 0.284409 0.262974 0.142473
5 0.763951 0.287634 0.265315 0.146774
31 0.763951 0.287634 0.265315 0.146774
11 0.768633 0.287164 0.268436 0.146102
9 0.763951 0.287634 0.265315 0.146774
22 0.497856 0.461022 0.964498 0.359677
3 0.76122 0.284409 0.262974 0.142473
32 0.763951 0.287634 0.265315 0.146774
80 0.76122 0.284409 0.262974 0.142473
76 0.76122 0.284409 0.262974 0.142473
50 0.763951 0.287634 0.265315 0.146774
16 0.76122 0.284409 0.262974 0.142473
23 0.76122 0.284409 0.262974 0.142473
95 0.497856 0.461559 0.964498 0.357527
7 0.76083 0.287903 0.269997 0.144624
17 0.763561 0.284946 0.264535 0.143011
103 0.763561 0.284946 0.264535 0.143011
22 0.503318 0.462366 0.950452 0.360215
9 0.76083 0.287903 0.269997 0.144624
80 0.763561 0.284946 0.264535 0.143011
5 0.76083 0.287903 0.269997 0.144624
8 0.76083 0.287903 0.269997 0.144624
1 0.76083 0.287903 0.269997 0.144624
30 0.76083 0.287903 0.269997 0.144624
22 0.76083 0.288441 0.268436 0.143011
76 0.763561 0.284946 0.264535 0.143011
95 0.499416 0.464785 0.958255 0.358602
7 0.762 0.286828 0.267656 0.145699
11 0.766292 0.28629 0.265315 0.144624
22 0.504098 0.464516 0.948891 0.360215
30 0.762 0.286828 0.267656 0.145699
95 0.502147 0.462634 0.955914 0.359677
22 0.502147 0.462634 0.955914 0.359677
95 0.504098 0.460753 0.961376 0.360215
7 0.76278 0.286828 0.266095 0.146237
22 0.504098 0.460753 0.961376 0.360215
30 0.76278 0.286828 0.266095 0.146237
1 0.76278 0.286828 0.266095 0.146237
9 0.76278 0.286828 0.266095 0.146237
5 0.76278 0.286828 0.266095 0.146237
95 0.504098 0.462366 0.964498 0.35914
7 0.764341 0.28629 0.266095 0.145699
68 0.500197 0.00672043 0.953573 0.0134409
22 0.503318 0.461559 0.962937 0.359677
77 0.500197 0.979032 0.966058 0.0419355
30 0.764341 0.28629 0.266095 0.145699
95 0.502928 0.461559 0.966839 0.360753
7 0.763171 0.28629 0.271558 0.147312
68 0.505269 0.00850134 0.963717 0.0170027
11 0.763171 0.28629 0.271558 0.147312
30 0.763171 0.28629 0.271558 0.147312
95 0.497856 0.462903 0.955134 0.355914
11 0.76317 0.287097 0.269997 0.147849
7 0.76317 0.287097 0.269997 0.147849
68 0.500197 0.0129704 0.956694 0.0259409
95 0.497856 0.462097 0.958255 0.357527
103 0.76239 0.282796 0.269997 0.143011
15 0.764341 0.287366 0.264535 0.146774
103 0.789702 0.304839 0.340227 0.180108
7 0.764341 0.287366 0.264535 0.146774
76 0.76239 0.282796 0.269997 0.143011
11 0.764341 0.287366 0.264535 0.146774
30 0.764341 0.287366 0.264535 0.146774
99 0.76239 0.282796 0.269997 0.143011
95 0.498636 0.462903 0.956694 0.355914
103 0.770974 0.282796 0.27624 0.144086
11 0.765512 0.287366 0.266876 0.145161
7 0.765512 0.287366 0.266876 0.145161
103 0.792043 0.304368 0.32306 0.177285
30 0.765512 0.287366 0.266876 0.145161
95 0.502538 0.462903 0.958255 0.356989
103 0.770584 0.283804 0.281702 0.146371
103 0.793604 0.30914 0.335545 0.184946
7 0.765902 0.286828 0.266095 0.144624
30 0.765902 0.286828 0.266095 0.144624
22 0.502538 0.462903 0.958255 0.356989
95 0.501757 0.462097 0.956694 0.355376
103 0.77429 0.282527 0.283653 0.146237
7 0.766682 0.286626 0.270777 0.145027
30 0.765902 0.28703 0.267656 0.14422
22 0.503708 0.462366 0.955914 0.356989
95 0.502928 0.462097 0.954353 0.357527
22 0.504879 0.462366 0.950452 0.360215
30 0.765121 0.28629 0.270777 0.144624
103 0.776436 0.282796 0.30121 0.143548
11 0.765121 0.28629 0.270777 0.144624
95 0.501757 0.462097 0.956694 0.358602
22 0.501757 0.462097 0.956694 0.358602
7 0.763951 0.28629 0.271558 0.144624
95 0.500977 0.461828 0.956694 0.358065
30 0.76239 0.286559 0.271558 0.145161
22 0.500977 0.461828 0.956694 0.358065
7 0.76239 0.286559 0.271558 0.145161
95 0.502147 0.462097 0.959035 0.358602
7 0.76239 0.286492 0.271558 0.146371
103 0.757318 0.283065 0.330083 0.145161
22 0.502147 0.462097 0.959035 0.358602
50 0.76239 0.286492 0.271558 0.146371
95 0.500587 0.46129 0.959035 0.35914
103 0.73898 0.283333 0.383926 0.145699
50 0.763561 0.285954 0.269217 0.145296
22 0.500587 0.46129 0.959035 0.35914
30 0.763561 0.285954 0.269217 0.145296
7 0.763561 0.285954 0.269217 0.145296
95 0.500977 0.461022 0.958255 0.359677
103 0.757708 0.284409 0.333985 0.145699
50 0.764341 0.287097 0.269217 0.144086
30 0.76317 0.286626 0.269997 0.145027
22 0.500977 0.461022 0.958255 0.359677
7 0.76317 0.286626 0.269997 0.145027
76 0.768243 0.283602 0.281702 0.144086
95 0.500977 0.461828 0.956694 0.35914
30 0.763561 0.28629 0.269217 0.144086
7 0.763561 0.28629 0.269217 0.144086
103 0.717521 0.285013 0.400313 0.145027
50 0.763951 0.287097 0.268436 0.143011
22 0.500977 0.461828 0.956694 0.35914
22 0.763561 0.28629 0.269217 0.144086
95 0.500197 0.462097 0.956694 0.358602
103 0.717911 0.283871 0.390169 0.143548
22 0.500197 0.462097 0.956694 0.358602
50 0.763951 0.287164 0.268436 0.141801
30 0.763171 0.286828 0.268436 0.143548
7 0.763171 0.286828 0.268436 0.143548
76 0.760049 0.283266 0.285604 0.14207
103 0.528679 0.283938 0.806089 0.143952
22 0.763171 0.286828 0.268436 0.143548
95 0.498246 0.462097 0.954353 0.357527
103 0.711668 0.283871 0.396412 0.143548
22 0.498636 0.462366 0.955134 0.354839
50 0.763561 0.287366 0.267656 0.142473
30 0.763171 0.287366 0.266876 0.144624
103 0.776436 0.288172 0.332424 0.147312
76 0.757708 0.283266 0.287164 0.14207
103 0.521949 0.283871 0.7977 0.144086
7 0.763171 0.287366 0.266876 0.144624
95 0.497856 0.462097 0.953573 0.358602
103 0.729616 0.283938 0.365198 0.143952
50 0.764731 0.287634 0.266876 0.143011
103 0.78502 0.289315 0.327742 0.151478
22 0.498636 0.462903 0.953573 0.353763
76 0.757708 0.283333 0.288725 0.143011
30 0.763951 0.287567 0.268436 0.145296
103 0.528679 0.284409 0.792043 0.145699
95 0.498246 0.46129 0.954353 0.35914
103 0.678504 0.283871 0.475226 0.145161
103 0.747954 0.283871 0.316037 0.144086
50 0.764731 0.287634 0.266876 0.143011
22 0.501367 0.460753 0.951232 0.360215
11 0.764341 0.287366 0.269217 0.145161
103 0.778582 0.300067 0.356224 0.172984
76 0.747954 0.283871 0.316037 0.144086
30 0.764341 0.287366 0.269217 0.145161
95 0.498636 0.46129 0.950452 0.35914
103 0.66875 0.283871 0.502538 0.144086
103 0.753026 0.283871 0.305892 0.143011
50 0.765121 0.287366 0.267656 0.142473
11 0.764731 0.287097 0.268436 0.144086
30 0.764731 0.287097 0.268436 0.144086
76 0.753026 0.283871 0.305892 0.143011
22 0.501757 0.460484 0.950452 0.361828
76 0.66875 0.283871 0.502538 0.144086
103 0.515803 0.284677 0.841204 0.147312
95 0.499416 0.463441 0.952012 0.356989
50 0.764731 0.287097 0.268436 0.142473
103 0.748344 0.283804 0.321499 0.143145
103 0.622612 0.283401 0.608859 0.143952
11 0.764341 0.287097 0.269217 0.144624
30 0.764341 0.287097 0.269217 0.144624
76 0.748344 0.283804 0.321499 0.143145
103 0.742101 0.29832 0.443232 0.168952
49 0.764731 0.287097 0.268436 0.142473
95 0.501757 0.463441 0.956694 0.356989
50 0.763951 0.28703 0.269997 0.145296
103 0.755367 0.283871 0.313696 0.143548
103 0.667579 0.283333 0.515803 0.143011
11 0.763951 0.28703 0.269997 0.145296
30 0.763951 0.28703 0.269997 0.145296
103 0.756928 0.307056 0.41514 0.184812
76 0.755367 0.283871 0.313696 0.143548
49 0.763951 0.287097 0.268436 0.143011
95 0.501757 0.461828 0.956694 0.360215
50 0.764341 0.287097 0.267656 0.143011
103 0.760049 0.28414 0.29965 0.143548
103 0.698793 0.283333 0.445573 0.143011
49 0.764341 0.287097 0.267656 0.143011
30 0.763951 0.286492 0.268436 0.145296
11 0.763951 0.286492 0.268436 0.145296
103 0.769413 0.315659 0.390169 0.200941
95 0.503318 0.461828 0.959816 0.360215
50 0.763951 0.287366 0.266876 0.143011
103 0.750685 0.28414 0.316817 0.143548
103 0.653143 0.283401 0.532191 0.142876
49 0.763951 0.287366 0.266876 0.143011
103 0.752636 0.324261 0.423723 0.218145
30 0.763171 0.28703 0.268436 0.145296
95 0.504098 0.460753 0.961376 0.362366
50 0.763951 0.287366 0.266876 0.143011
103 0.691379 0.283602 0.444793 0.142473
103 0.756928 0.284409 0.298089 0.143011
49 0.763951 0.287366 0.266876 0.143011
103 0.770584 0.305847 0.380025 0.181855
52 0.763951 0.287366 0.266876 0.143011
73 0.763951 0.287366 0.266876 0.143011
95 0.503708 0.460484 0.960596 0.362903
50 0.763951 0.287097 0.266876 0.143011
103 0.724934 0.283333 0.376123 0.142473
49 0.763951 0.287097 0.266876 0.143011
76 0.760049 0.283871 0.287164 0.142473
103 0.779558 0.301075 0.363637 0.172043
73 0.763951 0.287097 0.266876 0.143011
52 0.763951 0.287097 0.266876 0.143011
84 0.760049 0.283871 0.287164 0.142473
95 0.501757 0.460484 0.956694 0.362903
50 0.763951 0.287097 0.266876 0.143548
103 0.71557 0.283065 0.404215 0.141935
49 0.763951 0.287097 0.266876 0.143548
76 0.757318 0.283602 0.30043 0.142473
73 0.763951 0.287097 0.266876 0.143548
103 0.772925 0.301075 0.386267 0.172043
84 0.757318 0.283602 0.30043 0.142473
95 0.500587 0.460215 0.955914 0.362366
50 0.763951 0.287097 0.266876 0.144086
103 0.708937 0.282796 0.417481 0.141935
49 0.763951 0.287097 0.266876 0.144086
73 0.763951 0.287097 0.266876 0.144086
22 0.502538 0.460484 0.952012 0.362903
30 0.763171 0.286492 0.268436 0.146371
76 0.753026 0.283065 0.307453 0.142473
11 0.763171 0.286492 0.268436 0.146371
95 0.500197 0.460215 0.956694 0.362366
50 0.763951 0.28703 0.266876 0.14422
103 0.705035 0.282527 0.428406 0.141935
49 0.763951 0.28703 0.266876 0.14422
11 0.76278 0.286559 0.269217 0.146237
73 0.763951 0.28703 0.266876 0.14422
22 0.502538 0.460753 0.953573 0.362366
95 0.500197 0.460484 0.959816 0.361828
50 0.763561 0.287097 0.267656 0.144086
103 0.714009 0.282325 0.418261 0.141801
11 0.76278 0.286626 0.269217 0.146102
49 0.763561 0.287097 0.267656 0.144086
73 0.763561 0.287097 0.267656 0.144086
76 0.749515 0.282796 0.317598 0.142473
95 0.500587 0.460753 0.959035 0.36129
50 0.763951 0.287097 0.268436 0.144086
103 0.714009 0.282258 0.422943 0.141398
11 0.76317 0.286559 0.269997 0.145699
49 0.763951 0.287097 0.268436 0.144086
73 0.763951 0.287097 0.268436 0.144086
95 0.500977 0.46129 0.958255 0.36129
50 0.764731 0.287097 0.268436 0.143548
103 0.743662 0.282258 0.358955 0.14086
11 0.763951 0.286492 0.269997 0.145296
73 0.764731 0.287097 0.268436 0.143548
84 0.759659 0.282796 0.295748 0.141935
49 0.764731 0.287097 0.268436 0.143548
95 0.501757 0.46129 0.956694 0.360215
50 0.764731 0.28703 0.268436 0.143145
103 0.756928 0.282191 0.330863 0.140995
11 0.763951 0.286828 0.269997 0.145699
84 0.764731 0.282796 0.284043 0.141935
73 0.764731 0.28703 0.268436 0.143145
76 0.764731 0.282796 0.284043 0.141935
95 0.501367 0.46129 0.955914 0.36129
50 0.764731 0.287366 0.268436 0.144086
103 0.741711 0.282325 0.367539 0.141801
11 0.763561 0.287097 0.270777 0.145699
73 0.764731 0.287366 0.268436 0.144086
22 0.503318 0.46129 0.953573 0.360215
84 0.763951 0.282796 0.291846 0.141935
95 0.501757 0.46129 0.956694 0.36129
103 0.765512 0.282728 0.287164 0.14207
50 0.764731 0.287366 0.268436 0.144086
11 0.763561 0.287097 0.270777 0.145699
73 0.764731 0.287366 0.268436 0.144086
76 0.765512 0.282728 0.287164 0.14207
84 0.765512 0.282728 0.287164 0.14207
95 0.501757 0.46129 0.956694 0.36129
103 0.766292 0.282728 0.280922 0.14207
50 0.764731 0.287702 0.268436 0.143952
76 0.766292 0.282728 0.280922 0.14207
11 0.76317 0.287097 0.269997 0.145161
73 0.764731 0.287702 0.268436 0.143952
84 0.766292 0.282728 0.280922 0.14207
95 0.501367 0.461559 0.955914 0.360753
103 0.766292 0.282728 0.2778 0.14207
50 0.764341 0.287702 0.267656 0.143952
76 0.766292 0.282728 0.2778 0.14207
84 0.766292 0.282728 0.2778 0.14207
11 0.76317 0.287097 0.269997 0.145161
109 0.766292 0.282728 0.2778 0.14207
73 0.764341 0.287702 0.267656 0.143952
95 0.500977 0.461559 0.955134 0.360753
103 0.766292 0.282728 0.27624 0.14207
50 0.764341 0.287634 0.267656 0.143548
76 0.766292 0.282728 0.27624 0.14207
84 0.766292 0.282728 0.27624 0.14207
109 0.766292 0.282728 0.27624 0.14207
7 0.763171 0.287097 0.268436 0.145161
11 0.763171 0.287097 0.268436 0.145161
95 0.500977 0.46129 0.955134 0.36129
103 0.765512 0.282728 0.274679 0.14207
50 0.763951 0.287634 0.268436 0.143548
76 0.765512 0.282728 0.274679 0.14207
84 0.765512 0.282728 0.274679 0.14207
109 0.765512 0.282728 0.274679 0.14207
7 0.76278 0.287097 0.269217 0.144624
95 0.500977 0.46129 0.955134 0.36129
103 0.763951 0.283065 0.274679 0.141935
50 0.763951 0.287634 0.268436 0.143548
76 0.763951 0.283065 0.274679 0.141935
84 0.763951 0.283065 0.274679 0.141935
109 0.763951 0.283065 0.274679 0.141935
95 0.500977 0.46129 0.955134 0.36129
103 0.763171 0.283065 0.27624 0.141935
103 0.710108 0.283065 0.404215 0.141398
50 0.763951 0.287634 0.268436 0.143548
76 0.763171 0.283065 0.27624 0.141935
84 0.763171 0.283065 0.27624 0.141935
109 0.763171 0.283065 0.27624 0.141935
84 0.710108 0.283065 0.404215 0.141398
95 0.499416 0.463172 0.955134 0.357527
103 0.76161 0.283065 0.2778 0.141935
103 0.69372 0.283065 0.435429 0.141398
50 0.763951 0.287634 0.268436 0.143548
76 0.76161 0.283065 0.2778 0.141935
84 0.76161 0.283065 0.2778 0.141935
109 0.76161 0.283065 0.2778 0.141935
103 0.762 0.301613 0.395631 0.174194
84 0.69372 0.283065 0.435429 0.141398
7 0.76278 0.287097 0.269217 0.144086
103 0.526728 0.283871 0.819355 0.143011
109 0.69372 0.283065 0.435429 0.141398
76 0.69372 0.283065 0.435429 0.141398
95 0.499416 0.462903 0.955134 0.358065
103 0.759269 0.283065 0.282482 0.141935
103 0.665238 0.283065 0.492393 0.141398
50 0.763561 0.287634 0.267656 0.143548
76 0.759269 0.283065 0.282482 0.141935
84 0.759269 0.283065 0.282482 0.141935
109 0.759269 0.283065 0.282482 0.141935
103 0.745613 0.300806 0.429966 0.173118
103 0.518925 0.283602 0.836522 0.143011
84 0.665238 0.283065 0.492393 0.141398
95 0.499416 0.462903 0.955134 0.358065
103 0.758879 0.283065 0.283263 0.142473
103 0.659386 0.282863 0.502538 0.141801
50 0.763171 0.287702 0.268436 0.143952
76 0.758879 0.283065 0.283263 0.142473
84 0.758879 0.283065 0.283263 0.142473
103 0.743272 0.298656 0.433088 0.168817
109 0.758879 0.283065 0.283263 0.142473
103 0.517364 0.283401 0.836522 0.142876
84 0.659386 0.282863 0.502538 0.141801
80 0.758879 0.283065 0.283263 0.142473
95 0.499416 0.462903 0.955134 0.358065
103 0.759269 0.283065 0.280922 0.142473
103 0.667969 0.283065 0.48381 0.141935
50 0.763171 0.287702 0.268436 0.143952
84 0.759269 0.283065 0.280922 0.142473
76 0.759269 0.283065 0.280922 0.142473
103 0.747564 0.297312 0.422943 0.166129
109 0.759269 0.283065 0.280922 0.142473
103 0.519315 0.283401 0.83106 0.142876
84 0.667969 0.283065 0.48381 0.141935
80 0.759269 0.283065 0.280922 0.142473
95 0.499416 0.462903 0.955134 0.358065
103 0.76083 0.283065 0.2778 0.142473
103 0.683576 0.283065 0.451035 0.141935
84 0.76083 0.283065 0.2778 0.142473
50 0.763171 0.287634 0.268436 0.143548
76 0.76083 0.283065 0.2778 0.142473
103 0.754197 0.297043 0.408117 0.166129
103 0.523607 0.283333 0.819355 0.143011
109 0.76083 0.283065 0.2778 0.142473
84 0.683576 0.283065 0.451035 0.141935
80 0.76083 0.283065 0.2778 0.142473
95 0.499026 0.462903 0.955914 0.358065
103 0.76161 0.283401 0.274679 0.142876
103 0.698402 0.282728 0.419822 0.14207
84 0.76161 0.283401 0.274679 0.142876
50 0.763171 0.287634 0.268436 0.144086
76 0.76161 0.283401 0.274679 0.142876
103 0.757708 0.296707 0.399533 0.165726
109 0.76161 0.283401 0.274679 0.142876
103 0.526728 0.283333 0.80843 0.143011
84 0.698402 0.282728 0.419822 0.14207
80 0.76161 0.283401 0.274679 0.142876
95 0.499026 0.463172 0.955914 0.358602
103 0.76161 0.283401 0.274679 0.142876
103 0.699963 0.282728 0.41514 0.14207
84 0.76161 0.283401 0.274679 0.142876
76 0.76161 0.283401 0.274679 0.142876
50 0.763171 0.287634 0.268436 0.144086
103 0.755367 0.297312 0.404215 0.166667
103 0.529069 0.283333 0.802187 0.143011
109 0.76161 0.283401 0.274679 0.142876
84 0.699963 0.282728 0.41514 0.14207
95 0.499026 0.462903 0.955914 0.358065
103 0.76122 0.283401 0.275459 0.142876
103 0.694111 0.282728 0.428405 0.14207
84 0.76122 0.283401 0.275459 0.142876
76 0.76122 0.283401 0.275459 0.142876
50 0.763171 0.287634 0.268436 0.144086
103 0.748344 0.298454 0.418261 0.168683
103 0.524777 0.283401 0.80921 0.142876
109 0.76122 0.283401 0.275459 0.142876
84 0.694111 0.282728 0.428405 0.14207
30 0.76161 0.287097 0.269997 0.145161
95 0.499026 0.463172 0.955914 0.358602
103 0.76122 0.283333 0.27702 0.142473
103 0.691379 0.283065 0.433868 0.142473
84 0.76122 0.283333 0.27702 0.142473
76 0.76122 0.283333 0.27702 0.142473
50 0.763171 0.287634 0.268436 0.144086
103 0.523607 0.283333 0.809991 0.143011
103 0.744833 0.298656 0.425284 0.169355
109 0.76122 0.283333 0.27702 0.142473
84 0.691379 0.283065 0.433868 0.142473
30 0.76161 0.287097 0.269997 0.145161
95 0.499026 0.463172 0.955914 0.358602
103 0.76161 0.283065 0.27624 0.142473
103 0.694891 0.283065 0.425284 0.141935
84 0.76161 0.283065 0.27624 0.142473
76 0.76161 0.283065 0.27624 0.142473
50 0.763171 0.287634 0.268436 0.144086
103 0.522046 0.283333 0.811551 0.143011
109 0.76161 0.283065 0.27624 0.142473
103 0.744833 0.29953 0.425284 0.170833
84 0.694891 0.283065 0.425284 0.141935
30 0.76161 0.287097 0.269997 0.145161
95 0.499416 0.463172 0.955134 0.358602
103 0.762 0.283065 0.273899 0.142473
103 0.704255 0.283065 0.406556 0.141935
84 0.762 0.283065 0.273899 0.142473
76 0.762 0.283065 0.273899 0.142473
50 0.763171 0.287634 0.268436 0.144086
103 0.524387 0.283266 0.806869 0.143145
109 0.762 0.283065 0.273899 0.142473
84 0.704255 0.283065 0.406556 0.141935
30 0.76161 0.287097 0.269997 0.145161
103 0.749515 0.299462 0.41592 0.170968
80 0.762 0.283065 0.273899 0.142473
22 0.500197 0.462097 0.958255 0.358602
95 0.499416 0.463172 0.955134 0.358602
103 0.76278 0.283401 0.272338 0.142876
84 0.76278 0.283401 0.272338 0.142876
76 0.76278 0.283401 0.272338 0.142876
50 0.763171 0.287634 0.268436 0.144086
109 0.76278 0.283401 0.272338 0.142876
103 0.529069 0.283602 0.795945 0.143011
30 0.76161 0.287097 0.269997 0.145161
103 0.756538 0.298118 0.400313 0.16828
80 0.76278 0.283401 0.272338 0.142876
22 0.500197 0.462097 0.958255 0.358602
95 0.499416 0.463172 0.955134 0.358602
103 0.763171 0.283401 0.271558 0.142876
84 0.763171 0.283401 0.271558 0.142876
76 0.763171 0.283401 0.271558 0.142876
50 0.763171 0.287567 0.268436 0.14422
109 0.763171 0.283401 0.271558 0.142876
103 0.76239 0.297043 0.387048 0.166129
30 0.76161 0.287097 0.269997 0.145161
103 0.533068 0.283804 0.786386 0.143145
80 0.763171 0.283401 0.271558 0.142876
22 0.500197 0.462366 0.958255 0.358065
95 0.499416 0.463172 0.955134 0.358602
103 0.76317 0.283401 0.269997 0.142876
84 0.76317 0.283401 0.269997 0.142876
76 0.76317 0.283401 0.269997 0.142876
50 0.763171 0.287567 0.268436 0.14422
109 0.76317 0.283401 0.269997 0.142876
103 0.767072 0.296505 0.377684 0.165054
30 0.76161 0.287097 0.269997 0.145161
103 0.536482 0.283871 0.777997 0.143548
80 0.76317 0.283401 0.269997 0.142876
22 0.500197 0.462097 0.958255 0.358602
95 0.499416 0.463172 0.955134 0.358602
103 0.763951 0.283401 0.269997 0.142876
84 0.763951 0.283401 0.269997 0.142876
76 0.763951 0.283401 0.269997 0.142876
50 0.763171 0.287567 0.268436 0.14422
30 0.76161 0.287097 0.269997 0.145161
109 0.763951 0.283401 0.269997 0.142876
103 0.768243 0.297043 0.375343 0.165591
103 0.538336 0.283871 0.77429 0.143548
80 0.763951 0.283401 0.269997 0.142876
22 0.500197 0.462097 0.958255 0.358602
95 0.499416 0.463172 0.955134 0.358602
103 0.763951 0.283401 0.269997 0.142876
84 0.763951 0.283401 0.269997 0.142876
76 0.763951 0.283401 0.269997 0.142876
50 0.76278 0.287567 0.269217 0.14422
30 0.76161 0.28703 0.269997 0.145296
109 0.763951 0.283401 0.269997 0.142876
103 0.769803 0.296707 0.372221 0.164651
80 0.763951 0.283401 0.269997 0.142876
103 0.541457 0.283871 0.768048 0.143011
22 0.500197 0.462097 0.958255 0.358602
95 0.499416 0.462903 0.955134 0.35914
103 0.763561 0.283401 0.270777 0.142876
84 0.763561 0.283401 0.270777 0.142876
76 0.763561 0.283401 0.270777 0.142876
50 0.763171 0.287567 0.268436 0.14422
109 0.763561 0.283401 0.270777 0.142876
30 0.76161 0.287366 0.269997 0.145161
80 0.763561 0.283401 0.270777 0.142876
103 0.766682 0.296237 0.378464 0.163979
103 0.536482 0.283804 0.777997 0.143145
22 0.500197 0.462097 0.956694 0.358602
95 0.499416 0.462903 0.955134 0.35914
103 0.763171 0.283401 0.271558 0.142876
84 0.763171 0.283401 0.271558 0.142876
76 0.763171 0.283401 0.271558 0.142876
50 0.763171 0.287567 0.268436 0.14422
109 0.763171 0.283401 0.271558 0.142876
30 0.762 0.287366 0.270777 0.145161
80 0.763171 0.283401 0.271558 0.142876
22 0.500197 0.462366 0.956694 0.35914
103 0.53141 0.283871 0.789702 0.143011
103 0.763171 0.295699 0.387048 0.162903
95 0.499416 0.463172 0.955134 0.358602
103 0.76239 0.283401 0.273118 0.142876
84 0.76239 0.283401 0.273118 0.142876
76 0.76239 0.283401 0.273118 0.142876
50 0.763171 0.287903 0.268436 0.144624
109 0.76239 0.283401 0.273118 0.142876
30 0.762 0.287366 0.270777 0.145161
22 0.499806 0.462366 0.957475 0.35914
103 0.526338 0.283804 0.801407 0.143145
80 0.76239 0.283401 0.273118 0.142876
95 0.499416 0.463172 0.955134 0.358602
103 0.76239 0.283602 0.273118 0.143011
84 0.76239 0.283602 0.273118 0.143011
76 0.76239 0.283602 0.273118 0.143011
50 0.763171 0.287567 0.268436 0.14422
109 0.76239 0.283602 0.273118 0.143011
103 0.526728 0.28414 0.800627 0.143011
22 0.499806 0.462366 0.957475 0.358065
30 0.762 0.287366 0.270777 0.145161
80 0.76239 0.283602 0.273118 0.143011
103 0.76161 0.294892 0.390169 0.160753
95 0.499416 0.463172 0.955134 0.358602
103 0.76278 0.283602 0.272338 0.143011
84 0.76278 0.283602 0.272338 0.143011
76 0.76278 0.283602 0.272338 0.143011
50 0.763171 0.287903 0.268436 0.144086
109 0.76278 0.283602 0.272338 0.143011
103 0.527508 0.28414 0.799066 0.143548
22 0.499806 0.462366 0.957475 0.358065
30 0.762 0.287366 0.270777 0.145161
80 0.76278 0.283602 0.272338 0.143011
103 0.763951 0.294355 0.383926 0.159677
95 0.499416 0.463172 0.955134 0.358602
103 0.763171 0.283871 0.271558 0.143011
84 0.763171 0.283871 0.271558 0.143011
76 0.763171 0.283871 0.271558 0.143011
50 0.763171 0.287903 0.268436 0.144086
109 0.763171 0.283871 0.271558 0.143011
103 0.529752 0.28414 0.793018 0.143011
80 0.763171 0.283871 0.271558 0.143011
22 0.499806 0.462366 0.957475 0.358065
30 0.762 0.287366 0.270777 0.145161
103 0.768633 0.293011 0.373002 0.156989
95 0.499416 0.463172 0.955134 0.358602
103 0.763561 0.283871 0.270777 0.143011
84 0.763561 0.283871 0.270777 0.143011
76 0.763561 0.283871 0.270777 0.143011
50 0.763171 0.287903 0.268436 0.144086
109 0.763561 0.283871 0.270777 0.143011
103 0.534629 0.28414 0.781704 0.143011
80 0.763561 0.283871 0.270777 0.143011
103 0.772925 0.291868 0.362857 0.154973
22 0.500197 0.462634 0.956694 0.358602
30 0.76239 0.287366 0.269997 0.145161
11 0.76239 0.287366 0.269997 0.145161
95 0.499416 0.463172 0.955134 0.358602
103 0.763951 0.283804 0.269997 0.143145
84 0.763951 0.283804 0.269997 0.143145
76 0.763951 0.283804 0.269997 0.143145
50 0.763171 0.288105 0.268436 0.14422
109 0.763951 0.283804 0.269997 0.143145
103 0.53775 0.28414 0.775461 0.143548
80 0.763951 0.283804 0.269997 0.143145
103 0.774876 0.291667 0.357395 0.154839
22 0.499806 0.462634 0.957475 0.358602
30 0.76239 0.287634 0.269997 0.145161
11 0.76239 0.287634 0.269997 0.145161
95 0.499416 0.463172 0.955134 0.358602
103 0.763951 0.284341 0.269997 0.143145
84 0.763951 0.284341 0.269997 0.143145
76 0.763951 0.284341 0.269997 0.143145
50 0.763171 0.288105 0.268436 0.14422
109 0.763951 0.284341 0.269997 0.143145
103 0.541164 0.284409 0.767072 0.143548
80 0.763951 0.284341 0.269997 0.143145
103 0.775461 0.291667 0.353103 0.154301
22 0.499806 0.462634 0.957475 0.358602
11 0.76239 0.287634 0.269997 0.145161
30 0.76239 0.287634 0.269997 0.145161
95 0.499416 0.463172 0.955134 0.358602
103 0.763951 0.284341 0.269997 0.143145
84 0.763951 0.284341 0.269997 0.143145
76 0.763951 0.284341 0.269997 0.143145
50 0.763171 0.288105 0.268436 0.14422
109 0.763951 0.284341 0.269997 0.143145
103 0.546139 0.284409 0.755562 0.143548
80 0.763951 0.284341 0.269997 0.143145
22 0.499806 0.462634 0.957475 0.358602
30 0.76239 0.287634 0.269997 0.145161
11 0.76239 0.287634 0.269997 0.145161
95 0.499416 0.463172 0.955134 0.358602
103 0.763951 0.284341 0.269997 0.143145
84 0.763951 0.284341 0.269997 0.143145
76 0.763951 0.284341 0.269997 0.143145
50 0.763171 0.288105 0.268436 0.14422
109 0.763951 0.284341 0.269997 0.143145
103 0.548187 0.284409 0.749905 0.143548
80 0.763951 0.284341 0.269997 0.143145
22 0.499806 0.462634 0.957475 0.358602
30 0.76239 0.287634 0.269997 0.145161
11 0.76239 0.287634 0.269997 0.145161
95 0.499416 0.463441 0.955134 0.358065
103 0.764341 0.284341 0.269217 0.143145
84 0.764341 0.284341 0.269217 0.143145
76 0.764341 0.284341 0.269217 0.143145
50 0.763171 0.288105 0.268436 0.14422
109 0.764341 0.284341 0.269217 0.143145
103 0.556283 0.284409 0.732152 0.143548
80 0.764341 0.284341 0.269217 0.143145
30 0.76239 0.287634 0.269997 0.145161
11 0.76239 0.287634 0.269997 0.145161
22 0.499806 0.462903 0.957475 0.358065
95 0.499416 0.463441 0.955134 0.358065
103 0.764341 0.284341 0.269217 0.143145
84 0.764341 0.284341 0.269217 0.143145
76 0.764341 0.284341 0.269217 0.143145
109 0.764341 0.284341 0.269217 0.143145
50 0.763171 0.288105 0.268436 0.14422
103 0.557942 0.284341 0.727275 0.143145
80 0.764341 0.284341 0.269217 0.143145
22 0.499806 0.462903 0.957475 0.358065
11 0.76239 0.287634 0.269997 0.145161
30 0.76239 0.287634 0.269997 0.145161
48 0.764341 0.284341 0.269217 0.143145
95 0.499416 0.463441 0.955134 0.358065
103 0.764341 0.284341 0.269217 0.143145
84 0.764341 0.284341 0.269217 0.143145
76 0.764341 0.284341 0.269217 0.143145
109 0.764341 0.284341 0.269217 0.143145
50 0.763171 0.288105 0.268436 0.14422
80 0.764341 0.284341 0.269217 0.143145
103 0.561063 0.284341 0.721032 0.143145
22 0.499806 0.462903 0.957475 0.358065
11 0.76239 0.287634 0.269997 0.145161
30 0.76239 0.287634 0.269997 0.145161
48 0.764341 0.284341 0.269217 0.143145
95 0.499416 0.463441 0.955134 0.358065
103 0.764731 0.284409 0.268436 0.143548
84 0.764731 0.284409 0.268436 0.143548
76 0.764731 0.284409 0.268436 0.143548
109 0.764731 0.284409 0.268436 0.143548
80 0.764731 0.284409 0.268436 0.143548
50 0.763171 0.288172 0.268436 0.144086
103 0.563794 0.284677 0.71557 0.143548
11 0.76239 0.287634 0.269997 0.145161
22 0.499806 0.462903 0.957475 0.358065
30 0.76239 0.287634 0.269997 0.145161
48 0.764731 0.284409 0.268436 0.143548
95 0.499416 0.463441 0.955134 0.358065
103 0.764731 0.284677 0.268436 0.143548
84 0.764731 0.284677 0.268436 0.143548
76 0.764731 0.284677 0.268436 0.143548
109 0.764731 0.284677 0.268436 0.143548
80 0.764731 0.284677 0.268436 0.143548
103 0.568476 0.284677 0.706206 0.143548
50 0.763171 0.288105 0.268436 0.14422
22 0.499806 0.462903 0.957475 0.358065
30 0.76239 0.287634 0.269997 0.145161
11 0.76239 0.287634 0.269997 0.145161
48 0.767072 0.284946 0.284043 0.143011
95 0.499416 0.463441 0.955134 0.358065
103 0.764731 0.284409 0.268436 0.143548
84 0.764731 0.284409 0.268436 0.143548
76 0.764731 0.284409 0.268436 0.143548
109 0.764731 0.284409 0.268436 0.143548
103 0.575011 0.284677 0.691574 0.143548
80 0.764731 0.284409 0.268436 0.143548
50 0.763171 0.288105 0.268436 0.14422
22 0.499806 0.462903 0.957475 0.358065
30 0.762 0.287634 0.270777 0.145161
48 0.766682 0.284946 0.283263 0.143011
11 0.762 0.287634 0.270777 0.145161
95 0.499416 0.463441 0.955134 0.358065
103 0.764731 0.284476 0.268436 0.143952
84 0.764731 0.284476 0.268436 0.143952
76 0.764731 0.284476 0.268436 0.143952
109 0.764731 0.284476 0.268436 0.143952
80 0.764731 0.284476 0.268436 0.143952
103 0.580962 0.284677 0.681235 0.143548
50 0.763171 0.287903 0.268436 0.144086
30 0.762 0.287634 0.270777 0.145161
22 0.499416 0.462903 0.958255 0.358065
48 0.766682 0.284946 0.283263 0.143011
11 0.762 0.287634 0.270777 0.145161
99 0.764731 0.284476 0.268436 0.143952
95 0.499416 0.463441 0.955134 0.358065
103 0.764731 0.284476 0.268436 0.143952
84 0.764731 0.284476 0.268436 0.143952
76 0.764731 0.284476 0.268436 0.143952
80 0.764731 0.284476 0.268436 0.143952
109 0.764731 0.284476 0.268436 0.143952
103 0.584376 0.284677 0.675968 0.143548
50 0.763171 0.288105 0.268436 0.14422
30 0.762 0.287634 0.270777 0.145161
48 0.767072 0.284946 0.284043 0.143011
22 0.499416 0.462903 0.958255 0.358065
11 0.762 0.287634 0.270777 0.145161
95 0.499416 0.463172 0.955134 0.358602
103 0.764731 0.284677 0.268436 0.143548
84 0.764731 0.284677 0.268436 0.143548
76 0.764731 0.284677 0.268436 0.143548
80 0.764731 0.284677 0.268436 0.143548
109 0.764731 0.284677 0.268436 0.143548
103 0.586912 0.284879 0.670896 0.143145
50 0.763171 0.287903 0.268436 0.144086
30 0.762 0.287634 0.270777 0.145161
48 0.767072 0.284879 0.284043 0.143145
22 0.499416 0.462903 0.958255 0.358065
11 0.762 0.287634 0.270777 0.145161
95 0.499416 0.463172 0.955134 0.358602
103 0.764731 0.284677 0.268436 0.143548
84 0.764731 0.284677 0.268436 0.143548
76 0.764731 0.284677 0.268436 0.143548
80 0.764731 0.284677 0.268436 0.143548
109 0.764731 0.284677 0.268436 0.143548
103 0.587497 0.284677 0.671286 0.143548
50 0.763171 0.288172 0.268436 0.144086
30 0.762 0.287567 0.270777 0.145296
22 0.499416 0.462903 0.958255 0.358065
48 0.767072 0.284946 0.284043 0.143011
11 0.762 0.287567 0.270777 0.145296
95 0.499416 0.463172 0.955134 0.358602
103 0.764731 0.284409 0.268436 0.143548
84 0.764731 0.284409 0.268436 0.143548
76 0.764731 0.284409 0.268436 0.143548
80 0.764731 0.284409 0.268436 0.143548
103 0.585253 0.284677 0.675773 0.143548
50 0.763171 0.288172 0.268436 0.144086
109 0.764731 0.284409 0.268436 0.143548
30 0.762 0.287634 0.270777 0.145161
22 0.499026 0.462903 0.957475 0.358065
48 0.766682 0.284946 0.284823 0.143011
11 0.762 0.287634 0.270777 0.145161
95 0.499416 0.463172 0.955134 0.358602
103 0.764341 0.284677 0.269217 0.143548
84 0.764341 0.284677 0.269217 0.143548
76 0.764341 0.284677 0.269217 0.143548
80 0.764341 0.284677 0.269217 0.143548
50 0.76278 0.288172 0.269217 0.144086
103 0.579401 0.284946 0.689038 0.143548
109 0.764341 0.284677 0.269217 0.143548
30 0.762 0.287634 0.270777 0.145161
22 0.499026 0.462903 0.957475 0.358065
48 0.766682 0.284946 0.284823 0.143011
95 0.499416 0.463172 0.955134 0.358602
103 0.764341 0.284677 0.269217 0.143548
84 0.764341 0.284677 0.269217 0.143548
76 0.764341 0.284677 0.269217 0.143548
80 0.764341 0.284677 0.269217 0.143548
30 0.76161 0.287567 0.271558 0.145296
50 0.76278 0.288172 0.269217 0.144086
22 0.499026 0.462903 0.957475 0.358065
103 0.575207 0.285013 0.697427 0.143952
109 0.764341 0.284677 0.269217 0.143548
48 0.766292 0.284946 0.285604 0.143011
95 0.499416 0.463172 0.955134 0.358602
103 0.763951 0.284677 0.269997 0.143548
84 0.763951 0.284677 0.269997 0.143548
76 0.763951 0.284677 0.269997 0.143548
80 0.763951 0.284677 0.269997 0.143548
30 0.76161 0.287634 0.271558 0.145699
22 0.498636 0.462903 0.958255 0.358065
50 0.76278 0.288172 0.269217 0.144086
103 0.574231 0.284946 0.700939 0.144086
109 0.763951 0.284677 0.269997 0.143548
48 0.767072 0.285215 0.285604 0.143548
95 0.499416 0.463172 0.955134 0.358602
103 0.763951 0.284409 0.269997 0.143548
84 0.763951 0.284409 0.269997 0.143548
76 0.763951 0.284409 0.269997 0.143548
80 0.763951 0.284409 0.269997 0.143548
30 0.76161 0.287634 0.271558 0.145699
22 0.498636 0.462903 0.958255 0.35914
50 0.76278 0.288105 0.269217 0.14422
103 0.574329 0.284946 0.700743 0.144086
109 0.763951 0.284409 0.269997 0.143548
95 0.499416 0.463172 0.955134 0.358602
103 0.764341 0.284476 0.269217 0.143952
84 0.764341 0.284476 0.269217 0.143952
76 0.764341 0.284476 0.269217 0.143952
80 0.764341 0.284476 0.269217 0.143952
30 0.76161 0.287567 0.271558 0.145296
22 0.499416 0.462903 0.958255 0.35914
50 0.76278 0.288172 0.269217 0.144086
103 0.575499 0.284946 0.698402 0.144086
109 0.764341 0.284476 0.269217 0.143952
48 0.767072 0.285215 0.285604 0.143548
95 0.499416 0.463172 0.955134 0.358602
103 0.764731 0.284476 0.269997 0.143952
84 0.764731 0.284476 0.269997 0.143952
76 0.764731 0.284476 0.269997 0.143952
80 0.764731 0.284476 0.269997 0.143952
30 0.76161 0.287567 0.271558 0.145296
22 0.499416 0.462903 0.958255 0.35914
50 0.76278 0.288105 0.269217 0.14422
103 0.574329 0.284946 0.700743 0.144086
48 0.767072 0.284879 0.285604 0.143145
95 0.499416 0.463172 0.955134 0.358602
103 0.764341 0.284409 0.269217 0.143548
84 0.764341 0.284409 0.269217 0.143548
76 0.764341 0.284409 0.269217 0.143548
80 0.764341 0.284409 0.269217 0.143548
30 0.76161 0.287634 0.271558 0.145699
22 0.498636 0.462903 0.958255 0.35914
103 0.575207 0.284946 0.700548 0.144086
50 0.76278 0.288105 0.269217 0.14422
48 0.767072 0.284879 0.285604 0.143145
95 0.499416 0.463172 0.955134 0.358602
103 0.764341 0.284476 0.269217 0.143952
84 0.764341 0.284476 0.269217 0.143952
76 0.764341 0.284476 0.269217 0.143952
80 0.764341 0.284476 0.269217 0.143952
30 0.76161 0.287903 0.271558 0.145699
22 0.498636 0.462903 0.958255 0.35914
103 0.575109 0.284946 0.700743 0.144086
48 0.767072 0.284879 0.285604 0.143145
50 0.763171 0.288172 0.268436 0.144086
95 0.499416 0.463172 0.955134 0.358602
103 0.764341 0.284476 0.269217 0.143952
84 0.764341 0.284476 0.269217 0.143952
76 0.764341 0.284476 0.269217 0.143952
30 0.76161 0.287903 0.271558 0.145699
80 0.764341 0.284476 0.269217 0.143952
22 0.498636 0.462903 0.958255 0.35914
103 0.572085 0.284879 0.706791 0.14422
48 0.767072 0.285215 0.285604 0.143548
50 0.76278 0.288172 0.269217 0.144086
95 0.499416 0.462903 0.955134 0.35914
103 0.763951 0.284476 0.269997 0.143952
84 0.763951 0.284476 0.269997 0.143952
76 0.763951 0.284476 0.269997 0.143952
30 0.76161 0.287903 0.271558 0.145699
80 0.763951 0.284476 0.269997 0.143952
22 0.499416 0.462903 0.958255 0.35914
48 0.763951 0.284476 0.269997 0.143952
95 0.499416 0.462903 0.955134 0.35914
103 0.764341 0.284409 0.269217 0.143548
84 0.764341 0.284409 0.269217 0.143548
76 0.764341 0.284409 0.269217 0.143548
30 0.76161 0.287903 0.271558 0.145699
80 0.764341 0.284409 0.269217 0.143548
22 0.499416 0.462903 0.958255 0.35914
48 0.764341 0.284409 0.269217 0.143548
95 0.498636 0.462903 0.955134 0.35914
103 0.764341 0.284409 0.269217 0.143548
84 0.764341 0.284409 0.269217 0.143548
76 0.764341 0.284409 0.269217 0.143548
30 0.76161 0.287903 0.271558 0.145699
80 0.764341 0.284409 0.269217 0.143548
22 0.499416 0.462903 0.958255 0.35914
48 0.764341 0.284409 0.269217 0.143548
95 0.499416 0.462903 0.958255 0.360215
103 0.764341 0.284409 0.269217 0.143548
84 0.764341 0.284409 0.269217 0.143548
76 0.764341 0.284409 0.269217 0.143548
30 0.76161 0.287903 0.271558 0.145699
80 0.764341 0.284409 0.269217 0.143548
22 0.499416 0.462903 0.958255 0.360215
48 0.764341 0.284409 0.269217 0.143548
95 0.499026 0.462634 0.957475 0.359677
103 0.764341 0.284409 0.269217 0.143548
84 0.764341 0.284409 0.269217 0.143548
76 0.764341 0.284409 0.269217 0.143548
30 0.76161 0.287903 0.271558 0.145699
80 0.764341 0.284409 0.269217 0.143548
22 0.499026 0.462634 0.957475 0.359677
48 0.764341 0.284409 0.269217 0.143548
95 0.499026 0.462634 0.957475 0.359677
103 0.764341 0.284409 0.269217 0.143548
84 0.764341 0.284409 0.269217 0.143548
76 0.764341 0.284409 0.269217 0.143548
30 0.76161 0.287903 0.271558 0.145699
80 0.764341 0.284409 0.269217 0.143548
22 0.499026 0.462634 0.957475 0.359677
48 0.764341 0.284409 0.269217 0.143548
95 0.499026 0.462634 0.957475 0.359677
103 0.764341 0.284409 0.269217 0.143548
84 0.764341 0.284409 0.269217 0.143548
76 0.764341 0.284409 0.269217 0.143548
30 0.76161 0.287634 0.271558 0.145699
80 0.764341 0.284409 0.269217 0.143548
22 0.499026 0.462634 0.957475 0.359677
48 0.764341 0.284409 0.269217 0.143548
95 0.499026 0.462634 0.957475 0.359677
103 0.764341 0.284409 0.269217 0.143548
84 0.764341 0.284409 0.269217 0.143548
76 0.764341 0.284409 0.269217 0.143548
30 0.76161 0.287702 0.271558 0.146102
80 0.764341 0.284409 0.269217 0.143548
22 0.499026 0.462634 0.957475 0.359677
48 0.764341 0.284409 0.269217 0.143548
95 0.499416 0.462634 0.956694 0.359677
103 0.764341 0.284409 0.269217 0.143548
84 0.764341 0.284409 0.269217 0.143548
76 0.764341 0.284409 0.269217 0.143548
30 0.76161 0.287634 0.271558 0.145699
22 0.499416 0.462634 0.956694 0.359677
80 0.764341 0.284409 0.269217 0.143548
95 0.499416 0.462634 0.956694 0.359677
103 0.764341 0.284409 0.269217 0.143548
84 0.764341 0.284409 0.269217 0.143548
76 0.764341 0.284409 0.269217 0.143548
30 0.76161 0.287702 0.271558 0.146102
22 0.499416 0.462634 0.956694 0.359677
80 0.764341 0.284409 0.269217 0.143548
95 0.499416 0.462903 0.956694 0.360215
103 0.764341 0.284409 0.269217 0.143548
84 0.764341 0.284409 0.269217 0.143548
76 0.764341 0.284409 0.269217 0.143548
30 0.76161 0.287702 0.271558 0.146102
22 0.499416 0.462903 0.956694 0.360215
80 0.764341 0.284409 0.269217 0.143548
48 0.764341 0.284409 0.269217 0.143548
95 0.499416 0.462903 0.956694 0.360215
103 0.764341 0.284409 0.269217 0.143548
84 0.764341 0.284409 0.269217 0.143548
30 0.76161 0.287702 0.271558 0.146102
76 0.764341 0.284409 0.269217 0.143548
22 0.499416 0.462903 0.956694 0.360215
80 0.764341 0.284409 0.269217 0.143548
48 0.764341 0.284409 0.269217 0.143548
95 0.499806 0.462903 0.957475 0.360215
103 0.764341 0.284409 0.269217 0.143548
84 0.764341 0.284409 0.269217 0.143548
30 0.76161 0.287702 0.271558 0.146102
76 0.764341 0.284409 0.269217 0.143548
22 0.499806 0.462903 0.957475 0.360215
80 0.764341 0.284409 0.269217 0.143548
103 0.594617 0.284946 0.655484 0.144086
48 0.764341 0.284409 0.269217 0.143548
95 0.499806 0.462903 0.957475 0.360215
103 0.764341 0.284409 0.269217 0.143548
84 0.764341 0.284409 0.269217 0.143548
30 0.76161 0.287702 0.271558 0.146102
76 0.764341 0.284409 0.269217 0.143548
22 0.499806 0.462903 0.957475 0.360215
80 0.764341 0.284409 0.269217 0.143548
103 0.5993 0.284946 0.64612 0.144086
48 0.764341 0.284409 0.269217 0.143548
95 0.499806 0.462903 0.957475 0.360215
103 0.764341 0.284409 0.269217 0.143011
84 0.764341 0.284409 0.269217 0.143011
30 0.76161 0.287702 0.271558 0.146102
76 0.764341 0.284409 0.269217 0.143011
22 0.499806 0.462903 0.957475 0.360215
103 0.5993 0.284946 0.64612 0.144086
80 0.764341 0.284409 0.269217 0.143011
48 0.764341 0.284409 0.269217 0.143011
95 0.499806 0.462903 0.957475 0.360215
103 0.764341 0.284409 0.269217 0.143548
84 0.764341 0.284409 0.269217 0.143548
30 0.76161 0.287702 0.271558 0.146102
76 0.764341 0.284409 0.269217 0.143548
22 0.499806 0.462903 0.957475 0.360215
103 0.602421 0.284946 0.639877 0.144086
48 0.764341 0.284409 0.269217 0.143548
80 0.764341 0.284409 0.269217 0.143548
95 0.499806 0.462903 0.957475 0.360215
103 0.764341 0.284341 0.269217 0.143145
84 0.764341 0.284341 0.269217 0.143145
30 0.76161 0.287702 0.271558 0.146102
22 0.499806 0.462903 0.957475 0.360215
76 0.764341 0.284341 0.269217 0.143145
95 0.500197 0.462903 0.956694 0.360215
103 0.764341 0.284341 0.269217 0.143145
84 0.764341 0.284341 0.269217 0.143145
30 0.76161 0.287702 0.271558 0.146102
22 0.500197 0.462903 0.956694 0.360215
76 0.764341 0.284341 0.269217 0.143145
95 0.500197 0.462903 0.956694 0.360215
103 0.764341 0.284341 0.269217 0.143145
84 0.764341 0.284341 0.269217 0.143145
30 0.762 0.287702 0.270777 0.146102
22 0.500197 0.462903 0.956694 0.360215
76 0.764341 0.284341 0.269217 0.143145
95 0.500197 0.462903 0.956694 0.360215
103 0.764341 0.284677 0.269217 0.143548
84 0.764341 0.284677 0.269217 0.143548
30 0.762 0.287702 0.270777 0.146102
22 0.500197 0.462903 0.956694 0.360215
76 0.764341 0.284677 0.269217 0.143548
95 0.500197 0.462903 0.956694 0.360215
103 0.764341 0.284341 0.269217 0.143145
84 0.764341 0.284341 0.269217 0.143145
30 0.762 0.287903 0.270777 0.145699
22 0.500197 0.462903 0.956694 0.360215
76 0.764341 0.284341 0.269217 0.143145
95 0.500197 0.462903 0.956694 0.360215
103 0.763951 0.284409 0.269997 0.143011
84 0.763951 0.284409 0.269997 0.143011
22 0.500197 0.462903 0.956694 0.360215
30 0.762 0.287702 0.270777 0.146102
76 0.763951 0.284409 0.269997 0.143011
95 0.500197 0.462903 0.956694 0.36129
103 0.763951 0.284341 0.269997 0.143145
84 0.763951 0.284341 0.269997 0.143145
22 0.500197 0.462903 0.956694 0.36129
30 0.762 0.287702 0.270777 0.146102
76 0.763951 0.284341 0.269997 0.143145
95 0.500197 0.463172 0.956694 0.360753
103 0.763951 0.284341 0.269997 0.143145
84 0.763951 0.284341 0.269997 0.143145
22 0.500197 0.463172 0.956694 0.360753
30 0.762 0.287702 0.270777 0.146102
95 0.500197 0.462903 0.956694 0.360215
103 0.763951 0.284677 0.269997 0.143548
84 0.763951 0.284677 0.269997 0.143548
22 0.500197 0.462903 0.956694 0.360215
30 0.762 0.287702 0.270777 0.146102
95 0.500197 0.462903 0.956694 0.360215
103 0.763951 0.284677 0.269997 0.143548
84 0.763951 0.284677 0.269997 0.143548
22 0.500197 0.462903 0.956694 0.360215
30 0.762 0.287702 0.270777 0.146102
95 0.500197 0.463172 0.956694 0.360753
103 0.763951 0.284677 0.271558 0.143548
84 0.763951 0.284677 0.271558 0.143548
22 0.501757 0.460215 0.953573 0.366667
30 0.762 0.287702 0.270777 0.146102
95 0.500197 0.463172 0.956694 0.360753
103 0.763561 0.284677 0.272338 0.143011
22 0.501757 0.460215 0.953573 0.366667
84 0.763561 0.284677 0.272338 0.143011
30 0.762 0.287702 0.270777 0.146102
95 0.500197 0.463172 0.956694 0.360753
103 0.763171 0.284677 0.273118 0.143548
22 0.501757 0.460215 0.953573 0.366667
84 0.763171 0.284677 0.273118 0.143548
30 0.762 0.287903 0.270777 0.145699
95 0.500197 0.463172 0.956694 0.360753
103 0.76317 0.284677 0.274679 0.143548
22 0.501757 0.460484 0.953573 0.367204
84 0.76317 0.284677 0.274679 0.143548
30 0.762 0.287903 0.270777 0.146237
95 0.500197 0.463172 0.956694 0.360753
103 0.76317 0.284677 0.274679 0.143548
22 0.501757 0.460484 0.953573 0.367204
84 0.76317 0.284677 0.274679 0.143548
30 0.762 0.287903 0.270777 0.146237
95 0.500197 0.463172 0.956694 0.360753
103 0.76317 0.284677 0.274679 0.143548
22 0.501757 0.460215 0.953573 0.367742
84 0.76317 0.284677 0.274679 0.143548
95 0.500197 0.463172 0.956694 0.360753
103 0.76317 0.284879 0.274679 0.143145
22 0.501757 0.460215 0.953573 0.367742
84 0.76317 0.284879 0.274679 0.143145
95 0.500197 0.463172 0.956694 0.360753
103 0.76278 0.284879 0.275459 0.143145
22 0.501757 0.460215 0.953573 0.367742
84 0.76278 0.284879 0.275459 0.143145
95 0.500197 0.462903 0.956694 0.36129
103 0.76239 0.284879 0.27624 0.143145
22 0.501757 0.460215 0.953573 0.367742
95 0.500197 0.462903 0.956694 0.36129
103 0.76239 0.284677 0.27624 0.143011
22 0.501757 0.460215 0.953573 0.367742
95 0.500197 0.463172 0.956694 0.360753
103 0.762 0.284879 0.27702 0.143145
22 0.502538 0.460215 0.953573 0.367742
95 0.500587 0.463172 0.955914 0.360753
103 0.762 0.284677 0.278581 0.143011
22 0.502538 0.459946 0.953573 0.36828
95 0.500587 0.463172 0.955914 0.360753
103 0.76161 0.284879 0.279361 0.143145
22 0.501757 0.459946 0.953573 0.36828
95 0.500587 0.462903 0.955914 0.36129
103 0.76161 0.284879 0.280922 0.143145
22 0.501757 0.459946 0.953573 0.36828
95 0.500587 0.463172 0.955914 0.360753
103 0.76161 0.284879 0.282482 0.143145
22 0.501757 0.459677 0.953573 0.368817
95 0.500587 0.462903 0.955914 0.36129
103 0.76161 0.284677 0.282482 0.143548
22 0.501757 0.459677 0.953573 0.368817
95 0.500587 0.463172 0.955914 0.360753
103 0.76122 0.284946 0.284823 0.143548
22 0.501757 0.459677 0.953573 0.368817
95 0.500587 0.462903 0.955914 0.36129
103 0.724544 0.284409 0.376903 0.144086
22 0.501757 0.459677 0.953573 0.368817
95 0.499416 0.463441 0.952012 0.36129
22 0.501757 0.459677 0.953573 0.368817
103 0.720642 0.284409 0.384707 0.144086
95 0.499416 0.463441 0.952012 0.36129
22 0.501757 0.459677 0.953573 0.368817
103 0.718691 0.284409 0.390169 0.144086
95 0.499416 0.463441 0.952012 0.36129
22 0.501757 0.459677 0.953573 0.368817
103 0.718691 0.284409 0.39173 0.144086
95 0.499416 0.463441 0.952012 0.36129
22 0.501757 0.459677 0.953573 0.368817
103 0.71518 0.284409 0.400313 0.144086
95 0.499416 0.463441 0.952012 0.36129
22 0.501757 0.459677 0.953573 0.368817
103 0.712448 0.284341 0.407336 0.14422
95 0.499416 0.463441 0.952012 0.36129
22 0.501757 0.459677 0.953573 0.368817
103 0.713229 0.284409 0.407336 0.144086
95 0.499416 0.463441 0.952012 0.36129
22 0.501757 0.459677 0.953573 0.368817
95 0.499416 0.463441 0.952012 0.36129
22 0.501757 0.459946 0.953573 0.369355
95 0.499416 0.463441 0.952012 0.36129
22 0.501757 0.459946 0.953573 0.369355
95 0.499416 0.463441 0.952012 0.36129
22 0.501757 0.459946 0.953573 0.369355
95 0.499416 0.463441 0.952012 0.36129
22 0.501757 0.459946 0.953573 0.369355
95 0.499416 0.463441 0.952012 0.36129
22 0.501757 0.459946 0.953573 0.369355
95 0.499416 0.463441 0.952012 0.36129
22 0.501757 0.459946 0.953573 0.369355
95 0.499416 0.463441 0.952012 0.36129
22 0.501757 0.459946 0.953573 0.369355
95 0.499416 0.463441 0.952012 0.36129
22 0.501757 0.459946 0.953573 0.369355
95 0.499416 0.463441 0.952012 0.36129
22 0.500977 0.459946 0.953573 0.369355
95 0.499416 0.463441 0.952012 0.36129
22 0.500977 0.459946 0.953573 0.369355
95 0.499416 0.463441 0.952012 0.36129
22 0.501757 0.459946 0.953573 0.369355
95 0.499416 0.463441 0.952012 0.36129
22 0.501757 0.459946 0.953573 0.369355
95 0.499416 0.463441 0.952012 0.36129
22 0.501757 0.459946 0.953573 0.369355
95 0.499416 0.463441 0.952012 0.36129
22 0.500977 0.459946 0.953573 0.369355
95 0.499416 0.463441 0.952012 0.36129
22 0.500977 0.459946 0.953573 0.369355
95 0.499416 0.463441 0.952012 0.36129
22 0.500977 0.460215 0.953573 0.369892
95 0.499416 0.463441 0.952012 0.36129
22 0.501757 0.460215 0.953573 0.369892
95 0.499416 0.463978 0.952012 0.36129
22 0.501757 0.460215 0.953573 0.369892
95 0.499416 0.463978 0.952012 0.36129
22 0.501757 0.460215 0.953573 0.369892
95 0.499416 0.463978 0.952012 0.36129
22 0.500977 0.460215 0.953573 0.369892
95 0.499416 0.46371 0.952012 0.360753
22 0.501757 0.460215 0.953573 0.369892
95 0.499416 0.46371 0.952012 0.360753
22 0.501757 0.460215 0.953573 0.369892
95 0.499416 0.46371 0.952012 0.360753
22 0.501757 0.460215 0.953573 0.369892
95 0.499416 0.46371 0.952012 0.360753
22 0.500977 0.460215 0.953573 0.369892
95 0.499416 0.46371 0.952012 0.360753
22 0.500977 0.460484 0.953573 0.369355
95 0.499416 0.46371 0.952012 0.360753
22 0.500977 0.460484 0.953573 0.369355
95 0.499416 0.46371 0.952012 0.360753
22 0.500977 0.460753 0.953573 0.368817
95 0.499416 0.46371 0.952012 0.360753
22 0.500977 0.460753 0.953573 0.368817
95 0.499416 0.46371 0.952012 0.360753
22 0.500977 0.460753 0.953573 0.368817
95 0.499416 0.46371 0.952012 0.360753
22 0.500587 0.460753 0.952793 0.368817
95 0.499416 0.46371 0.952012 0.360753
22 0.500977 0.460753 0.953573 0.368817
95 0.499416 0.46371 0.952012 0.360753
95 0.499416 0.46371 0.952012 0.360753
95 0.499416 0.46371 0.952012 0.360753
95 0.499416 0.463978 0.952012 0.360215
95 0.499416 0.464247 0.952012 0.360753
95 0.499416 0.463978 0.952012 0.36129
95 0.499416 0.464247 0.952012 0.360753
95 0.499416 0.463978 0.952012 0.36129
95 0.499416 0.463978 0.952012 0.36129
95 0.499416 0.464247 0.952012 0.360753
95 0.499416 0.464247 0.952012 0.360753
95 0.499416 0.464247 0.952012 0.360753
95 0.499416 0.464247 0.952012 0.360753
95 0.499416 0.464247 0.952012 0.360753
95 0.499416 0.464247 0.952012 0.360753
95 0.499416 0.464247 0.952012 0.360753
95 0.499416 0.464247 0.952012 0.360753
95 0.499416 0.464247 0.952012 0.360753
95 0.499416 0.464247 0.952012 0.360753
95 0.499416 0.464247 0.952012 0.360753
95 0.499416 0.464247 0.952012 0.360753
95 0.499416 0.464247 0.952012 0.360753
95 0.499416 0.464516 0.952012 0.36129
95 0.499416 0.464516 0.952012 0.36129
95 0.499416 0.464516 0.952012 0.36129
95 0.499416 0.464516 0.952012 0.36129
95 0.499416 0.464516 0.952012 0.36129
95 0.499416 0.464516 0.952012 0.36129
95 0.499416 0.464516 0.952012 0.36129
95 0.499416 0.464516 0.952012 0.36129
95 0.499416 0.464516 0.952012 0.36129
95 0.499416 0.464516 0.952012 0.36129
95 0.499416 0.464516 0.952012 0.36129
95 0.500197 0.464516 0.952012 0.36129
95 0.499416 0.464516 0.952012 0.36129
95 0.500197 0.464516 0.952012 0.36129
95 0.500197 0.464516 0.952012 0.36129
95 0.500197 0.464516 0.952012 0.36129
95 0.500197 0.464516 0.952012 0.36129
95 0.500197 0.464785 0.952012 0.360753
95 0.500197 0.464516 0.952012 0.36129
95 0.500197 0.464785 0.952012 0.360753
95 0.500197 0.464785 0.952012 0.360753
95 0.500197 0.464785 0.952012 0.360753
95 0.500197 0.464785 0.952012 0.360753
95 0.500197 0.464516 0.952012 0.36129
95 0.499806 0.464516 0.951232 0.36129
95 0.499806 0.464785 0.951232 0.360753
95 0.500197 0.464785 0.950452 0.360753
95 0.500197 0.464785 0.950452 0.360753
95 0.500197 0.464785 0.950452 0.360753
95 0.500197 0.464785 0.950452 0.360753
95 0.500197 0.464785 0.950452 0.360753
95 0.500197 0.464785 0.950452 0.360753
95 0.500197 0.464785 0.950452 0.360753
95 0.500197 0.464785 0.950452 0.360753
95 0.500197 0.464785 0.950452 0.360753
95 0.500197 0.464785 0.950452 0.360753
95 0.500197 0.464785 0.950452 0.360753
95 0.500197 0.464785 0.950452 0.360753
95 0.499416 0.464785 0.950452 0.360753
95 0.499806 0.464785 0.949671 0.360753
95 0.499416 0.464785 0.950452 0.360753
95 0.499806 0.464785 0.949671 0.360753
95 0.499806 0.464785 0.949671 0.360753
95 0.499806 0.464785 0.949671 0.360753
95 0.499806 0.464785 0.949671 0.360753
95 0.499416 0.464785 0.950452 0.360753
95 0.499416 0.464785 0.948891 0.360753
95 0.499416 0.464785 0.948891 0.360753
95 0.499416 0.464785 0.948891 0.360753
95 0.499416 0.464785 0.948891 0.360753
95 0.499416 0.464785 0.948891 0.360753
95 0.499416 0.464785 0.948891 0.360753
95 0.499416 0.464785 0.948891 0.360753
95 0.499416 0.464785 0.948891 0.360753
95 0.499416 0.464785 0.948891 0.360753
95 0.499416 0.464785 0.948891 0.360753
95 0.499026 0.464785 0.949671 0.360753
95 0.499026 0.464785 0.949671 0.360753
95 0.499026 0.464785 0.949671 0.360753
95 0.499026 0.464785 0.949671 0.360753
95 0.499026 0.464785 0.949671 0.360753
95 0.499026 0.464785 0.949671 0.360753
95 0.499416 0.463441 0.952012 0.36129
22 0.500977 0.460215 0.953573 0.369892
