50 0.483301 0.438642 0.955688 0.335046
48 0.50006 0.438642 0.95335 0.348744
68 0.499671 0.433505 0.95257 0.356735
49 0.50006 0.438642 0.95335 0.348744
109 0.502009 0.437215 0.955688 0.35274
81 0.502009 0.437215 0.955688 0.35274
54 0.509804 0.44121 0.968161 0.344749
103 0.50006 0.438642 0.95335 0.348744
95 0.483301 0.438642 0.955688 0.335046
17 0.50006 0.438642 0.95335 0.348744
101 0.50006 0.438642 0.95335 0.348744
53 0.502009 0.437215 0.955688 0.35274
104 0.502009 0.437215 0.955688 0.35274
67 0.502009 0.437215 0.955688 0.35274
84 0.502009 0.437215 0.955688 0.35274
76 0.502009 0.437215 0.955688 0.35274
74 0.499671 0.433505 0.95257 0.356735
79 0.50006 0.438642 0.95335 0.348744
46 0.50006 0.438642 0.95335 0.348744
75 0.50006 0.438642 0.95335 0.348744
110 0.509804 0.44121 0.968161 0.344749
73 0.499671 0.433505 0.95257 0.356735
66 0.50006 0.438642 0.95335 0.348744
111 0.502009 0.437215 0.955688 0.35274
42 0.509804 0.44121 0.968161 0.344749
102 0.50006 0.438642 0.95335 0.348744
16 0.502009 0.437215 0.955688 0.35274
77 0.483301 0.438642 0.955688 0.335046
100 0.483301 0.438642 0.955688 0.335046
97 0.50006 0.438642 0.95335 0.348744
56 0.509804 0.44121 0.968161 0.344749
7 0.483301 0.438642 0.955688 0.335046
5 0.50006 0.438642 0.95335 0.348744
4 0.509804 0.44121 0.968161 0.344749
108 0.509804 0.44121 0.968161 0.344749
14 0.483301 0.438642 0.955688 0.335046
33 0.483301 0.438642 0.955688 0.335046
99 0.506686 0.436358 0.944775 0.361301
51 0.502009 0.437215 0.955688 0.35274
41 0.50006 0.438642 0.95335 0.348744
15 0.483301 0.438642 0.955688 0.335046
0 0.502009 0.437215 0.955688 0.35274
38 0.502009 0.437215 0.955688 0.35274
80 0.502009 0.437215 0.955688 0.35274
8 0.509804 0.44121 0.968161 0.344749
26 0.483301 0.438642 0.955688 0.335046
31 0.509804 0.44121 0.968161 0.344749
34 0.50006 0.438642 0.95335 0.348744
13 0.50006 0.438642 0.95335 0.348744
105 0.50006 0.438642 0.95335 0.348744
48 0.449002 0.4004 0.879295 0.252283
47 0.502789 0.438356 0.95257 0.35274
11 0.502009 0.437215 0.955688 0.35274
78 0.499671 0.433505 0.95257 0.356735
101 0.449002 0.4004 0.879295 0.252283
92 0.509804 0.44121 0.968161 0.344749
28 0.50006 0.438642 0.95335 0.348744
65 0.499671 0.433505 0.95257 0.356735
21 0.509804 0.44121 0.968161 0.344749
67 0.449002 0.4004 0.879295 0.252283
12 0.483301 0.438642 0.955688 0.335046
94 0.499671 0.433505 0.95257 0.356735
102 0.449002 0.4004 0.879295 0.252283
29 0.483301 0.438642 0.955688 0.335046
49 0.449002 0.4004 0.879295 0.252283
22 0.474336 0.416096 0.929964 0.28653
88 0.505127 0.434075 0.949452 0.359018
17 0.449002 0.4004 0.879295 0.252283
95 0.449002 0.4004 0.879295 0.252283
55 0.509804 0.44121 0.968161 0.344749
46 0.449002 0.4004 0.879295 0.252283
75 0.449002 0.4004 0.879295 0.252283
20 0.509804 0.44121 0.968161 0.344749
5 0.457966 0.401541 0.898784 0.259132
83 0.502009 0.437215 0.955688 0.35274
52 0.505127 0.434075 0.949452 0.359018
6 0.509804 0.44121 0.968161 0.344749
104 0.449002 0.4004 0.879295 0.252283
50 0.449002 0.4004 0.879295 0.252283
7 0.449002 0.4004 0.879295 0.252283
36 0.50006 0.438642 0.95335 0.348744
9 0.509804 0.44121 0.968161 0.344749
19 0.473947 0.421233 0.929185 0.295662
26 0.449002 0.4004 0.879295 0.252283
84 0.449002 0.4004 0.879295 0.252283
16 0.449002 0.4004 0.879295 0.252283
8 0.449002 0.4004 0.879295 0.252283
14 0.449002 0.4004 0.879295 0.252283
15 0.449002 0.4004 0.879295 0.252283
51 0.449002 0.4004 0.879295 0.252283
64 0.505127 0.434075 0.949452 0.359018
10 0.491096 0.440069 0.963483 0.3379
68 0.457966 0.401541 0.898784 0.259132
110 0.449002 0.4004 0.879295 0.252283
24 0.50006 0.438642 0.95335 0.348744
48 0.495773 0.439783 0.944775 0.330479
50 0.506686 0.443493 0.96972 0.326484
111 0.507076 0.438356 0.972058 0.324201
46 0.495773 0.439783 0.944775 0.330479
68 0.495773 0.439783 0.944775 0.330479
101 0.495773 0.439783 0.944775 0.330479
102 0.507076 0.438356 0.972058 0.324201
110 0.495773 0.439783 0.944775 0.330479
99 0.495773 0.439783 0.944775 0.330479
109 0.507076 0.438356 0.972058 0.324201
100 0.495773 0.439783 0.944775 0.330479
49 0.495773 0.439783 0.944775 0.330479
67 0.507076 0.438356 0.972058 0.324201
73 0.501619 0.442066 0.961145 0.329338
75 0.507076 0.438356 0.972058 0.324201
103 0.507076 0.438356 0.972058 0.324201
77 0.496942 0.431507 0.959586 0.305936
95 0.495773 0.439783 0.944775 0.330479
76 0.495773 0.439783 0.944775 0.330479
53 0.501619 0.442066 0.961145 0.329338
47 0.507076 0.438356 0.972058 0.324201
50 0.511363 0.848744 0.974397 0.302511
56 0.495773 0.439783 0.944775 0.330479
111 0.511363 0.848744 0.974397 0.302511
84 0.507076 0.438356 0.972058 0.324201
54 0.501619 0.442066 0.961145 0.329338
51 0.495773 0.439783 0.944775 0.330479
52 0.501619 0.442066 0.961145 0.329338
46 0.505127 0.869292 0.979074 0.261415
97 0.495773 0.439783 0.944775 0.330479
66 0.507076 0.438356 0.972058 0.324201
101 0.511363 0.848744 0.974397 0.302511
80 0.496942 0.431507 0.959586 0.305936
68 0.511363 0.848744 0.974397 0.302511
48 0.511363 0.848744 0.974397 0.302511
99 0.505127 0.869292 0.979074 0.261415
110 0.511363 0.848744 0.974397 0.302511
42 0.46849 0.424658 0.908917 0.291096
105 0.507076 0.438356 0.972058 0.324201
50 0.504348 0.897546 0.974397 0.204909
104 0.496163 0.443493 0.947113 0.335616
49 0.511363 0.848744 0.974397 0.302511
109 0.511363 0.848744 0.974397 0.302511
75 0.511363 0.848744 0.974397 0.302511
95 0.511363 0.848744 0.974397 0.302511
68 0.504348 0.897546 0.974397 0.204909
73 0.511363 0.848744 0.974397 0.302511
77 0.505127 0.869292 0.979074 0.261415
100 0.511363 0.848744 0.974397 0.302511
76 0.505127 0.869292 0.979074 0.261415
108 0.507076 0.438356 0.972058 0.324201
74 0.496942 0.431507 0.959586 0.305936
104 0.505127 0.869292 0.979074 0.261415
102 0.505127 0.869292 0.979074 0.261415
54 0.505127 0.869292 0.979074 0.261415
67 0.511363 0.848744 0.974397 0.302511
110 0.504348 0.897546 0.974397 0.204909
41 0.496942 0.431507 0.959586 0.305936
38 0.507076 0.438356 0.972058 0.324201
81 0.507076 0.438356 0.972058 0.324201
41 0.505127 0.869292 0.979074 0.261415
56 0.505127 0.869292 0.979074 0.261415
50 0.590192 0.484589 0.788677 0.304795
46 0.503958 0.916381 0.981412 0.167237
103 0.511363 0.848744 0.974397 0.302511
99 0.503958 0.916381 0.981412 0.167237
84 0.511363 0.848744 0.974397 0.302511
51 0.505127 0.869292 0.979074 0.261415
53 0.505127 0.869292 0.979074 0.261415
66 0.505127 0.869292 0.979074 0.261415
52 0.511363 0.848744 0.974397 0.302511
48 0.504348 0.897546 0.974397 0.204909
101 0.504348 0.897546 0.974397 0.204909
74 0.504348 0.897546 0.974397 0.204909
97 0.511363 0.848744 0.974397 0.302511
67 0.504348 0.897546 0.974397 0.204909
50 0.284329 0.422089 0.553068 0.288242
49 0.504348 0.897546 0.974397 0.204909
48 0.359747 0.429509 0.696888 0.296233
28 0.506686 0.443493 0.96972 0.326484
105 0.511363 0.848744 0.974397 0.302511
111 0.507856 0.901827 0.982971 0.196347
68 0.494993 0.440639 0.986869 0.344749
68 0.495383 0.346961 0.986089 0.543522
53 0.494993 0.440639 0.986869 0.344749
102 0.494993 0.440639 0.986869 0.344749
48 0.494993 0.440639 0.986869 0.344749
53 0.495383 0.346961 0.986089 0.543522
101 0.494993 0.440639 0.986869 0.344749
48 0.495383 0.346961 0.986089 0.543522
109 0.48408 0.439783 0.960365 0.337329
77 0.494993 0.440639 0.986869 0.344749
67 0.494993 0.440639 0.986869 0.344749
95 0.48408 0.439783 0.960365 0.337329
101 0.495383 0.346961 0.986089 0.543522
110 0.494993 0.440639 0.986869 0.344749
109 0.495383 0.346961 0.986089 0.543522
111 0.494993 0.440639 0.986869 0.344749
50 0.499671 0.417523 0.971279 0.394406
102 0.495383 0.346961 0.986089 0.543522
99 0.494993 0.440639 0.986869 0.344749
77 0.495383 0.346961 0.986089 0.543522
52 0.48408 0.44863 0.960365 0.335616
110 0.495383 0.346961 0.986089 0.543522
49 0.494993 0.440639 0.986869 0.344749
67 0.495383 0.346961 0.986089 0.543522
84 0.48408 0.439783 0.960365 0.337329
50 0.498112 0.315354 0.972838 0.593037
111 0.495383 0.346961 0.986089 0.543522
52 0.495383 0.346961 0.986089 0.543522
100 0.494993 0.440639 0.986869 0.344749
56 0.48408 0.439783 0.960365 0.337329
99 0.498112 0.315354 0.972838 0.593037
49 0.498112 0.315354 0.972838 0.593037
76 0.494993 0.440639 0.986869 0.344749
84 0.495383 0.346961 0.986089 0.543522
95 0.495383 0.346961 0.986089 0.543522
100 0.495383 0.346961 0.986089 0.543522
46 0.495383 0.346961 0.986089 0.543522
103 0.48408 0.439783 0.960365 0.337329
51 0.494993 0.440639 0.986869 0.344749
76 0.495383 0.346961 0.986089 0.543522
51 0.498112 0.315354 0.972838 0.593037
48 0.705073 0.450342 0.560473 0.35274
75 0.494993 0.440639 0.986869 0.344749
46 0.494993 0.440639 0.986869 0.344749
47 0.494993 0.440639 0.986869 0.344749
80 0.48408 0.44863 0.960365 0.335616
50 0.705073 0.450342 0.560473 0.35274
56 0.495383 0.346961 0.986089 0.543522
47 0.495383 0.346961 0.986089 0.543522
73 0.499671 0.417523 0.971279 0.394406
75 0.498112 0.315354 0.972838 0.593037
49 0.699227 0.442922 0.575284 0.375571
73 0.498112 0.315354 0.972838 0.593037
103 0.495383 0.346961 0.986089 0.543522
68 0.496553 0.498288 0.974397 0.230594
68 0.705073 0.450342 0.560473 0.35274
74 0.48408 0.439783 0.960365 0.337329
99 0.705073 0.450342 0.560473 0.35274
54 0.489537 0.438071 0.975956 0.331621
100 0.699227 0.442922 0.575284 0.375571
80 0.495383 0.346961 0.986089 0.543522
46 0.699227 0.442922 0.575284 0.375571
101 0.705073 0.450342 0.560473 0.35274
102 0.705073 0.450342 0.560473 0.35274
51 0.699227 0.442922 0.575284 0.375571
109 0.705073 0.450342 0.560473 0.35274
0 0.760419 0.51113 0.443545 0.201484
53 0.705073 0.450342 0.560473 0.35274
78 0.493824 0.284532 0.981412 0.569064
54 0.495383 0.346961 0.986089 0.543522
50 0.496553 0.498288 0.974397 0.230594
77 0.705073 0.450342 0.560473 0.35274
104 0.48408 0.439783 0.960365 0.337329
73 0.699227 0.442922 0.575284 0.375571
105 0.489537 0.438071 0.975956 0.331621
102 0.496553 0.498288 0.974397 0.230594
101 0.496553 0.498288 0.974397 0.230594
76 0.699227 0.442922 0.575284 0.375571
81 0.489537 0.438071 0.975956 0.331621
68 0.487198 0.257277 0.961924 0.514555
111 0.705073 0.450342 0.560473 0.35274
47 0.699227 0.442922 0.575284 0.375571
48 0.709361 0.341324 0.556575 0.610731
74 0.495383 0.346961 0.986089 0.543522
67 0.705073 0.450342 0.560473 0.35274
110 0.705073 0.450342 0.560473 0.35274
0 0.521107 0.521119 0.464592 0.187215
95 0.487198 0.257277 0.961924 0.514555
78 0.48408 0.44863 0.960365 0.335616
75 0.705073 0.450342 0.560473 0.35274
97 0.494993 0.440639 0.986869 0.344749
53 0.496553 0.498288 0.974397 0.230594
97 0.495383 0.346961 0.986089 0.543522
108 0.479013 0.435217 0.958027 0.327055
101 0.487198 0.257277 0.961924 0.514555
52 0.705073 0.450342 0.560473 0.35274
68 0.505127 0.442637 0.938539 0.332763
77 0.505127 0.442637 0.938539 0.332763
110 0.505127 0.442637 0.938539 0.332763
101 0.510974 0.437215 0.951791 0.319635
102 0.504348 0.444064 0.941657 0.344749
109 0.505127 0.442637 0.938539 0.332763
95 0.510974 0.437215 0.951791 0.319635
67 0.505127 0.442637 0.938539 0.332763
111 0.509804 0.442352 0.941657 0.348174
53 0.509804 0.442352 0.941657 0.348174
84 0.509804 0.442352 0.941657 0.348174
76 0.509804 0.442352 0.941657 0.348174
103 0.509804 0.442352 0.941657 0.348174
100 0.504348 0.401541 0.943216 0.433219
50 0.504348 0.401541 0.943216 0.433219
97 0.509804 0.442352 0.941657 0.348174
73 0.504348 0.401541 0.943216 0.433219
47 0.509804 0.442352 0.941657 0.348174
48 0.504348 0.401541 0.943216 0.433219
49 0.509804 0.442352 0.941657 0.348174
99 0.509804 0.442352 0.941657 0.348174
102 0.391707 0.43008 0.763147 0.305365
56 0.510974 0.437215 0.951791 0.319635
46 0.504348 0.401541 0.943216 0.433219
74 0.510974 0.437215 0.951791 0.319635
101 0.509804 0.395548 0.940098 0.453196
68 0.544103 0.394406 0.857469 0.44863
50 0.477844 0.431507 0.921389 0.308219
68 0.53319 0.493721 0.894886 0.234018
100 0.477844 0.431507 0.921389 0.308219
68 0.910476 0.448916 0.132518 0.393265
29 0.504348 0.444064 0.941657 0.344749
51 0.509804 0.442352 0.941657 0.348174
77 0.544103 0.394406 0.857469 0.44863
110 0.544103 0.394406 0.857469 0.44863
104 0.510974 0.437215 0.951791 0.319635
102 0.53319 0.493721 0.894886 0.234018
68 0.608803 0.496005 0.740541 0.325343
68 0.709751 0.452911 0.537087 0.344178
75 0.504348 0.401541 0.943216 0.433219
73 0.477844 0.431507 0.921389 0.308219
95 0.509804 0.395548 0.940098 0.453196
68 0.799785 0.452911 0.357019 0.384132
80 0.504348 0.401541 0.943216 0.433219
53 0.391707 0.43008 0.763147 0.305365
68 0.495773 0.890982 0.951011 0.218037
77 0.50084 0.444349 0.96894 0.352169
102 0.498891 0.449486 0.966601 0.357877
101 0.498891 0.449486 0.966601 0.357877
68 0.498891 0.449486 0.966601 0.357877
50 0.498891 0.449486 0.966601 0.357877
109 0.50084 0.444349 0.96894 0.352169
110 0.498891 0.449486 0.966601 0.357877
111 0.498501 0.44492 0.954909 0.352169
67 0.50084 0.444349 0.96894 0.352169
49 0.50084 0.444349 0.96894 0.352169
76 0.50084 0.444349 0.96894 0.352169
48 0.50084 0.444349 0.96894 0.352169
100 0.50084 0.444349 0.96894 0.352169
73 0.50084 0.444349 0.96894 0.352169
99 0.50084 0.444349 0.96894 0.352169
29 0.498501 0.44492 0.954909 0.352169
97 0.498501 0.44492 0.954909 0.352169
47 0.501619 0.439498 0.970499 0.349315
84 0.498501 0.44492 0.954909 0.352169
102 0.344936 0.440069 0.679739 0.323059
77 0.328761 0.442352 0.647389 0.33105
51 0.50084 0.444349 0.96894 0.352169
95 0.498501 0.44492 0.954909 0.352169
102 0.501619 0.450342 0.961145 0.323059
77 0.50006 0.453482 0.958027 0.329338
101 0.501619 0.450342 0.961145 0.323059
68 0.501619 0.450342 0.961145 0.323059
110 0.50006 0.453482 0.958027 0.329338
109 0.50123 0.445776 0.95257 0.335616
50 0.50045 0.448916 0.957247 0.328196
67 0.50123 0.445776 0.95257 0.335616
76 0.50045 0.448916 0.957247 0.328196
49 0.50045 0.448916 0.957247 0.328196
111 0.50123 0.445776 0.95257 0.335616
102 0.251979 0.413813 0.485249 0.259132
102 0.378456 0.422089 0.732746 0.267694
102 0.1922 0.400685 0.368614 0.232877
29 0.50006 0.453482 0.958027 0.329338
95 0.1922 0.400685 0.368614 0.232877
101 0.1922 0.400685 0.368614 0.232877
95 0.50123 0.445776 0.95257 0.335616
68 0.1922 0.400685 0.368614 0.232877
102 0.221773 0.449486 0.429514 0.337329
101 0.251979 0.413813 0.485249 0.259132
77 0.1922 0.400685 0.368614 0.232877
73 0.50045 0.448916 0.957247 0.328196
68 0.251979 0.413813 0.485249 0.259132
110 0.496942 0.446347 0.967381 0.3379
109 0.496942 0.446347 0.967381 0.3379
99 0.498891 0.447774 0.957247 0.363584
101 0.496942 0.446347 0.967381 0.3379
102 0.492265 0.445206 0.958027 0.334475
76 0.498891 0.447774 0.957247 0.363584
97 0.504287 0.437215 0.991425 0.315068
50 0.498891 0.447774 0.957247 0.363584
77 0.496942 0.446347 0.967381 0.3379
73 0.498891 0.447774 0.957247 0.363584
111 0.504287 0.437215 0.991425 0.315068
100 0.498891 0.447774 0.957247 0.363584
46 0.498891 0.447774 0.957247 0.363584
49 0.498891 0.447774 0.957247 0.363584
84 0.504287 0.437215 0.991425 0.315068
67 0.496942 0.446347 0.967381 0.3379
68 0.496942 0.446347 0.967381 0.3379
51 0.498501 0.443779 0.954909 0.354452
48 0.498891 0.447774 0.957247 0.363584
75 0.498891 0.447774 0.957247 0.363584
6 0.496942 0.446347 0.967381 0.3379
47 0.498501 0.443779 0.954909 0.354452
95 0.496942 0.446347 0.967381 0.3379
34 0.496942 0.446347 0.967381 0.3379
74 0.498891 0.447774 0.957247 0.363584
31 0.496942 0.446347 0.967381 0.3379
8 0.496942 0.446347 0.967381 0.3379
17 0.498891 0.447774 0.957247 0.363584
41 0.498891 0.447774 0.957247 0.363584
103 0.498891 0.447774 0.957247 0.363584
9 0.496942 0.446347 0.967381 0.3379
3 0.496942 0.446347 0.967381 0.3379
66 0.498891 0.447774 0.957247 0.363584
109 0.489927 0.452626 0.954909 0.336758
76 0.502789 0.454338 0.958806 0.332192
75 0.51604 0.451769 0.930744 0.335046
77 0.499281 0.452055 0.967381 0.333333
110 0.499281 0.452055 0.967381 0.333333
34 0.489537 0.452055 0.954129 0.333333
97 0.497722 0.452626 0.959586 0.329909
111 0.499281 0.452055 0.967381 0.333333
73 0.499281 0.451199 0.961145 0.330479
99 0.499281 0.451199 0.961145 0.330479
6 0.489537 0.452055 0.954129 0.333333
84 0.499281 0.451199 0.961145 0.330479
9 0.489537 0.452055 0.954129 0.333333
5 0.489537 0.452055 0.954129 0.333333
100 0.499281 0.451199 0.961145 0.330479
29 0.489537 0.452055 0.954129 0.333333
101 0.499281 0.452055 0.967381 0.333333
50 0.502789 0.454338 0.958806 0.332192
31 0.489537 0.452055 0.954129 0.333333
8 0.489537 0.452055 0.954129 0.333333
46 0.499281 0.451199 0.961145 0.330479
102 0.499281 0.452055 0.967381 0.333333
68 0.489927 0.452626 0.954909 0.336758
103 0.51604 0.451769 0.930744 0.335046
7 0.497722 0.452626 0.959586 0.329909
25 0.489537 0.452055 0.954129 0.333333
3 0.489537 0.452055 0.954129 0.333333
1 0.489537 0.452055 0.954129 0.333333
30 0.497332 0.452626 0.954129 0.334475
22 0.50084 0.447489 0.993885 0.328767
76 0.509804 0.450628 0.954129 0.352169
50 0.509025 0.452626 0.95257 0.35274
110 0.493045 0.454053 0.950232 0.343037
101 0.494994 0.455479 0.980633 0.347032
99 0.509804 0.450628 0.954129 0.352169
100 0.509804 0.450628 0.954129 0.352169
77 0.494994 0.455479 0.980633 0.347032
73 0.509804 0.450628 0.954129 0.352169
49 0.509804 0.450628 0.954129 0.352169
109 0.496553 0.454338 0.980633 0.342466
102 0.494994 0.455479 0.980633 0.347032
51 0.509804 0.450628 0.954129 0.352169
46 0.509804 0.450628 0.954129 0.352169
48 0.509804 0.450628 0.954129 0.352169
111 0.496553 0.454338 0.980633 0.342466
47 0.509804 0.450628 0.954129 0.352169
75 0.509804 0.450628 0.954129 0.352169
67 0.494994 0.455479 0.980633 0.347032
97 0.493045 0.454053 0.950232 0.343037
29 0.494994 0.455479 0.980633 0.347032
68 0.494994 0.455479 0.980633 0.347032
84 0.493045 0.454053 0.950232 0.343037
34 0.494994 0.455479 0.980633 0.347032
6 0.494994 0.455479 0.980633 0.347032
4 0.105625 0.311644 0.188643 0.0559361
9 0.494994 0.455479 0.980633 0.347032
110 0.48486 0.448059 0.926067 0.344749
77 0.491096 0.449486 0.938539 0.348744
101 0.491096 0.449486 0.938539 0.348744
76 0.496163 0.432363 0.979853 0.384132
109 0.503568 0.438642 0.961924 0.367009
102 0.491096 0.449486 0.938539 0.348744
99 0.503568 0.438642 0.961924 0.367009
111 0.48486 0.448059 0.926067 0.344749
73 0.503568 0.438642 0.961924 0.367009
100 0.503568 0.438642 0.961924 0.367009
109 0.50045 0.078339 0.96972 0.156678
50 0.50084 0.441781 0.961145 0.366438
110 0.50084 0.0787671 0.981412 0.157534
111 0.50045 0.078339 0.96972 0.156678
75 0.496163 0.432363 0.979853 0.384132
77 0.50045 0.078339 0.96972 0.156678
49 0.503568 0.438642 0.961924 0.367009
29 0.502789 0.447203 0.955688 0.352169
101 0.507016 0.444349 0.985969 0.305365
77 0.499671 0.448059 0.963483 0.320776
110 0.504348 0.451484 0.968161 0.333333
102 0.507016 0.444349 0.985969 0.305365
99 0.503958 0.446918 0.972058 0.360731
50 0.503958 0.446918 0.972058 0.360731
73 0.503958 0.446918 0.972058 0.360731
100 0.503958 0.446918 0.972058 0.360731
49 0.503958 0.446918 0.972058 0.360731
76 0.503958 0.446918 0.972058 0.360731
51 0.503568 0.438356 0.972838 0.372146
109 0.504348 0.451484 0.968161 0.333333
48 0.503568 0.438356 0.972838 0.372146
47 0.503568 0.438356 0.972838 0.372146
46 0.503958 0.446918 0.972058 0.360731
111 0.503568 0.438356 0.972838 0.372146
68 0.507016 0.441781 0.985969 0.304794
101 0.494994 0.447203 0.979074 0.332763
110 0.498891 0.450342 0.977515 0.339041
77 0.494214 0.450913 0.975956 0.339041
102 0.498501 0.448059 0.976735 0.335616
99 0.498891 0.450342 0.977515 0.339041
50 0.498891 0.450342 0.977515 0.339041
111 0.475116 0.444064 0.939318 0.326484
109 0.498891 0.450342 0.977515 0.339041
68 0.494604 0.446632 0.972058 0.325913
76 0.498891 0.450342 0.977515 0.339041
110 0.504737 0.449201 0.970499 0.342466
77 0.497722 0.447489 0.956468 0.339041
101 0.497722 0.447489 0.956468 0.339041
99 0.506296 0.445491 0.967381 0.355594
109 0.503568 0.445776 0.980633 0.365297
102 0.497722 0.447489 0.956468 0.339041
73 0.506296 0.445491 0.967381 0.355594
111 0.504737 0.449201 0.970499 0.342466
100 0.506296 0.445491 0.967381 0.355594
76 0.503568 0.445776 0.980633 0.365297
49 0.495383 0.448059 0.973617 0.340183
50 0.504737 0.449201 0.970499 0.342466
47 0.495383 0.448059 0.973617 0.340183
51 0.495383 0.448059 0.973617 0.340183
6 0.495383 0.448059 0.973617 0.340183
8 0.495383 0.448059 0.973617 0.340183
99 0.504348 0.446632 0.95257 0.359018
110 0.498891 0.449772 0.95257 0.349315
77 0.498891 0.449772 0.95257 0.349315
76 0.504348 0.446632 0.95257 0.359018
73 0.496163 0.441781 0.982971 0.369863
101 0.498891 0.449772 0.95257 0.349315
100 0.504348 0.446632 0.95257 0.359018
50 0.504348 0.446632 0.95257 0.359018
109 0.505127 0.448916 0.957247 0.351027
102 0.498891 0.449772 0.95257 0.349315
111 0.505127 0.448916 0.957247 0.351027
47 0.496163 0.441781 0.982971 0.369863
46 0.496163 0.441781 0.982971 0.369863
49 0.504348 0.446632 0.95257 0.359018
51 0.505517 0.445776 0.956468 0.364155
6 0.497332 0.448059 0.955688 0.348173
48 0.504348 0.446632 0.95257 0.359018
8 0.497332 0.448059 0.955688 0.348173
110 0.496553 0.454623 0.968161 0.341895
101 0.491875 0.452911 0.979074 0.34532
99 0.513312 0.455194 0.940877 0.34532
102 0.491875 0.452911 0.979074 0.34532
77 0.496553 0.454623 0.968161 0.341895
100 0.513312 0.455194 0.940877 0.34532
109 0.509025 0.453196 0.946334 0.343607
76 0.509025 0.453196 0.946334 0.343607
111 0.513312 0.455194 0.940877 0.34532
73 0.513312 0.455194 0.940877 0.34532
49 0.513312 0.455194 0.940877 0.34532
50 0.509025 0.453196 0.946334 0.343607
46 0.513312 0.455194 0.940877 0.34532
4 0.138559 0.311073 0.264646 0.043379
4 0.138949 0.292237 0.274 0.0359589
75 0.494994 0.449486 0.980633 0.346461
4 0.109912 0.311073 0.189423 0.0336758
101 0.502009 0.460046 0.982192 0.359589
102 0.502009 0.460046 0.982192 0.359589
99 0.505127 0.462329 0.958806 0.349315
110 0.498891 0.45605 0.966601 0.355023
77 0.493434 0.458333 0.965042 0.357306
100 0.502789 0.458333 0.960365 0.35274
73 0.496553 0.449201 0.983751 0.365297
46 0.505127 0.462329 0.958806 0.349315
50 0.505127 0.462329 0.958806 0.349315
76 0.505127 0.462329 0.958806 0.349315
109 0.498891 0.45605 0.966601 0.355023
111 0.498891 0.45605 0.966601 0.355023
48 0.505127 0.462329 0.958806 0.349315
47 0.505127 0.462329 0.958806 0.349315
49 0.505127 0.462329 0.958806 0.349315
68 0.502009 0.460046 0.982192 0.359589
67 0.493434 0.458333 0.965042 0.357306
75 0.496553 0.449201 0.983751 0.365297
84 0.502789 0.458333 0.960365 0.35274
77 0.502399 0.449201 0.982971 0.3379
99 0.501619 0.442352 0.96894 0.355023
110 0.505127 0.44863 0.958806 0.342466
100 0.501619 0.442352 0.96894 0.355023
102 0.502399 0.449201 0.982971 0.3379
73 0.501619 0.442352 0.96894 0.355023
101 0.502399 0.449201 0.982971 0.3379
76 0.501619 0.442352 0.96894 0.355023
111 0.498891 0.448916 0.960365 0.343037
50 0.505127 0.44863 0.958806 0.342466
49 0.501619 0.442352 0.96894 0.355023
47 0.501619 0.442352 0.96894 0.355023
48 0.498891 0.448916 0.960365 0.343037
46 0.501619 0.442352 0.96894 0.355023
51 0.498891 0.448916 0.960365 0.343037
67 0.498891 0.448916 0.960365 0.343037
109 0.501619 0.442352 0.96894 0.355023
6 0.498891 0.448916 0.960365 0.343037
110 0.508245 0.448916 0.968161 0.339612
101 0.505457 0.454338 0.989087 0.340183
77 0.505457 0.454338 0.989087 0.340183
99 0.508245 0.448916 0.968161 0.339612
102 0.50045 0.452626 0.957247 0.335616
111 0.50123 0.454909 0.955688 0.342466
73 0.508245 0.448916 0.968161 0.339612
50 0.508245 0.448916 0.968161 0.339612
76 0.508245 0.448916 0.968161 0.339612
47 0.508635 0.453196 0.965822 0.340183
100 0.508245 0.448916 0.968161 0.339612
109 0.508245 0.448916 0.968161 0.339612
51 0.50123 0.454909 0.955688 0.342466
49 0.508635 0.453196 0.965822 0.340183
6 0.50123 0.454909 0.955688 0.342466
9 0.50123 0.454909 0.955688 0.342466
67 0.50123 0.454909 0.955688 0.342466
101 0.503568 0.0124144 0.96972 0.0248288
8 0.50123 0.454909 0.955688 0.342466
46 0.508635 0.453196 0.965822 0.340183
68 0.503568 0.0124144 0.96972 0.0248288
110 0.496163 0.446632 0.956468 0.337329
111 0.496163 0.446632 0.956468 0.337329
99 0.498112 0.444064 0.966601 0.350457
77 0.50123 0.447489 0.983751 0.332192
73 0.498112 0.444064 0.966601 0.350457
76 0.498112 0.444064 0.966601 0.350457
109 0.498112 0.444064 0.966601 0.350457
101 0.50123 0.447489 0.983751 0.332192
109 0.494214 0.0616438 0.975956 0.123288
102 0.50123 0.447489 0.983751 0.332192
100 0.503958 0.449772 0.959586 0.340183
109 0.493434 0.0363156 0.971279 0.0726313
47 0.498501 0.449772 0.958027 0.340183
101 0.494214 0.0616438 0.975956 0.123288
101 0.493434 0.0363156 0.971279 0.0726313
68 0.494214 0.0616438 0.975956 0.123288
68 0.493434 0.0363156 0.971279 0.0726313
110 0.494214 0.0616438 0.975956 0.123288
8 0.498501 0.449772 0.958027 0.340183
6 0.50123 0.447489 0.983751 0.332192
109 0.519938 0.829909 0.918271 0.328767
109 0.531631 0.89726 0.857469 0.205479
110 0.493434 0.0363156 0.971279 0.0726313
9 0.502009 0.447489 0.960365 0.339041
77 0.494214 0.0616438 0.975956 0.123288
77 0.493434 0.0363156 0.971279 0.0726313
101 0.50045 0.449772 0.944775 0.326484
77 0.508245 0.448916 0.946334 0.32363
102 0.508245 0.448916 0.946334 0.32363
110 0.510584 0.446347 0.938539 0.335616
4 0.510974 0.450342 0.96894 0.328767
12 0.510974 0.450342 0.96894 0.328767
49 0.508245 0.448916 0.946334 0.32363
76 0.510584 0.446347 0.938539 0.335616
111 0.508245 0.448916 0.946334 0.32363
99 0.510584 0.446347 0.938539 0.335616
34 0.509804 0.449486 0.947893 0.324772
109 0.510584 0.446347 0.938539 0.335616
50 0.508245 0.448916 0.946334 0.32363
29 0.509804 0.449486 0.947893 0.324772
67 0.508245 0.448916 0.946334 0.32363
100 0.508245 0.448916 0.946334 0.32363
68 0.508245 0.448916 0.946334 0.32363
48 0.508245 0.448916 0.946334 0.32363
3 0.509804 0.449486 0.947893 0.324772
77 0.512472 0.449201 0.975055 0.34589
101 0.512472 0.449201 0.975055 0.34589
110 0.501619 0.44863 0.954909 0.349315
76 0.502009 0.450057 0.960365 0.352169
102 0.512472 0.449201 0.975055 0.34589
50 0.501619 0.44863 0.954909 0.349315
99 0.502009 0.450057 0.960365 0.352169
109 0.502009 0.450057 0.960365 0.352169
73 0.502009 0.450057 0.960365 0.352169
100 0.502009 0.450057 0.960365 0.352169
111 0.502009 0.448916 0.947893 0.347603
49 0.502009 0.450057 0.960365 0.352169
46 0.502009 0.450057 0.960365 0.352169
9 0.501619 0.450913 0.942436 0.350457
6 0.501619 0.450913 0.942436 0.350457
29 0.501619 0.450913 0.942436 0.350457
67 0.502009 0.448916 0.947893 0.347603
95 0.505907 0.451769 0.95257 0.34532
84 0.502009 0.450057 0.960365 0.352169
47 0.505907 0.451769 0.95257 0.34532
34 0.501619 0.450913 0.942436 0.350457
8 0.501619 0.450913 0.942436 0.350457
74 0.505907 0.451769 0.95257 0.34532
48 0.505907 0.451769 0.95257 0.34532
77 0.495773 0.446918 0.955688 0.3379
101 0.495773 0.447203 0.95257 0.335046
110 0.502009 0.445491 0.960365 0.339612
102 0.502009 0.445491 0.960365 0.339612
99 0.502009 0.445491 0.960365 0.339612
48 0.496553 0.450628 0.961924 0.33847
111 0.496553 0.450628 0.961924 0.33847
73 0.496553 0.450628 0.961924 0.33847
49 0.496553 0.450628 0.961924 0.33847
50 0.502009 0.445491 0.960365 0.339612
100 0.501619 0.450913 0.961145 0.334475
76 0.502009 0.445491 0.960365 0.339612
6 0.496553 0.450628 0.961924 0.33847
47 0.501619 0.450913 0.961145 0.334475
67 0.496553 0.450628 0.961924 0.33847
51 0.501619 0.450913 0.961145 0.334475
13 0.0182943 0.510274 0.0260651 0.0662101
68 0.496553 0.450628 0.961924 0.33847
29 0.503568 0.449201 0.958806 0.332192
15 0.0182943 0.510274 0.0260651 0.0662101
16 0.0182943 0.510274 0.0260651 0.0662101
77 0.502789 0.449201 0.968161 0.329909
101 0.502789 0.449201 0.968161 0.329909
110 0.507856 0.446632 0.958027 0.339612
102 0.507856 0.446632 0.958027 0.339612
99 0.507856 0.446632 0.958027 0.339612
73 0.507856 0.446632 0.958027 0.339612
76 0.507856 0.446632 0.958027 0.339612
111 0.497332 0.448059 0.958806 0.332192
6 0.496553 0.447203 0.982192 0.328196
9 0.494994 0.446918 0.955688 0.334475
100 0.507856 0.446632 0.958027 0.339612
8 0.494994 0.446918 0.955688 0.334475
49 0.502789 0.449772 0.96972 0.329909
50 0.507856 0.446632 0.958027 0.339612
48 0.497332 0.448059 0.958806 0.332192
47 0.502789 0.449201 0.968161 0.329909
12 0.496553 0.447203 0.982192 0.328196
77 0.491875 0.44492 0.955688 0.33847
101 0.492655 0.444349 0.951011 0.335046
102 0.503568 0.445206 0.960365 0.341324
110 0.503568 0.445206 0.960365 0.341324
111 0.503178 0.446062 0.958027 0.343037
99 0.503178 0.446062 0.958027 0.343037
76 0.503178 0.446062 0.958027 0.343037
67 0.493434 0.446347 0.954129 0.33105
101 0.492655 0.0647118 0.966601 0.129424
50 0.503178 0.446062 0.958027 0.343037
73 0.503178 0.446062 0.958027 0.343037
48 0.503178 0.446062 0.958027 0.343037
49 0.503178 0.446062 0.958027 0.343037
101 0.491096 0.03628 0.963483 0.0725599
100 0.503178 0.446062 0.958027 0.343037
109 0.503568 0.445206 0.960365 0.341324
102 0.492655 0.0647118 0.966601 0.129424
84 0.503178 0.446062 0.958027 0.343037
68 0.493434 0.446347 0.954129 0.33105
47 0.503178 0.446062 0.958027 0.343037
101 0.495773 0.443779 0.961924 0.337329
77 0.495773 0.443779 0.961924 0.337329
110 0.498501 0.443779 0.970499 0.355594
109 0.498501 0.443779 0.970499 0.355594
102 0.495773 0.443779 0.961924 0.337329
111 0.498501 0.443779 0.970499 0.355594
46 0.498501 0.443779 0.970499 0.355594
95 0.498501 0.443779 0.970499 0.355594
100 0.498501 0.443779 0.970499 0.355594
76 0.498501 0.443779 0.970499 0.355594
67 0.502009 0.443208 0.966601 0.339612
99 0.498501 0.443779 0.970499 0.355594
3 0.502009 0.443208 0.966601 0.339612
84 0.498501 0.443779 0.970499 0.355594
34 0.498501 0.443779 0.970499 0.355594
47 0.498501 0.443779 0.970499 0.355594
27 0.505457 0.444064 0.989087 0.33105
95 0.495773 0.0652112 0.974397 0.130422
50 0.498501 0.443779 0.970499 0.355594
49 0.502789 0.445776 0.966601 0.342466
12 0.502009 0.443208 0.966601 0.339612
68 0.50084 0.0575057 0.98453 0.115011
73 0.498501 0.443779 0.970499 0.355594
77 0.493434 0.446062 0.951011 0.34532
101 0.503958 0.448916 0.972058 0.346461
48 0.504348 0.445206 0.95257 0.347032
102 0.502789 0.44492 0.95257 0.346461
47 0.502789 0.44492 0.95257 0.346461
49 0.504348 0.445206 0.95257 0.347032
111 0.502789 0.44492 0.95257 0.346461
67 0.502789 0.44492 0.95257 0.346461
110 0.502789 0.44492 0.95257 0.346461
99 0.502789 0.44492 0.95257 0.346461
46 0.502789 0.44492 0.95257 0.346461
51 0.502789 0.44492 0.95257 0.346461
73 0.502789 0.44492 0.95257 0.346461
101 0.489537 0.0371005 0.954129 0.0742009
67 0.489537 0.0371005 0.954129 0.0742009
67 0.492655 0.0697061 0.958806 0.139412
68 0.489537 0.0371005 0.954129 0.0742009
100 0.502789 0.44492 0.95257 0.346461
50 0.502789 0.44492 0.95257 0.346461
101 0.491875 0.443208 0.971278 0.329338
77 0.494994 0.444349 0.957247 0.335046
102 0.504348 0.445776 0.965042 0.335616
49 0.494994 0.444349 0.957247 0.335046
110 0.494994 0.444349 0.957247 0.335046
67 0.494994 0.444349 0.957247 0.335046
111 0.494994 0.444349 0.957247 0.335046
48 0.494994 0.444349 0.957247 0.335046
4 0.0966601 0.30508 0.168376 0.0371005
27 0.491875 0.443208 0.971278 0.329338
47 0.494994 0.444349 0.957247 0.335046
51 0.494994 0.444349 0.957247 0.335046
101 0.498112 0.44492 0.95257 0.329338
77 0.498112 0.44492 0.95257 0.329338
110 0.502789 0.445206 0.955688 0.332192
102 0.502789 0.445206 0.955688 0.332192
49 0.505127 0.444635 0.955688 0.33105
111 0.498891 0.445206 0.954129 0.328767
67 0.498891 0.445206 0.954129 0.328767
27 0.493434 0.444635 0.96816 0.328767
100 0.498891 0.445206 0.954129 0.328767
12 0.493434 0.444635 0.96816 0.328767
109 0.498891 0.445206 0.954129 0.328767
28 0.493434 0.444635 0.96816 0.328767
6 0.493434 0.444635 0.96816 0.328767
20 0.493434 0.444635 0.96816 0.328767
3 0.493434 0.444635 0.96816 0.328767
8 0.512472 0.445206 0.975055 0.329909
99 0.502789 0.445206 0.955688 0.332192
101 0.494214 0.09004 0.971279 0.18008
56 0.498891 0.445206 0.954129 0.328767
101 0.494994 0.445491 0.946334 0.337329
77 0.504348 0.444349 0.980633 0.330479
102 0.494994 0.445491 0.946334 0.337329
110 0.50045 0.444635 0.963483 0.34589
109 0.50045 0.444635 0.963483 0.34589
101 0.470049 0.00308576 0.922949 0.00617152
111 0.50045 0.444635 0.963483 0.34589
50 0.50045 0.444635 0.963483 0.34589
67 0.497332 0.446347 0.951011 0.336758
95 0.497332 0.446347 0.951011 0.336758
76 0.50045 0.444635 0.963483 0.34589
49 0.497332 0.446347 0.951011 0.336758
102 0.470049 0.00308576 0.922949 0.00617152
46 0.50045 0.444635 0.963483 0.34589
101 0.487978 0.0697061 0.949452 0.139412
99 0.50045 0.444635 0.963483 0.34589
102 0.487978 0.0697061 0.949452 0.139412
100 0.50045 0.444635 0.963483 0.34589
47 0.497332 0.446347 0.951011 0.336758
12 0.507856 0.446347 0.979853 0.335616
84 0.50045 0.444635 0.963483 0.34589
75 0.50045 0.444635 0.963483 0.34589
68 0.433412 0.00326413 0.866823 0.00652825
66 0.50045 0.444635 0.963483 0.34589
27 0.507856 0.446347 0.979853 0.335616
68 0.497332 0.446347 0.951011 0.336758
51 0.497332 0.446347 0.951011 0.336758
77 0.502789 0.446918 0.975956 0.333333
101 0.504348 0.447489 0.961924 0.336758
102 0.504348 0.447489 0.961924 0.336758
111 0.493045 0.445491 0.959586 0.332763
67 0.504737 0.44863 0.978294 0.332192
49 0.504348 0.447489 0.961924 0.336758
47 0.504737 0.44863 0.978294 0.332192
110 0.502789 0.448059 0.961924 0.3379
8 0.504348 0.446918 0.974397 0.334475
101 0.494993 0.0103632 0.977515 0.0207263
48 0.504737 0.44863 0.978294 0.332192
77 0.502399 0.447774 0.975176 0.337329
110 0.50123 0.446918 0.963483 0.340183
111 0.502009 0.447489 0.961924 0.3379
99 0.502009 0.447489 0.961924 0.3379
47 0.50123 0.446918 0.963483 0.340183
101 0.502399 0.447774 0.975176 0.337329
84 0.50123 0.446918 0.963483 0.340183
46 0.50123 0.446918 0.963483 0.340183
9 0.502009 0.447489 0.961924 0.3379
8 0.502009 0.447489 0.961924 0.3379
102 0.502009 0.447489 0.961924 0.3379
4 0.0987064 0.315639 0.170519 0.0490868
67 0.498891 0.446918 0.951011 0.3379
48 0.502009 0.447489 0.961924 0.3379
77 0.504348 0.449201 0.980633 0.335616
101 0.50084 0.451484 0.958027 0.333333
99 0.505127 0.449201 0.947893 0.3379
76 0.505127 0.449201 0.947893 0.3379
102 0.499671 0.451199 0.946334 0.335046
110 0.505127 0.449201 0.947893 0.3379
50 0.505127 0.449201 0.947893 0.3379
48 0.505127 0.449201 0.947893 0.3379
47 0.499671 0.451199 0.946334 0.335046
100 0.505127 0.449201 0.947893 0.3379
46 0.505127 0.449201 0.947893 0.3379
49 0.505127 0.449201 0.947893 0.3379
111 0.499671 0.451199 0.946334 0.335046
67 0.499671 0.451199 0.946334 0.335046
8 0.502399 0.449486 0.976735 0.333904
73 0.505127 0.449201 0.947893 0.3379
84 0.505127 0.449201 0.947893 0.3379
109 0.505127 0.449201 0.947893 0.3379
51 0.499671 0.451199 0.946334 0.335046
77 0.512472 0.442922 0.975055 0.325342
110 0.506686 0.444635 0.944775 0.332192
101 0.506686 0.444635 0.944775 0.332192
47 0.50084 0.443493 0.937759 0.326484
8 0.511693 0.445776 0.976614 0.329909
99 0.50084 0.443493 0.937759 0.326484
9 0.511693 0.445776 0.976614 0.329909
102 0.506686 0.444635 0.944775 0.332192
76 0.506686 0.444635 0.944775 0.332192
84 0.505907 0.444064 0.943216 0.324201
46 0.506686 0.444635 0.944775 0.332192
50 0.506686 0.444635 0.944775 0.332192
111 0.506686 0.444635 0.944775 0.332192
77 0.510134 0.446347 0.979733 0.33105
102 0.506686 0.446347 0.949452 0.336758
101 0.503568 0.445206 0.958806 0.336758
110 0.503568 0.445206 0.958806 0.336758
99 0.507466 0.445776 0.949452 0.333333
8 0.502789 0.447489 0.935421 0.33105
47 0.507466 0.445776 0.949452 0.333333
48 0.508245 0.446918 0.951011 0.333333
9 0.503568 0.445206 0.958806 0.336758
84 0.503568 0.445206 0.958806 0.336758
76 0.503568 0.445206 0.958806 0.336758
51 0.508635 0.448059 0.925287 0.332192
4 0.0888406 0.312785 0.173491 0.0513699
111 0.503568 0.445206 0.958806 0.336758
50 0.503568 0.445206 0.958806 0.336758
105 0.494993 0.0697774 0.965042 0.139555
77 0.50084 0.443779 0.976735 0.324772
101 0.499671 0.445206 0.961924 0.327626
102 0.498501 0.446062 0.965822 0.329338
8 0.50123 0.443779 0.975956 0.322489
47 0.50084 0.443779 0.976735 0.324772
110 0.498501 0.446062 0.965822 0.329338
51 0.496553 0.445776 0.95257 0.325342
49 0.498501 0.446062 0.965822 0.329338
48 0.50045 0.445491 0.963483 0.32363
77 0.502789 0.450628 0.986869 0.336187
101 0.511363 0.450342 0.954129 0.34589
110 0.511363 0.450342 0.954129 0.34589
102 0.511363 0.450342 0.954129 0.34589
99 0.511363 0.450342 0.954129 0.34589
101 0.491875 0.026113 0.974397 0.052226
101 0.495773 0.0729167 0.982192 0.145833
76 0.511363 0.450342 0.954129 0.34589
9 0.511363 0.450342 0.954129 0.34589
50 0.511363 0.450342 0.954129 0.34589
47 0.502009 0.451769 0.957247 0.339612
8 0.498112 0.451484 0.955688 0.3379
77 0.491875 0.026113 0.974397 0.052226
84 0.511363 0.450342 0.954129 0.34589
51 0.511363 0.450342 0.954129 0.34589
77 0.498891 0.446632 0.947893 0.332763
101 0.507466 0.446918 0.954129 0.329909
47 0.498891 0.446632 0.947893 0.332763
111 0.507466 0.446918 0.954129 0.329909
67 0.508575 0.445776 0.982851 0.33105
8 0.507466 0.446918 0.954129 0.329909
99 0.505907 0.447203 0.955688 0.332763
102 0.505907 0.447203 0.955688 0.332763
48 0.507466 0.446918 0.954129 0.329909
77 0.503568 0.447489 0.979074 0.339041
111 0.502009 0.446918 0.966601 0.339041
67 0.502009 0.446918 0.966601 0.339041
101 0.494994 0.444064 0.958806 0.33105
110 0.502009 0.446918 0.966601 0.339041
77 0.505127 0.44863 0.982192 0.336758
101 0.505127 0.447489 0.963483 0.3379
102 0.503568 0.447203 0.965042 0.336187
67 0.505127 0.447489 0.963483 0.3379
110 0.503568 0.447203 0.965042 0.336187
111 0.496553 0.448059 0.955688 0.332192
77 0.50045 0.449201 0.940098 0.3379
101 0.511363 0.454623 0.95257 0.346461
102 0.511363 0.454623 0.95257 0.346461
110 0.511363 0.454623 0.95257 0.346461
67 0.508635 0.452626 0.959586 0.339041
77 0.503568 0.44863 0.986869 0.3379
101 0.510584 0.44863 0.954129 0.347032
102 0.510584 0.44863 0.954129 0.347032
67 0.505127 0.448059 0.96972 0.335616
101 0.48486 0.0360303 0.96972 0.0720605
109 0.511363 0.44863 0.954129 0.347032
6 0.505127 0.448059 0.96972 0.335616
110 0.510584 0.44863 0.954129 0.347032
77 0.501619 0.44863 0.992326 0.342466
101 0.508245 0.44863 0.960365 0.350457
102 0.509804 0.449201 0.957247 0.349315
110 0.508245 0.44863 0.960365 0.350457
76 0.509804 0.449201 0.957247 0.349315
109 0.509804 0.449201 0.957247 0.349315
67 0.50084 0.448059 0.970499 0.344749
34 0.508245 0.44863 0.960365 0.350457
47 0.50084 0.448059 0.970499 0.344749
6 0.504737 0.447774 0.967381 0.341895
111 0.50084 0.448059 0.970499 0.344749
95 0.509804 0.449201 0.957247 0.349315
77 0.499281 0.445206 0.982971 0.339041
101 0.504348 0.447489 0.96972 0.340183
102 0.503568 0.446347 0.96972 0.340183
67 0.504348 0.447489 0.96972 0.340183
6 0.503568 0.446347 0.96972 0.340183
109 0.504348 0.447489 0.96972 0.340183
77 0.502009 0.443493 0.983751 0.328767
101 0.506296 0.447489 0.967381 0.339041
110 0.505907 0.44863 0.971279 0.349315
102 0.505907 0.44863 0.971279 0.349315
77 0.497332 0.442352 0.982192 0.332192
101 0.505127 0.445776 0.966601 0.341324
99 0.503958 0.446347 0.965822 0.341324
102 0.503958 0.446347 0.965822 0.341324
110 0.503958 0.446347 0.965822 0.341324
67 0.494214 0.443493 0.963483 0.335616
47 0.494214 0.443493 0.963483 0.335616
111 0.494214 0.443493 0.963483 0.335616
77 0.502009 0.444635 0.98531 0.327626
101 0.507466 0.445776 0.961924 0.3379
47 0.507466 0.445776 0.961924 0.3379
111 0.507466 0.445776 0.961924 0.3379
67 0.507466 0.445776 0.961924 0.3379
46 0.507466 0.445776 0.961924 0.3379
110 0.507466 0.445776 0.961924 0.3379
77 0.502789 0.445491 0.940098 0.332763
101 0.509025 0.446062 0.958806 0.347603
111 0.507466 0.446918 0.961924 0.347032
67 0.507466 0.446918 0.961924 0.347032
46 0.507466 0.446918 0.961924 0.347032
47 0.502789 0.445491 0.940098 0.332763
102 0.509025 0.446062 0.958806 0.347603
110 0.509025 0.446062 0.958806 0.347603
100 0.509025 0.446062 0.958806 0.347603
77 0.506686 0.446062 0.979074 0.329338
101 0.510584 0.445776 0.954129 0.332192
111 0.510584 0.445776 0.954129 0.332192
110 0.502789 0.445205 0.968161 0.344749
99 0.502789 0.445205 0.968161 0.344749
47 0.502009 0.445491 0.943216 0.331621
46 0.510584 0.445776 0.954129 0.332192
67 0.510584 0.445776 0.954129 0.332192
84 0.510584 0.445776 0.954129 0.332192
76 0.502789 0.445205 0.968161 0.344749
102 0.502789 0.445205 0.968161 0.344749
48 0.510584 0.445776 0.954129 0.332192
77 0.503178 0.447203 0.982971 0.331621
99 0.505127 0.448059 0.968161 0.344749
101 0.505127 0.448059 0.968161 0.344749
110 0.505127 0.448059 0.968161 0.344749
46 0.508245 0.44863 0.961924 0.339041
47 0.508245 0.44863 0.961924 0.339041
102 0.505127 0.448059 0.968161 0.344749
76 0.505127 0.448059 0.968161 0.344749
111 0.508245 0.44863 0.961924 0.339041
9 0.505127 0.448059 0.968161 0.344749
84 0.505127 0.448059 0.968161 0.344749
48 0.505127 0.448059 0.968161 0.344749
77 0.504737 0.444349 0.982971 0.329338
101 0.506686 0.446347 0.961924 0.347032
99 0.506686 0.446347 0.961924 0.347032
110 0.506686 0.446347 0.961924 0.347032
102 0.506686 0.446347 0.961924 0.347032
101 0.493434 0.0392052 0.958806 0.0784104
76 0.506686 0.446347 0.961924 0.347032
47 0.50123 0.445491 0.944775 0.329338
101 0.476285 0.0191924 0.940098 0.0383847
46 0.506686 0.445776 0.961924 0.335616
84 0.508245 0.445206 0.960365 0.336758
111 0.506686 0.445776 0.961924 0.335616
48 0.508245 0.445206 0.960365 0.336758
9 0.506686 0.445776 0.961924 0.335616
109 0.506686 0.446347 0.961924 0.347032
77 0.50084 0.445491 0.981412 0.331621
101 0.501619 0.448059 0.970499 0.332192
102 0.501619 0.448059 0.970499 0.332192
101 0.491875 0.0290739 0.965042 0.0581478
47 0.502399 0.447203 0.979853 0.328196
48 0.504348 0.446062 0.966601 0.333904
77 0.504348 0.447489 0.975956 0.336758
76 0.504348 0.447203 0.965042 0.349886
101 0.504348 0.447203 0.965042 0.349886
99 0.504348 0.447203 0.965042 0.349886
48 0.504348 0.447203 0.965042 0.349886
102 0.504348 0.447203 0.965042 0.349886
84 0.504348 0.447203 0.965042 0.349886
47 0.507466 0.446062 0.961924 0.337329
46 0.503958 0.446918 0.965822 0.3379
9 0.503958 0.446918 0.965822 0.3379
110 0.504348 0.447203 0.965042 0.349886
77 0.509025 0.449201 0.977515 0.343607
76 0.504737 0.448916 0.964263 0.354452
99 0.504737 0.448916 0.964263 0.354452
101 0.504737 0.448916 0.964263 0.354452
102 0.504737 0.448916 0.964263 0.354452
48 0.506686 0.448059 0.961924 0.342466
84 0.506686 0.448059 0.961924 0.342466
47 0.50123 0.449486 0.943216 0.343037
110 0.504737 0.448916 0.964263 0.354452
46 0.503568 0.449201 0.963483 0.34589
77 0.508964 0.446632 0.982071 0.337329
99 0.507076 0.447774 0.965822 0.340753
48 0.507076 0.447774 0.965822 0.340753
101 0.507076 0.447774 0.965822 0.340753
102 0.507076 0.447774 0.965822 0.340753
47 0.507076 0.447774 0.965822 0.340753
76 0.507076 0.447774 0.965822 0.340753
84 0.507076 0.447774 0.965822 0.340753
46 0.507076 0.447774 0.965822 0.340753
77 0.507076 0.445776 0.981412 0.332192
99 0.511363 0.448059 0.960365 0.347032
102 0.511363 0.448059 0.960365 0.347032
76 0.511363 0.448059 0.960365 0.347032
101 0.511363 0.448059 0.960365 0.347032
48 0.507076 0.447489 0.965822 0.3379
84 0.511363 0.448059 0.960365 0.347032
47 0.506686 0.447489 0.966601 0.339041
110 0.511363 0.448059 0.960365 0.347032
46 0.506686 0.447489 0.966601 0.339041
67 0.506686 0.447489 0.966601 0.339041
77 0.498891 0.445776 0.949452 0.334475
101 0.512533 0.448059 0.961145 0.348173
102 0.512533 0.448059 0.961145 0.348173
99 0.512533 0.448059 0.961145 0.348173
48 0.509415 0.448059 0.964263 0.336758
47 0.508245 0.446918 0.966601 0.339041
67 0.508245 0.446918 0.966601 0.339041
110 0.512533 0.448059 0.961145 0.348173
77 0.507405 0.446918 0.985189 0.334475
101 0.506686 0.446918 0.96972 0.339041
102 0.506686 0.446918 0.96972 0.339041
48 0.508245 0.447203 0.966601 0.336187
67 0.508245 0.447203 0.966601 0.336187
77 0.506296 0.447489 0.982971 0.335616
101 0.507466 0.448059 0.965042 0.3379
67 0.507466 0.448059 0.965042 0.3379
102 0.505127 0.446918 0.96972 0.341324
48 0.507466 0.448059 0.965042 0.3379
77 0.505517 0.446062 0.98453 0.331621
101 0.508245 0.446632 0.963483 0.336187
67 0.496553 0.445491 0.95257 0.332763
102 0.508245 0.446632 0.963483 0.336187
77 0.505127 0.445206 0.957247 0.334475
47 0.508575 0.445206 0.982851 0.332192
77 0.505127 0.445776 0.955688 0.334475
77 0.507466 0.446347 0.983751 0.333333
77 0.495773 0.446632 0.954129 0.337329
101 0.505907 0.446918 0.96816 0.3379
102 0.495773 0.446347 0.957247 0.3379
77 0.496553 0.446347 0.95257 0.335616
101 0.503178 0.447203 0.972058 0.33847
102 0.503178 0.447203 0.972058 0.33847
67 0.503178 0.447203 0.972058 0.33847
9 0.503178 0.447203 0.972058 0.33847
77 0.496942 0.445205 0.95335 0.335616
101 0.503568 0.446347 0.972838 0.339041
67 0.503568 0.446347 0.972838 0.339041
102 0.503568 0.446347 0.972838 0.339041
48 0.503568 0.446347 0.972838 0.339041
111 0.503568 0.446347 0.972838 0.339041
77 0.504737 0.445491 0.981412 0.333904
101 0.504348 0.446918 0.971278 0.340183
67 0.506686 0.447203 0.968161 0.33847
102 0.504348 0.446918 0.971278 0.340183
77 0.504737 0.445776 0.979853 0.334475
101 0.506686 0.448059 0.966601 0.340183
67 0.506686 0.448059 0.966601 0.340183
77 0.503958 0.446062 0.979853 0.337329
101 0.506686 0.44863 0.966601 0.341324
67 0.506686 0.44863 0.966601 0.341324
102 0.506686 0.44863 0.966601 0.341324
77 0.502789 0.446347 0.977515 0.336758
101 0.507466 0.448345 0.968161 0.341895
67 0.507466 0.448345 0.968161 0.341895
102 0.507466 0.448345 0.968161 0.341895
77 0.503958 0.446918 0.978294 0.339041
101 0.508245 0.44863 0.966601 0.341324
102 0.508245 0.449201 0.966601 0.343607
67 0.508245 0.44863 0.966601 0.341324
77 0.502789 0.447489 0.977515 0.340183
101 0.508245 0.449772 0.966601 0.343607
102 0.508245 0.449772 0.966601 0.343607
67 0.508245 0.449772 0.966601 0.343607
99 0.508635 0.450628 0.965822 0.344178
77 0.497332 0.448059 0.951011 0.341324
101 0.508245 0.449772 0.966601 0.343607
102 0.508245 0.449772 0.966601 0.343607
99 0.508245 0.450342 0.966601 0.343607
67 0.508245 0.449772 0.966601 0.343607
77 0.497332 0.448059 0.951011 0.340183
101 0.512922 0.449201 0.958806 0.351598
102 0.512922 0.449201 0.958806 0.351598
99 0.512922 0.449201 0.958806 0.351598
77 0.498112 0.446918 0.949452 0.339041
101 0.513702 0.448345 0.955688 0.349886
99 0.513702 0.448345 0.955688 0.349886
102 0.513702 0.448345 0.955688 0.349886
77 0.497722 0.446918 0.948673 0.339041
101 0.513702 0.448345 0.955688 0.349886
99 0.513702 0.448345 0.955688 0.349886
102 0.513702 0.448345 0.955688 0.349886
77 0.498112 0.446918 0.949452 0.339041
101 0.513312 0.448059 0.956468 0.349315
99 0.513312 0.448059 0.956468 0.349315
102 0.513312 0.448059 0.956468 0.349315
48 0.513312 0.448059 0.956468 0.349315
77 0.497332 0.447203 0.949452 0.339612
101 0.512922 0.448345 0.957247 0.349886
99 0.512922 0.448345 0.957247 0.349886
102 0.512922 0.448345 0.957247 0.349886
48 0.512922 0.448345 0.957247 0.349886
47 0.508245 0.448916 0.966601 0.339612
77 0.498112 0.447489 0.947893 0.340183
101 0.512922 0.448916 0.957247 0.349886
102 0.512922 0.448916 0.957247 0.349886
99 0.512922 0.448916 0.957247 0.349886
48 0.512922 0.448916 0.957247 0.349886
47 0.508245 0.449201 0.966601 0.339041
76 0.512922 0.448916 0.957247 0.349886
77 0.498891 0.448345 0.947893 0.340753
101 0.512533 0.449486 0.958027 0.349886
48 0.512533 0.449486 0.958027 0.349886
102 0.512533 0.449486 0.958027 0.349886
99 0.512533 0.449486 0.958027 0.349886
76 0.512533 0.449486 0.958027 0.349886
47 0.508635 0.450057 0.965822 0.340753
67 0.507856 0.449486 0.967381 0.341895
77 0.498891 0.448345 0.947893 0.340753
101 0.512922 0.449201 0.957247 0.350457
48 0.512533 0.449772 0.956468 0.348174
99 0.512533 0.449772 0.956468 0.348174
76 0.512533 0.449772 0.956468 0.348174
102 0.512922 0.449201 0.957247 0.350457
46 0.512533 0.449772 0.956468 0.348174
47 0.509025 0.450057 0.965042 0.340753
67 0.508245 0.449772 0.966601 0.342466
100 0.512533 0.449772 0.956468 0.348174
77 0.499671 0.448916 0.946334 0.341895
101 0.513702 0.449772 0.955688 0.350457
48 0.512533 0.450342 0.956468 0.349315
99 0.512533 0.450342 0.956468 0.349315
46 0.512533 0.450342 0.956468 0.349315
76 0.512533 0.450342 0.956468 0.349315
102 0.513702 0.449772 0.955688 0.350457
67 0.508245 0.450342 0.965042 0.343607
47 0.509415 0.450342 0.964263 0.341324
100 0.512533 0.450342 0.956468 0.349315
77 0.499671 0.448916 0.946334 0.341895
101 0.513702 0.449772 0.955688 0.350457
48 0.512922 0.450342 0.957247 0.348174
46 0.512922 0.450342 0.957247 0.348174
76 0.512922 0.450342 0.957247 0.348174
102 0.513702 0.449772 0.955688 0.350457
99 0.512922 0.450342 0.957247 0.348174
67 0.508635 0.450342 0.965822 0.343607
47 0.508635 0.450342 0.965822 0.343607
77 0.499671 0.448916 0.946334 0.341895
101 0.513702 0.449772 0.955688 0.350457
48 0.512922 0.450342 0.957247 0.348174
102 0.513702 0.449772 0.955688 0.350457
67 0.512922 0.450342 0.957247 0.348174
46 0.512922 0.450342 0.957247 0.348174
99 0.512922 0.450342 0.957247 0.348174
76 0.512922 0.450342 0.957247 0.348174
100 0.512922 0.450342 0.957247 0.348174
77 0.499671 0.448916 0.946334 0.341895
101 0.513702 0.450342 0.955688 0.350457
48 0.512922 0.450628 0.957247 0.348744
67 0.512922 0.450628 0.957247 0.348744
102 0.513702 0.450342 0.955688 0.350457
99 0.512922 0.450628 0.957247 0.348744
46 0.512922 0.450628 0.957247 0.348744
76 0.512922 0.450628 0.957247 0.348744
100 0.512922 0.450628 0.957247 0.348744
77 0.499281 0.44863 0.947114 0.341324
101 0.513702 0.450342 0.955688 0.350457
48 0.512922 0.450628 0.955688 0.348744
102 0.513702 0.450342 0.955688 0.350457
67 0.512922 0.450628 0.955688 0.348744
99 0.512922 0.450628 0.955688 0.348744
46 0.512922 0.450628 0.955688 0.348744
76 0.512922 0.450628 0.955688 0.348744
77 0.498891 0.449201 0.947893 0.341324
101 0.513702 0.450342 0.955688 0.350457
48 0.512533 0.450913 0.956468 0.349315
102 0.513702 0.450342 0.955688 0.350457
67 0.512533 0.450913 0.956468 0.349315
99 0.512533 0.450913 0.956468 0.349315
76 0.512533 0.450913 0.956468 0.349315
46 0.512533 0.450913 0.956468 0.349315
77 0.498891 0.449201 0.947893 0.341324
101 0.512533 0.450342 0.956468 0.350457
48 0.512143 0.450913 0.957247 0.349315
102 0.512533 0.450342 0.956468 0.350457
67 0.512143 0.450913 0.957247 0.349315
99 0.512143 0.450913 0.957247 0.349315
76 0.512143 0.450913 0.957247 0.349315
77 0.498891 0.44863 0.947893 0.341324
101 0.512143 0.450342 0.957247 0.350457
48 0.511363 0.450628 0.957247 0.348744
67 0.507466 0.450913 0.965042 0.343607
102 0.512143 0.450342 0.957247 0.350457
99 0.511363 0.450628 0.957247 0.348744
77 0.498891 0.448916 0.947893 0.340753
101 0.511363 0.449772 0.957247 0.350457
102 0.511363 0.449772 0.957247 0.350457
67 0.507466 0.450913 0.965042 0.343607
48 0.510974 0.450342 0.958027 0.348174
99 0.511363 0.449772 0.957247 0.350457
76 0.511363 0.449772 0.957247 0.350457
77 0.498891 0.44863 0.947893 0.340183
101 0.510974 0.449772 0.958027 0.350457
102 0.510974 0.449772 0.958027 0.350457
67 0.507466 0.450913 0.965042 0.342466
48 0.510974 0.449772 0.958027 0.350457
99 0.510974 0.449772 0.958027 0.350457
77 0.498891 0.448916 0.947893 0.340753
101 0.510974 0.450342 0.958027 0.350457
102 0.510974 0.450342 0.958027 0.350457
67 0.507076 0.450913 0.965822 0.342466
77 0.498891 0.44863 0.947893 0.340183
101 0.511363 0.450057 0.957247 0.349886
67 0.506686 0.450913 0.965042 0.342466
102 0.511363 0.450057 0.957247 0.349886
77 0.498891 0.44863 0.947893 0.340183
101 0.510584 0.450057 0.957247 0.349886
67 0.506686 0.450913 0.965042 0.342466
102 0.510584 0.450057 0.957247 0.349886
77 0.498891 0.448345 0.947893 0.339612
101 0.510194 0.450057 0.956468 0.349886
67 0.505907 0.450342 0.965042 0.342466
102 0.510194 0.450057 0.956468 0.349886
77 0.498891 0.448345 0.947893 0.339612
101 0.505907 0.450342 0.965042 0.341324
67 0.505907 0.450342 0.965042 0.341324
77 0.498891 0.448059 0.947893 0.339041
101 0.505907 0.450342 0.965042 0.341324
67 0.505907 0.450342 0.965042 0.341324
77 0.498891 0.448059 0.947893 0.339041
101 0.506296 0.449772 0.964263 0.341324
67 0.506296 0.449772 0.964263 0.341324
77 0.498891 0.448059 0.947893 0.339041
101 0.506296 0.449772 0.964263 0.341324
67 0.506296 0.449772 0.964263 0.341324
77 0.498891 0.447774 0.947893 0.33847
101 0.505907 0.449772 0.963483 0.340183
67 0.505907 0.449772 0.963483 0.340183
77 0.498891 0.447774 0.947893 0.33847
101 0.506296 0.449772 0.962704 0.340183
67 0.506296 0.449772 0.962704 0.340183
77 0.498891 0.447774 0.947893 0.33847
101 0.506296 0.449486 0.962704 0.340753
67 0.506296 0.449486 0.962704 0.340753
77 0.498891 0.447489 0.947893 0.3379
101 0.506686 0.449486 0.961924 0.340753
67 0.506686 0.449486 0.961924 0.340753
77 0.498891 0.447489 0.947893 0.3379
101 0.505907 0.449201 0.961924 0.340183
67 0.505907 0.449201 0.961924 0.340183
77 0.498891 0.447489 0.947893 0.3379
101 0.506686 0.449201 0.961924 0.340183
67 0.506686 0.449201 0.961924 0.340183
77 0.499281 0.447489 0.947114 0.3379
101 0.506686 0.449201 0.961924 0.340183
67 0.506686 0.449201 0.961924 0.340183
77 0.498891 0.447203 0.947893 0.337329
101 0.509804 0.448916 0.955688 0.348744
67 0.506686 0.44863 0.961924 0.340183
77 0.498891 0.447203 0.947893 0.337329
101 0.506296 0.44863 0.961145 0.340183
67 0.506296 0.44863 0.961145 0.340183
77 0.498891 0.447203 0.947893 0.337329
101 0.506686 0.44863 0.960365 0.340183
67 0.506686 0.44863 0.960365 0.340183
77 0.499671 0.447489 0.946334 0.3379
101 0.506686 0.44863 0.960365 0.340183
67 0.506686 0.44863 0.960365 0.340183
77 0.499671 0.447489 0.946334 0.3379
101 0.506686 0.44863 0.960365 0.340183
67 0.506686 0.44863 0.960365 0.340183
77 0.499671 0.447489 0.946334 0.3379
101 0.507466 0.44863 0.960365 0.340183
67 0.507466 0.44863 0.960365 0.340183
77 0.499671 0.447489 0.946334 0.3379
101 0.509804 0.449201 0.955688 0.348174
67 0.507076 0.44863 0.959586 0.340183
77 0.499671 0.447489 0.946334 0.3379
101 0.510194 0.449201 0.954909 0.348174
67 0.507076 0.44863 0.959586 0.340183
102 0.510194 0.449201 0.954909 0.348174
77 0.499671 0.447489 0.946334 0.3379
101 0.510584 0.449201 0.954129 0.348174
67 0.507076 0.44863 0.959586 0.340183
102 0.510584 0.449201 0.954129 0.348174
77 0.499671 0.447489 0.946334 0.3379
101 0.510974 0.449201 0.954909 0.348174
67 0.507466 0.44863 0.960365 0.340183
102 0.510974 0.449201 0.954909 0.348174
77 0.499671 0.447489 0.946334 0.3379
101 0.511363 0.448916 0.954129 0.347603
67 0.507856 0.44863 0.959586 0.340183
102 0.511363 0.448916 0.954129 0.347603
77 0.499671 0.447489 0.946334 0.3379
101 0.511363 0.448916 0.954129 0.347603
67 0.507856 0.44863 0.959586 0.340183
102 0.511363 0.448916 0.954129 0.347603
77 0.499671 0.447489 0.946334 0.3379
101 0.511363 0.44863 0.954129 0.348174
67 0.508245 0.44863 0.958806 0.340183
102 0.511363 0.44863 0.954129 0.348174
77 0.499671 0.447203 0.946334 0.337329
101 0.511363 0.44863 0.954129 0.348174
67 0.508245 0.448345 0.960365 0.339612
102 0.511363 0.44863 0.954129 0.348174
77 0.499671 0.447203 0.946334 0.337329
101 0.511363 0.44863 0.954129 0.348174
67 0.508635 0.448345 0.959586 0.339612
102 0.511363 0.44863 0.954129 0.348174
77 0.499671 0.447489 0.946334 0.3379
101 0.511363 0.44863 0.954129 0.348174
67 0.508635 0.44863 0.959586 0.340183
102 0.511363 0.44863 0.954129 0.348174
77 0.499671 0.447489 0.946334 0.3379
101 0.511753 0.44863 0.95335 0.348174
67 0.509025 0.44863 0.958806 0.340183
102 0.511753 0.44863 0.95335 0.348174
77 0.499671 0.447489 0.946334 0.3379
101 0.512143 0.44863 0.95257 0.348174
67 0.509025 0.44863 0.958806 0.340183
102 0.512143 0.44863 0.95257 0.348174
77 0.499671 0.447489 0.946334 0.3379
101 0.512143 0.44863 0.95257 0.348174
67 0.509025 0.44863 0.958806 0.340183
102 0.512143 0.44863 0.95257 0.348174
77 0.499671 0.447489 0.946334 0.3379
101 0.512143 0.448916 0.95257 0.347603
67 0.509025 0.44863 0.958806 0.340183
102 0.512143 0.448916 0.95257 0.347603
77 0.499671 0.447489 0.946334 0.3379
101 0.512143 0.44863 0.95257 0.348174
67 0.509025 0.448345 0.958806 0.339612
102 0.512143 0.44863 0.95257 0.348174
77 0.499671 0.447489 0.946334 0.3379
101 0.512143 0.44863 0.954129 0.348174
67 0.509025 0.44863 0.958806 0.339041
102 0.512143 0.44863 0.954129 0.348174
77 0.499671 0.447489 0.946334 0.3379
101 0.512143 0.44863 0.954129 0.348174
67 0.509025 0.44863 0.958806 0.339041
102 0.512143 0.44863 0.954129 0.348174
77 0.499671 0.447203 0.946334 0.337329
101 0.512143 0.44863 0.954129 0.348174
67 0.509025 0.44863 0.958806 0.340183
102 0.512143 0.44863 0.954129 0.348174
77 0.499671 0.447203 0.946334 0.337329
101 0.512143 0.44863 0.954129 0.348174
67 0.509025 0.44863 0.958806 0.340183
102 0.512143 0.44863 0.954129 0.348174
77 0.499671 0.447489 0.946334 0.3379
101 0.512533 0.44863 0.95335 0.348174
67 0.509804 0.44863 0.958806 0.340183
102 0.512533 0.44863 0.95335 0.348174
77 0.499671 0.447489 0.946334 0.3379
101 0.512922 0.44863 0.954129 0.348174
67 0.509804 0.44863 0.958806 0.340183
102 0.512922 0.44863 0.954129 0.348174
77 0.499671 0.447489 0.946334 0.3379
101 0.512922 0.44863 0.954129 0.348174
67 0.510194 0.44863 0.959586 0.340183
102 0.512922 0.44863 0.954129 0.348174
77 0.499671 0.447489 0.946334 0.3379
101 0.513312 0.44863 0.95335 0.348174
67 0.509804 0.44863 0.958806 0.340183
77 0.499671 0.447489 0.946334 0.3379
101 0.513312 0.44863 0.95335 0.348174
67 0.509804 0.44863 0.958806 0.340183
77 0.499671 0.447489 0.946334 0.3379
101 0.513702 0.44863 0.95257 0.348174
67 0.510584 0.448916 0.958806 0.339612
77 0.499671 0.447203 0.946334 0.337329
101 0.513702 0.44863 0.95257 0.348174
67 0.510584 0.44863 0.958806 0.339041
77 0.499671 0.447203 0.946334 0.337329
101 0.510194 0.44863 0.958027 0.339041
67 0.510194 0.44863 0.958027 0.339041
77 0.499671 0.447203 0.946334 0.337329
101 0.510584 0.44863 0.957247 0.339041
67 0.510584 0.44863 0.957247 0.339041
77 0.499671 0.447203 0.946334 0.337329
101 0.510584 0.44863 0.957247 0.339041
67 0.510584 0.44863 0.957247 0.339041
77 0.50006 0.447203 0.945555 0.337329
101 0.510584 0.44863 0.957247 0.339041
67 0.510584 0.44863 0.957247 0.339041
77 0.499671 0.447203 0.946334 0.337329
101 0.510584 0.44863 0.957247 0.339041
67 0.510584 0.44863 0.957247 0.339041
