50 0.492828 0.42849 0.963787 0.439359
48 0.495171 0.427346 0.965349 0.442792
49 0.495171 0.427346 0.965349 0.442792
53 0.500638 0.428418 0.954414 0.441791
79 0.500638 0.428418 0.954414 0.441791
47 0.499857 0.429705 0.946604 0.444937
67 0.495171 0.427346 0.965349 0.442792
109 0.500638 0.428418 0.954414 0.441791
95 0.495171 0.427346 0.965349 0.442792
54 0.500638 0.428418 0.954414 0.441791
17 0.492828 0.42849 0.963787 0.439359
76 0.500638 0.428418 0.954414 0.441791
46 0.480331 0.427274 0.941918 0.442935
101 0.495171 0.427346 0.965349 0.442792
84 0.500638 0.428418 0.954414 0.441791
103 0.500638 0.428561 0.954414 0.44036
105 0.500638 0.428418 0.954414 0.441791
102 0.500638 0.428418 0.954414 0.441791
75 0.500638 0.428418 0.954414 0.441791
77 0.495171 0.427346 0.965349 0.442792
68 0.492828 0.42849 0.963787 0.439359
104 0.480331 0.427274 0.941918 0.442935
73 0.500638 0.428561 0.954414 0.44036
41 0.500638 0.428418 0.954414 0.441791
56 0.492828 0.42849 0.963787 0.439359
97 0.500638 0.428418 0.954414 0.441791
14 0.495171 0.427346 0.965349 0.442792
74 0.480331 0.427274 0.941918 0.442935
81 0.500638 0.428418 0.954414 0.441791
100 0.495171 0.427346 0.965349 0.442792
111 0.492828 0.42849 0.963787 0.439359
33 0.492828 0.42849 0.963787 0.439359
99 0.492828 0.428561 0.957539 0.441505
66 0.500638 0.428561 0.954414 0.44036
110 0.480331 0.427274 0.941918 0.442935
51 0.500638 0.428418 0.954414 0.441791
42 0.480331 0.427274 0.941918 0.442935
108 0.500638 0.428418 0.954414 0.441791
12 0.500638 0.428561 0.954414 0.44036
16 0.492828 0.42849 0.963787 0.439359
5 0.491656 0.42992 0.96613 0.438787
15 0.500638 0.428418 0.954414 0.441791
31 0.500638 0.428418 0.954414 0.441791
78 0.492828 0.42849 0.963787 0.439359
7 0.492828 0.42849 0.963787 0.439359
38 0.493609 0.429634 0.963787 0.441648
13 0.480331 0.427274 0.941918 0.442935
4 0.500638 0.428418 0.954414 0.441791
26 0.492828 0.42849 0.963787 0.439359
21 0.500638 0.428418 0.954414 0.441791
0 0.493609 0.429634 0.963787 0.441648
34 0.492828 0.42849 0.963787 0.439359
11 0.480331 0.427274 0.941918 0.442935
80 0.491656 0.42992 0.96613 0.438787
52 0.500638 0.428561 0.954414 0.44036
36 0.478769 0.430277 0.941918 0.435784
28 0.500638 0.428561 0.954414 0.44036
24 0.500638 0.428418 0.954414 0.441791
72 0.500638 0.428418 0.954414 0.441791
54 0.481112 0.498856 0.921611 0.299771
48 0.505324 0.427918 0.970035 0.44508
50 0.498295 0.42706 0.952852 0.444508
46 0.504153 0.427274 0.97394 0.445223
99 0.505324 0.427918 0.970035 0.44508
109 0.495171 0.427846 0.948166 0.445223
110 0.505324 0.427918 0.970035 0.44508
111 0.505324 0.427918 0.970035 0.44508
49 0.505324 0.427918 0.970035 0.44508
101 0.505324 0.427918 0.970035 0.44508
54 0.495171 0.427846 0.948166 0.445223
47 0.505324 0.427918 0.970035 0.44508
75 0.505324 0.427918 0.970035 0.44508
51 0.505324 0.427918 0.970035 0.44508
100 0.505324 0.427918 0.970035 0.44508
67 0.505324 0.427918 0.970035 0.44508
77 0.505324 0.427918 0.970035 0.44508
103 0.495171 0.427846 0.948166 0.445223
73 0.505324 0.427918 0.970035 0.44508
52 0.495171 0.427846 0.948166 0.445223
102 0.505324 0.427918 0.970035 0.44508
68 0.504153 0.427274 0.97394 0.445223
97 0.498295 0.42706 0.952852 0.444508
41 0.498295 0.42706 0.952852 0.444508
56 0.495171 0.427846 0.948166 0.445223
53 0.505324 0.427918 0.970035 0.44508
42 0.485017 0.427346 0.913801 0.449657
84 0.505324 0.427918 0.970035 0.44508
76 0.504153 0.427274 0.97394 0.445223
95 0.505324 0.427918 0.970035 0.44508
105 0.498295 0.42706 0.952852 0.444508
35 0.505324 0.427918 0.970035 0.44508
81 0.495171 0.427846 0.948166 0.445223
17 0.485017 0.427346 0.913801 0.449657
80 0.495171 0.427846 0.948166 0.445223
104 0.498295 0.42706 0.952852 0.444508
2 0.505324 0.427918 0.970035 0.44508
14 0.498295 0.42706 0.952852 0.444508
108 0.485017 0.427346 0.913801 0.449657
28 0.485017 0.427346 0.913801 0.449657
74 0.485017 0.427346 0.913801 0.449657
36 0.504153 0.427274 0.97394 0.445223
33 0.485017 0.427346 0.913801 0.449657
9 0.504153 0.427274 0.97394 0.445223
6 0.504153 0.427274 0.97394 0.445223
66 0.485017 0.427346 0.913801 0.449657
8 0.504153 0.427274 0.97394 0.445223
20 0.498295 0.42706 0.952852 0.444508
88 0.495952 0.428561 0.991904 0.444937
25 0.505324 0.427918 0.970035 0.44508
4 0.504153 0.427274 0.97394 0.445223
79 0.485017 0.427346 0.913801 0.449657
1 0.505324 0.427918 0.970035 0.44508
7 0.507277 0.429634 0.963006 0.442792
5 0.498295 0.42706 0.952852 0.444508
15 0.504153 0.427274 0.97394 0.445223
50 0.498295 0.433138 0.987218 0.459811
49 0.498295 0.433138 0.987218 0.459811
48 0.498295 0.433138 0.987218 0.459811
100 0.498295 0.433138 0.987218 0.459811
51 0.498295 0.433138 0.987218 0.459811
99 0.498295 0.433138 0.987218 0.459811
46 0.49439 0.437071 0.980969 0.465675
76 0.498295 0.433138 0.987218 0.459811
47 0.498295 0.433138 0.987218 0.459811
73 0.49439 0.437071 0.980969 0.465675
75 0.498295 0.433138 0.987218 0.459811
50 0.49439 0.327231 0.976283 0.654462
49 0.49439 0.327231 0.976283 0.654462
50 0.628726 0.434783 0.69199 0.464531
68 0.49439 0.437071 0.980969 0.465675
100 0.49439 0.327231 0.976283 0.654462
48 0.49439 0.327231 0.976283 0.654462
68 0.497123 0.229262 0.978626 0.458524
68 0.504153 0.83238 0.978626 0.33524
51 0.49439 0.327231 0.976283 0.654462
97 0.49439 0.437071 0.980969 0.465675
48 0.504153 0.83238 0.978626 0.33524
49 0.628726 0.434783 0.69199 0.464531
101 0.499466 0.433352 0.969254 0.457094
95 0.497514 0.27746 0.979407 0.55492
48 0.502981 0.0745852 0.974721 0.14917
68 0.486189 0.886156 0.961444 0.227689
50 0.504153 0.83238 0.978626 0.33524
68 0.502981 0.0745852 0.974721 0.14917
68 0.5022 0.93135 0.973159 0.1373
48 0.497123 0.229262 0.978626 0.458524
46 0.49439 0.327231 0.976283 0.654462
77 0.499466 0.433352 0.969254 0.457094
51 0.628726 0.434783 0.69199 0.464531
101 0.504153 0.83238 0.978626 0.33524
52 0.498295 0.433138 0.987218 0.459811
109 0.498295 0.433138 0.987218 0.459811
48 0.486189 0.886156 0.961444 0.227689
99 0.49439 0.327231 0.976283 0.654462
53 0.497514 0.27746 0.979407 0.55492
53 0.504153 0.83238 0.978626 0.33524
100 0.628726 0.434783 0.69199 0.464531
76 0.49439 0.327231 0.976283 0.654462
73 0.49439 0.327231 0.976283 0.654462
108 0.497514 0.27746 0.979407 0.55492
50 0.503372 0.565217 0.980188 0.728833
47 0.49439 0.327231 0.976283 0.654462
50 0.502981 0.0745852 0.974721 0.14917
17 0.49439 0.437071 0.980969 0.465675
75 0.497514 0.27746 0.979407 0.55492
84 0.498295 0.433138 0.987218 0.459811
102 0.504153 0.83238 0.978626 0.33524
101 0.497514 0.27746 0.979407 0.55492
50 0.497123 0.229262 0.978626 0.458524
78 0.497514 0.27746 0.979407 0.55492
48 0.628726 0.434783 0.69199 0.464531
50 0.486189 0.886156 0.961444 0.227689
68 0.499857 0.755149 0.990342 0.489703
74 0.497514 0.27746 0.979407 0.55492
84 0.497514 0.27746 0.979407 0.55492
77 0.497514 0.27746 0.979407 0.55492
25 0.498295 0.433138 0.987218 0.459811
110 0.49439 0.437071 0.980969 0.465675
48 0.499857 0.755149 0.990342 0.489703
49 0.497123 0.229262 0.978626 0.458524
53 0.502981 0.0745852 0.974721 0.14917
68 0.49439 0.327231 0.976283 0.654462
52 0.496342 0.273169 0.980188 0.546339
53 0.499466 0.433352 0.969254 0.457094
109 0.497514 0.27746 0.979407 0.55492
50 0.5022 0.93135 0.973159 0.1373
48 0.5022 0.93135 0.973159 0.1373
97 0.496342 0.273169 0.980188 0.546339
80 0.497514 0.27746 0.979407 0.55492
50 0.499857 0.755149 0.990342 0.489703
49 0.502981 0.0745852 0.974721 0.14917
100 0.497123 0.229262 0.978626 0.458524
47 0.628726 0.434783 0.69199 0.464531
53 0.486189 0.886156 0.961444 0.227689
50 0.720106 0.411256 0.526412 0.423484
99 0.504153 0.83238 0.978626 0.33524
100 0.504153 0.83238 0.978626 0.33524
101 0.486189 0.886156 0.961444 0.227689
49 0.504153 0.83238 0.978626 0.33524
110 0.497514 0.27746 0.979407 0.55492
101 0.502981 0.0745852 0.974721 0.14917
77 0.504153 0.83238 0.978626 0.33524
102 0.499466 0.433352 0.969254 0.457094
109 0.504153 0.83238 0.978626 0.33524
111 0.496342 0.273169 0.980188 0.546339
102 0.500247 0.210955 0.97394 0.421911
67 0.497514 0.27746 0.979407 0.55492
100 0.502981 0.0745852 0.974721 0.14917
56 0.497514 0.27746 0.979407 0.55492
109 0.502981 0.0745852 0.974721 0.14917
99 0.628726 0.434783 0.69199 0.464531
102 0.5022 0.93135 0.973159 0.1373
49 0.720106 0.411256 0.526412 0.423484
76 0.502981 0.0745852 0.974721 0.14917
6 0.49439 0.437071 0.980969 0.465675
100 0.486189 0.886156 0.961444 0.227689
101 0.5022 0.93135 0.973159 0.1373
48 0.185787 0.951373 0.371573 0.097254
111 0.49439 0.437071 0.980969 0.465675
102 0.502981 0.0745852 0.974721 0.14917
48 0.499076 0.0479834 0.980969 0.0959668
33 0.49439 0.437071 0.980969 0.465675
102 0.486189 0.886156 0.961444 0.227689
46 0.628726 0.434783 0.69199 0.464531
51 0.504153 0.83238 0.978626 0.33524
42 0.492047 0.428561 0.962225 0.468965
76 0.628726 0.434783 0.69199 0.464531
99 0.486189 0.886156 0.961444 0.227689
17 0.496342 0.273169 0.980188 0.546339
51 0.500247 0.210955 0.97394 0.421911
33 0.497514 0.27746 0.979407 0.55492
76 0.497123 0.229262 0.978626 0.458524
77 0.5022 0.93135 0.973159 0.1373
52 0.502981 0.0745852 0.974721 0.14917
109 0.486189 0.886156 0.961444 0.227689
68 0.499076 0.0479834 0.980969 0.0959668
48 0.294057 0.903604 0.588113 0.192792
111 0.504153 0.83238 0.978626 0.33524
77 0.502981 0.0745852 0.974721 0.14917
50 0.499076 0.0479834 0.980969 0.0959668
46 0.504153 0.83238 0.978626 0.33524
81 0.496342 0.273169 0.980188 0.546339
49 0.486189 0.886156 0.961444 0.227689
53 0.5022 0.93135 0.973159 0.1373
67 0.504153 0.83238 0.978626 0.33524
51 0.502981 0.0745852 0.974721 0.14917
46 0.500247 0.210955 0.97394 0.421911
109 0.499857 0.755149 0.990342 0.489703
2 0.499466 0.433352 0.969254 0.457094
101 0.496342 0.752288 0.992685 0.495423
48 0.276288 0.944508 0.552576 0.110984
73 0.628726 0.434783 0.69199 0.464531
99 0.5022 0.93135 0.973159 0.1373
99 0.497123 0.229262 0.978626 0.458524
110 0.504153 0.83238 0.978626 0.33524
67 0.5022 0.93135 0.973159 0.1373
50 0.41863 0.514874 0.809144 0.610984
49 0.490875 0.59897 0.955195 0.790618
76 0.504153 0.83238 0.978626 0.33524
68 0.644099 0.950515 0.711801 0.0989702
100 0.499857 0.755149 0.990342 0.489703
49 0.5022 0.93135 0.973159 0.1373
48 0.136777 0.95595 0.273555 0.0881006
53 0.499857 0.755149 0.990342 0.489703
111 0.486189 0.886156 0.961444 0.227689
68 0.276288 0.944508 0.552576 0.110984
46 0.502981 0.0745852 0.974721 0.14917
99 0.499857 0.755149 0.990342 0.489703
102 0.501419 0.320652 0.970035 0.641304
66 0.497514 0.27746 0.979407 0.55492
77 0.486189 0.886156 0.961444 0.227689
48 0.714249 0.929348 0.57093 0.141304
48 0.644099 0.950515 0.711801 0.0989702
28 0.499466 0.433352 0.969254 0.457094
47 0.497123 0.229262 0.978626 0.458524
110 0.502981 0.0745852 0.974721 0.14917
49 0.499076 0.0479834 0.980969 0.0959668
52 0.504153 0.83238 0.978626 0.33524
2 0.497514 0.27746 0.979407 0.55492
68 0.294057 0.903604 0.588113 0.192792
100 0.490875 0.59897 0.955195 0.790618
75 0.503762 0.0516304 0.963787 0.103261
68 0.185787 0.951373 0.371573 0.097254
79 0.497514 0.27746 0.979407 0.55492
67 0.502981 0.0745852 0.974721 0.14917
110 0.486189 0.886156 0.961444 0.227689
111 0.502981 0.0745852 0.974721 0.14917
75 0.628726 0.434783 0.69199 0.464531
50 0.186275 0.925629 0.37255 0.148741
99 0.502981 0.0745852 0.974721 0.14917
73 0.497123 0.229262 0.978626 0.458524
111 0.499857 0.755149 0.990342 0.489703
67 0.486189 0.886156 0.961444 0.227689
49 0.499857 0.755149 0.990342 0.489703
84 0.502981 0.0745852 0.974721 0.14917
67 0.499466 0.433352 0.969254 0.457094
50 0.294057 0.903604 0.588113 0.192792
100 0.5022 0.93135 0.973159 0.1373
97 0.493218 0.422483 0.956757 0.454806
75 0.493218 0.422483 0.956757 0.454806
100 0.493218 0.422483 0.956757 0.454806
41 0.497904 0.421625 0.950509 0.455378
76 0.493218 0.422483 0.956757 0.454806
33 0.500638 0.421124 0.94348 0.457523
42 0.493999 0.425915 0.964568 0.446796
73 0.493218 0.422483 0.956757 0.454806
84 0.493218 0.422483 0.956757 0.454806
74 0.493218 0.422483 0.956757 0.454806
17 0.497904 0.421625 0.950509 0.455378
32 0.497904 0.421625 0.950509 0.455378
48 0.493218 0.422483 0.956757 0.454806
80 0.493999 0.425915 0.964568 0.446796
46 0.493218 0.422483 0.956757 0.454806
103 0.493218 0.422483 0.956757 0.454806
47 0.493999 0.425915 0.964568 0.446796
50 0.493218 0.422483 0.956757 0.454806
23 0.497904 0.421625 0.950509 0.455378
28 0.48697 0.423341 0.97394 0.453089
54 0.493218 0.425915 0.96613 0.450229
2 0.497904 0.421625 0.950509 0.455378
6 0.497904 0.421625 0.950509 0.455378
99 0.493218 0.422483 0.956757 0.454806
14 0.48697 0.423341 0.97394 0.453089
16 0.48697 0.423341 0.97394 0.453089
95 0.493999 0.425915 0.964568 0.446796
9 0.493999 0.425915 0.964568 0.446796
21 0.497904 0.421625 0.950509 0.455378
24 0.48697 0.423341 0.97394 0.453089
26 0.48697 0.423341 0.97394 0.453089
41 0.644347 0.426773 0.656062 0.449657
15 0.48697 0.423341 0.97394 0.453089
13 0.48697 0.423341 0.97394 0.453089
53 0.495171 0.426845 0.957539 0.443793
49 0.493218 0.422483 0.956757 0.454806
3 0.497904 0.421625 0.950509 0.455378
66 0.500638 0.421124 0.94348 0.457523
109 0.492047 0.427632 0.946604 0.44222
18 0.48697 0.423341 0.97394 0.453089
28 0.644347 0.426773 0.656062 0.449657
17 0.641613 0.426201 0.674026 0.450801
101 0.493218 0.422483 0.956757 0.454806
35 0.48697 0.423341 0.97394 0.453089
68 0.492047 0.427632 0.946604 0.44222
8 0.497904 0.421625 0.950509 0.455378
1 0.493999 0.425915 0.964568 0.446796
110 0.492047 0.427632 0.946604 0.44222
16 0.644347 0.426773 0.656062 0.449657
108 0.497904 0.421625 0.950509 0.455378
33 0.644347 0.426773 0.656062 0.449657
111 0.492047 0.427632 0.946604 0.44222
5 0.497904 0.421625 0.950509 0.455378
52 0.495171 0.426845 0.957539 0.443793
14 0.644347 0.426773 0.656062 0.449657
29 0.493999 0.425915 0.964568 0.446796
10 0.497904 0.421625 0.950509 0.455378
105 0.493218 0.422483 0.956757 0.454806
24 0.644347 0.426773 0.656062 0.449657
19 0.48697 0.423341 0.97394 0.453089
77 0.493218 0.422483 0.956757 0.454806
23 0.644347 0.426773 0.656062 0.449657
25 0.497904 0.421625 0.950509 0.455378
20 0.48697 0.423341 0.97394 0.453089
18 0.644347 0.426773 0.656062 0.449657
26 0.644347 0.426773 0.656062 0.449657
7 0.493999 0.425915 0.964568 0.446796
51 0.492047 0.427632 0.946604 0.44222
42 0.641613 0.426201 0.674026 0.450801
15 0.644347 0.426773 0.656062 0.449657
67 0.493218 0.422483 0.956757 0.454806
21 0.644347 0.426773 0.656062 0.449657
13 0.644347 0.426773 0.656062 0.449657
0 0.48697 0.423341 0.97394 0.453089
32 0.644347 0.426773 0.656062 0.449657
56 0.495171 0.426845 0.957539 0.443793
97 0.644347 0.426773 0.656062 0.449657
6 0.644347 0.426773 0.656062 0.449657
22 0.497904 0.421625 0.950509 0.455378
35 0.641613 0.426201 0.674026 0.450801
74 0.641613 0.426201 0.674026 0.450801
76 0.489704 0.429562 0.95129 0.458953
97 0.489704 0.429562 0.95129 0.458953
100 0.489704 0.429562 0.95129 0.458953
99 0.489704 0.429562 0.95129 0.458953
48 0.489704 0.429562 0.95129 0.458953
49 0.489704 0.429562 0.95129 0.458953
73 0.489704 0.429562 0.95129 0.458953
51 0.489704 0.429562 0.95129 0.458953
50 0.496733 0.426773 0.940356 0.455378
47 0.489704 0.429562 0.95129 0.458953
46 0.489704 0.429562 0.95129 0.458953
42 0.489704 0.429562 0.95129 0.458953
41 0.496733 0.426773 0.940356 0.455378
54 0.489704 0.429562 0.95129 0.458953
33 0.489704 0.429562 0.95129 0.458953
75 0.489704 0.429562 0.95129 0.458953
111 0.488923 0.428204 0.946604 0.453661
1 0.489704 0.429562 0.95129 0.458953
17 0.502981 0.429348 0.949728 0.461671
84 0.489704 0.429562 0.95129 0.458953
3 0.489704 0.429562 0.95129 0.458953
6 0.489704 0.429562 0.95129 0.458953
9 0.489704 0.429562 0.95129 0.458953
53 0.491266 0.429133 0.945042 0.452946
8 0.489704 0.429562 0.95129 0.458953
20 0.489704 0.429562 0.95129 0.458953
110 0.489704 0.429562 0.95129 0.458953
80 0.488923 0.428204 0.946604 0.453661
28 0.489704 0.429562 0.95129 0.458953
77 0.491266 0.429133 0.945042 0.452946
52 0.491266 0.429133 0.945042 0.452946
30 0.496733 0.426773 0.940356 0.455378
34 0.489704 0.429562 0.95129 0.458953
2 0.489704 0.429562 0.95129 0.458953
25 0.489704 0.429562 0.95129 0.458953
16 0.496733 0.426773 0.940356 0.455378
74 0.498295 0.428561 0.941918 0.457523
5 0.489704 0.429562 0.95129 0.458953
56 0.491266 0.429133 0.945042 0.452946
109 0.491266 0.429133 0.945042 0.452946
7 0.496733 0.426773 0.940356 0.455378
67 0.491266 0.429133 0.945042 0.452946
101 0.491266 0.429133 0.945042 0.452946
4 0.489704 0.429562 0.95129 0.458953
73 0.499466 0.424771 0.978626 0.457094
75 0.503372 0.420481 0.969254 0.465675
99 0.499466 0.424771 0.978626 0.457094
76 0.501419 0.425057 0.977845 0.456522
46 0.499466 0.424771 0.978626 0.457094
50 0.499466 0.420767 0.975502 0.468536
41 0.490485 0.421339 0.980969 0.462815
100 0.501419 0.425057 0.977845 0.456522
47 0.499466 0.424771 0.978626 0.457094
97 0.503372 0.420481 0.969254 0.465675
49 0.499466 0.424771 0.978626 0.457094
48 0.499466 0.424771 0.978626 0.457094
33 0.490485 0.421339 0.980969 0.462815
51 0.504153 0.42613 0.969254 0.461241
54 0.503372 0.420481 0.969254 0.465675
103 0.49478 0.426487 0.963006 0.453661
84 0.49478 0.426487 0.963006 0.453661
42 0.490485 0.421339 0.980969 0.462815
66 0.490485 0.421339 0.980969 0.462815
80 0.490485 0.421339 0.980969 0.462815
74 0.490485 0.421339 0.980969 0.462815
17 0.490485 0.421339 0.980969 0.462815
77 0.49478 0.426487 0.963006 0.453661
109 0.49478 0.426487 0.963006 0.453661
111 0.504153 0.42613 0.969254 0.461241
41 0.50181 0.425915 0.95832 0.454806
99 0.498295 0.423985 0.952852 0.458667
73 0.498295 0.423985 0.952852 0.458667
97 0.504543 0.425629 0.955977 0.456522
46 0.498295 0.423985 0.952852 0.458667
100 0.504543 0.425629 0.955977 0.456522
17 0.50181 0.425915 0.95832 0.454806
76 0.498295 0.423985 0.952852 0.458667
48 0.498295 0.423985 0.952852 0.458667
51 0.500638 0.424485 0.962225 0.462243
50 0.50181 0.425915 0.95832 0.454806
33 0.50181 0.425915 0.95832 0.454806
75 0.50181 0.425915 0.95832 0.454806
47 0.498295 0.423985 0.952852 0.458667
54 0.50181 0.425915 0.95832 0.454806
49 0.498295 0.423985 0.952852 0.458667
42 0.500638 0.424485 0.962225 0.462243
103 0.498295 0.423985 0.952852 0.458667
28 0.50181 0.425915 0.95832 0.454806
15 0.50181 0.425915 0.95832 0.454806
111 0.500638 0.424485 0.962225 0.462243
84 0.500638 0.424485 0.962225 0.462243
66 0.50181 0.425915 0.95832 0.454806
56 0.50181 0.425915 0.95832 0.454806
109 0.500638 0.424485 0.962225 0.462243
74 0.488142 0.427632 0.976283 0.45595
6 0.500638 0.424485 0.962225 0.462243
110 0.500638 0.424485 0.962225 0.462243
101 0.500638 0.424485 0.962225 0.462243
24 0.50181 0.425915 0.95832 0.454806
8 0.500638 0.424485 0.962225 0.462243
19 0.50181 0.425915 0.95832 0.454806
3 0.500638 0.424485 0.962225 0.462243
76 0.498295 0.428776 0.952852 0.460526
73 0.5022 0.426201 0.954414 0.45881
99 0.5022 0.426201 0.954414 0.45881
100 0.5022 0.426201 0.954414 0.45881
75 0.498295 0.428776 0.952852 0.460526
97 0.5022 0.426201 0.954414 0.45881
47 0.5022 0.426201 0.954414 0.45881
46 0.5022 0.426201 0.954414 0.45881
33 0.503762 0.424199 0.954414 0.467391
50 0.503762 0.424199 0.954414 0.467391
41 0.5022 0.426201 0.954414 0.45881
42 0.499857 0.42706 0.959101 0.466247
48 0.5022 0.426201 0.954414 0.45881
103 0.498295 0.428776 0.952852 0.460526
51 0.5022 0.426201 0.954414 0.45881
84 0.498295 0.428776 0.952852 0.460526
17 0.503762 0.424199 0.954414 0.467391
49 0.5022 0.426201 0.954414 0.45881
54 0.5022 0.426201 0.954414 0.45881
80 0.497904 0.433352 0.955195 0.471968
109 0.498295 0.428776 0.952852 0.460526
5 0.495171 0.428418 0.949728 0.468106
75 0.499076 0.423842 0.955976 0.461241
76 0.505715 0.42613 0.963006 0.462386
73 0.499466 0.425629 0.964568 0.462243
99 0.508448 0.423269 0.960663 0.465818
100 0.508448 0.423269 0.960663 0.465818
46 0.505715 0.42613 0.963006 0.462386
103 0.506886 0.425701 0.962225 0.463244
97 0.5022 0.425057 0.970035 0.456522
50 0.505715 0.42613 0.963006 0.462386
47 0.505715 0.42613 0.963006 0.462386
42 0.5022 0.425057 0.970035 0.456522
48 0.508448 0.423269 0.960663 0.465818
51 0.505715 0.42613 0.963006 0.462386
49 0.505715 0.42613 0.963006 0.462386
33 0.5022 0.425057 0.970035 0.456522
41 0.508448 0.423269 0.960663 0.465818
84 0.506886 0.425701 0.962225 0.463244
54 0.5022 0.425057 0.970035 0.456522
109 0.505324 0.426773 0.965349 0.457666
17 0.505715 0.42613 0.963006 0.462386
110 0.505324 0.426773 0.965349 0.457666
74 0.512496 0.426702 0.975007 0.466962
111 0.505324 0.426773 0.965349 0.457666
66 0.499076 0.423842 0.955976 0.461241
101 0.505324 0.426773 0.965349 0.457666
5 0.508448 0.42613 0.959101 0.454376
77 0.505324 0.426773 0.965349 0.457666
76 0.493609 0.430778 0.946604 0.457666
73 0.496733 0.42613 0.962225 0.457809
99 0.496733 0.42613 0.962225 0.457809
100 0.496733 0.42613 0.962225 0.457809
50 0.496733 0.42613 0.962225 0.457809
47 0.496733 0.42613 0.962225 0.457809
46 0.496733 0.42613 0.962225 0.457809
49 0.496733 0.42613 0.962225 0.457809
51 0.496733 0.42613 0.962225 0.457809
75 0.492828 0.431279 0.948166 0.457809
48 0.496733 0.42613 0.962225 0.457809
41 0.490485 0.425915 0.980969 0.454806
110 0.493609 0.430778 0.946604 0.457666
97 0.501419 0.43085 0.952852 0.45409
17 0.490485 0.425915 0.980969 0.454806
77 0.493609 0.430778 0.946604 0.457666
76 0.492437 0.424771 0.952071 0.457094
99 0.492437 0.424771 0.952071 0.457094
75 0.499857 0.429062 0.962225 0.461098
100 0.492437 0.424771 0.952071 0.457094
73 0.492437 0.424771 0.952071 0.457094
46 0.492437 0.424771 0.952071 0.457094
50 0.492437 0.424771 0.952071 0.457094
103 0.501029 0.429133 0.956758 0.459811
109 0.483065 0.42992 0.908334 0.470824
49 0.492437 0.424771 0.952071 0.457094
47 0.492437 0.424771 0.952071 0.457094
48 0.492437 0.424771 0.952071 0.457094
77 0.501029 0.429133 0.956758 0.459811
41 0.492437 0.424771 0.952071 0.457094
51 0.495171 0.429705 0.945042 0.460955
76 0.501419 0.430206 0.949728 0.45881
75 0.501419 0.430206 0.949728 0.45881
99 0.500638 0.433924 0.952852 0.463959
73 0.500638 0.433924 0.952852 0.463959
100 0.500638 0.433924 0.952852 0.463959
50 0.500247 0.434211 0.952071 0.467963
103 0.500638 0.433924 0.952852 0.463959
46 0.501419 0.430206 0.949728 0.45881
41 0.501419 0.430206 0.949728 0.45881
33 0.501419 0.429634 0.946604 0.45881
109 0.499076 0.432494 0.954414 0.466819
17 0.500247 0.434211 0.952071 0.467963
42 0.501419 0.429634 0.946604 0.45881
97 0.501419 0.429634 0.946604 0.45881
5 0.500247 0.434211 0.952071 0.467963
54 0.501419 0.430206 0.949728 0.45881
110 0.497904 0.43371 0.950509 0.4621
84 0.497904 0.43371 0.950509 0.4621
47 0.497904 0.43371 0.950509 0.4621
66 0.499076 0.432494 0.954414 0.466819
41 0.498295 0.429062 0.94348 0.453089
76 0.499076 0.428776 0.946604 0.450229
73 0.501419 0.429062 0.948166 0.457666
99 0.501419 0.429062 0.948166 0.457666
100 0.501419 0.429062 0.948166 0.457666
46 0.501419 0.429062 0.948166 0.457666
75 0.501419 0.429062 0.948166 0.457666
17 0.498295 0.429062 0.94348 0.453089
3 0.501419 0.429062 0.948166 0.457666
50 0.501029 0.429562 0.953633 0.452088
103 0.497123 0.428204 0.948947 0.45595
47 0.501419 0.429062 0.948166 0.457666
5 0.499076 0.428776 0.946604 0.450229
109 0.501419 0.429062 0.948166 0.457666
42 0.495171 0.435283 0.949728 0.462386
97 0.501029 0.429562 0.953633 0.452088
29 0.501419 0.429062 0.948166 0.457666
49 0.501419 0.429062 0.948166 0.457666
33 0.501419 0.429062 0.948166 0.457666
48 0.501419 0.429062 0.948166 0.457666
99 0.499076 0.427274 0.945042 0.456665
76 0.502981 0.430492 0.946604 0.461671
73 0.499076 0.427274 0.945042 0.456665
50 0.499857 0.42992 0.946604 0.45595
100 0.499076 0.427274 0.945042 0.456665
46 0.499076 0.427274 0.945042 0.456665
47 0.497514 0.429348 0.954414 0.463959
49 0.499857 0.42992 0.946604 0.45595
48 0.499076 0.427274 0.945042 0.456665
51 0.492828 0.429634 0.970035 0.454233
110 0.497514 0.429348 0.954414 0.463959
109 0.497514 0.429348 0.954414 0.463959
75 0.499076 0.426201 0.954414 0.459954
76 0.502981 0.429062 0.94348 0.455378
5 0.496733 0.427918 0.959101 0.455378
42 0.502981 0.429062 0.94348 0.455378
75 0.496733 0.427918 0.959101 0.455378
46 0.502981 0.429062 0.94348 0.455378
99 0.502981 0.429062 0.94348 0.455378
29 0.496733 0.427918 0.959101 0.455378
3 0.499857 0.42849 0.962225 0.454233
100 0.496733 0.427918 0.959101 0.455378
50 0.502981 0.429062 0.94348 0.455378
49 0.502981 0.429062 0.94348 0.455378
30 0.502981 0.429062 0.94348 0.455378
73 0.496733 0.427918 0.959101 0.455378
7 0.496733 0.427918 0.959101 0.455378
9 0.496733 0.427918 0.959101 0.455378
31 0.499857 0.42849 0.962225 0.454233
8 0.502981 0.429062 0.94348 0.455378
22 0.499857 0.42849 0.962225 0.454233
47 0.502981 0.429062 0.94348 0.455378
76 0.496733 0.428776 0.960663 0.449085
75 0.496733 0.428776 0.952852 0.451373
46 0.499076 0.428418 0.955976 0.4498
73 0.495561 0.428561 0.961444 0.449514
99 0.495561 0.428561 0.961444 0.449514
42 0.502981 0.427632 0.946604 0.44794
100 0.499076 0.428418 0.955976 0.4498
5 0.502981 0.427632 0.946604 0.44794
50 0.499076 0.428418 0.955976 0.4498
47 0.499076 0.428418 0.955976 0.4498
41 0.501419 0.427632 0.95129 0.446796
3 0.499076 0.428418 0.955976 0.4498
76 0.496733 0.427632 0.955976 0.460526
73 0.500247 0.427346 0.948947 0.461098
100 0.503762 0.427346 0.945042 0.461098
99 0.496733 0.427632 0.955976 0.460526
46 0.496733 0.427632 0.955976 0.460526
47 0.496733 0.427632 0.955976 0.460526
41 0.49478 0.42899 0.956758 0.457809
75 0.500247 0.427346 0.948947 0.461098
50 0.495561 0.430206 0.942699 0.462243
110 0.507277 0.426773 0.944261 0.466819
76 0.500247 0.429705 0.959882 0.452946
99 0.501419 0.430778 0.954414 0.451945
46 0.500247 0.429705 0.959882 0.452946
100 0.500247 0.429705 0.959882 0.452946
75 0.50181 0.431422 0.956757 0.455235
73 0.504934 0.430206 0.970816 0.455378
50 0.500247 0.429705 0.959882 0.452946
42 0.50181 0.431422 0.956757 0.455235
5 0.50181 0.431422 0.956757 0.455235
3 0.504934 0.430206 0.970816 0.455378
47 0.501419 0.430778 0.954414 0.451945
41 0.50181 0.431422 0.956757 0.455235
17 0.500247 0.429705 0.959882 0.452946
97 0.500247 0.429705 0.959882 0.452946
49 0.500247 0.429705 0.959882 0.452946
29 0.500247 0.429705 0.959882 0.452946
110 0.503762 0.427632 0.973159 0.45595
109 0.503762 0.427632 0.973159 0.45595
7 0.500638 0.431064 0.960663 0.453661
103 0.504934 0.430206 0.970816 0.455378
76 0.493609 0.43085 0.946604 0.45409
73 0.497514 0.430707 0.954414 0.4498
99 0.497514 0.430707 0.954414 0.4498
75 0.493609 0.43085 0.946604 0.45409
100 0.497514 0.430707 0.954414 0.4498
109 0.493609 0.43085 0.946604 0.45409
41 0.5022 0.432423 0.941918 0.455521
3 0.496733 0.431279 0.946604 0.455521
46 0.490485 0.431279 0.924735 0.455521
5 0.496733 0.431279 0.946604 0.455521
50 0.500638 0.43135 0.924735 0.455378
76 0.500248 0.0735126 0.955195 0.147025
76 0.5022 0.430778 0.948166 0.453089
5 0.5022 0.430778 0.948166 0.453089
99 0.5022 0.430778 0.948166 0.453089
75 0.5022 0.430778 0.948166 0.453089
3 0.504153 0.430206 0.953633 0.450801
103 0.504153 0.430206 0.941137 0.450801
46 0.5022 0.430778 0.948166 0.453089
29 0.5022 0.427989 0.948166 0.452946
109 0.504153 0.430206 0.953633 0.450801
100 0.5022 0.427989 0.948166 0.452946
41 0.5022 0.427989 0.948166 0.452946
50 0.5022 0.427989 0.948166 0.452946
73 0.5022 0.427989 0.948166 0.452946
31 0.504153 0.430206 0.953633 0.450801
76 0.496733 0.429634 0.952852 0.454233
75 0.502981 0.430206 0.945042 0.450801
46 0.501419 0.429133 0.955976 0.455235
99 0.50181 0.429062 0.95832 0.455378
50 0.50181 0.429062 0.95832 0.455378
5 0.499076 0.428776 0.952852 0.453661
103 0.502981 0.430206 0.945042 0.450801
3 0.499857 0.430277 0.945042 0.456379
109 0.499857 0.430277 0.945042 0.456379
100 0.496733 0.429634 0.952852 0.454233
73 0.50181 0.429062 0.95832 0.455378
42 0.50181 0.429062 0.95832 0.455378
76 0.501419 0.432208 0.949728 0.452517
75 0.501029 0.431064 0.955195 0.453661
99 0.503762 0.430134 0.93567 0.450944
5 0.501419 0.432208 0.949728 0.452517
73 0.499076 0.430206 0.946604 0.451945
3 0.499076 0.430206 0.946604 0.451945
46 0.501419 0.432208 0.949728 0.452517
100 0.499076 0.430206 0.946604 0.451945
29 0.504543 0.431851 0.94348 0.452088
109 0.501029 0.431064 0.955195 0.453661
76 0.503762 0.426845 0.945042 0.452946
99 0.499857 0.427346 0.949728 0.455378
75 0.500638 0.426845 0.949728 0.459811
73 0.499857 0.427346 0.949728 0.455378
5 0.5022 0.42706 0.948166 0.454806
100 0.500638 0.426845 0.949728 0.459811
46 0.499857 0.427346 0.949728 0.455378
3 0.500638 0.426845 0.949728 0.459811
76 0.501419 0.430277 0.94348 0.45409
99 0.502981 0.430277 0.937232 0.452946
75 0.495952 0.43278 0.945042 0.45595
73 0.501419 0.430277 0.94348 0.45409
5 0.495171 0.430206 0.962225 0.454233
100 0.501419 0.430277 0.94348 0.45409
46 0.501419 0.430277 0.94348 0.45409
76 0.481015 0.419336 0.656258 0.433638
50 0.502981 0.428204 0.946604 0.458238
41 0.490094 0.430277 0.978626 0.455235
76 0.633413 0.386442 0.395199 0.368993
76 0.498295 0.429062 0.952852 0.456522
75 0.496733 0.428776 0.94348 0.454805
5 0.508448 0.429634 0.940356 0.456522
99 0.496733 0.428776 0.94348 0.454805
31 0.500638 0.42899 0.945042 0.450944
3 0.498295 0.429062 0.952852 0.456522
50 0.499076 0.429133 0.954414 0.452946
29 0.498685 0.430134 0.948947 0.450944
46 0.499076 0.429133 0.963787 0.45409
103 0.498685 0.430134 0.948947 0.450944
76 0.495952 0.429705 0.954414 0.45409
99 0.492437 0.429634 0.939575 0.451945
46 0.499076 0.429348 0.945042 0.453661
75 0.498295 0.43135 0.955976 0.456522
29 0.495952 0.429705 0.954414 0.45409
5 0.495952 0.429705 0.954414 0.45409
50 0.499076 0.429348 0.945042 0.453661
3 0.498295 0.43135 0.955976 0.456522
73 0.492437 0.429634 0.939575 0.451945
100 0.492437 0.429634 0.939575 0.451945
31 0.497514 0.431064 0.959101 0.457094
110 0.492437 0.429634 0.939575 0.451945
109 0.498295 0.43135 0.955976 0.456522
103 0.492437 0.429634 0.939575 0.451945
49 0.499076 0.429348 0.945042 0.453661
76 0.499076 0.433066 0.94348 0.454233
5 0.498685 0.433066 0.933327 0.456522
100 0.499857 0.433924 0.937232 0.454806
99 0.501419 0.433066 0.95129 0.454233
46 0.499076 0.433066 0.94348 0.454233
50 0.499076 0.433066 0.94348 0.454233
29 0.498685 0.433066 0.933327 0.456522
3 0.496342 0.432995 0.930203 0.456665
75 0.501419 0.434282 0.94348 0.456379
73 0.499857 0.433924 0.937232 0.454806
31 0.498685 0.433066 0.933327 0.456522
49 0.499076 0.433066 0.94348 0.454233
34 0.499857 0.433924 0.937232 0.454806
76 0.504543 0.42992 0.941918 0.449085
5 0.500638 0.43135 0.92786 0.453089
99 0.539689 0.429634 0.876312 0.449657
50 0.531879 0.429133 0.893494 0.450658
81 0.513134 0.0830235 0.952852 0.166047
29 0.489704 0.431279 0.916925 0.452088
3 0.499857 0.431922 0.949728 0.451945
31 0.489704 0.431279 0.916925 0.452088
76 0.499466 0.429634 0.947385 0.450801
5 0.495171 0.42899 0.962225 0.452088
99 0.495171 0.42899 0.962225 0.452088
50 0.499466 0.429634 0.947385 0.450801
75 0.504543 0.432423 0.955977 0.453232
3 0.504543 0.432423 0.955977 0.453232
76 0.500638 0.430707 0.941918 0.455521
5 0.502981 0.430492 0.934108 0.458238
31 0.498295 0.430778 0.915363 0.461098
99 0.513134 0.430778 0.93567 0.456522
13 0.498295 0.430778 0.915363 0.461098
3 0.492047 0.42992 0.924735 0.46167
29 0.500638 0.430707 0.941918 0.455521
5 0.678712 0.430492 0.598266 0.454806
75 0.492047 0.42992 0.924735 0.46167
50 0.513134 0.430778 0.93567 0.456522
76 0.500638 0.42899 0.948166 0.455521
5 0.501419 0.430206 0.94348 0.459954
75 0.499857 0.431279 0.94348 0.457809
99 0.500638 0.42899 0.948166 0.455521
3 0.499857 0.431279 0.94348 0.457809
81 0.50962 0.0318221 0.956758 0.0636442
73 0.498295 0.429062 0.938794 0.456522
46 0.500638 0.42899 0.948166 0.455521
76 0.504543 0.430277 0.941918 0.457523
5 0.519383 0.431064 0.920049 0.460526
99 0.515868 0.430134 0.927079 0.457809
75 0.499076 0.431922 0.93567 0.45881
46 0.504543 0.430277 0.941918 0.457523
73 0.504543 0.430277 0.941918 0.457523
13 0.499076 0.431922 0.93567 0.45881
50 0.515868 0.430134 0.927079 0.457809
3 0.499076 0.431922 0.93567 0.45881
42 0.5022 0.431279 0.941918 0.455521
76 0.501029 0.430134 0.934889 0.450944
5 0.522507 0.430707 0.907553 0.453232
99 0.522507 0.430707 0.907553 0.453232
81 0.506105 0.0610698 0.955976 0.12214
46 0.505324 0.430277 0.934108 0.452946
50 0.522507 0.430707 0.907553 0.453232
75 0.5022 0.431279 0.938794 0.452088
13 0.503762 0.430707 0.93567 0.454376
73 0.5022 0.431279 0.938794 0.452088
76 0.505324 0.430277 0.932546 0.449514
5 0.522507 0.428776 0.913801 0.452517
81 0.503762 0.062214 0.938794 0.124428
99 0.51704 0.42849 0.926297 0.449657
31 0.505324 0.430277 0.932546 0.449514
105 0.503762 0.062214 0.938794 0.124428
76 0.503762 0.43135 0.945042 0.453089
5 0.506105 0.431422 0.930984 0.460955
99 0.51001 0.430277 0.945042 0.452946
31 0.506105 0.431422 0.930984 0.460955
75 0.502981 0.43085 0.945042 0.450658
81 0.511572 0.0469823 0.945042 0.0939645
76 0.502981 0.430206 0.94348 0.453089
5 0.5022 0.430206 0.941918 0.453089
99 0.502981 0.429133 0.963787 0.452946
31 0.503762 0.430778 0.932546 0.462243
81 0.511572 0.0337529 0.957539 0.0675057
76 0.504153 0.429634 0.945823 0.457666
99 0.499857 0.428776 0.966911 0.458238
5 0.499857 0.428776 0.966911 0.458238
75 0.498295 0.430492 0.94348 0.461671
81 0.504153 0.0612128 0.953633 0.122426
13 0.5022 0.431064 0.938794 0.462815
105 0.504153 0.0612128 0.953633 0.122426
76 0.499857 0.430277 0.949728 0.455235
75 0.503762 0.430277 0.954414 0.459811
81 0.506105 0.0645738 0.946604 0.129148
5 0.493609 0.429133 0.977845 0.45409
99 0.493609 0.429133 0.977845 0.45409
3 0.503762 0.430277 0.954414 0.459811
76 0.500247 0.43135 0.952071 0.457666
5 0.5022 0.431922 0.945042 0.462243
75 0.505324 0.43085 0.963787 0.458667
46 0.500247 0.43135 0.952071 0.457666
81 0.506105 0.0550629 0.949728 0.110126
99 0.505324 0.43085 0.963787 0.458667
76 0.502591 0.431279 0.942699 0.458953
5 0.508839 0.431636 0.934889 0.459382
81 0.51001 0.0558495 0.954414 0.111699
76 0.50181 0.432423 0.945823 0.461241
75 0.500638 0.430778 0.941918 0.459954
5 0.500638 0.431994 0.959101 0.460955
99 0.502981 0.430778 0.940356 0.459954
76 0.496733 0.430492 0.93567 0.457094
75 0.500247 0.431422 0.942699 0.457523
5 0.496733 0.42992 0.934108 0.45595
99 0.496733 0.430492 0.93567 0.457094
76 0.506105 0.429634 0.94348 0.454233
5 0.508058 0.429348 0.939575 0.452517
99 0.508058 0.429348 0.939575 0.452517
81 0.506105 0.0559211 0.94348 0.111842
75 0.513134 0.42992 0.962225 0.454806
76 0.506496 0.431922 0.942699 0.454233
5 0.512744 0.430492 0.931765 0.45595
99 0.50962 0.43135 0.939575 0.456522
76 0.505324 0.430778 0.954414 0.456522
5 0.502591 0.429562 0.967692 0.454376
75 0.509229 0.43135 0.954414 0.455378
3 0.510791 0.43085 0.962225 0.456379
76 0.5022 0.431636 0.954414 0.453661
5 0.495171 0.430707 0.971597 0.454376
3 0.504543 0.432208 0.949728 0.453661
99 0.495171 0.430707 0.971597 0.454376
75 0.504543 0.432208 0.949728 0.453661
76 0.5022 0.433352 0.945042 0.457094
5 0.506886 0.432995 0.954414 0.458953
75 0.495171 0.432494 0.934108 0.455378
76 0.499076 0.432208 0.93567 0.459382
75 0.495952 0.431851 0.93567 0.454376
5 0.499076 0.432208 0.93567 0.459382
76 0.5022 0.432423 0.960663 0.457809
5 0.503762 0.431636 0.957539 0.459382
75 0.506105 0.430134 0.948166 0.457809
76 0.498685 0.431064 0.942699 0.462815
5 0.502981 0.43085 0.955977 0.4621
75 0.502591 0.429348 0.934889 0.457094
3 0.499857 0.429062 0.94348 0.457666
76 0.499076 0.430778 0.948166 0.457666
5 0.495171 0.430492 0.966911 0.459382
75 0.501419 0.42899 0.940356 0.455521
3 0.498295 0.428561 0.95129 0.457523
76 0.499076 0.430277 0.945042 0.457523
5 0.500248 0.430492 0.955195 0.458238
75 0.502591 0.430206 0.933327 0.456522
3 0.497904 0.42706 0.947385 0.46167
76 0.497123 0.429133 0.964568 0.456379
5 0.497123 0.429133 0.964568 0.456379
75 0.503762 0.428204 0.94348 0.458238
76 0.502981 0.42992 0.95129 0.460526
5 0.502981 0.42992 0.95129 0.460526
76 0.508839 0.430492 0.938013 0.461671
5 0.508839 0.430492 0.938013 0.461671
76 0.515087 0.43135 0.928641 0.459954
5 0.515087 0.43135 0.928641 0.459954
31 0.501419 0.432208 0.937232 0.460526
76 0.520164 0.431922 0.916925 0.461098
5 0.520164 0.431922 0.916925 0.461098
31 0.5022 0.431994 0.926297 0.460955
76 0.521726 0.431851 0.915363 0.461241
5 0.521726 0.431851 0.915363 0.461241
31 0.499076 0.43135 0.926297 0.461098
76 0.513134 0.431422 0.93567 0.459811
5 0.513915 0.431279 0.932546 0.460097
75 0.500638 0.431636 0.929422 0.458238
76 0.514696 0.431922 0.932546 0.45881
5 0.515868 0.431636 0.930203 0.460526
75 0.503762 0.430492 0.93567 0.459382
76 0.512353 0.43278 0.924735 0.460526
5 0.512353 0.43278 0.924735 0.460526
75 0.497123 0.432208 0.933327 0.462815
76 0.512353 0.43278 0.921611 0.460526
5 0.512353 0.43278 0.921611 0.460526
75 0.495171 0.431064 0.930984 0.460526
76 0.49478 0.431994 0.931765 0.460955
5 0.49478 0.431994 0.931765 0.460955
75 0.49439 0.431851 0.929422 0.460097
76 0.498295 0.433138 0.941918 0.460955
5 0.497904 0.432995 0.942699 0.461241
75 0.495952 0.432423 0.93567 0.460097
76 0.499857 0.433066 0.946604 0.461098
5 0.498295 0.43278 0.948166 0.46167
31 0.498295 0.43278 0.948166 0.46167
76 0.498295 0.432995 0.946604 0.461241
5 0.496733 0.43278 0.948166 0.46167
76 0.891294 0.0702946 0.217411 0.140589
31 0.498295 0.432208 0.941918 0.462815
76 0.498685 0.432208 0.947385 0.460526
5 0.488923 0.431922 0.973159 0.459954
31 0.499857 0.432494 0.946604 0.459954
76 0.869426 0.0710097 0.261149 0.142019
76 0.499076 0.431636 0.945042 0.459382
5 0.493609 0.43135 0.962225 0.45881
76 0.839551 0.072726 0.320897 0.145452
31 0.500638 0.432208 0.945042 0.459382
76 0.501419 0.431279 0.940356 0.457809
5 0.497514 0.43085 0.955977 0.458667
76 0.81944 0.0746568 0.36112 0.149314
31 0.500638 0.431279 0.945042 0.458953
76 0.499466 0.431064 0.942699 0.459382
5 0.501419 0.431064 0.948166 0.459382
31 0.501419 0.431422 0.94348 0.459811
76 0.783513 0.0794479 0.432975 0.158896
76 0.499857 0.431636 0.94348 0.459382
5 0.504543 0.43135 0.94348 0.459954
31 0.5022 0.431636 0.94348 0.459382
76 0.754224 0.0831665 0.491552 0.166333
76 0.508448 0.431994 0.93567 0.459811
5 0.506886 0.43135 0.938794 0.459954
31 0.501419 0.431422 0.940356 0.459811
76 0.739775 0.0880292 0.52045 0.176058
76 0.508058 0.431994 0.933327 0.459811
5 0.506496 0.431922 0.936451 0.461098
76 0.715954 0.0910326 0.568092 0.182065
31 0.500638 0.431851 0.938794 0.460097
76 0.506886 0.431922 0.930984 0.459954
5 0.505324 0.432208 0.934108 0.46167
76 0.706191 0.0931779 0.587618 0.186356
31 0.499857 0.431922 0.93567 0.461098
76 0.506886 0.432423 0.932546 0.460097
5 0.504543 0.432208 0.93567 0.46167
76 0.706191 0.0944651 0.587618 0.18893
31 0.501419 0.431279 0.934108 0.457809
76 0.499857 0.43135 0.937232 0.462243
76 0.705019 0.0950372 0.589961 0.190074
5 0.502981 0.432208 0.937232 0.46167
31 0.500638 0.431279 0.93567 0.457809
76 0.499076 0.431636 0.93567 0.46167
76 0.702676 0.0941791 0.594647 0.188358
5 0.501419 0.43278 0.938794 0.46167
31 0.499466 0.43135 0.934889 0.457666
76 0.498685 0.431636 0.936451 0.46167
76 0.699552 0.0891733 0.600895 0.178347
5 0.499857 0.43278 0.94348 0.46167
31 0.499466 0.431279 0.936451 0.457809
76 0.499466 0.431064 0.938013 0.460526
76 0.687837 0.0850257 0.624326 0.170051
5 0.501419 0.432494 0.941918 0.461098
31 0.500247 0.431064 0.936451 0.457094
81 0.502591 0.0745137 0.955195 0.149027
76 0.500247 0.431064 0.939575 0.460526
76 0.689399 0.080163 0.621202 0.160326
31 0.501029 0.431064 0.938013 0.457094
5 0.502591 0.432208 0.944261 0.460526
76 0.502591 0.432208 0.944261 0.460526
76 0.701505 0.0765875 0.59699 0.153175
31 0.501419 0.431279 0.938794 0.456665
5 0.502591 0.432208 0.944261 0.460526
76 0.5022 0.432423 0.946604 0.460097
76 0.698771 0.0758009 0.602458 0.151602
31 0.50181 0.431422 0.939575 0.457523
5 0.5022 0.432423 0.946604 0.460097
76 0.501419 0.431636 0.940356 0.457094
76 0.690961 0.076373 0.618078 0.152746
5 0.501029 0.43135 0.941137 0.457666
31 0.501419 0.431636 0.940356 0.457094
76 0.500638 0.431636 0.938794 0.457094
76 0.686275 0.0765875 0.62745 0.153175
5 0.497514 0.431922 0.955977 0.45881
76 0.500638 0.431636 0.938794 0.457094
76 0.686372 0.0747283 0.627255 0.149457
5 0.497904 0.431922 0.955195 0.45881
31 0.499076 0.431636 0.941918 0.459382
76 0.500638 0.431422 0.938794 0.457523
76 0.686763 0.0740132 0.626474 0.148026
5 0.497514 0.431851 0.954414 0.458953
31 0.499076 0.431279 0.941918 0.458953
76 0.497904 0.432208 0.938013 0.460526
76 0.692914 0.0747998 0.614173 0.1496
5 0.497904 0.431851 0.953633 0.458953
76 0.50181 0.432208 0.948947 0.460526
76 0.697209 0.0747998 0.605582 0.1496
5 0.498295 0.431636 0.952852 0.459382
76 0.497514 0.431922 0.938794 0.459954
76 0.694866 0.0743707 0.610268 0.148741
5 0.499857 0.431922 0.95129 0.45881
76 0.497514 0.431922 0.938794 0.459954
76 0.695647 0.0742992 0.608706 0.148598
5 0.499467 0.431922 0.952071 0.45881
76 0.497514 0.431922 0.938794 0.459954
76 0.699943 0.0743707 0.600114 0.148741
5 0.498685 0.431922 0.952071 0.45881
76 0.497514 0.431922 0.938794 0.459954
76 0.700333 0.0737986 0.599333 0.147597
5 0.499076 0.431851 0.95129 0.458953
76 0.496733 0.431922 0.937232 0.459954
76 0.701505 0.0735841 0.59699 0.147168
5 0.499466 0.432208 0.950509 0.459382
76 0.496733 0.431922 0.937232 0.459954
76 0.70541 0.0735126 0.58918 0.147025
5 0.499466 0.432494 0.948947 0.459954
76 0.496342 0.431922 0.936451 0.459954
76 0.706582 0.0735841 0.586837 0.147168
5 0.499466 0.432494 0.948947 0.459954
76 0.496342 0.431636 0.936451 0.459382
76 0.708534 0.0737986 0.582932 0.147597
5 0.499076 0.432494 0.948166 0.459954
76 0.495952 0.431922 0.93567 0.459954
76 0.715173 0.0741562 0.569654 0.148312
5 0.499076 0.432423 0.948166 0.460097
76 0.495952 0.431851 0.93567 0.460097
76 0.722202 0.0748713 0.555596 0.149743
5 0.499076 0.432208 0.948166 0.460526
76 0.495952 0.431422 0.93567 0.459811
76 0.727669 0.0755149 0.544662 0.15103
5 0.500638 0.432208 0.946604 0.460526
76 0.495952 0.431422 0.93567 0.459811
76 0.732746 0.0754434 0.534508 0.150887
5 0.500638 0.431922 0.946604 0.459954
76 0.496342 0.431851 0.936451 0.460097
76 0.738213 0.0754434 0.523574 0.150887
5 0.500638 0.432208 0.946604 0.460526
76 0.495952 0.43135 0.93567 0.459954
76 0.747976 0.0752288 0.504048 0.150458
5 0.501419 0.431922 0.946604 0.459954
76 0.495952 0.43135 0.93567 0.459954
76 0.752272 0.0748713 0.495457 0.149743
5 0.501029 0.431922 0.945823 0.459954
76 0.496733 0.43135 0.93567 0.459954
76 0.747976 0.0742992 0.504048 0.148598
5 0.501419 0.431922 0.946604 0.459954
76 0.495952 0.431636 0.93567 0.460526
76 0.740556 0.0750143 0.518888 0.150029
5 0.501419 0.431922 0.946604 0.459954
76 0.496733 0.431636 0.93567 0.460526
76 0.742509 0.0745852 0.514983 0.14917
5 0.500638 0.431922 0.948166 0.459954
76 0.496733 0.431636 0.93567 0.460526
76 0.746804 0.0740132 0.506391 0.148026
5 0.500638 0.431851 0.948166 0.460097
76 0.496733 0.431636 0.937232 0.460526
76 0.746023 0.0742277 0.507953 0.148455
5 0.500638 0.431922 0.948166 0.459954
76 0.496733 0.431636 0.937232 0.460526
76 0.749928 0.0737271 0.500143 0.147454
5 0.500638 0.431922 0.948166 0.459954
76 0.496733 0.431636 0.937232 0.460526
76 0.757348 0.0727975 0.485304 0.145595
5 0.501029 0.431851 0.947385 0.460097
76 0.496733 0.431636 0.937232 0.460526
76 0.764377 0.0716533 0.471245 0.143307
5 0.499076 0.431922 0.95129 0.461098
76 0.496733 0.431636 0.937232 0.460526
76 0.76633 0.0710812 0.46734 0.142162
5 0.499076 0.431922 0.95129 0.461098
76 0.496733 0.431636 0.937232 0.460526
76 0.768283 0.0703661 0.463435 0.140732
5 0.499076 0.431922 0.95129 0.461098
76 0.497514 0.431636 0.938794 0.460526
76 0.75891 0.0705807 0.482179 0.141161
5 0.499076 0.431922 0.95129 0.461098
76 0.497514 0.431636 0.938794 0.460526
76 0.747195 0.0706522 0.50561 0.141304
5 0.499076 0.431636 0.95129 0.460526
76 0.497514 0.431422 0.938794 0.460955
76 0.738604 0.0705092 0.522793 0.141018
5 0.501419 0.431636 0.948166 0.460526
76 0.497514 0.431422 0.938794 0.460955
76 0.733136 0.0703661 0.533727 0.140732
5 0.501029 0.431636 0.948947 0.460526
76 0.497514 0.43135 0.938794 0.461098
76 0.727279 0.0704376 0.545443 0.140875
5 0.501419 0.431636 0.946604 0.460526
76 0.497514 0.431422 0.938794 0.460955
76 0.72806 0.0698656 0.54388 0.139731
5 0.501419 0.431636 0.948166 0.460526
76 0.497514 0.431422 0.938794 0.460955
76 0.727669 0.0689359 0.544662 0.137872
5 0.50181 0.431922 0.947385 0.461098
76 0.497514 0.43135 0.938794 0.461098
76 0.72845 0.0685784 0.543099 0.137157
5 0.501419 0.431922 0.948166 0.461098
76 0.496733 0.43135 0.938794 0.461098
76 0.731574 0.0679348 0.536851 0.13587
5 0.501419 0.431922 0.946604 0.461098
76 0.497514 0.43135 0.938794 0.461098
76 0.733527 0.0675057 0.532946 0.135011
5 0.5022 0.431922 0.946604 0.461098
76 0.497514 0.43135 0.938794 0.461098
76 0.736651 0.0669336 0.526698 0.133867
5 0.5022 0.431922 0.946604 0.461098
76 0.496733 0.43135 0.938794 0.461098
76 0.744852 0.0660755 0.510296 0.132151
5 0.499857 0.431922 0.949728 0.461098
76 0.496733 0.43135 0.938794 0.461098
76 0.752662 0.0653604 0.494676 0.130721
5 0.499857 0.431922 0.949728 0.461098
76 0.496733 0.43135 0.937232 0.461098
76 0.760277 0.0647883 0.479446 0.129577
5 0.500247 0.431922 0.948947 0.461098
76 0.496733 0.43135 0.938794 0.461098
76 0.767892 0.0640732 0.464216 0.128146
5 0.500247 0.431922 0.948947 0.461098
76 0.496733 0.431064 0.937232 0.460526
76 0.778436 0.0632151 0.443128 0.12643
5 0.500638 0.431922 0.948166 0.461098
76 0.497123 0.43135 0.938013 0.461098
76 0.783317 0.062357 0.433365 0.124714
5 0.500638 0.431922 0.948166 0.461098
76 0.497123 0.43135 0.938013 0.461098
76 0.790151 0.0620709 0.419697 0.124142
5 0.501419 0.431922 0.946604 0.461098
76 0.497123 0.431064 0.938013 0.460526
76 0.792494 0.0621425 0.415011 0.124285
5 0.501419 0.431636 0.946604 0.460526
76 0.496733 0.431064 0.937232 0.460526
76 0.797962 0.0621425 0.404077 0.124285
5 0.503762 0.431922 0.945042 0.461098
76 0.496733 0.431064 0.937232 0.460526
76 0.806553 0.0619279 0.386894 0.123856
5 0.503762 0.431922 0.945042 0.461098
76 0.496733 0.431279 0.937232 0.460097
76 0.81983 0.0617849 0.360339 0.12357
5 0.503762 0.431922 0.945042 0.461098
76 0.496733 0.431279 0.937232 0.460097
76 0.827641 0.0617849 0.344719 0.12357
5 0.503762 0.431922 0.945042 0.461098
76 0.496733 0.431279 0.937232 0.460097
76 0.834475 0.0613558 0.331051 0.122712
5 0.504543 0.431922 0.94348 0.461098
76 0.496733 0.431279 0.937232 0.460097
76 0.837599 0.0612843 0.324803 0.122569
5 0.504543 0.431922 0.94348 0.461098
76 0.496733 0.431064 0.937232 0.460526
76 0.843847 0.0606407 0.312306 0.121281
5 0.504934 0.431922 0.944261 0.461098
76 0.496733 0.431064 0.937232 0.460526
76 0.850095 0.0601402 0.29981 0.12028
5 0.504543 0.431922 0.94348 0.461098
76 0.496733 0.431064 0.937232 0.460526
76 0.853805 0.0597111 0.29239 0.119422
5 0.505324 0.431922 0.94348 0.461098
76 0.496733 0.431064 0.937232 0.460526
76 0.859077 0.059282 0.281846 0.118564
5 0.505324 0.431851 0.941918 0.461241
