50 0.50461 0.512731 0.979561 0.336806
68 0.50344 0.510995 0.980341 0.344907
48 0.50461 0.512731 0.979561 0.336806
49 0.50461 0.512731 0.979561 0.336806
54 0.50461 0.512731 0.979561 0.336806
104 0.50461 0.512731 0.979561 0.336806
53 0.508513 0.508391 0.976439 0.350116
67 0.50461 0.512731 0.979561 0.336806
103 0.50344 0.510995 0.980341 0.344907
74 0.496415 0.521123 0.958487 0.315394
101 0.50461 0.512731 0.979561 0.336806
79 0.496415 0.521123 0.958487 0.315394
84 0.496415 0.521123 0.958487 0.315394
109 0.490951 0.528935 0.956926 0.295139
95 0.496415 0.521123 0.958487 0.315394
46 0.50461 0.512731 0.979561 0.336806
47 0.505001 0.517361 0.975658 0.332176
76 0.496415 0.521123 0.958487 0.315394
111 0.496415 0.521123 0.958487 0.315394
77 0.50461 0.512731 0.979561 0.336806
100 0.492512 0.525174 0.956926 0.310764
73 0.50344 0.510995 0.980341 0.344907
17 0.50344 0.510995 0.980341 0.344907
56 0.492512 0.525174 0.956926 0.310764
99 0.505001 0.517361 0.975658 0.332176
110 0.496415 0.521123 0.958487 0.315394
66 0.50344 0.510995 0.980341 0.344907
97 0.50461 0.512731 0.979561 0.336806
81 0.50461 0.512731 0.979561 0.336806
42 0.490951 0.528935 0.956926 0.295139
75 0.492512 0.525174 0.956926 0.310764
102 0.50461 0.512731 0.979561 0.336806
108 0.496415 0.521123 0.958487 0.315394
38 0.496415 0.521123 0.958487 0.315394
84 0.579541 0.487847 0.823456 0.31713
50 0.6373 0.480613 0.707938 0.302662
80 0.50461 0.512731 0.979561 0.336806
33 0.50344 0.510995 0.980341 0.344907
41 0.496415 0.521123 0.958487 0.315394
100 0.577199 0.491319 0.828139 0.325231
48 0.6373 0.480613 0.707938 0.302662
16 0.50461 0.512731 0.979561 0.336806
7 0.490951 0.528935 0.956926 0.295139
51 0.496415 0.521123 0.958487 0.315394
14 0.490951 0.528935 0.956926 0.295139
109 0.579541 0.487847 0.823456 0.31713
79 0.579541 0.487847 0.823456 0.31713
5 0.50461 0.512731 0.979561 0.336806
94 0.496415 0.521123 0.958487 0.315394
11 0.496415 0.521123 0.958487 0.315394
101 0.6373 0.480613 0.707938 0.302662
78 0.50344 0.510995 0.980341 0.344907
65 0.488219 0.529514 0.953023 0.299769
12 0.492512 0.525174 0.956926 0.310764
75 0.579541 0.487847 0.823456 0.31713
105 0.488219 0.529514 0.953023 0.299769
28 0.50461 0.512731 0.979561 0.336806
31 0.50461 0.512731 0.979561 0.336806
68 0.6373 0.480613 0.707938 0.302662
111 0.579541 0.487847 0.823456 0.31713
21 0.496415 0.521123 0.958487 0.315394
15 0.50461 0.512731 0.979561 0.336806
75 0.505781 0.463831 0.977219 0.434606
49 0.665009 0.476852 0.65252 0.289352
0 0.496415 0.521123 0.958487 0.315394
52 0.50461 0.512731 0.979561 0.336806
53 0.665009 0.476852 0.65252 0.289352
76 0.579541 0.487847 0.823456 0.31713
34 0.50344 0.510995 0.980341 0.344907
48 0.44451 0.465278 0.878092 0.380787
80 0.665009 0.476852 0.65252 0.289352
54 0.665009 0.476852 0.65252 0.289352
38 0.579541 0.487847 0.823456 0.31713
26 0.471048 0.533275 0.938974 0.285301
110 0.579541 0.487847 0.823456 0.31713
64 0.50461 0.512731 0.979561 0.336806
72 0.496415 0.524016 0.958487 0.315394
36 0.488219 0.529514 0.953023 0.299769
50 0.44451 0.465278 0.878092 0.380787
51 0.579541 0.487847 0.823456 0.31713
13 0.488219 0.529514 0.953023 0.299769
88 0.505781 0.509259 0.977219 0.350694
95 0.579541 0.487847 0.823456 0.31713
73 0.6373 0.480613 0.707938 0.302662
24 0.496415 0.521123 0.958487 0.315394
7 0.577199 0.491319 0.828139 0.325231
47 0.665009 0.476852 0.65252 0.289352
92 0.50461 0.512731 0.979561 0.336806
49 0.44451 0.465278 0.878092 0.380787
103 0.44451 0.465278 0.878092 0.380787
66 0.6373 0.480613 0.707938 0.302662
0 0.579541 0.487847 0.823456 0.31713
103 0.6373 0.480613 0.707938 0.302662
4 0.508513 0.508391 0.976439 0.350116
67 0.665009 0.476852 0.65252 0.289352
17 0.6373 0.480613 0.707938 0.302662
81 0.665009 0.476852 0.65252 0.289352
55 0.50461 0.512731 0.979561 0.336806
52 0.665009 0.476852 0.65252 0.289352
74 0.665009 0.476852 0.65252 0.289352
38 0.719646 0.491319 0.543247 0.31713
46 0.6373 0.480613 0.707938 0.302662
42 0.577199 0.491319 0.828139 0.325231
56 0.577199 0.491319 0.828139 0.325231
26 0.577199 0.491319 0.828139 0.325231
104 0.44451 0.465278 0.878092 0.380787
50 0.505781 0.501736 0.970975 0.362269
48 0.505781 0.501736 0.970975 0.362269
46 0.505781 0.501736 0.970975 0.362269
49 0.505781 0.501736 0.970975 0.362269
101 0.505781 0.501736 0.970975 0.362269
50 0.506952 0.835069 0.979561 0.329861
110 0.505781 0.501736 0.970975 0.362269
68 0.501098 0.503472 0.991269 0.359954
111 0.506952 0.835069 0.979561 0.329861
100 0.505781 0.501736 0.970975 0.362269
111 0.508903 0.499132 0.967853 0.368634
50 0.501098 0.895544 0.977219 0.208912
48 0.506952 0.835069 0.979561 0.329861
99 0.501098 0.503472 0.991269 0.359954
50 0.506562 0.940972 0.983464 0.118056
46 0.503049 0.859086 0.982683 0.281829
67 0.505781 0.501736 0.970975 0.362269
75 0.505781 0.501736 0.970975 0.362269
102 0.505781 0.501736 0.970975 0.362269
68 0.501098 0.895544 0.977219 0.208912
77 0.505781 0.501736 0.970975 0.362269
101 0.506952 0.835069 0.979561 0.329861
50 0.508123 0.415437 0.966292 0.537182
73 0.505781 0.501736 0.970975 0.362269
51 0.505781 0.501736 0.970975 0.362269
110 0.506952 0.835069 0.979561 0.329861
68 0.506952 0.835069 0.979561 0.329861
48 0.508123 0.415437 0.966292 0.537182
101 0.501098 0.895544 0.977219 0.208912
49 0.506952 0.835069 0.979561 0.329861
95 0.505781 0.501736 0.970975 0.362269
111 0.506562 0.940972 0.983464 0.118056
47 0.505781 0.501736 0.970975 0.362269
99 0.503049 0.859086 0.982683 0.281829
46 0.506562 0.940972 0.983464 0.118056
109 0.50344 0.480396 0.956926 0.40842
48 0.506562 0.940972 0.983464 0.118056
110 0.501098 0.895544 0.977219 0.208912
100 0.503049 0.859086 0.982683 0.281829
99 0.506562 0.940972 0.983464 0.118056
49 0.501098 0.895544 0.977219 0.208912
48 0.663545 0.495949 0.661691 0.337963
73 0.503049 0.859086 0.982683 0.281829
76 0.506952 0.499711 0.968634 0.366319
68 0.506562 0.940972 0.983464 0.118056
110 0.506562 0.940972 0.983464 0.118056
52 0.505781 0.501736 0.970975 0.362269
76 0.503049 0.859086 0.982683 0.281829
49 0.506562 0.940972 0.983464 0.118056
48 0.501098 0.895544 0.977219 0.208912
109 0.506952 0.835069 0.979561 0.329861
111 0.508123 0.415437 0.966292 0.537182
49 0.508123 0.415437 0.966292 0.537182
77 0.503049 0.859086 0.982683 0.281829
95 0.506952 0.835069 0.979561 0.329861
46 0.508123 0.415437 0.966292 0.537182
103 0.508903 0.499132 0.967853 0.368634
53 0.506952 0.499711 0.968634 0.366319
75 0.506952 0.835069 0.979561 0.329861
54 0.505781 0.501736 0.970975 0.362269
101 0.506562 0.940972 0.983464 0.118056
110 0.508123 0.415437 0.966292 0.537182
102 0.503049 0.859086 0.982683 0.281829
50 0.392605 0.483507 0.774282 0.410301
51 0.503049 0.859086 0.982683 0.281829
88 0.501098 0.503472 0.991269 0.359954
50 0.690766 0.497685 0.604128 0.331019
101 0.663545 0.495949 0.661691 0.337963
50 0.568223 0.95544 0.852335 0.0891204
97 0.505781 0.501736 0.970975 0.362269
67 0.501098 0.895544 0.977219 0.208912
84 0.501098 0.498843 0.99283 0.368056
48 0.392605 0.483507 0.774282 0.410301
67 0.506952 0.835069 0.979561 0.329861
68 0.508123 0.415437 0.966292 0.537182
73 0.506562 0.940972 0.983464 0.118056
100 0.506562 0.940972 0.983464 0.118056
101 0.508123 0.415437 0.966292 0.537182
76 0.506562 0.940972 0.983464 0.118056
46 0.690766 0.497685 0.604128 0.331019
77 0.506562 0.940972 0.983464 0.118056
46 0.392605 0.483507 0.774282 0.410301
75 0.501098 0.895544 0.977219 0.208912
49 0.392605 0.483507 0.774282 0.410301
54 0.506952 0.835069 0.979561 0.329861
36 0.50344 0.480396 0.956926 0.40842
111 0.501098 0.895544 0.977219 0.208912
95 0.506562 0.940972 0.983464 0.118056
17 0.505781 0.501736 0.970975 0.362269
54 0.501098 0.895544 0.977219 0.208912
101 0.392605 0.483507 0.774282 0.410301
103 0.506952 0.835069 0.979561 0.329861
104 0.503049 0.859086 0.982683 0.281829
56 0.506952 0.499711 0.968634 0.366319
99 0.508123 0.415437 0.966292 0.537182
28 0.503049 0.501447 0.970195 0.365162
53 0.503049 0.859086 0.982683 0.281829
103 0.501098 0.895544 0.977219 0.208912
100 0.508123 0.415437 0.966292 0.537182
38 0.501098 0.498843 0.99283 0.368056
50 0.275526 0.492477 0.541685 0.396991
95 0.501098 0.895544 0.977219 0.208912
49 0.663545 0.495949 0.661691 0.337963
56 0.501098 0.895544 0.977219 0.208912
104 0.508903 0.499132 0.967853 0.368634
84 0.506952 0.835069 0.979561 0.329861
46 0.568223 0.95544 0.852335 0.0891204
7 0.505781 0.502894 0.97878 0.359954
52 0.506952 0.835069 0.979561 0.329861
102 0.500318 0.918981 0.988147 0.162037
47 0.663545 0.495949 0.661691 0.337963
51 0.506562 0.940972 0.983464 0.118056
17 0.506952 0.835069 0.979561 0.329861
75 0.506562 0.940972 0.983464 0.118056
97 0.506952 0.835069 0.979561 0.329861
48 0.433973 0.956019 0.867946 0.087963
101 0.568223 0.95544 0.852335 0.0891204
49 0.568223 0.95544 0.852335 0.0891204
109 0.506562 0.940972 0.983464 0.118056
9 0.506952 0.499711 0.968634 0.366319
105 0.506952 0.499711 0.968634 0.366319
50 0.497586 0.35272 0.987366 0.70544
50 0.498757 0.442202 0.988147 0.491754
49 0.497586 0.35272 0.987366 0.70544
49 0.498757 0.442202 0.988147 0.491754
50 0.500318 0.546296 0.985025 0.509259
100 0.497586 0.35272 0.987366 0.70544
48 0.497586 0.35272 0.987366 0.70544
48 0.498757 0.442202 0.988147 0.491754
100 0.498757 0.442202 0.988147 0.491754
51 0.497586 0.35272 0.987366 0.70544
46 0.497586 0.35272 0.987366 0.70544
46 0.498757 0.442202 0.988147 0.491754
51 0.498757 0.442202 0.988147 0.491754
49 0.500318 0.546296 0.985025 0.509259
68 0.497586 0.35272 0.987366 0.70544
50 0.559638 0.498264 0.863262 0.373843
76 0.497586 0.35272 0.987366 0.70544
68 0.498757 0.442202 0.988147 0.491754
48 0.500318 0.546296 0.985025 0.509259
47 0.497586 0.35272 0.987366 0.70544
73 0.497586 0.35272 0.987366 0.70544
99 0.497586 0.35272 0.987366 0.70544
99 0.498757 0.442202 0.988147 0.491754
76 0.498757 0.442202 0.988147 0.491754
50 0.487439 0.605903 0.953023 0.788194
100 0.500318 0.546296 0.985025 0.509259
47 0.498757 0.442202 0.988147 0.491754
101 0.50422 0.347801 0.974097 0.695602
50 0.494073 0.235677 0.981902 0.471354
73 0.498757 0.442202 0.988147 0.491754
101 0.498757 0.442202 0.988147 0.491754
46 0.500318 0.546296 0.985025 0.509259
75 0.50422 0.347801 0.974097 0.695602
50 0.481585 0.460359 0.956926 0.344329
48 0.494073 0.235677 0.981902 0.471354
49 0.494073 0.235677 0.981902 0.471354
51 0.500318 0.546296 0.985025 0.509259
68 0.500318 0.546296 0.985025 0.509259
75 0.498757 0.442202 0.988147 0.491754
68 0.494073 0.235677 0.981902 0.471354
100 0.494073 0.235677 0.981902 0.471354
49 0.559638 0.498264 0.863262 0.373843
99 0.500318 0.546296 0.985025 0.509259
51 0.494073 0.235677 0.981902 0.471354
49 0.487439 0.605903 0.953023 0.788194
49 0.481585 0.460359 0.956926 0.344329
100 0.559638 0.498264 0.863262 0.373843
76 0.500318 0.546296 0.985025 0.509259
47 0.500318 0.546296 0.985025 0.509259
77 0.506562 0.477937 0.969414 0.416811
101 0.494073 0.235677 0.981902 0.471354
110 0.497586 0.35272 0.987366 0.70544
25 0.497586 0.35272 0.987366 0.70544
73 0.500318 0.546296 0.985025 0.509259
50 0.728231 0.501736 0.529197 0.365741
101 0.500318 0.546296 0.985025 0.509259
48 0.500318 0.603588 0.985025 0.762731
77 0.50422 0.347801 0.974097 0.695602
48 0.559638 0.498264 0.863262 0.373843
46 0.501879 0.239583 0.967853 0.479167
97 0.497586 0.35272 0.987366 0.70544
51 0.559638 0.498264 0.863262 0.373843
110 0.498757 0.442202 0.988147 0.491754
100 0.487439 0.605903 0.953023 0.788194
50 0.413679 0.397569 0.827358 0.420139
102 0.506562 0.477937 0.969414 0.416811
102 0.50422 0.347801 0.974097 0.695602
76 0.494073 0.235677 0.981902 0.471354
25 0.498757 0.442202 0.988147 0.491754
50 0.498756 0.122323 0.97878 0.244647
46 0.559638 0.498264 0.863262 0.373843
102 0.494073 0.235677 0.981902 0.471354
75 0.500318 0.546296 0.985025 0.509259
49 0.413679 0.397569 0.827358 0.420139
46 0.487439 0.605903 0.953023 0.788194
50 0.50422 0.0774016 0.96317 0.154803
52 0.497586 0.35272 0.987366 0.70544
48 0.481585 0.460359 0.956926 0.344329
48 0.498756 0.122323 0.97878 0.244647
109 0.490951 0.369792 0.967853 0.681713
48 0.413679 0.397569 0.827358 0.420139
110 0.494073 0.235677 0.981902 0.471354
77 0.494073 0.235677 0.981902 0.471354
53 0.494073 0.235677 0.981902 0.471354
97 0.498757 0.442202 0.988147 0.491754
46 0.481585 0.460359 0.956926 0.344329
47 0.559638 0.498264 0.863262 0.373843
88 0.497586 0.35272 0.987366 0.70544
68 0.487439 0.605903 0.953023 0.788194
50 0.584614 0.37066 0.817992 0.585069
47 0.494073 0.235677 0.981902 0.471354
51 0.481585 0.460359 0.956926 0.344329
46 0.413679 0.397569 0.827358 0.420139
100 0.481585 0.460359 0.956926 0.344329
51 0.500318 0.603588 0.985025 0.762731
52 0.48861 0.475188 0.960048 0.469763
99 0.500318 0.603588 0.985025 0.762731
73 0.494073 0.235677 0.981902 0.471354
48 0.50422 0.0774016 0.96317 0.154803
0 0.422362 0.588976 0.351042 0.17853
88 0.48861 0.475188 0.960048 0.469763
49 0.498756 0.122323 0.97878 0.244647
17 0.497586 0.35272 0.987366 0.70544
99 0.494073 0.235677 0.981902 0.471354
53 0.497586 0.35272 0.987366 0.70544
53 0.506562 0.477937 0.969414 0.416811
48 0.304405 0.394965 0.60725 0.471644
111 0.490951 0.369792 0.967853 0.681713
17 0.498757 0.442202 0.988147 0.491754
84 0.500708 0.338542 0.974878 0.677083
51 0.413679 0.397569 0.827358 0.420139
50 0.304405 0.394965 0.60725 0.471644
49 0.50422 0.0774016 0.96317 0.154803
109 0.494073 0.235677 0.981902 0.471354
49 0.728231 0.501736 0.529197 0.365741
109 0.48861 0.475188 0.960048 0.469763
68 0.498756 0.122323 0.97878 0.244647
49 0.304405 0.394965 0.60725 0.471644
26 0.50422 0.347801 0.974097 0.695602
50 0.490951 0.491898 0.969414 0.37963
49 0.490951 0.491898 0.969414 0.37963
101 0.490951 0.491898 0.969414 0.37963
110 0.494073 0.490451 0.97878 0.387153
68 0.494073 0.490451 0.97878 0.387153
76 0.496415 0.496238 0.964731 0.375579
100 0.496415 0.496238 0.964731 0.375579
102 0.494073 0.490451 0.97878 0.387153
77 0.490951 0.491898 0.969414 0.37963
48 0.490951 0.491898 0.969414 0.37963
46 0.494073 0.490451 0.97878 0.387153
47 0.490951 0.491898 0.969414 0.37963
73 0.490951 0.474031 0.969414 0.415365
97 0.495634 0.479745 0.975658 0.403935
50 0.491732 0.412109 0.967853 0.510272
51 0.490951 0.474031 0.969414 0.415365
49 0.491732 0.412109 0.967853 0.510272
53 0.490951 0.491898 0.969414 0.37963
76 0.494854 0.402127 0.974097 0.545284
100 0.491732 0.412109 0.967853 0.510272
67 0.490951 0.491898 0.969414 0.37963
111 0.505464 0.489873 0.989073 0.372107
99 0.490951 0.474031 0.969414 0.415365
48 0.491732 0.412109 0.967853 0.510272
47 0.491732 0.412109 0.967853 0.510272
109 0.496415 0.496238 0.964731 0.375579
95 0.496415 0.496238 0.964731 0.375579
46 0.491732 0.412109 0.967853 0.510272
68 0.752428 0.968171 0.455828 0.0636574
50 0.501098 0.505498 0.969414 0.358218
49 0.497976 0.505208 0.981902 0.361111
102 0.499537 0.516204 0.964731 0.34375
77 0.499537 0.516204 0.964731 0.34375
101 0.499537 0.516204 0.964731 0.34375
100 0.497976 0.505208 0.981902 0.361111
48 0.497976 0.505208 0.981902 0.361111
68 0.505391 0.526331 0.988927 0.331597
76 0.50422 0.502025 0.961609 0.350116
47 0.497976 0.505208 0.981902 0.361111
51 0.510464 0.50434 0.956926 0.364005
110 0.499537 0.516204 0.964731 0.34375
73 0.497976 0.505208 0.981902 0.361111
99 0.50422 0.502025 0.961609 0.350116
46 0.497976 0.505208 0.981902 0.361111
29 0.499537 0.516204 0.964731 0.34375
50 0.387531 0.528356 0.759452 0.3125
109 0.505391 0.526331 0.988927 0.331597
50 0.737598 0.488137 0.513587 0.33044
102 0.269282 0.526042 0.534661 0.327546
17 0.501098 0.510995 0.975658 0.34375
13 0.499537 0.516204 0.964731 0.34375
102 0.505854 0.446181 0.988292 0.480324
68 0.493293 0.457248 0.967853 0.455874
50 0.50344 0.498843 0.969414 0.375
49 0.50344 0.498843 0.969414 0.375
76 0.50383 0.500579 0.973317 0.369213
46 0.50344 0.498843 0.969414 0.375
73 0.50383 0.500579 0.973317 0.369213
100 0.50344 0.498843 0.969414 0.375
99 0.50383 0.500579 0.973317 0.369213
51 0.50344 0.498843 0.969414 0.375
48 0.497976 0.512731 0.986586 0.347222
47 0.497976 0.512731 0.986586 0.347222
102 0.500318 0.493634 0.977219 0.387731
77 0.50383 0.500579 0.973317 0.369213
110 0.50383 0.500579 0.973317 0.369213
101 0.50383 0.500579 0.973317 0.369213
50 0.501879 0.804398 0.974097 0.391204
50 0.497195 0.881076 0.96317 0.237847
102 0.497195 0.881076 0.96317 0.237847
75 0.497976 0.512731 0.986586 0.347222
41 0.497976 0.512731 0.986586 0.347222
49 0.501879 0.804398 0.974097 0.391204
50 0.506562 0.10952 0.975658 0.219039
50 0.505781 0.497107 0.964731 0.376157
49 0.503049 0.497975 0.970195 0.376736
102 0.499537 0.494792 0.974097 0.380787
101 0.501098 0.493924 0.977219 0.382523
51 0.501098 0.493924 0.977219 0.382523
110 0.501098 0.493924 0.977219 0.382523
73 0.501098 0.493924 0.977219 0.382523
46 0.505781 0.497107 0.964731 0.376157
100 0.505781 0.497107 0.964731 0.376157
99 0.505781 0.497107 0.964731 0.376157
48 0.498757 0.498843 0.964731 0.372685
47 0.503049 0.497975 0.970195 0.376736
77 0.498757 0.498843 0.964731 0.372685
76 0.505781 0.497107 0.964731 0.376157
17 0.505781 0.497107 0.964731 0.376157
67 0.498757 0.498843 0.964731 0.372685
68 0.498757 0.498843 0.964731 0.372685
111 0.495634 0.498843 0.96317 0.371528
34 0.501098 0.493924 0.977219 0.382523
109 0.501098 0.493924 0.977219 0.382523
50 0.497195 0.507234 0.975658 0.360532
49 0.500708 0.508391 0.96395 0.355903
51 0.500708 0.508391 0.96395 0.355903
47 0.500708 0.508391 0.96395 0.355903
46 0.500708 0.508391 0.96395 0.355903
76 0.497195 0.498264 0.974097 0.376157
73 0.500708 0.508391 0.96395 0.355903
99 0.500708 0.508391 0.96395 0.355903
100 0.500708 0.508391 0.96395 0.355903
48 0.51866 0.512731 0.929607 0.346065
34 0.497195 0.507234 0.975658 0.360532
110 0.497195 0.498264 0.974097 0.376157
50 0.496415 0.514178 0.967853 0.333912
49 0.496415 0.514178 0.967853 0.333912
51 0.494854 0.510127 0.960048 0.343171
76 0.495244 0.511863 0.967072 0.337384
100 0.495244 0.511863 0.967072 0.337384
46 0.50344 0.507523 0.950681 0.34838
47 0.494854 0.510127 0.960048 0.343171
110 0.495244 0.511863 0.967072 0.337384
99 0.495244 0.511863 0.967072 0.337384
50 0.508903 0.491319 0.974097 0.377315
49 0.501879 0.485532 0.985025 0.399306
76 0.508123 0.488715 0.97878 0.381366
47 0.501879 0.485532 0.985025 0.399306
100 0.502659 0.485822 0.986586 0.390625
51 0.507733 0.492477 0.974878 0.381944
46 0.501879 0.485532 0.985025 0.399306
73 0.493293 0.483796 0.970975 0.402778
48 0.493293 0.483796 0.970975 0.402778
102 0.496805 0.483796 0.982683 0.399306
101 0.493293 0.483796 0.970975 0.402778
110 0.496805 0.483796 0.982683 0.399306
99 0.493293 0.483796 0.970975 0.402778
50 0.50344 0.505208 0.974097 0.349537
49 0.501879 0.50463 0.972536 0.349537
102 0.499927 0.507523 0.981122 0.347222
101 0.500318 0.505208 0.983464 0.350694
109 0.499537 0.088397 0.975658 0.176794
76 0.501879 0.50463 0.972536 0.349537
46 0.496805 0.503762 0.988927 0.346644
100 0.501879 0.50463 0.972536 0.349537
77 0.499537 0.088397 0.975658 0.176794
101 0.499537 0.088397 0.975658 0.176794
77 0.500318 0.505208 0.983464 0.350694
76 0.499537 0.088397 0.975658 0.176794
48 0.496805 0.503762 0.988927 0.346644
109 0.497195 0.0579427 0.969414 0.115885
110 0.499537 0.088397 0.975658 0.176794
110 0.500318 0.505208 0.983464 0.350694
50 0.498366 0.507523 0.982683 0.354167
49 0.493683 0.507234 0.987366 0.35706
102 0.498366 0.507523 0.982683 0.354167
76 0.48861 0.503472 0.967853 0.361111
46 0.506562 0.50463 0.96317 0.359954
100 0.506562 0.50463 0.96317 0.359954
47 0.500318 0.507234 0.975658 0.355903
51 0.500318 0.507234 0.975658 0.355903
50 0.50383 0.508102 0.956145 0.350694
76 0.501098 0.511285 0.970975 0.346643
49 0.501879 0.507812 0.977219 0.350116
100 0.501098 0.511285 0.970975 0.346643
51 0.501879 0.507812 0.977219 0.350116
46 0.501879 0.507812 0.977219 0.350116
102 0.501098 0.511285 0.970975 0.346643
110 0.501098 0.511285 0.970975 0.346643
97 0.502659 0.509549 0.966292 0.346644
50 0.50344 0.50463 0.960048 0.347222
49 0.50344 0.50463 0.960048 0.347222
46 0.50344 0.50463 0.960048 0.347222
76 0.50344 0.50463 0.960048 0.347222
51 0.50344 0.50463 0.960048 0.347222
50 0.500318 0.507523 0.953803 0.355324
49 0.500318 0.507523 0.953803 0.355324
102 0.500318 0.507523 0.953803 0.355324
51 0.500318 0.499421 0.952242 0.375
50 0.492512 0.0777633 0.972536 0.155527
100 0.491732 0.510995 0.975658 0.346065
101 0.491732 0.510995 0.975658 0.346065
46 0.500318 0.499421 0.952242 0.375
50 0.50344 0.509549 0.96317 0.347801
49 0.493293 0.508102 0.986586 0.347222
46 0.508123 0.505208 0.958487 0.353009
76 0.50344 0.509549 0.96317 0.347801
48 0.493293 0.508102 0.986586 0.347222
50 0.499537 0.0824653 0.977219 0.164931
47 0.493293 0.508102 0.986586 0.347222
50 0.507733 0.509549 0.956145 0.352431
50 0.505001 0.0710359 0.972536 0.142072
76 0.507733 0.509549 0.956145 0.352431
76 0.505001 0.0710359 0.972536 0.142072
49 0.492122 0.50463 0.984244 0.358796
76 0.387531 0.859954 0.514367 0.265046
100 0.387531 0.859954 0.514367 0.265046
49 0.505001 0.0710359 0.972536 0.142072
51 0.492122 0.50463 0.984244 0.358796
50 0.508123 0.50434 0.964731 0.35706
49 0.505781 0.504051 0.967853 0.362269
50 0.505001 0.0797164 0.980341 0.159433
49 0.505001 0.0797164 0.980341 0.159433
76 0.505001 0.0797164 0.980341 0.159433
48 0.505001 0.0797164 0.980341 0.159433
110 0.505001 0.0797164 0.980341 0.159433
46 0.505001 0.0797164 0.980341 0.159433
99 0.505001 0.0797164 0.980341 0.159433
100 0.505001 0.0797164 0.980341 0.159433
110 0.501098 0.501447 0.983464 0.362847
50 0.506952 0.510127 0.956145 0.345486
49 0.495634 0.512153 0.983464 0.341435
76 0.500318 0.0747975 0.981903 0.149595
50 0.500318 0.0747975 0.981903 0.149595
76 0.496415 0.858796 0.966292 0.277778
76 0.495634 0.512153 0.983464 0.341435
109 0.496415 0.858796 0.966292 0.277778
110 0.493683 0.0741464 0.976439 0.148293
109 0.493683 0.0741464 0.976439 0.148293
73 0.500318 0.0747975 0.981903 0.149595
109 0.451925 0.921296 0.858579 0.157407
49 0.500318 0.0747975 0.981903 0.149595
76 0.451925 0.921296 0.858579 0.157407
99 0.500318 0.0747975 0.981903 0.149595
76 0.497976 0.165654 0.975658 0.331308
100 0.500318 0.0747975 0.981903 0.149595
48 0.495634 0.512153 0.983464 0.341435
48 0.500318 0.0747975 0.981903 0.149595
102 0.497195 0.508102 0.975658 0.350694
50 0.505781 0.510995 0.964731 0.349537
49 0.505001 0.506944 0.966292 0.351852
76 0.505781 0.510995 0.964731 0.349537
102 0.499537 0.502315 0.97878 0.363426
50 0.50422 0.508102 0.974097 0.349537
49 0.498366 0.511285 0.988927 0.342014
50 0.500318 0.50463 0.975658 0.356481
49 0.494073 0.505208 0.988147 0.351852
50 0.507342 0.506076 0.96317 0.351273
49 0.495634 0.506655 0.988147 0.346644
76 0.495634 0.506655 0.988147 0.346644
50 0.505001 0.511574 0.969414 0.340278
49 0.502269 0.511285 0.971756 0.340856
50 0.501488 0.507523 0.970195 0.351852
102 0.494073 0.509838 0.988147 0.347222
50 0.501879 0.510706 0.952242 0.343171
49 0.501098 0.512731 0.955365 0.33912
68 0.490561 0.513889 0.973317 0.340278
50 0.506952 0.510417 0.96395 0.349537
68 0.497195 0.515625 0.981902 0.340278
49 0.506562 0.508681 0.96317 0.350694
102 0.495634 0.511574 0.97878 0.346065
50 0.502659 0.505208 0.977219 0.353009
50 0.497976 0.510706 0.970975 0.345486
50 0.501879 0.505208 0.977219 0.355324
50 0.495634 0.505787 0.985025 0.351852
50 0.496025 0.508102 0.985805 0.347222
50 0.494464 0.514757 0.968633 0.336227
50 0.506562 0.508102 0.969414 0.349537
76 0.501098 0.508681 0.980341 0.351852
49 0.501098 0.507812 0.981902 0.351273
50 0.507733 0.509838 0.971756 0.346065
102 0.499147 0.512153 0.987366 0.346065
50 0.497195 0.5136 0.986586 0.339699
49 0.497195 0.511285 0.985025 0.343171
50 0.506562 0.511285 0.972536 0.344329
50 0.50344 0.512442 0.964731 0.339699
50 0.50422 0.510706 0.961609 0.343171
50 0.496415 0.50897 0.985025 0.345486
102 0.497195 0.516204 0.985025 0.334491
50 0.496415 0.509549 0.986586 0.345486
50 0.50422 0.511574 0.970975 0.34375
50 0.502659 0.510995 0.966292 0.344907
50 0.505001 0.510127 0.96317 0.343171
50 0.506952 0.509259 0.96395 0.346065
50 0.498757 0.514468 0.977219 0.335648
50 0.50344 0.508681 0.969414 0.346065
50 0.50344 0.508102 0.967853 0.344907
50 0.50344 0.508681 0.964731 0.346065
50 0.490171 0.515046 0.966292 0.333333
50 0.490951 0.516493 0.969414 0.331597
50 0.501098 0.509838 0.969414 0.342593
50 0.503049 0.509838 0.970195 0.342593
50 0.50344 0.509838 0.966292 0.341435
50 0.505001 0.509549 0.969414 0.343171
50 0.506952 0.511285 0.973317 0.339699
50 0.505391 0.511574 0.971756 0.33912
50 0.50344 0.510995 0.970975 0.341435
50 0.506562 0.510417 0.969414 0.341435
50 0.505781 0.510417 0.970975 0.342593
50 0.505781 0.510417 0.970975 0.340278
50 0.50422 0.511285 0.972536 0.339699
50 0.502659 0.511285 0.974097 0.339699
50 0.50422 0.510706 0.970975 0.339699
50 0.505001 0.510127 0.970975 0.340856
50 0.50461 0.510127 0.967072 0.340856
50 0.50422 0.510417 0.964731 0.341435
50 0.50344 0.509838 0.96317 0.341435
50 0.501879 0.509549 0.967853 0.342014
50 0.501098 0.509549 0.964731 0.342014
50 0.500708 0.509549 0.962389 0.342014
50 0.501098 0.509549 0.961609 0.342014
50 0.501098 0.509549 0.961609 0.342014
50 0.501879 0.509838 0.961609 0.342593
50 0.501488 0.510127 0.962389 0.342014
50 0.501098 0.509838 0.961609 0.342593
50 0.501098 0.509549 0.961609 0.342014
50 0.501098 0.509549 0.961609 0.342014
50 0.500318 0.509838 0.96317 0.342593
50 0.500318 0.509838 0.961609 0.342593
50 0.500318 0.509838 0.961609 0.341435
50 0.500318 0.509838 0.961609 0.341435
50 0.499927 0.510127 0.960828 0.340856
50 0.500318 0.510127 0.961609 0.340856
50 0.500318 0.510127 0.96317 0.340856
50 0.501098 0.509838 0.96317 0.341435
50 0.501098 0.509838 0.964731 0.341435
50 0.501488 0.510127 0.96395 0.340856
50 0.501879 0.509838 0.96317 0.341435
50 0.497195 0.514468 0.972536 0.333333
50 0.497195 0.514468 0.972536 0.333333
50 0.497195 0.514757 0.972536 0.332755
50 0.497195 0.514757 0.972536 0.332755
50 0.496805 0.515046 0.973317 0.333333
50 0.497195 0.514757 0.972536 0.333912
50 0.497195 0.514468 0.974097 0.334491
50 0.497586 0.514468 0.974878 0.334491
50 0.497586 0.514757 0.974878 0.333912
50 0.497195 0.514468 0.975658 0.334491
50 0.497195 0.514468 0.975658 0.334491
50 0.497976 0.514468 0.975658 0.334491
50 0.497976 0.514468 0.977219 0.334491
50 0.497976 0.514468 0.977219 0.334491
50 0.497976 0.514468 0.977219 0.334491
50 0.498366 0.514468 0.978 0.334491
50 0.498366 0.514757 0.978 0.333912
50 0.498366 0.514468 0.978 0.334491
50 0.497976 0.514468 0.97878 0.334491
50 0.497976 0.514468 0.97878 0.334491
50 0.498366 0.514468 0.978 0.334491
50 0.498366 0.514468 0.978 0.334491
50 0.498366 0.514468 0.978 0.334491
50 0.498366 0.514757 0.978 0.333912
50 0.498366 0.514757 0.978 0.333912
50 0.498757 0.514468 0.977219 0.334491
50 0.498756 0.514468 0.97878 0.334491
50 0.498756 0.514468 0.97878 0.334491
50 0.498756 0.514468 0.97878 0.334491
50 0.498756 0.514468 0.97878 0.334491
50 0.498756 0.514468 0.97878 0.334491
50 0.498756 0.514468 0.97878 0.334491
50 0.498756 0.514468 0.97878 0.334491
50 0.498756 0.514468 0.97878 0.334491
50 0.498756 0.514468 0.97878 0.334491
50 0.498756 0.514468 0.97878 0.334491
50 0.498756 0.514468 0.97878 0.334491
50 0.498756 0.514468 0.97878 0.334491
50 0.499537 0.514468 0.97878 0.334491
50 0.499537 0.514468 0.97878 0.334491
50 0.499537 0.514468 0.980341 0.334491
50 0.499537 0.514468 0.980341 0.334491
50 0.499537 0.514468 0.980341 0.334491
50 0.499537 0.514468 0.980341 0.334491
50 0.499537 0.514757 0.980341 0.333912
50 0.499537 0.514757 0.980341 0.333912
50 0.499537 0.514757 0.980341 0.333912
50 0.499537 0.515046 0.980341 0.333333
50 0.499537 0.515046 0.980341 0.333333
50 0.499537 0.515046 0.980341 0.333333
50 0.500318 0.515046 0.980341 0.333333
50 0.500318 0.515046 0.980341 0.333333
50 0.499927 0.515046 0.981122 0.333333
50 0.499927 0.515046 0.981122 0.333333
50 0.499927 0.515046 0.981122 0.333333
50 0.499927 0.515336 0.981122 0.332755
