48 0.496875 0.441539 0.964063 0.557965
53 0.498437 0.438492 0.965625 0.562925
49 0.499219 0.439909 0.965625 0.575964
79 0.498437 0.438492 0.965625 0.562925
56 0.498437 0.438492 0.965625 0.562925
50 0.497656 0.44076 0.964063 0.570862
54 0.498437 0.438492 0.965625 0.562925
74 0.499219 0.439909 0.965625 0.575964
109 0.498437 0.438492 0.965625 0.562925
84 0.499219 0.439909 0.965625 0.575964
97 0.498437 0.438492 0.965625 0.562925
104 0.499219 0.439909 0.965625 0.575964
111 0.499219 0.439909 0.965625 0.575964
68 0.499219 0.439909 0.965625 0.575964
67 0.498437 0.438492 0.965625 0.562925
95 0.499219 0.439909 0.965625 0.575964
17 0.498437 0.438492 0.965625 0.562925
76 0.498437 0.438492 0.965625 0.562925
101 0.497656 0.44076 0.964063 0.570862
110 0.498437 0.438492 0.965625 0.562925
103 0.497656 0.44076 0.964063 0.570862
46 0.499219 0.439909 0.965625 0.575964
81 0.498437 0.438492 0.965625 0.562925
77 0.499219 0.439909 0.965625 0.575964
75 0.496875 0.441539 0.964063 0.557965
66 0.504297 0.439626 0.982031 0.574263
73 0.497656 0.44076 0.964063 0.570862
42 0.504297 0.439626 0.982031 0.574263
80 0.496875 0.441539 0.964063 0.557965
100 0.499219 0.439909 0.965625 0.575964
16 0.498437 0.438492 0.965625 0.562925
105 0.498437 0.438492 0.965625 0.562925
34 0.499219 0.439909 0.965625 0.575964
33 0.499219 0.439909 0.965625 0.575964
38 0.499219 0.439909 0.965625 0.575964
47 0.497656 0.439626 0.957812 0.55839
0 0.498437 0.438492 0.965625 0.562925
78 0.499219 0.439909 0.965625 0.575964
99 0.498437 0.438492 0.965625 0.562925
41 0.498437 0.438492 0.965625 0.562925
51 0.499219 0.439909 0.965625 0.575964
14 0.498437 0.438492 0.965625 0.562925
11 0.498437 0.438492 0.965625 0.562925
52 0.497656 0.44076 0.964063 0.570862
31 0.498437 0.438492 0.965625 0.562925
7 0.499219 0.439909 0.965625 0.575964
5 0.497656 0.44076 0.964063 0.570862
15 0.498437 0.438492 0.965625 0.562925
108 0.498437 0.438492 0.965625 0.562925
94 0.498437 0.438492 0.965625 0.562925
102 0.499219 0.445578 0.954687 0.55102
28 0.499219 0.439909 0.965625 0.575964
65 0.499219 0.439909 0.965625 0.575964
12 0.494531 0.43998 0.964063 0.580357
21 0.499219 0.439909 0.965625 0.575964
19 0.501562 0.438209 0.979688 0.563492
64 0.497656 0.44076 0.964063 0.570862
4 0.498437 0.438492 0.965625 0.562925
88 0.497656 0.44076 0.964063 0.570862
13 0.504297 0.439626 0.982031 0.574263
8 0.498437 0.438492 0.965625 0.562925
55 0.504297 0.439626 0.982031 0.574263
6 0.498437 0.438492 0.965625 0.562925
50 0.500781 0.337302 0.960938 0.364512
104 0.496875 0.432823 0.953125 0.584467
78 0.496875 0.432823 0.953125 0.584467
81 0.496875 0.432823 0.953125 0.584467
108 0.496875 0.432823 0.953125 0.584467
105 0.504297 0.432823 0.969531 0.581066
79 0.496875 0.432823 0.953125 0.584467
56 0.496875 0.432823 0.953125 0.584467
80 0.496875 0.432823 0.953125 0.584467
33 0.496875 0.432823 0.953125 0.584467
74 0.496875 0.432823 0.953125 0.584467
54 0.496875 0.432823 0.953125 0.584467
41 0.496875 0.432823 0.953125 0.584467
75 0.496875 0.432823 0.953125 0.584467
66 0.504297 0.432823 0.969531 0.581066
17 0.496875 0.432823 0.953125 0.584467
84 0.496875 0.432823 0.953125 0.584467
111 0.496875 0.432823 0.953125 0.584467
103 0.496875 0.432823 0.953125 0.584467
95 0.504297 0.432823 0.969531 0.581066
46 0.496875 0.432823 0.953125 0.584467
109 0.496875 0.432823 0.953125 0.584467
97 0.496875 0.432823 0.953125 0.584467
110 0.496875 0.432823 0.953125 0.584467
99 0.493359 0.432823 0.952344 0.576531
48 0.496875 0.432823 0.953125 0.584467
42 0.509766 0.432823 0.969531 0.587868
53 0.496875 0.432823 0.953125 0.584467
52 0.496875 0.432823 0.953125 0.584467
21 0.496875 0.432823 0.953125 0.584467
68 0.504297 0.432823 0.969531 0.581066
73 0.496875 0.432823 0.953125 0.584467
108 0.29707 0.440476 0.576953 0.563492
111 0.514063 0.852608 0.971875 0.294785
28 0.493359 0.432823 0.952344 0.576531
31 0.496875 0.432823 0.953125 0.584467
76 0.496875 0.432823 0.953125 0.584467
105 0.29707 0.440476 0.576953 0.563492
48 0.508594 0.873866 0.979688 0.252268
67 0.496875 0.432823 0.953125 0.584467
50 0.508594 0.873866 0.979688 0.252268
79 0.29707 0.440476 0.576953 0.563492
16 0.504297 0.432823 0.969531 0.581066
104 0.29707 0.440476 0.576953 0.563492
101 0.496875 0.432823 0.953125 0.584467
78 0.267969 0.436508 0.515625 0.578231
77 0.496875 0.432823 0.953125 0.584467
35 0.496875 0.432823 0.953125 0.584467
47 0.504297 0.432823 0.969531 0.581066
50 0.509766 0.432823 0.969531 0.587868
68 0.507031 0.910998 0.975 0.178005
81 0.29707 0.440476 0.576953 0.563492
108 0.186523 0.440476 0.357422 0.577098
99 0.508594 0.873866 0.979688 0.252268
72 0.496875 0.432823 0.953125 0.584467
46 0.508594 0.873866 0.979688 0.252268
14 0.496875 0.432823 0.953125 0.584467
66 0.29707 0.440476 0.576953 0.563492
109 0.508594 0.873866 0.979688 0.252268
100 0.493359 0.432823 0.952344 0.576531
33 0.29707 0.440476 0.576953 0.563492
56 0.29707 0.440476 0.576953 0.563492
50 0.510938 0.935941 0.978125 0.128118
110 0.508594 0.873866 0.979688 0.252268
68 0.514063 0.852608 0.971875 0.294785
73 0.508594 0.873866 0.979688 0.252268
76 0.508594 0.873866 0.979688 0.252268
101 0.508594 0.873866 0.979688 0.252268
34 0.493359 0.432823 0.958594 0.575397
75 0.508594 0.873866 0.979688 0.252268
77 0.508594 0.873866 0.979688 0.252268
95 0.514063 0.852608 0.971875 0.294785
45 0.497656 0.440193 0.957812 0.56746
49 0.493359 0.432823 0.958594 0.575397
17 0.29707 0.440476 0.576953 0.563492
104 0.186523 0.440476 0.357422 0.577098
78 0.186523 0.440476 0.357422 0.577098
102 0.504297 0.432823 0.969531 0.581066
74 0.29707 0.440476 0.576953 0.563492
54 0.508594 0.873866 0.979688 0.252268
102 0.508594 0.873866 0.979688 0.252268
48 0.510938 0.935941 0.978125 0.128118
100 0.508594 0.873866 0.979688 0.252268
99 0.510938 0.935941 0.978125 0.128118
111 0.510938 0.935941 0.978125 0.128118
46 0.504687 0.927438 0.984375 0.145125
49 0.508594 0.873866 0.979688 0.252268
104 0.508594 0.873866 0.979688 0.252268
81 0.186523 0.440476 0.357422 0.577098
80 0.267969 0.436508 0.515625 0.578231
103 0.514063 0.852608 0.971875 0.294785
2 0.496875 0.432823 0.953125 0.584467
105 0.401953 0.557681 0.778906 0.317744
51 0.508594 0.873866 0.979688 0.252268
105 0.186523 0.440476 0.357422 0.577098
51 0.493359 0.432823 0.952344 0.576531
111 0.29707 0.440476 0.576953 0.563492
67 0.507031 0.910998 0.975 0.178005
67 0.514063 0.852608 0.971875 0.294785
56 0.508594 0.873866 0.979688 0.252268
108 0.5 0.425454 0.99375 0.60034
81 0.5 0.425454 0.99375 0.60034
79 0.5 0.425454 0.99375 0.60034
78 0.5 0.425454 0.99375 0.60034
104 0.5 0.382086 0.984375 0.687075
80 0.5 0.425454 0.99375 0.60034
105 0.5 0.382086 0.984375 0.687075
56 0.5 0.382086 0.984375 0.687075
74 0.500781 0.445295 0.989062 0.565193
33 0.5 0.425454 0.99375 0.60034
52 0.5 0.425454 0.99375 0.60034
95 0.498437 0.439626 0.978125 0.569728
104 0.495703 0.497732 0.991406 0.456916
66 0.5 0.425454 0.99375 0.60034
75 0.501953 0.44898 0.983594 0.562358
41 0.498437 0.439626 0.978125 0.569728
84 0.498437 0.439626 0.978125 0.569728
78 0.496094 0.393991 0.992188 0.787982
17 0.498437 0.439626 0.978125 0.569728
108 0.496094 0.393991 0.992188 0.787982
54 0.5 0.382086 0.984375 0.687075
108 0.532031 0.526077 0.923437 0.397959
81 0.532031 0.526077 0.923437 0.397959
53 0.5 0.382086 0.984375 0.687075
68 0.498437 0.207341 0.979688 0.414683
105 0.495703 0.497732 0.991406 0.456916
14 0.500781 0.445295 0.989062 0.565193
81 0.496094 0.393991 0.992188 0.787982
56 0.5 0.50737 0.985937 0.43424
109 0.501953 0.44898 0.983594 0.562358
68 0.503125 0.095309 0.971875 0.190618
10 0.500781 0.445295 0.989062 0.565193
68 0.5 0.382086 0.984375 0.687075
97 0.500781 0.445295 0.989062 0.565193
79 0.532031 0.526077 0.923437 0.397959
48 0.5 0.382086 0.984375 0.687075
95 0.495703 0.379535 0.986719 0.75907
79 0.496094 0.393991 0.992188 0.787982
74 0.495703 0.379535 0.986719 0.75907
48 0.503125 0.095309 0.971875 0.190618
32 0.500781 0.445295 0.989062 0.565193
21 0.500781 0.445295 0.989062 0.565193
54 0.495703 0.497732 0.991406 0.456916
80 0.496094 0.393991 0.992188 0.787982
78 0.532031 0.526077 0.923437 0.397959
6 0.498437 0.439626 0.978125 0.569728
101 0.498437 0.207341 0.979688 0.414683
53 0.503125 0.095309 0.971875 0.190618
2 0.500781 0.445295 0.989062 0.565193
95 0.498437 0.207341 0.979688 0.414683
53 0.498437 0.207341 0.979688 0.414683
16 0.500781 0.445295 0.989062 0.565193
111 0.5 0.382086 0.984375 0.687075
101 0.503125 0.095309 0.971875 0.190618
95 0.532031 0.526077 0.923437 0.397959
78 0.498437 0.207341 0.979688 0.414683
102 0.498437 0.207341 0.979688 0.414683
68 0.5 0.50737 0.985937 0.43424
74 0.499219 0.538549 0.976562 0.38322
103 0.5 0.425454 0.99375 0.60034
77 0.498437 0.207341 0.979688 0.414683
84 0.495703 0.379535 0.986719 0.75907
102 0.503125 0.095309 0.971875 0.190618
109 0.503125 0.095309 0.971875 0.190618
101 0.5 0.360828 0.98125 0.721655
48 0.498437 0.207341 0.979688 0.414683
76 0.5 0.382086 0.984375 0.687075
109 0.498437 0.207341 0.979688 0.414683
67 0.498437 0.207341 0.979688 0.414683
50 0.503125 0.095309 0.971875 0.190618
52 0.496094 0.393991 0.992188 0.787982
75 0.495703 0.379535 0.986719 0.75907
33 0.499219 0.538549 0.976562 0.38322
42 0.500781 0.445295 0.989062 0.565193
110 0.498437 0.207341 0.979688 0.414683
50 0.498437 0.207341 0.979688 0.414683
77 0.5 0.360828 0.98125 0.721655
53 0.5 0.50737 0.985937 0.43424
80 0.499219 0.538549 0.976562 0.38322
15 0.500781 0.445295 0.989062 0.565193
77 0.503125 0.095309 0.971875 0.190618
84 0.498437 0.207341 0.979688 0.414683
52 0.492969 0.0991355 0.960938 0.198271
11 0.500781 0.445295 0.989062 0.565193
68 0.509375 0.0584609 0.959375 0.116922
41 0.510156 0.436224 0.939062 0.559524
33 0.501953 0.436508 0.958594 0.571429
74 0.503125 0.444515 0.953125 0.562217
42 0.510156 0.436224 0.939062 0.559524
17 0.498437 0.431973 0.951563 0.573696
97 0.510156 0.436224 0.939062 0.559524
80 0.510156 0.436224 0.939062 0.559524
79 0.499219 0.437075 0.973437 0.571429
108 0.498437 0.431973 0.951563 0.573696
28 0.510156 0.436224 0.939062 0.559524
75 0.510156 0.436224 0.939062 0.559524
104 0.492969 0.434524 0.957812 0.573129
21 0.501953 0.436508 0.958594 0.571429
66 0.503125 0.444515 0.953125 0.562217
32 0.510156 0.436224 0.939062 0.559524
105 0.499219 0.437075 0.973437 0.571429
54 0.510156 0.436224 0.939062 0.559524
16 0.501953 0.436508 0.958594 0.571429
14 0.510156 0.436224 0.939062 0.559524
6 0.510156 0.436224 0.939062 0.559524
76 0.506641 0.437642 0.936719 0.558957
23 0.510156 0.436224 0.939062 0.559524
84 0.510156 0.436224 0.939062 0.559524
100 0.506641 0.437642 0.936719 0.558957
24 0.510156 0.436224 0.939062 0.559524
103 0.503125 0.444515 0.953125 0.562217
52 0.498437 0.431973 0.951563 0.573696
73 0.510156 0.436224 0.939062 0.559524
78 0.492969 0.434524 0.957812 0.573129
81 0.492969 0.434524 0.957812 0.573129
95 0.499219 0.437075 0.973437 0.571429
15 0.510156 0.436224 0.939062 0.559524
26 0.510156 0.436224 0.939062 0.559524
9 0.510156 0.436224 0.939062 0.559524
46 0.507031 0.434736 0.957812 0.556831
5 0.510156 0.436224 0.939062 0.559524
35 0.510156 0.436224 0.939062 0.559524
3 0.510156 0.436224 0.939062 0.559524
2 0.510156 0.436224 0.939062 0.559524
13 0.510156 0.436224 0.939062 0.559524
48 0.507031 0.434736 0.957812 0.556831
10 0.506641 0.437642 0.936719 0.558957
53 0.507031 0.434736 0.957812 0.556831
56 0.492969 0.434524 0.957812 0.573129
18 0.510156 0.436224 0.939062 0.559524
19 0.510156 0.436224 0.939062 0.559524
0 0.510156 0.436224 0.939062 0.559524
67 0.503125 0.444515 0.953125 0.562217
99 0.510156 0.436224 0.939062 0.559524
20 0.510156 0.436224 0.939062 0.559524
8 0.510156 0.436224 0.939062 0.559524
47 0.507031 0.434736 0.957812 0.556831
1 0.510156 0.436224 0.939062 0.559524
80 0.507812 0.435941 0.98125 0.597506
108 0.510547 0.437713 0.971094 0.579223
41 0.5125 0.441043 0.965625 0.585034
33 0.510547 0.437713 0.971094 0.579223
79 0.5125 0.441043 0.965625 0.585034
54 0.512109 0.435374 0.975781 0.582766
17 0.5125 0.45068 0.967188 0.566893
104 0.5125 0.441043 0.965625 0.585034
56 0.5125 0.441043 0.965625 0.585034
97 0.512109 0.435374 0.975781 0.582766
42 0.512109 0.435374 0.975781 0.582766
52 0.512109 0.435374 0.975781 0.582766
84 0.512109 0.435374 0.975781 0.582766
78 0.514844 0.937642 0.970312 0.124717
53 0.512109 0.435374 0.975781 0.582766
105 0.5125 0.441043 0.965625 0.585034
16 0.510547 0.437713 0.971094 0.579223
79 0.51875 0.963152 0.9625 0.0736961
81 0.5125 0.441043 0.965625 0.585034
79 0.514844 0.937642 0.970312 0.124717
95 0.5125 0.45068 0.967188 0.566893
74 0.5125 0.45068 0.967188 0.566893
66 0.5125 0.45068 0.967188 0.566893
104 0.51875 0.963152 0.9625 0.0736961
14 0.510547 0.437713 0.971094 0.579223
81 0.51875 0.963152 0.9625 0.0736961
103 0.507812 0.435941 0.98125 0.597506
104 0.514844 0.937642 0.970312 0.124717
108 0.514844 0.937642 0.970312 0.124717
111 0.512109 0.435374 0.975781 0.582766
81 0.514844 0.937642 0.970312 0.124717
78 0.514063 0.893991 0.971875 0.212018
75 0.5125 0.45068 0.967188 0.566893
79 0.507812 0.539683 0.96875 0.386621
78 0.51875 0.963152 0.9625 0.0736961
105 0.51875 0.963152 0.9625 0.0736961
48 0.512109 0.435374 0.975781 0.582766
6 0.507812 0.435941 0.98125 0.597506
15 0.510547 0.437713 0.971094 0.579223
78 0.510547 0.437713 0.971094 0.579223
21 0.510547 0.437713 0.971094 0.579223
28 0.5125 0.441043 0.965625 0.585034
76 0.507812 0.435941 0.98125 0.597506
108 0.514063 0.893991 0.971875 0.212018
52 0.538672 0.37415 0.835156 0.462585
53 0.538672 0.37415 0.835156 0.462585
111 0.538672 0.37415 0.835156 0.462585
73 0.512109 0.435374 0.975781 0.582766
19 0.521484 0.455782 0.946094 0.552154
105 0.514844 0.937642 0.970312 0.124717
54 0.538672 0.37415 0.835156 0.462585
66 0.514844 0.937642 0.970312 0.124717
97 0.538672 0.37415 0.835156 0.462585
104 0.507812 0.539683 0.96875 0.386621
46 0.519531 0.435374 0.959375 0.587302
66 0.51875 0.963152 0.9625 0.0736961
100 0.512109 0.435374 0.975781 0.582766
99 0.512109 0.435374 0.975781 0.582766
41 0.497656 0.437642 0.951563 0.568027
33 0.492578 0.434311 0.955469 0.573554
75 0.5 0.435941 0.976562 0.572562
80 0.497656 0.437642 0.951563 0.568027
17 0.497656 0.437642 0.951563 0.568027
84 0.507812 0.446145 0.965625 0.570295
54 0.5 0.435941 0.976562 0.572562
97 0.508594 0.441327 0.964063 0.575397
103 0.507812 0.446145 0.965625 0.570295
108 0.492578 0.434311 0.955469 0.573554
66 0.5 0.435941 0.976562 0.572562
76 0.508594 0.441327 0.964063 0.575397
95 0.507812 0.446145 0.965625 0.570295
16 0.497656 0.437642 0.951563 0.568027
73 0.497656 0.437642 0.951563 0.568027
74 0.5 0.435941 0.976562 0.572562
15 0.497656 0.437642 0.951563 0.568027
100 0.497656 0.437642 0.951563 0.568027
14 0.497656 0.437642 0.951563 0.568027
19 0.497656 0.437642 0.951563 0.568027
21 0.497656 0.437642 0.951563 0.568027
42 0.497656 0.437642 0.951563 0.568027
28 0.497656 0.437642 0.951563 0.568027
99 0.507812 0.446145 0.965625 0.570295
56 0.507812 0.446145 0.965625 0.570295
23 0.497656 0.437642 0.951563 0.568027
79 0.507031 0.439342 0.967188 0.570295
11 0.497656 0.437642 0.951563 0.568027
6 0.497656 0.437642 0.951563 0.568027
46 0.497656 0.437642 0.951563 0.568027
50 0.507812 0.446145 0.965625 0.570295
53 0.508594 0.441327 0.964063 0.575397
30 0.497656 0.437642 0.951563 0.568027
47 0.5 0.435941 0.976562 0.572562
7 0.497656 0.437642 0.951563 0.568027
52 0.508594 0.441327 0.964063 0.575397
3 0.497656 0.437642 0.951563 0.568027
111 0.508594 0.441327 0.964063 0.575397
105 0.507812 0.446145 0.965625 0.570295
24 0.497656 0.437642 0.951563 0.568027
5 0.497656 0.437642 0.951563 0.568027
41 0.497656 0.437004 0.957812 0.574972
33 0.499609 0.44161 0.953906 0.577098
54 0.503906 0.447846 0.948438 0.572562
17 0.497656 0.437004 0.957812 0.574972
108 0.497656 0.437004 0.957812 0.574972
80 0.498437 0.437642 0.957812 0.580499
42 0.501172 0.440405 0.947656 0.577239
97 0.501172 0.440405 0.947656 0.577239
28 0.499609 0.44161 0.953906 0.577098
52 0.503906 0.447846 0.948438 0.572562
56 0.497656 0.437004 0.957812 0.574972
15 0.499609 0.44161 0.953906 0.577098
6 0.499609 0.44161 0.953906 0.577098
14 0.499609 0.44161 0.953906 0.577098
24 0.499609 0.44161 0.953906 0.577098
84 0.503906 0.447846 0.948438 0.572562
73 0.501172 0.440405 0.947656 0.577239
66 0.503906 0.44161 0.940625 0.571429
16 0.499609 0.44161 0.953906 0.577098
75 0.503906 0.44161 0.940625 0.571429
100 0.503906 0.447846 0.948438 0.572562
51 0.499609 0.44161 0.953906 0.577098
104 0.497656 0.437004 0.957812 0.574972
48 0.498437 0.437642 0.957812 0.580499
11 0.498437 0.437642 0.957812 0.580499
53 0.503906 0.447846 0.948438 0.572562
1 0.501172 0.440405 0.947656 0.577239
46 0.501172 0.440405 0.947656 0.577239
20 0.501172 0.440405 0.947656 0.577239
79 0.494922 0.433744 0.957031 0.57809
21 0.499609 0.44161 0.953906 0.577098
74 0.494531 0.439909 0.954687 0.564626
54 0.502344 0.332766 0.942187 0.365079
23 0.499609 0.44161 0.953906 0.577098
33 0.511719 0.441893 0.973437 0.590136
41 0.502344 0.43254 0.990625 0.586168
17 0.502344 0.43254 0.990625 0.586168
80 0.511719 0.441893 0.973437 0.590136
108 0.502344 0.43254 0.990625 0.586168
79 0.501953 0.461522 0.991406 0.538407
54 0.511719 0.441893 0.973437 0.590136
42 0.505469 0.444728 0.984375 0.575397
66 0.510547 0.481293 0.978906 0.5
97 0.511719 0.441893 0.973437 0.590136
75 0.503516 0.44076 0.983594 0.583333
15 0.507812 0.439059 0.984375 0.579932
74 0.510547 0.481293 0.978906 0.5
79 0.511719 0.541808 0.975 0.378968
17 0.511719 0.541808 0.975 0.378968
52 0.511719 0.441893 0.973437 0.590136
16 0.507812 0.439059 0.984375 0.579932
84 0.511719 0.441893 0.973437 0.590136
33 0.501562 0.432823 0.982813 0.576531
108 0.5 0.429634 0.975 0.579507
42 0.5 0.430768 0.975 0.573838
80 0.5 0.430768 0.975 0.573838
54 0.5 0.430768 0.975 0.573838
75 0.5 0.430768 0.975 0.573838
17 0.5 0.429634 0.975 0.579507
41 0.513281 0.435374 0.967188 0.581633
79 0.494531 0.419501 0.970312 0.597506
66 0.504297 0.430839 0.991406 0.569161
74 0.501172 0.420635 0.985156 0.599773
79 0.500781 0.520975 0.979688 0.399093
33 0.498437 0.439059 0.985937 0.573129
80 0.496094 0.437713 0.982813 0.573554
54 0.510156 0.447775 0.96875 0.573838
108 0.496094 0.437713 0.982813 0.573554
41 0.496094 0.437713 0.982813 0.573554
42 0.503125 0.445578 0.979688 0.569161
97 0.49375 0.44161 0.971875 0.57483
17 0.496094 0.437713 0.982813 0.573554
53 0.510156 0.447775 0.96875 0.573838
52 0.49375 0.44161 0.971875 0.57483
75 0.503125 0.445578 0.979688 0.569161
15 0.494531 0.437358 0.979688 0.565193
16 0.494531 0.437358 0.979688 0.565193
84 0.49375 0.44161 0.971875 0.57483
74 0.500781 0.446712 0.98125 0.573696
33 0.505469 0.446641 0.96875 0.5625
41 0.505469 0.446641 0.96875 0.5625
80 0.505078 0.445295 0.969531 0.576531
17 0.505469 0.446641 0.96875 0.5625
108 0.505469 0.446641 0.96875 0.5625
75 0.505469 0.44735 0.973437 0.565618
42 0.505078 0.445295 0.969531 0.576531
84 0.505078 0.445295 0.969531 0.576531
16 0.505078 0.445295 0.969531 0.576531
28 0.505078 0.445295 0.969531 0.576531
21 0.505078 0.445295 0.969531 0.576531
79 0.491016 0.440476 0.957031 0.56576
74 0.491016 0.440476 0.957031 0.56576
14 0.505469 0.446641 0.96875 0.5625
15 0.505469 0.446641 0.96875 0.5625
6 0.505078 0.445295 0.969531 0.576531
23 0.505078 0.445295 0.969531 0.576531
54 0.505078 0.445295 0.969531 0.576531
32 0.505078 0.445295 0.969531 0.576531
19 0.505469 0.446641 0.96875 0.5625
103 0.505078 0.445295 0.969531 0.576531
95 0.505078 0.445295 0.969531 0.576531
2 0.505078 0.445295 0.969531 0.576531
66 0.505469 0.446641 0.96875 0.5625
97 0.508594 0.448129 0.967188 0.575397
33 0.503906 0.433957 0.976562 0.578798
80 0.507031 0.436508 0.982813 0.589569
108 0.507031 0.436508 0.982813 0.589569
54 0.507031 0.436508 0.982813 0.589569
41 0.503906 0.433957 0.976562 0.578798
17 0.503906 0.433957 0.976562 0.578798
15 0.503125 0.433673 0.99375 0.575964
14 0.503125 0.433673 0.99375 0.575964
75 0.512109 0.435374 0.975781 0.573696
52 0.507031 0.436508 0.982813 0.589569
80 0.506641 0.537982 0.982031 0.376417
33 0.496875 0.438279 0.959375 0.569019
52 0.507812 0.441114 0.98125 0.572421
54 0.509375 0.44161 0.978125 0.568027
41 0.498828 0.437642 0.985156 0.568027
80 0.507812 0.441114 0.98125 0.572421
97 0.497266 0.435303 0.964844 0.574972
17 0.497656 0.433957 0.9875 0.573129
84 0.509766 0.437358 0.977344 0.571995
108 0.507812 0.441114 0.98125 0.572421
42 0.507812 0.441114 0.98125 0.572421
15 0.498828 0.437642 0.985156 0.568027
53 0.509375 0.44161 0.978125 0.568027
16 0.498828 0.437642 0.985156 0.568027
11 0.498828 0.437642 0.985156 0.568027
6 0.496875 0.438279 0.959375 0.569019
56 0.507812 0.441114 0.98125 0.572421
21 0.498828 0.437642 0.985156 0.568027
32 0.509766 0.437358 0.977344 0.571995
33 0.501562 0.436012 0.989062 0.566752
41 0.501562 0.436012 0.989062 0.566752
54 0.507812 0.44324 0.984375 0.569303
97 0.507031 0.442248 0.985937 0.566752
42 0.507031 0.442248 0.985937 0.566752
80 0.503906 0.436224 0.989062 0.575397
17 0.501562 0.436012 0.989062 0.566752
52 0.507031 0.442248 0.985937 0.566752
108 0.508203 0.434524 0.982031 0.571995
15 0.508203 0.434524 0.982031 0.571995
33 0.513281 0.439626 0.970312 0.578798
41 0.514844 0.442177 0.970312 0.582766
80 0.514844 0.442177 0.970312 0.582766
17 0.503125 0.438209 0.98125 0.577098
16 0.500781 0.440547 0.98125 0.572421
97 0.514844 0.442177 0.970312 0.582766
15 0.500781 0.440547 0.98125 0.572421
21 0.500781 0.440547 0.98125 0.572421
14 0.500781 0.440547 0.98125 0.572421
84 0.513281 0.439626 0.970312 0.578798
33 0.511328 0.439342 0.971094 0.585034
41 0.501562 0.440972 0.964063 0.576105
80 0.510938 0.445862 0.970312 0.590136
17 0.496875 0.435941 0.965625 0.580499
108 0.511719 0.439342 0.96875 0.581633
42 0.510938 0.445862 0.970312 0.590136
15 0.501562 0.440972 0.964063 0.576105
54 0.511719 0.439342 0.96875 0.581633
16 0.501562 0.440972 0.964063 0.576105
75 0.508594 0.446712 0.976562 0.591837
33 0.507812 0.444161 0.971875 0.574263
41 0.507812 0.444161 0.971875 0.574263
15 0.507812 0.444161 0.971875 0.574263
17 0.507812 0.444161 0.971875 0.574263
80 0.512109 0.442744 0.969531 0.588435
21 0.507812 0.444161 0.971875 0.574263
33 0.508594 0.442815 0.98125 0.567885
41 0.508594 0.442815 0.98125 0.567885
17 0.509375 0.441681 0.979688 0.565618
15 0.508594 0.442815 0.98125 0.567885
97 0.508594 0.442815 0.98125 0.567885
80 0.512109 0.437713 0.975781 0.566752
21 0.50625 0.442177 0.984375 0.563492
33 0.504687 0.439413 0.984375 0.575822
41 0.505078 0.439626 0.985156 0.576531
97 0.505078 0.439626 0.985156 0.576531
80 0.485938 0.435374 0.971875 0.575964
17 0.505078 0.439626 0.985156 0.576531
15 0.486328 0.440193 0.972656 0.571995
54 0.505078 0.439626 0.985156 0.576531
33 0.496875 0.435941 0.971875 0.572562
41 0.510938 0.43339 0.975 0.583333
80 0.507031 0.435374 0.98125 0.575964
17 0.505469 0.438846 0.982813 0.573554
15 0.507031 0.435374 0.98125 0.575964
16 0.492969 0.432256 0.970312 0.577664
54 0.492969 0.432256 0.970312 0.577664
11 0.492969 0.432256 0.970312 0.577664
52 0.492969 0.432256 0.970312 0.577664
21 0.492969 0.432256 0.970312 0.577664
33 0.504687 0.434878 0.985937 0.576956
41 0.505078 0.439272 0.986719 0.574972
80 0.510156 0.437642 0.976562 0.587302
17 0.505078 0.439272 0.986719 0.574972
97 0.505078 0.439272 0.986719 0.574972
54 0.510156 0.437642 0.976562 0.587302
42 0.505078 0.439272 0.986719 0.574972
16 0.505078 0.439272 0.986719 0.574972
15 0.505078 0.439272 0.986719 0.574972
21 0.505078 0.439272 0.986719 0.574972
75 0.510156 0.437642 0.976562 0.587302
23 0.505078 0.439272 0.986719 0.574972
84 0.510156 0.437642 0.976562 0.587302
26 0.505078 0.439272 0.986719 0.574972
33 0.503125 0.444444 0.984375 0.562358
41 0.508594 0.446712 0.976562 0.562358
17 0.508594 0.446712 0.976562 0.562358
15 0.504297 0.443027 0.978906 0.565193
17 0.503125 0.0684524 0.979688 0.136905
41 0.503125 0.0684524 0.979688 0.136905
16 0.504297 0.443027 0.978906 0.565193
80 0.504297 0.443027 0.978906 0.565193
33 0.485156 0.438279 0.96875 0.571287
41 0.485156 0.438279 0.96875 0.571287
80 0.485156 0.438279 0.96875 0.571287
17 0.504687 0.441043 0.964063 0.57483
15 0.483984 0.439413 0.966406 0.570153
21 0.483984 0.439413 0.966406 0.570153
33 0.486328 0.443878 0.964844 0.568027
41 0.501562 0.439413 0.9625 0.580357
17 0.501562 0.439413 0.9625 0.580357
97 0.501562 0.439413 0.9625 0.580357
33 0.490625 0.439059 0.971875 0.573129
81 0.500781 0.15788 0.982813 0.31576
17 0.503906 0.443807 0.964063 0.569303
41 0.498437 0.439342 0.975 0.571429
81 0.5 0.261338 0.978125 0.522676
104 0.5 0.261338 0.978125 0.522676
105 0.500781 0.15788 0.982813 0.31576
105 0.5 0.261338 0.978125 0.522676
104 0.500781 0.15788 0.982813 0.31576
104 0.498437 0.0756803 0.984375 0.151361
81 0.498437 0.0756803 0.984375 0.151361
97 0.495313 0.442248 0.98125 0.569019
33 0.273438 0.438492 0.536719 0.539116
105 0.498437 0.0756803 0.984375 0.151361
15 0.503906 0.443807 0.964063 0.569303
33 0.490625 0.439626 0.96875 0.578798
41 0.494531 0.441893 0.9625 0.573129
97 0.4875 0.438846 0.9625 0.575822
17 0.4875 0.438846 0.9625 0.575822
33 0.680371 0.450964 0.61582 0.562925
15 0.494531 0.441893 0.9625 0.573129
33 0.496094 0.438776 0.979688 0.573696
41 0.484766 0.436579 0.967969 0.57809
80 0.484766 0.436579 0.967969 0.57809
17 0.505469 0.438209 0.957812 0.5839
15 0.508203 0.439059 0.953906 0.5822
16 0.679297 0.450043 0.616406 0.5625
33 0.498437 0.435303 0.9625 0.57157
41 0.501172 0.438138 0.969531 0.565901
17 0.498437 0.435303 0.9625 0.57157
15 0.507031 0.440972 0.948438 0.564768
21 0.507031 0.440972 0.948438 0.564768
33 0.508594 0.441327 0.954687 0.577664
17 0.498437 0.437713 0.9625 0.573554
41 0.500391 0.440405 0.967969 0.574972
101 0.491797 0.0193452 0.972656 0.0386905
101 0.496094 0.0421627 0.973437 0.0843254
68 0.491797 0.0193452 0.972656 0.0386905
95 0.491797 0.0193452 0.972656 0.0386905
67 0.491797 0.0193452 0.972656 0.0386905
102 0.496094 0.0421627 0.973437 0.0843254
97 0.498437 0.437713 0.9625 0.573554
68 0.496094 0.0421627 0.973437 0.0843254
77 0.491797 0.0193452 0.972656 0.0386905
33 0.497656 0.438705 0.982813 0.579507
33 0.669141 0.441539 0.642969 0.578373
41 0.5 0.44246 0.98125 0.570862
15 0.5 0.44246 0.98125 0.570862
17 0.489844 0.437925 0.967188 0.577664
33 0.50625 0.443948 0.970312 0.566752
41 0.501562 0.440476 0.98125 0.568027
15 0.501562 0.440476 0.98125 0.568027
33 0.492188 0.439342 0.964063 0.570295
41 0.507031 0.443382 0.973437 0.573554
17 0.507031 0.443382 0.973437 0.573554
97 0.490625 0.438776 0.965625 0.575964
15 0.508594 0.440476 0.971875 0.57483
80 0.507031 0.443382 0.973437 0.573554
33 0.495313 0.436791 0.973437 0.577664
41 0.501172 0.438776 0.963281 0.579365
97 0.490234 0.434524 0.966406 0.575397
33 0.495313 0.440193 0.964063 0.570862
105 0.496094 0.0571854 0.982813 0.114371
41 0.503125 0.441043 0.948438 0.573696
17 0.501562 0.442815 0.95 0.572421
81 0.496094 0.0571854 0.982813 0.114371
104 0.496094 0.0571854 0.982813 0.114371
80 0.501562 0.442815 0.95 0.572421
21 0.497656 0.439838 0.964063 0.567035
33 0.494531 0.438492 0.976562 0.571995
81 0.498437 0.0554138 0.984375 0.110828
104 0.498437 0.0554138 0.984375 0.110828
105 0.498437 0.0554138 0.984375 0.110828
21 0.498437 0.438209 0.973437 0.568027
33 0.498828 0.437713 0.989844 0.571287
17 0.489453 0.0490717 0.978906 0.0981434
33 0.492578 0.0591695 0.985156 0.118339
95 0.489062 0.0515873 0.96875 0.103175
33 0.504687 0.298186 0.990625 0.285714
101 0.489062 0.0515873 0.96875 0.103175
21 0.489062 0.0515873 0.96875 0.103175
68 0.489062 0.0515873 0.96875 0.103175
33 0.267578 0.429989 0.524219 0.553855
6 0.489062 0.0515873 0.96875 0.103175
33 0.28457 0.347577 0.555078 0.379677
104 0.489062 0.0515873 0.96875 0.103175
33 0.496875 0.435374 0.984375 0.580499
105 0.501562 0.0595238 0.98125 0.119048
14 0.515723 0.267574 0.499805 0.154762
104 0.490625 0.0564059 0.96875 0.112812
33 0.501172 0.435941 0.947656 0.580499
80 0.501172 0.435941 0.947656 0.580499
105 0.500781 0.0505952 0.979688 0.10119
41 0.502344 0.437358 0.945312 0.574263
26 0.49375 0.435941 0.959375 0.570295
81 0.500781 0.0505952 0.979688 0.10119
33 0.502344 0.443594 0.953125 0.566327
104 0.49375 0.0602324 0.967188 0.120465
81 0.499219 0.0530045 0.978125 0.106009
105 0.499219 0.0530045 0.978125 0.106009
33 0.499219 0.306193 0.948438 0.300312
33 0.507812 0.43998 0.967188 0.573554
104 0.492969 0.046131 0.975 0.0922619
33 0.494141 0.311862 0.942969 0.321854
81 0.501562 0.0566893 0.984375 0.113379
33 0.507812 0.439272 0.96875 0.57157
95 0.487891 0.0476899 0.966406 0.0953798
104 0.487891 0.0476899 0.966406 0.0953798
33 0.504687 0.438776 0.96875 0.571429
74 0.490625 0.439059 0.957812 0.564059
33 0.490625 0.439909 0.9625 0.566893
95 0.4875 0.0464144 0.9625 0.0928288
78 0.4875 0.0464144 0.9625 0.0928288
104 0.4875 0.0464144 0.9625 0.0928288
101 0.4875 0.0464144 0.9625 0.0928288
80 0.505859 0.441043 0.963281 0.571429
68 0.4875 0.0464144 0.9625 0.0928288
17 0.4875 0.0464144 0.9625 0.0928288
102 0.4875 0.0464144 0.9625 0.0928288
33 0.488281 0.440193 0.9625 0.564059
97 0.5125 0.438776 0.9625 0.569161
33 0.488281 0.439909 0.959375 0.569161
33 0.482812 0.337585 0.871875 0.368481
33 0.502344 0.439626 0.979688 0.573129
33 0.503516 0.440972 0.980469 0.573838
97 0.512109 0.437642 0.967969 0.572562
33 0.503906 0.441043 0.978125 0.572562
97 0.50625 0.439342 0.971875 0.570295
33 0.492188 0.439059 0.95625 0.56746
33 0.493359 0.43998 0.961719 0.569019
101 0.490625 0.0447137 0.9625 0.0894274
95 0.497656 0.0431193 0.973437 0.0862387
77 0.490625 0.0447137 0.9625 0.0894274
56 0.497656 0.0431193 0.973437 0.0862387
78 0.490625 0.0447137 0.9625 0.0894274
68 0.490625 0.0447137 0.9625 0.0894274
102 0.490625 0.0447137 0.9625 0.0894274
33 0.492188 0.438776 0.959375 0.569161
95 0.492969 0.0683107 0.970312 0.136621
101 0.492969 0.0683107 0.970312 0.136621
33 0.500391 0.44076 0.982031 0.568594
101 0.492188 0.116567 0.979688 0.233135
101 0.489453 0.0521542 0.977344 0.104308
95 0.492188 0.116567 0.979688 0.233135
77 0.492188 0.116567 0.979688 0.233135
77 0.489453 0.0521542 0.977344 0.104308
33 0.489062 0.438279 0.965625 0.571287
95 0.489844 0.134637 0.979688 0.269274
101 0.489844 0.134637 0.979688 0.269274
77 0.499219 0.0933248 0.985937 0.18665
104 0.499219 0.0933248 0.985937 0.18665
56 0.315234 0.289683 0.630469 0.579365
33 0.489844 0.438279 0.9625 0.567885
33 0.499609 0.438846 0.977344 0.569019
81 0.504687 0.0756803 0.984375 0.151361
33 0.490234 0.438846 0.963281 0.565618
33 0.490625 0.438776 0.967188 0.566893
33 0.490234 0.437358 0.969531 0.569728
33 0.489062 0.437004 0.970312 0.572704
80 0.496094 0.438705 0.982813 0.576105
33 0.496484 0.437075 0.980469 0.578231
80 0.497656 0.436791 0.976562 0.575397
33 0.490625 0.437075 0.964063 0.570295
80 0.496094 0.437358 0.978125 0.576531
33 0.699219 0.446995 0.585938 0.569728
33 0.489453 0.437358 0.964844 0.570862
33 0.695703 0.4572 0.591406 0.547052
33 0.489062 0.437358 0.964063 0.570862
95 0.4875 0.208617 0.975 0.417234
33 0.489062 0.437358 0.9625 0.570862
33 0.489062 0.437925 0.960938 0.570862
33 0.491406 0.437642 0.960938 0.570295
33 0.490625 0.437925 0.9625 0.570862
33 0.490625 0.438209 0.965625 0.570295
33 0.490625 0.438209 0.965625 0.569161
33 0.490234 0.437925 0.969531 0.569728
33 0.490625 0.438279 0.970312 0.570153
33 0.491016 0.437925 0.967969 0.568594
33 0.491406 0.438209 0.967188 0.568027
33 0.491797 0.438209 0.964844 0.568027
33 0.491797 0.438209 0.963281 0.568027
33 0.491797 0.438492 0.963281 0.56746
33 0.492188 0.438492 0.9625 0.56746
33 0.492188 0.438776 0.9625 0.566893
33 0.492188 0.439059 0.9625 0.56746
33 0.492188 0.439342 0.9625 0.566893
33 0.492188 0.439272 0.9625 0.567035
33 0.492188 0.439059 0.9625 0.56746
33 0.359375 0.450184 0.705469 0.527069
33 0.492188 0.438846 0.9625 0.567885
33 0.366797 0.44983 0.720312 0.527778
33 0.492188 0.438846 0.9625 0.567885
33 0.492188 0.438846 0.9625 0.567885
33 0.492188 0.439059 0.9625 0.568594
33 0.492188 0.438776 0.960938 0.568027
33 0.492188 0.438492 0.960938 0.568594
33 0.492188 0.438492 0.960938 0.568594
33 0.492188 0.438279 0.960938 0.569019
33 0.491797 0.438209 0.961719 0.569161
33 0.491406 0.438209 0.9625 0.569161
33 0.492188 0.437925 0.9625 0.569728
33 0.492188 0.437925 0.9625 0.569728
33 0.492188 0.437925 0.9625 0.569728
33 0.491797 0.438209 0.963281 0.570295
33 0.491406 0.438138 0.964063 0.570437
33 0.491406 0.437713 0.964063 0.570153
33 0.491406 0.437713 0.964063 0.570153
33 0.491406 0.438138 0.964063 0.570437
33 0.671191 0.463719 0.632617 0.535147
33 0.491406 0.438138 0.964063 0.570437
33 0.670313 0.464286 0.634375 0.534014
33 0.491406 0.437925 0.964063 0.570862
33 0.66875 0.464002 0.6375 0.53458
33 0.491406 0.438138 0.964063 0.570437
33 0.667578 0.464002 0.639844 0.53458
33 0.491406 0.438138 0.964063 0.570437
33 0.666309 0.463435 0.642383 0.535714
33 0.491406 0.438138 0.964063 0.570437
33 0.663965 0.462868 0.645508 0.536848
33 0.491406 0.437925 0.964063 0.570862
33 0.662598 0.462302 0.648242 0.537982
33 0.491406 0.437925 0.964063 0.570862
33 0.660937 0.462018 0.651563 0.538549
33 0.491406 0.437925 0.964063 0.570862
33 0.659375 0.46138 0.65625 0.539824
33 0.491406 0.437925 0.964063 0.570862
33 0.657129 0.460813 0.65918 0.540958
33 0.491406 0.437925 0.964063 0.570862
33 0.655566 0.460317 0.662305 0.54195
33 0.491406 0.437925 0.964063 0.570862
33 0.491406 0.437925 0.964063 0.570862
33 0.491406 0.437925 0.964063 0.570862
33 0.491406 0.437925 0.964063 0.570862
33 0.491406 0.436791 0.964063 0.573129
33 0.492188 0.437642 0.9625 0.570295
33 0.492188 0.437925 0.9625 0.570862
33 0.491406 0.437004 0.964063 0.572704
33 0.491797 0.437713 0.963281 0.570153
33 0.492188 0.437713 0.9625 0.570153
33 0.491797 0.437642 0.963281 0.570295
33 0.491797 0.437642 0.963281 0.570295
33 0.491797 0.437642 0.963281 0.570295
33 0.491797 0.437713 0.963281 0.570153
33 0.491797 0.437713 0.963281 0.570153
33 0.491797 0.437713 0.963281 0.570153
33 0.492188 0.437713 0.9625 0.570153
33 0.492188 0.437713 0.9625 0.570153
33 0.492188 0.437713 0.9625 0.570153
33 0.492188 0.437713 0.9625 0.570153
33 0.492188 0.437642 0.9625 0.570295
33 0.491406 0.437075 0.964063 0.572562
33 0.491797 0.437925 0.961719 0.569728
33 0.491406 0.437075 0.9625 0.572562
33 0.491406 0.437075 0.9625 0.572562
33 0.491406 0.437075 0.9625 0.572562
33 0.491406 0.437075 0.9625 0.572562
33 0.491406 0.437075 0.9625 0.572562
33 0.491406 0.437075 0.9625 0.572562
33 0.491016 0.437075 0.961719 0.572562
33 0.491016 0.437075 0.961719 0.572562
33 0.491016 0.437075 0.961719 0.572562
33 0.491016 0.437075 0.961719 0.572562
33 0.491016 0.437075 0.961719 0.572562
33 0.491406 0.437146 0.960938 0.572421
