50 0.448179 0.484447 0.890112 0.301843
48 0.495027 0.480991 0.958822 0.308756
68 0.495027 0.480991 0.958822 0.308756
101 0.495027 0.480991 0.958822 0.308756
49 0.448179 0.484447 0.890112 0.301843
54 0.502054 0.481855 0.96663 0.305876
103 0.486438 0.481855 0.963507 0.30818
53 0.502054 0.481855 0.96663 0.305876
95 0.494246 0.478399 0.963507 0.315092
79 0.495027 0.480991 0.958822 0.308756
109 0.486438 0.481855 0.963507 0.30818
111 0.494246 0.478399 0.963507 0.315092
67 0.486438 0.481855 0.963507 0.30818
100 0.448179 0.484447 0.890112 0.301843
84 0.494246 0.478399 0.963507 0.315092
104 0.495027 0.480991 0.958822 0.308756
76 0.494246 0.478399 0.963507 0.315092
66 0.495027 0.480991 0.958822 0.308756
46 0.486438 0.481855 0.963507 0.30818
17 0.448179 0.484447 0.890112 0.301843
81 0.502054 0.481855 0.96663 0.305876
42 0.486438 0.481855 0.963507 0.30818
75 0.495027 0.480991 0.958822 0.308756
74 0.494246 0.478399 0.963507 0.315092
99 0.502054 0.481855 0.96663 0.305876
73 0.494246 0.478399 0.963507 0.315092
47 0.502054 0.481855 0.96663 0.305876
56 0.494246 0.478399 0.963507 0.315092
110 0.494246 0.478399 0.963507 0.315092
102 0.486438 0.481855 0.963507 0.30818
77 0.486438 0.481855 0.963507 0.30818
41 0.486438 0.481855 0.963507 0.30818
97 0.495027 0.480991 0.958822 0.308756
7 0.448179 0.484447 0.890112 0.301843
108 0.486438 0.481855 0.963507 0.30818
38 0.494246 0.478399 0.963507 0.315092
5 0.486438 0.481855 0.963507 0.30818
14 0.486438 0.481855 0.963507 0.30818
16 0.502054 0.481855 0.96663 0.305876
80 0.502054 0.481855 0.96663 0.305876
26 0.448179 0.484447 0.890112 0.301843
33 0.494246 0.478399 0.963507 0.315092
34 0.492685 0.485599 0.955699 0.3053
0 0.494637 0.479839 0.961165 0.31682
51 0.495027 0.480991 0.958822 0.308756
31 0.486438 0.481855 0.963507 0.30818
94 0.494246 0.478399 0.963507 0.315092
15 0.495027 0.480991 0.958822 0.308756
11 0.494246 0.478399 0.963507 0.315092
105 0.50752 0.481279 0.96663 0.31394
78 0.492685 0.485599 0.955699 0.3053
28 0.448179 0.484447 0.890112 0.301843
55 0.486438 0.481855 0.963507 0.30818
13 0.448179 0.484447 0.890112 0.301843
65 0.494246 0.478399 0.963507 0.315092
4 0.495418 0.482719 0.976781 0.301843
88 0.492685 0.485599 0.955699 0.3053
21 0.494246 0.478399 0.963507 0.315092
92 0.495418 0.482719 0.976781 0.301843
8 0.495027 0.480991 0.958822 0.308756
64 0.505178 0.480991 0.979123 0.312212
52 0.482534 0.486175 0.951014 0.301843
12 0.441933 0.488191 0.876058 0.298963
72 0.486438 0.481855 0.963507 0.30818
22 0.448179 0.484447 0.890112 0.301843
36 0.441933 0.488191 0.876058 0.298963
54 0.541875 0.523329 0.913536 0.230991
24 0.505178 0.480991 0.979123 0.312212
71 0.461843 0.482143 0.915878 0.299539
60 0.461843 0.482143 0.915878 0.299539
2 0.448179 0.484447 0.890112 0.301843
48 0.510931 0.472926 0.978138 0.341014
111 0.512102 0.448733 0.975795 0.392857
68 0.510931 0.472926 0.978138 0.341014
101 0.510931 0.472926 0.978138 0.341014
102 0.510931 0.472926 0.978138 0.341014
111 0.45911 0.491359 0.899482 0.301843
50 0.510931 0.472926 0.978138 0.341014
67 0.510931 0.472926 0.978138 0.341014
95 0.510931 0.472926 0.978138 0.341014
103 0.487219 0.489919 0.952576 0.304724
109 0.487219 0.489919 0.952576 0.304724
110 0.510931 0.472926 0.978138 0.341014
48 0.417338 0.487039 0.826867 0.292051
75 0.510931 0.472926 0.978138 0.341014
73 0.510931 0.472926 0.978138 0.341014
53 0.510931 0.472926 0.978138 0.341014
46 0.509862 0.481279 0.974438 0.327765
111 0.51015 0.885081 0.979699 0.229839
99 0.509862 0.481279 0.974438 0.327765
77 0.510931 0.472926 0.978138 0.341014
84 0.45911 0.491359 0.899482 0.301843
56 0.510931 0.472926 0.978138 0.341014
80 0.45911 0.491359 0.899482 0.301843
54 0.487219 0.489919 0.952576 0.304724
111 0.507418 0.937788 0.985165 0.124424
76 0.509862 0.481279 0.974438 0.327765
100 0.510931 0.472926 0.978138 0.341014
66 0.45911 0.491359 0.899482 0.301843
48 0.507418 0.89977 0.985165 0.200461
105 0.487219 0.489919 0.952576 0.304724
52 0.464966 0.487903 0.911194 0.296083
49 0.510931 0.472926 0.978138 0.341014
47 0.510931 0.472926 0.978138 0.341014
75 0.417338 0.487039 0.826867 0.292051
52 0.512102 0.448733 0.975795 0.392857
104 0.512102 0.448733 0.975795 0.392857
68 0.50937 0.922235 0.981261 0.15553
51 0.509862 0.481279 0.974438 0.327765
50 0.507418 0.89977 0.985165 0.200461
68 0.417338 0.487039 0.826867 0.292051
50 0.505568 0.948733 0.987712 0.102535
74 0.45911 0.491359 0.899482 0.301843
101 0.417338 0.487039 0.826867 0.292051
95 0.417338 0.487039 0.826867 0.292051
108 0.45911 0.491359 0.899482 0.301843
66 0.512102 0.448733 0.975795 0.392857
48 0.507418 0.937788 0.985165 0.124424
109 0.507418 0.89977 0.985165 0.200461
77 0.417338 0.487039 0.826867 0.292051
104 0.464966 0.487903 0.911194 0.296083
67 0.417338 0.487039 0.826867 0.292051
95 0.507418 0.89977 0.985165 0.200461
84 0.512102 0.448733 0.975795 0.392857
75 0.507418 0.89977 0.985165 0.200461
111 0.272304 0.489631 0.5368 0.300691
80 0.512102 0.448733 0.975795 0.392857
101 0.507418 0.89977 0.985165 0.200461
48 0.272304 0.489631 0.5368 0.300691
102 0.417338 0.487039 0.826867 0.292051
110 0.507418 0.89977 0.985165 0.200461
73 0.507418 0.89977 0.985165 0.200461
48 0.509862 0.376152 0.976 0.529954
47 0.417338 0.487039 0.826867 0.292051
46 0.507418 0.937788 0.985165 0.124424
81 0.464966 0.487903 0.911194 0.296083
99 0.507418 0.937788 0.985165 0.124424
68 0.272304 0.489631 0.5368 0.300691
50 0.417338 0.487039 0.826867 0.292051
110 0.507418 0.937788 0.985165 0.124424
99 0.51015 0.885081 0.979699 0.229839
73 0.507418 0.937788 0.985165 0.124424
50 0.673928 0.518433 0.641622 0.25576
46 0.507418 0.89977 0.985165 0.200461
102 0.50937 0.922235 0.981261 0.15553
104 0.507418 0.89977 0.985165 0.200461
77 0.507418 0.89977 0.985165 0.200461
68 0.50937 0.952477 0.981261 0.0950461
50 0.272304 0.489631 0.5368 0.300691
77 0.507418 0.937788 0.985165 0.124424
95 0.507418 0.937788 0.985165 0.124424
101 0.507418 0.937788 0.985165 0.124424
103 0.272304 0.489631 0.5368 0.300691
109 0.507418 0.937788 0.985165 0.124424
79 0.45911 0.491359 0.899482 0.301843
50 0.576621 0.506912 0.842483 0.271889
67 0.272304 0.489631 0.5368 0.300691
95 0.272304 0.489631 0.5368 0.300691
53 0.417338 0.487039 0.826867 0.292051
75 0.272304 0.489631 0.5368 0.300691
75 0.507418 0.937788 0.985165 0.124424
67 0.50937 0.922235 0.981261 0.15553
101 0.272304 0.489631 0.5368 0.300691
73 0.272304 0.489631 0.5368 0.300691
42 0.464966 0.487903 0.911194 0.296083
73 0.381128 0.493952 0.755619 0.307028
50 0.509862 0.376152 0.976 0.529954
46 0.272304 0.489631 0.5368 0.300691
103 0.507418 0.89977 0.985165 0.200461
76 0.51015 0.885081 0.979699 0.229839
104 0.507418 0.937788 0.985165 0.124424
110 0.417338 0.487039 0.826867 0.292051
97 0.464966 0.487903 0.911194 0.296083
102 0.272304 0.489631 0.5368 0.300691
77 0.272304 0.489631 0.5368 0.300691
110 0.272304 0.489631 0.5368 0.300691
56 0.507418 0.89977 0.985165 0.200461
76 0.505568 0.948733 0.987712 0.102535
41 0.45911 0.491359 0.899482 0.301843
78 0.45911 0.491359 0.899482 0.301843
54 0.507418 0.89977 0.985165 0.200461
111 0.569882 0.952189 0.860237 0.0956221
102 0.157526 0.487327 0.311539 0.294931
53 0.51015 0.885081 0.979699 0.229839
50 0.157526 0.487327 0.311539 0.294931
48 0.569882 0.952189 0.860237 0.0956221
108 0.512102 0.448733 0.975795 0.392857
108 0.272304 0.489631 0.5368 0.300691
74 0.50937 0.922235 0.981261 0.15553
53 0.272304 0.489631 0.5368 0.300691
84 0.507418 0.89977 0.985165 0.200461
46 0.509862 0.376152 0.976 0.529954
52 0.507418 0.89977 0.985165 0.200461
56 0.417338 0.487039 0.826867 0.292051
81 0.512102 0.448733 0.975795 0.392857
46 0.381128 0.493952 0.755619 0.307028
49 0.417338 0.487039 0.826867 0.292051
80 0.505178 0.915899 0.971315 0.168203
53 0.507418 0.937788 0.985165 0.124424
66 0.50937 0.922235 0.981261 0.15553
66 0.272304 0.489631 0.5368 0.300691
49 0.507418 0.89977 0.985165 0.200461
51 0.51015 0.885081 0.979699 0.229839
17 0.45911 0.491359 0.899482 0.301843
68 0.673928 0.518433 0.641622 0.25576
48 0.576621 0.506912 0.842483 0.271889
100 0.505568 0.948733 0.987712 0.102535
49 0.507418 0.937788 0.985165 0.124424
110 0.509862 0.376152 0.976 0.529954
109 0.298461 0.484447 0.590675 0.291475
105 0.507418 0.89977 0.985165 0.200461
101 0.509862 0.376152 0.976 0.529954
99 0.498931 0.380472 0.954138 0.527074
101 0.157526 0.487327 0.311539 0.294931
47 0.494637 0.888249 0.984589 0.223502
54 0.507418 0.937788 0.985165 0.124424
51 0.507418 0.937788 0.985165 0.124424
74 0.272304 0.489631 0.5368 0.300691
103 0.498931 0.380472 0.954138 0.527074
101 0.576621 0.506912 0.842483 0.271889
49 0.272304 0.489631 0.5368 0.300691
103 0.507418 0.937788 0.985165 0.124424
109 0.509862 0.376152 0.976 0.529954
99 0.298461 0.484447 0.590675 0.291475
100 0.507418 0.89977 0.985165 0.200461
56 0.272304 0.489631 0.5368 0.300691
68 0.509862 0.376152 0.976 0.529954
105 0.272304 0.489631 0.5368 0.300691
68 0.576621 0.506912 0.842483 0.271889
48 0.157526 0.487327 0.311539 0.294931
102 0.50937 0.952477 0.981261 0.0950461
84 0.507418 0.937788 0.985165 0.124424
42 0.512102 0.448733 0.975795 0.392857
56 0.507418 0.937788 0.985165 0.124424
77 0.157526 0.487327 0.311539 0.294931
50 0.621024 0.952189 0.757952 0.0956221
80 0.298461 0.484447 0.590675 0.291475
67 0.509862 0.376152 0.976 0.529954
76 0.272304 0.489631 0.5368 0.300691
67 0.157526 0.487327 0.311539 0.294931
68 0.500493 0.468318 0.993178 0.357143
53 0.500493 0.468318 0.993178 0.357143
95 0.492685 0.480127 0.968192 0.331221
102 0.500493 0.468318 0.993178 0.357143
67 0.492685 0.480127 0.968192 0.331221
101 0.500493 0.468318 0.993178 0.357143
68 0.504787 0.864343 0.979904 0.271313
53 0.502445 0.343318 0.984589 0.623272
53 0.504787 0.864343 0.979904 0.271313
68 0.502445 0.343318 0.984589 0.623272
110 0.500493 0.468318 0.993178 0.357143
68 0.499712 0.913018 0.98537 0.173963
56 0.492685 0.480127 0.968192 0.331221
109 0.492685 0.480127 0.968192 0.331221
95 0.500493 0.415899 0.994739 0.483871
77 0.500493 0.468318 0.993178 0.357143
95 0.504787 0.864343 0.979904 0.271313
48 0.500493 0.468318 0.993178 0.357143
52 0.492685 0.480127 0.968192 0.331221
95 0.499322 0.313364 0.993958 0.626728
67 0.500493 0.415899 0.994739 0.483871
56 0.500493 0.415899 0.994739 0.483871
84 0.492685 0.480127 0.968192 0.331221
48 0.502445 0.343318 0.984589 0.623272
95 0.499712 0.913018 0.98537 0.173963
52 0.500493 0.415899 0.994739 0.483871
102 0.504787 0.864343 0.979904 0.271313
67 0.501274 0.872696 0.990054 0.254608
101 0.502445 0.343318 0.984589 0.623272
68 0.500883 0.795507 0.989274 0.408986
101 0.504787 0.864343 0.979904 0.271313
48 0.504787 0.864343 0.979904 0.271313
68 0.500493 0.261953 0.982246 0.523906
109 0.504787 0.864343 0.979904 0.271313
111 0.500493 0.468318 0.993178 0.357143
84 0.501274 0.872696 0.990054 0.254608
78 0.498541 0.273618 0.992397 0.547235
104 0.492685 0.480127 0.968192 0.331221
53 0.499712 0.913018 0.98537 0.173963
52 0.499712 0.326325 0.994739 0.65265
109 0.500493 0.415899 0.994739 0.483871
102 0.502445 0.343318 0.984589 0.623272
48 0.500493 0.261953 0.982246 0.523906
56 0.504787 0.864343 0.979904 0.271313
53 0.500883 0.795507 0.989274 0.408986
53 0.500493 0.261953 0.982246 0.523906
95 0.500883 0.795507 0.989274 0.408986
52 0.501274 0.872696 0.990054 0.254608
101 0.499712 0.913018 0.98537 0.173963
81 0.494246 0.477535 0.974438 0.334101
56 0.499322 0.313364 0.993958 0.626728
110 0.501274 0.872696 0.990054 0.254608
84 0.499322 0.313364 0.993958 0.626728
77 0.504787 0.864343 0.979904 0.271313
102 0.499712 0.913018 0.98537 0.173963
84 0.500493 0.415899 0.994739 0.483871
110 0.502445 0.343318 0.984589 0.623272
78 0.494246 0.477535 0.974438 0.334101
105 0.494246 0.477535 0.974438 0.334101
80 0.491123 0.486751 0.96663 0.317972
104 0.505568 0.813364 0.981466 0.373272
67 0.499712 0.326325 0.994739 0.65265
101 0.500493 0.261953 0.982246 0.523906
77 0.499712 0.913018 0.98537 0.173963
78 0.500493 0.415899 0.994739 0.483871
108 0.498541 0.273618 0.992397 0.547235
109 0.499712 0.913018 0.98537 0.173963
67 0.491123 0.916475 0.965069 0.167051
111 0.501274 0.872696 0.990054 0.254608
108 0.494246 0.477535 0.974438 0.334101
101 0.500883 0.795507 0.989274 0.408986
80 0.498541 0.273618 0.992397 0.547235
74 0.486438 0.286002 0.96663 0.572005
79 0.494246 0.477535 0.974438 0.334101
77 0.502445 0.343318 0.984589 0.623272
74 0.492685 0.480127 0.968192 0.331221
80 0.504006 0.823445 0.98615 0.353111
78 0.504006 0.823445 0.98615 0.353111
109 0.500883 0.795507 0.989274 0.408986
109 0.498541 0.273618 0.992397 0.547235
48 0.500883 0.795507 0.989274 0.408986
81 0.498541 0.273618 0.992397 0.547235
103 0.500493 0.468318 0.993178 0.357143
99 0.505568 0.450173 0.978342 0.392281
95 0.494246 0.656106 0.960384 0.687788
104 0.502835 0.911002 0.977562 0.177995
111 0.502445 0.343318 0.984589 0.623272
67 0.500883 0.795507 0.989274 0.408986
81 0.504006 0.823445 0.98615 0.353111
50 0.505568 0.450173 0.978342 0.392281
48 0.501274 0.421083 0.990054 0.842166
76 0.500493 0.468318 0.993178 0.357143
48 0.499712 0.913018 0.98537 0.173963
77 0.500493 0.261953 0.982246 0.523906
54 0.494246 0.477535 0.974438 0.334101
56 0.500883 0.795507 0.989274 0.408986
52 0.500883 0.795507 0.989274 0.408986
74 0.502835 0.911002 0.977562 0.177995
84 0.491123 0.916475 0.965069 0.167051
68 0.501274 0.421083 0.990054 0.842166
104 0.500493 0.415899 0.994739 0.483871
68 0.506739 0.615207 0.977562 0.615207
104 0.499322 0.313364 0.993958 0.626728
68 0.558272 0.501728 0.863565 0.271889
80 0.500493 0.415899 0.994739 0.483871
79 0.504006 0.823445 0.98615 0.353111
56 0.499712 0.913018 0.98537 0.173963
68 0.484096 0.182316 0.961946 0.364631
75 0.492685 0.480127 0.968192 0.331221
53 0.501274 0.421083 0.990054 0.842166
100 0.505568 0.450173 0.978342 0.392281
75 0.502835 0.911002 0.977562 0.177995
110 0.500493 0.261953 0.982246 0.523906
50 0.504787 0.864343 0.979904 0.271313
110 0.491123 0.916475 0.965069 0.167051
110 0.500883 0.795507 0.989274 0.408986
84 0.500883 0.795507 0.989274 0.408986
108 0.504006 0.823445 0.98615 0.353111
74 0.505568 0.813364 0.981466 0.373272
102 0.500883 0.795507 0.989274 0.408986
77 0.500883 0.795507 0.989274 0.408986
75 0.498541 0.273618 0.992397 0.547235
105 0.504006 0.823445 0.98615 0.353111
76 0.504787 0.864343 0.979904 0.271313
99 0.504787 0.864343 0.979904 0.271313
49 0.505568 0.450173 0.978342 0.392281
68 0.655091 0.513249 0.67305 0.235023
111 0.500883 0.795507 0.989274 0.408986
54 0.504787 0.864343 0.979904 0.271313
103 0.501274 0.872696 0.990054 0.254608
79 0.499322 0.313364 0.993958 0.626728
111 0.500493 0.261953 0.982246 0.523906
76 0.498541 0.273618 0.992397 0.547235
111 0.491123 0.916475 0.965069 0.167051
99 0.499712 0.913018 0.98537 0.173963
50 0.502445 0.343318 0.984589 0.623272
105 0.500493 0.415899 0.994739 0.483871
81 0.500493 0.415899 0.994739 0.483871
80 0.502835 0.911002 0.977562 0.177995
103 0.502445 0.343318 0.984589 0.623272
68 0.767526 0.528802 0.451302 0.208525
47 0.492685 0.480127 0.968192 0.331221
67 0.494246 0.656106 0.960384 0.687788
52 0.491123 0.916475 0.965069 0.167051
102 0.558272 0.501728 0.863565 0.271889
51 0.505568 0.450173 0.978342 0.392281
75 0.505568 0.813364 0.981466 0.373272
54 0.500493 0.415899 0.994739 0.483871
101 0.501274 0.421083 0.990054 0.842166
102 0.500493 0.261953 0.982246 0.523906
50 0.495808 0.186636 0.98537 0.373272
105 0.499322 0.313364 0.993958 0.626728
46 0.500493 0.415899 0.994739 0.483871
46 0.492685 0.480127 0.968192 0.331221
17 0.486438 0.286002 0.96663 0.572005
46 0.500493 0.261953 0.982246 0.523906
51 0.498541 0.273618 0.992397 0.547235
76 0.499712 0.913018 0.98537 0.173963
100 0.498541 0.273618 0.992397 0.547235
54 0.498541 0.273618 0.992397 0.547235
108 0.500493 0.415899 0.994739 0.483871
49 0.498541 0.273618 0.992397 0.547235
102 0.655091 0.513249 0.67305 0.235023
46 0.504787 0.864343 0.979904 0.271313
105 0.502835 0.911002 0.977562 0.177995
78 0.504397 0.720622 0.980685 0.558756
108 0.502835 0.911002 0.977562 0.177995
66 0.486438 0.286002 0.96663 0.572005
100 0.501274 0.872696 0.990054 0.254608
79 0.502835 0.911002 0.977562 0.177995
101 0.484096 0.182316 0.961946 0.364631
104 0.504397 0.720622 0.980685 0.558756
73 0.500493 0.261953 0.982246 0.523906
99 0.502445 0.343318 0.984589 0.623272
53 0.484096 0.182316 0.961946 0.364631
48 0.618394 0.480991 0.743322 0.314516
53 0.618394 0.480991 0.743322 0.314516
49 0.504787 0.864343 0.979904 0.271313
110 0.501274 0.421083 0.990054 0.842166
47 0.504787 0.864343 0.979904 0.271313
48 0.498931 0.0987183 0.979123 0.197437
48 0.484096 0.182316 0.961946 0.364631
53 0.494246 0.656106 0.960384 0.687788
73 0.505568 0.813364 0.981466 0.373272
53 0.655091 0.513249 0.67305 0.235023
68 0.498931 0.0987183 0.979123 0.197437
51 0.504787 0.864343 0.979904 0.271313
79 0.500493 0.415899 0.994739 0.483871
50 0.499712 0.913018 0.98537 0.173963
103 0.500883 0.795507 0.989274 0.408986
102 0.767526 0.528802 0.451302 0.208525
111 0.501274 0.421083 0.990054 0.842166
50 0.500883 0.795507 0.989274 0.408986
101 0.558272 0.501728 0.863565 0.271889
78 0.506739 0.615207 0.977562 0.615207
78 0.502835 0.911002 0.977562 0.177995
95 0.299827 0.478111 0.584038 0.286866
0 0.758157 0.528802 0.441933 0.207373
97 0.498541 0.273618 0.992397 0.547235
34 0.492685 0.483871 0.961946 0.334101
49 0.499712 0.913018 0.98537 0.173963
50 0.498931 0.0987183 0.979123 0.197437
46 0.500883 0.795507 0.989274 0.408986
76 0.500883 0.795507 0.989274 0.408986
81 0.502835 0.911002 0.977562 0.177995
78 0.501274 0.421083 0.990054 0.842166
101 0.494246 0.656106 0.960384 0.687788
66 0.494246 0.477535 0.974438 0.334101
47 0.500493 0.415899 0.994739 0.483871
54 0.500883 0.795507 0.989274 0.408986
74 0.500493 0.415899 0.994739 0.483871
47 0.499712 0.913018 0.98537 0.173963
99 0.500493 0.261953 0.982246 0.523906
109 0.501274 0.421083 0.990054 0.842166
48 0.655091 0.513249 0.67305 0.235023
101 0.655091 0.513249 0.67305 0.235023
68 0.50752 0.491935 0.969754 0.3053
77 0.50752 0.491935 0.969754 0.3053
95 0.50752 0.491935 0.969754 0.3053
101 0.50752 0.491935 0.969754 0.3053
102 0.50752 0.491935 0.969754 0.3053
110 0.506739 0.484735 0.979123 0.316244
67 0.50752 0.491935 0.969754 0.3053
109 0.50752 0.491935 0.969754 0.3053
53 0.506739 0.484735 0.979123 0.316244
111 0.50752 0.491935 0.969754 0.3053
84 0.50752 0.491935 0.969754 0.3053
56 0.506739 0.484735 0.979123 0.316244
103 0.505568 0.482719 0.972096 0.323733
68 0.931494 0.480991 0.121805 0.314516
68 0.883085 0.5072 0.220186 0.267857
97 0.506739 0.484735 0.979123 0.316244
74 0.50752 0.491935 0.969754 0.3053
102 0.932275 0.5 0.121805 0.27765
104 0.506739 0.484735 0.979123 0.316244
77 0.932275 0.5 0.121805 0.27765
101 0.932275 0.5 0.121805 0.27765
102 0.88777 0.52621 0.213939 0.234447
76 0.506739 0.484735 0.979123 0.316244
77 0.88777 0.52621 0.213939 0.234447
101 0.88777 0.52621 0.213939 0.234447
110 0.932275 0.5 0.121805 0.27765
50 0.931494 0.480991 0.121805 0.314516
47 0.505075 0.491935 0.98985 0.304147
95 0.506349 0.938364 0.959603 0.123272
100 0.505568 0.482719 0.972096 0.323733
68 0.919782 0.432604 0.143667 0.395161
99 0.50752 0.491935 0.969754 0.3053
68 0.76128 0.535714 0.466918 0.220046
68 0.506349 0.938364 0.959603 0.123272
34 0.50752 0.491935 0.969754 0.3053
110 0.88777 0.52621 0.213939 0.234447
104 0.506739 0.989631 0.943206 0.0207374
104 0.511712 0.937212 0.976576 0.125576
52 0.504397 0.439228 0.965069 0.407258
76 0.931494 0.480991 0.121805 0.314516
109 0.931494 0.480991 0.121805 0.314516
49 0.505075 0.491935 0.98985 0.304147
68 0.539142 0.433684 0.883085 0.46443
100 0.931494 0.480991 0.121805 0.314516
50 0.919782 0.432604 0.143667 0.395161
68 0.319738 0.486175 0.627763 0.296083
50 0.505568 0.482719 0.972096 0.323733
102 0.76128 0.535714 0.466918 0.220046
105 0.514547 0.984447 0.951014 0.031106
109 0.506349 0.938364 0.959603 0.123272
49 0.931494 0.480991 0.121805 0.314516
67 0.932275 0.5 0.121805 0.27765
79 0.501664 0.986463 0.975219 0.0270738
73 0.506739 0.484735 0.979123 0.316244
100 0.919782 0.432604 0.143667 0.395161
76 0.919782 0.432604 0.143667 0.395161
101 0.506349 0.938364 0.959603 0.123272
68 0.847168 0.444124 0.293581 0.387097
78 0.505178 0.940668 0.976 0.118664
29 0.50752 0.491935 0.969754 0.3053
48 0.931494 0.480991 0.121805 0.314516
67 0.506349 0.938364 0.959603 0.123272
105 0.506349 0.938364 0.959603 0.123272
48 0.505568 0.482719 0.972096 0.323733
97 0.919782 0.432604 0.143667 0.395161
110 0.539142 0.433684 0.883085 0.46443
109 0.883085 0.5072 0.220186 0.267857
67 0.88777 0.52621 0.213939 0.234447
111 0.932275 0.5 0.121805 0.27765
53 0.502054 0.394657 0.972877 0.458381
53 0.931494 0.480991 0.121805 0.314516
103 0.511712 0.937212 0.976576 0.125576
101 0.76128 0.535714 0.466918 0.220046
84 0.931494 0.480991 0.121805 0.314516
68 0.509472 0.488191 0.976781 0.300115
67 0.509472 0.488191 0.976781 0.300115
109 0.509472 0.488191 0.976781 0.300115
77 0.512986 0.486751 0.960384 0.306452
101 0.509472 0.488191 0.976781 0.300115
102 0.512986 0.486751 0.960384 0.306452
95 0.509472 0.488191 0.976781 0.300115
110 0.509472 0.488191 0.976781 0.300115
111 0.505958 0.485887 0.952576 0.303571
56 0.504397 0.492512 0.979123 0.297235
84 0.504397 0.492512 0.979123 0.297235
53 0.509472 0.490495 0.973658 0.282834
76 0.504397 0.492512 0.979123 0.297235
49 0.512986 0.486751 0.960384 0.306452
97 0.506739 0.485023 0.980685 0.304147
103 0.504397 0.492512 0.979123 0.297235
50 0.509472 0.490495 0.973658 0.282834
48 0.505958 0.485887 0.952576 0.303571
104 0.504397 0.492512 0.979123 0.297235
74 0.508301 0.484735 0.979123 0.302419
68 0.502054 0.485023 0.943206 0.31106
102 0.502054 0.485023 0.943206 0.31106
101 0.502054 0.485023 0.943206 0.31106
67 0.506349 0.495968 0.964288 0.290323
77 0.505178 0.482719 0.974438 0.314516
109 0.505178 0.482719 0.974438 0.314516
110 0.505178 0.482719 0.974438 0.314516
111 0.505178 0.472062 0.96663 0.334677
95 0.502835 0.494816 0.969754 0.296083
67 0.503226 0.428571 0.973657 0.422811
102 0.748006 0.518145 0.496589 0.229839
68 0.505178 0.413018 0.971315 0.452765
102 0.505178 0.413018 0.971315 0.452765
84 0.505178 0.472062 0.96663 0.334677
101 0.505178 0.413018 0.971315 0.452765
53 0.505178 0.472062 0.96663 0.334677
102 0.70272 0.474942 0.587162 0.322005
77 0.505178 0.413018 0.971315 0.452765
102 0.603168 0.529954 0.786266 0.209677
102 0.137714 0.486751 0.264886 0.282258
101 0.748006 0.518145 0.496589 0.229839
67 0.496589 0.492223 0.974438 0.304724
68 0.496589 0.492223 0.974438 0.304724
102 0.496589 0.492223 0.974438 0.304724
101 0.496589 0.492223 0.974438 0.304724
111 0.507027 0.495968 0.985946 0.297235
77 0.496589 0.492223 0.974438 0.304724
95 0.501274 0.495392 0.977562 0.300691
109 0.496589 0.492223 0.974438 0.304724
102 0.601314 0.511233 0.780605 0.242511
102 0.787046 0.516129 0.406016 0.22235
53 0.496979 0.486175 0.976781 0.312212
101 0.787046 0.516129 0.406016 0.22235
110 0.496589 0.492223 0.974438 0.304724
101 0.601314 0.511233 0.780605 0.242511
102 0.83409 0.528802 0.31193 0.197005
52 0.495808 0.427707 0.976 0.432604
84 0.507027 0.495968 0.985946 0.297235
52 0.49737 0.490207 0.976 0.302995
67 0.601314 0.511233 0.780605 0.242511
101 0.83409 0.528802 0.31193 0.197005
67 0.787046 0.516129 0.406016 0.22235
111 0.495808 0.427707 0.976 0.432604
56 0.501274 0.495392 0.977562 0.300691
77 0.787046 0.516129 0.406016 0.22235
68 0.601314 0.511233 0.780605 0.242511
68 0.498931 0.493376 0.991616 0.289747
67 0.498931 0.493376 0.991616 0.289747
101 0.498931 0.493376 0.991616 0.289747
109 0.491123 0.490495 0.974438 0.292051
95 0.491123 0.490495 0.974438 0.292051
111 0.491123 0.490495 0.974438 0.292051
77 0.498931 0.493376 0.991616 0.289747
52 0.505178 0.474078 0.977562 0.331797
56 0.491123 0.490495 0.974438 0.292051
102 0.50791 0.489919 0.976781 0.295507
53 0.505958 0.476671 0.980685 0.326613
68 0.502835 0.485023 0.980685 0.3053
67 0.502835 0.485023 0.980685 0.3053
101 0.459501 0.488767 0.914317 0.307028
68 0.815936 0.495968 0.356045 0.28341
102 0.495418 0.484159 0.983027 0.304724
102 0.815936 0.495968 0.356045 0.28341
68 0.757376 0.477823 0.46848 0.322005
101 0.852829 0.477247 0.283821 0.315092
77 0.459501 0.488767 0.914317 0.307028
102 0.757376 0.477823 0.46848 0.322005
67 0.852829 0.477247 0.283821 0.315092
77 0.852829 0.477247 0.283821 0.315092
101 0.757376 0.477823 0.46848 0.322005
95 0.494246 0.484447 0.954138 0.308756
111 0.494246 0.490783 0.982246 0.301843
68 0.913536 0.478687 0.163968 0.315668
102 0.918221 0.512961 0.15616 0.250576
53 0.502835 0.485023 0.980685 0.3053
109 0.459501 0.488767 0.914317 0.307028
48 0.852829 0.477247 0.283821 0.315092
53 0.852829 0.477247 0.283821 0.315092
67 0.757376 0.477823 0.46848 0.322005
77 0.757376 0.477823 0.46848 0.322005
101 0.913536 0.478687 0.163968 0.315668
68 0.631277 0.499136 0.72224 0.287442
68 0.854976 0.452765 0.277965 0.367512
101 0.808714 0.454205 0.368928 0.364631
68 0.502835 0.491071 0.971315 0.30818
67 0.509862 0.485887 0.968192 0.310484
101 0.498931 0.488479 0.960384 0.307604
102 0.851853 0.511809 0.284211 0.250576
101 0.851853 0.511809 0.284211 0.250576
111 0.509862 0.485887 0.968192 0.310484
77 0.851853 0.511809 0.284211 0.250576
101 0.899482 0.511809 0.193638 0.24712
102 0.498931 0.488479 0.960384 0.307604
68 0.851853 0.511809 0.284211 0.250576
77 0.50752 0.485023 0.976 0.313364
102 0.899482 0.511809 0.193638 0.24712
68 0.899482 0.511809 0.193638 0.24712
77 0.899482 0.484447 0.192077 0.3053
67 0.851853 0.511809 0.284211 0.250576
67 0.899482 0.511809 0.193638 0.24712
95 0.505568 0.485023 0.959603 0.313364
109 0.498931 0.488479 0.960384 0.307604
111 0.899482 0.484447 0.192077 0.3053
111 0.505958 0.281106 0.977562 0.562212
68 0.508979 0.492223 0.982042 0.294355
102 0.49815 0.491359 0.963507 0.298387
67 0.504397 0.492223 0.982246 0.296659
101 0.49815 0.491359 0.963507 0.298387
77 0.504006 0.489631 0.983027 0.298387
48 0.508301 0.487903 0.976 0.3053
111 0.504397 0.492223 0.982246 0.296659
48 0.870592 0.490207 0.252979 0.288018
109 0.498541 0.487903 0.961165 0.301843
68 0.476288 0.493376 0.94633 0.304724
67 0.491904 0.483295 0.968192 0.314516
102 0.491514 0.489055 0.95648 0.305299
101 0.491514 0.489055 0.95648 0.305299
77 0.491514 0.489055 0.95648 0.305299
111 0.491904 0.483295 0.968192 0.314516
68 0.494246 0.659562 0.979123 0.653226
53 0.49737 0.485599 0.979123 0.31106
109 0.464186 0.49424 0.91744 0.297235
68 0.495808 0.487039 0.960384 0.30818
67 0.49815 0.483295 0.961946 0.312212
101 0.501274 0.486175 0.980685 0.309908
102 0.501274 0.486175 0.980685 0.309908
77 0.501274 0.486175 0.980685 0.309908
68 0.505958 0.491071 0.977562 0.298963
67 0.506349 0.486751 0.975219 0.301843
101 0.50752 0.489631 0.980685 0.299539
102 0.50752 0.489631 0.980685 0.299539
77 0.512205 0.490207 0.96663 0.298387
53 0.512205 0.490207 0.96663 0.298387
68 0.502835 0.489343 0.982246 0.302419
67 0.504006 0.488479 0.987712 0.301843
101 0.504006 0.488479 0.987712 0.301843
102 0.504006 0.488479 0.987712 0.301843
68 0.758157 0.501152 0.476288 0.268433
95 0.503616 0.487327 0.982246 0.305299
77 0.504006 0.488479 0.987712 0.301843
68 0.489171 0.487615 0.972096 0.305876
102 0.501274 0.481567 0.990054 0.315668
68 0.489171 0.484735 0.958042 0.311636
68 0.313882 0.487327 0.610586 0.31106
67 0.501664 0.485023 0.981466 0.306452
18 0.967411 0.817972 0.0530944 0.0357143
53 0.502445 0.484447 0.972096 0.304147
18 0.970534 0.810484 0.0562176 0.0391705
68 0.491123 0.489055 0.969754 0.296083
67 0.503616 0.493088 0.98537 0.296083
102 0.510253 0.490783 0.975219 0.294931
101 0.504006 0.490495 0.987712 0.293203
68 0.823158 0.498848 0.346285 0.267281
68 0.891674 0.503168 0.209254 0.256336
77 0.503616 0.493088 0.98537 0.296083
101 0.891674 0.503168 0.209254 0.256336
48 0.504006 0.490495 0.987712 0.293203
102 0.891674 0.503168 0.209254 0.256336
68 0.498931 0.487615 0.98537 0.303571
102 0.48839 0.487327 0.959603 0.299539
48 0.496198 0.802131 0.987712 0.395737
103 0.496198 0.802131 0.987712 0.395737
84 0.496198 0.802131 0.987712 0.395737
109 0.496198 0.802131 0.987712 0.395737
7 0.118096 0.824885 0.231507 0.152074
109 0.504006 0.0851094 0.984589 0.170219
111 0.496198 0.802131 0.987712 0.395737
7 0.0991372 0.834101 0.194468 0.191244
68 0.496198 0.802131 0.987712 0.395737
76 0.496198 0.802131 0.987712 0.395737
68 0.828429 0.495392 0.335744 0.28341
67 0.496198 0.802131 0.987712 0.395737
77 0.496198 0.802131 0.987712 0.395737
7 0.118974 0.792627 0.228579 0.16129
101 0.502445 0.487903 0.975219 0.298387
7 0.159869 0.87212 0.314272 0.211982
67 0.500883 0.484735 0.972096 0.305876
68 0.900262 0.494528 0.192077 0.279378
68 0.506637 0.491071 0.986726 0.300115
67 0.498931 0.490783 0.972877 0.294931
102 0.498931 0.490783 0.972877 0.294931
101 0.498931 0.490783 0.972877 0.294931
68 0.511424 0.493376 0.969754 0.285138
102 0.512595 0.494816 0.968973 0.289171
67 0.508979 0.487327 0.982042 0.307604
68 0.506739 0.491935 0.982246 0.297235
102 0.506739 0.491935 0.982246 0.297235
103 0.460672 0.824309 0.447398 0.351383
53 0.501274 0.490495 0.979123 0.298963
0 0.826086 0.985023 0.0406016 0.0264977
67 0.501274 0.490495 0.979123 0.298963
68 0.49737 0.489343 0.979123 0.305876
102 0.501274 0.488479 0.983808 0.301843
67 0.496589 0.486463 0.969754 0.304724
68 0.498931 0.489055 0.988493 0.300691
48 0.504397 0.800115 0.983808 0.39977
102 0.493466 0.490207 0.971315 0.298387
77 0.504397 0.800115 0.983808 0.39977
101 0.493466 0.490207 0.971315 0.298387
101 0.504397 0.800115 0.983808 0.39977
111 0.504397 0.800115 0.983808 0.39977
67 0.504397 0.800115 0.983808 0.39977
68 0.504397 0.800115 0.983808 0.39977
102 0.504397 0.800115 0.983808 0.39977
53 0.504397 0.800115 0.983808 0.39977
68 0.198909 0.485887 0.385325 0.296659
67 0.503616 0.492512 0.988493 0.293779
68 0.486829 0.485887 0.962726 0.311636
102 0.494246 0.488191 0.968192 0.302419
67 0.500883 0.489631 0.981466 0.302995
101 0.494246 0.488191 0.968192 0.302419
10 0.89977 0.959389 0.200461 0.0812213
53 0.500883 0.489631 0.981466 0.302995
10 0.902112 0.988479 0.195776 0.0230415
68 0.489171 0.487903 0.972096 0.31106
67 0.498931 0.483583 0.976 0.31394
102 0.498931 0.483583 0.976 0.31394
53 0.498931 0.483583 0.976 0.31394
101 0.498931 0.483583 0.976 0.31394
67 0.491123 0.0689804 0.976 0.137961
68 0.496589 0.486175 0.979123 0.304147
102 0.490733 0.485599 0.976781 0.308756
101 0.490733 0.485599 0.976781 0.308756
67 0.490733 0.485599 0.976781 0.308756
53 0.490733 0.485599 0.976781 0.308756
68 0.502445 0.488479 0.981466 0.302995
102 0.499712 0.487327 0.972877 0.306452
68 0.495027 0.486175 0.979123 0.306452
102 0.500102 0.486463 0.989273 0.310484
67 0.500102 0.486463 0.989273 0.310484
101 0.500102 0.486463 0.989273 0.310484
101 0.449741 0.00226815 0.896358 0.00453629
68 0.495808 0.491071 0.983808 0.302419
102 0.49815 0.489343 0.980685 0.303571
68 0.496589 0.485887 0.979123 0.30818
102 0.496589 0.485887 0.979123 0.30818
67 0.498931 0.487039 0.98537 0.295507
68 0.493075 0.490783 0.972096 0.301843
102 0.494246 0.489919 0.971315 0.303571
68 0.492685 0.487903 0.963507 0.302995
102 0.502054 0.490783 0.98537 0.300691
68 0.840141 0.510369 0.310758 0.251152
101 0.502054 0.490783 0.98537 0.300691
102 0.840141 0.510369 0.310758 0.251152
68 0.505958 0.488767 0.98537 0.302419
102 0.505958 0.488767 0.98537 0.302419
102 0.865907 0.515553 0.259226 0.239631
68 0.865907 0.515553 0.259226 0.239631
101 0.865907 0.515553 0.259226 0.239631
68 0.501664 0.491359 0.987712 0.300691
102 0.504006 0.489631 0.98615 0.302995
68 0.495027 0.487039 0.979123 0.305876
102 0.49737 0.488191 0.982246 0.305876
68 0.49737 0.489631 0.965069 0.298387
102 0.49737 0.489919 0.963507 0.301267
68 0.494637 0.488479 0.978342 0.301843
102 0.494246 0.491071 0.976 0.301267
68 0.905728 0.50576 0.178022 0.261521
68 0.494637 0.489055 0.972096 0.301843
102 0.502445 0.490783 0.981466 0.301843
101 0.502445 0.490783 0.981466 0.301843
67 0.502445 0.490783 0.981466 0.301843
68 0.499712 0.486751 0.988493 0.302995
102 0.503616 0.488767 0.972877 0.303571
67 0.503616 0.488767 0.972877 0.303571
68 0.492294 0.486751 0.975219 0.307604
101 0.466918 0.031214 0.933837 0.062428
68 0.490342 0.488479 0.971315 0.304147
102 0.499712 0.491359 0.977562 0.302995
14 0.968973 0.857143 0.0577792 0.146313
14 0.968192 0.842166 0.0562176 0.102535
67 0.499712 0.491359 0.977562 0.302995
18 0.969754 0.826613 0.0530944 0.0714286
68 0.491904 0.487903 0.968192 0.306452
102 0.49815 0.490495 0.977562 0.301267
67 0.49815 0.490495 0.977562 0.301267
101 0.49815 0.490495 0.977562 0.301267
68 0.491904 0.487903 0.968192 0.3053
102 0.49815 0.489631 0.979123 0.304147
68 0.848729 0.49856 0.292019 0.271313
14 0.96663 0.852534 0.062464 0.135945
101 0.49815 0.489631 0.979123 0.304147
68 0.492294 0.486751 0.968973 0.307604
102 0.494246 0.486751 0.96663 0.308756
67 0.494246 0.486751 0.96663 0.308756
101 0.494246 0.486751 0.96663 0.308756
68 0.502835 0.487615 0.986931 0.30818
102 0.503616 0.488767 0.971315 0.303571
67 0.502835 0.490495 0.977562 0.300115
101 0.503616 0.488767 0.971315 0.303571
68 0.502835 0.487615 0.971315 0.305876
102 0.508301 0.488479 0.982246 0.302995
68 0.496589 0.487327 0.965069 0.300691
102 0.49737 0.486751 0.963507 0.300691
68 0.501664 0.488479 0.98615 0.299539
68 0.506349 0.488479 0.984589 0.302995
102 0.512205 0.93894 0.968192 0.12212
68 0.483315 0.487039 0.951014 0.303571
68 0.484877 0.487327 0.954138 0.301843
68 0.899482 0.512385 0.187392 0.241359
102 0.505856 0.825749 0.988288 0.348502
68 0.823744 0.514977 0.338867 0.241935
68 0.484877 0.487327 0.957261 0.301843
102 0.50713 0.820565 0.981466 0.358871
68 0.50713 0.820565 0.981466 0.358871
68 0.498931 0.486175 0.979123 0.299539
102 0.493856 0.487903 0.970534 0.300691
68 0.500102 0.486751 0.984589 0.304147
68 0.493075 0.831797 0.840922 0.336406
102 0.495027 0.488479 0.968192 0.300691
68 0.496589 0.488479 0.965069 0.301843
68 0.488781 0.487327 0.958822 0.304147
68 0.505075 0.806164 0.98985 0.387673
68 0.503514 0.929147 0.992973 0.141705
102 0.503514 0.929147 0.992973 0.141705
68 0.505568 0.653082 0.981466 0.640841
68 0.483315 0.489631 0.951014 0.300691
68 0.507027 0.820276 0.985946 0.359447
68 0.50752 0.672667 0.983808 0.624712
68 0.505856 0.90841 0.988288 0.18318
102 0.507027 0.820276 0.985946 0.359447
102 0.505856 0.90841 0.988288 0.18318
68 0.480973 0.489055 0.954138 0.301843
68 0.488 0.833525 0.716774 0.332949
68 0.470822 0.737183 0.891674 0.431164
68 0.406406 0.835829 0.281088 0.328341
68 0.480192 0.489343 0.951014 0.302419
68 0.504397 0.843894 0.534067 0.312212
68 0.498931 0.490495 0.982246 0.301267
102 0.492294 0.926267 0.972096 0.147465
68 0.500493 0.489631 0.982246 0.304147
102 0.502835 0.917627 0.98537 0.164747
102 0.502835 0.977534 0.980685 0.0449309
68 0.511424 0.85023 0.960384 0.299539
68 0.499712 0.488767 0.983808 0.304724
102 0.502054 0.916475 0.990054 0.167051
102 0.502054 0.976671 0.98537 0.046659
68 0.49737 0.488191 0.982246 0.304724
102 0.501274 0.932604 0.993178 0.134793
102 0.502835 0.96947 0.980685 0.06106
102 0.496979 0.903802 0.989274 0.192396
20 0.306269 0.27477 0.612538 0.549539
102 0.501274 0.853687 0.993178 0.292627
68 0.49815 0.487039 0.980685 0.303571
102 0.502054 0.937212 0.990054 0.125576
102 0.502054 0.975806 0.979123 0.0483872
68 0.500102 0.487039 0.981466 0.302419
102 0.495808 0.937788 0.991616 0.124424
68 0.500493 0.487327 0.980685 0.300691
102 0.49737 0.936348 0.990054 0.127304
68 0.499712 0.487327 0.979123 0.302995
102 0.502054 0.929147 0.994739 0.141705
68 0.493466 0.488479 0.965069 0.299539
102 0.500493 0.930876 0.996301 0.138249
68 0.499322 0.487903 0.975219 0.302995
102 0.500493 0.937788 0.988493 0.124424
68 0.499712 0.487615 0.974438 0.303571
102 0.501274 0.937788 0.988493 0.124424
68 0.481754 0.487039 0.949453 0.304724
68 0.481754 0.487039 0.949453 0.304724
68 0.499712 0.487903 0.974438 0.304147
68 0.499712 0.487903 0.976 0.304147
68 0.480973 0.487615 0.947891 0.304723
20 0.310758 0.288594 0.621517 0.577189
68 0.481363 0.487039 0.948672 0.304724
20 0.309392 0.284562 0.618784 0.569124
68 0.482144 0.487327 0.950234 0.304147
20 0.310563 0.282834 0.621126 0.565668
68 0.498541 0.488191 0.976781 0.303571
20 0.311344 0.282546 0.622688 0.565092
68 0.498931 0.488191 0.976 0.303571
20 0.312125 0.283122 0.62425 0.566244
68 0.498931 0.488479 0.976 0.304147
20 0.313296 0.282546 0.626592 0.565092
102 0.500493 0.982719 0.974438 0.0345623
68 0.498541 0.488479 0.975219 0.304147
20 0.314858 0.282258 0.629715 0.564516
102 0.500493 0.982719 0.974438 0.0345623
68 0.49815 0.488479 0.974438 0.304147
20 0.314467 0.282834 0.628934 0.565668
102 0.499712 0.983871 0.974438 0.032258
18 0.314467 0.282834 0.628934 0.565668
68 0.49815 0.488479 0.974438 0.304147
20 0.314662 0.283986 0.629325 0.567972
102 0.499712 0.985023 0.974438 0.0299539
18 0.314662 0.283986 0.629325 0.567972
68 0.498541 0.488479 0.973658 0.304147
20 0.314272 0.283986 0.628544 0.567972
102 0.500102 0.985023 0.975219 0.0299539
18 0.314272 0.283986 0.628544 0.567972
68 0.498541 0.488479 0.973658 0.304147
20 0.315053 0.284562 0.630106 0.569124
102 0.499712 0.985599 0.976 0.0288019
18 0.315053 0.284562 0.630106 0.569124
68 0.49776 0.488191 0.972096 0.304724
20 0.315053 0.28485 0.630106 0.5697
102 0.500493 0.986175 0.976 0.0276498
68 0.49776 0.488191 0.972096 0.304724
20 0.314662 0.28485 0.629325 0.5697
102 0.500493 0.986463 0.976 0.0270738
68 0.49776 0.487903 0.972096 0.3053
20 0.314077 0.285426 0.628154 0.570853
102 0.500493 0.987327 0.974438 0.0253457
68 0.49776 0.487903 0.972096 0.3053
20 0.313296 0.286578 0.626592 0.573157
102 0.500493 0.987327 0.972877 0.0253457
68 0.49776 0.487903 0.972096 0.3053
20 0.313101 0.287154 0.626202 0.574309
102 0.500493 0.986751 0.972877 0.0264977
102 0.503616 0.949309 0.980685 0.101382
68 0.49776 0.487903 0.972096 0.3053
20 0.312906 0.288018 0.625811 0.576037
102 0.500883 0.986751 0.972096 0.0264977
102 0.504006 0.949309 0.981466 0.101382
68 0.49776 0.487903 0.972096 0.3053
20 0.31232 0.288018 0.62464 0.576037
102 0.501664 0.986175 0.972096 0.0276498
102 0.504397 0.948733 0.980685 0.102535
68 0.49815 0.487903 0.972877 0.3053
20 0.312125 0.288018 0.62425 0.576037
102 0.502054 0.986175 0.971315 0.0276498
102 0.504397 0.948157 0.980685 0.103687
68 0.49815 0.487903 0.972877 0.3053
20 0.312125 0.289171 0.62425 0.578341
102 0.502054 0.985887 0.971315 0.0282259
102 0.504397 0.948157 0.980685 0.103687
68 0.49776 0.487903 0.972096 0.3053
20 0.312515 0.289171 0.62503 0.578341
102 0.502054 0.986175 0.971315 0.0276498
102 0.504397 0.948157 0.980685 0.103687
68 0.49776 0.487903 0.972096 0.3053
20 0.312515 0.289459 0.62503 0.578917
102 0.502054 0.985599 0.969754 0.0288019
102 0.504397 0.947581 0.980685 0.104839
68 0.49815 0.487903 0.972877 0.3053
20 0.31232 0.289171 0.62464 0.578341
102 0.502054 0.985887 0.969754 0.0282259
102 0.504397 0.948157 0.980685 0.103687
68 0.49815 0.487903 0.972877 0.306452
20 0.31232 0.289459 0.62464 0.578917
102 0.501664 0.986175 0.970534 0.0276498
102 0.503616 0.947005 0.980685 0.105991
68 0.49776 0.487903 0.972096 0.306452
20 0.312125 0.289459 0.62425 0.578917
102 0.501274 0.985599 0.969754 0.0288019
20 0.218624 0.287442 0.437248 0.574885
102 0.503616 0.947005 0.980685 0.105991
68 0.49776 0.487903 0.972096 0.306452
20 0.312125 0.289747 0.62425 0.579493
102 0.501274 0.985311 0.969754 0.0293779
20 0.218819 0.287442 0.437638 0.574885
102 0.503616 0.947005 0.980685 0.105991
68 0.49776 0.487903 0.972096 0.306452
20 0.312125 0.289459 0.62425 0.578917
102 0.501274 0.985599 0.969754 0.0288019
20 0.218624 0.28629 0.437248 0.572581
102 0.503616 0.947005 0.980685 0.105991
68 0.49776 0.487903 0.972096 0.306452
20 0.31232 0.289171 0.62464 0.578341
102 0.502054 0.986175 0.969754 0.0276498
20 0.218429 0.285138 0.436858 0.570276
102 0.503616 0.947005 0.980685 0.105991
68 0.49776 0.487903 0.972096 0.306452
20 0.312515 0.289171 0.62503 0.578341
102 0.502054 0.986175 0.969754 0.0276498
20 0.217453 0.284274 0.434906 0.568548
102 0.503616 0.947869 0.980685 0.104263
68 0.49815 0.487903 0.971315 0.306452
20 0.312515 0.289171 0.62503 0.578341
102 0.502054 0.986463 0.969754 0.0270738
20 0.217062 0.283698 0.434125 0.567396
102 0.503616 0.947869 0.980685 0.104263
68 0.49815 0.487903 0.971315 0.306452
20 0.31232 0.289171 0.62464 0.578341
102 0.501664 0.986463 0.970534 0.0270738
20 0.216282 0.28341 0.432563 0.56682
102 0.503616 0.948157 0.980685 0.103687
68 0.49815 0.487903 0.971315 0.306452
20 0.31232 0.289171 0.62464 0.578341
102 0.501274 0.986751 0.971315 0.0264977
20 0.215891 0.283122 0.431782 0.566244
102 0.503616 0.948445 0.980685 0.103111
68 0.49815 0.487903 0.971315 0.306452
20 0.312125 0.289171 0.62425 0.578341
102 0.501274 0.986463 0.971315 0.0270738
20 0.215696 0.282834 0.431392 0.565668
20 0.313296 0.192684 0.626592 0.385369
102 0.503226 0.948445 0.981466 0.103111
68 0.49815 0.487903 0.971315 0.306452
20 0.31193 0.289171 0.623859 0.578341
102 0.501274 0.986751 0.971315 0.0264977
20 0.215891 0.282834 0.431782 0.565668
20 0.313101 0.182604 0.626202 0.365207
102 0.503226 0.948445 0.981466 0.103111
68 0.498541 0.488191 0.972096 0.305876
20 0.311344 0.289171 0.622688 0.578341
102 0.501274 0.986751 0.971315 0.0264977
20 0.215501 0.281682 0.431002 0.563364
20 0.312906 0.175115 0.625811 0.35023
102 0.503226 0.948157 0.981466 0.103687
68 0.498931 0.488191 0.972877 0.305876
20 0.310758 0.289171 0.621517 0.578341
102 0.501274 0.986751 0.971315 0.0264977
20 0.21511 0.281106 0.430221 0.562212
20 0.31232 0.170075 0.62464 0.34015
102 0.502835 0.948157 0.982246 0.103687
68 0.498931 0.488191 0.972877 0.305876
20 0.310563 0.289171 0.621126 0.578341
102 0.501274 0.986463 0.971315 0.0270738
20 0.21511 0.281106 0.430221 0.562212
20 0.312125 0.166763 0.62425 0.333525
102 0.503226 0.948157 0.981466 0.103687
68 0.498931 0.488191 0.972877 0.305876
20 0.309978 0.288594 0.619955 0.577189
102 0.501274 0.986463 0.972877 0.0270738
20 0.214525 0.279378 0.42905 0.558756
20 0.311539 0.155818 0.623078 0.311636
102 0.503226 0.948157 0.981466 0.103687
68 0.498931 0.488191 0.972877 0.305876
20 0.309782 0.289171 0.619565 0.578341
102 0.501664 0.985887 0.972096 0.0282259
20 0.21433 0.279378 0.428659 0.558756
20 0.311539 0.149194 0.623078 0.298387
102 0.503616 0.948157 0.980685 0.103687
68 0.498931 0.488191 0.972877 0.305876
20 0.309782 0.288882 0.619565 0.577765
102 0.501664 0.985599 0.972096 0.0288019
20 0.213939 0.278802 0.427878 0.557604
20 0.311539 0.142281 0.623078 0.284562
102 0.503616 0.948157 0.980685 0.103687
68 0.498931 0.488191 0.972877 0.305876
20 0.309782 0.289171 0.619565 0.578341
102 0.502054 0.985311 0.972877 0.0293779
20 0.213744 0.278802 0.427488 0.557604
20 0.311539 0.138105 0.623078 0.27621
102 0.503616 0.947581 0.980685 0.104839
68 0.498931 0.488191 0.972877 0.305876
20 0.310368 0.289171 0.620736 0.578341
102 0.502054 0.985311 0.972877 0.0293779
20 0.213939 0.278226 0.427878 0.556452
20 0.312125 0.133353 0.62425 0.266705
102 0.504006 0.947005 0.981466 0.105991
68 0.498931 0.488191 0.972877 0.305876
20 0.310954 0.289171 0.621907 0.578341
102 0.502445 0.985023 0.972096 0.0299539
20 0.21433 0.278226 0.428659 0.556452
20 0.312515 0.136233 0.62503 0.272465
102 0.504006 0.947005 0.981466 0.105991
68 0.498931 0.488191 0.972877 0.305876
20 0.311149 0.288594 0.622298 0.577189
102 0.502835 0.985023 0.972877 0.0299539
20 0.21433 0.27765 0.428659 0.5553
20 0.31271 0.1322 0.625421 0.264401
102 0.504006 0.947005 0.981466 0.105991
68 0.498931 0.488191 0.972877 0.305876
20 0.311539 0.288594 0.623078 0.577189
102 0.502835 0.985023 0.972877 0.0299539
20 0.21433 0.277074 0.428659 0.554147
20 0.313101 0.129752 0.626202 0.259505
102 0.504006 0.947005 0.981466 0.105991
68 0.498931 0.488191 0.972877 0.305876
20 0.311539 0.288018 0.623078 0.576037
102 0.502835 0.984735 0.972877 0.03053
20 0.21433 0.276498 0.428659 0.552995
20 0.313296 0.126728 0.626592 0.253456
102 0.504397 0.947005 0.980685 0.105991
68 0.498931 0.488191 0.972877 0.305876
20 0.311734 0.288018 0.623469 0.576037
102 0.502835 0.984735 0.972877 0.03053
20 0.21433 0.275634 0.428659 0.551267
20 0.313296 0.128456 0.626592 0.256912
102 0.504006 0.947293 0.981466 0.105415
68 0.498931 0.488191 0.972877 0.305876
20 0.311539 0.287442 0.623078 0.574885
102 0.502835 0.984735 0.972877 0.03053
20 0.213744 0.27477 0.427488 0.549539
20 0.313296 0.125432 0.626592 0.250864
102 0.504006 0.947293 0.981466 0.105415
68 0.498541 0.488479 0.973658 0.3053
20 0.311539 0.287442 0.623078 0.574885
20 0.213158 0.274194 0.426317 0.548387
102 0.502445 0.984735 0.972096 0.03053
20 0.313491 0.125864 0.626982 0.251728
102 0.504397 0.947293 0.980685 0.105415
68 0.498541 0.488479 0.973658 0.3053
20 0.311539 0.287442 0.623078 0.574885
20 0.212768 0.273618 0.425536 0.547235
102 0.502835 0.984447 0.972877 0.031106
20 0.313491 0.121976 0.626982 0.243952
102 0.504006 0.947005 0.981466 0.105991
68 0.498931 0.487903 0.972877 0.3053
20 0.311149 0.287442 0.622298 0.574885
20 0.212768 0.273329 0.425536 0.546659
102 0.502835 0.984159 0.972877 0.0316821
20 0.313296 0.120176 0.626592 0.240351
102 0.504006 0.947005 0.981466 0.105991
68 0.498931 0.488479 0.972877 0.3053
20 0.310954 0.287154 0.621907 0.574309
20 0.212768 0.273041 0.425536 0.546083
102 0.502835 0.983871 0.972877 0.032258
20 0.313101 0.116791 0.626202 0.233583
102 0.504006 0.946429 0.981466 0.107143
68 0.498931 0.487903 0.972877 0.3053
20 0.212182 0.271889 0.424365 0.543779
20 0.310758 0.286866 0.621517 0.573733
102 0.502835 0.983583 0.972877 0.0328341
20 0.313101 0.115063 0.626202 0.230127
102 0.504006 0.946429 0.981466 0.107143
68 0.498931 0.488479 0.972877 0.3053
20 0.211402 0.271025 0.422803 0.542051
20 0.310563 0.28629 0.621126 0.572581
102 0.502835 0.983295 0.972877 0.0334102
20 0.312906 0.114631 0.625811 0.229263
102 0.503616 0.946429 0.982246 0.107143
68 0.499322 0.488479 0.973658 0.3053
20 0.210816 0.269585 0.421632 0.539171
20 0.310173 0.286002 0.620346 0.572005
102 0.503226 0.983295 0.973657 0.0334102
20 0.312906 0.111895 0.625811 0.22379
102 0.504006 0.945853 0.981466 0.108295
68 0.499322 0.488479 0.973658 0.3053
20 0.210035 0.268145 0.42007 0.53629
20 0.309978 0.285426 0.619955 0.570853
102 0.503226 0.983295 0.973657 0.0334102
20 0.31271 0.109087 0.625421 0.218174
68 0.499322 0.488479 0.973658 0.3053
20 0.210426 0.268289 0.420851 0.536578
20 0.309978 0.285138 0.619955 0.570276
102 0.503226 0.983295 0.973657 0.0334102
20 0.312906 0.111607 0.625811 0.223214
68 0.499322 0.488479 0.973658 0.3053
20 0.209645 0.266993 0.41929 0.533986
20 0.309782 0.284562 0.619565 0.569124
20 0.312906 0.109735 0.625811 0.21947
102 0.503226 0.983295 0.973657 0.0334102
68 0.499712 0.488479 0.974438 0.3053
20 0.208864 0.265409 0.417728 0.530818
20 0.309392 0.283986 0.618784 0.567972
20 0.312515 0.108223 0.62503 0.216446
102 0.503226 0.983871 0.973657 0.032258
68 0.499322 0.488479 0.973658 0.3053
20 0.208474 0.264545 0.416947 0.52909
20 0.309002 0.28341 0.618003 0.56682
20 0.31232 0.107287 0.62464 0.214574
102 0.503616 0.983295 0.972877 0.0334102
68 0.499712 0.488479 0.974438 0.3053
20 0.207693 0.262097 0.415386 0.524194
20 0.308416 0.282258 0.616832 0.564516
102 0.503616 0.983871 0.972877 0.032258
20 0.31193 0.103831 0.623859 0.207661
68 0.499712 0.488479 0.974438 0.3053
20 0.206912 0.260225 0.413824 0.520449
20 0.30783 0.281682 0.615661 0.563364
102 0.503226 0.983871 0.973657 0.032258
20 0.311539 0.101815 0.623078 0.203629
68 0.499712 0.488479 0.974438 0.3053
20 0.206326 0.258209 0.412653 0.516417
20 0.307245 0.280818 0.61449 0.561636
102 0.503226 0.983871 0.973657 0.032258
20 0.311149 0.0997984 0.622298 0.199597
68 0.499712 0.488479 0.974438 0.3053
20 0.205546 0.255904 0.411091 0.511809
20 0.306464 0.279954 0.612928 0.559908
102 0.503226 0.983871 0.973657 0.032258
20 0.310758 0.0969182 0.621517 0.193836
68 0.499712 0.488479 0.974438 0.3053
20 0.20457 0.253744 0.409139 0.507488
20 0.305488 0.279378 0.610976 0.558756
102 0.502835 0.983871 0.974438 0.032258
20 0.310173 0.0948301 0.620346 0.18966
68 0.499712 0.488479 0.974438 0.3053
20 0.204374 0.25216 0.408749 0.50432
20 0.307635 0.310196 0.61527 0.620392
102 0.503226 0.984447 0.973657 0.031106
20 0.309978 0.094326 0.619955 0.188652
68 0.499712 0.488479 0.974438 0.3053
20 0.204179 0.251296 0.408358 0.502592
20 0.30705 0.309908 0.614099 0.619816
102 0.502835 0.984447 0.974438 0.031106
20 0.309587 0.094254 0.619174 0.188508
68 0.499712 0.488479 0.974438 0.3053
20 0.203789 0.25 0.407578 0.5
20 0.306854 0.309332 0.613709 0.618664
102 0.502835 0.984447 0.974438 0.031106
20 0.309587 0.0946141 0.619174 0.189228
68 0.499712 0.488479 0.974438 0.3053
20 0.203203 0.24856 0.406406 0.49712
20 0.306854 0.309332 0.613709 0.618664
102 0.503226 0.984447 0.973657 0.031106
20 0.309392 0.094038 0.618784 0.188076
68 0.499712 0.488479 0.974438 0.3053
20 0.202618 0.247264 0.405235 0.494528
20 0.306464 0.308756 0.612928 0.617512
102 0.503226 0.984447 0.973657 0.031106
20 0.309197 0.093822 0.618394 0.187644
