48 0.508253 0.412069 0.972819 0.410345
50 0.503182 0.416379 0.97828 0.402874
101 0.508253 0.412069 0.972819 0.410345
49 0.503182 0.416379 0.97828 0.402874
54 0.508253 0.412069 0.972819 0.410345
68 0.511764 0.433333 0.973599 0.36092
53 0.508253 0.412069 0.972819 0.410345
109 0.508253 0.412069 0.972819 0.410345
104 0.503182 0.416379 0.97828 0.402874
111 0.503182 0.416379 0.97828 0.402874
48 0.495771 0.476437 0.961897 0.26092
50 0.495771 0.476437 0.961897 0.26092
103 0.503182 0.423276 0.97828 0.392529
79 0.508253 0.412069 0.972819 0.410345
47 0.504743 0.411782 0.975159 0.43046
84 0.508253 0.412069 0.972819 0.410345
46 0.503182 0.416379 0.97828 0.402874
67 0.503182 0.416379 0.97828 0.402874
49 0.495771 0.476437 0.961897 0.26092
109 0.495771 0.476437 0.961897 0.26092
74 0.511764 0.439655 0.972039 0.351724
95 0.503182 0.416379 0.97828 0.402874
56 0.503182 0.416379 0.97828 0.402874
101 0.495771 0.476437 0.961897 0.26092
53 0.495771 0.476437 0.961897 0.26092
54 0.495771 0.476437 0.961897 0.26092
102 0.503182 0.416379 0.97828 0.402874
76 0.503182 0.416379 0.97828 0.402874
73 0.508643 0.420187 0.973599 0.407902
79 0.495771 0.476437 0.961897 0.26092
66 0.503182 0.416379 0.97828 0.402874
77 0.508253 0.412069 0.972819 0.410345
67 0.495771 0.476437 0.961897 0.26092
104 0.495771 0.476437 0.961897 0.26092
42 0.508253 0.412069 0.972819 0.410345
76 0.495771 0.476437 0.961897 0.26092
100 0.511764 0.439655 0.972039 0.351724
99 0.504743 0.411782 0.975159 0.43046
84 0.495771 0.476437 0.961897 0.26092
74 0.500062 0.47931 0.9814 0.250575
17 0.508643 0.420187 0.973599 0.407902
111 0.495771 0.476437 0.961897 0.26092
95 0.495771 0.476437 0.961897 0.26092
42 0.495771 0.476437 0.961897 0.26092
68 0.500062 0.47931 0.9814 0.250575
75 0.511764 0.433333 0.973599 0.36092
97 0.511764 0.439655 0.972039 0.351724
56 0.495771 0.476437 0.961897 0.26092
38 0.508253 0.412069 0.972819 0.410345
80 0.508253 0.412069 0.972819 0.410345
110 0.503182 0.423276 0.97828 0.392529
105 0.503182 0.416379 0.97828 0.402874
81 0.508253 0.412069 0.972819 0.410345
103 0.495771 0.476437 0.961897 0.26092
38 0.495771 0.476437 0.961897 0.26092
46 0.495771 0.476437 0.961897 0.26092
77 0.495771 0.476437 0.961897 0.26092
41 0.508253 0.412069 0.972819 0.410345
66 0.495771 0.476437 0.961897 0.26092
110 0.495771 0.476437 0.961897 0.26092
26 0.151637 0.897701 0.116434 0.163218
99 0.506303 0.474138 0.982961 0.290805
102 0.500062 0.47931 0.9814 0.250575
97 0.500062 0.47931 0.9814 0.250575
108 0.503182 0.416379 0.97828 0.402874
7 0.495771 0.476437 0.961897 0.26092
100 0.500062 0.47931 0.9814 0.250575
81 0.495771 0.476437 0.961897 0.26092
34 0.503182 0.423276 0.97828 0.392529
94 0.495771 0.476437 0.961897 0.26092
52 0.529707 0.411422 0.937713 0.413937
33 0.508643 0.420187 0.973599 0.407902
5 0.503182 0.416379 0.97828 0.402874
73 0.495771 0.476437 0.961897 0.26092
47 0.506303 0.474138 0.982961 0.290805
75 0.500062 0.47931 0.9814 0.250575
51 0.508253 0.412069 0.972819 0.410345
80 0.495771 0.476437 0.961897 0.26092
108 0.500062 0.47931 0.9814 0.250575
51 0.495771 0.476437 0.961897 0.26092
17 0.495771 0.476437 0.961897 0.26092
14 0.508253 0.412069 0.972819 0.410345
105 0.495771 0.476437 0.961897 0.26092
16 0.509033 0.412931 0.971259 0.427011
65 0.494601 0.458046 0.964238 0.311494
11 0.503182 0.416379 0.97828 0.402874
31 0.511764 0.439655 0.972039 0.351724
11 0.495771 0.476437 0.961897 0.26092
15 0.529707 0.411422 0.937713 0.413937
14 0.495771 0.476437 0.961897 0.26092
50 0.655307 0.417529 0.680271 0.416667
41 0.495771 0.476437 0.961897 0.26092
78 0.511764 0.433333 0.973599 0.36092
0 0.508253 0.412069 0.972819 0.410345
15 0.495771 0.476437 0.961897 0.26092
48 0.655307 0.417529 0.680271 0.416667
7 0.508253 0.412069 0.972819 0.410345
16 0.530097 0.935632 0.103757 0.0781609
101 0.655307 0.417529 0.680271 0.416667
55 0.503182 0.416379 0.97828 0.402874
12 0.494601 0.458046 0.964238 0.311494
4 0.504743 0.411782 0.975159 0.43046
33 0.495771 0.476437 0.961897 0.26092
13 0.503182 0.416379 0.97828 0.402874
64 0.505523 0.458621 0.986081 0.302299
21 0.495771 0.476437 0.961897 0.26092
14 0.141593 0.898276 0.129111 0.166667
26 0.503182 0.423276 0.97828 0.392529
16 0.495771 0.476437 0.961897 0.26092
72 0.504743 0.411782 0.975159 0.43046
49 0.655307 0.417529 0.680271 0.416667
36 0.503182 0.423276 0.97828 0.392529
7 0.147054 0.896552 0.12404 0.163218
16 0.149589 0.898851 0.12053 0.165517
30 0.147054 0.896552 0.12404 0.163218
48 0.506631 0.473563 0.986738 0.462069
50 0.506631 0.473563 0.986738 0.462069
111 0.507801 0.436279 0.984397 0.529741
101 0.506631 0.473563 0.986738 0.462069
46 0.507083 0.464368 0.97984 0.477012
48 0.458715 0.902874 0.889345 0.194253
110 0.506631 0.473563 0.986738 0.462069
109 0.506631 0.473563 0.986738 0.462069
68 0.507083 0.464368 0.97984 0.477012
67 0.506631 0.473563 0.986738 0.462069
68 0.458715 0.902874 0.889345 0.194253
99 0.507083 0.464368 0.97984 0.477012
50 0.421659 0.905172 0.838637 0.189655
75 0.506631 0.473563 0.986738 0.462069
100 0.506631 0.473563 0.986738 0.462069
102 0.506631 0.473563 0.986738 0.462069
49 0.506631 0.473563 0.986738 0.462069
111 0.464566 0.907471 0.91665 0.185057
46 0.421659 0.905172 0.838637 0.189655
95 0.506303 0.472701 0.97984 0.468391
102 0.458715 0.902874 0.889345 0.194253
73 0.506631 0.473563 0.986738 0.462069
103 0.506631 0.473563 0.986738 0.462069
53 0.506631 0.473563 0.986738 0.462069
73 0.464566 0.907471 0.91665 0.185057
77 0.506631 0.473563 0.986738 0.462069
54 0.506631 0.473563 0.986738 0.462069
51 0.507021 0.452299 0.985958 0.503448
56 0.506631 0.473563 0.986738 0.462069
99 0.458715 0.902874 0.889345 0.194253
109 0.464566 0.907471 0.91665 0.185057
101 0.421659 0.905172 0.838637 0.189655
52 0.506631 0.473563 0.986738 0.462069
47 0.507021 0.452299 0.985958 0.503448
84 0.507021 0.452299 0.985958 0.503448
50 0.302494 0.906897 0.604989 0.186207
48 0.302494 0.906897 0.604989 0.186207
67 0.458715 0.902874 0.889345 0.194253
110 0.458715 0.902874 0.889345 0.194253
76 0.506631 0.473563 0.986738 0.462069
49 0.458715 0.902874 0.889345 0.194253
47 0.42985 0.910345 0.85814 0.17931
53 0.42985 0.910345 0.85814 0.17931
75 0.464566 0.907471 0.91665 0.185057
100 0.458715 0.902874 0.889345 0.194253
104 0.507801 0.436279 0.984397 0.529741
105 0.506631 0.473563 0.986738 0.462069
97 0.506631 0.473563 0.986738 0.462069
46 0.302494 0.906897 0.604989 0.186207
103 0.464566 0.907471 0.91665 0.185057
77 0.421659 0.905172 0.838637 0.189655
66 0.506631 0.473563 0.986738 0.462069
76 0.42985 0.910345 0.85814 0.17931
48 0.54843 0.411566 0.901827 0.413649
48 0.716157 0.439943 0.566373 0.471839
95 0.458715 0.902874 0.889345 0.194253
52 0.421659 0.905172 0.838637 0.189655
68 0.302494 0.906897 0.604989 0.186207
50 0.54843 0.411566 0.901827 0.413649
84 0.421659 0.905172 0.838637 0.189655
111 0.302494 0.906897 0.604989 0.186207
49 0.302494 0.906897 0.604989 0.186207
16 0.523076 0.933333 0.0998563 0.0597702
80 0.506631 0.473563 0.986738 0.462069
54 0.458715 0.902874 0.889345 0.194253
41 0.506631 0.473563 0.986738 0.462069
48 0.205564 0.90431 0.411127 0.191379
51 0.370561 0.908908 0.73644 0.182184
67 0.277725 0.905172 0.555451 0.189655
42 0.506631 0.473563 0.986738 0.462069
80 0.458715 0.902874 0.889345 0.194253
73 0.302494 0.906897 0.604989 0.186207
81 0.507801 0.436279 0.984397 0.529741
102 0.302494 0.906897 0.604989 0.186207
56 0.458715 0.902874 0.889345 0.194253
50 0.569821 0.958621 0.860357 0.0827586
66 0.464566 0.907471 0.91665 0.185057
95 0.302494 0.906897 0.604989 0.186207
101 0.302494 0.906897 0.604989 0.186207
74 0.506631 0.473563 0.986738 0.462069
50 0.205564 0.90431 0.411127 0.191379
105 0.464566 0.907471 0.91665 0.185057
50 0.725519 0.39533 0.542969 0.379454
47 0.302494 0.906897 0.604989 0.186207
111 0.569821 0.958621 0.860357 0.0827586
7 0.523076 0.933333 0.0998563 0.0597702
48 0.569821 0.958621 0.860357 0.0827586
110 0.302494 0.906897 0.604989 0.186207
108 0.507801 0.436279 0.984397 0.529741
48 0.368025 0.453376 0.725909 0.463362
0 0.523076 0.933333 0.0998563 0.0597702
75 0.302494 0.906897 0.604989 0.186207
99 0.277725 0.905172 0.555451 0.189655
67 0.54843 0.411566 0.901827 0.413649
68 0.573332 0.958046 0.853336 0.0839081
76 0.302494 0.906897 0.604989 0.186207
49 0.54843 0.411566 0.901827 0.413649
18 0.523076 0.933333 0.0998563 0.0597702
97 0.458715 0.902874 0.889345 0.194253
100 0.302494 0.906897 0.604989 0.186207
109 0.326873 0.908621 0.649846 0.182759
38 0.508643 0.456394 0.97984 0.505603
50 0.507083 0.948851 0.97984 0.102299
48 0.760624 0.395977 0.477438 0.382759
77 0.302494 0.906897 0.604989 0.186207
53 0.302494 0.906897 0.604989 0.186207
103 0.302494 0.906897 0.604989 0.186207
17 0.529707 0.935058 0.115459 0.0747126
74 0.458715 0.902874 0.889345 0.194253
24 0.523076 0.933333 0.0998563 0.0597702
17 0.506631 0.473563 0.986738 0.462069
101 0.205564 0.90431 0.411127 0.191379
42 0.458715 0.902874 0.889345 0.194253
75 0.54843 0.411566 0.901827 0.413649
52 0.277725 0.905172 0.555451 0.189655
109 0.54843 0.411566 0.901827 0.413649
49 0.205564 0.90431 0.411127 0.191379
46 0.573332 0.958046 0.853336 0.0839081
38 0.458715 0.902874 0.889345 0.194253
50 0.368025 0.453376 0.725909 0.463362
46 0.205564 0.90431 0.411127 0.191379
111 0.507083 0.948851 0.97984 0.102299
46 0.368025 0.453376 0.725909 0.463362
46 0.716157 0.439943 0.566373 0.471839
49 0.725519 0.39533 0.542969 0.379454
75 0.725519 0.39533 0.542969 0.379454
101 0.629953 0.443391 0.737221 0.474138
77 0.54843 0.411566 0.901827 0.413649
50 0.497721 0.367529 0.989202 0.686782
49 0.497721 0.367529 0.989202 0.686782
50 0.499282 0.478448 0.986081 0.462644
48 0.500452 0.425 0.9775 0.572989
100 0.496941 0.351437 0.989202 0.702874
51 0.497721 0.367529 0.989202 0.686782
49 0.499282 0.478448 0.986081 0.462644
46 0.500452 0.425 0.9775 0.572989
76 0.497721 0.367529 0.989202 0.686782
99 0.497721 0.367529 0.989202 0.686782
100 0.499282 0.478448 0.986081 0.462644
68 0.497721 0.367529 0.989202 0.686782
68 0.500062 0.874138 0.990762 0.251724
68 0.502402 0.478736 0.970479 0.462069
51 0.499282 0.478448 0.986081 0.462644
75 0.500452 0.425 0.9775 0.572989
68 0.505133 0.744828 0.98062 0.510345
47 0.500452 0.425 0.9775 0.572989
99 0.499282 0.478448 0.986081 0.462644
73 0.496941 0.351437 0.989202 0.702874
76 0.499282 0.478448 0.986081 0.462644
48 0.504743 0.83046 0.97984 0.33908
101 0.500452 0.425 0.9775 0.572989
68 0.475098 0.913218 0.950195 0.173563
48 0.505133 0.744828 0.98062 0.510345
48 0.475098 0.913218 0.950195 0.173563
73 0.498501 0.456322 0.990762 0.514943
53 0.500062 0.874138 0.990762 0.251724
48 0.499282 0.415517 0.986081 0.831034
109 0.475098 0.913218 0.950195 0.173563
77 0.500452 0.425 0.9775 0.572989
68 0.503962 0.934483 0.97672 0.131034
50 0.495381 0.742529 0.990762 0.514943
50 0.504743 0.83046 0.97984 0.33908
53 0.475098 0.913218 0.950195 0.173563
97 0.496941 0.351437 0.989202 0.702874
53 0.505133 0.744828 0.98062 0.510345
102 0.504743 0.83046 0.97984 0.33908
101 0.494211 0.821839 0.988422 0.356322
53 0.500452 0.425 0.9775 0.572989
102 0.475098 0.913218 0.950195 0.173563
48 0.337405 0.914368 0.67481 0.171264
48 0.460665 0.494253 0.904168 0.417241
109 0.501622 0.848851 0.989202 0.302299
99 0.475098 0.913218 0.950195 0.173563
50 0.48758 0.59296 0.951756 0.547414
109 0.505133 0.744828 0.98062 0.510345
99 0.504743 0.83046 0.97984 0.33908
110 0.497721 0.367529 0.989202 0.686782
102 0.500452 0.425 0.9775 0.572989
109 0.500452 0.425 0.9775 0.572989
99 0.505133 0.744828 0.98062 0.510345
52 0.497721 0.367529 0.989202 0.686782
77 0.500062 0.874138 0.990762 0.251724
46 0.499282 0.415517 0.986081 0.831034
84 0.500452 0.425 0.9775 0.572989
50 0.475098 0.913218 0.950195 0.173563
49 0.441552 0.914368 0.883104 0.171264
50 0.528926 0.882759 0.91587 0.234483
49 0.504743 0.83046 0.97984 0.33908
101 0.475098 0.913218 0.950195 0.173563
49 0.505133 0.744828 0.98062 0.510345
77 0.475098 0.913218 0.950195 0.173563
75 0.475098 0.913218 0.950195 0.173563
48 0.528926 0.882759 0.91587 0.234483
46 0.460665 0.494253 0.904168 0.417241
100 0.504743 0.83046 0.97984 0.33908
67 0.500062 0.874138 0.990762 0.251724
110 0.502402 0.478736 0.970479 0.462069
111 0.504743 0.83046 0.97984 0.33908
100 0.505133 0.744828 0.98062 0.510345
99 0.337405 0.914368 0.67481 0.171264
111 0.505133 0.744828 0.98062 0.510345
76 0.505133 0.744828 0.98062 0.510345
111 0.497721 0.367529 0.989202 0.686782
46 0.505133 0.744828 0.98062 0.510345
110 0.500062 0.874138 0.990762 0.251724
48 0.503962 0.934483 0.97672 0.131034
77 0.505133 0.744828 0.98062 0.510345
68 0.337405 0.914368 0.67481 0.171264
102 0.505133 0.744828 0.98062 0.510345
52 0.505133 0.744828 0.98062 0.510345
67 0.475098 0.913218 0.950195 0.173563
48 0.693862 0.893678 0.612277 0.212644
100 0.475098 0.913218 0.950195 0.173563
76 0.475098 0.913218 0.950195 0.173563
109 0.337405 0.914368 0.67481 0.171264
76 0.501622 0.848851 0.989202 0.302299
52 0.475098 0.913218 0.950195 0.173563
52 0.501622 0.848851 0.989202 0.302299
111 0.485239 0.908046 0.970479 0.183908
101 0.528926 0.882759 0.91587 0.234483
102 0.337405 0.914368 0.67481 0.171264
75 0.499282 0.415517 0.986081 0.831034
84 0.501622 0.848851 0.989202 0.302299
102 0.503962 0.934483 0.97672 0.131034
73 0.505133 0.744828 0.98062 0.510345
49 0.48758 0.59296 0.951756 0.547414
75 0.505133 0.744828 0.98062 0.510345
84 0.475098 0.913218 0.950195 0.173563
97 0.498501 0.456322 0.990762 0.514943
51 0.505133 0.744828 0.98062 0.510345
100 0.48758 0.59296 0.951756 0.547414
47 0.441552 0.914368 0.883104 0.171264
48 0.48758 0.59296 0.951756 0.547414
50 0.337405 0.914368 0.67481 0.171264
51 0.504743 0.83046 0.97984 0.33908
48 0.154953 0.911494 0.309906 0.177011
84 0.505133 0.744828 0.98062 0.510345
52 0.502402 0.478736 0.970479 0.462069
95 0.500062 0.874138 0.990762 0.251724
75 0.501622 0.848851 0.989202 0.302299
53 0.337405 0.914368 0.67481 0.171264
53 0.503962 0.934483 0.97672 0.131034
67 0.500452 0.425 0.9775 0.572989
46 0.504743 0.83046 0.97984 0.33908
68 0.693862 0.893678 0.612277 0.212644
17 0.48797 0.443678 0.961897 0.526437
67 0.505133 0.744828 0.98062 0.510345
50 0.723178 0.435632 0.536728 0.466667
49 0.293913 0.913218 0.579245 0.173563
101 0.503962 0.934483 0.97672 0.131034
110 0.505133 0.744828 0.98062 0.510345
47 0.505133 0.744828 0.98062 0.510345
49 0.528926 0.882759 0.91587 0.234483
73 0.441552 0.914368 0.883104 0.171264
48 0.24301 0.918391 0.486019 0.163218
68 0.24301 0.918391 0.486019 0.163218
50 0.503962 0.934483 0.97672 0.131034
100 0.337405 0.914368 0.67481 0.171264
77 0.503962 0.934483 0.97672 0.131034
67 0.503962 0.934483 0.97672 0.131034
75 0.337405 0.914368 0.67481 0.171264
68 0.640582 0.928161 0.715962 0.143678
47 0.499282 0.415517 0.986081 0.831034
51 0.441552 0.914368 0.883104 0.171264
73 0.501622 0.848851 0.989202 0.302299
53 0.693862 0.893678 0.612277 0.212644
68 0.48758 0.59296 0.951756 0.547414
49 0.723178 0.435632 0.536728 0.466667
47 0.460665 0.494253 0.904168 0.417241
46 0.48953 0.892241 0.974379 0.215517
48 0.726299 0.420977 0.532047 0.439655
77 0.337405 0.914368 0.67481 0.171264
102 0.528926 0.882759 0.91587 0.234483
46 0.441552 0.914368 0.883104 0.171264
110 0.475098 0.913218 0.950195 0.173563
47 0.501622 0.848851 0.989202 0.302299
25 0.48797 0.443678 0.961897 0.526437
111 0.499282 0.478448 0.986081 0.462644
76 0.337405 0.914368 0.67481 0.171264
99 0.503962 0.934483 0.97672 0.131034
100 0.528926 0.882759 0.91587 0.234483
50 0.154953 0.911494 0.309906 0.177011
101 0.337405 0.914368 0.67481 0.171264
68 0.158658 0.926724 0.317317 0.146552
95 0.500062 0.936494 0.982961 0.127011
99 0.48758 0.59296 0.951756 0.547414
73 0.48953 0.892241 0.974379 0.215517
50 0.413078 0.539224 0.805872 0.447988
101 0.501622 0.53592 0.984521 0.497126
51 0.293913 0.913218 0.579245 0.173563
109 0.503962 0.934483 0.97672 0.131034
50 0.693862 0.893678 0.612277 0.212644
33 0.496941 0.351437 0.989202 0.702874
50 0.797485 0.427586 0.389674 0.451724
95 0.475098 0.913218 0.950195 0.173563
99 0.528926 0.882759 0.91587 0.234483
48 0.640582 0.928161 0.715962 0.143678
101 0.693862 0.893678 0.612277 0.212644
50 0.24301 0.918391 0.486019 0.163218
99 0.24301 0.918391 0.486019 0.163218
84 0.337405 0.914368 0.67481 0.171264
103 0.475098 0.913218 0.950195 0.173563
46 0.48758 0.59296 0.951756 0.547414
49 0.503962 0.934483 0.97672 0.131034
100 0.726299 0.420977 0.532047 0.439655
47 0.48953 0.892241 0.974379 0.215517
46 0.293913 0.913218 0.579245 0.173563
49 0.797485 0.427586 0.389674 0.451724
6 0.48797 0.443678 0.961897 0.526437
42 0.48797 0.443678 0.961897 0.526437
67 0.337405 0.914368 0.67481 0.171264
2 0.497721 0.367529 0.989202 0.686782
47 0.293913 0.913218 0.579245 0.173563
101 0.503572 0.665805 0.9775 0.668391
53 0.154953 0.911494 0.309906 0.177011
111 0.337405 0.914368 0.67481 0.171264
102 0.501622 0.53592 0.984521 0.497126
51 0.726299 0.420977 0.532047 0.439655
99 0.154953 0.911494 0.309906 0.177011
50 0.640582 0.928161 0.715962 0.143678
2 0.499282 0.478448 0.986081 0.462644
101 0.499282 0.415517 0.986081 0.831034
51 0.48953 0.892241 0.974379 0.215517
110 0.503962 0.934483 0.97672 0.131034
48 0.502792 0.623563 0.97594 0.752874
95 0.505133 0.744828 0.98062 0.510345
102 0.693862 0.893678 0.612277 0.212644
53 0.698152 0.936207 0.603695 0.127586
103 0.501622 0.848851 0.989202 0.302299
52 0.254712 0.911494 0.509423 0.177011
77 0.499282 0.415517 0.986081 0.831034
53 0.24301 0.918391 0.486019 0.163218
110 0.337405 0.914368 0.67481 0.171264
80 0.485239 0.908046 0.970479 0.183908
77 0.501622 0.53592 0.984521 0.497126
76 0.48758 0.59296 0.951756 0.547414
50 0.502792 0.623563 0.97594 0.752874
102 0.24301 0.918391 0.486019 0.163218
73 0.293913 0.913218 0.579245 0.173563
48 0.493431 0.272414 0.982181 0.544828
80 0.501622 0.848851 0.989202 0.302299
50 0.543749 0.404885 0.897147 0.433908
75 0.501622 0.53592 0.984521 0.497126
46 0.726299 0.420977 0.532047 0.439655
56 0.500062 0.874138 0.990762 0.251724
50 0.48641 0.209483 0.965018 0.418966
101 0.154953 0.911494 0.309906 0.177011
97 0.501622 0.848851 0.989202 0.302299
54 0.475098 0.913218 0.950195 0.173563
84 0.503962 0.934483 0.97672 0.131034
68 0.755102 0.941379 0.489797 0.117241
68 0.48641 0.209483 0.965018 0.418966
109 0.499282 0.415517 0.986081 0.831034
102 0.640582 0.928161 0.715962 0.143678
100 0.503962 0.934483 0.97672 0.131034
97 0.505133 0.744828 0.98062 0.510345
75 0.503962 0.934483 0.97672 0.131034
56 0.475098 0.913218 0.950195 0.173563
48 0.1217 0.938506 0.2434 0.122988
97 0.514104 0.439655 0.962677 0.534483
76 0.514104 0.439655 0.962677 0.534483
100 0.514104 0.439655 0.962677 0.534483
73 0.514104 0.439655 0.962677 0.534483
48 0.514104 0.439655 0.962677 0.534483
50 0.514104 0.439655 0.962677 0.534483
68 0.521515 0.464655 0.943174 0.498276
75 0.514104 0.439655 0.962677 0.534483
47 0.514104 0.439655 0.962677 0.534483
46 0.514104 0.439655 0.962677 0.534483
103 0.514884 0.455172 0.957997 0.508046
84 0.514494 0.468463 0.958777 0.49296
42 0.510984 0.406897 0.965798 0.588506
49 0.503962 0.433046 0.947075 0.547701
111 0.521515 0.464655 0.943174 0.498276
99 0.514104 0.439655 0.962677 0.534483
54 0.510984 0.406897 0.965798 0.588506
53 0.525026 0.457471 0.931472 0.504598
77 0.521515 0.464655 0.943174 0.498276
109 0.525026 0.457471 0.931472 0.504598
110 0.525026 0.457471 0.931472 0.504598
68 0.761014 0.918391 0.451694 0.163218
101 0.521515 0.464655 0.943174 0.498276
80 0.514884 0.455172 0.957997 0.508046
51 0.514104 0.439655 0.962677 0.534483
68 0.729419 0.865517 0.527366 0.268966
33 0.510984 0.406897 0.965798 0.588506
52 0.525026 0.457471 0.931472 0.504598
74 0.516444 0.464368 0.961117 0.503448
67 0.521515 0.464655 0.943174 0.498276
68 0.769986 0.816092 0.436871 0.367816
95 0.521515 0.464655 0.943174 0.498276
84 0.507083 0.371839 0.970479 0.633333
102 0.521515 0.464655 0.943174 0.498276
77 0.761014 0.918391 0.451694 0.163218
68 0.819134 0.900575 0.340136 0.198851
15 0.188401 0.894253 0.238719 0.16092
18 0.188401 0.894253 0.238719 0.16092
102 0.761014 0.918391 0.451694 0.163218
68 0.767645 0.986782 0.433751 0.0264367
101 0.761014 0.918391 0.451694 0.163218
68 0.640387 0.835632 0.710111 0.328736
109 0.761014 0.918391 0.451694 0.163218
66 0.516444 0.464368 0.961117 0.503448
26 0.188401 0.894253 0.238719 0.16092
13 0.188401 0.894253 0.238719 0.16092
110 0.761014 0.918391 0.451694 0.163218
102 0.729419 0.865517 0.527366 0.268966
77 0.729419 0.865517 0.527366 0.268966
68 0.67559 0.983046 0.625662 0.0339081
17 0.510984 0.406897 0.965798 0.588506
67 0.761014 0.918391 0.451694 0.163218
68 0.388113 0.901149 0.701335 0.197701
77 0.769986 0.816092 0.436871 0.367816
41 0.510984 0.406897 0.965798 0.588506
109 0.729419 0.865517 0.527366 0.268966
109 0.769986 0.816092 0.436871 0.367816
101 0.729419 0.865517 0.527366 0.268966
28 0.188401 0.894253 0.238719 0.16092
56 0.525026 0.457471 0.931472 0.504598
110 0.769986 0.816092 0.436871 0.367816
109 0.388113 0.901149 0.701335 0.197701
53 0.761014 0.918391 0.451694 0.163218
111 0.761014 0.918391 0.451694 0.163218
95 0.761014 0.918391 0.451694 0.163218
77 0.819134 0.900575 0.340136 0.198851
17 0.188401 0.894253 0.238719 0.16092
101 0.767645 0.986782 0.433751 0.0264367
33 0.201663 0.901149 0.219216 0.14023
102 0.769986 0.816092 0.436871 0.367816
101 0.819134 0.900575 0.340136 0.198851
7 0.193862 0.897126 0.229357 0.156322
101 0.769986 0.816092 0.436871 0.367816
95 0.388113 0.901149 0.701335 0.197701
111 0.769986 0.816092 0.436871 0.367816
68 0.508253 0.452227 0.971259 0.490948
111 0.504743 0.454885 0.982961 0.492529
48 0.516444 0.449425 0.961117 0.488506
77 0.506693 0.472989 0.97594 0.455172
67 0.508253 0.452227 0.971259 0.490948
101 0.506693 0.472989 0.97594 0.455172
109 0.508253 0.452227 0.971259 0.490948
53 0.504743 0.454885 0.982961 0.492529
49 0.516444 0.449425 0.961117 0.488506
102 0.506693 0.472989 0.97594 0.455172
47 0.516444 0.449425 0.961117 0.488506
50 0.504743 0.481897 0.972039 0.45
110 0.506693 0.472989 0.97594 0.455172
76 0.506303 0.45977 0.97828 0.494253
84 0.516444 0.449425 0.961117 0.488506
51 0.516444 0.449425 0.961117 0.488506
56 0.504743 0.454885 0.982961 0.492529
52 0.546418 0.445402 0.907165 0.488506
73 0.516444 0.449425 0.961117 0.488506
54 0.516444 0.449425 0.961117 0.488506
95 0.508253 0.452227 0.971259 0.490948
100 0.503962 0.481609 0.982961 0.465517
99 0.506303 0.45977 0.97828 0.494253
97 0.508253 0.452227 0.971259 0.490948
103 0.510593 0.45352 0.963457 0.498707
48 0.571053 0.386207 0.85346 0.368966
46 0.516444 0.449425 0.961117 0.488506
111 0.571053 0.386207 0.85346 0.368966
47 0.571053 0.386207 0.85346 0.368966
49 0.571053 0.386207 0.85346 0.368966
51 0.571053 0.386207 0.85346 0.368966
53 0.571053 0.386207 0.85346 0.368966
54 0.571053 0.386207 0.85346 0.368966
56 0.571053 0.386207 0.85346 0.368966
74 0.506693 0.472989 0.97594 0.455172
42 0.546418 0.445402 0.907165 0.488506
80 0.514884 0.450575 0.967358 0.490805
50 0.502402 0.456968 0.97984 0.503305
48 0.501622 0.449713 0.984521 0.528161
49 0.504743 0.452012 0.975159 0.513218
99 0.505133 0.447989 0.972819 0.527012
73 0.505133 0.447989 0.972819 0.527012
46 0.505133 0.447989 0.972819 0.527012
47 0.501622 0.449713 0.984521 0.528161
51 0.501622 0.449713 0.984521 0.528161
100 0.505133 0.447989 0.972819 0.527012
76 0.502402 0.456968 0.97984 0.503305
75 0.505523 0.457184 0.973599 0.508621
97 0.502402 0.456968 0.97984 0.503305
77 0.504743 0.452012 0.975159 0.513218
41 0.502402 0.456968 0.97984 0.503305
102 0.719216 0.951437 0.561568 0.0971264
84 0.501622 0.449713 0.984521 0.528161
103 0.505133 0.447989 0.972819 0.527012
53 0.501622 0.457543 0.984521 0.507902
101 0.504743 0.452012 0.975159 0.513218
111 0.501622 0.457543 0.984521 0.507902
110 0.504743 0.452012 0.975159 0.513218
48 0.510203 0.381897 0.967358 0.363793
54 0.505523 0.457184 0.973599 0.508621
102 0.637205 0.933908 0.72559 0.132184
101 0.719216 0.951437 0.561568 0.0971264
102 0.504743 0.452012 0.975159 0.513218
52 0.509423 0.456897 0.968918 0.517241
51 0.510203 0.381897 0.967358 0.363793
66 0.500842 0.470402 0.97984 0.486782
77 0.719216 0.951437 0.561568 0.0971264
68 0.719216 0.951437 0.561568 0.0971264
102 0.810296 0.926724 0.379409 0.146552
48 0.509033 0.44533 0.974379 0.513937
47 0.503962 0.445402 0.982961 0.518391
49 0.503962 0.445402 0.982961 0.518391
51 0.503962 0.445402 0.982961 0.518391
46 0.503962 0.445402 0.982961 0.518391
50 0.503962 0.445402 0.982961 0.518391
48 0.558961 0.383333 0.871402 0.35977
48 0.625662 0.441667 0.73488 0.47069
73 0.503962 0.445402 0.982961 0.518391
99 0.507473 0.443103 0.969698 0.517241
100 0.507473 0.443103 0.969698 0.517241
52 0.508253 0.452874 0.974379 0.502299
111 0.507473 0.443103 0.969698 0.517241
48 0.365295 0.435345 0.722008 0.516667
53 0.508253 0.452874 0.974379 0.502299
51 0.625662 0.441667 0.73488 0.47069
47 0.625662 0.441667 0.73488 0.47069
48 0.506693 0.447198 0.974379 0.506753
47 0.503182 0.464943 0.9814 0.483908
49 0.503182 0.464943 0.9814 0.483908
52 0.511764 0.45352 0.964238 0.497557
111 0.503182 0.464943 0.9814 0.483908
73 0.503182 0.464943 0.9814 0.483908
101 0.503182 0.464943 0.9814 0.483908
50 0.503182 0.464943 0.9814 0.483908
99 0.503182 0.464943 0.9814 0.483908
103 0.503182 0.464943 0.9814 0.483908
46 0.503182 0.464943 0.9814 0.483908
53 0.508643 0.457184 0.975159 0.492529
56 0.503182 0.464943 0.9814 0.483908
100 0.503182 0.464943 0.9814 0.483908
68 0.503182 0.464943 0.9814 0.483908
84 0.503182 0.464943 0.9814 0.483908
105 0.503182 0.464943 0.9814 0.483908
51 0.504743 0.458621 0.9814 0.487356
67 0.503182 0.464943 0.9814 0.483908
66 0.503182 0.464943 0.9814 0.483908
76 0.503182 0.464943 0.9814 0.483908
75 0.503182 0.464943 0.9814 0.483908
54 0.504743 0.458621 0.9814 0.487356
48 0.521125 0.44569 0.936153 0.499425
47 0.518005 0.443678 0.954876 0.494253
51 0.518005 0.443678 0.954876 0.494253
49 0.513714 0.445474 0.969698 0.490661
53 0.512544 0.446552 0.968918 0.497701
50 0.505523 0.461566 0.97828 0.459626
73 0.513714 0.445474 0.969698 0.490661
100 0.505523 0.461566 0.97828 0.459626
99 0.513714 0.445474 0.969698 0.490661
52 0.512544 0.446552 0.968918 0.497701
46 0.513714 0.445474 0.969698 0.490661
54 0.512544 0.446552 0.968918 0.497701
84 0.512544 0.446552 0.968918 0.497701
111 0.512544 0.446552 0.968918 0.497701
76 0.513714 0.445474 0.969698 0.490661
103 0.513714 0.445474 0.969698 0.490661
48 0.510142 0.449138 0.979717 0.497126
53 0.504743 0.450862 0.975159 0.497126
52 0.500452 0.451437 0.98062 0.493678
84 0.510142 0.449138 0.979717 0.497126
111 0.503901 0.459483 0.992199 0.476437
47 0.500452 0.451437 0.98062 0.493678
103 0.503901 0.459483 0.992199 0.476437
67 0.503901 0.459483 0.992199 0.476437
68 0.503901 0.459483 0.992199 0.476437
49 0.503901 0.459483 0.992199 0.476437
56 0.502402 0.464943 0.989202 0.481609
54 0.510142 0.449138 0.979717 0.497126
66 0.502402 0.464943 0.989202 0.481609
77 0.503901 0.459483 0.992199 0.476437
46 0.503901 0.459483 0.992199 0.476437
101 0.503901 0.459483 0.992199 0.476437
50 0.503901 0.459483 0.992199 0.476437
74 0.502402 0.464943 0.989202 0.481609
100 0.503901 0.459483 0.992199 0.476437
99 0.503901 0.459483 0.992199 0.476437
75 0.503901 0.459483 0.992199 0.476437
73 0.503901 0.459483 0.992199 0.476437
109 0.503901 0.459483 0.992199 0.476437
104 0.502402 0.464943 0.989202 0.481609
95 0.502402 0.464943 0.989202 0.481609
76 0.503901 0.459483 0.992199 0.476437
80 0.510142 0.449138 0.979717 0.497126
81 0.502402 0.464943 0.989202 0.481609
105 0.510142 0.449138 0.979717 0.497126
102 0.503901 0.459483 0.992199 0.476437
48 0.506303 0.455819 0.9814 0.507902
47 0.502012 0.457759 0.986861 0.500575
46 0.502012 0.457759 0.986861 0.500575
49 0.501622 0.459483 0.987641 0.501724
73 0.501622 0.459483 0.987641 0.501724
99 0.501622 0.459483 0.987641 0.501724
100 0.501622 0.459483 0.987641 0.501724
50 0.501622 0.459483 0.987641 0.501724
51 0.508643 0.45546 0.97672 0.507471
48 0.632293 0.449713 0.715377 0.492529
48 0.495381 0.439655 0.984521 0.532184
47 0.510984 0.450575 0.968918 0.503448
48 0.157976 0.901149 0.30815 0.177012
47 0.645068 0.448348 0.691388 0.487213
49 0.632293 0.449713 0.715377 0.492529
53 0.632293 0.449713 0.715377 0.492529
50 0.165582 0.895402 0.316342 0.172414
52 0.632293 0.449713 0.715377 0.492529
48 0.21161 0.902299 0.421659 0.187356
48 0.505523 0.441379 0.982961 0.518391
47 0.501622 0.445331 0.993882 0.516236
46 0.501622 0.445331 0.993882 0.516236
49 0.501622 0.445331 0.993882 0.516236
73 0.493041 0.433621 0.973599 0.539655
99 0.493041 0.433621 0.973599 0.539655
50 0.500842 0.440733 0.992322 0.520833
100 0.501622 0.445331 0.993882 0.516236
52 0.501622 0.445331 0.993882 0.516236
51 0.501622 0.445331 0.993882 0.516236
103 0.501622 0.445331 0.993882 0.516236
53 0.506693 0.44569 0.982181 0.518965
54 0.501622 0.445331 0.993882 0.516236
48 0.510142 0.448204 0.979717 0.503592
47 0.50312 0.442241 0.993759 0.518966
49 0.50312 0.442241 0.993759 0.518966
103 0.513262 0.451437 0.973476 0.499425
46 0.510142 0.448204 0.979717 0.503592
73 0.50312 0.442241 0.993759 0.518966
48 0.494601 0.45625 0.986081 0.505891
47 0.494211 0.459195 0.986861 0.497701
73 0.494211 0.459195 0.986861 0.497701
103 0.496161 0.457759 0.9814 0.507471
48 0.510593 0.464368 0.961897 0.518391
47 0.493041 0.451652 0.97984 0.518534
46 0.493041 0.451652 0.97984 0.518534
49 0.493041 0.451652 0.97984 0.518534
100 0.493041 0.451652 0.97984 0.518534
73 0.493041 0.451652 0.97984 0.518534
103 0.510593 0.464368 0.961897 0.518391
50 0.493041 0.451652 0.97984 0.518534
48 0.496941 0.451078 0.97984 0.517385
47 0.493821 0.44569 0.984521 0.524713
48 0.333505 0.45431 0.662328 0.487931
48 0.499282 0.450862 0.967358 0.505172
47 0.494601 0.449138 0.97984 0.506322
48 0.503962 0.453448 0.961117 0.510345
48 0.501232 0.878736 0.972819 0.242529
47 0.496161 0.443391 0.982961 0.525862
73 0.501232 0.878736 0.972819 0.242529
99 0.501232 0.878736 0.972819 0.242529
73 0.496161 0.443391 0.982961 0.525862
48 0.496161 0.952874 0.940834 0.0942529
48 0.507863 0.457471 0.959557 0.503448
47 0.496941 0.455172 0.9814 0.502299
48 0.500062 0.468678 0.987641 0.477586
47 0.505913 0.461494 0.971259 0.489655
103 0.505523 0.457399 0.97672 0.50819
48 0.509033 0.453161 0.97594 0.508621
48 0.496941 0.455747 0.993882 0.501149
47 0.4907 0.461494 0.9814 0.489655
52 0.497721 0.458908 0.993882 0.500575
48 0.503182 0.455172 0.959557 0.496552
48 0.504743 0.879023 0.967358 0.241954
48 0.486019 0.817241 0.972039 0.365517
48 0.486019 0.968966 0.914309 0.062069
48 0.504743 0.448851 0.967358 0.506897
48 0.506303 0.452299 0.968918 0.495402
48 0.507083 0.459195 0.970479 0.506897
48 0.508643 0.45431 0.973599 0.512069
14 0.503182 0.450287 0.984521 0.513218
48 0.511764 0.458333 0.968918 0.499425
52 0.508643 0.462644 0.973599 0.495402
48 0.508643 0.453448 0.97672 0.513793
48 0.508643 0.454598 0.967358 0.509195
48 0.507083 0.45625 0.968918 0.50704
48 0.509423 0.45352 0.968918 0.511351
48 0.508643 0.451221 0.968918 0.513649
48 0.508643 0.456034 0.964238 0.508621
48 0.509423 0.455747 0.972039 0.504598
48 0.510203 0.454598 0.967358 0.509195
14 0.49109 0.454023 0.969699 0.508046
48 0.507863 0.455819 0.967358 0.509052
48 0.505913 0.455101 0.98062 0.512787
48 0.504352 0.458908 0.965018 0.504023
48 0.500062 0.458908 0.987641 0.497126
15 0.79573 0.887356 0.333895 0.193103
19 0.79573 0.887356 0.333895 0.193103
49 0.500062 0.458908 0.987641 0.497126
48 0.499672 0.458333 0.988422 0.493678
48 0.497721 0.460057 0.986081 0.495977
48 0.504743 0.460057 0.964238 0.498276
48 0.377972 0.916092 0.73566 0.167816
48 0.253151 0.917529 0.481339 0.164943
99 0.377972 0.916092 0.73566 0.167816
48 0.223897 0.898851 0.418928 0.202299
76 0.377972 0.916092 0.73566 0.167816
50 0.377972 0.916092 0.73566 0.167816
73 0.377972 0.916092 0.73566 0.167816
48 0.497721 0.461782 0.986081 0.492529
48 0.448183 0.906322 0.891686 0.187356
48 0.319267 0.899425 0.638534 0.201149
15 0.79651 0.885058 0.329214 0.185057
99 0.448183 0.906322 0.891686 0.187356
48 0.507083 0.456968 0.970479 0.503305
48 0.499282 0.458333 0.987641 0.501724
48 0.503182 0.454526 0.962677 0.502443
47 0.48836 0.449425 0.967358 0.512644
48 0.497721 0.455747 0.982961 0.502299
48 0.499672 0.453448 0.988422 0.505747
48 0.499282 0.454023 0.989202 0.5
48 0.499282 0.45467 0.989202 0.498707
48 0.498501 0.453736 0.990762 0.504023
48 0.507863 0.453736 0.972039 0.506322
48 0.499282 0.452227 0.989202 0.50704
47 0.48914 0.453376 0.972039 0.50819
48 0.499282 0.455244 0.986081 0.499856
48 0.506693 0.454885 0.968138 0.500575
48 0.498502 0.457184 0.984521 0.492529
48 0.498111 0.458118 0.986861 0.487213
48 0.499282 0.456609 0.986081 0.494828
48 0.500062 0.454023 0.987641 0.498851
48 0.507863 0.452227 0.968918 0.500144
48 0.498502 0.454023 0.989202 0.498851
48 0.499282 0.45352 0.989202 0.499856
48 0.498892 0.45352 0.988422 0.499856
48 0.498501 0.453161 0.987641 0.501724
48 0.496941 0.45467 0.987642 0.499856
48 0.497331 0.455172 0.989982 0.5
48 0.497331 0.45431 0.991542 0.502874
48 0.501622 0.453161 0.97984 0.502874
48 0.501622 0.453736 0.97828 0.501724
48 0.500842 0.453448 0.97828 0.502299
48 0.500842 0.453161 0.97672 0.501724
48 0.502402 0.453448 0.97672 0.501149
48 0.496551 0.45467 0.989982 0.499856
48 0.496161 0.454598 0.990762 0.5
48 0.496161 0.454598 0.990762 0.5
48 0.496161 0.454598 0.990762 0.501149
48 0.495771 0.454885 0.989982 0.501724
48 0.495381 0.454598 0.989202 0.502299
48 0.495381 0.45431 0.989202 0.501724
48 0.496161 0.45431 0.989202 0.501724
48 0.496161 0.454095 0.989202 0.502155
48 0.496161 0.453736 0.989202 0.502874
48 0.496161 0.454023 0.989202 0.503448
48 0.496161 0.453736 0.989202 0.504023
48 0.496941 0.453736 0.989202 0.504023
48 0.496941 0.454023 0.989202 0.503448
48 0.496941 0.453736 0.989202 0.502874
48 0.496941 0.454095 0.989202 0.503305
48 0.496941 0.453736 0.989202 0.502874
48 0.497331 0.453736 0.989982 0.502874
48 0.497331 0.453736 0.989982 0.502874
48 0.497331 0.453736 0.989982 0.502874
48 0.497721 0.453448 0.989202 0.503448
48 0.497721 0.453448 0.989202 0.503448
48 0.497721 0.453448 0.989202 0.503448
48 0.497721 0.453448 0.989202 0.503448
48 0.505133 0.452945 0.971259 0.504454
48 0.505523 0.452874 0.970479 0.504598
48 0.505523 0.452874 0.970479 0.504598
48 0.505523 0.452874 0.970479 0.504598
48 0.505523 0.452586 0.970479 0.504023
48 0.506303 0.452586 0.970479 0.504023
48 0.506303 0.452586 0.970479 0.504023
48 0.505913 0.452586 0.969699 0.504023
48 0.505913 0.452371 0.969699 0.504454
48 0.505913 0.452371 0.969699 0.504454
48 0.506303 0.452586 0.968918 0.504023
48 0.506303 0.452586 0.968918 0.504023
48 0.506303 0.452586 0.968918 0.504023
48 0.506303 0.452586 0.968918 0.504023
48 0.506303 0.452371 0.968918 0.504454
48 0.506303 0.452371 0.968918 0.504454
48 0.506303 0.452371 0.970479 0.504454
48 0.506303 0.452371 0.970479 0.504454
48 0.506303 0.452371 0.970479 0.504454
48 0.506303 0.452371 0.970479 0.504454
48 0.506303 0.452371 0.970479 0.504454
48 0.506303 0.452371 0.970479 0.504454
48 0.506303 0.452299 0.970479 0.504598
48 0.506693 0.452299 0.971259 0.504598
48 0.506303 0.452586 0.972039 0.505172
48 0.506303 0.452299 0.972039 0.504598
48 0.506303 0.452299 0.972039 0.504598
48 0.506303 0.452586 0.972039 0.505172
48 0.506303 0.452299 0.972039 0.504598
48 0.506303 0.452586 0.972039 0.505172
48 0.506303 0.452586 0.972039 0.505172
48 0.506303 0.452586 0.972039 0.505172
48 0.506303 0.452299 0.972039 0.504598
48 0.506303 0.452299 0.972039 0.504598
48 0.506303 0.452299 0.972039 0.504598
48 0.506303 0.452299 0.972039 0.504598
48 0.506693 0.452299 0.971259 0.504598
48 0.506693 0.452299 0.971259 0.504598
48 0.506693 0.452586 0.971259 0.505172
48 0.507083 0.452299 0.970479 0.504598
48 0.499282 0.453161 0.989202 0.502874
48 0.499282 0.453161 0.989202 0.502874
48 0.498502 0.453161 0.989202 0.502874
48 0.499282 0.452945 0.989202 0.503305
48 0.499282 0.453161 0.989202 0.502874
48 0.499282 0.453161 0.989202 0.502874
48 0.499282 0.453161 0.989202 0.502874
48 0.499282 0.453161 0.989202 0.502874
48 0.499282 0.453161 0.989202 0.502874
48 0.499282 0.453161 0.989202 0.502874
48 0.499282 0.453161 0.989202 0.502874
48 0.507083 0.452299 0.970479 0.504598
48 0.507083 0.452299 0.970479 0.504598
48 0.507083 0.452299 0.970479 0.504598
48 0.507083 0.452299 0.970479 0.504598
48 0.499282 0.452874 0.989202 0.503448
48 0.507083 0.452299 0.970479 0.504598
48 0.499282 0.452874 0.989202 0.503448
48 0.499282 0.452874 0.989202 0.503448
48 0.499282 0.452874 0.989202 0.503448
48 0.499282 0.452802 0.989202 0.503592
48 0.499282 0.452802 0.989202 0.503592
48 0.499282 0.452586 0.989202 0.504023
48 0.499282 0.452586 0.989202 0.504023
48 0.499282 0.452586 0.989202 0.504023
48 0.499282 0.452586 0.989202 0.504023
48 0.499282 0.452586 0.989202 0.504023
48 0.499282 0.452586 0.989202 0.504023
48 0.499282 0.452371 0.989202 0.504454
48 0.499282 0.452371 0.989202 0.504454
48 0.499282 0.452299 0.989202 0.504598
48 0.499282 0.452371 0.989202 0.504454
48 0.499282 0.452371 0.989202 0.504454
48 0.499282 0.452299 0.989202 0.504598
48 0.499282 0.452299 0.989202 0.504598
48 0.499282 0.452299 0.989202 0.504598
48 0.499282 0.452299 0.989202 0.504598
48 0.499282 0.452299 0.989202 0.504598
48 0.499282 0.452299 0.989202 0.504598
48 0.499282 0.452299 0.989202 0.504598
48 0.499282 0.452299 0.989202 0.504598
48 0.499282 0.452227 0.989202 0.504741
48 0.499282 0.452371 0.989202 0.505603
48 0.499282 0.452299 0.989202 0.505747
48 0.499282 0.452299 0.989202 0.505747
48 0.499282 0.452227 0.989202 0.505891
48 0.498892 0.452012 0.988422 0.506322
48 0.499282 0.452227 0.987641 0.505891
48 0.498892 0.452012 0.988422 0.506322
48 0.498892 0.452012 0.988422 0.506322
48 0.498892 0.452012 0.988422 0.506322
48 0.498892 0.452012 0.988422 0.506322
48 0.498892 0.452012 0.988422 0.506322
48 0.498501 0.452012 0.987641 0.506322
48 0.498892 0.452012 0.988422 0.506322
48 0.498501 0.452012 0.987641 0.506322
48 0.498501 0.452012 0.987641 0.506322
48 0.498501 0.452227 0.987641 0.505891
48 0.498501 0.452227 0.987641 0.505891
48 0.498501 0.452299 0.987641 0.505747
48 0.498501 0.452586 0.987641 0.506322
48 0.498501 0.452586 0.987641 0.506322
48 0.498501 0.452299 0.987641 0.505747
48 0.498501 0.452586 0.987641 0.506322
48 0.498501 0.452586 0.987641 0.506322
48 0.498501 0.452586 0.987641 0.506322
48 0.498501 0.452586 0.987641 0.506322
48 0.498501 0.452586 0.987641 0.506322
48 0.498501 0.452586 0.987641 0.506322
48 0.498501 0.452371 0.987641 0.506753
48 0.498501 0.452371 0.987641 0.506753
48 0.498501 0.452299 0.987641 0.506897
48 0.498501 0.452371 0.987641 0.506753
48 0.498501 0.452371 0.987641 0.506753
48 0.498501 0.452371 0.987641 0.506753
48 0.498501 0.452371 0.987641 0.506753
48 0.498501 0.452371 0.987641 0.506753
48 0.498501 0.452299 0.987641 0.506897
48 0.498501 0.452371 0.987641 0.506753
48 0.498501 0.452371 0.987641 0.506753
48 0.498501 0.452371 0.987641 0.506753
48 0.498501 0.452586 0.987641 0.506322
48 0.498501 0.452586 0.987641 0.506322
48 0.498501 0.452586 0.987641 0.506322
48 0.498501 0.452586 0.987641 0.506322
48 0.498892 0.452586 0.986861 0.506322
48 0.498892 0.452586 0.986861 0.506322
48 0.498892 0.452586 0.986861 0.506322
48 0.498892 0.452802 0.986861 0.505891
48 0.498501 0.452874 0.987641 0.505747
48 0.498892 0.452874 0.986861 0.505747
48 0.498501 0.452874 0.987641 0.505747
48 0.498501 0.452874 0.987641 0.505747
48 0.498892 0.452874 0.986861 0.505747
48 0.498502 0.452874 0.986081 0.505747
48 0.498502 0.452874 0.986081 0.505747
48 0.498502 0.452874 0.986081 0.505747
48 0.498502 0.452945 0.986081 0.505603
48 0.498501 0.452945 0.987641 0.505603
48 0.498502 0.453376 0.986081 0.505891
48 0.498502 0.453376 0.986081 0.505891
48 0.498502 0.453161 0.986081 0.506322
48 0.498502 0.453161 0.986081 0.506322
48 0.498502 0.453161 0.986081 0.506322
48 0.498502 0.453161 0.986081 0.506322
48 0.498502 0.453448 0.986081 0.505747
48 0.498111 0.453448 0.986861 0.505747
48 0.497721 0.453448 0.986081 0.505747
48 0.498502 0.453448 0.986081 0.505747
48 0.497721 0.453448 0.986081 0.505747
48 0.497721 0.453448 0.986081 0.505747
48 0.497721 0.453736 0.986081 0.505172
48 0.497721 0.453736 0.986081 0.505172
48 0.497721 0.453736 0.986081 0.505172
48 0.497721 0.453736 0.986081 0.505172
48 0.497721 0.453736 0.986081 0.505172
48 0.497721 0.453736 0.986081 0.505172
48 0.497721 0.454023 0.986081 0.504598
48 0.497721 0.454023 0.986081 0.504598
48 0.497721 0.454023 0.986081 0.504598
48 0.497721 0.454023 0.986081 0.504598
48 0.497721 0.454023 0.986081 0.504598
48 0.497721 0.454023 0.986081 0.504598
48 0.497721 0.454023 0.986081 0.504598
48 0.497721 0.454023 0.986081 0.504598
48 0.497721 0.454023 0.986081 0.504598
48 0.497721 0.454023 0.986081 0.504598
48 0.497721 0.454095 0.986081 0.504454
48 0.497721 0.454095 0.986081 0.504454
48 0.497721 0.45431 0.986081 0.504023
48 0.497721 0.45431 0.986081 0.504023
48 0.497721 0.45431 0.986081 0.504023
48 0.497721 0.45431 0.986081 0.504023
48 0.497721 0.45431 0.986081 0.504023
48 0.504743 0.452874 0.970479 0.508046
48 0.504743 0.452874 0.970479 0.508046
48 0.504743 0.452874 0.970479 0.508046
48 0.504743 0.452874 0.970479 0.508046
48 0.504743 0.452874 0.970479 0.508046
48 0.504743 0.452874 0.970479 0.508046
48 0.504743 0.452874 0.970479 0.508046
48 0.504743 0.452874 0.970479 0.508046
48 0.504743 0.452874 0.970479 0.508046
48 0.504743 0.452874 0.970479 0.508046
48 0.503962 0.452874 0.970479 0.508046
48 0.504743 0.452874 0.970479 0.508046
48 0.503962 0.452874 0.970479 0.508046
48 0.503962 0.452874 0.970479 0.508046
48 0.503962 0.452874 0.970479 0.508046
48 0.503962 0.452874 0.970479 0.508046
48 0.503962 0.452874 0.970479 0.508046
48 0.503962 0.452874 0.970479 0.508046
48 0.503962 0.452874 0.970479 0.508046
48 0.503962 0.452874 0.970479 0.508046
48 0.503962 0.452874 0.970479 0.508046
48 0.503962 0.452874 0.970479 0.508046
48 0.503962 0.452874 0.970479 0.508046
48 0.503572 0.452945 0.971259 0.507902
48 0.503572 0.453161 0.971259 0.507471
48 0.503572 0.452945 0.971259 0.507902
48 0.503182 0.453161 0.972039 0.507471
48 0.503182 0.453161 0.972039 0.507471
48 0.498501 0.452299 0.987641 0.505747
