48 0.503962 0.47069 0.97672 0.555172
53 0.499672 0.48046 0.958777 0.537931
79 0.503962 0.47069 0.97672 0.555172
95 0.499672 0.48046 0.958777 0.537931
56 0.499672 0.48046 0.958777 0.537931
49 0.499672 0.48046 0.958777 0.537931
84 0.499672 0.48046 0.958777 0.537931
74 0.503962 0.47069 0.97672 0.555172
54 0.503962 0.469612 0.973599 0.556178
104 0.503962 0.47069 0.97672 0.555172
111 0.499672 0.48046 0.958777 0.537931
103 0.503962 0.47069 0.97672 0.555172
17 0.499672 0.48046 0.958777 0.537931
50 0.507473 0.454023 0.97594 0.598851
109 0.503962 0.47069 0.97672 0.555172
68 0.503962 0.47069 0.97672 0.555172
75 0.505523 0.458621 0.970479 0.585058
110 0.499672 0.48046 0.958777 0.537931
105 0.505523 0.449138 0.97672 0.608621
46 0.503962 0.47069 0.97672 0.555172
67 0.498892 0.477874 0.957216 0.539655
73 0.504743 0.472126 0.97984 0.555747
101 0.503962 0.47069 0.97672 0.555172
77 0.503962 0.47069 0.97672 0.555172
81 0.498892 0.477874 0.957216 0.539655
76 0.499672 0.48046 0.958777 0.537931
97 0.503962 0.47069 0.97672 0.555172
51 0.499672 0.48046 0.958777 0.537931
100 0.499672 0.48046 0.958777 0.537931
80 0.503962 0.47069 0.97672 0.555172
78 0.499672 0.48046 0.958777 0.537931
42 0.499672 0.48046 0.958777 0.537931
33 0.499672 0.48046 0.958777 0.537931
66 0.507863 0.493966 0.975159 0.523563
41 0.498892 0.477874 0.957216 0.539655
11 0.499672 0.48046 0.958777 0.537931
48 0.49109 0.552874 0.972819 0.409195
79 0.49109 0.552874 0.972819 0.409195
47 0.502402 0.45977 0.975159 0.596552
21 0.499672 0.48046 0.958777 0.537931
0 0.499672 0.48046 0.958777 0.537931
14 0.499672 0.48046 0.958777 0.537931
31 0.498892 0.477874 0.957216 0.539655
108 0.498892 0.477874 0.957216 0.539655
99 0.504743 0.490805 0.965798 0.511494
74 0.49109 0.552874 0.972819 0.409195
12 0.499672 0.48046 0.958777 0.537931
102 0.503962 0.47069 0.97672 0.555172
34 0.503962 0.47069 0.97672 0.555172
38 0.499672 0.48046 0.958777 0.537931
109 0.49109 0.552874 0.972819 0.409195
16 0.503962 0.47069 0.97672 0.555172
54 0.49109 0.552874 0.972819 0.409195
15 0.503962 0.47069 0.97672 0.555172
5 0.503962 0.47069 0.97672 0.555172
75 0.49109 0.552874 0.972819 0.409195
28 0.503962 0.47069 0.97672 0.555172
104 0.49109 0.552874 0.972819 0.409195
47 0.498892 0.541523 0.957216 0.418103
94 0.507863 0.493966 0.975159 0.523563
49 0.463786 0.562213 0.91665 0.397414
72 0.504743 0.472126 0.97984 0.555747
4 0.505523 0.449138 0.97672 0.608621
46 0.49109 0.552874 0.972819 0.409195
95 0.463786 0.562213 0.91665 0.397414
50 0.49109 0.552874 0.972819 0.409195
7 0.499672 0.48046 0.958777 0.537931
105 0.49109 0.552874 0.972819 0.409195
50 0.504743 0.374425 0.975159 0.405172
53 0.463786 0.562213 0.91665 0.397414
13 0.505523 0.449138 0.97672 0.608621
97 0.49109 0.552874 0.972819 0.409195
52 0.504743 0.472126 0.97984 0.555747
65 0.507473 0.454023 0.97594 0.598851
80 0.49109 0.552874 0.972819 0.409195
77 0.49109 0.552874 0.972819 0.409195
101 0.49109 0.552874 0.972819 0.409195
42 0.463786 0.562213 0.91665 0.397414
75 0.504743 0.374425 0.975159 0.405172
78 0.504743 0.374425 0.975159 0.405172
48 0.503182 0.483836 0.968918 0.541523
111 0.496551 0.481897 0.957217 0.543103
101 0.503182 0.483836 0.968918 0.541523
46 0.503182 0.483836 0.968918 0.541523
50 0.503182 0.483836 0.968918 0.541523
68 0.496551 0.481897 0.957217 0.543103
109 0.496551 0.481897 0.957217 0.543103
99 0.503182 0.483836 0.968918 0.541523
103 0.496551 0.481897 0.957217 0.543103
102 0.503182 0.483836 0.968918 0.541523
110 0.503182 0.483836 0.968918 0.541523
56 0.496551 0.481897 0.957217 0.543103
95 0.496551 0.481897 0.957217 0.543103
67 0.503182 0.483836 0.968918 0.541523
75 0.503182 0.483836 0.968918 0.541523
54 0.503182 0.483836 0.968918 0.541523
77 0.503182 0.483836 0.968918 0.541523
100 0.503182 0.483836 0.968918 0.541523
53 0.496551 0.481897 0.957217 0.543103
73 0.503182 0.483836 0.968918 0.541523
49 0.503182 0.483836 0.968918 0.541523
80 0.496551 0.481897 0.957217 0.543103
52 0.496551 0.481897 0.957217 0.543103
84 0.503182 0.483836 0.968918 0.541523
47 0.503182 0.483836 0.968918 0.541523
66 0.496551 0.481897 0.957217 0.543103
76 0.496551 0.481897 0.957217 0.543103
104 0.503182 0.483836 0.968918 0.541523
51 0.503182 0.483836 0.968918 0.541523
105 0.496551 0.481897 0.957217 0.543103
108 0.494601 0.478736 0.973599 0.554023
97 0.496551 0.481897 0.957217 0.543103
81 0.496551 0.481897 0.957217 0.543103
74 0.494601 0.478736 0.973599 0.554023
41 0.503182 0.483836 0.968918 0.541523
78 0.465736 0.470762 0.912749 0.582615
42 0.496551 0.481897 0.957217 0.543103
17 0.496551 0.481897 0.957217 0.543103
105 0.335065 0.502227 0.649066 0.530029
95 0.335065 0.502227 0.649066 0.530029
79 0.465736 0.470762 0.912749 0.582615
79 0.335065 0.502227 0.649066 0.530029
108 0.235794 0.478089 0.454424 0.579454
111 0.235794 0.478089 0.454424 0.579454
111 0.335065 0.502227 0.649066 0.530029
48 0.335065 0.502227 0.649066 0.530029
38 0.503182 0.483836 0.968918 0.541523
104 0.335065 0.502227 0.649066 0.530029
56 0.335065 0.502227 0.649066 0.530029
104 0.235794 0.478089 0.454424 0.579454
95 0.235794 0.478089 0.454424 0.579454
66 0.335065 0.502227 0.649066 0.530029
48 0.235794 0.478089 0.454424 0.579454
108 0.335065 0.502227 0.649066 0.530029
48 0.497331 0.382759 0.9775 0.765517
51 0.497331 0.382759 0.9775 0.765517
50 0.500842 0.434483 0.972039 0.647126
46 0.497331 0.382759 0.9775 0.765517
49 0.497331 0.382759 0.9775 0.765517
48 0.48992 0.549282 0.950195 0.411782
100 0.497331 0.382759 0.9775 0.765517
99 0.497331 0.382759 0.9775 0.765517
50 0.48992 0.549282 0.950195 0.411782
75 0.497331 0.382759 0.9775 0.765517
68 0.500842 0.434483 0.972039 0.647126
73 0.497331 0.382759 0.9775 0.765517
84 0.496941 0.386782 0.989202 0.758621
47 0.497331 0.382759 0.9775 0.765517
49 0.48992 0.549282 0.950195 0.411782
53 0.497331 0.382759 0.9775 0.765517
76 0.497331 0.382759 0.9775 0.765517
100 0.48992 0.549282 0.950195 0.411782
52 0.496941 0.386782 0.989202 0.758621
68 0.48992 0.549282 0.950195 0.411782
51 0.48992 0.549282 0.950195 0.411782
99 0.48992 0.549282 0.950195 0.411782
111 0.496941 0.386782 0.989202 0.758621
77 0.500842 0.434483 0.972039 0.647126
101 0.500842 0.434483 0.972039 0.647126
109 0.497331 0.382759 0.9775 0.765517
46 0.48992 0.549282 0.950195 0.411782
102 0.500842 0.434483 0.972039 0.647126
76 0.48992 0.549282 0.950195 0.411782
97 0.496941 0.386782 0.989202 0.758621
101 0.48992 0.549282 0.950195 0.411782
109 0.48992 0.549282 0.950195 0.411782
110 0.503182 0.437931 0.975159 0.631034
53 0.48992 0.549282 0.950195 0.411782
73 0.48992 0.549282 0.950195 0.411782
111 0.48992 0.549282 0.950195 0.411782
67 0.500842 0.434483 0.972039 0.647126
95 0.49226 0.401437 0.984521 0.737356
77 0.48992 0.549282 0.950195 0.411782
56 0.49226 0.401437 0.984521 0.737356
110 0.48992 0.549282 0.950195 0.411782
47 0.48992 0.549282 0.950195 0.411782
102 0.48992 0.549282 0.950195 0.411782
75 0.48992 0.549282 0.950195 0.411782
17 0.496941 0.386782 0.989202 0.758621
84 0.48992 0.549282 0.950195 0.411782
52 0.48992 0.549282 0.950195 0.411782
67 0.48992 0.549282 0.950195 0.411782
80 0.496941 0.386782 0.989202 0.758621
97 0.48992 0.549282 0.950195 0.411782
2 0.501622 0.381609 0.97672 0.751724
6 0.501622 0.381609 0.97672 0.751724
33 0.497721 0.366954 0.97672 0.733908
54 0.49226 0.401437 0.984521 0.737356
110 0.496941 0.43908 0.975159 0.878161
68 0.497721 0.783908 0.989202 0.432184
25 0.501622 0.381609 0.97672 0.751724
68 0.48758 0.858046 0.959557 0.283908
17 0.48992 0.549282 0.950195 0.411782
105 0.492651 0.39569 0.985301 0.721264
81 0.492651 0.39569 0.985301 0.721264
95 0.48992 0.549282 0.950195 0.411782
15 0.497331 0.382759 0.9775 0.765517
68 0.500452 0.286494 0.97594 0.572989
103 0.501622 0.381609 0.97672 0.751724
28 0.496941 0.386782 0.989202 0.758621
6 0.48992 0.549282 0.950195 0.411782
48 0.497721 0.783908 0.989202 0.432184
74 0.496161 0.425862 0.973599 0.851724
4 0.879984 0.150718 0.234038 0.118103
0 0.36627 0.642529 0.345596 0.206897
108 0.492651 0.39569 0.985301 0.721264
48 0.48758 0.858046 0.959557 0.283908
78 0.500452 0.286494 0.97594 0.572989
53 0.497721 0.783908 0.989202 0.432184
68 0.502402 0.48477 0.97984 0.528161
95 0.502402 0.48477 0.97984 0.528161
84 0.502402 0.48477 0.97984 0.528161
103 0.502402 0.48477 0.97984 0.528161
111 0.502402 0.48477 0.97984 0.528161
53 0.504743 0.463506 0.97672 0.559195
109 0.502402 0.48477 0.97984 0.528161
67 0.502402 0.48477 0.97984 0.528161
56 0.502402 0.48477 0.97984 0.528161
77 0.502402 0.48477 0.97984 0.528161
110 0.502402 0.48477 0.97984 0.528161
101 0.502402 0.48477 0.97984 0.528161
97 0.504743 0.463506 0.97672 0.559195
48 0.497331 0.455747 0.955656 0.573563
47 0.497331 0.455747 0.955656 0.573563
73 0.497331 0.455747 0.955656 0.573563
76 0.504743 0.463506 0.97672 0.559195
102 0.502402 0.48477 0.97984 0.528161
52 0.504743 0.463506 0.97672 0.559195
99 0.497331 0.455747 0.955656 0.573563
80 0.504743 0.463506 0.97672 0.559195
100 0.504743 0.463506 0.97672 0.559195
104 0.502402 0.48477 0.97984 0.528161
95 0.594395 0.455747 0.811209 0.725287
42 0.502012 0.436207 0.965018 0.603448
46 0.504743 0.463506 0.97672 0.559195
54 0.502012 0.436207 0.965018 0.603448
68 0.565921 0.432471 0.868158 0.682184
74 0.497721 0.458046 0.957997 0.582759
105 0.502402 0.48477 0.97984 0.528161
75 0.474318 0.45625 0.908068 0.582902
50 0.504743 0.463506 0.97672 0.559195
109 0.565921 0.432471 0.868158 0.682184
84 0.565921 0.432471 0.868158 0.682184
67 0.565921 0.432471 0.868158 0.682184
95 0.712585 0.452874 0.574831 0.698851
74 0.594395 0.455747 0.811209 0.725287
77 0.565921 0.432471 0.868158 0.682184
103 0.565921 0.432471 0.868158 0.682184
49 0.497331 0.455747 0.955656 0.573563
101 0.565921 0.432471 0.868158 0.682184
81 0.502402 0.48477 0.97984 0.528161
110 0.565921 0.432471 0.868158 0.682184
66 0.462616 0.485058 0.884665 0.552874
104 0.594395 0.455747 0.811209 0.725287
103 0.415418 0.430172 0.799631 0.627011
68 0.665777 0.508046 0.668446 0.878161
51 0.497331 0.455747 0.955656 0.573563
68 0.712585 0.452874 0.574831 0.698851
68 0.536728 0.546552 0.879984 0.432184
84 0.665777 0.508046 0.668446 0.878161
56 0.594395 0.455747 0.811209 0.725287
97 0.597906 0.431609 0.804188 0.77931
17 0.502402 0.48477 0.97984 0.528161
109 0.665777 0.508046 0.668446 0.878161
105 0.672311 0.429023 0.655379 0.663793
68 0.496161 0.64727 0.948635 0.227299
109 0.712585 0.452874 0.574831 0.698851
101 0.665777 0.508046 0.668446 0.878161
67 0.712585 0.452874 0.574831 0.698851
67 0.665777 0.508046 0.668446 0.878161
84 0.415418 0.430172 0.799631 0.627011
53 0.594395 0.455747 0.811209 0.725287
68 0.415418 0.430172 0.799631 0.627011
84 0.712585 0.452874 0.574831 0.698851
103 0.665777 0.508046 0.668446 0.878161
77 0.712585 0.452874 0.574831 0.698851
97 0.450524 0.389655 0.851119 0.550575
103 0.712585 0.452874 0.574831 0.698851
68 0.747752 0.989943 0.484459 0.0201149
68 0.845463 0.988218 0.296839 0.0235632
56 0.712585 0.452874 0.574831 0.698851
68 0.399815 0.522126 0.777787 0.493678
77 0.665777 0.508046 0.668446 0.878161
74 0.712585 0.452874 0.574831 0.698851
56 0.504743 0.445402 0.97672 0.624138
95 0.506303 0.483405 0.975159 0.559626
104 0.506303 0.483405 0.975159 0.559626
84 0.500842 0.441954 0.987641 0.645977
103 0.504743 0.445402 0.97672 0.624138
53 0.500842 0.441954 0.987641 0.645977
111 0.514884 0.434483 0.964238 0.634483
105 0.505523 0.456322 0.970479 0.610345
67 0.504743 0.445402 0.97672 0.624138
79 0.506303 0.483405 0.975159 0.559626
54 0.503572 0.440805 0.983741 0.624138
68 0.505523 0.456322 0.970479 0.610345
80 0.500842 0.441954 0.987641 0.645977
52 0.514884 0.434483 0.964238 0.634483
48 0.514884 0.434483 0.964238 0.634483
81 0.506303 0.483405 0.975159 0.559626
108 0.506303 0.483405 0.975159 0.559626
109 0.504743 0.445402 0.97672 0.624138
111 0.539787 0.31954 0.920427 0.411494
53 0.539787 0.31954 0.920427 0.411494
49 0.514884 0.434483 0.964238 0.634483
47 0.514884 0.434483 0.964238 0.634483
97 0.510984 0.439943 0.968918 0.655747
56 0.539787 0.31954 0.920427 0.411494
78 0.503572 0.440805 0.983741 0.624138
52 0.539787 0.31954 0.920427 0.411494
84 0.539787 0.31954 0.920427 0.411494
67 0.539787 0.31954 0.920427 0.411494
110 0.504743 0.445402 0.97672 0.624138
48 0.539787 0.31954 0.920427 0.411494
77 0.514884 0.434483 0.964238 0.634483
54 0.539787 0.31954 0.920427 0.411494
51 0.514884 0.434483 0.964238 0.634483
17 0.506303 0.483405 0.975159 0.559626
73 0.514884 0.434483 0.964238 0.634483
101 0.504743 0.445402 0.97672 0.624138
42 0.503572 0.440805 0.983741 0.624138
47 0.539787 0.31954 0.920427 0.411494
76 0.503572 0.440805 0.983741 0.624138
49 0.539787 0.31954 0.920427 0.411494
109 0.539787 0.31954 0.920427 0.411494
41 0.504352 0.455747 0.97906 0.591954
68 0.539787 0.31954 0.920427 0.411494
95 0.514104 0.358908 0.967358 0.471839
77 0.539787 0.31954 0.920427 0.411494
56 0.654075 0.421839 0.69185 0.627586
100 0.514884 0.434483 0.964238 0.634483
51 0.539787 0.31954 0.920427 0.411494
68 0.511374 0.555172 0.957217 0.441379
78 0.539787 0.31954 0.920427 0.411494
95 0.628331 0.434483 0.743338 0.652874
66 0.506303 0.483405 0.975159 0.559626
111 0.508643 0.451724 0.968918 0.625287
77 0.510203 0.450575 0.964238 0.62069
84 0.508643 0.451724 0.968918 0.625287
68 0.506303 0.460345 0.975159 0.609195
67 0.508643 0.451724 0.968918 0.625287
101 0.506303 0.445115 0.975159 0.633908
109 0.506303 0.460345 0.975159 0.609195
99 0.510203 0.450575 0.964238 0.62069
103 0.506303 0.460345 0.975159 0.609195
53 0.500062 0.442529 0.984521 0.636782
48 0.510203 0.450575 0.964238 0.62069
102 0.506303 0.451437 0.972039 0.616667
49 0.506303 0.445115 0.975159 0.633908
50 0.506303 0.445115 0.975159 0.633908
110 0.510203 0.450575 0.964238 0.62069
95 0.506303 0.460345 0.975159 0.609195
73 0.510203 0.450575 0.964238 0.62069
47 0.510203 0.450575 0.964238 0.62069
51 0.506303 0.445115 0.975159 0.633908
52 0.500062 0.442529 0.984521 0.636782
56 0.506303 0.460345 0.975159 0.609195
76 0.510203 0.450575 0.964238 0.62069
100 0.510203 0.450575 0.964238 0.62069
97 0.508643 0.451724 0.968918 0.625287
46 0.510203 0.450575 0.964238 0.62069
102 0.504352 0.620546 0.950975 0.280747
54 0.508643 0.451724 0.968918 0.625287
68 0.500452 0.573563 0.958777 0.366667
52 0.730528 0.441092 0.538945 0.643103
95 0.730528 0.441092 0.538945 0.643103
75 0.506303 0.460345 0.975159 0.609195
102 0.502792 0.817241 0.966578 0.365517
111 0.511764 0.448563 0.970479 0.62931
109 0.506693 0.457543 0.971259 0.586063
84 0.499672 0.440805 0.985301 0.642529
67 0.507083 0.458046 0.973599 0.609195
68 0.506693 0.457543 0.971259 0.586063
101 0.507083 0.458046 0.973599 0.609195
103 0.499282 0.490517 0.957997 0.517816
95 0.506693 0.457543 0.971259 0.586063
56 0.499282 0.490517 0.957997 0.517816
97 0.499672 0.440805 0.985301 0.642529
77 0.507083 0.458046 0.973599 0.609195
102 0.507083 0.458046 0.973599 0.609195
52 0.503182 0.438506 0.982961 0.621839
48 0.507083 0.458046 0.973599 0.609195
99 0.511764 0.448563 0.970479 0.62931
110 0.511764 0.448563 0.970479 0.62931
53 0.503182 0.438506 0.982961 0.621839
73 0.511764 0.448563 0.970479 0.62931
76 0.511764 0.448563 0.970479 0.62931
46 0.511764 0.448563 0.970479 0.62931
47 0.511764 0.448563 0.970479 0.62931
100 0.506693 0.457543 0.971259 0.586063
51 0.511764 0.436207 0.973599 0.642529
49 0.507083 0.458046 0.973599 0.609195
75 0.499282 0.490517 0.957997 0.517816
54 0.499672 0.440805 0.985301 0.642529
103 0.492651 0.455172 0.971259 0.594253
56 0.507083 0.440517 0.97672 0.625862
84 0.506303 0.445977 0.97984 0.62069
95 0.507083 0.440517 0.97672 0.625862
52 0.507083 0.439368 0.97672 0.63046
68 0.500842 0.436494 0.984521 0.628161
111 0.500842 0.436494 0.984521 0.628161
109 0.492651 0.455172 0.971259 0.594253
97 0.507083 0.439368 0.97672 0.63046
67 0.500842 0.436494 0.984521 0.628161
53 0.506303 0.45 0.97828 0.604598
105 0.500842 0.436494 0.984521 0.628161
101 0.500842 0.436494 0.984521 0.628161
75 0.492651 0.455172 0.971259 0.594253
33 0.507083 0.439368 0.97672 0.63046
48 0.495381 0.461207 0.970479 0.600575
54 0.507083 0.439368 0.97672 0.63046
80 0.502012 0.452299 0.98062 0.617241
76 0.492651 0.455172 0.971259 0.594253
77 0.500842 0.436494 0.984521 0.628161
103 0.508643 0.479239 0.970479 0.563362
56 0.508643 0.479239 0.970479 0.563362
84 0.508643 0.459483 0.97672 0.602874
95 0.508643 0.479239 0.970479 0.563362
97 0.515993 0.431034 0.968015 0.655172
109 0.513262 0.447414 0.973476 0.633908
111 0.513652 0.444253 0.972696 0.631034
67 0.508643 0.459483 0.97672 0.602874
68 0.509423 0.463506 0.972039 0.597126
101 0.513262 0.447414 0.973476 0.633908
48 0.509423 0.463506 0.972039 0.597126
104 0.508643 0.479239 0.970479 0.563362
73 0.508643 0.459483 0.97672 0.602874
75 0.508643 0.479239 0.970479 0.563362
110 0.513652 0.444253 0.972696 0.631034
41 0.513262 0.447414 0.973476 0.633908
33 0.513262 0.447414 0.973476 0.633908
99 0.508643 0.459483 0.97672 0.602874
76 0.508643 0.459483 0.97672 0.602874
77 0.513652 0.444253 0.972696 0.631034
53 0.507863 0.421839 0.973599 0.644828
17 0.508643 0.479239 0.970479 0.563362
54 0.508643 0.479239 0.970479 0.563362
74 0.508643 0.479239 0.970479 0.563362
100 0.508643 0.459483 0.97672 0.602874
52 0.517163 0.425287 0.965674 0.654023
84 0.530035 0.361782 0.93993 0.533908
28 0.507863 0.445977 0.975159 0.652874
66 0.508643 0.479239 0.970479 0.563362
47 0.508643 0.459483 0.97672 0.602874
105 0.508643 0.479239 0.970479 0.563362
15 0.507863 0.445977 0.975159 0.652874
51 0.507863 0.421839 0.973599 0.644828
12 0.515993 0.431034 0.968015 0.655172
6 0.507863 0.445977 0.975159 0.652874
21 0.507863 0.445977 0.975159 0.652874
79 0.508971 0.479239 0.982057 0.577155
1 0.515993 0.431034 0.968015 0.655172
80 0.508643 0.479239 0.970479 0.563362
97 0.554671 0.336207 0.889345 0.470115
102 0.513262 0.447414 0.973476 0.633908
46 0.512482 0.437069 0.975036 0.617816
111 0.512482 0.421264 0.975036 0.67931
84 0.508191 0.432471 0.983617 0.663793
56 0.512482 0.421264 0.975036 0.67931
109 0.511702 0.439655 0.976596 0.647126
95 0.511702 0.439655 0.976596 0.647126
97 0.510142 0.43592 0.979717 0.663793
67 0.511702 0.439655 0.976596 0.647126
110 0.508191 0.432471 0.983617 0.663793
68 0.516383 0.446552 0.967235 0.626437
101 0.511702 0.439655 0.976596 0.647126
77 0.511702 0.439655 0.976596 0.647126
52 0.507411 0.433908 0.985178 0.664368
53 0.507411 0.433908 0.985178 0.664368
103 0.508643 0.474784 0.964238 0.571121
102 0.511702 0.439655 0.976596 0.647126
47 0.505461 0.433333 0.989078 0.662069
48 0.512482 0.421264 0.975036 0.67931
75 0.508643 0.474784 0.964238 0.571121
54 0.510922 0.438506 0.978156 0.644828
109 0.510203 0.431897 0.973599 0.661494
84 0.510203 0.431897 0.973599 0.661494
75 0.500842 0.490517 0.948635 0.535057
103 0.500842 0.490517 0.948635 0.535057
111 0.510984 0.440805 0.973599 0.61954
97 0.505523 0.433908 0.982961 0.631034
56 0.510984 0.440805 0.973599 0.61954
99 0.509423 0.460057 0.972039 0.59023
95 0.505523 0.433908 0.982961 0.631034
73 0.509423 0.460057 0.972039 0.59023
76 0.509423 0.460057 0.972039 0.59023
110 0.510984 0.440805 0.973599 0.61954
77 0.510984 0.440805 0.973599 0.61954
100 0.509423 0.460057 0.972039 0.59023
52 0.507083 0.433046 0.982961 0.628161
54 0.510593 0.439081 0.97594 0.618391
101 0.510984 0.440805 0.973599 0.61954
67 0.510984 0.440805 0.973599 0.61954
33 0.507083 0.433046 0.982961 0.628161
1 0.507083 0.433046 0.982961 0.628161
41 0.510593 0.439081 0.97594 0.618391
51 0.507083 0.433046 0.982961 0.628161
47 0.510593 0.439081 0.97594 0.618391
42 0.510593 0.439081 0.97594 0.618391
109 0.512482 0.445977 0.975036 0.642529
84 0.498892 0.466954 0.974379 0.599425
110 0.510922 0.437356 0.978156 0.631034
111 0.505851 0.450575 0.988298 0.626437
103 0.496941 0.462069 0.987642 0.618391
95 0.505851 0.450575 0.988298 0.626437
75 0.494601 0.465517 0.982961 0.610345
67 0.505851 0.450575 0.988298 0.626437
68 0.505851 0.450575 0.988298 0.626437
77 0.512482 0.445977 0.975036 0.642529
56 0.505851 0.450575 0.988298 0.626437
54 0.497721 0.46092 0.982961 0.629885
76 0.498892 0.466954 0.974379 0.599425
97 0.510922 0.437356 0.978156 0.631034
101 0.512482 0.445977 0.975036 0.642529
99 0.498892 0.466954 0.974379 0.599425
6 0.510922 0.437356 0.978156 0.631034
109 0.510593 0.447126 0.97594 0.625287
84 0.506303 0.445402 0.97828 0.633333
111 0.506303 0.445402 0.97828 0.633333
103 0.507473 0.465517 0.957216 0.593103
95 0.507863 0.443103 0.97828 0.622989
77 0.507863 0.443103 0.97828 0.622989
56 0.507863 0.443103 0.97828 0.622989
97 0.510203 0.44023 0.973599 0.636782
75 0.507473 0.465517 0.957216 0.593103
110 0.510203 0.44023 0.973599 0.636782
76 0.510922 0.447414 0.978156 0.621264
67 0.506303 0.442241 0.982961 0.631609
52 0.510203 0.44023 0.973599 0.636782
68 0.510922 0.447414 0.978156 0.621264
6 0.510203 0.44023 0.973599 0.636782
1 0.510203 0.44023 0.973599 0.636782
101 0.504352 0.443678 0.986861 0.627586
73 0.510593 0.447126 0.97594 0.625287
32 0.510203 0.44023 0.973599 0.636782
111 0.511702 0.44023 0.976596 0.641379
56 0.509752 0.443103 0.980497 0.633333
67 0.511702 0.44023 0.976596 0.641379
109 0.508581 0.441954 0.982837 0.644828
84 0.511702 0.44023 0.976596 0.641379
101 0.510142 0.439368 0.979717 0.639655
68 0.509752 0.443103 0.980497 0.633333
95 0.515993 0.441092 0.968015 0.652299
77 0.511702 0.44023 0.976596 0.641379
97 0.515993 0.441092 0.968015 0.652299
48 0.509752 0.443103 0.980497 0.633333
52 0.511702 0.44023 0.976596 0.641379
110 0.513262 0.442529 0.973476 0.629885
6 0.513262 0.442529 0.973476 0.629885
53 0.511702 0.44023 0.976596 0.641379
73 0.509752 0.443103 0.980497 0.633333
47 0.509752 0.443103 0.980497 0.633333
102 0.510142 0.439368 0.979717 0.639655
25 0.515993 0.441092 0.968015 0.652299
1 0.513262 0.442529 0.973476 0.629885
8 0.513262 0.442529 0.973476 0.629885
100 0.509752 0.443103 0.980497 0.633333
2 0.513262 0.442529 0.973476 0.629885
109 0.511764 0.443678 0.967358 0.631034
95 0.511764 0.443678 0.967358 0.631034
111 0.511764 0.445115 0.968918 0.631609
84 0.509033 0.43908 0.97594 0.652874
56 0.506693 0.445977 0.972819 0.627586
110 0.511764 0.443678 0.967358 0.631034
97 0.511764 0.443678 0.967358 0.631034
101 0.511764 0.443678 0.967358 0.631034
77 0.511764 0.443678 0.967358 0.631034
97 0.788709 0.423563 0.416588 0.621839
97 0.714597 0.433333 0.569493 0.652874
67 0.511764 0.445115 0.968918 0.631609
75 0.505523 0.455747 0.965798 0.603448
68 0.507083 0.443678 0.970479 0.625287
74 0.507083 0.443678 0.970479 0.625287
76 0.506693 0.445977 0.972819 0.627586
54 0.507083 0.443678 0.970479 0.625287
52 0.714597 0.433333 0.569493 0.652874
84 0.714597 0.433333 0.569493 0.652874
97 0.880764 0.396264 0.232478 0.566092
6 0.509033 0.43908 0.97594 0.652874
66 0.507083 0.443678 0.970479 0.625287
100 0.506693 0.445977 0.972819 0.627586
33 0.846438 0.289152 0.30581 0.353879
95 0.714597 0.433333 0.569493 0.652874
97 0.864381 0.32069 0.265243 0.41954
46 0.507083 0.443678 0.970479 0.625287
52 0.509033 0.43908 0.97594 0.652874
111 0.714597 0.433333 0.569493 0.652874
73 0.506693 0.445977 0.972819 0.627586
52 0.788709 0.423563 0.416588 0.621839
56 0.714597 0.433333 0.569493 0.652874
33 0.878424 0.261782 0.237159 0.295402
84 0.872963 0.434483 0.248081 0.641379
6 0.714597 0.433333 0.569493 0.652874
33 0.702115 0.328448 0.326093 0.387931
29 0.506693 0.445977 0.972819 0.627586
97 0.538616 0.437069 0.922767 0.653448
111 0.514822 0.434483 0.970355 0.643678
56 0.514822 0.434483 0.970355 0.643678
100 0.506303 0.433621 0.984521 0.62931
73 0.506303 0.433621 0.984521 0.62931
46 0.505913 0.436782 0.985301 0.644828
109 0.528536 0.435632 0.933813 0.647126
84 0.528536 0.435632 0.933813 0.647126
95 0.528536 0.435632 0.933813 0.647126
47 0.505913 0.436782 0.985301 0.644828
33 0.528536 0.435632 0.933813 0.647126
110 0.528536 0.435632 0.933813 0.647126
48 0.505913 0.436782 0.985301 0.644828
8 0.538616 0.437069 0.922767 0.653448
41 0.505913 0.436782 0.985301 0.644828
99 0.506303 0.433621 0.984521 0.62931
101 0.514822 0.434483 0.970355 0.643678
52 0.528536 0.435632 0.933813 0.647126
6 0.528536 0.435632 0.933813 0.647126
9 0.538616 0.437069 0.922767 0.653448
54 0.514822 0.434483 0.970355 0.643678
28 0.514822 0.436207 0.970355 0.633333
76 0.506303 0.433621 0.984521 0.62931
1 0.514822 0.436207 0.970355 0.633333
42 0.514822 0.434483 0.970355 0.643678
49 0.505913 0.436782 0.985301 0.644828
77 0.514822 0.434483 0.970355 0.643678
67 0.514822 0.436207 0.970355 0.633333
2 0.528536 0.435632 0.933813 0.647126
34 0.538616 0.437069 0.922767 0.653448
17 0.505913 0.436782 0.985301 0.644828
68 0.514822 0.434483 0.970355 0.643678
12 0.514822 0.436207 0.970355 0.633333
111 0.500062 0.447989 0.951756 0.625862
56 0.496941 0.437931 0.959557 0.631034
84 0.496941 0.437931 0.959557 0.631034
109 0.496941 0.437931 0.959557 0.631034
67 0.496941 0.437931 0.959557 0.631034
77 0.500062 0.447989 0.951756 0.625862
100 0.500062 0.445402 0.948635 0.633333
95 0.501622 0.439655 0.953316 0.633333
110 0.500062 0.447989 0.951756 0.625862
68 0.496941 0.437931 0.959557 0.631034
73 0.500062 0.445402 0.948635 0.633333
97 0.501622 0.439655 0.953316 0.633333
6 0.481729 0.44023 0.963458 0.645977
28 0.500062 0.447989 0.951756 0.625862
8 0.481729 0.44023 0.963458 0.645977
101 0.500062 0.447989 0.951756 0.625862
46 0.500062 0.445402 0.948635 0.633333
111 0.510984 0.438218 0.972039 0.641954
56 0.509423 0.441954 0.972039 0.626437
109 0.505523 0.433908 0.975159 0.651724
97 0.499282 0.436207 0.982961 0.647126
95 0.505523 0.433908 0.975159 0.651724
84 0.505523 0.433908 0.975159 0.651724
67 0.509423 0.439081 0.972039 0.636782
52 0.509423 0.441954 0.972039 0.626437
110 0.499282 0.436207 0.982961 0.647126
6 0.499282 0.436207 0.982961 0.647126
68 0.509423 0.439081 0.972039 0.636782
1 0.502012 0.437931 0.98062 0.644828
9 0.505523 0.436782 0.97984 0.651724
54 0.509423 0.439081 0.972039 0.636782
101 0.509423 0.439081 0.972039 0.636782
67 0.510922 0.0356681 0.978156 0.0713362
48 0.509423 0.439081 0.972039 0.636782
68 0.510922 0.0356681 0.978156 0.0713362
32 0.505523 0.436782 0.97984 0.651724
109 0.506303 0.443966 0.962677 0.627012
95 0.502012 0.444253 0.971259 0.622989
84 0.501622 0.445402 0.972039 0.625287
111 0.501622 0.445402 0.972039 0.625287
56 0.502012 0.444253 0.971259 0.622989
67 0.501622 0.445402 0.972039 0.625287
76 0.501622 0.445402 0.972039 0.625287
9 0.493821 0.437356 0.97984 0.635632
97 0.502012 0.444253 0.971259 0.622989
110 0.503182 0.443678 0.965798 0.624138
32 0.495771 0.437069 0.969699 0.645402
109 0.500062 0.961494 0.937713 0.0770114
109 0.500062 0.900287 0.968918 0.199425
77 0.502012 0.444253 0.971259 0.622989
103 0.501622 0.445402 0.972039 0.625287
75 0.502012 0.444253 0.971259 0.622989
2 0.49148 0.442241 0.982961 0.635057
6 0.495771 0.437069 0.969699 0.645402
1 0.493821 0.437356 0.97984 0.635632
68 0.503182 0.447701 0.964238 0.617241
25 0.495771 0.437069 0.969699 0.645402
111 0.512544 0.432184 0.970479 0.647126
109 0.501622 0.432759 0.97828 0.644828
110 0.528926 0.433333 0.923671 0.644828
84 0.509813 0.43046 0.971259 0.648276
6 0.528926 0.433333 0.923671 0.644828
95 0.528926 0.433333 0.923671 0.644828
56 0.507863 0.432759 0.97828 0.64023
9 0.538288 0.435345 0.91743 0.651149
97 0.512544 0.432184 0.970479 0.647126
67 0.496941 0.43592 0.982961 0.638506
77 0.496941 0.43592 0.982961 0.638506
46 0.507863 0.432759 0.97828 0.64023
34 0.528926 0.433333 0.923671 0.644828
47 0.507863 0.432759 0.97828 0.64023
100 0.509033 0.431897 0.97906 0.648851
8 0.538288 0.435345 0.91743 0.651149
84 0.510142 0.429598 0.979717 0.664943
95 0.510142 0.42931 0.979717 0.667816
56 0.508643 0.423851 0.97984 0.660345
97 0.510532 0.431609 0.978937 0.657471
54 0.508643 0.423851 0.97984 0.660345
109 0.514432 0.43046 0.971135 0.662069
52 0.510532 0.431609 0.978937 0.657471
111 0.514042 0.426149 0.971915 0.658046
67 0.510142 0.42931 0.979717 0.667816
33 0.508643 0.423851 0.97984 0.660345
53 0.510532 0.431609 0.978937 0.657471
76 0.508643 0.423851 0.97984 0.660345
46 0.508643 0.423851 0.97984 0.660345
75 0.508643 0.423851 0.97984 0.660345
80 0.512872 0.433046 0.974256 0.655747
17 0.508643 0.423851 0.97984 0.660345
68 0.514432 0.43046 0.971135 0.662069
103 0.508643 0.423851 0.97984 0.660345
41 0.508643 0.423851 0.97984 0.660345
110 0.508643 0.423851 0.97984 0.660345
6 0.510532 0.431609 0.978937 0.657471
77 0.514432 0.43046 0.971135 0.662069
100 0.508643 0.423851 0.97984 0.660345
2 0.510532 0.431609 0.978937 0.657471
101 0.508643 0.423851 0.97984 0.660345
95 0.508643 0.437356 0.967358 0.650575
56 0.510203 0.431034 0.973599 0.66092
111 0.509033 0.436207 0.972819 0.649425
109 0.513324 0.436207 0.968918 0.655172
84 0.509033 0.436207 0.972819 0.649425
67 0.513324 0.436207 0.968918 0.655172
68 0.513324 0.436207 0.968918 0.655172
97 0.510203 0.431034 0.973599 0.66092
6 0.503182 0.42931 0.97984 0.641379
16 0.0208684 0.539081 0.0341306 0.0724138
109 0.509033 0.440805 0.963458 0.641379
111 0.503962 0.464943 0.961117 0.588506
95 0.498892 0.444253 0.97906 0.647126
84 0.506693 0.446552 0.974379 0.633333
56 0.502012 0.466379 0.961897 0.586782
67 0.506303 0.436207 0.972039 0.64023
68 0.506303 0.436207 0.972039 0.64023
97 0.506303 0.43908 0.967358 0.62069
110 0.506303 0.436207 0.972039 0.64023
77 0.506693 0.446552 0.974379 0.633333
6 0.500842 0.439368 0.97828 0.653448
54 0.503962 0.464943 0.961117 0.588506
95 0.507083 0.433908 0.97672 0.66092
56 0.505523 0.478664 0.972039 0.569109
109 0.507083 0.433908 0.97672 0.66092
111 0.513324 0.436207 0.968918 0.652874
67 0.513324 0.436207 0.968918 0.652874
84 0.506693 0.435345 0.97906 0.658046
77 0.506693 0.435345 0.97906 0.658046
6 0.506693 0.435345 0.97906 0.658046
100 0.505523 0.478664 0.972039 0.569109
46 0.506303 0.451724 0.97828 0.614943
103 0.505523 0.455747 0.97984 0.614942
97 0.506303 0.451724 0.97828 0.614943
54 0.505523 0.478664 0.972039 0.569109
68 0.511764 0.443966 0.970479 0.632759
109 0.512154 0.432759 0.960337 0.65977
95 0.502402 0.431897 0.97984 0.664943
56 0.502402 0.441667 0.9814 0.636207
111 0.502402 0.441667 0.9814 0.636207
67 0.502402 0.441667 0.9814 0.636207
84 0.502402 0.441667 0.9814 0.636207
97 0.502402 0.439368 0.97984 0.65
110 0.508643 0.433046 0.964238 0.66954
22 0.502402 0.433621 0.97984 0.654598
111 0.506303 0.435345 0.982961 0.652299
109 0.514432 0.436207 0.971135 0.649425
84 0.507083 0.428161 0.982961 0.652874
97 0.508643 0.440805 0.97984 0.645977
110 0.506303 0.435345 0.982961 0.652299
54 0.509423 0.438506 0.97828 0.633333
56 0.509423 0.438506 0.97828 0.633333
77 0.514432 0.436207 0.971135 0.649425
46 0.508643 0.440805 0.97984 0.645977
95 0.507083 0.428161 0.982961 0.652874
73 0.509423 0.438506 0.97828 0.633333
100 0.508643 0.440805 0.97984 0.645977
6 0.512482 0.432759 0.975036 0.656322
76 0.509423 0.438506 0.97828 0.633333
47 0.509423 0.438506 0.97828 0.633333
67 0.509423 0.438506 0.97828 0.633333
75 0.508643 0.440805 0.97984 0.645977
95 0.509423 0.441954 0.973599 0.642529
109 0.509033 0.447701 0.969699 0.628736
56 0.510984 0.45431 0.975159 0.606322
84 0.512544 0.445977 0.968918 0.635632
111 0.510984 0.45431 0.975159 0.606322
97 0.509033 0.447701 0.969699 0.628736
67 0.510984 0.45431 0.975159 0.606322
66 0.509033 0.447701 0.969699 0.628736
101 0.509033 0.447701 0.969699 0.628736
77 0.510984 0.45431 0.975159 0.606322
110 0.509033 0.447701 0.969699 0.628736
54 0.510984 0.45431 0.975159 0.606322
34 0.512544 0.445977 0.968918 0.635632
74 0.509033 0.447701 0.969699 0.628736
109 0.505523 0.43908 0.97984 0.64023
95 0.514884 0.436782 0.964238 0.642529
84 0.506693 0.435057 0.97906 0.642529
111 0.513324 0.441092 0.970479 0.625862
56 0.513324 0.441092 0.970479 0.625862
97 0.515274 0.435057 0.963458 0.64023
110 0.513324 0.441092 0.970479 0.625862
77 0.513324 0.441092 0.970479 0.625862
75 0.513324 0.44023 0.970479 0.632184
67 0.513324 0.441092 0.970479 0.625862
76 0.513324 0.441092 0.970479 0.625862
6 0.506693 0.435057 0.97906 0.642529
54 0.513324 0.441092 0.970479 0.625862
68 0.507473 0.436782 0.97594 0.641379
103 0.513324 0.441092 0.970479 0.625862
109 0.504352 0.443678 0.983741 0.647126
84 0.509423 0.452299 0.973599 0.61954
95 0.503572 0.43908 0.983741 0.639081
75 0.510203 0.442241 0.973599 0.651149
111 0.510984 0.475862 0.972039 0.570115
103 0.509423 0.452299 0.973599 0.61954
109 0.517163 0.288578 0.965674 0.360776
97 0.517163 0.288578 0.965674 0.360776
56 0.510984 0.475862 0.972039 0.570115
109 0.513262 0.434483 0.973476 0.649425
56 0.507863 0.437931 0.97828 0.639081
84 0.507863 0.437931 0.97828 0.639081
111 0.510593 0.427586 0.972819 0.65977
95 0.507473 0.427874 0.982181 0.660345
97 0.510593 0.427586 0.972819 0.65977
110 0.510593 0.427586 0.972819 0.65977
6 0.510593 0.427586 0.972819 0.65977
54 0.507863 0.437931 0.97828 0.639081
77 0.512154 0.43046 0.972819 0.656322
75 0.507863 0.43908 0.97828 0.641379
46 0.507863 0.43908 0.97828 0.641379
97 0.668508 0.336853 0.662985 0.461925
109 0.505133 0.438506 0.97906 0.633333
111 0.503182 0.452874 0.982961 0.605747
56 0.503182 0.452874 0.982961 0.605747
84 0.505913 0.43908 0.97906 0.64023
97 0.512154 0.437356 0.969699 0.643678
95 0.503962 0.439943 0.97984 0.631609
77 0.503182 0.452874 0.982961 0.605747
67 0.503182 0.452874 0.982961 0.605747
110 0.512154 0.437356 0.969699 0.643678
6 0.514104 0.437356 0.965798 0.635632
109 0.507863 0.433908 0.9814 0.658621
84 0.507863 0.433908 0.9814 0.658621
56 0.505913 0.451437 0.982181 0.617816
111 0.505913 0.451437 0.982181 0.617816
95 0.505913 0.451437 0.982181 0.617816
97 0.506303 0.441667 0.982961 0.661494
67 0.505913 0.451437 0.982181 0.617816
46 0.505133 0.454023 0.983741 0.613793
77 0.505913 0.451437 0.982181 0.617816
110 0.506303 0.441667 0.982961 0.661494
101 0.505133 0.454023 0.983741 0.613793
68 0.505133 0.454023 0.983741 0.613793
100 0.505913 0.451437 0.982181 0.617816
54 0.505913 0.451437 0.982181 0.617816
75 0.506303 0.441667 0.982961 0.661494
109 0.510203 0.43592 0.97828 0.661494
84 0.510203 0.43592 0.97828 0.661494
95 0.514042 0.439081 0.971915 0.637931
111 0.514042 0.439081 0.971915 0.637931
56 0.507801 0.439655 0.984397 0.629885
97 0.514042 0.439081 0.971915 0.637931
110 0.510203 0.43592 0.97828 0.661494
109 0.512872 0.434483 0.974256 0.643678
111 0.507863 0.442529 0.9814 0.629885
84 0.511312 0.435632 0.977376 0.654023
56 0.507863 0.442529 0.9814 0.629885
95 0.507863 0.442529 0.9814 0.629885
97 0.510922 0.448276 0.978156 0.670115
67 0.507863 0.442529 0.9814 0.629885
105 0.512092 0.054454 0.975816 0.108908
54 0.507863 0.442529 0.9814 0.629885
110 0.512482 0.436207 0.975036 0.656322
109 0.510203 0.437644 0.968918 0.651149
111 0.507473 0.434195 0.982181 0.640805
56 0.507473 0.434195 0.982181 0.640805
84 0.504743 0.437356 0.97984 0.647126
95 0.511374 0.431609 0.974379 0.649425
97 0.505523 0.442529 0.9814 0.655172
67 0.507473 0.434195 0.982181 0.640805
110 0.505523 0.442529 0.9814 0.655172
54 0.507473 0.434195 0.982181 0.640805
109 0.505523 0.433908 0.97984 0.642529
111 0.506303 0.445977 0.984521 0.614942
56 0.506303 0.445977 0.984521 0.614942
84 0.512544 0.436207 0.972039 0.635632
95 0.511764 0.43592 0.973599 0.639655
97 0.507083 0.436782 0.97984 0.645977
110 0.507083 0.436782 0.97984 0.645977
54 0.506303 0.445977 0.984521 0.614942
68 0.506303 0.445977 0.984521 0.614942
6 0.507083 0.436782 0.97984 0.645977
67 0.506303 0.445977 0.984521 0.614942
109 0.500842 0.433908 0.982961 0.655172
111 0.503962 0.446552 0.97984 0.610345
97 0.500842 0.437356 0.984521 0.656322
84 0.500842 0.433621 0.984521 0.651149
56 0.497331 0.468966 0.965018 0.570115
110 0.507863 0.43908 0.967358 0.645977
54 0.503572 0.450287 0.98062 0.613218
46 0.503572 0.450287 0.98062 0.613218
76 0.507863 0.434483 0.967358 0.641379
73 0.507863 0.43908 0.967358 0.645977
95 0.507863 0.43908 0.967358 0.645977
100 0.503572 0.450287 0.98062 0.613218
77 0.507863 0.43908 0.967358 0.645977
6 0.500842 0.437356 0.984521 0.656322
75 0.507863 0.431034 0.965798 0.657471
84 0.510142 0.435345 0.979717 0.659195
111 0.506303 0.446839 0.97984 0.624713
109 0.507801 0.436207 0.984397 0.651724
56 0.506303 0.446839 0.97984 0.624713
95 0.507801 0.436207 0.984397 0.651724
67 0.506303 0.446839 0.97984 0.624713
46 0.506303 0.446839 0.97984 0.624713
109 0.503182 0.434483 0.97984 0.649425
111 0.503182 0.446264 0.984521 0.622414
84 0.503182 0.436782 0.97984 0.645977
56 0.508643 0.441667 0.967358 0.65
110 0.508643 0.441667 0.967358 0.65
97 0.508643 0.441667 0.967358 0.65
77 0.508643 0.441667 0.967358 0.65
109 0.502402 0.424425 0.9814 0.663793
84 0.503182 0.431897 0.97984 0.651149
111 0.510593 0.42931 0.969699 0.651724
56 0.505913 0.435632 0.983741 0.657471
110 0.508643 0.431609 0.972039 0.651724
95 0.505523 0.433333 0.97828 0.649425
109 0.502402 0.435632 0.9814 0.651724
111 0.501622 0.437931 0.982961 0.655172
84 0.501622 0.437931 0.982961 0.655172
56 0.505523 0.440805 0.975159 0.631034
95 0.501622 0.437931 0.982961 0.655172
97 0.501622 0.437931 0.982961 0.655172
110 0.501622 0.437931 0.982961 0.655172
54 0.505523 0.440805 0.964238 0.647126
109 0.510203 0.434483 0.973599 0.650575
111 0.505461 0.439368 0.989078 0.640805
97 0.507863 0.439081 0.972039 0.637931
56 0.504743 0.439081 0.986081 0.629885
110 0.507863 0.439081 0.972039 0.637931
84 0.507863 0.439081 0.972039 0.637931
54 0.504743 0.439081 0.986081 0.629885
109 0.511702 0.434483 0.976596 0.652874
111 0.507863 0.444828 0.9814 0.622988
84 0.511312 0.438218 0.977376 0.656897
56 0.507863 0.444828 0.9814 0.622988
97 0.511312 0.438218 0.977376 0.656897
110 0.511312 0.438218 0.977376 0.656897
109 0.506693 0.435345 0.9775 0.660345
111 0.506693 0.435345 0.9775 0.660345
84 0.506693 0.435345 0.9775 0.660345
56 0.505133 0.443678 0.972819 0.633333
97 0.509423 0.437356 0.962677 0.654023
110 0.509423 0.437356 0.962677 0.654023
95 0.506693 0.435345 0.9775 0.660345
100 0.502402 0.438506 0.975159 0.643678
76 0.505133 0.443678 0.972819 0.633333
46 0.505133 0.443678 0.972819 0.633333
109 0.510142 0.436782 0.979717 0.652874
111 0.512092 0.432759 0.975816 0.649425
97 0.510532 0.430747 0.978937 0.644253
110 0.512482 0.435057 0.975036 0.644828
84 0.510142 0.436782 0.979717 0.652874
73 0.508581 0.435057 0.982837 0.644828
46 0.508581 0.435057 0.982837 0.644828
100 0.508581 0.435057 0.982837 0.644828
76 0.508581 0.435057 0.982837 0.644828
75 0.507083 0.448276 0.97828 0.625287
99 0.508581 0.435057 0.982837 0.644828
111 0.513262 0.436782 0.973476 0.643678
109 0.512872 0.435057 0.974256 0.652874
97 0.510532 0.431609 0.978937 0.647126
84 0.510532 0.431609 0.978937 0.647126
110 0.512482 0.436207 0.975036 0.64023
46 0.507411 0.441667 0.985178 0.633908
73 0.512482 0.434483 0.975036 0.652874
56 0.510532 0.431609 0.978937 0.647126
54 0.512482 0.436207 0.975036 0.64023
100 0.507411 0.441667 0.985178 0.633908
95 0.510532 0.431609 0.978937 0.647126
109 0.510984 0.437069 0.97672 0.652299
111 0.505913 0.437931 0.985301 0.634483
97 0.507863 0.439081 0.97984 0.662069
84 0.507863 0.439081 0.97984 0.662069
56 0.505913 0.437931 0.985301 0.634483
110 0.507863 0.439081 0.97984 0.662069
46 0.505523 0.437356 0.986081 0.648276
95 0.509423 0.437931 0.972039 0.648276
100 0.505523 0.437356 0.986081 0.648276
54 0.509423 0.437931 0.972039 0.648276
109 0.514432 0.435057 0.971135 0.656322
111 0.510203 0.431897 0.970479 0.660345
97 0.507863 0.434195 0.97984 0.658046
110 0.515993 0.433333 0.968015 0.657471
56 0.506303 0.436207 0.984521 0.636782
73 0.510203 0.431897 0.970479 0.660345
84 0.507863 0.434195 0.97984 0.658046
100 0.505523 0.435632 0.984521 0.648276
109 0.512482 0.434483 0.975036 0.650575
111 0.512544 0.433333 0.972039 0.648276
97 0.509752 0.43477 0.980497 0.654598
110 0.509752 0.43477 0.980497 0.654598
56 0.507083 0.44023 0.982961 0.632184
84 0.509752 0.43477 0.980497 0.654598
95 0.509752 0.43477 0.980497 0.654598
73 0.507083 0.44023 0.982961 0.632184
46 0.507083 0.44023 0.982961 0.632184
109 0.511374 0.437356 0.97594 0.649425
111 0.505913 0.44023 0.98062 0.634483
110 0.510203 0.435632 0.970479 0.654023
84 0.508253 0.439655 0.98062 0.65977
97 0.508253 0.439655 0.98062 0.65977
56 0.505913 0.44023 0.98062 0.634483
73 0.510203 0.435632 0.970479 0.654023
109 0.505913 0.435632 0.98062 0.652874
111 0.503962 0.437931 0.97984 0.636782
84 0.504743 0.439655 0.9814 0.656322
97 0.504743 0.439655 0.9814 0.656322
110 0.508643 0.435632 0.968918 0.651724
46 0.503182 0.438506 0.9814 0.643678
56 0.508643 0.435632 0.968918 0.651724
100 0.503182 0.438506 0.9814 0.643678
95 0.508643 0.435632 0.968918 0.651724
73 0.508643 0.435632 0.968918 0.651724
75 0.503182 0.438506 0.9814 0.643678
77 0.508643 0.435632 0.968918 0.651724
109 0.507473 0.435057 0.97906 0.644828
111 0.504743 0.436782 0.984521 0.637931
110 0.507863 0.439655 0.97828 0.649425
97 0.507863 0.439655 0.97828 0.649425
84 0.507863 0.439655 0.97828 0.649425
56 0.510984 0.437069 0.970479 0.643103
109 0.510532 0.435632 0.978937 0.641379
111 0.504743 0.437069 0.986081 0.636207
84 0.510922 0.443391 0.978156 0.653448
97 0.510922 0.443391 0.978156 0.653448
110 0.513324 0.44023 0.972039 0.643678
56 0.513324 0.44023 0.972039 0.643678
95 0.513324 0.44023 0.972039 0.643678
109 0.511312 0.436494 0.977376 0.647701
111 0.506303 0.437069 0.982961 0.637356
84 0.509752 0.441379 0.980497 0.655172
46 0.505913 0.434483 0.982181 0.645977
97 0.509752 0.441379 0.980497 0.655172
110 0.509752 0.441379 0.980497 0.655172
56 0.511764 0.437931 0.970479 0.645977
95 0.509752 0.441379 0.980497 0.655172
100 0.505913 0.434483 0.982181 0.645977
75 0.506303 0.437069 0.982961 0.637356
73 0.505913 0.434483 0.982181 0.645977
109 0.513324 0.436207 0.972039 0.644828
111 0.505523 0.435057 0.982961 0.641379
97 0.509423 0.439655 0.97828 0.651724
56 0.510984 0.437069 0.968918 0.647701
110 0.509423 0.439655 0.97828 0.651724
84 0.509423 0.439655 0.97828 0.651724
46 0.505523 0.432759 0.982961 0.651724
100 0.505523 0.432759 0.982961 0.651724
95 0.510984 0.437069 0.968918 0.647701
73 0.505523 0.435057 0.982961 0.641379
109 0.512872 0.435057 0.974256 0.650575
111 0.505523 0.434483 0.987641 0.643678
84 0.510922 0.437644 0.978156 0.65
56 0.512154 0.434483 0.972819 0.651724
97 0.510922 0.437644 0.978156 0.65
46 0.504743 0.433908 0.987641 0.649425
110 0.510922 0.437644 0.978156 0.65
100 0.504743 0.433908 0.987641 0.649425
73 0.512154 0.434483 0.972819 0.651724
95 0.510922 0.437644 0.978156 0.65
77 0.512154 0.434483 0.972819 0.651724
111 0.512544 0.430172 0.970479 0.654598
109 0.513652 0.435057 0.972696 0.650575
97 0.510922 0.437356 0.978156 0.649425
84 0.510922 0.437356 0.978156 0.649425
56 0.511764 0.432759 0.972039 0.652874
110 0.510922 0.433621 0.978156 0.65
46 0.506303 0.433333 0.984521 0.654023
73 0.507021 0.432184 0.985958 0.648276
77 0.511764 0.432759 0.972039 0.652874
95 0.510922 0.437356 0.978156 0.649425
100 0.506303 0.433333 0.984521 0.654023
47 0.511764 0.432759 0.972039 0.652874
6 0.510922 0.437356 0.978156 0.649425
111 0.511764 0.43046 0.972039 0.652874
109 0.513262 0.436207 0.973476 0.648276
84 0.514042 0.435632 0.971915 0.645977
46 0.506303 0.433908 0.984521 0.651724
97 0.510922 0.436494 0.978156 0.648851
56 0.511764 0.432759 0.973599 0.654023
73 0.507083 0.433908 0.984521 0.644828
100 0.506303 0.433908 0.984521 0.651724
47 0.511764 0.432759 0.973599 0.654023
110 0.511764 0.432759 0.973599 0.654023
77 0.511764 0.432759 0.973599 0.654023
54 0.507083 0.433908 0.984521 0.644828
95 0.510922 0.436494 0.978156 0.648851
6 0.510922 0.436494 0.978156 0.648851
75 0.506303 0.433908 0.984521 0.651724
109 0.512872 0.436782 0.974256 0.644828
111 0.508191 0.436782 0.983617 0.63908
97 0.510922 0.438218 0.978156 0.65
56 0.512482 0.433908 0.975036 0.651724
84 0.510922 0.438218 0.978156 0.65
46 0.508191 0.436782 0.983617 0.63908
73 0.512482 0.433908 0.975036 0.651724
110 0.510922 0.438218 0.978156 0.65
100 0.508191 0.436782 0.983617 0.63908
47 0.512482 0.433908 0.975036 0.651724
77 0.512482 0.433908 0.975036 0.651724
95 0.512482 0.433908 0.975036 0.651724
54 0.508191 0.436782 0.983617 0.63908
109 0.514042 0.436782 0.971915 0.645977
111 0.513262 0.430747 0.973476 0.653448
97 0.511702 0.438218 0.976596 0.651149
110 0.512872 0.433333 0.974256 0.656322
84 0.511702 0.438218 0.976596 0.651149
56 0.512872 0.433333 0.974256 0.656322
73 0.512872 0.433333 0.974256 0.656322
46 0.508191 0.434483 0.983617 0.645977
77 0.512872 0.433333 0.974256 0.656322
95 0.512872 0.433333 0.974256 0.656322
47 0.512872 0.433333 0.974256 0.656322
6 0.511702 0.438218 0.976596 0.651149
54 0.512872 0.433333 0.974256 0.656322
109 0.512934 0.436782 0.971259 0.647126
111 0.512482 0.431609 0.975036 0.651724
56 0.512482 0.435345 0.975036 0.656897
97 0.510922 0.439368 0.978156 0.651149
84 0.510922 0.439368 0.978156 0.651149
110 0.512482 0.435345 0.975036 0.656897
46 0.507411 0.433046 0.985178 0.646552
73 0.512482 0.435345 0.975036 0.656897
95 0.512482 0.435345 0.975036 0.656897
77 0.512482 0.435345 0.975036 0.656897
54 0.507411 0.433046 0.985178 0.646552
6 0.510922 0.439368 0.978156 0.651149
111 0.511374 0.432184 0.974379 0.649425
109 0.511764 0.436782 0.973599 0.647126
56 0.512482 0.435057 0.975036 0.651724
97 0.510532 0.437931 0.978937 0.648276
84 0.510532 0.437931 0.978937 0.648276
110 0.510532 0.437931 0.978937 0.648276
6 0.510532 0.437931 0.978937 0.648276
46 0.507411 0.433046 0.985178 0.644253
54 0.507411 0.433046 0.985178 0.644253
109 0.511764 0.437356 0.973599 0.648276
111 0.507021 0.431034 0.985958 0.648276
56 0.511702 0.433333 0.976596 0.652874
97 0.510142 0.437644 0.979717 0.648851
84 0.511702 0.433333 0.976596 0.652874
110 0.510142 0.437644 0.979717 0.648851
46 0.507021 0.431034 0.985958 0.648276
95 0.511702 0.433333 0.976596 0.652874
6 0.510142 0.437644 0.979717 0.648851
73 0.511702 0.433333 0.976596 0.652874
109 0.514042 0.435632 0.971915 0.645977
111 0.510593 0.427586 0.97594 0.65977
56 0.506631 0.428161 0.986738 0.657471
84 0.510532 0.437356 0.978937 0.649425
110 0.510532 0.437356 0.978937 0.649425
97 0.510532 0.437356 0.978937 0.649425
46 0.506631 0.428161 0.986738 0.657471
95 0.510532 0.437356 0.978937 0.649425
109 0.512544 0.436207 0.973599 0.648276
111 0.507021 0.429885 0.985958 0.651724
56 0.507021 0.429885 0.985958 0.651724
110 0.509423 0.437356 0.97984 0.648276
97 0.509423 0.437356 0.97984 0.648276
84 0.511764 0.432184 0.973599 0.654023
46 0.507021 0.429885 0.985958 0.651724
95 0.511764 0.432184 0.973599 0.654023
109 0.512544 0.436782 0.972039 0.645977
111 0.506303 0.427874 0.984521 0.654598
97 0.509423 0.431609 0.973599 0.654023
110 0.507083 0.437644 0.97984 0.648851
56 0.509423 0.431609 0.973599 0.654023
84 0.509423 0.431609 0.973599 0.654023
46 0.506303 0.427874 0.984521 0.654598
54 0.506303 0.427874 0.984521 0.654598
95 0.509423 0.431609 0.973599 0.654023
109 0.510984 0.436782 0.972039 0.644828
111 0.506303 0.429885 0.982961 0.650575
110 0.506303 0.438218 0.97984 0.647701
97 0.508253 0.432471 0.972819 0.651149
84 0.508253 0.432471 0.972819 0.651149
56 0.508253 0.432471 0.972819 0.651149
46 0.506303 0.429885 0.982961 0.650575
109 0.510593 0.43592 0.972819 0.645402
111 0.506693 0.431034 0.982181 0.648276
110 0.505913 0.437931 0.98062 0.645977
97 0.507473 0.433046 0.972819 0.651149
84 0.507473 0.433046 0.972819 0.651149
56 0.507473 0.433046 0.972819 0.651149
46 0.506693 0.431034 0.982181 0.648276
109 0.510593 0.436207 0.974379 0.644828
111 0.507083 0.431035 0.982961 0.645977
97 0.508643 0.433046 0.973599 0.648851
110 0.507083 0.437356 0.9814 0.644828
56 0.508643 0.433046 0.973599 0.648851
84 0.508643 0.433046 0.973599 0.648851
46 0.507083 0.431035 0.982961 0.645977
73 0.508643 0.433046 0.973599 0.648851
109 0.511764 0.436782 0.973599 0.644828
111 0.507801 0.431609 0.984397 0.647126
97 0.509423 0.433908 0.975159 0.650575
110 0.509423 0.433908 0.975159 0.650575
84 0.509423 0.433908 0.975159 0.650575
56 0.509423 0.433908 0.975159 0.650575
46 0.507801 0.431609 0.984397 0.647126
73 0.509423 0.433908 0.975159 0.650575
95 0.508253 0.438506 0.98062 0.647126
109 0.512934 0.436207 0.972819 0.644828
111 0.508581 0.430747 0.982837 0.648851
97 0.509033 0.438793 0.97906 0.648851
110 0.510203 0.433333 0.975159 0.655172
46 0.508581 0.430747 0.982837 0.648851
84 0.510203 0.433333 0.975159 0.655172
56 0.510203 0.433333 0.975159 0.655172
73 0.510203 0.433333 0.975159 0.655172
95 0.509033 0.438793 0.97906 0.648851
109 0.513324 0.436207 0.972039 0.645977
111 0.508971 0.431609 0.982057 0.649425
97 0.509423 0.437931 0.97828 0.648276
110 0.509423 0.437931 0.97828 0.648276
46 0.508971 0.431609 0.982057 0.649425
56 0.511374 0.432759 0.974379 0.656322
84 0.511374 0.432759 0.974379 0.656322
73 0.511374 0.432759 0.974379 0.656322
95 0.509423 0.437931 0.97828 0.648276
109 0.513324 0.436782 0.970479 0.645977
111 0.509362 0.432759 0.981277 0.647126
97 0.509423 0.438218 0.97828 0.65
110 0.509423 0.438218 0.97828 0.65
46 0.509362 0.432759 0.981277 0.647126
84 0.510984 0.432759 0.972039 0.657471
56 0.510984 0.432759 0.972039 0.657471
73 0.510984 0.432759 0.972039 0.657471
95 0.509423 0.438218 0.97828 0.65
109 0.513324 0.436207 0.970479 0.645977
111 0.509362 0.434483 0.981277 0.645977
97 0.509033 0.437931 0.9775 0.650575
110 0.509033 0.437931 0.9775 0.650575
46 0.509362 0.434483 0.981277 0.645977
84 0.510984 0.431897 0.972039 0.658046
56 0.510984 0.431897 0.972039 0.658046
73 0.510984 0.431897 0.972039 0.658046
109 0.513714 0.435632 0.971259 0.645977
111 0.508581 0.434483 0.982837 0.645977
97 0.509033 0.438218 0.9775 0.65
110 0.509033 0.438218 0.9775 0.65
46 0.508581 0.434483 0.982837 0.645977
84 0.509033 0.438218 0.9775 0.65
56 0.510984 0.431609 0.972039 0.658621
73 0.510984 0.431609 0.972039 0.658621
100 0.507863 0.433908 0.982961 0.649425
109 0.514042 0.43592 0.971915 0.646552
111 0.507863 0.433621 0.982961 0.647701
110 0.509813 0.438218 0.9775 0.65
97 0.509813 0.438218 0.9775 0.65
46 0.507863 0.433621 0.982961 0.647701
73 0.511374 0.432184 0.971259 0.658621
100 0.507083 0.433908 0.982961 0.650575
84 0.509813 0.438218 0.9775 0.65
56 0.507863 0.433621 0.982961 0.647701
109 0.514432 0.435057 0.971135 0.647126
111 0.507863 0.433333 0.982961 0.648276
110 0.510203 0.438218 0.97828 0.65
97 0.510203 0.438218 0.97828 0.65
46 0.507863 0.433333 0.982961 0.648276
73 0.511764 0.432471 0.972039 0.658046
100 0.507083 0.433333 0.984521 0.650575
56 0.507863 0.433333 0.982961 0.648276
84 0.510203 0.438218 0.97828 0.65
109 0.514822 0.435057 0.970355 0.648276
111 0.507801 0.433333 0.984397 0.648276
110 0.510922 0.437356 0.978156 0.649425
97 0.510922 0.437356 0.978156 0.649425
46 0.507801 0.433333 0.984397 0.648276
73 0.511764 0.432184 0.973599 0.657471
100 0.507083 0.433621 0.984521 0.65
56 0.511764 0.432184 0.973599 0.657471
84 0.510922 0.437356 0.978156 0.649425
109 0.514822 0.435057 0.970355 0.647126
111 0.507863 0.433621 0.982961 0.647701
110 0.510922 0.437356 0.978156 0.649425
97 0.510922 0.437356 0.978156 0.649425
46 0.507863 0.433621 0.982961 0.647701
73 0.511764 0.433046 0.972039 0.655747
100 0.507083 0.433908 0.984521 0.649425
56 0.511764 0.433046 0.972039 0.655747
84 0.510922 0.437356 0.978156 0.649425
109 0.514432 0.435057 0.971135 0.647126
111 0.507863 0.434195 0.982961 0.647701
110 0.510922 0.437356 0.978156 0.648276
97 0.510922 0.437356 0.978156 0.648276
46 0.507863 0.434195 0.982961 0.647701
73 0.507083 0.434483 0.984521 0.649425
100 0.507083 0.434483 0.984521 0.649425
56 0.511374 0.433333 0.971259 0.655172
84 0.510922 0.437356 0.978156 0.648276
109 0.514432 0.435632 0.971135 0.645977
111 0.507473 0.435057 0.983741 0.647126
110 0.510922 0.437644 0.978156 0.648851
97 0.510922 0.437644 0.978156 0.648851
46 0.507473 0.435057 0.983741 0.647126
100 0.507083 0.435057 0.984521 0.649425
73 0.507083 0.435057 0.984521 0.649425
56 0.511764 0.433333 0.972039 0.655172
84 0.511764 0.433333 0.972039 0.655172
109 0.514432 0.435632 0.971135 0.645977
111 0.507801 0.435057 0.984397 0.647126
110 0.511702 0.437356 0.976596 0.648276
97 0.511702 0.437356 0.976596 0.648276
46 0.507801 0.435057 0.984397 0.647126
100 0.507021 0.43477 0.985958 0.65
73 0.507021 0.43477 0.985958 0.65
56 0.507801 0.435057 0.984397 0.647126
84 0.512154 0.433046 0.972819 0.655747
109 0.514432 0.435632 0.971135 0.644828
111 0.507801 0.435057 0.984397 0.647126
110 0.511702 0.437356 0.976596 0.648276
97 0.511702 0.437356 0.976596 0.648276
46 0.507801 0.43477 0.984397 0.65
100 0.507801 0.43477 0.984397 0.65
73 0.507801 0.43477 0.984397 0.65
56 0.507801 0.435057 0.984397 0.647126
84 0.512154 0.433333 0.972819 0.656322
109 0.514432 0.435057 0.971135 0.644828
111 0.507801 0.435632 0.984397 0.645977
110 0.511702 0.437356 0.976596 0.648276
97 0.511702 0.437356 0.976596 0.648276
46 0.507801 0.435057 0.984397 0.649425
100 0.507801 0.435057 0.984397 0.649425
73 0.507801 0.435057 0.984397 0.649425
56 0.512544 0.433333 0.973599 0.655172
84 0.512544 0.433333 0.973599 0.655172
109 0.514822 0.435057 0.970355 0.644828
111 0.508581 0.435632 0.982837 0.645977
110 0.511702 0.437644 0.976596 0.648851
46 0.508191 0.435057 0.983617 0.649425
97 0.511702 0.437644 0.976596 0.648851
100 0.508191 0.435057 0.983617 0.649425
73 0.508191 0.435057 0.983617 0.649425
56 0.512872 0.433908 0.974256 0.656322
84 0.512872 0.433908 0.974256 0.656322
109 0.502012 0.971839 0.988422 0.0563218
109 0.514822 0.435057 0.970355 0.644828
111 0.508191 0.435632 0.983617 0.645977
110 0.511702 0.437356 0.976596 0.648276
97 0.511702 0.437356 0.976596 0.648276
46 0.507801 0.43477 0.984397 0.65
100 0.507801 0.43477 0.984397 0.65
73 0.507801 0.43477 0.984397 0.65
56 0.512482 0.433908 0.975036 0.656322
84 0.512482 0.433908 0.975036 0.656322
109 0.502402 0.972989 0.987641 0.054023
109 0.514822 0.435057 0.970355 0.644828
111 0.508581 0.435632 0.982837 0.645977
110 0.511312 0.437644 0.977376 0.647701
97 0.511312 0.437644 0.977376 0.647701
46 0.508191 0.434483 0.983617 0.650575
100 0.508191 0.434483 0.983617 0.650575
73 0.508191 0.434483 0.983617 0.650575
56 0.512872 0.433908 0.974256 0.655172
84 0.511312 0.437644 0.977376 0.647701
109 0.514822 0.435057 0.970355 0.644828
111 0.508581 0.435632 0.982837 0.647126
110 0.511312 0.437356 0.977376 0.647126
46 0.508581 0.434483 0.982837 0.651724
97 0.511312 0.437356 0.977376 0.647126
100 0.508581 0.434483 0.982837 0.651724
73 0.508581 0.434483 0.982837 0.651724
56 0.512544 0.433908 0.973599 0.655172
84 0.511312 0.437356 0.977376 0.647126
109 0.515212 0.435057 0.969575 0.644828
111 0.508971 0.435632 0.982057 0.647126
110 0.511702 0.437356 0.976596 0.647126
46 0.508581 0.434195 0.982837 0.652299
97 0.511702 0.437356 0.976596 0.647126
73 0.508581 0.434195 0.982837 0.652299
100 0.508581 0.434195 0.982837 0.652299
56 0.511764 0.433908 0.973599 0.656322
84 0.511702 0.437356 0.976596 0.647126
109 0.515212 0.435057 0.969575 0.644828
111 0.508581 0.435632 0.982837 0.647126
110 0.511702 0.437356 0.976596 0.648276
97 0.511702 0.437356 0.976596 0.648276
46 0.508191 0.433908 0.983617 0.652874
73 0.508191 0.433908 0.983617 0.652874
100 0.508191 0.433908 0.983617 0.652874
56 0.512154 0.433908 0.972819 0.655172
84 0.511702 0.437356 0.976596 0.648276
109 0.515212 0.435057 0.969575 0.644828
111 0.508581 0.433908 0.982837 0.652874
110 0.511702 0.437931 0.976596 0.648276
97 0.511702 0.437931 0.976596 0.648276
46 0.508581 0.433908 0.982837 0.652874
100 0.508581 0.433908 0.982837 0.652874
73 0.508581 0.433908 0.982837 0.652874
56 0.512154 0.434195 0.972819 0.654598
84 0.511702 0.437931 0.976596 0.648276
109 0.515212 0.435057 0.969575 0.644828
111 0.508581 0.43592 0.982837 0.647701
110 0.511312 0.437931 0.977376 0.648276
97 0.511312 0.437931 0.977376 0.648276
46 0.508191 0.433908 0.983617 0.652874
100 0.508191 0.433908 0.983617 0.652874
73 0.508191 0.433908 0.983617 0.652874
56 0.512154 0.434483 0.972819 0.655172
84 0.511312 0.437931 0.977376 0.648276
109 0.515212 0.435057 0.969575 0.644828
111 0.508581 0.43592 0.982837 0.647701
110 0.511702 0.437931 0.976596 0.648276
97 0.511702 0.437931 0.976596 0.648276
46 0.508581 0.43592 0.982837 0.647701
73 0.508581 0.43592 0.982837 0.647701
100 0.508191 0.433333 0.983617 0.652874
56 0.512154 0.434483 0.972819 0.655172
84 0.511702 0.437931 0.976596 0.648276
109 0.514432 0.434483 0.971135 0.648276
111 0.508581 0.43592 0.982837 0.647701
110 0.511312 0.437644 0.977376 0.648851
97 0.511312 0.437644 0.977376 0.648851
46 0.508581 0.43592 0.982837 0.647701
73 0.508581 0.43592 0.982837 0.647701
56 0.512154 0.434483 0.972819 0.655172
100 0.508581 0.43592 0.982837 0.647701
84 0.512154 0.434483 0.972819 0.655172
109 0.514432 0.434483 0.971135 0.648276
111 0.508581 0.435632 0.982837 0.648276
110 0.511312 0.437931 0.977376 0.648276
46 0.508581 0.435632 0.982837 0.648276
97 0.511312 0.437931 0.977376 0.648276
73 0.508581 0.435632 0.982837 0.648276
56 0.512154 0.434483 0.972819 0.655172
100 0.508581 0.435632 0.982837 0.648276
109 0.514432 0.43477 0.971135 0.648851
111 0.508581 0.435632 0.982837 0.648276
110 0.510922 0.437644 0.978156 0.648851
97 0.510922 0.437644 0.978156 0.648851
46 0.508581 0.435632 0.982837 0.648276
56 0.512154 0.434483 0.972819 0.655172
73 0.508581 0.435632 0.982837 0.648276
100 0.508581 0.435632 0.982837 0.648276
109 0.514432 0.434483 0.971135 0.649425
111 0.508191 0.435345 0.983617 0.648851
110 0.511312 0.437644 0.977376 0.648851
97 0.511312 0.437644 0.977376 0.648851
46 0.508191 0.435345 0.983617 0.648851
56 0.512154 0.434483 0.972819 0.655172
73 0.508191 0.435345 0.983617 0.648851
100 0.507801 0.433333 0.984397 0.655172
109 0.514432 0.434483 0.971135 0.649425
111 0.508191 0.435632 0.983617 0.648276
110 0.511312 0.437644 0.977376 0.648851
46 0.508191 0.435632 0.983617 0.648276
97 0.511312 0.437644 0.977376 0.648851
56 0.512154 0.434483 0.972819 0.655172
73 0.508191 0.435632 0.983617 0.648276
100 0.507801 0.433333 0.984397 0.655172
109 0.514432 0.434483 0.971135 0.649425
111 0.507863 0.435057 0.982961 0.649425
110 0.510922 0.437931 0.978156 0.648276
46 0.507863 0.435057 0.982961 0.649425
97 0.510922 0.437931 0.978156 0.648276
56 0.512154 0.434483 0.972819 0.655172
73 0.507863 0.435057 0.982961 0.649425
100 0.507863 0.435057 0.982961 0.649425
109 0.514822 0.434483 0.970355 0.649425
111 0.507863 0.435057 0.982961 0.649425
110 0.510922 0.437644 0.978156 0.648851
46 0.507863 0.435057 0.982961 0.649425
97 0.510922 0.437644 0.978156 0.648851
56 0.512154 0.434483 0.972819 0.655172
73 0.507863 0.435057 0.982961 0.649425
100 0.507863 0.435057 0.982961 0.649425
109 0.514822 0.434483 0.970355 0.649425
111 0.507801 0.435057 0.984397 0.649425
110 0.510922 0.437644 0.978156 0.648851
46 0.507801 0.435057 0.984397 0.649425
97 0.510922 0.437644 0.978156 0.648851
56 0.512154 0.434483 0.972819 0.655172
73 0.507801 0.435057 0.984397 0.649425
100 0.507801 0.435057 0.984397 0.649425
109 0.514822 0.435057 0.970355 0.649425
111 0.507801 0.435057 0.984397 0.649425
110 0.510922 0.437644 0.978156 0.648851
46 0.507801 0.435057 0.984397 0.649425
97 0.510922 0.437644 0.978156 0.648851
56 0.507801 0.435057 0.984397 0.649425
73 0.507801 0.435057 0.984397 0.649425
100 0.507801 0.435057 0.984397 0.649425
109 0.514822 0.43477 0.970355 0.65
111 0.507863 0.435057 0.982961 0.649425
110 0.510922 0.437644 0.978156 0.648851
46 0.507863 0.435057 0.982961 0.649425
97 0.510922 0.437644 0.978156 0.648851
56 0.511764 0.434483 0.973599 0.655172
73 0.507863 0.435057 0.982961 0.649425
100 0.507863 0.435057 0.982961 0.649425
109 0.514822 0.43477 0.970355 0.65
111 0.507863 0.435057 0.982961 0.649425
110 0.510922 0.437644 0.978156 0.648851
46 0.507863 0.435057 0.982961 0.649425
97 0.510922 0.437644 0.978156 0.648851
56 0.511764 0.434195 0.973599 0.654598
73 0.507863 0.435057 0.982961 0.649425
100 0.507863 0.435057 0.982961 0.649425
109 0.514822 0.434483 0.970355 0.650575
111 0.507863 0.435057 0.982961 0.649425
110 0.510922 0.437644 0.978156 0.648851
46 0.507863 0.435057 0.982961 0.649425
97 0.510922 0.437644 0.978156 0.648851
56 0.511764 0.434195 0.973599 0.654598
73 0.507863 0.435057 0.982961 0.649425
100 0.507863 0.435057 0.982961 0.649425
109 0.514822 0.434483 0.970355 0.650575
111 0.507473 0.434483 0.983741 0.650575
110 0.510922 0.437644 0.978156 0.648851
46 0.507473 0.434483 0.983741 0.650575
97 0.510922 0.437644 0.978156 0.648851
56 0.511764 0.434195 0.973599 0.654598
73 0.507473 0.434483 0.983741 0.650575
100 0.507473 0.434483 0.983741 0.650575
109 0.514822 0.434483 0.970355 0.650575
111 0.507473 0.434483 0.983741 0.650575
110 0.511312 0.437644 0.977376 0.648851
46 0.507473 0.434483 0.983741 0.650575
97 0.511312 0.437644 0.977376 0.648851
56 0.511764 0.433908 0.973599 0.655172
73 0.507473 0.434483 0.983741 0.650575
100 0.507473 0.434483 0.983741 0.650575
109 0.514822 0.434483 0.970355 0.650575
111 0.507801 0.433908 0.984397 0.651724
110 0.511312 0.437356 0.977376 0.648276
46 0.507801 0.433908 0.984397 0.651724
97 0.511312 0.437356 0.977376 0.648276
56 0.511764 0.433621 0.973599 0.654598
73 0.507801 0.433908 0.984397 0.651724
100 0.507801 0.433908 0.984397 0.651724
109 0.514822 0.434483 0.970355 0.650575
111 0.507863 0.433908 0.982961 0.651724
110 0.511312 0.437356 0.977376 0.648276
97 0.511312 0.437356 0.977376 0.648276
46 0.507863 0.433908 0.982961 0.651724
56 0.511764 0.433621 0.973599 0.654598
73 0.507863 0.433908 0.982961 0.651724
100 0.507863 0.433908 0.982961 0.651724
109 0.514822 0.434483 0.970355 0.650575
111 0.507863 0.433908 0.982961 0.651724
110 0.510922 0.437644 0.978156 0.648851
97 0.510922 0.437644 0.978156 0.648851
46 0.507863 0.433908 0.982961 0.651724
56 0.512154 0.433333 0.972819 0.655172
73 0.507863 0.433908 0.982961 0.651724
100 0.507863 0.433908 0.982961 0.651724
109 0.515212 0.434483 0.969575 0.650575
111 0.507863 0.433908 0.982961 0.651724
110 0.510922 0.437356 0.978156 0.649425
97 0.510922 0.437356 0.978156 0.649425
46 0.507863 0.433908 0.982961 0.651724
56 0.512154 0.433333 0.972819 0.655172
73 0.507863 0.433908 0.982961 0.651724
100 0.507863 0.433908 0.982961 0.651724
109 0.515212 0.434483 0.969575 0.650575
111 0.507863 0.433908 0.982961 0.651724
110 0.510922 0.437356 0.978156 0.649425
97 0.510922 0.437356 0.978156 0.649425
46 0.507863 0.433908 0.982961 0.651724
56 0.512154 0.433333 0.972819 0.655172
73 0.507863 0.433908 0.982961 0.651724
100 0.507863 0.433908 0.982961 0.651724
109 0.515212 0.434483 0.969575 0.650575
111 0.507863 0.433621 0.982961 0.652299
110 0.511312 0.437069 0.977376 0.648851
97 0.511312 0.437069 0.977376 0.648851
46 0.507863 0.433621 0.982961 0.652299
56 0.511764 0.433333 0.973599 0.655172
73 0.507863 0.433621 0.982961 0.652299
100 0.507863 0.433621 0.982961 0.652299
109 0.515212 0.434483 0.969575 0.650575
111 0.508191 0.433333 0.983617 0.651724
110 0.511312 0.437069 0.977376 0.648851
97 0.511312 0.437069 0.977376 0.648851
46 0.508191 0.433333 0.983617 0.651724
56 0.511764 0.433333 0.973599 0.655172
73 0.508191 0.433333 0.983617 0.651724
100 0.508191 0.433333 0.983617 0.651724
109 0.515212 0.434483 0.969575 0.650575
111 0.508191 0.433333 0.983617 0.651724
110 0.510922 0.437069 0.978156 0.648851
97 0.510922 0.437069 0.978156 0.648851
46 0.508191 0.433333 0.983617 0.651724
56 0.512154 0.433333 0.972819 0.655172
73 0.508191 0.433333 0.983617 0.651724
100 0.508191 0.433333 0.983617 0.651724
109 0.515212 0.434483 0.969575 0.650575
111 0.508191 0.433333 0.983617 0.651724
110 0.511312 0.437069 0.977376 0.648851
97 0.511312 0.437069 0.977376 0.648851
46 0.508191 0.433333 0.983617 0.651724
56 0.512154 0.433046 0.972819 0.655747
73 0.508191 0.433333 0.983617 0.651724
100 0.508191 0.433333 0.983617 0.651724
109 0.515212 0.434483 0.969575 0.650575
111 0.508581 0.433333 0.982837 0.651724
110 0.511312 0.436782 0.977376 0.648276
97 0.516383 0.437644 0.967235 0.648851
46 0.508581 0.433333 0.982837 0.651724
56 0.512154 0.432759 0.972819 0.655172
73 0.508581 0.433333 0.982837 0.651724
100 0.508581 0.433333 0.982837 0.651724
109 0.515603 0.434483 0.968795 0.650575
111 0.508581 0.433333 0.982837 0.651724
110 0.511312 0.437069 0.977376 0.648851
46 0.508581 0.433333 0.982837 0.651724
97 0.516773 0.437644 0.966455 0.648851
56 0.512154 0.433046 0.972819 0.655747
73 0.508581 0.433333 0.982837 0.651724
100 0.508581 0.433333 0.982837 0.651724
109 0.515212 0.434483 0.969575 0.650575
111 0.508581 0.433333 0.982837 0.651724
110 0.511312 0.436782 0.977376 0.648276
97 0.516383 0.437644 0.967235 0.648851
46 0.508581 0.433333 0.982837 0.651724
56 0.512544 0.432759 0.973599 0.655172
73 0.508581 0.433333 0.982837 0.651724
100 0.508581 0.433333 0.982837 0.651724
109 0.515212 0.43477 0.969575 0.65
111 0.508581 0.433908 0.982837 0.651724
110 0.511312 0.437069 0.977376 0.648851
46 0.508581 0.433908 0.982837 0.651724
97 0.516383 0.437644 0.967235 0.648851
56 0.512544 0.433046 0.973599 0.655747
73 0.508581 0.433908 0.982837 0.651724
100 0.508581 0.433908 0.982837 0.651724
109 0.515212 0.434483 0.969575 0.650575
111 0.508581 0.433908 0.982837 0.651724
110 0.511702 0.437069 0.976596 0.648851
46 0.508581 0.433908 0.982837 0.651724
97 0.516773 0.437644 0.966455 0.648851
56 0.512544 0.432759 0.973599 0.655172
73 0.508581 0.433908 0.982837 0.651724
100 0.508581 0.433908 0.982837 0.651724
109 0.515212 0.434483 0.969575 0.650575
111 0.508581 0.433908 0.982837 0.651724
110 0.511702 0.436782 0.976596 0.649425
46 0.508581 0.433908 0.982837 0.651724
97 0.516773 0.437644 0.966455 0.648851
56 0.512544 0.432759 0.973599 0.655172
73 0.508581 0.433908 0.982837 0.651724
100 0.508581 0.433908 0.982837 0.651724
109 0.515603 0.43477 0.968795 0.65
111 0.508581 0.433908 0.982837 0.651724
110 0.511702 0.437069 0.976596 0.648851
46 0.508581 0.433908 0.982837 0.651724
97 0.516773 0.437644 0.966455 0.648851
56 0.512544 0.432759 0.973599 0.655172
73 0.508581 0.433908 0.982837 0.651724
100 0.508581 0.433908 0.982837 0.651724
109 0.515603 0.43477 0.968795 0.65
111 0.508581 0.433908 0.982837 0.651724
110 0.511702 0.436782 0.976596 0.648276
97 0.516773 0.437644 0.966455 0.648851
46 0.508581 0.433908 0.982837 0.651724
56 0.512544 0.432759 0.973599 0.655172
73 0.508581 0.433908 0.982837 0.651724
100 0.508581 0.433908 0.982837 0.651724
109 0.515212 0.43477 0.969575 0.65
111 0.508581 0.434195 0.982837 0.651149
110 0.511702 0.436782 0.976596 0.648276
97 0.516773 0.437644 0.966455 0.648851
46 0.508581 0.434195 0.982837 0.651149
56 0.512544 0.432759 0.973599 0.654023
73 0.508581 0.434195 0.982837 0.651149
100 0.508581 0.434195 0.982837 0.651149
109 0.515603 0.435057 0.968795 0.650575
111 0.508581 0.434195 0.982837 0.651149
110 0.511702 0.436782 0.976596 0.648276
97 0.516773 0.437644 0.966455 0.648851
46 0.508581 0.434195 0.982837 0.651149
56 0.512934 0.432471 0.972819 0.654598
73 0.508581 0.434195 0.982837 0.651149
100 0.508581 0.434195 0.982837 0.651149
109 0.515603 0.435057 0.968795 0.650575
111 0.508581 0.433908 0.982837 0.650575
110 0.511702 0.436782 0.976596 0.648276
97 0.516773 0.437356 0.966455 0.649425
46 0.508581 0.433908 0.982837 0.650575
56 0.513262 0.432471 0.973476 0.654598
73 0.508581 0.433908 0.982837 0.650575
100 0.508581 0.433908 0.982837 0.650575
109 0.515212 0.435057 0.969575 0.650575
111 0.508581 0.433908 0.982837 0.650575
110 0.511702 0.436494 0.976596 0.648851
97 0.516773 0.437644 0.966455 0.648851
46 0.508581 0.433908 0.982837 0.650575
56 0.512544 0.432759 0.973599 0.654023
73 0.508581 0.433908 0.982837 0.650575
100 0.508581 0.433908 0.982837 0.650575
109 0.515212 0.435057 0.969575 0.650575
111 0.508581 0.433908 0.982837 0.650575
110 0.511702 0.436782 0.976596 0.648276
97 0.516773 0.437356 0.966455 0.648276
46 0.508581 0.433908 0.982837 0.650575
56 0.512544 0.432471 0.973599 0.654598
73 0.508581 0.433908 0.982837 0.650575
100 0.508581 0.433908 0.982837 0.650575
109 0.515212 0.435057 0.969575 0.650575
111 0.508581 0.433621 0.982837 0.65
110 0.511702 0.436782 0.976596 0.648276
97 0.516773 0.437644 0.966455 0.648851
46 0.508581 0.433621 0.982837 0.65
56 0.512544 0.432759 0.973599 0.654023
73 0.508581 0.433621 0.982837 0.65
100 0.508581 0.433621 0.982837 0.65
109 0.515603 0.435057 0.968795 0.650575
111 0.508581 0.433908 0.982837 0.649425
110 0.511702 0.436207 0.976596 0.648276
97 0.516773 0.437356 0.966455 0.649425
46 0.508581 0.433908 0.982837 0.649425
56 0.512544 0.432759 0.973599 0.654023
73 0.508581 0.433908 0.982837 0.649425
100 0.508581 0.433908 0.982837 0.649425
109 0.515603 0.435057 0.968795 0.650575
111 0.508581 0.433908 0.982837 0.649425
110 0.511702 0.436207 0.976596 0.648276
97 0.516773 0.437356 0.966455 0.649425
46 0.508581 0.433908 0.982837 0.649425
56 0.512934 0.432759 0.972819 0.654023
73 0.508581 0.433908 0.982837 0.649425
100 0.508581 0.433908 0.982837 0.649425
109 0.515603 0.435345 0.968795 0.65
111 0.508581 0.433908 0.982837 0.649425
110 0.511702 0.436207 0.976596 0.648276
97 0.516773 0.437644 0.966455 0.648851
46 0.508581 0.433908 0.982837 0.649425
56 0.512544 0.432759 0.973599 0.652874
73 0.508581 0.433908 0.982837 0.649425
100 0.508581 0.433908 0.982837 0.649425
109 0.515603 0.435345 0.968795 0.65
111 0.508581 0.433908 0.982837 0.649425
110 0.511702 0.436207 0.976596 0.648276
97 0.516773 0.437644 0.966455 0.648851
46 0.508581 0.433908 0.982837 0.649425
56 0.513262 0.432759 0.973476 0.652874
73 0.508581 0.433908 0.982837 0.649425
100 0.508581 0.433908 0.982837 0.649425
109 0.515603 0.435345 0.968795 0.65
111 0.508971 0.433908 0.982057 0.649425
110 0.511702 0.436494 0.976596 0.647701
97 0.516773 0.437644 0.966455 0.648851
46 0.508971 0.433908 0.982057 0.649425
56 0.512934 0.432759 0.972819 0.652874
73 0.508971 0.433908 0.982057 0.649425
100 0.508971 0.433908 0.982057 0.649425
109 0.515603 0.435632 0.968795 0.650575
111 0.508971 0.433908 0.982057 0.649425
110 0.511702 0.436207 0.976596 0.648276
97 0.517163 0.437644 0.965674 0.648851
46 0.508971 0.433908 0.982057 0.649425
56 0.513262 0.432471 0.973476 0.652299
73 0.508971 0.433908 0.982057 0.649425
100 0.508971 0.433908 0.982057 0.649425
109 0.515603 0.435632 0.968795 0.649425
111 0.509362 0.433908 0.981277 0.649425
110 0.511702 0.436207 0.976596 0.647126
97 0.511702 0.436207 0.976596 0.647126
46 0.509362 0.433908 0.981277 0.649425
56 0.513262 0.432471 0.973476 0.652299
73 0.509362 0.433908 0.981277 0.649425
100 0.509362 0.433908 0.981277 0.649425
109 0.515993 0.435632 0.968015 0.650575
111 0.509362 0.434195 0.981277 0.648851
110 0.512092 0.436207 0.975816 0.647126
97 0.512092 0.436207 0.975816 0.647126
46 0.509362 0.434195 0.981277 0.648851
56 0.513262 0.432471 0.973476 0.652299
73 0.509362 0.434195 0.981277 0.648851
109 0.515603 0.43592 0.968795 0.65
111 0.508971 0.434195 0.982057 0.648851
110 0.512092 0.436207 0.975816 0.647126
97 0.512092 0.436207 0.975816 0.647126
46 0.508971 0.434195 0.982057 0.648851
56 0.513262 0.432471 0.973476 0.652299
73 0.508971 0.434195 0.982057 0.648851
109 0.515993 0.43592 0.968015 0.65
111 0.508971 0.434195 0.982057 0.648851
110 0.511702 0.43592 0.976596 0.647701
97 0.511702 0.43592 0.976596 0.647701
46 0.508971 0.434195 0.982057 0.648851
56 0.513324 0.432471 0.972039 0.652299
73 0.508971 0.434195 0.982057 0.648851
109 0.515993 0.43592 0.968015 0.65
111 0.509362 0.433908 0.981277 0.649425
110 0.511702 0.436207 0.976596 0.647126
97 0.511702 0.436207 0.976596 0.647126
46 0.509362 0.433908 0.981277 0.649425
56 0.513262 0.432471 0.973476 0.652299
73 0.509362 0.433908 0.981277 0.649425
109 0.515993 0.43592 0.968015 0.65
111 0.509362 0.433908 0.981277 0.649425
110 0.511702 0.436207 0.976596 0.647126
97 0.511702 0.436207 0.976596 0.647126
46 0.509362 0.433908 0.981277 0.649425
56 0.513262 0.432471 0.973476 0.652299
73 0.509362 0.433908 0.981277 0.649425
