48 0.501126 0.446699 0.953894 0.488624
50 0.501126 0.446699 0.953894 0.488624
49 0.501126 0.446699 0.953894 0.488624
101 0.501126 0.446699 0.953894 0.488624
53 0.499956 0.441643 0.965594 0.504354
68 0.494106 0.462921 0.963254 0.451685
95 0.501126 0.446699 0.953894 0.488624
67 0.501126 0.446699 0.953894 0.488624
47 0.476557 0.435393 0.917236 0.5
103 0.494106 0.462921 0.963254 0.451685
74 0.494106 0.462921 0.963254 0.451685
104 0.494106 0.462921 0.963254 0.451685
79 0.494106 0.462921 0.963254 0.451685
84 0.499956 0.441643 0.965594 0.504354
56 0.494106 0.462921 0.963254 0.451685
111 0.494106 0.462921 0.963254 0.451685
109 0.499956 0.441643 0.965594 0.504354
105 0.501126 0.446699 0.953894 0.488624
46 0.494106 0.462921 0.963254 0.451685
75 0.501126 0.446699 0.953894 0.488624
54 0.501126 0.446699 0.953894 0.488624
73 0.501126 0.446699 0.953894 0.488624
66 0.501126 0.446699 0.953894 0.488624
77 0.499956 0.441643 0.965594 0.504354
100 0.479677 0.470787 0.940635 0.437079
102 0.501126 0.446699 0.953894 0.488624
97 0.494106 0.462921 0.963254 0.451685
76 0.499956 0.441643 0.965594 0.504354
42 0.494106 0.462921 0.963254 0.451685
50 0.465638 0.512921 0.928155 0.366292
48 0.465638 0.512921 0.928155 0.366292
17 0.501126 0.446699 0.953894 0.488624
41 0.499956 0.441643 0.965594 0.504354
49 0.465638 0.512921 0.928155 0.366292
81 0.495276 0.43736 0.959354 0.494944
99 0.476557 0.435393 0.917236 0.5
110 0.479677 0.470787 0.940635 0.437079
51 0.499956 0.441643 0.965594 0.504354
54 0.462908 0.547331 0.921136 0.296348
38 0.479677 0.470787 0.940635 0.437079
53 0.462908 0.547331 0.921136 0.296348
33 0.494106 0.462921 0.963254 0.451685
108 0.494106 0.462921 0.963254 0.451685
109 0.462908 0.547331 0.921136 0.296348
79 0.462908 0.547331 0.921136 0.296348
15 0.476557 0.435393 0.917236 0.5
14 0.499956 0.441643 0.965594 0.504354
42 0.462908 0.547331 0.921136 0.296348
17 0.465638 0.512921 0.928155 0.366292
65 0.501126 0.446699 0.953894 0.488624
95 0.462908 0.547331 0.921136 0.296348
75 0.465638 0.512921 0.928155 0.366292
5 0.501126 0.446699 0.953894 0.488624
101 0.465638 0.512921 0.928155 0.366292
78 0.499956 0.441643 0.965594 0.504354
16 0.501126 0.446699 0.953894 0.488624
104 0.462908 0.547331 0.921136 0.296348
31 0.498006 0.43139 0.944535 0.5125
67 0.462908 0.547331 0.921136 0.296348
110 0.462908 0.547331 0.921136 0.296348
80 0.495276 0.43736 0.959354 0.494944
13 0.501126 0.446699 0.953894 0.488624
0 0.476557 0.435393 0.917236 0.5
74 0.462908 0.547331 0.921136 0.296348
34 0.494106 0.462921 0.963254 0.451685
7 0.479677 0.470787 0.940635 0.437079
52 0.494496 0.444452 0.921916 0.476264
84 0.465638 0.512921 0.928155 0.366292
66 0.465638 0.512921 0.928155 0.366292
11 0.479677 0.470787 0.940635 0.437079
21 0.481627 0.467697 0.939855 0.435393
72 0.499956 0.441643 0.965594 0.504354
99 0.450038 0.517416 0.873558 0.346067
77 0.465638 0.512921 0.928155 0.366292
26 0.501126 0.446699 0.953894 0.488624
46 0.462908 0.547331 0.921136 0.296348
73 0.465638 0.512921 0.928155 0.366292
76 0.462908 0.547331 0.921136 0.296348
105 0.462908 0.547331 0.921136 0.296348
12 0.501126 0.446699 0.953894 0.488624
28 0.479677 0.470787 0.940635 0.437079
47 0.450038 0.517416 0.873558 0.346067
108 0.462908 0.547331 0.921136 0.296348
14 0.462908 0.547331 0.921136 0.296348
56 0.462908 0.547331 0.921136 0.296348
41 0.462908 0.547331 0.921136 0.296348
81 0.462908 0.547331 0.921136 0.296348
48 0.536614 0.417697 0.798682 0.526405
50 0.495666 0.432865 0.972613 0.507303
99 0.536614 0.417697 0.798682 0.526405
46 0.500346 0.42191 0.964814 0.530337
111 0.536614 0.417697 0.798682 0.526405
47 0.536614 0.417697 0.798682 0.526405
101 0.495666 0.432865 0.972613 0.507303
48 0.488647 0.47198 0.966374 0.453792
49 0.500346 0.42191 0.964814 0.530337
109 0.500346 0.42191 0.964814 0.530337
110 0.500346 0.42191 0.964814 0.530337
67 0.536614 0.417697 0.798682 0.526405
53 0.497616 0.42198 0.982753 0.526826
75 0.500346 0.42191 0.964814 0.530337
102 0.500346 0.42191 0.964814 0.530337
68 0.516725 0.421067 0.925816 0.524157
51 0.497616 0.42198 0.982753 0.526826
77 0.500346 0.42191 0.964814 0.530337
73 0.497616 0.42198 0.982753 0.526826
100 0.500346 0.42191 0.964814 0.530337
84 0.497616 0.42198 0.982753 0.526826
76 0.500346 0.42191 0.964814 0.530337
103 0.496836 0.423876 0.964034 0.520787
95 0.495666 0.432865 0.972613 0.507303
54 0.500346 0.42191 0.964814 0.530337
52 0.536614 0.417697 0.798682 0.526405
50 0.595501 0.415801 0.659068 0.483006
111 0.488647 0.47198 0.966374 0.453792
48 0.379452 0.508989 0.747204 0.375281
56 0.516725 0.421067 0.925816 0.524157
105 0.500346 0.42191 0.964814 0.530337
97 0.510876 0.422402 0.953114 0.525983
48 0.201279 0.469663 0.395344 0.465169
67 0.458228 0.467907 0.908656 0.46868
47 0.488647 0.47198 0.966374 0.453792
99 0.487087 0.474719 0.957014 0.437079
48 0.397781 0.888764 0.787762 0.222472
48 0.651171 0.416854 0.586727 0.478652
46 0.595501 0.415801 0.659068 0.483006
50 0.286441 0.896629 0.571323 0.206742
49 0.595501 0.415801 0.659068 0.483006
38 0.536614 0.417697 0.798682 0.526405
48 0.286441 0.896629 0.571323 0.206742
50 0.393491 0.910674 0.783862 0.178652
111 0.503856 0.855056 0.974953 0.289888
46 0.388811 0.475281 0.768263 0.45618
68 0.586922 0.416222 0.655949 0.499017
104 0.500346 0.42191 0.964814 0.530337
75 0.595501 0.415801 0.659068 0.483006
101 0.388811 0.475281 0.768263 0.45618
109 0.388811 0.475281 0.768263 0.45618
46 0.397781 0.888764 0.787762 0.222472
111 0.198549 0.442416 0.388324 0.524157
48 0.499176 0.419382 0.979633 0.55
50 0.496446 0.42184 0.989773 0.554073
48 0.484357 0.502809 0.960914 0.403371
49 0.499176 0.419382 0.979633 0.55
99 0.499176 0.419382 0.979633 0.55
51 0.499176 0.419382 0.979633 0.55
100 0.499176 0.419382 0.979633 0.55
46 0.499176 0.419382 0.979633 0.55
68 0.498006 0.416292 0.991332 0.567416
68 0.483967 0.55 0.960134 0.301124
50 0.484357 0.502809 0.960914 0.403371
73 0.499176 0.419382 0.979633 0.55
75 0.499176 0.419382 0.979633 0.55
68 0.486307 0.867977 0.960134 0.264045
49 0.484357 0.502809 0.960914 0.403371
100 0.484357 0.502809 0.960914 0.403371
48 0.494496 0.333708 0.970273 0.667416
76 0.499176 0.419382 0.979633 0.55
48 0.494106 0.223315 0.971053 0.446629
68 0.497616 0.252949 0.967154 0.505899
47 0.499176 0.419382 0.979633 0.55
99 0.484357 0.502809 0.960914 0.403371
102 0.498006 0.416292 0.991332 0.567416
68 0.497226 0.802247 0.989773 0.395506
101 0.496446 0.42184 0.989773 0.554073
101 0.483967 0.55 0.960134 0.301124
109 0.496446 0.42184 0.989773 0.554073
102 0.483967 0.55 0.960134 0.301124
53 0.499176 0.419382 0.979633 0.55
53 0.486307 0.867977 0.960134 0.264045
51 0.484357 0.502809 0.960914 0.403371
53 0.483967 0.55 0.960134 0.301124
46 0.484357 0.502809 0.960914 0.403371
77 0.498006 0.416292 0.991332 0.567416
84 0.499176 0.419382 0.979633 0.55
53 0.486697 0.80309 0.962474 0.39382
111 0.499176 0.419382 0.979633 0.55
46 0.494496 0.333708 0.970273 0.667416
49 0.494496 0.333708 0.970273 0.667416
50 0.494496 0.333708 0.970273 0.667416
109 0.484357 0.502809 0.960914 0.403371
48 0.486307 0.867977 0.960134 0.264045
76 0.484357 0.502809 0.960914 0.403371
48 0.499176 0.739326 0.988993 0.521348
53 0.494106 0.223315 0.971053 0.446629
111 0.483967 0.55 0.960134 0.301124
75 0.494106 0.223315 0.971053 0.446629
77 0.483967 0.55 0.960134 0.301124
95 0.486307 0.867977 0.960134 0.264045
100 0.494496 0.333708 0.970273 0.667416
52 0.499176 0.419382 0.979633 0.55
51 0.494496 0.333708 0.970273 0.667416
52 0.486697 0.80309 0.962474 0.39382
84 0.486697 0.80309 0.962474 0.39382
109 0.486307 0.867977 0.960134 0.264045
68 0.484357 0.913483 0.953114 0.173034
68 0.503076 0.487079 0.973393 0.401124
95 0.492156 0.237079 0.979633 0.474157
109 0.486697 0.80309 0.962474 0.39382
67 0.486307 0.867977 0.960134 0.264045
73 0.484357 0.502809 0.960914 0.403371
84 0.492936 0.261376 0.982753 0.522753
52 0.486307 0.867977 0.960134 0.264045
76 0.492936 0.261376 0.982753 0.522753
110 0.483967 0.55 0.960134 0.301124
56 0.486697 0.80309 0.962474 0.39382
67 0.498006 0.416292 0.991332 0.567416
110 0.496446 0.42184 0.989773 0.554073
95 0.486697 0.80309 0.962474 0.39382
109 0.497616 0.252949 0.967154 0.505899
67 0.483967 0.55 0.960134 0.301124
99 0.494496 0.333708 0.970273 0.667416
84 0.486307 0.867977 0.960134 0.264045
73 0.494496 0.333708 0.970273 0.667416
77 0.497616 0.252949 0.967154 0.505899
101 0.497616 0.252949 0.967154 0.505899
52 0.494106 0.223315 0.971053 0.446629
111 0.486307 0.867977 0.960134 0.264045
101 0.486307 0.867977 0.960134 0.264045
111 0.486697 0.80309 0.962474 0.39382
46 0.494106 0.223315 0.971053 0.446629
99 0.494106 0.223315 0.971053 0.446629
49 0.494106 0.223315 0.971053 0.446629
102 0.486307 0.867977 0.960134 0.264045
52 0.492936 0.522472 0.981193 0.370787
56 0.486307 0.867977 0.960134 0.264045
75 0.493326 0.333708 0.971053 0.667416
48 0.651659 0.427528 0.665308 0.550562
47 0.494496 0.333708 0.970273 0.667416
74 0.485527 0.278652 0.964814 0.557303
100 0.494106 0.223315 0.971053 0.446629
50 0.492936 0.186096 0.979633 0.372191
111 0.492936 0.261376 0.982753 0.522753
80 0.492936 0.261376 0.982753 0.522753
67 0.497226 0.802247 0.989773 0.395506
48 0.501516 0.0563202 0.962474 0.11264
68 0.501516 0.0563202 0.962474 0.11264
51 0.494106 0.223315 0.971053 0.446629
102 0.497226 0.802247 0.989773 0.395506
80 0.486697 0.80309 0.962474 0.39382
102 0.503076 0.487079 0.973393 0.401124
47 0.484357 0.502809 0.960914 0.403371
97 0.499176 0.419382 0.979633 0.55
108 0.492156 0.237079 0.979633 0.474157
97 0.492936 0.261376 0.982753 0.522753
110 0.497616 0.252949 0.967154 0.505899
84 0.483967 0.55 0.960134 0.301124
101 0.497226 0.802247 0.989773 0.395506
110 0.486307 0.867977 0.960134 0.264045
73 0.494106 0.223315 0.971053 0.446629
53 0.493326 0.333708 0.971053 0.667416
47 0.494106 0.223315 0.971053 0.446629
52 0.493326 0.333708 0.971053 0.667416
75 0.484357 0.502809 0.960914 0.403371
78 0.497616 0.252949 0.967154 0.505899
77 0.486307 0.867977 0.960134 0.264045
110 0.486697 0.80309 0.962474 0.39382
67 0.497616 0.252949 0.967154 0.505899
95 0.484357 0.913483 0.953114 0.173034
95 0.468758 0.538764 0.937515 0.326966
102 0.496836 0.198034 0.970273 0.396067
77 0.503076 0.487079 0.973393 0.401124
56 0.497616 0.252949 0.967154 0.505899
50 0.501516 0.0563202 0.962474 0.11264
77 0.499176 0.739326 0.988993 0.521348
99 0.486697 0.80309 0.962474 0.39382
81 0.40987 0.542556 0.808821 0.292416
53 0.501516 0.0563202 0.962474 0.11264
49 0.666088 0.423315 0.644249 0.530899
99 0.486307 0.867977 0.960134 0.264045
104 0.40987 0.542556 0.808821 0.292416
81 0.486697 0.80309 0.962474 0.39382
95 0.32232 0.554073 0.639179 0.291854
75 0.486697 0.80309 0.962474 0.39382
54 0.486697 0.80309 0.962474 0.39382
80 0.486307 0.867977 0.960134 0.264045
48 0.488647 0.0984551 0.966374 0.19691
81 0.492936 0.261376 0.982753 0.522753
50 0.666088 0.423315 0.644249 0.530899
104 0.486697 0.80309 0.962474 0.39382
33 0.492936 0.261376 0.982753 0.522753
49 0.501516 0.0563202 0.962474 0.11264
103 0.486697 0.80309 0.962474 0.39382
67 0.484357 0.913483 0.953114 0.173034
48 0.514775 0.341503 0.917236 0.476545
17 0.492936 0.261376 0.982753 0.522753
68 0.488647 0.0984551 0.966374 0.19691
50 0.486307 0.867977 0.960134 0.264045
6 0.499176 0.419382 0.979633 0.55
56 0.40987 0.542556 0.808821 0.292416
50 0.499176 0.739326 0.988993 0.521348
50 0.488647 0.0984551 0.966374 0.19691
76 0.486697 0.80309 0.962474 0.39382
103 0.496446 0.42184 0.989773 0.554073
79 0.486697 0.80309 0.962474 0.39382
101 0.501516 0.0563202 0.962474 0.11264
97 0.484357 0.502809 0.960914 0.403371
78 0.40987 0.542556 0.808821 0.292416
101 0.484357 0.913483 0.953114 0.173034
103 0.486307 0.867977 0.960134 0.264045
104 0.486307 0.867977 0.960134 0.264045
108 0.40987 0.542556 0.808821 0.292416
75 0.486307 0.867977 0.960134 0.264045
54 0.492936 0.261376 0.982753 0.522753
53 0.484357 0.913483 0.953114 0.173034
74 0.486697 0.80309 0.962474 0.39382
52 0.651659 0.427528 0.665308 0.550562
66 0.492936 0.261376 0.982753 0.522753
105 0.40987 0.542556 0.808821 0.292416
79 0.40987 0.542556 0.808821 0.292416
104 0.265577 0.544944 0.524915 0.294382
108 0.486697 0.80309 0.962474 0.39382
49 0.514775 0.341503 0.917236 0.476545
56 0.439899 0.47809 0.868878 0.451685
81 0.439899 0.47809 0.868878 0.451685
100 0.501516 0.0563202 0.962474 0.11264
52 0.501516 0.0563202 0.962474 0.11264
17 0.503076 0.428652 0.940635 0.555056
76 0.486307 0.867977 0.960134 0.264045
109 0.501516 0.0563202 0.962474 0.11264
51 0.651659 0.427528 0.665308 0.550562
104 0.497616 0.252949 0.967154 0.505899
56 0.265577 0.544944 0.524915 0.294382
67 0.503076 0.487079 0.973393 0.401124
104 0.439899 0.47809 0.868878 0.451685
108 0.439899 0.47809 0.868878 0.451685
48 0.458618 0.931461 0.917236 0.137079
102 0.484357 0.913483 0.953114 0.173034
109 0.484357 0.913483 0.953114 0.173034
49 0.486307 0.867977 0.960134 0.264045
54 0.486307 0.867977 0.960134 0.264045
105 0.486697 0.80309 0.962474 0.39382
76 0.501516 0.0563202 0.962474 0.11264
74 0.492936 0.186096 0.979633 0.372191
103 0.484357 0.502809 0.960914 0.403371
46 0.486697 0.80309 0.962474 0.39382
75 0.501516 0.0563202 0.962474 0.11264
2 0.492936 0.261376 0.982753 0.522753
100 0.666088 0.423315 0.644249 0.530899
81 0.486307 0.867977 0.960134 0.264045
51 0.495276 0.0539326 0.981193 0.107865
81 0.265577 0.544944 0.524915 0.294382
53 0.488647 0.0984551 0.966374 0.19691
68 0.666088 0.423315 0.644249 0.530899
80 0.496446 0.42184 0.989773 0.554073
46 0.486307 0.867977 0.960134 0.264045
47 0.486307 0.867977 0.960134 0.264045
78 0.486697 0.80309 0.962474 0.39382
53 0.492156 0.678933 0.962474 0.642135
100 0.486697 0.80309 0.962474 0.39382
68 0.492156 0.678933 0.962474 0.642135
2 0.499176 0.419382 0.979633 0.55
52 0.492156 0.678933 0.962474 0.642135
100 0.486307 0.867977 0.960134 0.264045
47 0.486697 0.80309 0.962474 0.39382
53 0.666088 0.423315 0.644249 0.530899
49 0.499176 0.739326 0.988993 0.521348
77 0.501516 0.0563202 0.962474 0.11264
80 0.492936 0.522472 0.981193 0.370787
95 0.531934 0.420506 0.898517 0.533146
101 0.666088 0.423315 0.644249 0.530899
73 0.499176 0.739326 0.988993 0.521348
47 0.651659 0.427528 0.665308 0.550562
78 0.265577 0.544944 0.524915 0.294382
102 0.501516 0.0563202 0.962474 0.11264
79 0.265577 0.544944 0.524915 0.294382
105 0.265577 0.544944 0.524915 0.294382
46 0.501516 0.0563202 0.962474 0.11264
79 0.497616 0.252949 0.967154 0.505899
102 0.493326 0.333708 0.971053 0.667416
95 0.439899 0.47809 0.868878 0.451685
110 0.484357 0.913483 0.953114 0.173034
48 0.502296 0.438764 0.973393 0.493258
73 0.502296 0.438764 0.973393 0.493258
47 0.502296 0.438764 0.973393 0.493258
100 0.502296 0.438764 0.973393 0.493258
76 0.502296 0.438764 0.973393 0.493258
46 0.502296 0.438764 0.973393 0.493258
50 0.502296 0.438764 0.973393 0.493258
111 0.492936 0.424649 0.978073 0.534972
97 0.502296 0.438764 0.973393 0.493258
84 0.502296 0.438764 0.973393 0.493258
68 0.492936 0.424649 0.978073 0.534972
103 0.502296 0.438764 0.973393 0.493258
49 0.502296 0.438764 0.973393 0.493258
53 0.492936 0.424649 0.978073 0.534972
99 0.502296 0.438764 0.973393 0.493258
51 0.502296 0.438764 0.973393 0.493258
77 0.501126 0.45007 0.975733 0.498736
110 0.501126 0.45007 0.975733 0.498736
109 0.502296 0.438764 0.973393 0.493258
101 0.501126 0.45007 0.975733 0.498736
52 0.499566 0.422191 0.969493 0.529775
80 0.506196 0.423315 0.953114 0.530899
42 0.506196 0.423315 0.953114 0.530899
75 0.502296 0.438764 0.973393 0.493258
54 0.506196 0.423315 0.953114 0.530899
95 0.492936 0.424649 0.978073 0.534972
67 0.492936 0.424649 0.978073 0.534972
102 0.501126 0.45007 0.975733 0.498736
56 0.492936 0.424649 0.978073 0.534972
68 0.152385 0.479775 0.295801 0.440449
68 0.283126 0.476124 0.557673 0.451124
68 0.535054 0.563483 0.833 0.237079
48 0.499956 0.421419 0.956234 0.529073
49 0.499956 0.421419 0.956234 0.529073
50 0.495666 0.423034 0.958574 0.532584
51 0.485917 0.424719 0.965594 0.532584
47 0.485917 0.424719 0.965594 0.532584
100 0.495666 0.423034 0.958574 0.532584
99 0.499956 0.421419 0.956234 0.529073
73 0.497616 0.422542 0.954674 0.533567
76 0.495666 0.423034 0.958574 0.532584
46 0.497616 0.422542 0.954674 0.533567
97 0.497616 0.422542 0.954674 0.533567
111 0.485917 0.424719 0.965594 0.532584
77 0.504636 0.419944 0.943755 0.525281
101 0.495666 0.423034 0.958574 0.532584
42 0.497616 0.422542 0.954674 0.533567
48 0.499176 0.427598 0.953114 0.526826
99 0.499176 0.427598 0.953114 0.526826
51 0.499176 0.427598 0.953114 0.526826
73 0.494496 0.424719 0.960914 0.538202
50 0.497616 0.42191 0.970273 0.542697
49 0.499176 0.427598 0.953114 0.526826
47 0.499176 0.427598 0.953114 0.526826
46 0.499176 0.427598 0.953114 0.526826
100 0.499176 0.427598 0.953114 0.526826
76 0.494496 0.424719 0.960914 0.538202
77 0.494496 0.424719 0.960914 0.538202
111 0.497616 0.42191 0.970273 0.542697
75 0.497616 0.42191 0.970273 0.542697
103 0.497616 0.42191 0.970273 0.542697
101 0.497616 0.42191 0.970273 0.542697
84 0.497616 0.42191 0.970273 0.542697
97 0.497616 0.42191 0.970273 0.542697
110 0.494496 0.424719 0.960914 0.538202
48 0.493326 0.422191 0.966374 0.519663
47 0.500346 0.420506 0.953894 0.518539
51 0.493326 0.422191 0.966374 0.519663
49 0.493326 0.422191 0.966374 0.519663
50 0.493326 0.422191 0.966374 0.519663
46 0.493326 0.422191 0.966374 0.519663
73 0.493326 0.422191 0.966374 0.519663
99 0.500346 0.420506 0.953894 0.518539
100 0.493326 0.422191 0.966374 0.519663
111 0.491376 0.417978 0.960914 0.523596
52 0.493326 0.422191 0.966374 0.519663
101 0.491376 0.417978 0.960914 0.523596
48 0.505806 0.423666 0.969494 0.529073
47 0.499956 0.426685 0.971833 0.518539
49 0.499176 0.423315 0.976513 0.535393
51 0.505416 0.428933 0.965594 0.52191
73 0.499956 0.426685 0.971833 0.518539
50 0.499176 0.423315 0.976513 0.535393
99 0.499176 0.423315 0.976513 0.535393
46 0.499956 0.426685 0.971833 0.518539
100 0.499176 0.423315 0.976513 0.535393
101 0.499176 0.423315 0.976513 0.535393
111 0.499176 0.423315 0.976513 0.535393
76 0.499956 0.426685 0.971833 0.518539
48 0.494106 0.425 0.918016 0.523034
51 0.482797 0.432303 0.934395 0.519663
47 0.494106 0.425 0.918016 0.523034
49 0.482797 0.432303 0.934395 0.519663
99 0.484747 0.430267 0.907096 0.521489
73 0.484747 0.430267 0.907096 0.521489
46 0.482797 0.432303 0.934395 0.519663
50 0.482797 0.432303 0.934395 0.519663
100 0.484747 0.430267 0.907096 0.521489
76 0.482797 0.432303 0.934395 0.519663
48 0.506196 0.425843 0.965594 0.52809
47 0.506196 0.425843 0.965594 0.52809
49 0.506196 0.425843 0.965594 0.52809
51 0.505806 0.427809 0.972613 0.52191
111 0.500736 0.441854 0.976513 0.519663
73 0.505806 0.427809 0.972613 0.52191
101 0.500736 0.441854 0.976513 0.519663
46 0.506196 0.425843 0.965594 0.52809
50 0.505806 0.427809 0.972613 0.52191
99 0.505806 0.427809 0.972613 0.52191
77 0.499956 0.433708 0.978073 0.52809
100 0.502296 0.430337 0.971833 0.523596
67 0.500736 0.441854 0.976513 0.519663
102 0.499956 0.433708 0.978073 0.52809
53 0.500736 0.441854 0.976513 0.519663
76 0.505806 0.427809 0.972613 0.52191
110 0.499956 0.433708 0.978073 0.52809
52 0.506586 0.43139 0.960134 0.52823
48 0.482017 0.425351 0.921916 0.526826
47 0.482017 0.425351 0.921916 0.526826
51 0.479677 0.424157 0.914116 0.519101
46 0.474217 0.425843 0.912556 0.522472
49 0.473437 0.424438 0.915676 0.520787
73 0.473437 0.422542 0.909436 0.524579
100 0.473437 0.422542 0.909436 0.524579
99 0.473437 0.422542 0.909436 0.524579
50 0.473437 0.424438 0.915676 0.520787
76 0.477727 0.419663 0.910216 0.511236
111 0.473437 0.422542 0.909436 0.524579
101 0.473437 0.422542 0.909436 0.524579
48 0.465638 0.426685 0.929715 0.517416
47 0.465638 0.426685 0.929715 0.517416
49 0.486697 0.418469 0.948434 0.542837
51 0.457838 0.428652 0.901637 0.526966
50 0.493326 0.426334 0.928935 0.527107
100 0.493326 0.426334 0.928935 0.527107
46 0.486697 0.418469 0.948434 0.542837
73 0.493326 0.426334 0.928935 0.527107
99 0.493326 0.426334 0.928935 0.527107
76 0.493326 0.426334 0.928935 0.527107
48 0.494496 0.416222 0.957794 0.546208
47 0.494496 0.416222 0.957794 0.546208
51 0.496056 0.419663 0.948434 0.537079
49 0.496056 0.419663 0.948434 0.537079
46 0.496056 0.419663 0.948434 0.537079
50 0.497616 0.423315 0.945315 0.533146
73 0.495276 0.42191 0.949994 0.551685
100 0.495276 0.42191 0.949994 0.551685
99 0.495276 0.42191 0.949994 0.551685
76 0.495276 0.42191 0.949994 0.551685
97 0.494496 0.416222 0.957794 0.546208
42 0.494496 0.416222 0.957794 0.546208
48 0.504636 0.419593 0.957794 0.529354
47 0.504636 0.423034 0.949994 0.524719
49 0.502296 0.425351 0.956234 0.526826
50 0.504636 0.423034 0.949994 0.524719
46 0.504636 0.423034 0.949994 0.524719
51 0.504636 0.423034 0.949994 0.524719
73 0.504636 0.423034 0.949994 0.524719
99 0.504636 0.423034 0.949994 0.524719
48 0.477727 0.422753 0.955454 0.527528
47 0.492156 0.423315 0.971833 0.535393
49 0.490596 0.424719 0.971833 0.531461
46 0.490596 0.424719 0.971833 0.531461
51 0.501906 0.424228 0.950774 0.529073
50 0.501906 0.424228 0.950774 0.529073
73 0.501906 0.424228 0.950774 0.529073
100 0.501906 0.424228 0.950774 0.529073
99 0.501906 0.424228 0.950774 0.529073
48 0.487477 0.423876 0.915676 0.529775
47 0.474997 0.426405 0.949994 0.519101
49 0.474997 0.426405 0.949994 0.519101
46 0.512435 0.426124 0.932835 0.518539
50 0.478897 0.428722 0.929715 0.524579
51 0.478897 0.428722 0.929715 0.524579
100 0.479677 0.426685 0.940635 0.53427
73 0.512435 0.426124 0.932835 0.518539
99 0.512435 0.426124 0.932835 0.518539
47 0.496836 0.419382 0.960914 0.541011
48 0.496836 0.419382 0.960914 0.541011
46 0.483967 0.422472 0.942975 0.533708
51 0.483967 0.422472 0.942975 0.533708
73 0.477337 0.424157 0.932835 0.521348
99 0.478897 0.426966 0.909436 0.520225
49 0.478897 0.426966 0.909436 0.520225
100 0.478897 0.426966 0.909436 0.520225
76 0.478897 0.426966 0.909436 0.520225
50 0.478897 0.426966 0.909436 0.520225
48 0.493716 0.42809 0.984313 0.52809
47 0.503076 0.426475 0.974953 0.534691
49 0.503076 0.426475 0.974953 0.534691
46 0.500736 0.429494 0.973393 0.53427
51 0.503076 0.426475 0.974953 0.534691
50 0.506976 0.429705 0.957794 0.52823
73 0.500736 0.429494 0.973393 0.53427
100 0.505416 0.424789 0.973393 0.539185
99 0.506976 0.429705 0.957794 0.52823
111 0.500736 0.429494 0.973393 0.53427
76 0.506976 0.429705 0.957794 0.52823
47 0.496056 0.423596 0.960914 0.539326
48 0.487477 0.430618 0.968714 0.527528
46 0.502296 0.428581 0.951554 0.52823
73 0.502296 0.428581 0.951554 0.52823
49 0.501516 0.432023 0.943755 0.529214
50 0.501516 0.432023 0.943755 0.529214
51 0.501516 0.432023 0.943755 0.529214
99 0.501516 0.432023 0.943755 0.529214
100 0.496056 0.423596 0.960914 0.539326
76 0.480457 0.433146 0.914116 0.526966
73 0.451598 0.873034 0.853279 0.253933
111 0.495276 0.42198 0.960914 0.544803
109 0.473437 0.883708 0.884478 0.232584
99 0.473437 0.883708 0.884478 0.232584
103 0.451598 0.873034 0.853279 0.253933
48 0.451598 0.873034 0.853279 0.253933
76 0.501516 0.0632023 0.965594 0.126405
48 0.471487 0.428933 0.942975 0.52191
47 0.487477 0.426124 0.943755 0.535393
49 0.487477 0.426124 0.943755 0.535393
46 0.479677 0.432303 0.901637 0.519663
51 0.516335 0.427809 0.917236 0.515169
50 0.479677 0.432303 0.901637 0.519663
76 0.516335 0.427809 0.917236 0.515169
99 0.506196 0.42802 0.934395 0.52486
47 0.494496 0.430337 0.978073 0.523596
46 0.502296 0.429775 0.964034 0.526966
49 0.499176 0.43118 0.967154 0.532022
48 0.495276 0.431461 0.981193 0.520225
50 0.493716 0.433427 0.979633 0.526405
51 0.493716 0.433427 0.979633 0.526405
76 0.503076 0.431461 0.960914 0.52809
100 0.499956 0.433427 0.968713 0.526405
73 0.499956 0.433427 0.968713 0.526405
99 0.503076 0.431461 0.960914 0.52809
54 0.503076 0.431461 0.960914 0.52809
42 0.503076 0.431461 0.960914 0.52809
52 0.503076 0.431461 0.960914 0.52809
81 0.493716 0.433427 0.979633 0.526405
48 0.490596 0.429143 0.979633 0.52486
47 0.499566 0.426334 0.966374 0.532725
49 0.500736 0.430056 0.948434 0.523034
46 0.499566 0.426334 0.966374 0.532725
73 0.499566 0.426334 0.966374 0.532725
51 0.500736 0.430056 0.948434 0.523034
50 0.500736 0.430056 0.948434 0.523034
99 0.500736 0.430056 0.948434 0.523034
100 0.500736 0.430056 0.948434 0.523034
48 0.476557 0.423104 0.953114 0.53132
47 0.491766 0.420787 0.960134 0.544944
46 0.491766 0.420787 0.960134 0.544944
49 0.491766 0.420787 0.960134 0.544944
51 0.492936 0.426966 0.935955 0.530337
73 0.491766 0.420787 0.960134 0.544944
50 0.492936 0.426966 0.935955 0.530337
48 0.498396 0.429705 0.953114 0.52823
47 0.498006 0.429213 0.949214 0.526966
49 0.498006 0.429213 0.949214 0.526966
46 0.482407 0.429705 0.964814 0.52486
51 0.498006 0.429213 0.949214 0.526966
50 0.482407 0.429705 0.964814 0.52486
99 0.482407 0.429705 0.964814 0.52486
73 0.498006 0.429213 0.949214 0.526966
48 0.505026 0.424438 0.960134 0.524157
47 0.492936 0.424719 0.968713 0.534831
46 0.522575 0.428933 0.932835 0.520787
51 0.496056 0.424087 0.970273 0.52823
50 0.505416 0.427528 0.943755 0.526966
49 0.503466 0.424719 0.952334 0.52809
99 0.505416 0.427528 0.943755 0.526966
76 0.505416 0.427528 0.943755 0.526966
100 0.503466 0.424719 0.952334 0.52809
73 0.492936 0.424719 0.968713 0.534831
47 0.497616 0.427037 0.946875 0.526826
48 0.497616 0.427037 0.946875 0.526826
46 0.498396 0.426966 0.943755 0.523596
49 0.498396 0.426966 0.943755 0.523596
51 0.498396 0.426966 0.943755 0.523596
48 0.498396 0.0547051 0.962474 0.10941
48 0.495666 0.425772 0.950774 0.529354
47 0.490596 0.425 0.959354 0.535393
49 0.493326 0.42809 0.938295 0.523596
46 0.493326 0.42809 0.938295 0.523596
51 0.493326 0.42809 0.938295 0.523596
50 0.493326 0.42809 0.938295 0.523596
48 0.501516 0.424649 0.953114 0.533848
47 0.508536 0.42816 0.962474 0.52795
49 0.493716 0.428582 0.931275 0.532725
46 0.508536 0.42816 0.962474 0.52795
51 0.493716 0.428582 0.931275 0.532725
99 0.493716 0.428582 0.931275 0.532725
48 0.501126 0.427037 0.960134 0.523455
47 0.499176 0.425 0.954674 0.529775
46 0.502296 0.430618 0.939075 0.520787
49 0.502296 0.430618 0.939075 0.520787
50 0.502296 0.430618 0.939075 0.520787
99 0.502296 0.430618 0.939075 0.520787
73 0.499176 0.425 0.954674 0.529775
100 0.499176 0.425 0.954674 0.529775
51 0.502296 0.430618 0.939075 0.520787
111 0.500736 0.42802 0.959354 0.525983
76 0.502296 0.430618 0.939075 0.520787
48 0.506196 0.430267 0.962474 0.521489
47 0.498396 0.431461 0.931275 0.525843
49 0.498396 0.431461 0.931275 0.525843
99 0.498396 0.431461 0.931275 0.525843
46 0.498396 0.431461 0.931275 0.525843
48 0.497616 0.424438 0.954674 0.528652
47 0.494106 0.419944 0.957014 0.542135
46 0.493716 0.42184 0.953114 0.54059
51 0.498396 0.427037 0.946875 0.526826
49 0.498396 0.427037 0.946875 0.526826
99 0.498396 0.427037 0.946875 0.526826
50 0.498396 0.427037 0.946875 0.526826
73 0.493716 0.42184 0.953114 0.54059
48 0.496056 0.426475 0.943755 0.526826
47 0.495276 0.428652 0.934395 0.520225
49 0.495276 0.428652 0.934395 0.520225
46 0.495276 0.428652 0.934395 0.520225
73 0.495276 0.428652 0.934395 0.520225
50 0.495276 0.428652 0.934395 0.520225
51 0.495276 0.428652 0.934395 0.520225
48 0.502296 0.427598 0.954674 0.529073
47 0.500346 0.42809 0.949214 0.521348
49 0.500346 0.42809 0.949214 0.521348
46 0.500346 0.42809 0.949214 0.521348
48 0.497616 0.427037 0.943755 0.527949
47 0.497616 0.428582 0.939075 0.522612
49 0.497616 0.428582 0.939075 0.522612
73 0.491376 0.427247 0.951554 0.538764
46 0.492156 0.428652 0.959354 0.529214
51 0.492156 0.428652 0.959354 0.529214
48 0.499956 0.431531 0.951554 0.516714
47 0.489037 0.429284 0.968714 0.534691
46 0.489037 0.429284 0.968714 0.534691
49 0.501906 0.43118 0.949214 0.518539
48 0.503856 0.428371 0.959354 0.523034
47 0.504246 0.425772 0.960134 0.519242
49 0.504246 0.425772 0.960134 0.519242
46 0.504246 0.425772 0.960134 0.519242
51 0.504246 0.425772 0.960134 0.519242
47 0.494496 0.426124 0.968714 0.519663
48 0.501126 0.427528 0.947655 0.516854
51 0.498396 0.425843 0.942195 0.514607
49 0.492156 0.427528 0.976513 0.520225
46 0.492156 0.427528 0.976513 0.520225
73 0.498396 0.425843 0.942195 0.514607
99 0.498396 0.425843 0.942195 0.514607
48 0.502296 0.426475 0.957794 0.522331
47 0.501906 0.431461 0.952334 0.523596
51 0.499176 0.432022 0.964034 0.523596
49 0.501906 0.431461 0.952334 0.523596
52 0.501906 0.431461 0.952334 0.523596
46 0.501906 0.431461 0.952334 0.523596
48 0.498396 0.427598 0.971833 0.523455
47 0.506976 0.428371 0.951554 0.523034
49 0.506976 0.428371 0.951554 0.523034
46 0.496056 0.429494 0.970273 0.525281
51 0.506976 0.428371 0.951554 0.523034
50 0.506976 0.428371 0.951554 0.523034
48 0.505416 0.427528 0.949995 0.520225
47 0.504636 0.429846 0.946875 0.520084
105 0.210395 0.0693118 0.42079 0.138624
105 0.140588 0.073736 0.281177 0.147472
46 0.504636 0.429846 0.946875 0.520084
49 0.504636 0.429846 0.946875 0.520084
47 0.492156 0.427528 0.968714 0.521348
48 0.498396 0.430337 0.943755 0.519101
46 0.498396 0.430337 0.943755 0.519101
49 0.498396 0.430337 0.943755 0.519101
50 0.498396 0.430337 0.943755 0.519101
99 0.498396 0.430337 0.943755 0.519101
51 0.498396 0.430337 0.943755 0.519101
73 0.498396 0.430337 0.943755 0.519101
47 0.488257 0.430267 0.970274 0.52486
48 0.507756 0.429143 0.964034 0.522612
46 0.486697 0.430056 0.967154 0.52191
49 0.505026 0.430829 0.958574 0.520365
51 0.505026 0.430829 0.958574 0.520365
73 0.486697 0.430056 0.967154 0.52191
47 0.492156 0.419944 0.971833 0.542135
49 0.505416 0.427598 0.957794 0.521208
46 0.495276 0.425351 0.974953 0.527949
48 0.496836 0.42809 0.971833 0.519101
73 0.491766 0.423034 0.972613 0.535955
51 0.491766 0.423034 0.972613 0.535955
47 0.486307 0.424719 0.966374 0.537079
48 0.494496 0.427458 0.974953 0.527107
46 0.492156 0.428722 0.967154 0.53132
49 0.492156 0.428722 0.967154 0.53132
73 0.492156 0.428722 0.967154 0.53132
50 0.492156 0.428722 0.967154 0.53132
51 0.492156 0.428722 0.967154 0.53132
47 0.490986 0.428722 0.964814 0.527949
48 0.501906 0.42809 0.958574 0.521348
46 0.495276 0.428933 0.968713 0.52191
49 0.502296 0.429846 0.953114 0.517837
51 0.499176 0.429213 0.976513 0.519101
47 0.499956 0.429213 0.971833 0.524719
48 0.504636 0.42809 0.967154 0.525843
46 0.503466 0.431531 0.952334 0.522331
49 0.503466 0.431531 0.952334 0.522331
51 0.503466 0.431531 0.952334 0.522331
73 0.500346 0.429494 0.974173 0.524157
50 0.503466 0.431531 0.952334 0.522331
99 0.503466 0.431531 0.952334 0.522331
47 0.499176 0.42809 0.960914 0.525843
48 0.501516 0.426124 0.953114 0.520787
46 0.499176 0.42809 0.960914 0.525843
49 0.502296 0.430056 0.954674 0.52191
51 0.502296 0.430056 0.954674 0.52191
73 0.499956 0.427458 0.962474 0.525983
47 0.489037 0.426405 0.954674 0.529213
48 0.504636 0.426475 0.959354 0.520084
49 0.502296 0.429213 0.951554 0.519101
46 0.489037 0.426405 0.954674 0.529213
51 0.502296 0.429213 0.951554 0.519101
73 0.496056 0.429846 0.965594 0.520084
50 0.502296 0.429213 0.951554 0.519101
100 0.496056 0.429846 0.965594 0.520084
99 0.496056 0.429846 0.965594 0.520084
47 0.502296 0.429213 0.976513 0.525843
48 0.508536 0.425281 0.970274 0.525843
49 0.508536 0.428371 0.965594 0.524157
46 0.500736 0.429284 0.974953 0.52795
51 0.500736 0.427809 0.978073 0.52191
73 0.501516 0.423034 0.979633 0.537079
47 0.506586 0.426475 0.969494 0.524579
49 0.506976 0.429213 0.962474 0.523596
46 0.498006 0.426405 0.977293 0.529213
48 0.499176 0.426405 0.979633 0.529213
51 0.506976 0.429213 0.962474 0.523596
73 0.499176 0.426405 0.979633 0.529213
50 0.506976 0.429213 0.962474 0.523596
99 0.498006 0.426405 0.977293 0.529213
47 0.492936 0.426685 0.973393 0.535393
49 0.491376 0.424649 0.970273 0.539466
46 0.497616 0.426124 0.984313 0.529775
48 0.503856 0.425843 0.978073 0.524719
73 0.497616 0.426124 0.984313 0.529775
51 0.499176 0.427809 0.978073 0.520787
99 0.497616 0.426124 0.984313 0.529775
50 0.497616 0.426124 0.984313 0.529775
100 0.497616 0.426124 0.984313 0.529775
47 0.494496 0.428652 0.976513 0.524719
46 0.494886 0.428722 0.975733 0.526826
48 0.493716 0.426405 0.971833 0.523596
49 0.499956 0.428371 0.954674 0.520787
73 0.494496 0.428652 0.976513 0.524719
51 0.499956 0.428371 0.954674 0.520787
47 0.496446 0.427809 0.972613 0.528652
48 0.499956 0.417978 0.982753 0.544944
46 0.499176 0.426966 0.979633 0.524719
49 0.499956 0.417978 0.982753 0.544944
51 0.499176 0.426966 0.979633 0.524719
73 0.499956 0.417978 0.982753 0.544944
47 0.494496 0.426334 0.968714 0.529354
48 0.502296 0.420716 0.982753 0.538343
46 0.501516 0.426685 0.981193 0.524157
51 0.510096 0.427247 0.967154 0.520787
49 0.510096 0.427247 0.967154 0.520787
73 0.497616 0.429705 0.971833 0.522612
47 0.498396 0.426966 0.981193 0.526966
48 0.500346 0.426966 0.977293 0.521348
51 0.507756 0.428652 0.965594 0.521348
46 0.498396 0.426966 0.981193 0.526966
49 0.507756 0.428652 0.965594 0.521348
50 0.507756 0.428652 0.965594 0.521348
47 0.490596 0.427528 0.962474 0.533708
48 0.500736 0.426475 0.978073 0.522331
46 0.497616 0.425843 0.976513 0.530337
49 0.508146 0.427247 0.961694 0.52191
51 0.506976 0.428722 0.960914 0.524579
47 0.499176 0.425913 0.976513 0.530197
48 0.498786 0.426685 0.980413 0.52191
49 0.507756 0.427598 0.962474 0.523455
46 0.499176 0.425281 0.974953 0.530337
51 0.507756 0.427598 0.962474 0.523455
50 0.507756 0.427598 0.962474 0.523455
73 0.499176 0.425281 0.974953 0.530337
47 0.499566 0.425772 0.977293 0.527107
49 0.507756 0.426475 0.962474 0.522331
48 0.507756 0.426475 0.962474 0.522331
46 0.507756 0.426475 0.962474 0.522331
51 0.507756 0.426475 0.962474 0.522331
50 0.507756 0.426475 0.962474 0.522331
47 0.499956 0.424157 0.978073 0.530337
49 0.507366 0.426405 0.963254 0.521348
48 0.510096 0.427598 0.965594 0.520084
46 0.507366 0.426405 0.963254 0.521348
51 0.507366 0.426405 0.963254 0.521348
50 0.507366 0.426405 0.963254 0.521348
73 0.499956 0.424157 0.978073 0.530337
47 0.501516 0.423876 0.974953 0.527528
48 0.511266 0.427458 0.964814 0.518118
49 0.506976 0.426966 0.964034 0.520225
51 0.506976 0.426966 0.964034 0.520225
46 0.506976 0.426966 0.964034 0.520225
47 0.499956 0.424719 0.976513 0.525843
48 0.499176 0.425913 0.978073 0.518961
49 0.504246 0.426896 0.960134 0.519242
51 0.504246 0.426896 0.960134 0.519242
46 0.499956 0.424719 0.976513 0.525843
47 0.498396 0.424789 0.978073 0.52795
48 0.503466 0.427598 0.958574 0.520084
49 0.503466 0.427598 0.958574 0.520084
51 0.503466 0.427598 0.958574 0.520084
46 0.497616 0.424719 0.976513 0.526966
47 0.494496 0.424649 0.970273 0.529354
49 0.497616 0.42809 0.948435 0.521348
46 0.494106 0.424719 0.967934 0.530337
51 0.497616 0.42809 0.948435 0.521348
48 0.497616 0.42809 0.948435 0.521348
47 0.495666 0.52809 0.977293 0.334831
47 0.493716 0.425281 0.968714 0.526966
49 0.496056 0.427528 0.943755 0.520225
51 0.496056 0.427528 0.943755 0.520225
48 0.496056 0.427528 0.943755 0.520225
46 0.493716 0.425281 0.965594 0.526966
47 0.495666 0.542697 0.977293 0.304494
47 0.493716 0.424789 0.968714 0.526826
49 0.499176 0.426124 0.945315 0.518539
51 0.494886 0.426685 0.938295 0.519663
48 0.494886 0.426685 0.938295 0.519663
46 0.492936 0.424719 0.964034 0.524719
47 0.491376 0.550421 0.954674 0.28118
47 0.496056 0.424719 0.973393 0.52809
49 0.503856 0.427247 0.957794 0.52191
51 0.503856 0.427247 0.957794 0.52191
48 0.503856 0.427247 0.957794 0.52191
46 0.503856 0.427247 0.957794 0.52191
47 0.495276 0.552809 0.962474 0.277528
47 0.497226 0.424789 0.977293 0.529073
49 0.505416 0.427528 0.960914 0.522472
48 0.505416 0.427528 0.960914 0.522472
51 0.505416 0.427528 0.960914 0.522472
46 0.505416 0.427528 0.960914 0.522472
47 0.492936 0.553933 0.960914 0.273034
47 0.496836 0.425562 0.978073 0.528652
49 0.504636 0.42809 0.962474 0.523596
48 0.496836 0.42809 0.974953 0.525843
51 0.496836 0.42809 0.974953 0.525843
46 0.496836 0.42809 0.974953 0.525843
47 0.491376 0.554916 0.957794 0.272191
47 0.494886 0.426334 0.978853 0.52823
49 0.503856 0.427528 0.964034 0.520225
48 0.495276 0.429143 0.974953 0.525983
51 0.495276 0.429143 0.974953 0.525983
46 0.495276 0.429143 0.974953 0.525983
47 0.490596 0.557303 0.959354 0.268539
48 0.125574 0.0740871 0.251148 0.148174
50 0.503856 0.429213 0.960914 0.524719
47 0.495276 0.426334 0.981193 0.52823
49 0.503466 0.427528 0.964814 0.520225
48 0.496056 0.429284 0.976513 0.525702
51 0.496056 0.429284 0.976513 0.525702
46 0.496056 0.429284 0.976513 0.525702
47 0.491376 0.558567 0.960914 0.267135
48 0.124404 0.0735253 0.248808 0.147051
50 0.503856 0.429775 0.964034 0.524719
47 0.496836 0.426896 0.981193 0.527107
49 0.504246 0.42809 0.964814 0.520225
48 0.496056 0.429775 0.976513 0.524719
51 0.504636 0.429705 0.962474 0.523736
46 0.496056 0.429775 0.976513 0.524719
47 0.492546 0.557444 0.960134 0.269382
48 0.121284 0.0766152 0.242568 0.15323
50 0.504636 0.429705 0.962474 0.523736
47 0.496836 0.427458 0.981193 0.527107
49 0.503856 0.428652 0.964034 0.520225
48 0.496836 0.430056 0.976513 0.525281
51 0.503466 0.430056 0.961694 0.524157
46 0.503466 0.430056 0.961694 0.524157
50 0.503466 0.430056 0.961694 0.524157
48 0.122162 0.077177 0.244323 0.154354
47 0.497616 0.427809 0.981193 0.527528
49 0.504636 0.428933 0.962474 0.52191
48 0.497616 0.430337 0.978073 0.525843
51 0.503856 0.429846 0.960914 0.524579
46 0.497616 0.430337 0.978073 0.525843
50 0.503856 0.429846 0.960914 0.524579
47 0.493716 0.557163 0.962474 0.269944
47 0.497616 0.427247 0.979633 0.527528
49 0.503076 0.428581 0.959354 0.521489
48 0.497616 0.430056 0.976513 0.526405
51 0.503076 0.429775 0.959354 0.524719
46 0.497616 0.430056 0.976513 0.526405
50 0.503076 0.429775 0.959354 0.524719
47 0.493716 0.555618 0.960914 0.273034
47 0.496836 0.426334 0.978073 0.527107
49 0.501906 0.42802 0.955454 0.521489
48 0.497616 0.429705 0.974953 0.525983
51 0.502296 0.429775 0.954674 0.524719
46 0.497616 0.429705 0.974953 0.525983
47 0.493716 0.555618 0.959354 0.27191
50 0.502296 0.429775 0.954674 0.524719
47 0.496446 0.425843 0.975733 0.526966
49 0.499566 0.427247 0.947655 0.520787
51 0.499956 0.428933 0.949994 0.524157
48 0.497226 0.429213 0.972613 0.525843
46 0.497226 0.429213 0.972613 0.525843
47 0.494106 0.557444 0.960134 0.269382
47 0.496446 0.425 0.975733 0.527528
51 0.501126 0.428933 0.950774 0.524157
49 0.500736 0.426685 0.948434 0.520787
48 0.496836 0.428933 0.971833 0.526405
46 0.496836 0.428933 0.971833 0.526405
47 0.494496 0.556742 0.960914 0.268539
47 0.496836 0.425 0.976513 0.526405
48 0.496836 0.429213 0.971833 0.526966
51 0.501516 0.429213 0.949994 0.524719
49 0.501516 0.426685 0.949994 0.520787
46 0.496836 0.429213 0.971833 0.526966
47 0.495666 0.55618 0.961694 0.269663
48 0.124599 0.0668539 0.249198 0.133708
47 0.498396 0.425 0.976513 0.526405
48 0.504636 0.429494 0.974953 0.524157
49 0.501516 0.429213 0.949994 0.524719
51 0.501516 0.429213 0.949994 0.524719
47 0.497226 0.555197 0.961694 0.271629
46 0.496836 0.426124 0.973393 0.525281
48 0.129864 0.0662219 0.259728 0.132444
47 0.499176 0.425 0.978073 0.526405
48 0.505416 0.429705 0.976513 0.523736
49 0.503076 0.429494 0.953114 0.525281
51 0.503076 0.429494 0.953114 0.525281
47 0.497616 0.55632 0.964034 0.269382
46 0.498396 0.429705 0.974953 0.527107
47 0.499566 0.425 0.978853 0.526405
48 0.503076 0.429494 0.953114 0.525281
49 0.503076 0.429494 0.953114 0.525281
51 0.503076 0.429494 0.953114 0.525281
47 0.496836 0.557163 0.962474 0.267697
46 0.497616 0.426124 0.976513 0.525281
47 0.499956 0.425 0.979633 0.526405
48 0.505416 0.429494 0.957794 0.525281
49 0.505416 0.429494 0.957794 0.525281
51 0.505416 0.429494 0.957794 0.525281
47 0.496056 0.557865 0.964034 0.266292
46 0.498396 0.426124 0.978073 0.525281
47 0.499956 0.424789 0.981193 0.526826
48 0.506196 0.429213 0.959354 0.525843
49 0.506196 0.429213 0.959354 0.525843
47 0.496056 0.558427 0.962474 0.265169
51 0.506196 0.429213 0.959354 0.525843
46 0.500736 0.429494 0.979633 0.527528
47 0.499956 0.424719 0.981193 0.526966
48 0.505026 0.428722 0.958574 0.525702
49 0.505026 0.428722 0.958574 0.525702
47 0.495276 0.558567 0.962474 0.264888
46 0.500736 0.429213 0.979633 0.52809
51 0.505026 0.428722 0.958574 0.525702
47 0.499956 0.424789 0.981193 0.526826
49 0.501126 0.429213 0.980413 0.52809
48 0.501126 0.429213 0.980413 0.52809
47 0.495276 0.558989 0.962474 0.264045
46 0.501126 0.429213 0.980413 0.52809
51 0.505026 0.428652 0.958574 0.525843
47 0.499956 0.425211 0.981193 0.525983
49 0.500736 0.428933 0.979633 0.527528
48 0.500736 0.428933 0.979633 0.527528
47 0.495276 0.558989 0.962474 0.264045
46 0.500736 0.428933 0.979633 0.527528
51 0.504636 0.42816 0.957794 0.525702
47 0.499956 0.425281 0.981193 0.525843
48 0.504636 0.428371 0.959354 0.525281
49 0.504636 0.428371 0.959354 0.525281
47 0.494886 0.558989 0.963254 0.264045
46 0.504636 0.428371 0.959354 0.525281
51 0.504636 0.428371 0.959354 0.525281
47 0.499176 0.425281 0.982753 0.525843
48 0.503856 0.42809 0.957794 0.524719
49 0.503856 0.42809 0.957794 0.524719
47 0.495276 0.558427 0.965594 0.265169
46 0.503856 0.42809 0.957794 0.524719
51 0.503856 0.42809 0.957794 0.524719
47 0.499176 0.425211 0.982753 0.525983
49 0.503856 0.42809 0.957794 0.524719
48 0.503856 0.42809 0.957794 0.524719
47 0.495666 0.558287 0.966374 0.265449
46 0.503856 0.42809 0.957794 0.524719
51 0.503856 0.42809 0.957794 0.524719
47 0.499176 0.425211 0.982753 0.525983
48 0.503856 0.42809 0.957794 0.524719
49 0.503856 0.42809 0.957794 0.524719
47 0.496056 0.557444 0.967154 0.267135
46 0.503856 0.42809 0.957794 0.524719
51 0.503856 0.42809 0.957794 0.524719
47 0.498786 0.425281 0.983533 0.525843
48 0.503856 0.42809 0.959354 0.524719
49 0.503856 0.42809 0.959354 0.524719
47 0.495666 0.557444 0.967934 0.267135
46 0.503856 0.42809 0.959354 0.524719
51 0.503856 0.42809 0.959354 0.524719
47 0.498396 0.425281 0.984313 0.525843
48 0.503466 0.42809 0.958574 0.524719
49 0.503466 0.42809 0.958574 0.524719
47 0.495276 0.557303 0.968713 0.267416
51 0.503466 0.42809 0.958574 0.524719
46 0.503466 0.42809 0.958574 0.524719
47 0.498786 0.425281 0.985093 0.525843
48 0.503076 0.427809 0.959354 0.524157
49 0.503076 0.427809 0.959354 0.524157
47 0.495276 0.55618 0.968713 0.268539
51 0.503076 0.427809 0.959354 0.524157
46 0.503076 0.427809 0.959354 0.524157
47 0.498396 0.425211 0.985873 0.525983
48 0.503076 0.427809 0.957794 0.524157
49 0.503076 0.427809 0.957794 0.524157
47 0.494496 0.555618 0.968714 0.269663
51 0.503076 0.427809 0.957794 0.524157
46 0.503076 0.427809 0.957794 0.524157
47 0.498396 0.425 0.985873 0.526405
48 0.502296 0.42816 0.957794 0.524579
49 0.502296 0.42816 0.957794 0.524579
47 0.494106 0.555197 0.967934 0.271629
51 0.502296 0.42816 0.957794 0.524579
46 0.499956 0.426405 0.953114 0.521348
47 0.498396 0.425 0.985873 0.526405
48 0.500736 0.42802 0.954674 0.523736
49 0.500736 0.42802 0.954674 0.523736
47 0.494496 0.555197 0.968714 0.271629
51 0.500736 0.42802 0.954674 0.523736
46 0.506586 0.427247 0.980413 0.519663
47 0.498396 0.424789 0.985873 0.525702
48 0.499956 0.42802 0.953114 0.523736
49 0.499956 0.42802 0.953114 0.523736
47 0.493326 0.552247 0.972613 0.279775
51 0.499956 0.42802 0.953114 0.523736
46 0.506976 0.427247 0.981193 0.519663
47 0.498396 0.425211 0.984313 0.525983
48 0.498786 0.42809 0.950774 0.523596
49 0.496056 0.426405 0.945315 0.521348
47 0.493326 0.552949 0.972613 0.280618
51 0.498786 0.42809 0.950774 0.523596
46 0.506976 0.427247 0.981193 0.519663
47 0.498006 0.425211 0.985093 0.525983
48 0.497616 0.42809 0.949994 0.523596
49 0.494886 0.426405 0.942975 0.521348
47 0.493326 0.552247 0.972613 0.280899
51 0.497616 0.42809 0.949994 0.523596
46 0.506196 0.427458 0.981193 0.520365
47 0.498396 0.425211 0.984313 0.525983
48 0.497616 0.42809 0.949994 0.523596
49 0.495276 0.426405 0.943755 0.521348
47 0.493326 0.551545 0.972613 0.28118
51 0.497616 0.42809 0.949994 0.523596
46 0.506196 0.427528 0.981193 0.520225
47 0.498786 0.425 0.985093 0.526405
48 0.498396 0.428371 0.949995 0.524157
49 0.498396 0.428371 0.949995 0.524157
47 0.493716 0.551685 0.973393 0.282022
51 0.498396 0.428371 0.949995 0.524157
46 0.506196 0.427458 0.981193 0.520365
47 0.499176 0.425211 0.985873 0.525983
48 0.499176 0.428371 0.951554 0.524157
49 0.499176 0.428371 0.951554 0.524157
47 0.494106 0.551685 0.974173 0.282022
51 0.499176 0.428371 0.951554 0.524157
46 0.506196 0.427458 0.981193 0.520365
47 0.499176 0.425 0.985873 0.526405
48 0.499176 0.428652 0.951554 0.524719
49 0.499176 0.428652 0.951554 0.524719
47 0.494496 0.551685 0.973393 0.282022
51 0.499176 0.428652 0.951554 0.524719
46 0.506586 0.427528 0.981973 0.520225
47 0.499176 0.425351 0.985873 0.526826
48 0.499176 0.428371 0.951554 0.524157
49 0.499176 0.428371 0.951554 0.524157
47 0.494496 0.551685 0.973393 0.282022
51 0.499176 0.428371 0.951554 0.524157
46 0.506586 0.427458 0.981973 0.520365
47 0.499956 0.425351 0.985873 0.526826
48 0.499956 0.428371 0.953114 0.524157
49 0.499956 0.428371 0.953114 0.524157
47 0.494496 0.551685 0.973393 0.282022
51 0.499956 0.428371 0.953114 0.524157
46 0.506976 0.427528 0.982753 0.520225
47 0.499956 0.425351 0.987433 0.526826
48 0.500736 0.428371 0.954674 0.524157
49 0.500736 0.428371 0.954674 0.524157
47 0.494496 0.551826 0.973393 0.282865
51 0.500736 0.428371 0.954674 0.524157
46 0.506976 0.427458 0.982753 0.520365
47 0.499956 0.425351 0.987433 0.526826
48 0.501516 0.428652 0.956234 0.524719
49 0.501516 0.428652 0.956234 0.524719
47 0.495276 0.551685 0.973393 0.282022
51 0.501516 0.428652 0.956234 0.524719
46 0.506976 0.427247 0.982753 0.520787
47 0.500346 0.425281 0.986653 0.526966
48 0.502296 0.428371 0.957794 0.524157
49 0.502296 0.428371 0.957794 0.524157
47 0.495666 0.551685 0.974173 0.282022
46 0.506976 0.427247 0.982753 0.520787
51 0.502296 0.428371 0.957794 0.524157
47 0.500346 0.425281 0.986653 0.526966
48 0.502296 0.428652 0.957794 0.524719
49 0.502296 0.428652 0.957794 0.524719
47 0.495666 0.551685 0.974173 0.283146
46 0.506976 0.427247 0.982753 0.520787
51 0.502296 0.428652 0.957794 0.524719
47 0.500736 0.425772 0.987433 0.527107
48 0.503076 0.428933 0.959354 0.524157
49 0.503076 0.428933 0.959354 0.524157
47 0.495666 0.551124 0.974173 0.28427
46 0.506976 0.427247 0.982753 0.520787
51 0.503076 0.428933 0.959354 0.524157
47 0.501516 0.425562 0.987433 0.527528
48 0.503076 0.428652 0.959354 0.524719
49 0.503076 0.428652 0.959354 0.524719
47 0.495666 0.551545 0.974173 0.283427
46 0.506976 0.427247 0.982753 0.520787
51 0.503076 0.428652 0.959354 0.524719
47 0.501516 0.425562 0.987433 0.527528
48 0.503856 0.428933 0.959354 0.524157
49 0.503856 0.428933 0.959354 0.524157
47 0.496056 0.551124 0.973393 0.28427
46 0.506976 0.427247 0.982753 0.520787
51 0.503856 0.428933 0.959354 0.524157
47 0.501516 0.425562 0.987433 0.527528
48 0.503856 0.428933 0.959354 0.524157
49 0.503856 0.428933 0.959354 0.524157
46 0.506976 0.427598 0.982753 0.521208
47 0.496056 0.550562 0.973393 0.285393
51 0.503856 0.428933 0.959354 0.524157
47 0.501516 0.425562 0.987433 0.527528
48 0.503856 0.428933 0.960914 0.524157
49 0.503856 0.428933 0.960914 0.524157
46 0.506976 0.427458 0.982753 0.520365
51 0.503856 0.428933 0.960914 0.524157
47 0.496056 0.550562 0.973393 0.285393
47 0.501516 0.425562 0.987433 0.527528
48 0.503856 0.428933 0.960914 0.524157
49 0.503856 0.428933 0.960914 0.524157
46 0.506976 0.427247 0.982753 0.520787
51 0.503856 0.428933 0.960914 0.524157
47 0.496056 0.550421 0.973393 0.285674
47 0.501516 0.425562 0.987433 0.527528
48 0.503856 0.428933 0.960914 0.524157
49 0.503856 0.428933 0.960914 0.524157
51 0.503856 0.428933 0.960914 0.524157
46 0.506976 0.427598 0.982753 0.521208
47 0.496056 0.550421 0.973393 0.285674
47 0.501516 0.425562 0.987433 0.527528
48 0.504636 0.428933 0.962474 0.524157
49 0.504636 0.428933 0.962474 0.524157
51 0.504636 0.428933 0.962474 0.524157
46 0.506976 0.427458 0.982753 0.520365
47 0.496056 0.550421 0.973393 0.285674
47 0.501516 0.425843 0.987433 0.52809
48 0.505416 0.429213 0.962474 0.524719
49 0.505416 0.429213 0.962474 0.524719
51 0.505416 0.429213 0.962474 0.524719
46 0.506586 0.427598 0.981973 0.521208
47 0.496056 0.55 0.973393 0.286517
47 0.501516 0.425843 0.987433 0.52809
48 0.505416 0.429213 0.964034 0.524719
49 0.505416 0.429213 0.964034 0.524719
46 0.506976 0.427598 0.981193 0.521208
51 0.505416 0.429213 0.964034 0.524719
47 0.496056 0.55 0.973393 0.286517
47 0.501516 0.425843 0.987433 0.52809
48 0.505806 0.429213 0.964814 0.524719
49 0.505806 0.429213 0.964814 0.524719
46 0.506976 0.427528 0.981193 0.521348
51 0.505806 0.429213 0.964814 0.524719
47 0.496056 0.549579 0.973393 0.28736
47 0.501516 0.425772 0.987433 0.52823
48 0.506196 0.429213 0.965594 0.524719
49 0.506196 0.429213 0.965594 0.524719
46 0.506976 0.427528 0.981193 0.521348
51 0.506196 0.429213 0.965594 0.524719
47 0.495666 0.549438 0.972613 0.28764
47 0.501516 0.425562 0.987433 0.528652
48 0.506196 0.429143 0.965594 0.52486
49 0.506196 0.429143 0.965594 0.52486
46 0.506976 0.427528 0.981193 0.521348
51 0.506196 0.429143 0.965594 0.52486
47 0.495666 0.549298 0.972613 0.287921
47 0.501516 0.425772 0.987433 0.52823
48 0.506196 0.429213 0.965594 0.524719
49 0.506196 0.429213 0.965594 0.524719
46 0.506586 0.427528 0.981973 0.521348
51 0.506196 0.429213 0.965594 0.524719
47 0.496056 0.548876 0.971833 0.288764
47 0.502296 0.425562 0.987433 0.528652
48 0.506196 0.429213 0.965594 0.524719
49 0.506196 0.429213 0.965594 0.524719
46 0.506586 0.427528 0.981973 0.521348
51 0.506196 0.429213 0.965594 0.524719
47 0.496056 0.548455 0.971833 0.289607
47 0.501516 0.425562 0.987433 0.528652
48 0.506196 0.429213 0.965594 0.524719
49 0.506196 0.429213 0.965594 0.524719
46 0.506586 0.427528 0.981973 0.521348
51 0.506196 0.429213 0.965594 0.524719
47 0.495666 0.548315 0.972613 0.289888
47 0.501516 0.425562 0.987433 0.528652
48 0.506196 0.429213 0.965594 0.524719
49 0.506196 0.429213 0.965594 0.524719
46 0.506196 0.427528 0.981193 0.521348
51 0.506196 0.429213 0.965594 0.524719
47 0.496056 0.548315 0.971833 0.289888
47 0.501516 0.425772 0.987433 0.52823
48 0.506196 0.429213 0.965594 0.524719
49 0.506196 0.429213 0.965594 0.524719
46 0.506196 0.427598 0.981193 0.521208
51 0.506196 0.429213 0.965594 0.524719
47 0.495276 0.548174 0.971833 0.290169
47 0.501516 0.425772 0.987433 0.52823
48 0.506196 0.429213 0.965594 0.524719
49 0.506196 0.429213 0.965594 0.524719
46 0.506196 0.427528 0.981193 0.521348
51 0.506196 0.429213 0.965594 0.524719
47 0.495276 0.548174 0.971833 0.290169
47 0.501906 0.425772 0.988213 0.52823
48 0.506196 0.429213 0.965594 0.524719
49 0.506196 0.429213 0.965594 0.524719
46 0.506196 0.427598 0.981193 0.521208
51 0.506196 0.429213 0.965594 0.524719
47 0.495276 0.548174 0.971833 0.290169
47 0.501516 0.425843 0.987433 0.52809
48 0.506196 0.429213 0.965594 0.524719
49 0.506196 0.429213 0.965594 0.524719
46 0.506196 0.427809 0.981193 0.520787
51 0.506196 0.429213 0.965594 0.524719
47 0.495276 0.548315 0.971833 0.289888
47 0.501906 0.425843 0.988213 0.52809
48 0.506196 0.429213 0.967154 0.524719
49 0.506196 0.429213 0.967154 0.524719
46 0.506196 0.427598 0.981193 0.521208
51 0.506196 0.429213 0.967154 0.524719
47 0.495276 0.548455 0.971833 0.289607
47 0.501906 0.425843 0.988213 0.52809
48 0.506196 0.428933 0.967154 0.524157
49 0.506196 0.428933 0.967154 0.524157
46 0.506976 0.427809 0.981193 0.520787
51 0.506196 0.428933 0.967154 0.524157
47 0.495276 0.548455 0.971833 0.289607
47 0.501906 0.425772 0.988213 0.52823
48 0.506196 0.428933 0.967154 0.524157
49 0.506196 0.428933 0.967154 0.524157
46 0.506976 0.427809 0.981193 0.520787
51 0.506196 0.428933 0.967154 0.524157
47 0.501906 0.425772 0.988213 0.52823
48 0.506196 0.428933 0.967154 0.524157
49 0.506196 0.428933 0.967154 0.524157
46 0.506976 0.42809 0.981193 0.521348
51 0.506196 0.428933 0.967154 0.524157
47 0.501906 0.425772 0.988213 0.52823
48 0.506976 0.428933 0.967154 0.524157
49 0.506976 0.428933 0.967154 0.524157
46 0.506976 0.42809 0.981193 0.521348
51 0.506976 0.428933 0.967154 0.524157
47 0.501906 0.425772 0.988213 0.52823
48 0.506196 0.428933 0.967154 0.524157
49 0.506196 0.428933 0.967154 0.524157
46 0.506976 0.42809 0.981193 0.521348
51 0.506196 0.428933 0.967154 0.524157
47 0.501906 0.425772 0.988213 0.52823
48 0.506196 0.428933 0.967154 0.524157
49 0.506196 0.428933 0.967154 0.524157
46 0.506976 0.42809 0.981193 0.521348
51 0.506196 0.428933 0.967154 0.524157
47 0.502296 0.425772 0.987433 0.52823
48 0.506586 0.428933 0.967934 0.524157
49 0.506586 0.428933 0.967934 0.524157
46 0.506976 0.42809 0.981193 0.521348
51 0.506586 0.428933 0.967934 0.524157
47 0.502296 0.425772 0.987433 0.52823
48 0.506586 0.428933 0.967934 0.524157
49 0.506586 0.428933 0.967934 0.524157
46 0.506976 0.42809 0.981193 0.521348
51 0.506586 0.428933 0.967934 0.524157
47 0.502296 0.425772 0.987433 0.52823
48 0.506586 0.428933 0.967934 0.524157
49 0.506586 0.428933 0.967934 0.524157
46 0.506976 0.42809 0.981193 0.521348
51 0.506586 0.428933 0.967934 0.524157
47 0.496056 0.426124 0.976513 0.535393
48 0.506586 0.428933 0.967934 0.524157
49 0.506586 0.428933 0.967934 0.524157
46 0.506976 0.42809 0.981193 0.521348
51 0.506586 0.428933 0.967934 0.524157
47 0.496056 0.426124 0.976513 0.535393
48 0.506586 0.428933 0.967934 0.524157
49 0.506586 0.428933 0.967934 0.524157
46 0.507366 0.42809 0.980413 0.521348
51 0.506586 0.428933 0.967934 0.524157
47 0.496056 0.426124 0.976513 0.535393
48 0.506586 0.428933 0.967934 0.524157
49 0.506586 0.428933 0.967934 0.524157
46 0.506976 0.42809 0.981193 0.521348
51 0.506586 0.428933 0.967934 0.524157
47 0.496056 0.426124 0.976513 0.535393
48 0.506976 0.428652 0.967154 0.524719
49 0.506976 0.428652 0.967154 0.524719
46 0.507366 0.42809 0.980413 0.521348
51 0.506976 0.428652 0.967154 0.524719
47 0.496056 0.426334 0.976513 0.534972
48 0.506586 0.428652 0.967934 0.524719
49 0.506586 0.428652 0.967934 0.524719
46 0.506976 0.42809 0.981193 0.521348
51 0.506586 0.428652 0.967934 0.524719
