48 0.497 0.445124 0.961231 0.461401
50 0.506363 0.45989 0.973714 0.431868
79 0.493099 0.444231 0.951868 0.465385
49 0.493099 0.444231 0.951868 0.465385
67 0.493099 0.444231 0.951868 0.465385
84 0.493099 0.444231 0.951868 0.465385
109 0.493099 0.444231 0.951868 0.465385
101 0.497 0.445124 0.961231 0.461401
17 0.49856 0.443681 0.95967 0.45989
95 0.493099 0.444231 0.951868 0.465385
53 0.493099 0.444231 0.951868 0.465385
54 0.493099 0.444231 0.951868 0.465385
76 0.493099 0.444231 0.951868 0.465385
104 0.493099 0.444231 0.951868 0.465385
16 0.493099 0.444231 0.951868 0.465385
46 0.493099 0.444231 0.951868 0.465385
99 0.493099 0.442376 0.954989 0.451511
110 0.497 0.445124 0.961231 0.461401
81 0.493099 0.444231 0.951868 0.465385
56 0.493099 0.444231 0.951868 0.465385
103 0.49856 0.443681 0.95967 0.45989
74 0.493099 0.444231 0.951868 0.465385
68 0.49856 0.443681 0.95967 0.45989
97 0.493099 0.444231 0.951868 0.465385
100 0.497 0.445124 0.961231 0.461401
66 0.497 0.445124 0.961231 0.461401
111 0.493099 0.444231 0.951868 0.465385
51 0.493099 0.444231 0.951868 0.465385
102 0.497 0.445124 0.961231 0.461401
47 0.493099 0.442376 0.954989 0.451511
42 0.488028 0.443338 0.946407 0.456181
11 0.497 0.445124 0.961231 0.461401
75 0.493879 0.442857 0.95655 0.457143
77 0.506363 0.45989 0.973714 0.431868
33 0.493099 0.444231 0.951868 0.465385
73 0.493879 0.442857 0.95655 0.457143
7 0.493099 0.444231 0.951868 0.465385
14 0.49856 0.443681 0.95967 0.45989
41 0.497 0.445124 0.961231 0.461401
21 0.493099 0.444231 0.951868 0.465385
0 0.493879 0.442857 0.95655 0.457143
105 0.493099 0.444231 0.951868 0.465385
5 0.506363 0.45989 0.973714 0.431868
15 0.506363 0.45989 0.973714 0.431868
78 0.493099 0.444231 0.951868 0.465385
6 0.497 0.445124 0.961231 0.461401
38 0.493099 0.444231 0.951868 0.465385
80 0.506363 0.45989 0.973714 0.431868
13 0.497 0.445124 0.961231 0.461401
31 0.506363 0.45989 0.973714 0.431868
108 0.493099 0.444231 0.951868 0.465385
8 0.497 0.445124 0.961231 0.461401
34 0.497 0.445124 0.961231 0.461401
26 0.488028 0.443338 0.946407 0.456181
4 0.497 0.445124 0.961231 0.461401
55 0.497 0.445124 0.961231 0.461401
94 0.493099 0.444231 0.951868 0.465385
28 0.493879 0.442857 0.95655 0.457143
12 0.493879 0.442857 0.95655 0.457143
24 0.497 0.445124 0.961231 0.461401
52 0.506363 0.45989 0.973714 0.431868
92 0.493099 0.442376 0.954989 0.451511
36 0.491538 0.439629 0.948747 0.453709
2 0.499341 0.442033 0.961231 0.458791
72 0.493099 0.444231 0.951868 0.465385
88 0.491538 0.439629 0.948747 0.453709
19 0.499341 0.442033 0.961231 0.458791
22 0.497 0.445124 0.961231 0.461401
9 0.465791 0.433791 0.891011 0.441209
29 0.485687 0.439286 0.929242 0.447802
20 0.485687 0.439286 0.929242 0.447802
71 0.497 0.445124 0.961231 0.461401
62 0.497 0.445124 0.961231 0.461401
30 0.493099 0.442376 0.954989 0.451511
10 0.499341 0.442033 0.961231 0.458791
65 0.497 0.445124 0.961231 0.461401
111 0.499341 0.447802 0.95811 0.48022
54 0.499341 0.447802 0.95811 0.48022
56 0.499341 0.447802 0.95811 0.48022
48 0.503242 0.450824 0.978396 0.477473
80 0.503242 0.450824 0.978396 0.477473
104 0.499341 0.447802 0.95811 0.48022
109 0.499341 0.447802 0.95811 0.48022
99 0.499341 0.447802 0.95811 0.48022
46 0.499341 0.447802 0.95811 0.48022
81 0.499341 0.447802 0.95811 0.48022
105 0.503242 0.450824 0.978396 0.477473
110 0.499341 0.447802 0.95811 0.48022
75 0.499341 0.447802 0.95811 0.48022
66 0.499341 0.447802 0.95811 0.48022
103 0.49544 0.439629 0.950308 0.489973
95 0.499341 0.447802 0.95811 0.48022
67 0.499341 0.447802 0.95811 0.48022
84 0.499341 0.447802 0.95811 0.48022
68 0.499341 0.447802 0.95811 0.48022
78 0.500901 0.443132 0.969033 0.482967
108 0.49544 0.439629 0.950308 0.489973
74 0.499341 0.447802 0.95811 0.48022
52 0.499341 0.447802 0.95811 0.48022
101 0.499341 0.447802 0.95811 0.48022
41 0.503242 0.450824 0.978396 0.477473
79 0.503242 0.450824 0.978396 0.477473
53 0.499341 0.447802 0.95811 0.48022
42 0.499341 0.447802 0.95811 0.48022
50 0.505582 0.447321 0.970593 0.478984
102 0.503242 0.450824 0.978396 0.477473
47 0.499341 0.447802 0.95811 0.48022
17 0.499341 0.447802 0.95811 0.48022
97 0.499341 0.447802 0.95811 0.48022
76 0.499341 0.447802 0.95811 0.48022
73 0.500901 0.443132 0.969033 0.482967
77 0.499341 0.447802 0.95811 0.48022
33 0.49544 0.439629 0.950308 0.489973
100 0.505582 0.447321 0.970593 0.478984
49 0.499341 0.447802 0.95811 0.48022
105 0.278929 0.453915 0.522747 0.491071
48 0.278929 0.453915 0.522747 0.491071
56 0.278929 0.453915 0.522747 0.491071
46 0.278929 0.453915 0.522747 0.491071
51 0.49544 0.439629 0.950308 0.489973
111 0.278929 0.453915 0.522747 0.491071
35 0.499341 0.447802 0.95811 0.48022
54 0.278929 0.453915 0.522747 0.491071
95 0.278929 0.453915 0.522747 0.491071
75 0.278929 0.453915 0.522747 0.491071
41 0.278929 0.453915 0.522747 0.491071
53 0.278929 0.453915 0.522747 0.491071
110 0.280099 0.458791 0.524308 0.502198
104 0.278929 0.453915 0.522747 0.491071
73 0.278929 0.453915 0.522747 0.491071
109 0.278929 0.453915 0.522747 0.491071
78 0.280099 0.458791 0.524308 0.502198
42 0.280099 0.458791 0.524308 0.502198
80 0.280099 0.458791 0.524308 0.502198
49 0.280099 0.458791 0.524308 0.502198
47 0.278929 0.453915 0.522747 0.491071
84 0.278929 0.453915 0.522747 0.491071
50 0.280099 0.458791 0.524308 0.502198
108 0.500901 0.482418 0.99244 0.393407
108 0.489978 0.559341 0.95967 0.648352
79 0.502071 0.499176 0.990099 0.442308
81 0.502071 0.499176 0.990099 0.442308
74 0.500901 0.482418 0.99244 0.393407
79 0.489978 0.559341 0.95967 0.648352
81 0.489978 0.559341 0.95967 0.648352
75 0.505582 0.487088 0.983077 0.367582
80 0.502071 0.499176 0.990099 0.442308
95 0.502071 0.499176 0.990099 0.442308
104 0.502071 0.499176 0.990099 0.442308
80 0.489978 0.559341 0.95967 0.648352
78 0.502071 0.499176 0.990099 0.442308
56 0.489978 0.559341 0.95967 0.648352
95 0.489978 0.559341 0.95967 0.648352
56 0.502071 0.499176 0.990099 0.442308
74 0.504022 0.367857 0.983077 0.622527
68 0.505582 0.487088 0.983077 0.367582
52 0.500901 0.482418 0.99244 0.393407
52 0.489978 0.559341 0.95967 0.648352
74 0.489978 0.559341 0.95967 0.648352
78 0.489978 0.559341 0.95967 0.648352
104 0.489978 0.559341 0.95967 0.648352
75 0.504022 0.367857 0.983077 0.622527
68 0.504022 0.367857 0.983077 0.622527
68 0.505973 0.746703 0.982297 0.506593
108 0.504022 0.367857 0.983077 0.622527
33 0.500901 0.482418 0.99244 0.393407
53 0.502071 0.499176 0.990099 0.442308
52 0.504022 0.367857 0.983077 0.622527
84 0.502071 0.499176 0.990099 0.442308
54 0.489978 0.45467 0.964352 0.456593
105 0.502071 0.499176 0.990099 0.442308
48 0.505973 0.746703 0.982297 0.506593
84 0.489978 0.559341 0.95967 0.648352
105 0.489978 0.559341 0.95967 0.648352
66 0.500901 0.482418 0.99244 0.393407
80 0.504022 0.367857 0.983077 0.622527
53 0.489978 0.559341 0.95967 0.648352
53 0.505582 0.727885 0.984637 0.544231
54 0.489978 0.559341 0.95967 0.648352
81 0.504022 0.367857 0.983077 0.622527
75 0.489978 0.559341 0.95967 0.648352
95 0.504022 0.367857 0.983077 0.622527
33 0.504022 0.367857 0.983077 0.622527
68 0.489978 0.559341 0.95967 0.648352
79 0.504022 0.367857 0.983077 0.622527
66 0.489978 0.559341 0.95967 0.648352
109 0.502071 0.499176 0.990099 0.442308
84 0.504022 0.367857 0.983077 0.622527
104 0.504022 0.367857 0.983077 0.622527
108 0.49817 0.431319 0.982297 0.862637
33 0.489978 0.559341 0.95967 0.648352
97 0.500121 0.431593 0.994 0.503846
76 0.504022 0.367857 0.983077 0.622527
66 0.504022 0.367857 0.983077 0.622527
48 0.505582 0.487088 0.983077 0.367582
17 0.489978 0.45467 0.964352 0.456593
76 0.505582 0.487088 0.983077 0.367582
53 0.504022 0.367857 0.983077 0.622527
56 0.504022 0.367857 0.983077 0.622527
109 0.489978 0.559341 0.95967 0.648352
78 0.504022 0.367857 0.983077 0.622527
48 0.504022 0.367857 0.983077 0.622527
74 0.49817 0.431319 0.982297 0.862637
48 0.489978 0.559341 0.95967 0.648352
101 0.505973 0.746703 0.982297 0.506593
102 0.505973 0.746703 0.982297 0.506593
17 0.489978 0.559341 0.95967 0.648352
75 0.49817 0.431319 0.982297 0.862637
80 0.49817 0.431319 0.982297 0.862637
48 0.49817 0.431319 0.982297 0.862637
101 0.502071 0.499176 0.990099 0.442308
99 0.505582 0.487088 0.983077 0.367582
68 0.49583 0.215659 0.977616 0.431319
41 0.489978 0.45467 0.964352 0.456593
97 0.500901 0.323352 0.983077 0.646703
109 0.504022 0.367857 0.983077 0.622527
67 0.502071 0.499176 0.990099 0.442308
109 0.505582 0.727885 0.984637 0.544231
111 0.505582 0.727885 0.984637 0.544231
111 0.505582 0.487088 0.983077 0.395055
77 0.505582 0.487088 0.983077 0.367582
50 0.501291 0.472802 0.988539 0.404945
108 0.497 0.266071 0.981516 0.532143
68 0.506363 0.880769 0.981517 0.238462
95 0.49817 0.431319 0.982297 0.862637
81 0.49817 0.431319 0.982297 0.862637
56 0.49817 0.431319 0.982297 0.862637
42 0.489978 0.45467 0.964352 0.456593
52 0.505582 0.727885 0.984637 0.544231
48 0.497 0.266071 0.981516 0.532143
50 0.505973 0.746703 0.982297 0.506593
95 0.497 0.266071 0.981516 0.532143
84 0.49817 0.431319 0.982297 0.862637
49 0.501291 0.472802 0.988539 0.404945
52 0.49817 0.431319 0.982297 0.862637
78 0.497 0.266071 0.981516 0.532143
99 0.504022 0.367857 0.983077 0.622527
95 0.490758 0.72967 0.962791 0.523077
56 0.504022 0.697802 0.986198 0.604396
84 0.505582 0.727885 0.984637 0.544231
48 0.500121 0.0873626 0.972154 0.174725
50 0.504022 0.367857 0.983077 0.622527
49 0.504022 0.367857 0.983077 0.622527
111 0.489978 0.559341 0.95967 0.648352
78 0.49817 0.431319 0.982297 0.862637
110 0.500901 0.482418 0.99244 0.393407
41 0.489978 0.559341 0.95967 0.648352
67 0.489978 0.559341 0.95967 0.648352
67 0.505973 0.746703 0.982297 0.506593
74 0.497 0.266071 0.981516 0.532143
101 0.489978 0.559341 0.95967 0.648352
33 0.49817 0.431319 0.982297 0.862637
100 0.504022 0.367857 0.983077 0.622527
101 0.504022 0.367857 0.983077 0.622527
77 0.505973 0.746703 0.982297 0.506593
104 0.49817 0.431319 0.982297 0.862637
73 0.504022 0.367857 0.983077 0.622527
103 0.502071 0.499176 0.990099 0.442308
105 0.504022 0.367857 0.983077 0.622527
42 0.501681 0.357692 0.986198 0.640659
68 0.500121 0.0873626 0.972154 0.174725
75 0.497 0.266071 0.981516 0.532143
77 0.504022 0.367857 0.983077 0.622527
76 0.49817 0.431319 0.982297 0.862637
110 0.504022 0.367857 0.983077 0.622527
54 0.501681 0.357692 0.986198 0.640659
99 0.505582 0.727885 0.984637 0.544231
111 0.504022 0.367857 0.983077 0.622527
53 0.49583 0.215659 0.977616 0.431319
49 0.49583 0.215659 0.977616 0.431319
101 0.49583 0.215659 0.977616 0.431319
50 0.49583 0.215659 0.977616 0.431319
53 0.49817 0.431319 0.982297 0.862637
66 0.49817 0.431319 0.982297 0.862637
46 0.504022 0.367857 0.983077 0.622527
103 0.489978 0.559341 0.95967 0.648352
79 0.49817 0.431319 0.982297 0.862637
110 0.502071 0.733517 0.991659 0.532967
50 0.500121 0.0873626 0.972154 0.174725
68 0.49817 0.431319 0.982297 0.862637
100 0.501291 0.472802 0.988539 0.404945
97 0.489978 0.559341 0.95967 0.648352
77 0.49583 0.215659 0.977616 0.431319
17 0.49739 0.400824 0.988539 0.801648
110 0.489978 0.559341 0.95967 0.648352
46 0.505582 0.727885 0.984637 0.544231
109 0.497 0.266071 0.981516 0.532143
109 0.49817 0.431319 0.982297 0.862637
48 0.506363 0.880769 0.981517 0.238462
46 0.501291 0.472802 0.988539 0.404945
84 0.497 0.266071 0.981516 0.532143
51 0.501681 0.357692 0.986198 0.640659
49 0.505973 0.746703 0.982297 0.506593
33 0.497 0.266071 0.981516 0.532143
76 0.489978 0.559341 0.95967 0.648352
14 0.500901 0.482418 0.99244 0.393407
100 0.505973 0.746703 0.982297 0.506593
100 0.49583 0.215659 0.977616 0.431319
47 0.501291 0.472802 0.988539 0.404945
49 0.500121 0.0873626 0.972154 0.174725
76 0.505582 0.727885 0.984637 0.544231
104 0.504022 0.697802 0.986198 0.604396
67 0.504022 0.367857 0.983077 0.622527
53 0.506363 0.880769 0.981517 0.238462
53 0.500121 0.0873626 0.972154 0.174725
80 0.497 0.266071 0.981516 0.532143
51 0.49583 0.215659 0.977616 0.431319
102 0.499341 0.223626 0.970594 0.447253
42 0.489978 0.559341 0.95967 0.648352
73 0.501291 0.472802 0.988539 0.404945
73 0.505582 0.727885 0.984637 0.544231
111 0.49817 0.431319 0.982297 0.862637
17 0.497 0.266071 0.981516 0.532143
41 0.501681 0.357692 0.986198 0.640659
99 0.489978 0.559341 0.95967 0.648352
76 0.497 0.266071 0.981516 0.532143
75 0.505582 0.727885 0.984637 0.544231
105 0.49817 0.431319 0.982297 0.862637
52 0.49583 0.215659 0.977616 0.431319
6 0.502071 0.499176 0.990099 0.442308
2 0.498951 0.41044 0.977615 0.820879
46 0.49817 0.431319 0.982297 0.862637
110 0.497 0.266071 0.981516 0.532143
80 0.492319 0.751923 0.969033 0.496154
47 0.505582 0.727885 0.984637 0.544231
101 0.506363 0.880769 0.981517 0.238462
81 0.502071 0.726374 0.990099 0.547253
101 0.502852 0.0634615 0.95733 0.126923
12 0.498951 0.41044 0.977615 0.820879
100 0.49817 0.431319 0.982297 0.862637
73 0.49817 0.431319 0.982297 0.862637
47 0.504022 0.367857 0.983077 0.622527
110 0.49817 0.431319 0.982297 0.862637
67 0.506363 0.880769 0.981517 0.238462
6 0.489978 0.559341 0.95967 0.648352
51 0.505582 0.727885 0.984637 0.544231
100 0.500121 0.0873626 0.972154 0.174725
67 0.49583 0.215659 0.977616 0.431319
105 0.504022 0.697802 0.986198 0.604396
14 0.489978 0.559341 0.95967 0.648352
102 0.506363 0.880769 0.981517 0.238462
56 0.497 0.266071 0.981516 0.532143
99 0.497 0.266071 0.981516 0.532143
109 0.500121 0.0873626 0.972154 0.174725
51 0.501291 0.472802 0.988539 0.404945
49 0.252011 0.445055 0.473593 0.465934
77 0.489978 0.559341 0.95967 0.648352
103 0.502071 0.733517 0.991659 0.532967
48 0.252011 0.445055 0.473593 0.465934
50 0.49622 0.867857 0.979956 0.264286
99 0.49817 0.431319 0.982297 0.862637
0 0.818451 0.545055 0.324571 0.217582
2 0.502071 0.499176 0.990099 0.442308
49 0.176671 0.448352 0.330911 0.476923
48 0.511824 0.0607143 0.944066 0.121429
2 0.497 0.266071 0.981516 0.532143
78 0.502071 0.726374 0.990099 0.547253
46 0.499341 0.223626 0.970594 0.447253
47 0.489978 0.559341 0.95967 0.648352
66 0.497 0.266071 0.981516 0.532143
74 0.511824 0.42967 0.936264 0.446154
75 0.514165 0.445124 0.937824 0.437225
97 0.511824 0.42967 0.936264 0.446154
33 0.511824 0.42967 0.936264 0.446154
42 0.507143 0.427747 0.936264 0.439011
66 0.511824 0.42967 0.936264 0.446154
76 0.514165 0.445124 0.937824 0.437225
100 0.514165 0.445124 0.937824 0.437225
50 0.507143 0.437363 0.931582 0.446154
80 0.511824 0.42967 0.936264 0.446154
41 0.517945 0.412912 0.96411 0.415934
17 0.511824 0.42967 0.936264 0.446154
54 0.511824 0.42967 0.936264 0.446154
84 0.514165 0.445124 0.937824 0.437225
103 0.511824 0.42967 0.936264 0.446154
108 0.511824 0.42967 0.936264 0.446154
73 0.514165 0.445124 0.937824 0.437225
104 0.511824 0.42967 0.936264 0.446154
68 0.49739 0.881319 0.965132 0.237363
46 0.514165 0.445124 0.937824 0.437225
68 0.514165 0.445124 0.937824 0.437225
48 0.511824 0.42967 0.936264 0.446154
79 0.511824 0.42967 0.936264 0.446154
68 0.507533 0.923626 0.982297 0.152747
75 0.511434 0.352747 0.937044 0.579121
95 0.497 0.901099 0.953429 0.197802
78 0.511044 0.437981 0.939385 0.449313
68 0.491538 0.959341 0.948747 0.0813187
32 0.511824 0.42967 0.936264 0.446154
52 0.505582 0.432143 0.936264 0.452198
101 0.507143 0.437363 0.931582 0.446154
109 0.49739 0.881319 0.965132 0.237363
105 0.511824 0.42967 0.936264 0.446154
77 0.507143 0.437363 0.931582 0.446154
95 0.491538 0.959341 0.948747 0.0813187
68 0.490758 0.976099 0.944066 0.0478022
77 0.49739 0.881319 0.965132 0.237363
95 0.511824 0.42967 0.936264 0.446154
103 0.49739 0.881319 0.965132 0.237363
49 0.507143 0.437363 0.931582 0.446154
101 0.49739 0.881319 0.965132 0.237363
47 0.511824 0.42967 0.936264 0.446154
99 0.514165 0.445124 0.937824 0.437225
104 0.497 0.901099 0.953429 0.197802
76 0.511434 0.352747 0.937044 0.579121
84 0.49739 0.881319 0.965132 0.237363
50 0.49739 0.881319 0.965132 0.237363
76 0.49739 0.881319 0.965132 0.237363
67 0.49739 0.881319 0.965132 0.237363
75 0.606133 0.398626 0.747646 0.523626
74 0.497 0.901099 0.953429 0.197802
66 0.497 0.901099 0.953429 0.197802
53 0.507412 0.88956 0.985176 0.220879
109 0.507143 0.437363 0.931582 0.446154
103 0.507533 0.923626 0.982297 0.152747
28 0.517945 0.412912 0.96411 0.415934
109 0.507533 0.923626 0.982297 0.152747
101 0.507533 0.923626 0.982297 0.152747
104 0.497 0.944506 0.945626 0.110989
100 0.511434 0.352747 0.937044 0.579121
74 0.497 0.944506 0.945626 0.110989
67 0.507533 0.923626 0.982297 0.152747
111 0.507412 0.88956 0.985176 0.220879
110 0.49739 0.881319 0.965132 0.237363
109 0.491538 0.959341 0.948747 0.0813187
48 0.507412 0.88956 0.985176 0.220879
102 0.49739 0.881319 0.965132 0.237363
105 0.507533 0.923626 0.982297 0.152747
95 0.490758 0.976099 0.944066 0.0478022
66 0.497 0.944506 0.945626 0.110989
101 0.491538 0.959341 0.948747 0.0813187
77 0.507533 0.923626 0.982297 0.152747
84 0.507533 0.923626 0.982297 0.152747
100 0.606133 0.398626 0.747646 0.523626
97 0.49739 0.881319 0.965132 0.237363
74 0.532379 0.360989 0.935242 0.301099
73 0.49739 0.881319 0.965132 0.237363
74 0.490758 0.976099 0.944066 0.0478022
97 0.532379 0.360989 0.935242 0.301099
67 0.511824 0.42967 0.936264 0.446154
100 0.49739 0.881319 0.965132 0.237363
67 0.491538 0.959341 0.948747 0.0813187
104 0.490758 0.976099 0.944066 0.0478022
41 0.511434 0.352747 0.937044 0.579121
66 0.490758 0.976099 0.944066 0.0478022
101 0.490758 0.976099 0.944066 0.0478022
109 0.490758 0.976099 0.944066 0.0478022
103 0.491538 0.959341 0.948747 0.0813187
21 0.517945 0.412912 0.96411 0.415934
105 0.491538 0.959341 0.948747 0.0813187
41 0.532379 0.360989 0.935242 0.301099
84 0.491538 0.959341 0.948747 0.0813187
97 0.507533 0.923626 0.982297 0.152747
103 0.490758 0.976099 0.944066 0.0478022
110 0.514165 0.445124 0.937824 0.437225
53 0.511824 0.42967 0.936264 0.446154
74 0.504802 0.564973 0.933143 0.535989
76 0.606133 0.398626 0.747646 0.523626
77 0.490758 0.976099 0.944066 0.0478022
77 0.491538 0.959341 0.948747 0.0813187
75 0.49739 0.881319 0.965132 0.237363
81 0.511824 0.42967 0.936264 0.446154
67 0.490758 0.976099 0.944066 0.0478022
81 0.507533 0.923626 0.982297 0.152747
6 0.517945 0.412912 0.96411 0.415934
14 0.517945 0.412912 0.96411 0.415934
104 0.502071 0.597253 0.943286 0.805494
50 0.507533 0.923626 0.982297 0.152747
84 0.606133 0.398626 0.747646 0.523626
79 0.507533 0.923626 0.982297 0.152747
33 0.532379 0.360989 0.935242 0.301099
56 0.500511 0.445604 0.974495 0.469231
84 0.500511 0.445604 0.974495 0.469231
95 0.508313 0.443956 0.95889 0.47033
54 0.500511 0.445604 0.974495 0.469231
53 0.500511 0.445604 0.974495 0.469231
97 0.500511 0.445604 0.974495 0.469231
111 0.500511 0.445604 0.974495 0.469231
80 0.505973 0.436538 0.963571 0.460989
103 0.500511 0.445604 0.974495 0.469231
67 0.500511 0.445604 0.974495 0.469231
108 0.505973 0.436538 0.963571 0.460989
42 0.503242 0.442857 0.964352 0.457143
79 0.502462 0.445055 0.95967 0.463736
52 0.500511 0.445604 0.974495 0.469231
68 0.49778 0.478571 0.983077 0.428571
109 0.500511 0.445604 0.974495 0.469231
33 0.505973 0.436538 0.963571 0.460989
104 0.502462 0.445055 0.95967 0.463736
41 0.505973 0.436538 0.963571 0.460989
17 0.505973 0.436538 0.963571 0.460989
76 0.505973 0.436538 0.963571 0.460989
74 0.502462 0.445055 0.95967 0.463736
48 0.500511 0.445604 0.974495 0.469231
66 0.502462 0.445055 0.95967 0.463736
75 0.505973 0.436538 0.963571 0.460989
49 0.500511 0.445604 0.974495 0.469231
110 0.508313 0.443956 0.95889 0.47033
78 0.502462 0.445055 0.95967 0.463736
105 0.502462 0.445055 0.95967 0.463736
101 0.508313 0.443956 0.95889 0.47033
47 0.500511 0.445604 0.974495 0.469231
100 0.503242 0.442857 0.964352 0.457143
81 0.502462 0.445055 0.95967 0.463736
77 0.508313 0.443956 0.95889 0.47033
73 0.500511 0.445604 0.974495 0.469231
99 0.500511 0.445604 0.974495 0.469231
104 0.509093 0.945879 0.969813 0.108242
51 0.503242 0.442857 0.964352 0.457143
46 0.503242 0.442857 0.964352 0.457143
105 0.509093 0.945879 0.969813 0.108242
79 0.509093 0.945879 0.969813 0.108242
81 0.509093 0.945879 0.969813 0.108242
50 0.505973 0.436538 0.963571 0.460989
95 0.509093 0.945879 0.969813 0.108242
78 0.507923 0.933517 0.981517 0.132967
67 0.506363 0.507418 0.965912 0.324725
54 0.511824 0.440934 0.95811 0.467582
75 0.511824 0.435783 0.95811 0.47239
42 0.507533 0.43908 0.965132 0.466896
84 0.511824 0.440934 0.95811 0.467582
80 0.511824 0.440934 0.95811 0.467582
97 0.511824 0.435783 0.95811 0.47239
33 0.501681 0.437843 0.933143 0.470467
76 0.501681 0.437843 0.933143 0.470467
52 0.507533 0.43908 0.965132 0.466896
41 0.501681 0.437843 0.933143 0.470467
103 0.511824 0.435783 0.95811 0.47239
66 0.511824 0.435783 0.95811 0.47239
53 0.507533 0.43908 0.965132 0.466896
100 0.511824 0.435783 0.95811 0.47239
73 0.511824 0.440934 0.95811 0.467582
99 0.511824 0.435783 0.95811 0.47239
50 0.509874 0.439011 0.95733 0.464835
74 0.501681 0.437843 0.933143 0.470467
47 0.501681 0.437843 0.933143 0.470467
46 0.501681 0.437843 0.933143 0.470467
108 0.511044 0.440591 0.95811 0.463874
102 0.362607 0.969506 0.725214 0.060989
102 0.623665 0.953846 0.75267 0.0923077
102 0.752401 0.952747 0.495198 0.0945055
17 0.511824 0.440934 0.95811 0.467582
109 0.507143 0.434615 0.967472 0.476923
101 0.362607 0.969506 0.725214 0.060989
95 0.507143 0.434615 0.967472 0.476923
102 0.622885 0.907692 0.754231 0.184615
33 0.059443 0.581319 0.0765591 0.0395604
0 0.059443 0.581319 0.0765591 0.0395604
102 0.764885 0.918681 0.470231 0.162637
77 0.362607 0.969506 0.725214 0.060989
101 0.623665 0.953846 0.75267 0.0923077
101 0.752401 0.952747 0.495198 0.0945055
68 0.508703 0.436264 0.967473 0.462637
77 0.623665 0.953846 0.75267 0.0923077
54 0.500511 0.43956 0.974495 0.449451
42 0.500511 0.43956 0.974495 0.449451
52 0.500901 0.440041 0.972154 0.449588
80 0.500901 0.440041 0.972154 0.449588
54 0.678791 0.459615 0.608571 0.412637
42 0.678791 0.459615 0.608571 0.412637
54 0.575022 0.483242 0.823912 0.35989
54 0.379284 0.36456 0.705124 0.295055
84 0.500511 0.43956 0.974495 0.449451
42 0.575022 0.483242 0.823912 0.35989
75 0.500511 0.43956 0.974495 0.449451
52 0.678791 0.459615 0.608571 0.412637
54 0.49856 0.340041 0.965912 0.264973
42 0.49856 0.340041 0.965912 0.264973
42 0.379284 0.36456 0.705124 0.295055
53 0.500901 0.440041 0.972154 0.449588
52 0.575022 0.483242 0.823912 0.35989
97 0.492319 0.440659 0.95655 0.447253
33 0.500901 0.440041 0.972154 0.449588
2 0.521967 0.422459 0.931582 0.441896
52 0.379284 0.36456 0.705124 0.295055
54 0.49856 0.443338 0.964352 0.456181
42 0.49856 0.443338 0.964352 0.456181
52 0.505192 0.442308 0.955769 0.461538
75 0.505973 0.444574 0.95733 0.455907
80 0.491929 0.443887 0.941725 0.449588
84 0.49856 0.443338 0.964352 0.456181
33 0.491929 0.443887 0.941725 0.449588
42 0.500121 0.366003 0.931582 0.295467
54 0.500121 0.366003 0.931582 0.295467
66 0.505973 0.444574 0.95733 0.455907
42 0.502071 0.441827 0.974495 0.454808
54 0.502071 0.441827 0.974495 0.454808
75 0.49622 0.44533 0.945626 0.460989
33 0.502071 0.441827 0.974495 0.454808
42 0.497 0.378571 0.947187 0.324176
80 0.493489 0.444506 0.944846 0.458242
42 0.351489 0.438462 0.653044 0.451648
75 0.351489 0.438462 0.653044 0.451648
54 0.611692 0.457692 0.720923 0.425275
42 0.611692 0.457692 0.720923 0.425275
54 0.351489 0.438462 0.653044 0.451648
54 0.497 0.378571 0.947187 0.324176
42 0.753692 0.43908 0.440044 0.458104
42 0.49778 0.439492 0.95967 0.470467
54 0.49778 0.434066 0.954989 0.476923
54 0.63783 0.417651 0.684253 0.498764
53 0.502852 0.437363 0.954209 0.467033
42 0.63783 0.417651 0.684253 0.498764
80 0.491538 0.443407 0.945626 0.475824
42 0.479055 0.37081 0.892571 0.334203
2 0.500121 0.433517 0.95655 0.474725
75 0.489588 0.442582 0.943286 0.475275
52 0.502852 0.437363 0.954209 0.467033
33 0.49778 0.439492 0.95967 0.470467
54 0.479055 0.37081 0.892571 0.334203
42 0.500121 0.449176 0.962791 0.466484
75 0.494659 0.451648 0.961231 0.479121
54 0.499341 0.451374 0.970594 0.474176
84 0.494659 0.451648 0.961231 0.479121
80 0.49817 0.447802 0.966692 0.471429
42 0.615691 0.424451 0.72853 0.48956
52 0.499341 0.444506 0.964352 0.467033
42 0.78256 0.451923 0.39011 0.437912
7 0.500121 0.449176 0.962791 0.466484
42 0.505973 0.451168 0.955769 0.474588
54 0.492709 0.453022 0.949528 0.487363
75 0.492709 0.453022 0.949528 0.487363
33 0.498951 0.45103 0.971374 0.483654
7 0.500901 0.450824 0.972154 0.487363
97 0.505973 0.451168 0.955769 0.474588
80 0.498951 0.45103 0.971374 0.483654
52 0.505973 0.451168 0.955769 0.474588
2 0.500901 0.450824 0.972154 0.487363
42 0.49739 0.44169 0.955769 0.461676
54 0.49739 0.44169 0.955769 0.461676
52 0.508703 0.437431 0.967473 0.478984
2 0.508703 0.437431 0.967473 0.478984
1 0.505192 0.436264 0.972934 0.463736
7 0.49739 0.44169 0.955769 0.461676
32 0.505192 0.436264 0.972934 0.463736
97 0.506363 0.442239 0.975275 0.468269
42 0.505582 0.437294 0.973714 0.461676
54 0.499341 0.440179 0.967473 0.455907
1 0.505973 0.434615 0.963571 0.467033
7 0.505973 0.434615 0.963571 0.467033
76 0.500901 0.439629 0.969033 0.454808
97 0.500901 0.439629 0.969033 0.454808
46 0.500901 0.439629 0.969033 0.454808
42 0.752132 0.416484 0.477495 0.494505
75 0.499341 0.440179 0.967473 0.455907
51 0.505973 0.434615 0.963571 0.467033
9 0.499341 0.440179 0.967473 0.455907
42 0.499341 0.436882 0.973714 0.448214
54 0.499731 0.431799 0.972934 0.463874
7 0.504802 0.441758 0.984637 0.446154
1 0.500121 0.437431 0.973714 0.448214
42 0.711951 0.443956 0.564099 0.435165
42 0.488027 0.444986 0.962011 0.463874
54 0.49505 0.443475 0.979176 0.461401
75 0.493879 0.443956 0.978396 0.46044
7 0.49856 0.445879 0.979956 0.460989
42 0.501681 0.441758 0.95811 0.459341
7 0.504022 0.440934 0.967472 0.460989
54 0.503242 0.443956 0.972154 0.458242
1 0.503242 0.44011 0.964352 0.459341
9 0.502852 0.441209 0.954209 0.458242
76 0.502852 0.441209 0.954209 0.458242
97 0.506363 0.44169 0.95967 0.458379
42 0.509484 0.443681 0.969033 0.457692
54 0.509484 0.443132 0.969033 0.458791
7 0.509484 0.443132 0.962791 0.454396
75 0.509484 0.443132 0.962791 0.454396
76 0.509484 0.443132 0.962791 0.454396
97 0.509484 0.443132 0.969033 0.458791
7 0.0929681 0.41978 0.140586 0.410989
42 0.493489 0.442857 0.95733 0.453846
7 0.503242 0.440934 0.984637 0.466484
54 0.506753 0.441827 0.971374 0.459203
1 0.503242 0.440934 0.984637 0.466484
76 0.503242 0.440934 0.984637 0.466484
8 0.503242 0.440934 0.984637 0.466484
48 0.505582 0.895879 0.975275 0.208242
9 0.503242 0.440934 0.984637 0.466484
2 0.503242 0.440934 0.984637 0.466484
42 0.501681 0.444574 0.95967 0.459203
7 0.503242 0.437637 0.961231 0.45
54 0.512604 0.440041 0.953429 0.462775
32 0.508703 0.439286 0.962791 0.45
1 0.508703 0.439286 0.962791 0.45
42 0.506363 0.44478 0.950308 0.462088
7 0.504022 0.445536 0.954989 0.46717
5 0.500121 0.439835 0.953429 0.454396
9 0.500121 0.439835 0.953429 0.454396
54 0.507533 0.443956 0.947967 0.456044
1 0.506363 0.44478 0.950308 0.462088
46 0.500121 0.439835 0.953429 0.454396
76 0.500121 0.439835 0.953429 0.454396
8 0.125225 0.376374 0.203637 0.334066
42 0.49583 0.443338 0.965132 0.45728
54 0.49583 0.443338 0.965132 0.45728
7 0.503632 0.442376 0.966692 0.458104
75 0.49544 0.440934 0.95967 0.453297
52 0.508703 0.442308 0.954989 0.453846
42 0.490758 0.440659 0.962791 0.458242
54 0.510264 0.439286 0.962791 0.457692
7 0.489198 0.439011 0.962791 0.453846
42 0.503242 0.347253 0.965912 0.268681
16 0.0722679 0.584615 0.116838 0.0417582
5 0.494659 0.440659 0.978396 0.454945
15 0.0722679 0.584615 0.116838 0.0417582
75 0.489198 0.439011 0.962791 0.453846
42 0.497 0.44011 0.950308 0.459341
54 0.508313 0.437294 0.955769 0.461676
7 0.507022 0.437431 0.985956 0.453709
32 0.504802 0.441758 0.964352 0.463736
9 0.507022 0.437431 0.985956 0.453709
52 0.508313 0.437294 0.955769 0.461676
76 0.507022 0.437431 0.985956 0.453709
5 0.507022 0.437431 0.985956 0.453709
75 0.49544 0.442033 0.947187 0.465385
1 0.504802 0.441758 0.964352 0.463736
50 0.507022 0.437431 0.985956 0.453709
48 0.49661 0.85055 0.966692 0.298901
77 0.506363 0.867033 0.973714 0.265934
46 0.507022 0.437431 0.985956 0.453709
42 0.49817 0.439835 0.95733 0.455495
54 0.504802 0.439011 0.95655 0.453846
7 0.499341 0.439629 0.961231 0.453709
75 0.504802 0.440041 0.962791 0.459478
42 0.502462 0.433517 0.942506 0.471429
7 0.49778 0.436745 0.945626 0.463874
9 0.49778 0.436745 0.945626 0.463874
54 0.502462 0.433517 0.942506 0.471429
8 0.49778 0.436745 0.945626 0.463874
32 0.502462 0.432692 0.948747 0.46978
1 0.501681 0.423626 0.945626 0.491209
42 0.494659 0.441277 0.948747 0.454808
7 0.49739 0.438187 0.949528 0.451099
8 0.500901 0.439286 0.947187 0.457692
9 0.49544 0.440934 0.940945 0.458791
76 0.506753 0.43956 0.977616 0.452747
97 0.501681 0.438736 0.953429 0.456593
41 0.494659 0.441277 0.948747 0.454808
5 0.506753 0.43956 0.977616 0.452747
42 0.498951 0.441209 0.952648 0.456044
7 0.498951 0.442033 0.946407 0.458791
54 0.502852 0.441484 0.954209 0.455495
97 0.502852 0.441484 0.954209 0.455495
75 0.504022 0.443407 0.951868 0.463736
1 0.504022 0.443407 0.951868 0.463736
42 0.505192 0.436745 0.980736 0.450687
102 0.500121 0.0785028 0.950308 0.157006
101 0.500121 0.0785028 0.950308 0.157006
7 0.505192 0.436745 0.980736 0.450687
54 0.505582 0.435714 0.962791 0.459341
77 0.500121 0.0785028 0.950308 0.157006
42 0.504022 0.442308 0.976835 0.459341
7 0.504022 0.442308 0.976835 0.459341
9 0.49856 0.435989 0.95967 0.460989
97 0.498951 0.439629 0.960451 0.4625
42 0.494659 0.442033 0.961231 0.457692
7 0.508973 0.441827 0.982055 0.463599
42 0.504802 0.44114 0.953429 0.450687
54 0.504022 0.442582 0.948747 0.447802
97 0.504022 0.442582 0.948747 0.447802
7 0.49817 0.440659 0.962011 0.456044
51 0.499341 0.442926 0.962791 0.453709
52 0.504802 0.44114 0.953429 0.450687
108 0.49817 0.440659 0.962011 0.456044
42 0.497 0.438187 0.962791 0.452198
7 0.507802 0.437637 0.984396 0.451099
8 0.500901 0.440385 0.961231 0.455495
9 0.507802 0.437637 0.984396 0.451099
51 0.500901 0.440385 0.961231 0.455495
42 0.49778 0.436332 0.961231 0.457005
7 0.494659 0.439286 0.951868 0.457692
1 0.501681 0.437843 0.950308 0.459478
42 0.49661 0.440041 0.966692 0.459478
42 0.353049 0.44169 0.670209 0.460577
7 0.491539 0.440728 0.964352 0.461401
42 0.497 0.441209 0.965912 0.453846
7 0.507923 0.443956 0.976835 0.457143
1 0.500901 0.439492 0.954989 0.453983
42 0.500901 0.44169 0.948747 0.456181
7 0.493879 0.440728 0.95967 0.454808
42 0.501681 0.441484 0.950308 0.457692
7 0.508973 0.443956 0.982055 0.463736
42 0.49856 0.438736 0.961231 0.45989
7 0.509363 0.439011 0.981275 0.456044
42 0.497 0.440385 0.950308 0.453297
7 0.510143 0.44169 0.979714 0.455082
8 0.507143 0.44011 0.954989 0.458242
42 0.505582 0.441278 0.948747 0.457006
7 0.507412 0.442857 0.985176 0.459341
8 0.504802 0.440041 0.948747 0.464973
42 0.509363 0.441484 0.981275 0.457692
7 0.501681 0.442926 0.962791 0.459203
42 0.494659 0.439492 0.954989 0.453983
7 0.509753 0.440179 0.980494 0.460302
8 0.504022 0.440659 0.951868 0.456044
42 0.492319 0.441758 0.95811 0.453846
42 0.493489 0.441758 0.95733 0.454945
7 0.490758 0.443681 0.95967 0.464286
42 0.497 0.441209 0.950308 0.456044
7 0.509753 0.441484 0.980494 0.455495
42 0.49622 0.441484 0.948747 0.456593
7 0.49622 0.441484 0.948747 0.456593
12 0.0729018 0.585714 0.118106 0.0395604
27 0.0729018 0.585714 0.118106 0.0395604
42 0.49817 0.439492 0.963571 0.453983
7 0.49817 0.439492 0.963571 0.453983
42 0.49778 0.439286 0.948747 0.455495
7 0.510143 0.43956 0.979714 0.454945
42 0.49622 0.440385 0.951868 0.45989
7 0.505582 0.440385 0.972154 0.456593
42 0.495049 0.440041 0.954209 0.459478
7 0.49856 0.437912 0.975275 0.464835
42 0.493099 0.43853 0.954989 0.455907
7 0.505582 0.43908 0.978396 0.453709
42 0.493489 0.439835 0.960451 0.454396
7 0.493489 0.439835 0.960451 0.454396
42 0.494659 0.44011 0.95967 0.453846
7 0.494659 0.44011 0.95967 0.453846
42 0.497 0.437843 0.970593 0.455082
7 0.494269 0.439011 0.955769 0.451648
42 0.49544 0.43956 0.953429 0.452747
7 0.49544 0.43956 0.953429 0.452747
42 0.494659 0.440934 0.954989 0.453297
7 0.506753 0.440591 0.982297 0.455082
42 0.49661 0.442308 0.952648 0.454945
7 0.504412 0.440041 0.966692 0.455082
42 0.504802 0.442033 0.969033 0.457692
7 0.504802 0.442033 0.969033 0.457692
42 0.49856 0.443956 0.950308 0.457143
7 0.504412 0.442857 0.963571 0.458242
42 0.49778 0.443132 0.948747 0.456593
7 0.504412 0.442582 0.965132 0.458791
42 0.49778 0.442582 0.951868 0.453297
7 0.505192 0.442376 0.968253 0.457006
42 0.49583 0.442582 0.955769 0.454396
7 0.504022 0.442308 0.970594 0.456044
42 0.49622 0.441758 0.95811 0.451648
7 0.503632 0.440934 0.974495 0.453297
42 0.49622 0.441484 0.95811 0.451099
7 0.504412 0.440179 0.976055 0.45261
42 0.49622 0.441209 0.95811 0.451648
7 0.503242 0.43956 0.975275 0.453846
42 0.49505 0.441484 0.960451 0.452198
7 0.49544 0.440659 0.95811 0.452747
42 0.49505 0.441209 0.960451 0.451648
7 0.504022 0.440179 0.979956 0.453709
42 0.494659 0.440728 0.95967 0.450412
7 0.504022 0.44011 0.978396 0.452747
42 0.493879 0.440385 0.95967 0.45
7 0.503242 0.439629 0.978396 0.45261
42 0.493099 0.440591 0.961231 0.449588
7 0.502462 0.44011 0.978396 0.452747
42 0.493879 0.440385 0.961231 0.45
7 0.503242 0.439629 0.978396 0.45261
42 0.493879 0.440385 0.95967 0.45
42 0.494659 0.440385 0.95811 0.451099
42 0.49505 0.440179 0.95733 0.451511
42 0.494659 0.438736 0.95811 0.453297
42 0.49544 0.438736 0.95655 0.453297
42 0.49544 0.438736 0.954989 0.452198
42 0.494659 0.438736 0.95655 0.452198
42 0.49505 0.438736 0.955769 0.452198
42 0.49544 0.43853 0.954989 0.45261
42 0.49583 0.438736 0.955769 0.452198
42 0.49544 0.438462 0.954989 0.452747
42 0.49622 0.438736 0.954989 0.453297
42 0.49544 0.438736 0.953429 0.453297
42 0.49544 0.439835 0.953429 0.454396
42 0.49544 0.439835 0.953429 0.454396
42 0.49622 0.440041 0.953429 0.455082
42 0.49622 0.440179 0.953429 0.455907
42 0.49622 0.440385 0.953429 0.455495
42 0.497 0.440591 0.953429 0.456181
42 0.497 0.440659 0.953429 0.456044
42 0.497 0.440728 0.953429 0.457006
42 0.497 0.440934 0.953429 0.456593
42 0.497 0.440934 0.953429 0.456593
42 0.497 0.440728 0.953429 0.457006
42 0.49739 0.440728 0.952648 0.457006
42 0.49739 0.440728 0.952648 0.457006
42 0.49739 0.440728 0.952648 0.457006
42 0.49778 0.440728 0.951868 0.457006
42 0.49778 0.441209 0.951868 0.457143
42 0.49778 0.441209 0.951868 0.457143
42 0.49778 0.440934 0.951868 0.456593
42 0.49778 0.440934 0.951868 0.456593
42 0.49778 0.440934 0.951868 0.456593
42 0.49778 0.440934 0.951868 0.456593
42 0.49778 0.440934 0.951868 0.456593
42 0.49778 0.44114 0.951868 0.456181
42 0.49739 0.440659 0.951088 0.456044
42 0.49739 0.440659 0.951088 0.456044
42 0.49739 0.440659 0.951088 0.456044
42 0.49739 0.440659 0.951088 0.456044
42 0.49739 0.440728 0.951088 0.455907
42 0.49739 0.440659 0.951088 0.456044
42 0.49739 0.440659 0.951088 0.456044
42 0.49778 0.440591 0.951868 0.455082
42 0.49778 0.440591 0.950308 0.455082
42 0.49778 0.440591 0.950308 0.455082
42 0.49778 0.440591 0.951868 0.455082
42 0.49778 0.440591 0.950308 0.455082
42 0.49778 0.440591 0.950308 0.455082
42 0.49778 0.440179 0.950308 0.454808
42 0.49778 0.440179 0.950308 0.454808
42 0.49817 0.440179 0.951088 0.454808
42 0.49778 0.440591 0.950308 0.455082
42 0.49778 0.440179 0.950308 0.454808
42 0.49778 0.440179 0.950308 0.454808
42 0.49778 0.440179 0.950308 0.454808
42 0.49778 0.440179 0.950308 0.454808
42 0.49778 0.440179 0.950308 0.454808
42 0.49778 0.440179 0.950308 0.454808
42 0.49817 0.440385 0.949528 0.454396
42 0.49856 0.440179 0.950308 0.454808
42 0.49817 0.440385 0.949528 0.454396
42 0.49856 0.440385 0.950308 0.454396
42 0.49856 0.440385 0.950308 0.454396
42 0.49817 0.440385 0.949528 0.454396
42 0.49817 0.44011 0.949528 0.453846
42 0.49856 0.440385 0.950308 0.454396
42 0.49856 0.440385 0.950308 0.454396
42 0.49856 0.44011 0.950308 0.453846
42 0.498951 0.440041 0.949528 0.453984
42 0.498951 0.440041 0.949528 0.453984
42 0.498951 0.440041 0.949528 0.453984
42 0.498951 0.440041 0.949528 0.453984
