48 0.510156 0.550431 0.979688 0.772701
53 0.528125 0.494828 0.94375 0.87931
48 0.497266 0.688649 0.964844 0.503161
79 0.513281 0.536782 0.96875 0.8
84 0.513281 0.536782 0.96875 0.8
56 0.497266 0.688649 0.964844 0.503161
53 0.497266 0.688649 0.964844 0.503161
75 0.513281 0.536782 0.96875 0.8
105 0.513281 0.536782 0.96875 0.8
95 0.511719 0.497126 0.975 0.874713
79 0.497266 0.688649 0.964844 0.503161
49 0.501172 0.694109 0.985156 0.49454
68 0.497266 0.688649 0.964844 0.503161
109 0.528125 0.494828 0.94375 0.87931
111 0.497266 0.688649 0.964844 0.503161
109 0.495313 0.684483 0.9625 0.509195
95 0.497266 0.688649 0.964844 0.503161
84 0.497266 0.688649 0.964844 0.503161
54 0.528125 0.494828 0.94375 0.87931
50 0.510938 0.544828 0.978125 0.781609
54 0.495313 0.684483 0.9625 0.509195
104 0.495313 0.684483 0.9625 0.509195
103 0.497266 0.688649 0.964844 0.503161
67 0.495313 0.684483 0.9625 0.509195
81 0.495313 0.684483 0.9625 0.509195
17 0.497266 0.688649 0.964844 0.503161
75 0.497266 0.688649 0.964844 0.503161
74 0.495313 0.684483 0.9625 0.509195
49 0.510156 0.550431 0.979688 0.772701
101 0.511719 0.497126 0.975 0.874713
67 0.513281 0.536782 0.96875 0.8
14 0.511719 0.497126 0.975 0.874713
46 0.507031 0.614943 0.98125 0.647126
101 0.495313 0.684483 0.9625 0.509195
97 0.495313 0.684483 0.9625 0.509195
110 0.495313 0.684483 0.9625 0.509195
111 0.507812 0.578736 0.979688 0.71954
76 0.495313 0.684483 0.9625 0.509195
56 0.527734 0.485057 0.944531 0.894253
73 0.508203 0.601724 0.983594 0.674713
50 0.501172 0.694109 0.985156 0.49454
42 0.527734 0.485057 0.944531 0.894253
77 0.528125 0.494828 0.94375 0.87931
105 0.497266 0.688649 0.964844 0.503161
42 0.498438 0.693103 0.982813 0.493103
74 0.528125 0.494828 0.94375 0.87931
47 0.529297 0.511782 0.941406 0.85
77 0.497266 0.688649 0.964844 0.503161
81 0.528125 0.494828 0.94375 0.87931
51 0.528125 0.494828 0.94375 0.87931
17 0.513281 0.536782 0.96875 0.8
41 0.528125 0.494828 0.94375 0.87931
100 0.501172 0.694109 0.985156 0.49454
104 0.510156 0.550431 0.979688 0.772701
34 0.527734 0.485057 0.944531 0.894253
80 0.495313 0.684483 0.9625 0.509195
51 0.497266 0.688649 0.964844 0.503161
11 0.527734 0.485057 0.944531 0.894253
38 0.528125 0.494828 0.94375 0.87931
0 0.528125 0.494828 0.94375 0.87931
11 0.495313 0.684483 0.9625 0.509195
41 0.498438 0.693103 0.982813 0.493103
68 0.510938 0.544828 0.978125 0.781609
99 0.528125 0.494828 0.94375 0.87931
66 0.497266 0.688649 0.964844 0.503161
78 0.497266 0.688649 0.964844 0.503161
15 0.528125 0.494828 0.94375 0.87931
21 0.495313 0.684483 0.9625 0.509195
14 0.497266 0.688649 0.964844 0.503161
33 0.497266 0.688649 0.964844 0.503161
12 0.507812 0.578736 0.979688 0.71954
31 0.528125 0.494828 0.94375 0.87931
78 0.527734 0.485057 0.944531 0.894253
108 0.501172 0.694109 0.985156 0.49454
76 0.528125 0.494828 0.94375 0.87931
16 0.495313 0.684483 0.9625 0.509195
46 0.527734 0.485057 0.944531 0.894253
21 0.528125 0.494828 0.94375 0.87931
28 0.528125 0.494828 0.94375 0.87931
97 0.507812 0.578736 0.979688 0.71954
47 0.495313 0.680603 0.959375 0.512356
99 0.495313 0.680603 0.959375 0.512356
110 0.528125 0.494828 0.94375 0.87931
12 0.497266 0.688649 0.964844 0.503161
33 0.511719 0.497126 0.975 0.874713
4 0.578125 0.487931 0.840625 0.883908
103 0.510938 0.544828 0.978125 0.781609
101 0.496875 0.449425 0.959375 0.310345
16 0.528125 0.494828 0.94375 0.87931
100 0.509766 0.584483 0.980469 0.706897
50 0.507031 0.452586 0.985937 0.344253
73 0.489063 0.696695 0.971875 0.493966
38 0.497266 0.688649 0.964844 0.503161
95 0.496875 0.449425 0.959375 0.310345
0 0.497266 0.688649 0.964844 0.503161
4 0.498438 0.693103 0.982813 0.493103
34 0.497266 0.688649 0.964844 0.503161
5 0.574609 0.482759 0.847656 0.888506
102 0.498438 0.693103 0.982813 0.493103
73 0.496875 0.449425 0.959375 0.310345
72 0.528125 0.494828 0.94375 0.87931
48 0.496875 0.449425 0.959375 0.310345
12 0.565625 0.457759 0.867188 0.817816
103 0.507031 0.452586 0.985937 0.344253
102 0.511719 0.497126 0.975 0.874713
26 0.527734 0.485057 0.944531 0.894253
75 0.496875 0.449425 0.959375 0.310345
7 0.578125 0.487931 0.840625 0.883908
7 0.501172 0.694109 0.985156 0.49454
80 0.528125 0.494828 0.94375 0.87931
49 0.496875 0.449425 0.959375 0.310345
94 0.495313 0.684483 0.9625 0.509195
13 0.511719 0.497126 0.975 0.874713
36 0.510938 0.544828 0.978125 0.781609
100 0.578125 0.487931 0.840625 0.883908
5 0.508203 0.601724 0.983594 0.674713
31 0.495313 0.684483 0.9625 0.509195
9 0.513281 0.536782 0.96875 0.8
15 0.497266 0.688649 0.964844 0.503161
12 0.496875 0.449425 0.959375 0.310345
56 0.496875 0.449425 0.959375 0.310345
74 0.496875 0.449425 0.959375 0.310345
73 0.574609 0.482759 0.847656 0.888506
111 0.496875 0.449425 0.959375 0.310345
68 0.507031 0.452586 0.985937 0.344253
28 0.497266 0.688649 0.964844 0.503161
55 0.498438 0.693103 0.982813 0.493103
66 0.511719 0.497126 0.975 0.874713
78 0.496875 0.449425 0.959375 0.310345
53 0.500781 0.459195 0.979688 0.313793
84 0.496875 0.449425 0.959375 0.310345
72 0.497266 0.688649 0.964844 0.503161
65 0.511719 0.497126 0.975 0.874713
54 0.500781 0.459195 0.979688 0.313793
6 0.495313 0.684483 0.9625 0.509195
38 0.496875 0.449425 0.959375 0.310345
71 0.511719 0.497126 0.975 0.874713
108 0.508984 0.59023 0.978906 0.697701
52 0.507031 0.614943 0.98125 0.647126
109 0.500781 0.459195 0.979688 0.313793
19 0.513281 0.536782 0.96875 0.8
62 0.528125 0.494828 0.94375 0.87931
36 0.497266 0.688649 0.964844 0.503161
34 0.496875 0.449425 0.959375 0.310345
7 0.508984 0.59023 0.978906 0.697701
66 0.500781 0.459195 0.979688 0.313793
104 0.500781 0.459195 0.979688 0.313793
67 0.496875 0.449425 0.959375 0.310345
77 0.496875 0.449425 0.959375 0.310345
13 0.498438 0.693103 0.982813 0.493103
48 0.512891 0.628879 0.974219 0.625
111 0.512891 0.628879 0.974219 0.625
50 0.513281 0.607471 0.973437 0.664368
46 0.512891 0.628879 0.974219 0.625
109 0.513281 0.607471 0.973437 0.664368
101 0.512891 0.628879 0.974219 0.625
75 0.510156 0.587356 0.979688 0.705747
99 0.513281 0.607471 0.973437 0.664368
54 0.512891 0.628879 0.974219 0.625
68 0.513281 0.607471 0.973437 0.664368
56 0.513281 0.607471 0.973437 0.664368
103 0.513281 0.607471 0.973437 0.664368
110 0.512891 0.628879 0.974219 0.625
95 0.510938 0.628736 0.971875 0.627586
67 0.513281 0.607471 0.973437 0.664368
100 0.513281 0.607471 0.973437 0.664368
73 0.513281 0.607471 0.973437 0.664368
102 0.512891 0.628879 0.974219 0.625
84 0.512891 0.628879 0.974219 0.625
77 0.512891 0.628879 0.974219 0.625
52 0.512891 0.628879 0.974219 0.625
47 0.510938 0.628736 0.971875 0.627586
53 0.510938 0.628736 0.971875 0.627586
49 0.513281 0.607471 0.973437 0.664368
48 0.505469 0.487356 0.989062 0.929885
105 0.512891 0.628879 0.974219 0.625
80 0.512891 0.628879 0.974219 0.625
104 0.512891 0.628879 0.974219 0.625
66 0.512891 0.628879 0.974219 0.625
76 0.511719 0.618391 0.971875 0.642529
48 0.403125 0.590661 0.78125 0.708333
48 0.200391 0.617816 0.375781 0.654023
99 0.505469 0.487356 0.989062 0.929885
111 0.403125 0.590661 0.78125 0.708333
81 0.512891 0.628879 0.974219 0.625
111 0.505859 0.491379 0.988281 0.926437
97 0.513281 0.607471 0.973437 0.664368
111 0.200391 0.617816 0.375781 0.654023
51 0.510156 0.587356 0.979688 0.705747
46 0.505859 0.491379 0.988281 0.926437
42 0.513281 0.607471 0.973437 0.664368
108 0.510156 0.587356 0.979688 0.705747
50 0.505469 0.487356 0.989062 0.929885
41 0.505078 0.562644 0.989844 0.754023
109 0.505469 0.487356 0.989062 0.929885
17 0.511719 0.643103 0.976562 0.593103
110 0.505859 0.491379 0.988281 0.926437
48 0.293555 0.56092 0.561328 0.767816
47 0.505469 0.487356 0.989062 0.929885
74 0.510938 0.628736 0.971875 0.627586
111 0.293555 0.56092 0.561328 0.767816
79 0.512891 0.628879 0.974219 0.625
84 0.505469 0.487356 0.989062 0.929885
73 0.505469 0.487356 0.989062 0.929885
95 0.200391 0.617816 0.375781 0.654023
77 0.505469 0.487356 0.989062 0.929885
95 0.362109 0.648276 0.705469 0.591954
49 0.505469 0.487356 0.989062 0.929885
46 0.200391 0.617816 0.375781 0.654023
56 0.362109 0.648276 0.705469 0.591954
105 0.362109 0.648276 0.705469 0.591954
109 0.200391 0.617816 0.375781 0.654023
46 0.403125 0.590661 0.78125 0.708333
108 0.388672 0.624713 0.755469 0.642529
110 0.403125 0.590661 0.78125 0.708333
68 0.505469 0.487356 0.989062 0.929885
67 0.505469 0.487356 0.989062 0.929885
101 0.505859 0.491379 0.988281 0.926437
80 0.200391 0.617816 0.375781 0.654023
53 0.505469 0.487356 0.989062 0.929885
54 0.403125 0.590661 0.78125 0.708333
75 0.388672 0.624713 0.755469 0.642529
68 0.200391 0.617816 0.375781 0.654023
73 0.200391 0.617816 0.375781 0.654023
48 0.503125 0.491954 0.9875 0.905747
46 0.504687 0.495402 0.989062 0.990805
49 0.501563 0.493678 0.985938 0.987356
50 0.503125 0.566092 0.9875 0.75977
51 0.504687 0.495402 0.989062 0.990805
48 0.492969 0.657615 0.965625 0.588218
49 0.501953 0.618391 0.992969 0.664368
68 0.505469 0.606322 0.984375 0.686207
100 0.501563 0.493678 0.985938 0.987356
75 0.501563 0.493678 0.985938 0.987356
51 0.501953 0.618391 0.992969 0.664368
68 0.501563 0.493678 0.985938 0.987356
46 0.505469 0.606322 0.984375 0.686207
100 0.501953 0.618391 0.992969 0.664368
99 0.501563 0.493678 0.985938 0.987356
76 0.501563 0.493678 0.985938 0.987356
52 0.503125 0.491954 0.9875 0.905747
101 0.505469 0.606322 0.984375 0.686207
99 0.505469 0.606322 0.984375 0.686207
47 0.504687 0.495402 0.989062 0.990805
53 0.501563 0.493678 0.985938 0.987356
53 0.505469 0.606322 0.984375 0.686207
75 0.505469 0.606322 0.984375 0.686207
111 0.503125 0.566092 0.9875 0.75977
73 0.501563 0.493678 0.985938 0.987356
76 0.501953 0.618391 0.992969 0.664368
84 0.501563 0.493678 0.985938 0.987356
50 0.505469 0.678305 0.989062 0.526149
73 0.505469 0.606322 0.984375 0.686207
77 0.505469 0.606322 0.984375 0.686207
84 0.505469 0.606322 0.984375 0.686207
109 0.501953 0.618391 0.992969 0.664368
68 0.491016 0.706322 0.961719 0.474713
97 0.501563 0.493678 0.985938 0.987356
47 0.505469 0.606322 0.984375 0.686207
49 0.491016 0.706322 0.961719 0.474713
48 0.649609 0.475 0.694531 0.925862
102 0.505469 0.606322 0.984375 0.686207
100 0.491016 0.706322 0.961719 0.474713
110 0.501953 0.618391 0.992969 0.664368
99 0.491016 0.706322 0.961719 0.474713
67 0.505469 0.606322 0.984375 0.686207
76 0.491016 0.706322 0.961719 0.474713
52 0.492969 0.657615 0.965625 0.588218
101 0.501563 0.493678 0.985938 0.987356
109 0.501563 0.493678 0.985938 0.987356
77 0.501563 0.493678 0.985938 0.987356
46 0.649609 0.475 0.694531 0.925862
97 0.501953 0.618391 0.992969 0.664368
51 0.649609 0.475 0.694531 0.925862
110 0.501563 0.493678 0.985938 0.987356
51 0.491016 0.706322 0.961719 0.474713
75 0.491016 0.706322 0.961719 0.474713
95 0.501953 0.618391 0.992969 0.664368
109 0.491016 0.706322 0.961719 0.474713
101 0.491016 0.706322 0.961719 0.474713
49 0.649609 0.475 0.694531 0.925862
53 0.491016 0.706322 0.961719 0.474713
56 0.503125 0.491954 0.9875 0.905747
48 0.507812 0.738506 0.978125 0.417241
33 0.501563 0.493678 0.985938 0.987356
46 0.491016 0.706322 0.961719 0.474713
50 0.649609 0.475 0.694531 0.925862
17 0.504687 0.492241 0.9875 0.984483
100 0.649609 0.475 0.694531 0.925862
67 0.501563 0.493678 0.985938 0.987356
84 0.491016 0.706322 0.961719 0.474713
110 0.491016 0.706322 0.961719 0.474713
77 0.491016 0.706322 0.961719 0.474713
17 0.501953 0.618391 0.992969 0.664368
47 0.491016 0.706322 0.961719 0.474713
102 0.491016 0.706322 0.961719 0.474713
95 0.491016 0.706322 0.961719 0.474713
97 0.491016 0.706322 0.961719 0.474713
47 0.649609 0.475 0.694531 0.925862
111 0.491016 0.706322 0.961719 0.474713
80 0.501563 0.493678 0.985938 0.987356
48 0.498047 0.299138 0.988281 0.598276
95 0.501563 0.493678 0.985938 0.987356
48 0.7375 0.417241 0.504688 0.791954
50 0.491016 0.754598 0.958594 0.410345
67 0.491016 0.706322 0.961719 0.474713
75 0.649609 0.475 0.694531 0.925862
80 0.501953 0.618391 0.992969 0.664368
73 0.491016 0.706322 0.961719 0.474713
17 0.491016 0.706322 0.961719 0.474713
73 0.649609 0.475 0.694531 0.925862
52 0.649609 0.475 0.694531 0.925862
99 0.649609 0.475 0.694531 0.925862
74 0.501563 0.493678 0.985938 0.987356
102 0.503906 0.494253 0.985937 0.988506
84 0.649609 0.475 0.694531 0.925862
97 0.649609 0.475 0.694531 0.925862
68 0.498047 0.299138 0.988281 0.598276
54 0.501563 0.493678 0.985938 0.987356
103 0.501953 0.618391 0.992969 0.664368
74 0.491016 0.706322 0.961719 0.474713
108 0.501563 0.493678 0.985938 0.987356
81 0.501563 0.493678 0.985938 0.987356
6 0.501563 0.493678 0.985938 0.987356
48 0.544531 0.276149 0.807813 0.499425
80 0.491016 0.754598 0.958594 0.410345
53 0.498047 0.299138 0.988281 0.598276
56 0.492969 0.657615 0.965625 0.588218
53 0.649609 0.475 0.694531 0.925862
52 0.491016 0.754598 0.958594 0.410345
50 0.501563 0.423276 0.978125 0.846552
66 0.501563 0.493678 0.985938 0.987356
33 0.501953 0.618391 0.992969 0.664368
74 0.501953 0.618391 0.992969 0.664368
76 0.649609 0.475 0.694531 0.925862
95 0.498047 0.299138 0.988281 0.598276
97 0.505859 0.688506 0.988281 0.506897
68 0.505859 0.688506 0.988281 0.506897
84 0.505859 0.688506 0.988281 0.506897
103 0.505859 0.688506 0.988281 0.506897
48 0.507812 0.46954 0.976562 0.883908
75 0.505859 0.688506 0.988281 0.506897
48 0.507031 0.718247 0.985937 0.448563
74 0.5125 0.68046 0.975 0.52069
95 0.505859 0.688506 0.988281 0.506897
100 0.505859 0.688506 0.988281 0.506897
73 0.505859 0.688506 0.988281 0.506897
76 0.505859 0.688506 0.988281 0.506897
109 0.505859 0.688506 0.988281 0.506897
48 0.517578 0.601006 0.964844 0.678448
50 0.507031 0.718247 0.985937 0.448563
77 0.505859 0.688506 0.988281 0.506897
101 0.505859 0.688506 0.988281 0.506897
47 0.507812 0.46954 0.976562 0.883908
73 0.507812 0.46954 0.976562 0.883908
67 0.505859 0.688506 0.988281 0.506897
53 0.505859 0.688506 0.988281 0.506897
47 0.507031 0.718247 0.985937 0.448563
97 0.507812 0.46954 0.976562 0.883908
42 0.507812 0.46954 0.976562 0.883908
46 0.507812 0.46954 0.976562 0.883908
50 0.507812 0.46954 0.976562 0.883908
56 0.5125 0.68046 0.975 0.52069
111 0.507031 0.718247 0.985937 0.448563
46 0.507031 0.718247 0.985937 0.448563
54 0.517578 0.601006 0.964844 0.678448
66 0.512891 0.736925 0.974219 0.408908
52 0.53125 0.471264 0.9375 0.873563
84 0.507812 0.46954 0.976562 0.883908
110 0.505859 0.688506 0.988281 0.506897
80 0.507812 0.46954 0.976562 0.883908
53 0.507812 0.46954 0.976562 0.883908
42 0.517578 0.601006 0.964844 0.678448
100 0.507812 0.46954 0.976562 0.883908
103 0.513672 0.586207 0.972656 0.732184
104 0.5125 0.68046 0.975 0.52069
50 0.517578 0.601006 0.964844 0.678448
75 0.507812 0.46954 0.976562 0.883908
99 0.505859 0.688506 0.988281 0.506897
76 0.501953 0.493391 0.980469 0.817816
49 0.507031 0.718247 0.985937 0.448563
111 0.517578 0.601006 0.964844 0.678448
49 0.507812 0.46954 0.976562 0.883908
46 0.517578 0.601006 0.964844 0.678448
54 0.507812 0.46954 0.976562 0.883908
54 0.507031 0.718247 0.985937 0.448563
52 0.517578 0.601006 0.964844 0.678448
80 0.5125 0.68046 0.975 0.52069
47 0.517578 0.601006 0.964844 0.678448
42 0.507031 0.718247 0.985937 0.448563
68 0.508594 0.566092 0.982813 0.745977
105 0.5125 0.68046 0.975 0.52069
33 0.907812 0.0976652 0.053125 0.0920259
0 0.907812 0.0976652 0.053125 0.0920259
33 0.505859 0.688506 0.988281 0.506897
111 0.507812 0.46954 0.976562 0.883908
109 0.511719 0.527011 0.970312 0.718391
52 0.507031 0.718247 0.985937 0.448563
102 0.505859 0.688506 0.988281 0.506897
49 0.517578 0.601006 0.964844 0.678448
12 0.9125 0.0917385 0.053125 0.091523
33 0.508594 0.424713 0.970313 0.828736
33 0.903906 0.18204 0.065625 0.272701
18 0.907812 0.0976652 0.053125 0.0920259
17 0.505859 0.688506 0.988281 0.506897
74 0.508594 0.424713 0.970313 0.828736
99 0.507812 0.46954 0.976562 0.883908
77 0.511719 0.527011 0.970312 0.718391
105 0.507812 0.46954 0.976562 0.883908
95 0.50625 0.560776 0.982813 0.788793
0 0.903906 0.18204 0.065625 0.272701
51 0.53125 0.471264 0.9375 0.873563
32 0.903906 0.18204 0.065625 0.272701
110 0.511719 0.527011 0.970312 0.718391
66 0.517578 0.601006 0.964844 0.678448
1 0.903906 0.18204 0.065625 0.272701
51 0.50625 0.686063 0.9875 0.512931
41 0.532031 0.443103 0.928125 0.856322
101 0.508984 0.515517 0.982031 0.677011
56 0.509766 0.568391 0.980469 0.734483
13 0.909375 0.0957615 0.0515625 0.0978448
104 0.509766 0.568391 0.980469 0.734483
67 0.507812 0.46954 0.976562 0.883908
1 0.891406 0.23319 0.0921875 0.383046
17 0.532031 0.443103 0.928125 0.856322
7 0.888281 0.188542 0.0984375 0.294181
4 0.9125 0.0917385 0.053125 0.091523
25 0.903906 0.18204 0.065625 0.272701
33 0.509766 0.568391 0.980469 0.734483
66 0.507812 0.46954 0.976562 0.883908
48 0.510547 0.0926724 0.978906 0.185345
21 0.909375 0.0957615 0.0515625 0.0978448
78 0.532031 0.443103 0.928125 0.856322
14 0.907812 0.0976652 0.053125 0.0920259
4 0.884375 0.221408 0.10625 0.360632
7 0.903906 0.18204 0.065625 0.272701
15 0.909375 0.0957615 0.0515625 0.0978448
32 0.891406 0.23319 0.0921875 0.383046
20 0.909375 0.0957615 0.0515625 0.0978448
74 0.509766 0.568391 0.980469 0.734483
108 0.5125 0.686351 0.975 0.510057
108 0.532031 0.443103 0.928125 0.856322
33 0.891406 0.23319 0.0921875 0.383046
33 0.904688 0.136351 0.0625 0.178736
0 0.904688 0.136351 0.0625 0.178736
29 0.888281 0.188542 0.0984375 0.294181
79 0.507422 0.596552 0.982031 0.686207
56 0.507812 0.573563 0.982813 0.728736
66 0.507422 0.596552 0.982031 0.686207
74 0.507422 0.596552 0.982031 0.686207
108 0.503125 0.592529 0.9875 0.702299
104 0.514063 0.586063 0.965625 0.706035
95 0.507812 0.573563 0.982813 0.728736
80 0.514063 0.586063 0.965625 0.706035
84 0.507812 0.573563 0.982813 0.728736
54 0.514453 0.491954 0.971094 0.981609
33 0.507422 0.596552 0.982031 0.686207
17 0.507422 0.596552 0.982031 0.686207
103 0.507812 0.573563 0.982813 0.728736
48 0.514453 0.491954 0.971094 0.981609
78 0.503125 0.592529 0.9875 0.702299
81 0.514063 0.586063 0.965625 0.706035
75 0.507422 0.596552 0.982031 0.686207
97 0.514063 0.586063 0.965625 0.706035
53 0.514453 0.491954 0.971094 0.981609
105 0.507812 0.573563 0.982813 0.728736
41 0.514063 0.586063 0.965625 0.706035
111 0.514453 0.555747 0.971094 0.762069
68 0.507812 0.573563 0.982813 0.728736
54 0.494531 0.594828 0.970313 0.709195
42 0.514453 0.491954 0.971094 0.981609
67 0.507812 0.573563 0.982813 0.728736
53 0.494531 0.594828 0.970313 0.709195
76 0.514063 0.586063 0.965625 0.706035
109 0.514063 0.586063 0.965625 0.706035
52 0.514453 0.491954 0.971094 0.981609
49 0.514453 0.491954 0.971094 0.981609
48 0.494531 0.594828 0.970313 0.709195
47 0.514453 0.491954 0.971094 0.981609
73 0.514453 0.491954 0.971094 0.981609
51 0.514453 0.491954 0.971094 0.981609
42 0.494531 0.594828 0.970313 0.709195
33 0.514453 0.491954 0.971094 0.981609
101 0.514453 0.555747 0.971094 0.762069
79 0.558594 0.689655 0.882812 0.495402
49 0.494531 0.594828 0.970313 0.709195
108 0.542969 0.492529 0.914062 0.963218
56 0.539844 0.493391 0.920313 0.984483
77 0.507812 0.573563 0.982813 0.728736
100 0.514453 0.491954 0.971094 0.981609
66 0.558594 0.689655 0.882812 0.495402
110 0.514063 0.586063 0.965625 0.706035
74 0.558594 0.689655 0.882812 0.495402
78 0.542969 0.492529 0.914062 0.963218
54 0.521875 0.293175 0.95625 0.565374
52 0.494531 0.594828 0.970313 0.709195
99 0.514453 0.491954 0.971094 0.981609
97 0.539844 0.493391 0.920313 0.984483
75 0.514453 0.491954 0.971094 0.981609
53 0.521875 0.293175 0.95625 0.565374
84 0.539844 0.493391 0.920313 0.984483
80 0.539844 0.493391 0.920313 0.984483
50 0.505469 0.495402 0.989062 0.958621
79 0.514453 0.491954 0.971094 0.981609
46 0.514453 0.491954 0.971094 0.981609
42 0.521875 0.293175 0.95625 0.565374
104 0.542969 0.492529 0.914062 0.963218
97 0.521875 0.293175 0.95625 0.565374
48 0.521875 0.293175 0.95625 0.565374
101 0.541797 0.659914 0.913281 0.553736
100 0.494531 0.594828 0.970313 0.709195
47 0.494531 0.594828 0.970313 0.709195
17 0.514453 0.491954 0.971094 0.981609
74 0.514453 0.491954 0.971094 0.981609
6 0.514453 0.491954 0.971094 0.981609
81 0.542969 0.492529 0.914062 0.963218
76 0.539844 0.493391 0.920313 0.984483
11 0.514063 0.586063 0.965625 0.706035
52 0.521875 0.293175 0.95625 0.565374
80 0.521875 0.293175 0.95625 0.565374
111 0.521875 0.293175 0.95625 0.565374
73 0.494531 0.594828 0.970313 0.709195
16 0.514453 0.491954 0.971094 0.981609
34 0.514453 0.491954 0.971094 0.981609
76 0.521875 0.293175 0.95625 0.565374
66 0.514453 0.491954 0.971094 0.981609
75 0.558594 0.689655 0.882812 0.495402
14 0.514063 0.586063 0.965625 0.706035
48 0.508984 0.499713 0.982031 0.928161
50 0.507812 0.559195 0.984375 0.833333
51 0.510938 0.522126 0.978125 0.897126
49 0.507812 0.559195 0.984375 0.833333
99 0.510938 0.522126 0.978125 0.897126
47 0.508984 0.499713 0.982031 0.928161
73 0.507812 0.559195 0.984375 0.833333
46 0.510938 0.522126 0.978125 0.897126
100 0.507812 0.559195 0.984375 0.833333
77 0.507812 0.559195 0.984375 0.833333
111 0.507812 0.542529 0.984375 0.798851
76 0.509375 0.505747 0.98125 0.829885
101 0.507812 0.559195 0.984375 0.833333
102 0.50625 0.525862 0.96875 0.893103
84 0.507812 0.542529 0.984375 0.798851
103 0.507812 0.542529 0.984375 0.798851
53 0.508984 0.499713 0.982031 0.928161
67 0.507812 0.542529 0.984375 0.798851
110 0.507812 0.559195 0.984375 0.833333
102 0.511719 0.704023 0.976562 0.471264
68 0.50625 0.525862 0.96875 0.893103
109 0.50625 0.525862 0.96875 0.893103
52 0.516406 0.51092 0.967188 0.895402
68 0.511719 0.704023 0.976562 0.471264
101 0.511719 0.704023 0.976562 0.471264
50 0.512891 0.124425 0.974219 0.248851
48 0.510938 0.492529 0.975 0.87931
99 0.503906 0.54023 0.971875 0.804598
47 0.510938 0.492529 0.975 0.87931
51 0.508594 0.456322 0.979688 0.855172
73 0.503906 0.54023 0.971875 0.804598
46 0.503906 0.54023 0.971875 0.804598
100 0.503906 0.54023 0.971875 0.804598
48 0.507031 0.283908 0.979688 0.517241
49 0.506641 0.494828 0.985156 0.881609
75 0.508203 0.567672 0.967969 0.742816
111 0.496875 0.549425 0.975 0.788506
50 0.496875 0.549425 0.975 0.788506
103 0.508203 0.567672 0.967969 0.742816
51 0.507031 0.283908 0.979688 0.517241
52 0.546094 0.464943 0.884375 0.851724
76 0.503906 0.54023 0.971875 0.804598
99 0.507031 0.283908 0.979688 0.517241
42 0.507031 0.283908 0.979688 0.517241
41 0.496875 0.549425 0.975 0.788506
42 0.508594 0.456322 0.979688 0.855172
97 0.508203 0.567672 0.967969 0.742816
47 0.507031 0.283908 0.979688 0.517241
73 0.507031 0.283908 0.979688 0.517241
46 0.507031 0.283908 0.979688 0.517241
52 0.507031 0.283908 0.979688 0.517241
50 0.507031 0.283908 0.979688 0.517241
54 0.508594 0.456322 0.979688 0.855172
84 0.496875 0.549425 0.975 0.788506
66 0.497656 0.578161 0.98125 0.725287
54 0.507031 0.283908 0.979688 0.517241
56 0.496875 0.549425 0.975 0.788506
101 0.496875 0.549425 0.975 0.788506
109 0.497656 0.578161 0.98125 0.725287
48 0.50625 0.547126 0.98125 0.802299
47 0.50625 0.547126 0.98125 0.802299
49 0.50625 0.547126 0.98125 0.802299
73 0.50625 0.547126 0.98125 0.802299
99 0.50625 0.547126 0.98125 0.802299
111 0.50625 0.547126 0.98125 0.802299
50 0.50625 0.547126 0.98125 0.802299
101 0.50625 0.547126 0.98125 0.802299
46 0.50625 0.547126 0.98125 0.802299
100 0.50625 0.547126 0.98125 0.802299
51 0.515234 0.483333 0.969531 0.941379
103 0.507031 0.589655 0.98125 0.71954
66 0.507031 0.589655 0.98125 0.71954
76 0.50625 0.547126 0.98125 0.802299
75 0.507031 0.589655 0.98125 0.71954
56 0.507031 0.589655 0.98125 0.71954
84 0.50625 0.547126 0.98125 0.802299
109 0.507031 0.589655 0.98125 0.71954
68 0.507031 0.589655 0.98125 0.71954
77 0.507031 0.589655 0.98125 0.71954
52 0.515234 0.483333 0.969531 0.941379
53 0.50625 0.547126 0.98125 0.802299
42 0.510156 0.48477 0.975 0.935057
67 0.50625 0.547126 0.98125 0.802299
105 0.50625 0.547126 0.98125 0.802299
54 0.50625 0.547126 0.98125 0.802299
80 0.510156 0.472126 0.973437 0.88908
102 0.50625 0.547126 0.98125 0.802299
51 0.509766 0.491379 0.966406 0.927586
48 0.5125 0.497126 0.965625 0.948276
73 0.508594 0.523851 0.967188 0.851149
99 0.508594 0.523851 0.967188 0.851149
47 0.5125 0.497126 0.965625 0.948276
100 0.508594 0.523851 0.967188 0.851149
84 0.502344 0.549282 0.976562 0.797989
111 0.504297 0.551149 0.978906 0.793104
103 0.502344 0.549282 0.976562 0.797989
46 0.509766 0.491379 0.966406 0.927586
75 0.502344 0.549282 0.976562 0.797989
56 0.504297 0.551149 0.978906 0.793104
97 0.502344 0.549282 0.976562 0.797989
54 0.502344 0.549282 0.976562 0.797989
101 0.504688 0.516092 0.978125 0.914943
76 0.508594 0.523851 0.967188 0.851149
49 0.509766 0.491379 0.966406 0.927586
50 0.503906 0.515517 0.960938 0.893103
109 0.502344 0.549282 0.976562 0.797989
41 0.502344 0.549282 0.976562 0.797989
33 0.502344 0.549282 0.976562 0.797989
68 0.504297 0.551149 0.978906 0.793104
110 0.502344 0.549282 0.976562 0.797989
42 0.503906 0.515517 0.960938 0.893103
66 0.504297 0.551149 0.978906 0.793104
53 0.504688 0.516092 0.978125 0.914943
67 0.504688 0.516092 0.978125 0.914943
74 0.504297 0.551149 0.978906 0.793104
66 0.505469 0.758046 0.976563 0.362069
77 0.504688 0.516092 0.978125 0.914943
95 0.504297 0.551149 0.978906 0.793104
17 0.502344 0.549282 0.976562 0.797989
74 0.505469 0.758046 0.976563 0.362069
102 0.504688 0.516092 0.978125 0.914943
52 0.501562 0.560776 0.971875 0.825575
66 0.505469 0.669109 0.973437 0.542241
75 0.505469 0.758046 0.976563 0.362069
108 0.504297 0.551149 0.978906 0.793104
75 0.505469 0.669109 0.973437 0.542241
104 0.504297 0.551149 0.978906 0.793104
80 0.503906 0.515517 0.960938 0.893103
111 0.510547 0.571121 0.978906 0.742816
48 0.5125 0.515517 0.975 0.851724
47 0.5125 0.515517 0.975 0.851724
73 0.5125 0.515517 0.975 0.851724
101 0.510547 0.564368 0.978906 0.798851
99 0.5125 0.515517 0.975 0.851724
49 0.5125 0.515517 0.975 0.851724
77 0.510547 0.564368 0.978906 0.798851
100 0.5125 0.515517 0.975 0.851724
51 0.503906 0.495977 0.9875 0.962069
46 0.5125 0.515517 0.975 0.851724
50 0.510938 0.519253 0.978125 0.917816
110 0.510547 0.564368 0.978906 0.798851
109 0.510547 0.571121 0.978906 0.742816
84 0.510547 0.571121 0.978906 0.742816
102 0.510547 0.564368 0.978906 0.798851
67 0.510547 0.564368 0.978906 0.798851
76 0.511328 0.582615 0.977344 0.722126
74 0.511328 0.582615 0.977344 0.722126
75 0.511328 0.582615 0.977344 0.722126
56 0.510547 0.571121 0.978906 0.742816
66 0.511328 0.582615 0.977344 0.722126
68 0.510547 0.564368 0.978906 0.798851
53 0.510938 0.519253 0.978125 0.917816
52 0.510938 0.519253 0.978125 0.917816
103 0.510547 0.571121 0.978906 0.742816
97 0.5125 0.515517 0.975 0.851724
99 0.510938 0.521552 0.978125 0.853448
73 0.510938 0.521552 0.978125 0.853448
100 0.510938 0.521552 0.978125 0.853448
48 0.508984 0.510345 0.982031 0.878161
47 0.508984 0.510345 0.982031 0.878161
74 0.508594 0.777012 0.98125 0.326437
51 0.508594 0.495402 0.982813 0.918391
75 0.508594 0.586063 0.98125 0.717529
46 0.508984 0.510345 0.982031 0.878161
66 0.508594 0.777012 0.98125 0.326437
75 0.507812 0.697845 0.984375 0.491667
49 0.508984 0.510345 0.982031 0.878161
74 0.507812 0.697845 0.984375 0.491667
66 0.507812 0.697845 0.984375 0.491667
76 0.510938 0.521552 0.978125 0.853448
50 0.510938 0.521552 0.978125 0.853448
74 0.508594 0.586063 0.98125 0.717529
75 0.508594 0.777012 0.98125 0.326437
66 0.508594 0.586063 0.98125 0.717529
109 0.510156 0.553017 0.979688 0.788218
103 0.510156 0.553017 0.979688 0.788218
111 0.510156 0.553017 0.979688 0.788218
84 0.510156 0.553017 0.979688 0.788218
77 0.510156 0.553017 0.979688 0.788218
110 0.512109 0.555316 0.975781 0.797414
79 0.508594 0.777012 0.98125 0.326437
101 0.512109 0.555316 0.975781 0.797414
108 0.529297 0.73908 0.941406 0.395402
41 0.510938 0.546983 0.978125 0.800287
56 0.510156 0.553017 0.979688 0.788218
17 0.510938 0.768391 0.978125 0.341379
79 0.507812 0.697845 0.984375 0.491667
109 0.507812 0.697845 0.984375 0.491667
100 0.510938 0.768391 0.978125 0.341379
79 0.508594 0.586063 0.98125 0.717529
99 0.512109 0.513506 0.975781 0.864943
100 0.512109 0.513506 0.975781 0.864943
48 0.512109 0.513506 0.975781 0.864943
47 0.510938 0.487931 0.978125 0.911494
50 0.510938 0.512356 0.978125 0.878736
73 0.512109 0.513506 0.975781 0.864943
76 0.507031 0.539655 0.985937 0.82069
46 0.512109 0.513506 0.975781 0.864943
75 0.506641 0.595402 0.986719 0.708046
51 0.510156 0.502874 0.979688 0.885057
49 0.510938 0.512356 0.978125 0.878736
111 0.507031 0.539655 0.985937 0.82069
99 0.505859 0.643678 0.988281 0.609195
54 0.507031 0.539655 0.985937 0.82069
50 0.505859 0.643678 0.988281 0.609195
103 0.507031 0.539655 0.985937 0.82069
84 0.507031 0.539655 0.985937 0.82069
101 0.507422 0.553448 0.985156 0.810345
110 0.507031 0.539655 0.985937 0.82069
42 0.507031 0.539655 0.985937 0.82069
66 0.506641 0.595402 0.986719 0.708046
41 0.507422 0.553448 0.985156 0.810345
97 0.507031 0.539655 0.985937 0.82069
17 0.507422 0.553448 0.985156 0.810345
33 0.507031 0.539655 0.985937 0.82069
46 0.505859 0.643678 0.988281 0.609195
100 0.505859 0.643678 0.988281 0.609195
77 0.507031 0.539655 0.985937 0.82069
109 0.507031 0.539655 0.985937 0.82069
47 0.512891 0.637356 0.974219 0.617241
73 0.505859 0.643678 0.988281 0.609195
49 0.512891 0.637356 0.974219 0.617241
48 0.505859 0.643678 0.988281 0.609195
56 0.507422 0.553448 0.985156 0.810345
102 0.507422 0.553448 0.985156 0.810345
67 0.507422 0.553448 0.985156 0.810345
74 0.506641 0.595402 0.986719 0.708046
48 0.508984 0.527586 0.982031 0.827586
51 0.509766 0.472414 0.980469 0.878161
47 0.509766 0.472414 0.980469 0.878161
99 0.507031 0.535345 0.985937 0.814368
73 0.507422 0.537931 0.985156 0.826437
46 0.508984 0.527586 0.982031 0.827586
100 0.508984 0.527586 0.982031 0.827586
49 0.507422 0.516379 0.985156 0.854598
111 0.509375 0.546552 0.98125 0.798851
56 0.507031 0.535345 0.985937 0.814368
50 0.509766 0.472414 0.980469 0.878161
76 0.508984 0.49023 0.980469 0.862069
97 0.508984 0.49023 0.980469 0.862069
66 0.507031 0.581034 0.985937 0.725287
103 0.507031 0.535345 0.985937 0.814368
109 0.508594 0.550575 0.982813 0.786207
75 0.507031 0.581034 0.985937 0.725287
101 0.507031 0.581034 0.985937 0.725287
77 0.508594 0.550575 0.982813 0.786207
41 0.507031 0.535345 0.985937 0.814368
42 0.508984 0.49023 0.980469 0.862069
54 0.507422 0.537931 0.985156 0.826437
52 0.508984 0.49023 0.980469 0.862069
84 0.508594 0.550575 0.982813 0.786207
74 0.507031 0.581034 0.985937 0.725287
110 0.507031 0.535345 0.985937 0.814368
100 0.510156 0.660345 0.979688 0.562069
99 0.505469 0.663218 0.967187 0.558621
67 0.507031 0.535345 0.985937 0.814368
17 0.508984 0.49023 0.980469 0.862069
46 0.505469 0.663218 0.967187 0.558621
95 0.507031 0.535345 0.985937 0.814368
102 0.507031 0.581034 0.985937 0.725287
33 0.507031 0.535345 0.985937 0.814368
104 0.507031 0.535345 0.985937 0.814368
8 0.508984 0.49023 0.980469 0.862069
73 0.505469 0.663218 0.967187 0.558621
47 0.507812 0.482759 0.984375 0.878161
48 0.503906 0.512356 0.992188 0.862644
51 0.507812 0.482759 0.984375 0.878161
73 0.511719 0.481322 0.976562 0.884483
99 0.5125 0.501724 0.975 0.881609
46 0.507812 0.482759 0.984375 0.878161
50 0.507812 0.482759 0.984375 0.878161
49 0.503125 0.533908 0.99375 0.81954
100 0.503906 0.512356 0.992188 0.862644
76 0.511719 0.481322 0.976562 0.884483
111 0.503906 0.512356 0.992188 0.862644
101 0.503125 0.533908 0.99375 0.81954
77 0.5125 0.526437 0.975 0.832184
110 0.5125 0.501724 0.975 0.881609
52 0.505469 0.508046 0.989062 0.843678
102 0.503125 0.533908 0.99375 0.81954
49 0.504297 0.476149 0.991406 0.952299
47 0.507031 0.477299 0.985937 0.932759
51 0.508984 0.497126 0.982031 0.911494
46 0.513672 0.484483 0.972656 0.922989
48 0.508984 0.497126 0.982031 0.911494
100 0.504297 0.476149 0.991406 0.952299
99 0.504297 0.476149 0.991406 0.952299
50 0.515234 0.484483 0.969531 0.934483
73 0.515234 0.484483 0.969531 0.934483
76 0.508984 0.497126 0.982031 0.911494
110 0.504297 0.486782 0.991406 0.92069
111 0.504297 0.486782 0.991406 0.92069
101 0.504297 0.486782 0.991406 0.92069
42 0.515234 0.501437 0.969531 0.901724
46 0.50625 0.642529 0.9875 0.6
49 0.50625 0.642529 0.9875 0.6
51 0.780469 0.485632 0.439062 0.882759
48 0.505859 0.511207 0.988281 0.875287
47 0.505859 0.511207 0.988281 0.875287
46 0.503906 0.539081 0.992188 0.825287
100 0.503906 0.539081 0.992188 0.825287
73 0.503906 0.539081 0.992188 0.825287
99 0.503906 0.539081 0.992188 0.825287
49 0.504297 0.56681 0.991406 0.753736
50 0.504297 0.56681 0.991406 0.753736
51 0.505469 0.504598 0.985938 0.908046
111 0.503906 0.539081 0.992188 0.825287
76 0.505469 0.504598 0.985938 0.908046
110 0.503906 0.539081 0.992188 0.825287
101 0.503906 0.539081 0.992188 0.825287
77 0.503906 0.539081 0.992188 0.825287
56 0.503906 0.539081 0.992188 0.825287
73 0.505859 0.552299 0.978906 0.808046
99 0.509375 0.537356 0.96875 0.832184
100 0.505469 0.535057 0.976563 0.881609
47 0.508594 0.513793 0.970313 0.910345
51 0.508594 0.513793 0.970313 0.910345
46 0.508594 0.513793 0.970313 0.910345
48 0.509375 0.537356 0.96875 0.832184
76 0.508594 0.513793 0.970313 0.910345
99 0.505469 0.655747 0.979688 0.582759
50 0.508594 0.513793 0.970313 0.910345
100 0.505469 0.655747 0.979688 0.582759
49 0.508594 0.513793 0.970313 0.910345
76 0.505469 0.655747 0.979688 0.582759
47 0.505469 0.655747 0.979688 0.582759
110 0.50625 0.583333 0.978125 0.736782
111 0.505469 0.535057 0.976563 0.881609
46 0.505469 0.655747 0.979688 0.582759
103 0.505859 0.552299 0.978906 0.808046
97 0.508594 0.513793 0.970313 0.910345
48 0.505469 0.655747 0.979688 0.582759
75 0.50625 0.583333 0.978125 0.736782
77 0.50625 0.583333 0.978125 0.736782
47 0.511328 0.508046 0.974219 0.896552
48 0.506641 0.506897 0.986719 0.896552
49 0.5125 0.530747 0.971875 0.823563
46 0.5125 0.530747 0.971875 0.823563
100 0.5125 0.530747 0.971875 0.823563
99 0.5125 0.530747 0.971875 0.823563
73 0.5125 0.530747 0.971875 0.823563
111 0.507031 0.559914 0.976562 0.772126
50 0.5125 0.530747 0.971875 0.823563
51 0.511328 0.508046 0.974219 0.896552
101 0.507031 0.559914 0.976562 0.772126
110 0.507031 0.559914 0.976562 0.772126
77 0.507031 0.559914 0.976562 0.772126
76 0.510156 0.501149 0.976562 0.928736
56 0.507031 0.559914 0.976562 0.772126
54 0.507031 0.559914 0.976562 0.772126
66 0.507031 0.5875 0.976562 0.716954
75 0.507031 0.5875 0.976562 0.716954
97 0.507031 0.514943 0.98125 0.885057
74 0.507031 0.5875 0.976562 0.716954
84 0.507031 0.559914 0.976562 0.772126
67 0.507031 0.559914 0.976562 0.772126
68 0.507031 0.559914 0.976562 0.772126
109 0.507031 0.559914 0.976562 0.772126
52 0.507031 0.514943 0.98125 0.885057
102 0.507031 0.559914 0.976562 0.772126
48 0.508594 0.511494 0.978125 0.911494
47 0.505469 0.517816 0.984375 0.902299
73 0.505469 0.516379 0.985938 0.87069
46 0.505469 0.516379 0.985938 0.87069
75 0.505469 0.516379 0.985938 0.87069
99 0.512891 0.495402 0.971094 0.908046
103 0.505469 0.516379 0.985938 0.87069
49 0.505469 0.517816 0.984375 0.902299
76 0.505469 0.516379 0.985938 0.87069
54 0.505469 0.516379 0.985938 0.87069
50 0.505469 0.517816 0.984375 0.902299
100 0.505469 0.516379 0.985938 0.87069
84 0.505469 0.516379 0.985938 0.87069
111 0.505469 0.516379 0.985938 0.87069
66 0.505469 0.516379 0.985938 0.87069
41 0.505469 0.516379 0.985938 0.87069
51 0.508594 0.511494 0.978125 0.911494
109 0.505469 0.516379 0.985938 0.87069
56 0.505469 0.516379 0.985938 0.87069
74 0.505469 0.516379 0.985938 0.87069
101 0.513672 0.535057 0.969531 0.81954
66 0.504687 0.656178 0.989062 0.575
52 0.505469 0.517816 0.984375 0.902299
47 0.510938 0.502586 0.971875 0.902874
46 0.506641 0.524425 0.980469 0.85
51 0.507812 0.499425 0.984375 0.902299
49 0.514063 0.506897 0.970313 0.875862
50 0.514063 0.506897 0.970313 0.875862
48 0.505469 0.51408 0.982812 0.891379
100 0.506641 0.524425 0.980469 0.85
99 0.509766 0.499425 0.980469 0.895402
97 0.506641 0.524425 0.980469 0.85
73 0.506641 0.524425 0.980469 0.85
54 0.506641 0.524425 0.980469 0.85
76 0.509375 0.49569 0.98125 0.904023
42 0.505469 0.51408 0.982812 0.891379
111 0.506641 0.524425 0.980469 0.85
52 0.505469 0.51408 0.982812 0.891379
46 0.504687 0.513218 0.990625 0.909195
54 0.510156 0.506897 0.979688 0.947126
50 0.505469 0.509483 0.989062 0.935057
48 0.505469 0.509483 0.989062 0.935057
49 0.504297 0.521264 0.991406 0.86092
76 0.505469 0.509483 0.989062 0.935057
47 0.505469 0.509483 0.989062 0.935057
97 0.504687 0.513218 0.990625 0.909195
100 0.504687 0.513218 0.990625 0.909195
56 0.504687 0.513218 0.990625 0.909195
111 0.504687 0.513218 0.990625 0.909195
73 0.504297 0.521264 0.991406 0.86092
42 0.505469 0.509483 0.989062 0.935057
52 0.505469 0.509483 0.989062 0.935057
109 0.504297 0.521264 0.991406 0.86092
101 0.504297 0.521264 0.991406 0.86092
99 0.508203 0.503161 0.983594 0.892529
53 0.505469 0.509483 0.989062 0.935057
95 0.504687 0.513218 0.990625 0.909195
51 0.505469 0.509483 0.989062 0.935057
75 0.504297 0.521264 0.991406 0.86092
110 0.5125 0.509195 0.975 0.885057
33 0.504687 0.513218 0.990625 0.909195
41 0.504687 0.513218 0.990625 0.909195
66 0.504297 0.521264 0.991406 0.86092
74 0.504297 0.521264 0.991406 0.86092
84 0.505469 0.509483 0.989062 0.935057
77 0.504297 0.521264 0.991406 0.86092
80 0.505469 0.509483 0.989062 0.935057
103 0.505469 0.509483 0.989062 0.935057
67 0.510938 0.498276 0.978125 0.934483
68 0.504297 0.521264 0.991406 0.86092
17 0.510156 0.506897 0.979688 0.947126
102 0.508984 0.496552 0.982031 0.9
81 0.505469 0.509483 0.989062 0.935057
105 0.505469 0.509483 0.989062 0.935057
104 0.504687 0.513218 0.990625 0.909195
73 0.510547 0.511494 0.978906 0.873563
46 0.511719 0.525287 0.976562 0.852874
47 0.506641 0.498851 0.985156 0.904598
48 0.510547 0.511494 0.978906 0.873563
100 0.510547 0.511494 0.978906 0.873563
99 0.511719 0.525287 0.976562 0.852874
49 0.508203 0.493678 0.983594 0.910345
50 0.510547 0.511494 0.978906 0.873563
51 0.506641 0.498851 0.985156 0.904598
75 0.511719 0.525287 0.976562 0.852874
76 0.511719 0.525287 0.976562 0.852874
66 0.511719 0.525287 0.976562 0.852874
54 0.511719 0.525287 0.976562 0.852874
41 0.510547 0.511494 0.978906 0.873563
84 0.511719 0.525287 0.976562 0.852874
103 0.511719 0.525287 0.976562 0.852874
111 0.510547 0.511494 0.978906 0.873563
49 0.507812 0.501149 0.982813 0.912644
50 0.507812 0.501149 0.982813 0.912644
99 0.502344 0.536207 0.975 0.831035
48 0.503125 0.512069 0.984375 0.888506
47 0.506641 0.502011 0.971094 0.936207
73 0.503125 0.512069 0.984375 0.888506
46 0.505469 0.524138 0.985938 0.854023
100 0.503125 0.512069 0.984375 0.888506
51 0.506641 0.502011 0.971094 0.936207
110 0.503125 0.512069 0.984375 0.888506
111 0.502344 0.538506 0.979688 0.83908
77 0.502344 0.538506 0.979688 0.83908
76 0.506641 0.502011 0.971094 0.936207
101 0.503125 0.512069 0.984375 0.888506
75 0.502344 0.536207 0.975 0.831035
66 0.508594 0.536207 0.982813 0.818391
84 0.503125 0.512069 0.984375 0.888506
74 0.508594 0.536207 0.982813 0.818391
109 0.502344 0.536207 0.975 0.831035
54 0.503125 0.512069 0.984375 0.888506
102 0.503125 0.512069 0.984375 0.888506
42 0.506641 0.502011 0.971094 0.936207
103 0.502344 0.536207 0.975 0.831035
50 0.507812 0.628161 0.984375 0.635632
97 0.506641 0.502011 0.971094 0.936207
49 0.510938 0.496552 0.975 0.91954
47 0.510156 0.509483 0.979688 0.922414
46 0.509375 0.497701 0.98125 0.912644
48 0.511719 0.504023 0.973438 0.944828
50 0.508203 0.503448 0.983594 0.913793
51 0.509375 0.502299 0.98125 0.934483
73 0.503906 0.524713 0.967188 0.889655
100 0.508594 0.507471 0.982813 0.92069
99 0.503906 0.524713 0.967188 0.889655
111 0.503906 0.524713 0.967188 0.889655
76 0.509375 0.502299 0.98125 0.934483
54 0.503906 0.524713 0.967188 0.889655
84 0.508203 0.503448 0.983594 0.913793
50 0.505078 0.512931 0.977344 0.879885
46 0.504687 0.513793 0.98125 0.891954
49 0.502734 0.503448 0.988281 0.906897
50 0.507812 0.662213 0.96875 0.572126
47 0.503125 0.518965 0.98125 0.883908
48 0.503125 0.518965 0.98125 0.883908
99 0.505078 0.512931 0.977344 0.879885
76 0.501562 0.495115 0.9875 0.912069
100 0.504687 0.513793 0.98125 0.891954
73 0.504687 0.513793 0.98125 0.891954
51 0.503125 0.518965 0.98125 0.883908
54 0.503125 0.518965 0.98125 0.883908
84 0.501562 0.495115 0.9875 0.912069
49 0.507812 0.662213 0.96875 0.572126
110 0.505078 0.512931 0.977344 0.879885
99 0.507812 0.662213 0.96875 0.572126
111 0.504687 0.513793 0.98125 0.891954
75 0.503125 0.518965 0.98125 0.883908
42 0.503125 0.518965 0.98125 0.883908
46 0.507812 0.662213 0.96875 0.572126
100 0.507812 0.662213 0.96875 0.572126
97 0.503125 0.518965 0.98125 0.883908
103 0.503125 0.518965 0.98125 0.883908
101 0.503125 0.518965 0.98125 0.883908
47 0.507422 0.514368 0.985156 0.877012
46 0.507031 0.531609 0.98125 0.847126
73 0.50625 0.526437 0.984375 0.872414
49 0.507422 0.514368 0.985156 0.877012
46 0.505078 0.678736 0.980469 0.544828
50 0.506641 0.56954 0.980469 0.76092
99 0.50625 0.526437 0.984375 0.872414
48 0.510547 0.493103 0.975781 0.926437
100 0.50625 0.526437 0.984375 0.872414
49 0.505078 0.678736 0.980469 0.544828
51 0.510547 0.493103 0.975781 0.926437
47 0.505078 0.678736 0.980469 0.544828
54 0.507031 0.531609 0.98125 0.847126
111 0.50625 0.526437 0.984375 0.872414
73 0.505078 0.678736 0.980469 0.544828
100 0.505078 0.678736 0.980469 0.544828
99 0.505078 0.678736 0.980469 0.544828
50 0.513281 0.681466 0.964063 0.533621
76 0.510547 0.493103 0.975781 0.926437
97 0.50625 0.526437 0.984375 0.872414
75 0.506641 0.56954 0.980469 0.76092
47 0.509375 0.502586 0.98125 0.915517
49 0.510547 0.501724 0.978906 0.895402
46 0.510547 0.501724 0.978906 0.895402
48 0.510547 0.501724 0.978906 0.895402
100 0.504297 0.513218 0.991406 0.911494
50 0.510547 0.501724 0.978906 0.895402
73 0.504297 0.513218 0.991406 0.911494
51 0.511719 0.501149 0.976562 0.914943
49 0.511719 0.652299 0.976562 0.588506
99 0.504297 0.513218 0.991406 0.911494
48 0.511719 0.652299 0.976562 0.588506
46 0.511719 0.652299 0.976562 0.588506
111 0.504297 0.513218 0.991406 0.911494
47 0.511719 0.652299 0.976562 0.588506
66 0.511719 0.517816 0.976562 0.857471
49 0.510938 0.508046 0.978125 0.870115
50 0.515625 0.491092 0.96875 0.898276
47 0.510938 0.493678 0.978125 0.913793
46 0.510938 0.508046 0.978125 0.870115
100 0.510938 0.493678 0.978125 0.913793
99 0.510938 0.493678 0.978125 0.913793
51 0.510938 0.493678 0.978125 0.913793
73 0.510938 0.493678 0.978125 0.913793
48 0.510938 0.493678 0.978125 0.913793
76 0.515625 0.491092 0.96875 0.898276
111 0.505078 0.522414 0.989844 0.866667
84 0.508594 0.495402 0.982813 0.905747
46 0.507422 0.528161 0.985156 0.844828
73 0.507031 0.526437 0.985937 0.85977
50 0.510156 0.503448 0.979688 0.897701
100 0.507031 0.526437 0.985937 0.85977
49 0.5125 0.522988 0.975 0.850575
111 0.509766 0.535632 0.980469 0.850575
99 0.507031 0.526437 0.985937 0.85977
51 0.514063 0.491379 0.971875 0.910345
47 0.514063 0.491379 0.971875 0.910345
97 0.514063 0.491379 0.971875 0.910345
54 0.510156 0.529885 0.979688 0.845977
110 0.509766 0.535632 0.980469 0.850575
75 0.510156 0.529885 0.979688 0.845977
48 0.509766 0.535632 0.980469 0.850575
76 0.514063 0.491379 0.971875 0.910345
84 0.509766 0.535632 0.980469 0.850575
8 0.514063 0.491379 0.971875 0.910345
109 0.509766 0.535632 0.980469 0.850575
42 0.514063 0.491379 0.971875 0.910345
9 0.514063 0.491379 0.971875 0.910345
56 0.509766 0.535632 0.980469 0.850575
46 0.503906 0.521839 0.992188 0.852874
49 0.508594 0.513506 0.979688 0.864943
50 0.509375 0.506609 0.98125 0.924713
100 0.502734 0.520115 0.991406 0.881609
47 0.509375 0.506609 0.98125 0.924713
51 0.509375 0.506609 0.98125 0.924713
111 0.497656 0.529598 0.973437 0.87069
97 0.497656 0.529598 0.973437 0.87069
54 0.497656 0.529598 0.973437 0.87069
73 0.502734 0.520115 0.991406 0.881609
48 0.509375 0.506609 0.98125 0.924713
99 0.509375 0.506609 0.98125 0.924713
76 0.497656 0.529598 0.973437 0.87069
110 0.497656 0.529598 0.973437 0.87069
84 0.497656 0.529598 0.973437 0.87069
75 0.498438 0.523276 0.975 0.856897
56 0.497656 0.529598 0.973437 0.87069
66 0.498438 0.523276 0.975 0.856897
109 0.498438 0.523276 0.975 0.856897
8 0.509375 0.506609 0.98125 0.924713
42 0.509375 0.506609 0.98125 0.924713
101 0.497656 0.529598 0.973437 0.87069
47 0.509766 0.50431 0.980469 0.906322
49 0.5125 0.531609 0.975 0.828736
46 0.500781 0.517816 0.995313 0.858621
48 0.500781 0.522989 0.995313 0.895402
100 0.500781 0.517816 0.995313 0.858621
73 0.500781 0.522989 0.995313 0.895402
51 0.509766 0.50431 0.980469 0.906322
99 0.500781 0.522989 0.995313 0.895402
50 0.5125 0.531609 0.975 0.828736
111 0.500781 0.517816 0.995313 0.858621
49 0.501172 0.681035 0.994531 0.536782
46 0.501172 0.681035 0.994531 0.536782
101 0.500781 0.537931 0.995313 0.821839
54 0.489062 0.516092 0.96875 0.868966
73 0.512109 0.513793 0.975781 0.933333
47 0.510938 0.514368 0.978125 0.932184
49 0.505078 0.515517 0.989844 0.874713
100 0.504687 0.519828 0.990625 0.90977
46 0.510938 0.514368 0.978125 0.932184
50 0.505078 0.515517 0.989844 0.874713
99 0.512109 0.513793 0.975781 0.933333
51 0.510938 0.514368 0.978125 0.932184
48 0.504687 0.519828 0.990625 0.90977
101 0.505078 0.540805 0.989844 0.81954
50 0.504687 0.657471 0.990625 0.586207
76 0.512109 0.513793 0.975781 0.933333
111 0.504687 0.519828 0.990625 0.90977
49 0.504687 0.657471 0.990625 0.586207
8 0.512109 0.513793 0.975781 0.933333
47 0.509375 0.504023 0.98125 0.934483
46 0.502344 0.508908 0.995313 0.878736
49 0.502344 0.508908 0.995313 0.878736
73 0.494922 0.536782 0.983594 0.889655
50 0.502344 0.508908 0.995313 0.878736
100 0.494922 0.536782 0.983594 0.889655
48 0.509375 0.504023 0.98125 0.934483
111 0.494922 0.536782 0.983594 0.889655
99 0.494922 0.536782 0.983594 0.889655
51 0.509375 0.504023 0.98125 0.934483
110 0.490625 0.515517 0.975 0.872414
54 0.490625 0.515517 0.975 0.872414
84 0.494922 0.536782 0.983594 0.889655
97 0.494922 0.536782 0.983594 0.889655
49 0.512891 0.500575 0.974219 0.895402
46 0.504297 0.518965 0.991406 0.86092
47 0.512891 0.509195 0.974219 0.91954
100 0.504687 0.52069 0.990625 0.903448
48 0.512891 0.509195 0.974219 0.91954
50 0.504297 0.518965 0.991406 0.86092
73 0.512891 0.509195 0.974219 0.91954
51 0.512891 0.509195 0.974219 0.91954
111 0.504687 0.52069 0.990625 0.903448
99 0.512891 0.509195 0.974219 0.91954
101 0.504297 0.518965 0.991406 0.86092
54 0.504297 0.518965 0.991406 0.86092
49 0.514063 0.493103 0.971875 0.908046
46 0.504297 0.497701 0.991406 0.901149
47 0.5125 0.501724 0.975 0.941379
100 0.504297 0.497701 0.991406 0.901149
50 0.504297 0.497701 0.991406 0.901149
73 0.501953 0.508046 0.986719 0.927586
48 0.5125 0.501724 0.975 0.941379
111 0.504297 0.497701 0.991406 0.901149
99 0.510156 0.506322 0.979688 0.931035
51 0.5125 0.501724 0.975 0.941379
101 0.504297 0.497701 0.991406 0.901149
54 0.504297 0.497701 0.991406 0.901149
84 0.501953 0.508046 0.986719 0.927586
56 0.501953 0.508046 0.986719 0.927586
49 0.513281 0.506609 0.973437 0.885632
48 0.502344 0.512644 0.995313 0.889655
100 0.501953 0.510632 0.996094 0.883333
46 0.501953 0.510632 0.996094 0.883333
47 0.513281 0.501149 0.973437 0.924138
73 0.502344 0.512644 0.995313 0.889655
50 0.501953 0.510632 0.996094 0.883333
99 0.510938 0.501724 0.978125 0.916092
51 0.513281 0.501149 0.973437 0.924138
101 0.501953 0.510632 0.996094 0.883333
111 0.499609 0.526149 0.988281 0.864943
54 0.501953 0.510632 0.996094 0.883333
49 0.508203 0.499138 0.982031 0.901724
48 0.511328 0.505172 0.977344 0.927586
47 0.5125 0.505172 0.973437 0.890805
46 0.504687 0.51092 0.9875 0.886207
99 0.511328 0.505172 0.977344 0.927586
73 0.514063 0.5 0.971875 0.934483
50 0.505469 0.508046 0.9875 0.906897
100 0.505469 0.508046 0.9875 0.906897
51 0.514063 0.5 0.971875 0.934483
105 0.178125 0.143247 0.35625 0.286494
54 0.504687 0.51092 0.9875 0.886207
76 0.511328 0.505172 0.977344 0.927586
105 0.252539 0.119037 0.505078 0.238075
111 0.504687 0.51092 0.9875 0.886207
105 0.513281 0.0902299 0.973437 0.18046
105 0.261719 0.0791667 0.523438 0.158333
49 0.503516 0.518966 0.992969 0.867816
48 0.500781 0.536494 0.982813 0.859195
46 0.503516 0.518966 0.992969 0.867816
47 0.514063 0.504598 0.971875 0.932184
50 0.503906 0.521552 0.992188 0.883333
51 0.514063 0.504598 0.971875 0.932184
73 0.500781 0.536494 0.982813 0.859195
99 0.513281 0.506897 0.973437 0.933333
76 0.513281 0.506897 0.973437 0.933333
100 0.500781 0.536494 0.982813 0.859195
111 0.500781 0.536494 0.982813 0.859195
101 0.500781 0.536494 0.982813 0.859195
84 0.500781 0.536494 0.982813 0.859195
77 0.500781 0.536494 0.982813 0.859195
67 0.500781 0.536494 0.982813 0.859195
110 0.500781 0.536494 0.982813 0.859195
54 0.500781 0.536494 0.982813 0.859195
102 0.500391 0.536494 0.988281 0.864943
49 0.502344 0.662644 0.995313 0.571264
49 0.512109 0.504598 0.975781 0.887356
46 0.504687 0.522126 0.990625 0.867241
48 0.514063 0.504023 0.971875 0.918391
47 0.514063 0.504023 0.971875 0.918391
73 0.504687 0.523563 0.990625 0.883908
100 0.504687 0.522126 0.990625 0.867241
50 0.504687 0.522126 0.990625 0.867241
99 0.504687 0.523563 0.990625 0.883908
111 0.504687 0.522126 0.990625 0.867241
51 0.510938 0.501149 0.978125 0.91954
54 0.504687 0.522126 0.990625 0.867241
76 0.504687 0.523563 0.990625 0.883908
110 0.504687 0.522126 0.990625 0.867241
84 0.504687 0.523563 0.990625 0.883908
103 0.504687 0.523563 0.990625 0.883908
68 0.504687 0.522126 0.990625 0.867241
109 0.504687 0.522126 0.990625 0.867241
101 0.504687 0.522126 0.990625 0.867241
75 0.504687 0.522126 0.990625 0.867241
49 0.513672 0.504023 0.972656 0.897701
46 0.505078 0.522126 0.989844 0.872989
47 0.504687 0.525575 0.990625 0.872989
48 0.504687 0.525575 0.990625 0.872989
50 0.510156 0.504598 0.979688 0.912644
100 0.505078 0.522126 0.989844 0.872989
51 0.51875 0.503161 0.9625 0.915517
73 0.504687 0.525575 0.990625 0.872989
99 0.504687 0.525575 0.990625 0.872989
111 0.504687 0.525575 0.990625 0.872989
84 0.504687 0.525575 0.990625 0.872989
76 0.504687 0.525575 0.990625 0.872989
54 0.505078 0.522126 0.989844 0.872989
105 0.124902 0.0932471 0.249805 0.186494
49 0.503516 0.511207 0.992969 0.883333
48 0.512109 0.503161 0.975781 0.946552
47 0.512109 0.503161 0.975781 0.946552
100 0.495313 0.514943 0.975 0.871264
101 0.495313 0.514943 0.975 0.871264
46 0.503516 0.511207 0.992969 0.883333
50 0.496875 0.524138 0.978125 0.868966
99 0.512109 0.503161 0.975781 0.946552
73 0.496875 0.524138 0.978125 0.868966
111 0.496875 0.524138 0.978125 0.868966
51 0.512109 0.503161 0.975781 0.946552
102 0.501172 0.51954 0.991406 0.88046
54 0.495313 0.514943 0.975 0.871264
68 0.495313 0.514943 0.975 0.871264
77 0.501172 0.51954 0.991406 0.88046
110 0.501172 0.51954 0.991406 0.88046
76 0.501172 0.51954 0.991406 0.88046
56 0.496875 0.524138 0.978125 0.868966
49 0.504687 0.504598 0.990625 0.894253
47 0.512891 0.497414 0.974219 0.938506
46 0.504687 0.505172 0.990625 0.9
50 0.498437 0.518391 0.978125 0.878161
100 0.498437 0.518391 0.978125 0.878161
73 0.498437 0.518391 0.978125 0.878161
48 0.512891 0.497414 0.974219 0.938506
99 0.512891 0.497414 0.974219 0.938506
51 0.505859 0.504023 0.988281 0.925287
111 0.498437 0.518391 0.978125 0.878161
49 0.5125 0.500862 0.975 0.899425
47 0.512891 0.504598 0.974219 0.931035
46 0.508203 0.51523 0.983594 0.883333
48 0.507422 0.529885 0.985156 0.878161
73 0.507422 0.529885 0.985156 0.878161
100 0.507422 0.529885 0.985156 0.878161
99 0.512891 0.504598 0.974219 0.931035
50 0.507422 0.529885 0.985156 0.878161
111 0.507422 0.529885 0.985156 0.878161
51 0.507031 0.51408 0.985937 0.914368
49 0.507812 0.498851 0.984375 0.905747
47 0.513281 0.505172 0.973437 0.936782
46 0.507812 0.498851 0.984375 0.905747
73 0.507812 0.513793 0.984375 0.926437
100 0.502734 0.525287 0.975781 0.875862
48 0.507812 0.513793 0.984375 0.926437
99 0.507812 0.513793 0.984375 0.926437
50 0.502734 0.525287 0.975781 0.875862
101 0.501562 0.508621 0.975 0.893103
51 0.507812 0.513793 0.984375 0.926437
111 0.502734 0.525287 0.975781 0.875862
49 0.505859 0.494253 0.988281 0.912644
47 0.511719 0.501149 0.976562 0.928736
46 0.505859 0.494253 0.988281 0.912644
48 0.507812 0.527586 0.984375 0.868966
51 0.505859 0.524138 0.985156 0.891954
50 0.507812 0.527586 0.984375 0.868966
73 0.511719 0.501149 0.976562 0.928736
99 0.511719 0.506897 0.976562 0.921839
100 0.505078 0.521552 0.989844 0.878736
101 0.505078 0.521552 0.989844 0.878736
47 0.512109 0.498276 0.975781 0.925287
46 0.5125 0.497126 0.975 0.895402
49 0.5125 0.497126 0.975 0.895402
73 0.512109 0.498276 0.975781 0.925287
99 0.510938 0.502874 0.978125 0.914943
51 0.512109 0.498276 0.975781 0.925287
48 0.512109 0.498276 0.975781 0.925287
50 0.503125 0.507184 0.99375 0.895977
100 0.5125 0.497126 0.975 0.895402
8 0.512109 0.498276 0.975781 0.925287
84 0.510938 0.502874 0.978125 0.914943
47 0.513281 0.50977 0.973437 0.941379
46 0.5125 0.498851 0.975 0.898851
49 0.5125 0.498851 0.975 0.898851
99 0.515625 0.514943 0.96875 0.94023
73 0.513281 0.50977 0.973437 0.941379
48 0.513281 0.50977 0.973437 0.941379
100 0.5125 0.498851 0.975 0.898851
51 0.513281 0.50977 0.973437 0.941379
8 0.513281 0.50977 0.973437 0.941379
50 0.503516 0.518391 0.992969 0.895402
84 0.513672 0.508046 0.972656 0.914943
47 0.511719 0.501149 0.976562 0.917241
46 0.511328 0.501724 0.977344 0.893103
49 0.510547 0.496552 0.978906 0.898851
73 0.512891 0.499425 0.974219 0.918391
51 0.511719 0.501149 0.976562 0.917241
48 0.512891 0.499425 0.974219 0.918391
100 0.511328 0.501724 0.977344 0.893103
99 0.511719 0.501149 0.976562 0.917241
8 0.512891 0.499425 0.974219 0.918391
50 0.512891 0.499425 0.974219 0.918391
47 0.511328 0.502586 0.977344 0.921264
46 0.511328 0.496552 0.977344 0.898851
49 0.511328 0.496552 0.977344 0.898851
73 0.510938 0.506034 0.978125 0.91092
48 0.511328 0.502586 0.977344 0.921264
100 0.511328 0.496552 0.977344 0.898851
99 0.511328 0.502586 0.977344 0.921264
51 0.511328 0.502586 0.977344 0.921264
47 0.503516 0.514655 0.992969 0.882184
46 0.503906 0.510057 0.992188 0.878736
49 0.503906 0.510057 0.992188 0.878736
73 0.503516 0.514655 0.992969 0.882184
51 0.509375 0.497126 0.98125 0.911494
100 0.503906 0.510057 0.992188 0.878736
48 0.509375 0.497126 0.98125 0.911494
99 0.509375 0.497126 0.98125 0.911494
50 0.503906 0.510057 0.992188 0.878736
111 0.503906 0.510057 0.992188 0.878736
8 0.503906 0.512356 0.992188 0.881034
46 0.502734 0.506897 0.994531 0.893103
49 0.502734 0.506897 0.994531 0.893103
47 0.502344 0.518391 0.995313 0.878161
73 0.502344 0.515517 0.995313 0.890805
100 0.496094 0.527012 0.982813 0.86092
50 0.496094 0.527012 0.982813 0.86092
48 0.502344 0.515517 0.995313 0.890805
99 0.502344 0.515517 0.995313 0.890805
51 0.502344 0.515517 0.995313 0.890805
111 0.502734 0.506897 0.994531 0.893103
8 0.502344 0.515517 0.995313 0.890805
76 0.502344 0.515517 0.995313 0.890805
46 0.509375 0.497126 0.98125 0.902299
49 0.502734 0.511207 0.994531 0.883333
47 0.511328 0.506322 0.977344 0.936782
73 0.511328 0.506322 0.977344 0.936782
99 0.511328 0.506322 0.977344 0.936782
48 0.496094 0.528161 0.982813 0.871264
100 0.496094 0.528161 0.982813 0.871264
50 0.496094 0.528161 0.982813 0.871264
51 0.511328 0.506322 0.977344 0.936782
76 0.508594 0.506322 0.982813 0.925287
111 0.496094 0.528161 0.982813 0.871264
46 0.510156 0.491954 0.979688 0.909195
49 0.502344 0.507184 0.995313 0.895977
47 0.502344 0.519828 0.995313 0.88908
73 0.498438 0.528161 0.990625 0.875862
48 0.498438 0.528161 0.990625 0.875862
100 0.498438 0.528161 0.990625 0.875862
50 0.510547 0.508046 0.978906 0.922988
99 0.512891 0.510345 0.974219 0.928736
51 0.512891 0.510345 0.974219 0.928736
76 0.510547 0.508046 0.978906 0.922988
46 0.500781 0.52069 0.998438 0.898851
49 0.500781 0.505747 0.998438 0.901149
47 0.500781 0.52069 0.998438 0.898851
73 0.500781 0.52069 0.998438 0.898851
99 0.510938 0.516092 0.978125 0.94023
100 0.500781 0.52069 0.998438 0.898851
48 0.510938 0.516092 0.978125 0.94023
50 0.510938 0.516092 0.978125 0.94023
46 0.501562 0.514943 0.996875 0.910345
47 0.501562 0.514943 0.996875 0.910345
49 0.507812 0.495402 0.984375 0.908046
99 0.513281 0.506897 0.973437 0.916092
73 0.501562 0.514943 0.996875 0.910345
48 0.510156 0.516667 0.979688 0.937931
50 0.510156 0.516667 0.979688 0.937931
100 0.501562 0.514943 0.996875 0.910345
76 0.512891 0.512644 0.974219 0.931035
51 0.510156 0.512069 0.979688 0.947126
46 0.501562 0.512356 0.996875 0.897126
49 0.501562 0.506322 0.996875 0.888506
47 0.501562 0.512356 0.996875 0.897126
48 0.510938 0.508908 0.978125 0.924713
99 0.510938 0.508908 0.978125 0.924713
50 0.510938 0.508908 0.978125 0.924713
73 0.508594 0.50431 0.982813 0.932759
100 0.501562 0.512356 0.996875 0.897126
49 0.501562 0.497701 0.996875 0.908046
46 0.507812 0.501724 0.984375 0.913793
47 0.501562 0.50546 0.996875 0.908621
50 0.510547 0.510057 0.978906 0.928161
48 0.510547 0.510057 0.978906 0.928161
100 0.501562 0.50546 0.996875 0.908621
49 0.509375 0.491379 0.98125 0.913793
46 0.510938 0.508046 0.978125 0.924138
47 0.501172 0.504023 0.997656 0.909195
50 0.501172 0.504023 0.997656 0.909195
48 0.510938 0.508046 0.978125 0.924138
100 0.501172 0.504023 0.997656 0.909195
51 0.501172 0.504023 0.997656 0.909195
49 0.501172 0.495977 0.997656 0.906897
46 0.510547 0.504885 0.978906 0.921264
47 0.501562 0.507471 0.996875 0.897701
48 0.510547 0.504885 0.978906 0.921264
50 0.501562 0.507471 0.996875 0.897701
100 0.501562 0.507471 0.996875 0.897701
51 0.501562 0.507471 0.996875 0.897701
49 0.510938 0.494828 0.978125 0.902299
47 0.501953 0.50546 0.996094 0.904023
46 0.501953 0.50546 0.996094 0.904023
48 0.509766 0.508621 0.980469 0.928736
50 0.501953 0.50546 0.996094 0.904023
51 0.510156 0.502874 0.979688 0.94023
100 0.501953 0.50546 0.996094 0.904023
49 0.510547 0.494253 0.978906 0.903448
46 0.501562 0.506322 0.996875 0.901149
47 0.501562 0.506322 0.996875 0.901149
48 0.509766 0.502299 0.980469 0.935632
50 0.501562 0.497701 0.996875 0.903448
51 0.509766 0.502299 0.980469 0.935632
100 0.501562 0.506322 0.996875 0.901149
99 0.509766 0.502299 0.980469 0.935632
73 0.501562 0.506322 0.996875 0.901149
49 0.509766 0.497126 0.980469 0.895402
47 0.501172 0.507471 0.997656 0.895402
46 0.501172 0.507471 0.997656 0.895402
48 0.509375 0.504023 0.98125 0.934483
51 0.509375 0.504023 0.98125 0.934483
50 0.501562 0.504598 0.996875 0.886207
100 0.501562 0.504598 0.996875 0.886207
99 0.509375 0.504023 0.98125 0.934483
73 0.501172 0.507471 0.997656 0.895402
49 0.510547 0.497126 0.978906 0.898851
46 0.501172 0.507471 0.997656 0.897701
47 0.501172 0.507471 0.997656 0.897701
48 0.509375 0.502299 0.98125 0.932184
50 0.501172 0.502299 0.997656 0.891954
51 0.509375 0.502299 0.98125 0.932184
100 0.501172 0.507471 0.997656 0.897701
99 0.509375 0.502299 0.98125 0.932184
73 0.501172 0.507471 0.997656 0.897701
49 0.510938 0.499425 0.978125 0.890805
46 0.501172 0.508908 0.997656 0.894828
47 0.501172 0.508908 0.997656 0.894828
48 0.510547 0.5 0.978906 0.926437
51 0.510547 0.5 0.978906 0.926437
50 0.510547 0.5 0.978906 0.926437
100 0.501172 0.508908 0.997656 0.894828
73 0.510547 0.5 0.978906 0.926437
99 0.510547 0.5 0.978906 0.926437
49 0.510938 0.5 0.978125 0.887356
46 0.501172 0.508046 0.997656 0.895402
47 0.501172 0.508046 0.997656 0.895402
48 0.511719 0.502299 0.976562 0.929885
51 0.511719 0.502299 0.976562 0.929885
50 0.511719 0.502299 0.976562 0.929885
100 0.501172 0.508046 0.997656 0.895402
99 0.511719 0.502299 0.976562 0.929885
73 0.511719 0.502299 0.976562 0.929885
49 0.510938 0.498276 0.978125 0.890805
46 0.501172 0.506322 0.997656 0.9
47 0.510938 0.504023 0.978125 0.936782
48 0.510938 0.504023 0.978125 0.936782
51 0.510938 0.504023 0.978125 0.936782
50 0.510938 0.504023 0.978125 0.936782
100 0.501172 0.506322 0.997656 0.9
99 0.510938 0.504023 0.978125 0.936782
73 0.510938 0.504023 0.978125 0.936782
49 0.500781 0.50431 0.998438 0.908621
46 0.500781 0.50431 0.998438 0.908621
47 0.510938 0.506897 0.978125 0.941379
48 0.510938 0.506897 0.978125 0.941379
50 0.510938 0.506897 0.978125 0.941379
51 0.510938 0.506897 0.978125 0.941379
99 0.510938 0.506897 0.978125 0.941379
100 0.500781 0.50431 0.998438 0.908621
73 0.510938 0.506897 0.978125 0.941379
49 0.501562 0.504885 0.996875 0.907471
46 0.501562 0.504885 0.996875 0.907471
47 0.509375 0.509195 0.98125 0.944828
48 0.509375 0.509195 0.98125 0.944828
99 0.509375 0.509195 0.98125 0.944828
50 0.509375 0.509195 0.98125 0.944828
100 0.501562 0.504885 0.996875 0.907471
73 0.509375 0.509195 0.98125 0.944828
51 0.509375 0.509195 0.98125 0.944828
49 0.501172 0.505172 0.997656 0.909195
46 0.501172 0.505172 0.997656 0.909195
47 0.508203 0.508333 0.983594 0.941954
48 0.508203 0.508333 0.983594 0.941954
100 0.501172 0.505172 0.997656 0.909195
50 0.508203 0.508333 0.983594 0.941954
73 0.508203 0.508333 0.983594 0.941954
99 0.508203 0.508333 0.983594 0.941954
51 0.508203 0.508333 0.983594 0.941954
49 0.501562 0.503448 0.996875 0.889655
46 0.501562 0.502586 0.996875 0.914368
47 0.507812 0.508046 0.984375 0.94023
100 0.501562 0.502586 0.996875 0.914368
50 0.501562 0.502586 0.996875 0.914368
48 0.507812 0.508046 0.984375 0.94023
99 0.507812 0.508046 0.984375 0.94023
73 0.507812 0.508046 0.984375 0.94023
51 0.507812 0.508046 0.984375 0.94023
48 0.134668 0.0849856 0.269336 0.169971
49 0.501953 0.502011 0.996094 0.89023
46 0.501953 0.501724 0.996094 0.914943
47 0.507422 0.507759 0.985156 0.938506
50 0.501953 0.502011 0.996094 0.89023
100 0.507422 0.507759 0.985156 0.938506
48 0.507422 0.507759 0.985156 0.938506
51 0.507422 0.507759 0.985156 0.938506
99 0.507422 0.507759 0.985156 0.938506
73 0.507422 0.507759 0.985156 0.938506
101 0.501953 0.501724 0.996094 0.914943
49 0.502344 0.5 0.995313 0.896552
46 0.502344 0.500575 0.995313 0.913793
47 0.507812 0.506322 0.984375 0.936782
100 0.507812 0.506322 0.984375 0.936782
50 0.502344 0.5 0.995313 0.896552
48 0.507812 0.506322 0.984375 0.936782
99 0.510938 0.50977 0.978125 0.924138
73 0.507812 0.506322 0.984375 0.936782
51 0.507812 0.506322 0.984375 0.936782
111 0.502344 0.500575 0.995313 0.913793
49 0.502734 0.499425 0.994531 0.897701
46 0.502344 0.500575 0.995313 0.916092
47 0.508203 0.505747 0.983594 0.935632
50 0.502734 0.499425 0.994531 0.897701
99 0.510938 0.50977 0.978125 0.925287
100 0.502344 0.500575 0.995313 0.916092
73 0.508203 0.505747 0.983594 0.935632
48 0.508203 0.505747 0.983594 0.935632
51 0.508203 0.505747 0.983594 0.935632
111 0.502344 0.500575 0.995313 0.916092
77 0.5 0.505172 0.990625 0.906897
84 0.502344 0.500575 0.995313 0.916092
49 0.502344 0.498851 0.995313 0.898851
46 0.502344 0.500287 0.995313 0.915517
47 0.507031 0.504885 0.985937 0.935057
99 0.510938 0.508908 0.978125 0.923563
50 0.5 0.504598 0.990625 0.909195
73 0.507031 0.504885 0.985937 0.935057
100 0.502344 0.500287 0.995313 0.915517
48 0.507031 0.504885 0.985937 0.935057
77 0.5 0.504598 0.990625 0.909195
111 0.5 0.504598 0.990625 0.909195
84 0.5 0.504598 0.990625 0.909195
51 0.5 0.504598 0.990625 0.909195
101 0.5 0.504598 0.990625 0.909195
49 0.498438 0.505747 0.990625 0.908046
46 0.502344 0.501149 0.995313 0.914943
47 0.50625 0.500862 0.9875 0.913218
50 0.498438 0.505747 0.990625 0.908046
99 0.510938 0.508621 0.978125 0.922989
73 0.507422 0.504598 0.985156 0.935632
100 0.502344 0.501149 0.995313 0.914943
48 0.507422 0.504598 0.985156 0.935632
77 0.496094 0.491954 0.982813 0.935632
111 0.498438 0.505747 0.990625 0.908046
84 0.498438 0.505747 0.990625 0.908046
51 0.498438 0.505747 0.990625 0.908046
101 0.498438 0.505747 0.990625 0.908046
49 0.498047 0.50546 0.988281 0.91092
46 0.502344 0.501149 0.995313 0.917241
47 0.507812 0.504598 0.984375 0.936782
50 0.498047 0.50546 0.988281 0.91092
99 0.510938 0.508621 0.978125 0.924138
73 0.507812 0.504598 0.984375 0.936782
100 0.498047 0.50546 0.988281 0.91092
77 0.496094 0.491954 0.982813 0.935632
48 0.498047 0.50546 0.988281 0.91092
111 0.498047 0.50546 0.988281 0.91092
84 0.498047 0.50546 0.988281 0.91092
101 0.496094 0.491954 0.982813 0.935632
51 0.498047 0.50546 0.988281 0.91092
49 0.498437 0.506897 0.9875 0.905747
46 0.502344 0.501149 0.995313 0.914943
47 0.508203 0.504598 0.983594 0.935632
50 0.498437 0.506897 0.9875 0.905747
99 0.510938 0.508621 0.978125 0.922989
73 0.508203 0.504598 0.983594 0.935632
100 0.498437 0.506897 0.9875 0.905747
48 0.508203 0.504598 0.983594 0.935632
77 0.496094 0.492529 0.982813 0.934483
111 0.498437 0.506897 0.9875 0.905747
51 0.498437 0.506897 0.9875 0.905747
84 0.498437 0.506897 0.9875 0.905747
101 0.498437 0.506897 0.9875 0.905747
49 0.498828 0.508621 0.986719 0.902299
46 0.502734 0.502299 0.994531 0.913793
47 0.508594 0.50431 0.982813 0.935058
50 0.502734 0.501724 0.994531 0.894253
99 0.510938 0.508046 0.978125 0.922988
100 0.498828 0.508621 0.986719 0.902299
48 0.508594 0.50431 0.982813 0.935058
73 0.508594 0.50431 0.982813 0.935058
77 0.498828 0.508621 0.986719 0.902299
51 0.498828 0.508621 0.986719 0.902299
111 0.498828 0.508621 0.986719 0.902299
84 0.498828 0.508621 0.986719 0.902299
48 0.137012 0.0815374 0.274023 0.163075
101 0.498828 0.508621 0.986719 0.902299
49 0.498047 0.510057 0.985156 0.902874
46 0.502734 0.502874 0.994531 0.913793
47 0.508594 0.504023 0.982813 0.934483
50 0.502344 0.502299 0.995313 0.893103
48 0.508594 0.504023 0.982813 0.934483
100 0.498047 0.510057 0.985156 0.902874
99 0.510938 0.507759 0.978125 0.922414
73 0.508594 0.504023 0.982813 0.934483
51 0.508594 0.504023 0.982813 0.934483
77 0.498047 0.510057 0.985156 0.902874
48 0.13877 0.080819 0.277539 0.161638
49 0.502734 0.501149 0.994531 0.895402
46 0.502734 0.503161 0.994531 0.914368
47 0.508594 0.504023 0.982813 0.935632
50 0.502734 0.501149 0.994531 0.895402
48 0.508594 0.504023 0.982813 0.935632
99 0.510938 0.507759 0.978125 0.923563
73 0.508594 0.504023 0.982813 0.935632
100 0.497656 0.510345 0.984375 0.903448
48 0.138867 0.0787356 0.277734 0.157471
77 0.497656 0.510345 0.984375 0.903448
51 0.508594 0.504023 0.982813 0.935632
49 0.502344 0.501724 0.995313 0.895402
46 0.502734 0.50431 0.994531 0.913218
47 0.508984 0.503448 0.982031 0.935632
50 0.502344 0.501724 0.995313 0.895402
48 0.508984 0.503448 0.982031 0.935632
99 0.510938 0.507471 0.978125 0.924138
100 0.502734 0.50431 0.994531 0.913218
73 0.508984 0.503448 0.982031 0.935632
48 0.136621 0.0765805 0.273242 0.153161
51 0.508984 0.503448 0.982031 0.935632
46 0.502344 0.503448 0.995313 0.913793
49 0.502344 0.503448 0.995313 0.913793
47 0.509375 0.502874 0.98125 0.936782
48 0.509375 0.502874 0.98125 0.936782
99 0.510547 0.507471 0.978906 0.925287
50 0.502344 0.503448 0.995313 0.913793
100 0.502344 0.503448 0.995313 0.913793
73 0.509375 0.502874 0.98125 0.936782
48 0.134473 0.0757184 0.268945 0.151437
3 0.509375 0.502874 0.98125 0.936782
49 0.502734 0.50431 0.994531 0.912069
46 0.502734 0.50431 0.994531 0.912069
47 0.509375 0.503448 0.98125 0.937931
48 0.509375 0.503448 0.98125 0.937931
99 0.510938 0.507471 0.978125 0.925287
50 0.502734 0.50431 0.994531 0.912069
100 0.502734 0.50431 0.994531 0.912069
73 0.509375 0.503448 0.98125 0.937931
48 0.134668 0.0772988 0.269336 0.154598
3 0.509375 0.503448 0.98125 0.937931
49 0.502734 0.50431 0.994531 0.90977
46 0.502734 0.50431 0.994531 0.90977
47 0.508984 0.503448 0.982031 0.936782
48 0.508984 0.503448 0.982031 0.936782
50 0.502734 0.50431 0.994531 0.90977
100 0.502734 0.50431 0.994531 0.90977
99 0.510547 0.507184 0.978906 0.925862
73 0.508984 0.503448 0.982031 0.936782
48 0.135254 0.0780891 0.270508 0.156178
46 0.502734 0.504023 0.994531 0.906897
49 0.502734 0.504023 0.994531 0.906897
47 0.508984 0.503448 0.982031 0.935632
48 0.508984 0.503448 0.982031 0.935632
99 0.510938 0.507184 0.978125 0.925862
100 0.502734 0.504023 0.994531 0.906897
50 0.502734 0.504023 0.994531 0.906897
73 0.508984 0.503448 0.982031 0.935632
48 0.13457 0.0772988 0.269141 0.154598
46 0.503125 0.50431 0.99375 0.906322
49 0.503125 0.50431 0.99375 0.906322
47 0.510938 0.499425 0.978125 0.903448
99 0.510156 0.506897 0.979688 0.925287
48 0.508984 0.503448 0.982031 0.935632
50 0.503125 0.50431 0.99375 0.906322
100 0.503125 0.50431 0.99375 0.906322
73 0.508984 0.503448 0.982031 0.935632
48 0.134961 0.076796 0.269922 0.153592
46 0.503125 0.503448 0.99375 0.905747
49 0.503125 0.503448 0.99375 0.905747
47 0.510938 0.499425 0.978125 0.904598
99 0.510156 0.506897 0.979688 0.926437
48 0.508984 0.503736 0.982031 0.936207
50 0.503125 0.503448 0.99375 0.905747
100 0.503125 0.503448 0.99375 0.905747
73 0.508984 0.503736 0.982031 0.936207
48 0.134277 0.077227 0.268555 0.154454
46 0.503125 0.503448 0.99375 0.905747
49 0.503125 0.503448 0.99375 0.905747
47 0.510938 0.498563 0.978125 0.904023
99 0.510156 0.507184 0.979688 0.927011
48 0.508984 0.504023 0.982031 0.936782
50 0.503125 0.503448 0.99375 0.905747
100 0.503125 0.503448 0.99375 0.905747
73 0.508984 0.504023 0.982031 0.936782
48 0.133301 0.0770115 0.266602 0.154023
46 0.503125 0.503448 0.99375 0.903448
49 0.503125 0.503448 0.99375 0.903448
47 0.510938 0.498851 0.978125 0.903448
99 0.510547 0.506322 0.978906 0.925287
73 0.509375 0.503736 0.98125 0.935057
50 0.503125 0.503448 0.99375 0.903448
100 0.503125 0.503448 0.99375 0.903448
48 0.509375 0.503736 0.98125 0.935057
46 0.503125 0.502874 0.99375 0.903448
49 0.503125 0.502874 0.99375 0.903448
47 0.510547 0.498276 0.978906 0.903448
99 0.510156 0.506609 0.979688 0.924713
50 0.503125 0.502874 0.99375 0.903448
73 0.509375 0.503448 0.98125 0.933333
100 0.503125 0.502874 0.99375 0.903448
48 0.509375 0.503448 0.98125 0.933333
46 0.503125 0.502299 0.99375 0.903448
49 0.503125 0.502299 0.99375 0.903448
47 0.510547 0.497701 0.978906 0.903448
99 0.510156 0.506609 0.979688 0.924713
50 0.502734 0.502874 0.994531 0.891954
100 0.503125 0.502299 0.99375 0.903448
48 0.508984 0.503448 0.982031 0.935632
73 0.508984 0.503448 0.982031 0.935632
46 0.503125 0.502299 0.99375 0.903448
49 0.503125 0.502299 0.99375 0.903448
47 0.510938 0.497701 0.978125 0.903448
99 0.510547 0.506609 0.978906 0.924713
50 0.503125 0.502299 0.99375 0.903448
100 0.508984 0.503448 0.982031 0.935632
48 0.508984 0.503448 0.982031 0.935632
73 0.508984 0.503448 0.982031 0.935632
46 0.502734 0.502299 0.994531 0.903448
49 0.502734 0.502299 0.994531 0.903448
47 0.510547 0.497701 0.978906 0.903448
50 0.502734 0.502299 0.994531 0.903448
99 0.510156 0.506897 0.979688 0.925287
100 0.508594 0.503736 0.982813 0.935057
48 0.508594 0.503736 0.982813 0.935057
73 0.508594 0.503736 0.982813 0.935057
46 0.502734 0.501724 0.994531 0.904598
49 0.502734 0.501724 0.994531 0.904598
47 0.510547 0.497701 0.978906 0.903448
50 0.502734 0.501724 0.994531 0.904598
99 0.510156 0.506609 0.979688 0.924713
100 0.508203 0.503448 0.983594 0.934483
48 0.508203 0.503448 0.983594 0.934483
73 0.508203 0.503448 0.983594 0.934483
51 0.508203 0.503448 0.983594 0.934483
46 0.503125 0.501724 0.99375 0.904598
49 0.503125 0.501724 0.99375 0.904598
47 0.510547 0.497701 0.978906 0.902299
99 0.510547 0.506322 0.978906 0.924138
50 0.503125 0.501724 0.99375 0.904598
100 0.508203 0.503161 0.983594 0.933908
48 0.508203 0.503161 0.983594 0.933908
73 0.508203 0.503161 0.983594 0.933908
51 0.508203 0.503161 0.983594 0.933908
46 0.502734 0.502011 0.994531 0.904023
49 0.502734 0.502011 0.994531 0.904023
47 0.510547 0.497126 0.978906 0.902299
100 0.507812 0.503448 0.984375 0.933333
50 0.502734 0.502011 0.994531 0.904023
48 0.507812 0.503448 0.984375 0.933333
99 0.510156 0.506897 0.979688 0.924138
73 0.507812 0.503448 0.984375 0.933333
51 0.507812 0.503448 0.984375 0.933333
46 0.502734 0.501724 0.994531 0.904598
49 0.502734 0.501724 0.994531 0.904598
47 0.510547 0.497414 0.978906 0.901724
100 0.508203 0.503161 0.983594 0.932759
50 0.502734 0.501724 0.994531 0.904598
48 0.508203 0.503161 0.983594 0.932759
99 0.510156 0.506322 0.979688 0.922989
73 0.508203 0.503161 0.983594 0.932759
51 0.508203 0.503161 0.983594 0.932759
46 0.502734 0.501149 0.994531 0.904598
49 0.502734 0.501149 0.994531 0.904598
47 0.510938 0.496839 0.978125 0.900575
100 0.507812 0.502874 0.984375 0.932184
50 0.502734 0.501149 0.994531 0.904598
48 0.507812 0.502874 0.984375 0.932184
99 0.510156 0.505747 0.979688 0.921839
73 0.507812 0.502874 0.984375 0.932184
51 0.507812 0.502874 0.984375 0.932184
46 0.502734 0.500575 0.994531 0.904598
49 0.502734 0.500575 0.994531 0.904598
47 0.510938 0.497126 0.978125 0.9
100 0.507812 0.502874 0.984375 0.932184
50 0.502734 0.500575 0.994531 0.904598
48 0.507812 0.502874 0.984375 0.932184
99 0.510156 0.506034 0.979688 0.921264
73 0.507812 0.502874 0.984375 0.932184
51 0.507812 0.502874 0.984375 0.932184
49 0.502734 0.500575 0.994531 0.904598
46 0.502734 0.500575 0.994531 0.904598
47 0.512109 0.493678 0.975781 0.898851
100 0.507812 0.502299 0.984375 0.931035
50 0.502734 0.500575 0.994531 0.904598
48 0.507812 0.502299 0.984375 0.931035
99 0.510156 0.50546 0.979688 0.920115
73 0.507812 0.502299 0.984375 0.931035
51 0.507812 0.502299 0.984375 0.931035
49 0.502344 0.500575 0.995313 0.904598
46 0.502344 0.500575 0.995313 0.904598
47 0.512109 0.493391 0.975781 0.898276
100 0.507812 0.502299 0.984375 0.929885
50 0.502344 0.500575 0.995313 0.904598
48 0.507812 0.502299 0.984375 0.929885
99 0.507812 0.502299 0.984375 0.929885
73 0.507812 0.502299 0.984375 0.929885
49 0.502344 0.5 0.995313 0.904598
46 0.502344 0.5 0.995313 0.904598
47 0.512109 0.493678 0.975781 0.897701
100 0.507812 0.502011 0.984375 0.92931
50 0.502344 0.5 0.995313 0.904598
48 0.507812 0.502011 0.984375 0.92931
99 0.507812 0.502011 0.984375 0.92931
73 0.507812 0.502011 0.984375 0.92931
49 0.502734 0.499425 0.994531 0.904598
46 0.502734 0.499425 0.994531 0.904598
47 0.512109 0.493678 0.975781 0.897701
100 0.507812 0.502299 0.984375 0.928736
48 0.507812 0.502299 0.984375 0.928736
50 0.502734 0.499425 0.994531 0.904598
99 0.507812 0.502299 0.984375 0.928736
73 0.507812 0.502299 0.984375 0.928736
51 0.507812 0.502299 0.984375 0.928736
49 0.502344 0.499425 0.995313 0.904598
46 0.502344 0.499425 0.995313 0.904598
47 0.512109 0.493678 0.975781 0.897701
48 0.507812 0.502299 0.984375 0.928736
100 0.507812 0.502299 0.984375 0.928736
50 0.502344 0.499425 0.995313 0.904598
99 0.507812 0.502299 0.984375 0.928736
73 0.507812 0.502299 0.984375 0.928736
51 0.507812 0.502299 0.984375 0.928736
49 0.502344 0.499425 0.995313 0.904598
46 0.502344 0.499425 0.995313 0.904598
47 0.512109 0.493678 0.975781 0.897701
100 0.507812 0.502299 0.984375 0.928736
48 0.507812 0.502299 0.984375 0.928736
50 0.502344 0.499425 0.995313 0.904598
99 0.507812 0.502299 0.984375 0.928736
73 0.507812 0.502299 0.984375 0.928736
51 0.507812 0.502299 0.984375 0.928736
48 0.151953 0.0746408 0.303906 0.149282
49 0.502344 0.499425 0.995313 0.904598
46 0.502344 0.499425 0.995313 0.904598
47 0.512109 0.493966 0.975781 0.897126
50 0.502344 0.499425 0.995313 0.904598
100 0.507812 0.501724 0.984375 0.927586
48 0.507812 0.501724 0.984375 0.927586
99 0.507812 0.501724 0.984375 0.927586
73 0.507812 0.501724 0.984375 0.927586
51 0.507812 0.501724 0.984375 0.927586
48 0.152734 0.074569 0.305469 0.149138
49 0.502344 0.498851 0.995313 0.904598
46 0.502344 0.498851 0.995313 0.904598
47 0.512109 0.493966 0.975781 0.897126
50 0.502344 0.498851 0.995313 0.904598
100 0.507812 0.501149 0.984375 0.927586
48 0.507812 0.501149 0.984375 0.927586
99 0.507812 0.501149 0.984375 0.927586
73 0.507812 0.501149 0.984375 0.927586
48 0.152539 0.074569 0.305078 0.149138
51 0.507812 0.501149 0.984375 0.927586
49 0.502344 0.498276 0.995313 0.904598
46 0.502344 0.498276 0.995313 0.904598
47 0.512109 0.493966 0.975781 0.897126
50 0.502344 0.498276 0.995313 0.904598
100 0.507812 0.501149 0.984375 0.926437
48 0.507812 0.501149 0.984375 0.926437
99 0.507812 0.501149 0.984375 0.926437
73 0.507812 0.501149 0.984375 0.926437
48 0.152539 0.0747126 0.305078 0.149425
51 0.507812 0.501149 0.984375 0.926437
49 0.502344 0.498563 0.995313 0.904023
46 0.502344 0.498563 0.995313 0.904023
47 0.512109 0.494253 0.975781 0.896552
50 0.502344 0.498563 0.995313 0.904023
48 0.507812 0.501149 0.984375 0.926437
100 0.502344 0.498563 0.995313 0.904023
99 0.507812 0.501149 0.984375 0.926437
73 0.507812 0.501149 0.984375 0.926437
48 0.153027 0.0747126 0.306055 0.149425
51 0.507812 0.501149 0.984375 0.926437
49 0.502344 0.498851 0.995313 0.903448
46 0.502344 0.498851 0.995313 0.903448
47 0.5125 0.494253 0.975 0.896552
50 0.502344 0.498851 0.995313 0.903448
48 0.507812 0.501149 0.984375 0.926437
100 0.502344 0.498851 0.995313 0.903448
99 0.507812 0.501149 0.984375 0.926437
73 0.507812 0.501149 0.984375 0.926437
48 0.151855 0.0743534 0.303711 0.148707
51 0.507812 0.501149 0.984375 0.926437
49 0.502344 0.498851 0.995313 0.903448
46 0.502344 0.498851 0.995313 0.903448
47 0.5125 0.494253 0.975 0.896552
50 0.502344 0.498851 0.995313 0.903448
48 0.508203 0.501149 0.983594 0.926437
100 0.502344 0.498851 0.995313 0.903448
99 0.508203 0.501149 0.983594 0.926437
73 0.508203 0.501149 0.983594 0.926437
48 0.149805 0.0737069 0.299609 0.147414
51 0.508203 0.501149 0.983594 0.926437
49 0.502344 0.498276 0.995313 0.903448
46 0.502344 0.498276 0.995313 0.903448
47 0.5125 0.49454 0.975 0.895977
50 0.502344 0.498276 0.995313 0.903448
48 0.508203 0.500575 0.983594 0.925287
100 0.502344 0.498276 0.995313 0.903448
99 0.508203 0.500575 0.983594 0.925287
73 0.508203 0.500575 0.983594 0.925287
48 0.149023 0.0731322 0.298047 0.146264
51 0.508203 0.500575 0.983594 0.925287
49 0.501953 0.498276 0.996094 0.903448
46 0.501953 0.498276 0.996094 0.903448
47 0.5125 0.494828 0.975 0.895402
50 0.501953 0.498276 0.996094 0.903448
48 0.508203 0.500575 0.983594 0.925287
100 0.501953 0.498276 0.996094 0.903448
99 0.508203 0.500575 0.983594 0.925287
73 0.508203 0.500575 0.983594 0.925287
48 0.147656 0.0721264 0.295312 0.144253
51 0.508203 0.500575 0.983594 0.925287
49 0.501953 0.498276 0.996094 0.904598
46 0.501953 0.498276 0.996094 0.904598
47 0.5125 0.494828 0.975 0.895402
50 0.501953 0.498276 0.996094 0.904598
48 0.508203 0.500575 0.983594 0.925287
100 0.501953 0.498276 0.996094 0.904598
99 0.508203 0.500575 0.983594 0.925287
73 0.508203 0.500575 0.983594 0.925287
48 0.147754 0.0714799 0.295508 0.14296
51 0.508203 0.500575 0.983594 0.925287
49 0.502344 0.498276 0.995313 0.904598
46 0.502344 0.498276 0.995313 0.904598
47 0.5125 0.494828 0.975 0.895402
50 0.502344 0.498276 0.995313 0.904598
48 0.508203 0.500575 0.983594 0.926437
100 0.502344 0.498276 0.995313 0.904598
99 0.508203 0.500575 0.983594 0.926437
73 0.508203 0.500575 0.983594 0.926437
48 0.14834 0.0711925 0.29668 0.142385
51 0.508203 0.500575 0.983594 0.926437
49 0.502344 0.498276 0.995313 0.904598
46 0.502344 0.498276 0.995313 0.904598
47 0.5125 0.494828 0.975 0.895402
50 0.502344 0.498276 0.995313 0.904598
48 0.508203 0.500575 0.983594 0.925287
100 0.502344 0.498276 0.995313 0.904598
99 0.508203 0.500575 0.983594 0.925287
73 0.508203 0.500575 0.983594 0.925287
48 0.148535 0.0706178 0.29707 0.141236
51 0.508203 0.500575 0.983594 0.925287
49 0.502344 0.498276 0.995313 0.904598
46 0.502344 0.498276 0.995313 0.904598
47 0.5125 0.494828 0.975 0.895402
50 0.502344 0.498276 0.995313 0.904598
100 0.502344 0.498276 0.995313 0.904598
48 0.508203 0.500575 0.983594 0.926437
99 0.508203 0.500575 0.983594 0.926437
73 0.508203 0.500575 0.983594 0.926437
48 0.148438 0.0701149 0.296875 0.14023
51 0.508203 0.500575 0.983594 0.926437
49 0.502344 0.498276 0.995313 0.904598
46 0.502344 0.498276 0.995313 0.904598
47 0.5125 0.494828 0.975 0.895402
50 0.502344 0.498276 0.995313 0.904598
100 0.502344 0.498276 0.995313 0.904598
48 0.508203 0.500287 0.983594 0.925862
99 0.508203 0.500287 0.983594 0.925862
73 0.508203 0.500287 0.983594 0.925862
48 0.148438 0.0695402 0.296875 0.13908
51 0.508203 0.500287 0.983594 0.925862
49 0.502344 0.497989 0.995313 0.905173
46 0.502344 0.497989 0.995313 0.905173
47 0.5125 0.494828 0.975 0.895402
50 0.502344 0.497989 0.995313 0.905173
100 0.502344 0.497989 0.995313 0.905173
48 0.507812 0.5 0.984375 0.926437
99 0.507812 0.5 0.984375 0.926437
73 0.507812 0.5 0.984375 0.926437
48 0.147949 0.0691092 0.295898 0.138218
51 0.507812 0.5 0.984375 0.926437
49 0.502344 0.498276 0.995313 0.904598
46 0.502344 0.498276 0.995313 0.904598
47 0.511328 0.497126 0.977344 0.895402
50 0.502344 0.498276 0.995313 0.904598
100 0.502344 0.498276 0.995313 0.904598
48 0.507812 0.5 0.984375 0.926437
99 0.507812 0.5 0.984375 0.926437
73 0.507812 0.5 0.984375 0.926437
48 0.14707 0.0685345 0.294141 0.137069
51 0.507812 0.5 0.984375 0.926437
49 0.502344 0.497989 0.995313 0.905173
46 0.502344 0.497989 0.995313 0.905173
47 0.511719 0.496839 0.976562 0.894828
50 0.502344 0.497989 0.995313 0.905173
100 0.502344 0.497989 0.995313 0.905173
48 0.507812 0.5 0.984375 0.926437
99 0.507812 0.5 0.984375 0.926437
73 0.507812 0.5 0.984375 0.926437
48 0.146289 0.0680316 0.292578 0.136063
51 0.507812 0.5 0.984375 0.926437
49 0.502344 0.497989 0.995313 0.905173
46 0.502344 0.497989 0.995313 0.905173
47 0.5125 0.495115 0.975 0.894828
50 0.502344 0.497989 0.995313 0.905173
100 0.502344 0.497989 0.995313 0.905173
99 0.507812 0.5 0.984375 0.926437
48 0.507812 0.5 0.984375 0.926437
73 0.507812 0.5 0.984375 0.926437
48 0.145801 0.0677443 0.291602 0.135489
51 0.507812 0.5 0.984375 0.926437
111 0.502344 0.497989 0.995313 0.905173
49 0.502344 0.498276 0.995313 0.904598
46 0.502344 0.498276 0.995313 0.904598
47 0.5125 0.495115 0.975 0.894828
50 0.502344 0.498276 0.995313 0.904598
100 0.502344 0.498276 0.995313 0.904598
99 0.508203 0.5 0.983594 0.926437
48 0.508203 0.5 0.983594 0.926437
73 0.508203 0.5 0.983594 0.926437
48 0.145313 0.0673132 0.290625 0.134626
51 0.508203 0.5 0.983594 0.926437
111 0.502344 0.498276 0.995313 0.904598
49 0.502344 0.497989 0.995313 0.905173
46 0.502344 0.497989 0.995313 0.905173
47 0.5125 0.495115 0.975 0.894828
50 0.502344 0.497989 0.995313 0.905173
100 0.502344 0.497989 0.995313 0.905173
99 0.508203 0.5 0.983594 0.926437
48 0.508203 0.5 0.983594 0.926437
73 0.508203 0.5 0.983594 0.926437
48 0.144336 0.0666667 0.288672 0.133333
111 0.502344 0.497989 0.995313 0.905173
51 0.508203 0.5 0.983594 0.926437
49 0.502344 0.498276 0.995313 0.904598
46 0.502344 0.498276 0.995313 0.904598
47 0.5125 0.495402 0.975 0.894253
50 0.502344 0.498276 0.995313 0.904598
100 0.502344 0.498276 0.995313 0.904598
99 0.508203 0.5 0.983594 0.926437
48 0.508203 0.5 0.983594 0.926437
73 0.508203 0.5 0.983594 0.926437
111 0.502344 0.498276 0.995313 0.904598
48 0.142383 0.0658046 0.284766 0.131609
51 0.508203 0.5 0.983594 0.926437
49 0.502344 0.498276 0.995313 0.904598
46 0.502344 0.498276 0.995313 0.904598
47 0.512891 0.495402 0.974219 0.894253
50 0.502344 0.498276 0.995313 0.904598
100 0.502344 0.498276 0.995313 0.904598
99 0.508203 0.499425 0.983594 0.926437
48 0.508203 0.499425 0.983594 0.926437
73 0.508203 0.499425 0.983594 0.926437
111 0.502344 0.498276 0.995313 0.904598
51 0.508203 0.499425 0.983594 0.926437
48 0.140723 0.0652299 0.281445 0.13046
49 0.502344 0.498276 0.995313 0.904598
46 0.502344 0.498276 0.995313 0.904598
47 0.512891 0.495402 0.974219 0.894253
50 0.502344 0.498276 0.995313 0.904598
100 0.502344 0.498276 0.995313 0.904598
99 0.508594 0.499425 0.982813 0.926437
48 0.508594 0.499425 0.982813 0.926437
73 0.508594 0.499425 0.982813 0.926437
111 0.502344 0.498276 0.995313 0.904598
48 0.140234 0.0649425 0.280469 0.129885
51 0.508594 0.499425 0.982813 0.926437
46 0.502344 0.498276 0.995313 0.904598
49 0.502344 0.498276 0.995313 0.904598
47 0.512891 0.49569 0.974219 0.893678
50 0.502344 0.498276 0.995313 0.904598
99 0.508594 0.499138 0.982813 0.925862
100 0.502344 0.498276 0.995313 0.904598
48 0.508594 0.499138 0.982813 0.925862
73 0.508594 0.499138 0.982813 0.925862
111 0.502344 0.498276 0.995313 0.904598
48 0.138965 0.0646552 0.27793 0.12931
51 0.508594 0.499138 0.982813 0.925862
46 0.502344 0.498276 0.995313 0.904598
49 0.502344 0.498276 0.995313 0.904598
47 0.512891 0.49569 0.974219 0.893678
50 0.502344 0.498276 0.995313 0.904598
99 0.508594 0.499138 0.982813 0.925862
100 0.502344 0.498276 0.995313 0.904598
48 0.508594 0.499138 0.982813 0.925862
73 0.508594 0.499138 0.982813 0.925862
111 0.502344 0.498276 0.995313 0.904598
48 0.137109 0.0642241 0.274219 0.128448
51 0.508594 0.499138 0.982813 0.925862
46 0.502344 0.498276 0.995313 0.904598
49 0.502344 0.498276 0.995313 0.904598
47 0.512891 0.495977 0.974219 0.894253
50 0.502344 0.498276 0.995313 0.904598
99 0.508203 0.499138 0.983594 0.925862
100 0.502344 0.498276 0.995313 0.904598
48 0.508203 0.499138 0.983594 0.925862
73 0.508203 0.499138 0.983594 0.925862
111 0.502344 0.498276 0.995313 0.904598
48 0.134766 0.0637931 0.269531 0.127586
51 0.508203 0.499138 0.983594 0.925862
46 0.502344 0.498276 0.995313 0.905747
49 0.502344 0.498276 0.995313 0.905747
47 0.511719 0.497126 0.976562 0.895402
50 0.502344 0.498276 0.995313 0.905747
99 0.508203 0.499425 0.983594 0.926437
100 0.502344 0.498276 0.995313 0.905747
48 0.508203 0.499425 0.983594 0.926437
73 0.508203 0.499425 0.983594 0.926437
111 0.502344 0.498276 0.995313 0.905747
48 0.132617 0.0635057 0.265234 0.127011
51 0.508203 0.499425 0.983594 0.926437
46 0.502344 0.498276 0.995313 0.905747
49 0.502344 0.498276 0.995313 0.905747
47 0.511719 0.497126 0.976562 0.895402
50 0.502344 0.498276 0.995313 0.905747
99 0.508203 0.499425 0.983594 0.927586
100 0.502344 0.498276 0.995313 0.905747
48 0.508203 0.499425 0.983594 0.927586
73 0.508203 0.499425 0.983594 0.927586
111 0.502344 0.498276 0.995313 0.905747
48 0.130957 0.0632902 0.261914 0.12658
46 0.502344 0.498276 0.995313 0.905747
49 0.502344 0.498276 0.995313 0.905747
47 0.511719 0.497126 0.976562 0.895402
50 0.502344 0.498276 0.995313 0.905747
99 0.508203 0.499425 0.983594 0.926437
100 0.502344 0.498276 0.995313 0.905747
48 0.508203 0.499425 0.983594 0.926437
73 0.508203 0.499425 0.983594 0.926437
48 0.129785 0.0630747 0.25957 0.126149
111 0.502344 0.498276 0.995313 0.905747
46 0.502344 0.498276 0.995313 0.904598
49 0.502344 0.498276 0.995313 0.904598
47 0.511719 0.497126 0.976562 0.895402
50 0.502344 0.498276 0.995313 0.904598
99 0.508203 0.498851 0.983594 0.926437
100 0.502344 0.498276 0.995313 0.904598
48 0.508203 0.498851 0.983594 0.926437
73 0.508203 0.498851 0.983594 0.926437
111 0.502344 0.498276 0.995313 0.904598
48 0.128613 0.0630747 0.257227 0.126149
46 0.502344 0.498276 0.995313 0.904598
49 0.502344 0.498276 0.995313 0.904598
47 0.511719 0.497126 0.976562 0.895402
50 0.502344 0.498276 0.995313 0.904598
99 0.508594 0.498851 0.982813 0.926437
100 0.502344 0.498276 0.995313 0.904598
48 0.508594 0.498851 0.982813 0.926437
73 0.508594 0.498851 0.982813 0.926437
48 0.128125 0.0632184 0.25625 0.126437
111 0.502344 0.498276 0.995313 0.904598
46 0.502344 0.498276 0.995313 0.904598
49 0.502344 0.498276 0.995313 0.904598
47 0.511719 0.497126 0.976562 0.895402
50 0.502344 0.498276 0.995313 0.904598
99 0.508594 0.498851 0.982813 0.926437
100 0.502344 0.498276 0.995313 0.904598
48 0.508594 0.498851 0.982813 0.926437
73 0.508594 0.498851 0.982813 0.926437
48 0.127344 0.0630029 0.254688 0.126006
111 0.502344 0.498276 0.995313 0.904598
46 0.502344 0.498276 0.995313 0.904598
49 0.502344 0.498276 0.995313 0.904598
47 0.511719 0.496839 0.976562 0.895977
50 0.502344 0.498276 0.995313 0.904598
99 0.508594 0.498851 0.982813 0.926437
100 0.502344 0.498276 0.995313 0.904598
48 0.508594 0.498851 0.982813 0.926437
73 0.508594 0.498851 0.982813 0.926437
48 0.127051 0.0627874 0.254102 0.125575
111 0.502344 0.498276 0.995313 0.904598
46 0.502344 0.497989 0.995313 0.905173
49 0.502344 0.497989 0.995313 0.905173
47 0.511719 0.496839 0.976562 0.895977
50 0.502344 0.497989 0.995313 0.905173
99 0.508594 0.498851 0.982813 0.926437
100 0.502344 0.497989 0.995313 0.905173
48 0.508594 0.498851 0.982813 0.926437
73 0.508594 0.498851 0.982813 0.926437
48 0.126465 0.0626437 0.25293 0.125287
111 0.502344 0.497989 0.995313 0.905173
46 0.502344 0.498276 0.995313 0.904598
49 0.502344 0.498276 0.995313 0.904598
47 0.511719 0.496839 0.976562 0.895977
50 0.502344 0.498276 0.995313 0.904598
99 0.508594 0.498851 0.982813 0.926437
100 0.502344 0.498276 0.995313 0.904598
48 0.508594 0.498851 0.982813 0.926437
73 0.508594 0.498851 0.982813 0.926437
48 0.125977 0.0625 0.251953 0.125
111 0.502344 0.498276 0.995313 0.904598
46 0.502344 0.498276 0.995313 0.904598
49 0.502344 0.498276 0.995313 0.904598
47 0.511719 0.496552 0.976562 0.896552
50 0.502344 0.498276 0.995313 0.904598
99 0.508594 0.499138 0.982813 0.927011
100 0.502344 0.498276 0.995313 0.904598
48 0.508594 0.499138 0.982813 0.927011
73 0.508594 0.499138 0.982813 0.927011
48 0.124902 0.0621408 0.249805 0.124282
111 0.502344 0.498276 0.995313 0.904598
46 0.502344 0.498276 0.995313 0.904598
49 0.502344 0.498276 0.995313 0.904598
47 0.511719 0.496839 0.976562 0.895977
50 0.502344 0.498276 0.995313 0.904598
99 0.508594 0.499425 0.982813 0.927586
100 0.502344 0.498276 0.995313 0.904598
48 0.508594 0.499425 0.982813 0.927586
73 0.508594 0.499425 0.982813 0.927586
48 0.124414 0.0619253 0.248828 0.123851
111 0.502344 0.498276 0.995313 0.904598
46 0.502344 0.498563 0.995313 0.905172
49 0.502344 0.498563 0.995313 0.905172
47 0.512109 0.496839 0.975781 0.895977
50 0.502344 0.498563 0.995313 0.905172
99 0.508984 0.499425 0.982031 0.927586
100 0.502344 0.498563 0.995313 0.905172
48 0.508984 0.499425 0.982031 0.927586
73 0.508984 0.499425 0.982031 0.927586
48 0.123535 0.0616379 0.24707 0.123276
111 0.502344 0.498563 0.995313 0.905172
46 0.502734 0.498851 0.994531 0.904598
49 0.502734 0.498851 0.994531 0.904598
47 0.512109 0.496839 0.975781 0.895977
50 0.502734 0.498851 0.994531 0.904598
99 0.509375 0.499425 0.98125 0.927586
100 0.502734 0.498851 0.994531 0.904598
48 0.509375 0.499425 0.98125 0.927586
73 0.509375 0.499425 0.98125 0.927586
48 0.123145 0.0614943 0.246289 0.122989
111 0.502734 0.498851 0.994531 0.904598
46 0.502734 0.498851 0.994531 0.904598
49 0.502734 0.498851 0.994531 0.904598
47 0.512109 0.496552 0.975781 0.896552
50 0.502734 0.498851 0.994531 0.904598
99 0.509375 0.499425 0.98125 0.927586
48 0.509375 0.499425 0.98125 0.927586
100 0.502734 0.498851 0.994531 0.904598
73 0.509375 0.499425 0.98125 0.927586
48 0.122363 0.0613506 0.244727 0.122701
111 0.502734 0.498851 0.994531 0.904598
46 0.502734 0.498851 0.994531 0.903448
49 0.502734 0.498851 0.994531 0.903448
47 0.512109 0.496552 0.975781 0.896552
50 0.502734 0.498851 0.994531 0.903448
99 0.509375 0.499425 0.98125 0.927586
48 0.509375 0.499425 0.98125 0.927586
100 0.502734 0.498851 0.994531 0.903448
73 0.509375 0.499425 0.98125 0.927586
48 0.121973 0.0612787 0.243945 0.122557
111 0.502734 0.498851 0.994531 0.903448
