48 0.503292 0.485478 0.978514 0.628132
49 0.502122 0.496583 0.982413 0.633257
79 0.502122 0.496583 0.982413 0.633257
68 0.502122 0.496583 0.982413 0.633257
53 0.502122 0.496583 0.982413 0.633257
54 0.502122 0.496583 0.982413 0.633257
46 0.502122 0.496583 0.982413 0.633257
104 0.502122 0.496583 0.982413 0.633257
74 0.502122 0.496583 0.982413 0.633257
56 0.490427 0.503986 0.971497 0.630979
111 0.502122 0.496583 0.982413 0.633257
17 0.502122 0.496583 0.982413 0.633257
95 0.490427 0.503986 0.971497 0.630979
84 0.502122 0.496583 0.982413 0.633257
50 0.502122 0.496583 0.982413 0.633257
101 0.502122 0.496583 0.982413 0.633257
103 0.502122 0.496583 0.982413 0.633257
109 0.490427 0.503986 0.971497 0.630979
67 0.502122 0.496583 0.982413 0.633257
110 0.490427 0.503986 0.971497 0.630979
105 0.50719 0.490319 0.969158 0.630979
75 0.503292 0.485478 0.978514 0.628132
76 0.490427 0.503986 0.971497 0.630979
42 0.502122 0.496583 0.982413 0.633257
81 0.498614 0.494305 0.986311 0.627563
97 0.498614 0.494305 0.986311 0.627563
73 0.502122 0.496583 0.982413 0.633257
77 0.490037 0.50541 0.966039 0.633827
78 0.502122 0.496583 0.982413 0.633257
47 0.505631 0.487472 0.967599 0.632118
33 0.502122 0.496583 0.982413 0.633257
66 0.493156 0.507973 0.975396 0.633257
14 0.493156 0.507973 0.975396 0.633257
34 0.502122 0.500569 0.982413 0.635535
100 0.490427 0.503986 0.971497 0.630979
0 0.490427 0.503986 0.971497 0.630979
16 0.498614 0.494305 0.986311 0.627563
80 0.502122 0.496583 0.982413 0.633257
102 0.503292 0.485478 0.978514 0.628132
51 0.490427 0.503986 0.971497 0.630979
11 0.490427 0.503986 0.971497 0.630979
108 0.502122 0.496583 0.982413 0.633257
41 0.491986 0.506834 0.977735 0.635535
31 0.498614 0.494305 0.986311 0.627563
12 0.490037 0.50541 0.966039 0.633827
38 0.502122 0.500569 0.982413 0.635535
21 0.490427 0.503986 0.971497 0.630979
5 0.502122 0.496583 0.982413 0.633257
15 0.502122 0.496583 0.982413 0.633257
99 0.498614 0.494305 0.986311 0.627563
28 0.490037 0.50541 0.966039 0.633827
72 0.502122 0.496583 0.982413 0.633257
4 0.489647 0.507403 0.974616 0.613895
48 0.672972 0.463838 0.645391 0.591686
13 0.493156 0.507973 0.975396 0.633257
9 0.452222 0.507403 0.899765 0.632118
7 0.493156 0.507973 0.975396 0.633257
6 0.490427 0.503986 0.971497 0.630979
65 0.504461 0.48918 0.977735 0.625285
52 0.502122 0.500569 0.982413 0.635535
19 0.491986 0.506834 0.977735 0.635535
55 0.502122 0.496583 0.982413 0.633257
71 0.491986 0.506834 0.977735 0.635535
94 0.502122 0.489749 0.979294 0.620729
88 0.504461 0.48918 0.977735 0.625285
36 0.504461 0.48918 0.977735 0.625285
111 0.494715 0.496014 0.961361 0.634396
56 0.494715 0.496014 0.961361 0.634396
78 0.492766 0.457289 0.9637 0.664009
104 0.494715 0.496014 0.961361 0.634396
81 0.492766 0.457289 0.9637 0.664009
54 0.491206 0.502278 0.979294 0.635535
80 0.492766 0.457289 0.9637 0.664009
48 0.491206 0.502278 0.979294 0.635535
108 0.492766 0.457289 0.9637 0.664009
95 0.494715 0.496014 0.961361 0.634396
105 0.494715 0.496014 0.961361 0.634396
109 0.494715 0.496014 0.961361 0.634396
103 0.494715 0.496014 0.961361 0.634396
46 0.491206 0.502278 0.979294 0.635535
79 0.492766 0.457289 0.9637 0.664009
66 0.492766 0.457289 0.9637 0.664009
75 0.494715 0.496014 0.961361 0.634396
74 0.491206 0.502278 0.979294 0.635535
68 0.494715 0.496014 0.961361 0.634396
84 0.487308 0.458998 0.971497 0.642369
110 0.494715 0.496014 0.961361 0.634396
99 0.494715 0.496014 0.961361 0.634396
53 0.491206 0.502278 0.979294 0.635535
52 0.491206 0.502278 0.979294 0.635535
101 0.494715 0.496014 0.961361 0.634396
67 0.494715 0.496014 0.961361 0.634396
104 0.48107 0.356492 0.959022 0.712984
56 0.48107 0.356492 0.959022 0.712984
102 0.491206 0.502278 0.979294 0.635535
33 0.492766 0.457289 0.9637 0.664009
111 0.48107 0.356492 0.959022 0.712984
54 0.48107 0.356492 0.959022 0.712984
47 0.491206 0.502278 0.979294 0.635535
17 0.487308 0.458998 0.971497 0.642369
73 0.494715 0.496014 0.961361 0.634396
74 0.489647 0.373007 0.957463 0.720957
41 0.494715 0.496014 0.961361 0.634396
109 0.48107 0.356492 0.959022 0.712984
48 0.48107 0.356492 0.959022 0.712984
77 0.491206 0.502278 0.979294 0.635535
75 0.489647 0.373007 0.957463 0.720957
76 0.494715 0.496014 0.961361 0.634396
42 0.494715 0.496014 0.961361 0.634396
103 0.48107 0.356492 0.959022 0.712984
105 0.48107 0.356492 0.959022 0.712984
95 0.48107 0.356492 0.959022 0.712984
50 0.484969 0.433371 0.9637 0.609339
97 0.494715 0.496014 0.961361 0.634396
46 0.48107 0.356492 0.959022 0.712984
110 0.48107 0.356492 0.959022 0.712984
53 0.48107 0.356492 0.959022 0.712984
68 0.48107 0.356492 0.959022 0.712984
100 0.494715 0.496014 0.961361 0.634396
108 0.501342 0.5 0.987091 1
52 0.489647 0.373007 0.957463 0.720957
78 0.489257 0.499715 0.955124 0.99943
99 0.48107 0.356492 0.959022 0.712984
47 0.48107 0.356492 0.959022 0.712984
42 0.48107 0.356492 0.959022 0.712984
111 0.503292 0.850228 0.976955 0.299544
73 0.48107 0.356492 0.959022 0.712984
49 0.484969 0.433371 0.9637 0.609339
48 0.503292 0.850228 0.976955 0.299544
108 0.449103 0.347665 0.88885 0.683941
67 0.48107 0.356492 0.959022 0.712984
77 0.48107 0.356492 0.959022 0.712984
50 0.503292 0.850228 0.976955 0.299544
80 0.489257 0.499715 0.955124 0.99943
104 0.480681 0.5 0.956683 1
41 0.48107 0.356492 0.959022 0.712984
81 0.480681 0.5 0.956683 1
78 0.449103 0.347665 0.88885 0.683941
66 0.480681 0.5 0.956683 1
101 0.48107 0.356492 0.959022 0.712984
111 0.480681 0.5 0.956683 1
51 0.494715 0.496014 0.961361 0.634396
68 0.503292 0.850228 0.976955 0.299544
50 0.50758 0.540433 0.969938 0.563781
80 0.449103 0.347665 0.88885 0.683941
108 0.349497 0.459567 0.68574 0.640091
76 0.48107 0.356492 0.959022 0.712984
100 0.48107 0.356492 0.959022 0.712984
46 0.480681 0.5 0.956683 1
33 0.501342 0.5 0.987091 1
46 0.500563 0.866743 0.983972 0.266515
48 0.295893 0.885535 0.591787 0.228929
102 0.48107 0.356492 0.959022 0.712984
79 0.480681 0.5 0.956683 1
74 0.480681 0.5 0.956683 1
56 0.480681 0.5 0.956683 1
54 0.480681 0.5 0.956683 1
31 0.494715 0.496014 0.961361 0.634396
78 0.349497 0.459567 0.68574 0.640091
108 0.499003 0.486048 0.998007 0.669134
81 0.499003 0.486048 0.998007 0.669134
78 0.498614 0.468964 0.997227 0.773918
79 0.499003 0.486048 0.998007 0.669134
104 0.499003 0.486048 0.998007 0.669134
105 0.497444 0.482916 0.994888 0.652619
56 0.497444 0.482916 0.994888 0.652619
80 0.499003 0.486048 0.998007 0.669134
78 0.498224 0.285877 0.996447 0.571754
108 0.500563 0.367882 0.991769 0.735763
52 0.499003 0.486048 0.998007 0.669134
53 0.497444 0.482916 0.994888 0.652619
95 0.497444 0.482916 0.994888 0.652619
81 0.484189 0.583713 0.968378 0.515945
84 0.499003 0.486048 0.998007 0.669134
78 0.498224 0.585421 0.996447 0.517084
74 0.499003 0.486048 0.998007 0.669134
104 0.501342 0.569618 0.987091 0.473519
108 0.484189 0.583713 0.968378 0.515945
79 0.484189 0.583713 0.968378 0.515945
81 0.500563 0.367882 0.991769 0.735763
17 0.499003 0.486048 0.998007 0.669134
105 0.498224 0.585421 0.996447 0.517084
81 0.335853 0.537016 0.671705 0.720957
104 0.500563 0.367882 0.991769 0.735763
54 0.497444 0.482916 0.994888 0.652619
79 0.500563 0.367882 0.991769 0.735763
108 0.635839 0.475797 0.716538 0.626993
68 0.499003 0.486048 0.998007 0.669134
66 0.490427 0.505695 0.977735 0.654897
78 0.392185 0.523918 0.784371 0.699317
33 0.499003 0.486048 0.998007 0.669134
111 0.497444 0.482916 0.994888 0.652619
81 0.635839 0.475797 0.716538 0.626993
48 0.497444 0.482916 0.994888 0.652619
108 0.335853 0.537016 0.671705 0.720957
95 0.484189 0.583713 0.968378 0.515945
104 0.635839 0.475797 0.716538 0.626993
78 0.587888 0.479499 0.813999 0.625285
81 0.763319 0.482916 0.464697 0.626424
108 0.778913 0.471526 0.433509 0.61959
75 0.497444 0.482916 0.994888 0.652619
78 0.778913 0.471526 0.433509 0.61959
104 0.335853 0.537016 0.671705 0.720957
56 0.484189 0.583713 0.968378 0.515945
108 0.509919 0.257261 0.976175 0.514522
104 0.763319 0.482916 0.464697 0.626424
105 0.500563 0.367882 0.991769 0.735763
80 0.498224 0.285877 0.996447 0.571754
105 0.575413 0.521071 0.83739 0.531891
109 0.497444 0.496014 0.994888 0.673121
16 0.498614 0.468964 0.997227 0.773918
79 0.575413 0.521071 0.83739 0.531891
105 0.335853 0.537016 0.671705 0.720957
80 0.484189 0.583713 0.968378 0.515945
79 0.335853 0.537016 0.671705 0.720957
103 0.499003 0.486048 0.998007 0.669134
81 0.509919 0.257261 0.976175 0.514522
10 0.497444 0.47836 0.994888 0.724374
84 0.484189 0.583713 0.968378 0.515945
53 0.498224 0.585421 0.996447 0.517084
74 0.484189 0.583713 0.968378 0.515945
41 0.497444 0.482916 0.994888 0.652619
14 0.498614 0.468964 0.997227 0.773918
52 0.484189 0.583713 0.968378 0.515945
74 0.500563 0.367882 0.991769 0.735763
56 0.508577 0.366173 0.982847 0.732346
67 0.497444 0.482916 0.994888 0.652619
101 0.497444 0.496014 0.994888 0.673121
68 0.501342 0.569618 0.987091 0.473519
105 0.763319 0.482916 0.464697 0.626424
52 0.500563 0.367882 0.991769 0.735763
79 0.778913 0.471526 0.433509 0.61959
108 0.53331 0.305239 0.920038 0.359909
104 0.509919 0.257261 0.976175 0.514522
2 0.497444 0.47836 0.994888 0.724374
56 0.575413 0.521071 0.83739 0.531891
21 0.499003 0.486048 0.998007 0.669134
79 0.509919 0.257261 0.976175 0.514522
81 0.597245 0.56549 0.792168 0.436219
104 0.500173 0.711276 0.992549 0.577449
56 0.500173 0.711276 0.992549 0.577449
53 0.500173 0.711276 0.992549 0.577449
78 0.53331 0.305239 0.920038 0.359909
56 0.763319 0.482916 0.464697 0.626424
95 0.509356 0.324032 0.981287 0.648064
9 0.500173 0.495729 0.992549 0.632688
109 0.501342 0.569618 0.987091 0.473519
108 0.505631 0.0957432 0.981633 0.191486
78 0.501342 0.439635 0.991769 0.68451
78 0.493156 0.308656 0.962921 0.617312
79 0.501342 0.470957 0.993329 0.6959
104 0.501342 0.470957 0.993329 0.6959
74 0.501342 0.439635 0.991769 0.68451
108 0.501342 0.439635 0.991769 0.68451
105 0.501342 0.472096 0.991769 0.685649
78 0.505241 0.391515 0.980854 0.481207
81 0.501342 0.470957 0.993329 0.6959
74 0.493156 0.308656 0.962921 0.617312
108 0.493156 0.308656 0.962921 0.617312
78 0.496274 0.2043 0.980074 0.408599
79 0.493156 0.308656 0.962921 0.617312
66 0.50719 0.458428 0.983193 0.634396
80 0.50719 0.458428 0.983193 0.634396
108 0.505241 0.391515 0.980854 0.481207
21 0.501342 0.439635 0.991769 0.68451
74 0.505241 0.391515 0.980854 0.481207
33 0.501342 0.439635 0.991769 0.68451
104 0.493156 0.308656 0.962921 0.617312
66 0.493156 0.308656 0.962921 0.617312
21 0.493156 0.308656 0.962921 0.617312
74 0.496274 0.2043 0.980074 0.408599
108 0.496274 0.2043 0.980074 0.408599
52 0.502512 0.476651 0.987871 0.636674
81 0.493156 0.308656 0.962921 0.617312
79 0.505241 0.391515 0.980854 0.481207
79 0.496274 0.2043 0.980074 0.408599
33 0.493156 0.308656 0.962921 0.617312
42 0.50719 0.458428 0.983193 0.634396
10 0.501342 0.470957 0.993329 0.6959
78 0.500563 0.134681 0.976175 0.269362
105 0.494325 0.357631 0.98865 0.715262
95 0.501342 0.472096 0.991769 0.685649
32 0.501342 0.439635 0.991769 0.68451
104 0.505241 0.391515 0.980854 0.481207
104 0.496274 0.2043 0.980074 0.408599
108 0.501732 0.13639 0.980074 0.272779
81 0.505241 0.391515 0.980854 0.481207
75 0.505241 0.478929 0.985532 0.661731
66 0.496274 0.2043 0.980074 0.408599
52 0.494325 0.357631 0.98865 0.715262
81 0.496274 0.2043 0.980074 0.408599
80 0.493156 0.308656 0.962921 0.617312
17 0.501342 0.470957 0.993329 0.6959
32 0.502122 0.308087 0.985532 0.616173
14 0.501342 0.370729 0.99021 0.741458
42 0.493156 0.308656 0.962921 0.617312
10 0.493156 0.308656 0.962921 0.617312
104 0.661396 0.385251 0.677207 0.457289
74 0.501732 0.13639 0.980074 0.272779
53 0.502512 0.476651 0.987871 0.636674
78 0.661396 0.385251 0.677207 0.457289
2 0.501342 0.370729 0.99021 0.741458
21 0.496274 0.2043 0.980074 0.408599
41 0.50719 0.458428 0.983193 0.634396
50 0.50719 0.458428 0.983193 0.634396
78 0.501342 0.417426 0.987091 0.834852
78 0.496274 0.296697 0.96448 0.593394
104 0.504071 0.468109 0.983193 0.681093
81 0.504071 0.468109 0.983193 0.681093
79 0.504071 0.468109 0.983193 0.681093
105 0.504071 0.468109 0.983193 0.681093
108 0.502122 0.413155 0.993329 0.825171
78 0.540544 0.457289 0.918912 0.645786
79 0.500563 0.568337 0.93875 0.510251
108 0.496274 0.296697 0.96448 0.593394
78 0.375032 0.394932 0.742268 0.789863
66 0.499393 0.397494 0.976955 0.794989
81 0.500563 0.568337 0.93875 0.510251
78 0.358854 0.275626 0.709131 0.551253
104 0.547344 0.561503 0.882612 0.510251
79 0.496274 0.296697 0.96448 0.593394
81 0.616077 0.496298 0.767846 0.571184
105 0.616077 0.496298 0.767846 0.571184
105 0.547344 0.561503 0.882612 0.510251
78 0.499783 0.214408 0.99021 0.428815
104 0.616077 0.496298 0.767846 0.571184
78 0.500563 0.568337 0.93875 0.510251
108 0.574461 0.46213 0.851079 0.640661
79 0.616077 0.496298 0.767846 0.571184
74 0.499393 0.397494 0.976955 0.794989
50 0.502122 0.413155 0.993329 0.825171
66 0.468595 0.297836 0.927834 0.595672
81 0.50758 0.469818 0.974616 0.6959
104 0.50758 0.469818 0.974616 0.6959
105 0.504071 0.487756 0.975396 0.637244
78 0.509919 0.461276 0.973057 0.742597
79 0.50758 0.469818 0.974616 0.6959
78 0.499783 0.331435 0.959022 0.66287
104 0.499783 0.331435 0.959022 0.66287
81 0.499783 0.331435 0.959022 0.66287
108 0.509919 0.461276 0.973057 0.742597
56 0.512258 0.482916 0.962141 0.637813
105 0.48341 0.377278 0.960582 0.572323
81 0.70194 0.424188 0.596119 0.551395
108 0.499783 0.331435 0.959022 0.66287
105 0.626873 0.453872 0.742267 0.620729
104 0.70194 0.424188 0.596119 0.551395
95 0.498224 0.486048 0.971497 0.617882
81 0.698042 0.359339 0.603916 0.388383
81 0.511695 0.246725 0.976609 0.493451
104 0.511695 0.246725 0.976609 0.493451
81 0.633208 0.46697 0.726479 0.643508
104 0.698042 0.359339 0.603916 0.388383
78 0.509919 0.310364 0.977735 0.620729
81 0.388384 0.439635 0.776379 0.486333
79 0.499783 0.331435 0.959022 0.66287
105 0.511695 0.246725 0.976609 0.493451
104 0.388287 0.362472 0.776574 0.57574
104 0.509919 0.310364 0.977735 0.620729
105 0.698042 0.359339 0.603916 0.388383
103 0.512258 0.482916 0.962141 0.637813
104 0.633208 0.46697 0.726479 0.643508
81 0.509919 0.310364 0.977735 0.620729
105 0.388384 0.439635 0.776379 0.486333
81 0.514814 0.00815063 0.970372 0.0163013
105 0.514814 0.00815063 0.970372 0.0163013
81 0.262562 0.44654 0.520445 0.469106
95 0.511695 0.246725 0.976609 0.493451
104 0.514814 0.00815063 0.970372 0.0163013
81 0.510916 0.170273 0.978169 0.340547
81 0.494325 0.481207 0.974616 0.670843
105 0.506021 0.483485 0.959022 0.666287
104 0.495105 0.477221 0.974616 0.687927
79 0.495105 0.477221 0.974616 0.687927
80 0.509919 0.479784 0.971497 0.662301
108 0.495105 0.477221 0.974616 0.687927
48 0.509919 0.479784 0.971497 0.662301
81 0.619953 0.437927 0.74831 0.72779
103 0.505631 0.458143 0.973836 0.691913
104 0.513818 0.398633 0.946547 0.490888
56 0.505631 0.470387 0.962921 0.694761
105 0.619953 0.437927 0.74831 0.72779
81 0.723555 0.48861 0.536429 0.616173
105 0.505631 0.48377 0.976955 0.677107
81 0.505631 0.48377 0.976955 0.677107
104 0.496664 0.48861 0.962141 0.665148
79 0.503682 0.491458 0.976175 0.643508
105 0.55748 0.576167 0.874815 0.526481
12 0.066079 0.11781 0.128259 0.235621
81 0.502122 0.464692 0.982413 0.687927
79 0.499003 0.459282 0.985532 0.714692
104 0.502122 0.464692 0.982413 0.687927
79 0.5068 0.567768 0.973057 0.486333
81 0.500173 0.0928246 0.986311 0.185649
81 0.501732 0.56492 0.936411 0.498861
105 0.500173 0.0928246 0.986311 0.185649
81 0.690808 0.485763 0.612839 0.600228
81 0.502122 0.0167995 0.976175 0.0335991
105 0.502122 0.0167995 0.976175 0.0335991
105 0.502122 0.464692 0.982413 0.687927
78 0.510699 0.462984 0.968378 0.705011
81 0.31636 0.512528 0.627263 0.630979
10 0.499003 0.459282 0.985532 0.714692
81 0.5068 0.484339 0.973057 0.640661
79 0.500563 0.493736 0.991769 0.634396
104 0.500563 0.493736 0.991769 0.634396
105 0.501342 0.470102 0.99021 0.654328
10 0.500563 0.493736 0.991769 0.634396
79 0.50719 0.47779 0.981633 0.657175
104 0.50719 0.47779 0.981633 0.657175
81 0.506021 0.478929 0.982413 0.648064
108 0.50836 0.461845 0.979294 0.640091
79 0.505631 0.587557 0.987871 0.45131
108 0.494325 0.306663 0.971497 0.613326
78 0.505241 0.470672 0.983972 0.628132
74 0.50758 0.493736 0.980853 0.643508
105 0.506021 0.478929 0.982413 0.648064
78 0.488867 0.326879 0.955903 0.653758
66 0.50758 0.48377 0.980853 0.672551
79 0.474443 0.383827 0.925495 0.553531
80 0.50836 0.461845 0.979294 0.640091
81 0.50836 0.585564 0.979294 0.453018
104 0.50836 0.585564 0.979294 0.453018
79 0.503119 0.491458 0.993762 0.659453
104 0.503119 0.491458 0.993762 0.659453
81 0.509356 0.484909 0.981287 0.645216
108 0.503119 0.486902 0.993762 0.676538
78 0.503119 0.486902 0.993762 0.676538
105 0.509356 0.484909 0.981287 0.645216
10 0.509356 0.484909 0.981287 0.645216
33 0.671315 0.237187 0.361777 0.137813
17 0.503119 0.491458 0.993762 0.659453
21 0.503119 0.486902 0.993762 0.676538
33 0.503119 0.491458 0.993762 0.659453
81 0.500173 0.490319 0.983193 0.666287
104 0.491986 0.509966 0.983972 0.642938
79 0.491986 0.509966 0.983972 0.642938
105 0.500173 0.490319 0.983193 0.666287
10 0.500173 0.490319 0.983193 0.666287
81 0.50875 0.504556 0.978514 0.678815
105 0.503682 0.491458 0.98865 0.68451
104 0.503682 0.491458 0.98865 0.68451
81 0.499003 0.488041 0.988651 0.645786
104 0.499003 0.488041 0.988651 0.645786
105 0.499003 0.488041 0.988651 0.645786
81 0.499003 0.48918 0.987091 0.668565
105 0.498224 0.484624 0.983972 0.690205
104 0.498224 0.484624 0.983972 0.690205
80 0.498614 0.492597 0.987871 0.675399
10 0.498614 0.492597 0.987871 0.675399
81 0.502902 0.484909 0.946547 0.647494
104 0.493546 0.490319 0.968378 0.656036
105 0.512258 0.479214 0.921597 0.669134
81 0.470934 0.552249 0.73603 0.533314
81 0.846551 0.438497 0.306029 0.876993
81 0.500563 0.490888 0.985532 0.649203
104 0.485749 0.504556 0.96526 0.651481
105 0.500563 0.490888 0.985532 0.649203
79 0.485749 0.504556 0.96526 0.651481
81 0.499393 0.484055 0.987871 0.652619
104 0.499393 0.484055 0.987871 0.652619
79 0.491206 0.503417 0.982413 0.659453
105 0.499393 0.484055 0.987871 0.652619
10 0.486918 0.47779 0.966039 0.678815
81 0.502122 0.479784 0.982413 0.671412
79 0.495495 0.476936 0.983193 0.718109
78 0.493546 0.468109 0.985532 0.742597
104 0.499003 0.485194 0.988651 0.697039
108 0.493546 0.468109 0.985532 0.742597
10 0.500953 0.475228 0.98943 0.68508
81 0.497834 0.485478 0.972277 0.664578
104 0.496664 0.495444 0.983972 0.667426
105 0.499003 0.476082 0.969938 0.687927
10 0.497444 0.487187 0.983972 0.66344
22 0.496664 0.495444 0.983972 0.667426
81 0.502122 0.494875 0.969938 0.643508
79 0.498224 0.499431 0.983972 0.643508
104 0.504461 0.492027 0.971497 0.637813
10 0.504461 0.490034 0.96526 0.657745
32 0.497444 0.494305 0.980853 0.654897
78 0.498224 0.499431 0.983972 0.643508
105 0.504461 0.490034 0.96526 0.657745
22 0.497444 0.494305 0.980853 0.654897
81 0.499393 0.495444 0.994108 0.646925
104 0.496274 0.50541 0.992549 0.638383
105 0.497444 0.479499 0.991769 0.676538
81 0.495495 0.498292 0.980074 0.65262
104 0.495495 0.498292 0.980074 0.65262
105 0.495105 0.487472 0.980854 0.649203
81 0.50641 0.485763 0.973836 0.646925
104 0.500563 0.489749 0.985532 0.671982
81 0.503292 0.491458 0.983193 0.64123
105 0.502122 0.503702 0.985532 0.646355
104 0.501342 0.489465 0.983972 0.629271
80 0.502122 0.503702 0.985532 0.646355
81 0.511478 0.501708 0.966819 0.668565
104 0.484969 0.503986 0.960582 0.665148
105 0.50875 0.478929 0.972277 0.687927
78 0.500563 0.478929 0.98865 0.6959
81 0.513038 0.497722 0.966819 0.653759
104 0.513038 0.497722 0.966819 0.653759
79 0.487308 0.502278 0.96526 0.644647
105 0.513038 0.497722 0.966819 0.653759
81 0.512648 0.496014 0.970717 0.656036
104 0.494715 0.507118 0.984752 0.646355
105 0.499783 0.481492 0.991769 0.688497
78 0.495105 0.507403 0.983972 0.645786
79 0.494715 0.507118 0.984752 0.646355
80 0.499783 0.501139 0.991769 0.649203
81 0.508187 0.492027 0.983626 0.668565
104 0.488867 0.501139 0.976175 0.660592
105 0.499783 0.477221 0.993329 0.692483
81 0.502122 0.90803 0.98865 0.183941
81 0.494325 0.507118 0.982413 0.649772
105 0.500563 0.476651 0.993329 0.692483
81 0.499003 0.487471 0.994888 0.660592
105 0.499393 0.479784 0.994108 0.686219
104 0.497444 0.491743 0.994888 0.666856
81 0.494715 0.509966 0.984752 0.636105
104 0.494715 0.509966 0.984752 0.636105
81 0.502902 0.910592 0.991769 0.178816
105 0.499783 0.484055 0.993329 0.671982
81 0.499783 0.988041 0.980853 0.023918
81 0.502122 0.495729 0.991769 0.653189
104 0.495495 0.49943 0.978514 0.648064
78 0.495495 0.49943 0.978514 0.648064
47 0.500953 0.484624 0.98943 0.677676
81 0.501342 0.487472 0.991769 0.649203
81 0.5068 0.990888 0.960581 0.0182233
81 0.5068 0.921127 0.976175 0.157745
105 0.5068 0.990888 0.960581 0.0182233
105 0.5068 0.921127 0.976175 0.157745
81 0.500563 0.492312 0.993329 0.65205
81 0.499003 0.489749 0.994888 0.660592
47 0.503682 0.486902 0.980854 0.661731
81 0.500953 0.495159 0.992549 0.661162
81 0.500563 0.496014 0.991769 0.657175
81 0.50758 0.492027 0.974616 0.66287
81 0.484969 0.881549 0.927834 0.236902
81 0.423276 0.843964 0.684765 0.312073
47 0.501342 0.474943 0.99021 0.699317
81 0.498224 0.503702 0.987091 0.662301
25 0.491206 0.48918 0.971497 0.669704
27 0.491986 0.510251 0.983972 0.640091
81 0.500953 0.499146 0.99099 0.657745
81 0.510699 0.497153 0.968378 0.656036
81 0.500563 0.502563 0.991769 0.650911
81 0.500563 0.493166 0.991769 0.665148
27 0.491986 0.505125 0.980854 0.645786
47 0.503682 0.490604 0.985532 0.669134
81 0.504461 0.493736 0.983972 0.658314
81 0.504851 0.491458 0.978514 0.671982
81 0.510699 0.493166 0.968378 0.656036
81 0.501342 0.487472 0.99021 0.67426
81 0.510309 0.495729 0.972277 0.658884
81 0.502122 0.488041 0.99021 0.675399
81 0.502122 0.496014 0.991769 0.670843
81 0.503292 0.5 0.98943 0.658314
81 0.502512 0.497153 0.99099 0.664009
81 0.502122 0.501139 0.98865 0.665148
81 0.504461 0.501424 0.982413 0.66344
81 0.503682 0.503417 0.979294 0.660592
81 0.509919 0.495159 0.9637 0.661162
81 0.509919 0.493736 0.969938 0.66287
81 0.502512 0.496868 0.986311 0.654328
81 0.503292 0.498007 0.986311 0.657745
81 0.503682 0.49402 0.987091 0.660023
81 0.504461 0.490888 0.985532 0.666287
81 0.503682 0.493451 0.985532 0.664579
81 0.504851 0.493736 0.986311 0.666287
81 0.509139 0.491173 0.976175 0.671412
81 0.509919 0.490888 0.973057 0.671982
81 0.510699 0.491458 0.971497 0.669704
25 0.505241 0.4832 0.985532 0.688497
81 0.512258 0.492597 0.971497 0.667426
25 0.505241 0.488041 0.985532 0.679954
81 0.512258 0.493736 0.971497 0.666287
25 0.504851 0.490604 0.986311 0.675968
81 0.511478 0.493736 0.973057 0.664009
25 0.505241 0.49402 0.985532 0.669134
81 0.510699 0.494305 0.971497 0.66287
25 0.505241 0.494305 0.983972 0.668565
81 0.509919 0.494875 0.973057 0.661731
25 0.506021 0.492027 0.982413 0.670843
81 0.509919 0.494875 0.973057 0.661731
25 0.495105 0.498292 0.968378 0.661731
81 0.509919 0.494305 0.973057 0.660592
25 0.495885 0.498007 0.969938 0.660023
81 0.509919 0.494305 0.973057 0.66287
25 0.506021 0.493736 0.983972 0.664009
81 0.509919 0.493736 0.973057 0.665148
25 0.5068 0.497153 0.985532 0.660592
81 0.509919 0.49402 0.973057 0.665717
25 0.5068 0.496868 0.985532 0.660023
81 0.509139 0.493736 0.973057 0.666287
25 0.506021 0.497153 0.985532 0.659453
81 0.509139 0.493736 0.971497 0.66287
25 0.506021 0.497153 0.985532 0.657175
81 0.509139 0.493736 0.971497 0.661731
25 0.506021 0.497722 0.983972 0.656036
81 0.509139 0.493166 0.971497 0.660592
25 0.50641 0.497153 0.983193 0.654897
81 0.509139 0.493166 0.971497 0.660592
25 0.50641 0.497153 0.983193 0.654897
81 0.509529 0.493166 0.970718 0.660592
25 0.50641 0.497153 0.983193 0.656036
81 0.509529 0.493166 0.970718 0.660592
25 0.506021 0.497437 0.983972 0.655467
81 0.509529 0.493736 0.970718 0.661731
25 0.506021 0.497722 0.982413 0.654897
81 0.509529 0.493736 0.970718 0.661731
25 0.506021 0.497153 0.982413 0.656036
81 0.509529 0.493736 0.970718 0.661731
25 0.506021 0.497437 0.983972 0.655467
81 0.509529 0.492882 0.970718 0.661162
25 0.506021 0.497437 0.983972 0.655467
81 0.509529 0.493166 0.970718 0.661731
25 0.506021 0.497437 0.983972 0.655467
81 0.509529 0.492597 0.970718 0.661731
25 0.506021 0.497153 0.983972 0.656036
81 0.509919 0.492597 0.969938 0.661731
25 0.5068 0.497153 0.982413 0.656036
81 0.5068 0.496868 0.982413 0.655467
25 0.5068 0.496868 0.982413 0.655467
81 0.506021 0.496583 0.982413 0.656036
25 0.506021 0.496583 0.982413 0.656036
81 0.506021 0.496583 0.980854 0.656036
25 0.506021 0.496583 0.980854 0.656036
81 0.506021 0.496583 0.980854 0.656036
25 0.506021 0.496583 0.980854 0.656036
81 0.506021 0.496583 0.980854 0.656036
25 0.506021 0.496583 0.980854 0.656036
81 0.506021 0.496583 0.980854 0.656036
25 0.506021 0.496583 0.980854 0.656036
81 0.506021 0.496583 0.980854 0.656036
25 0.506021 0.496583 0.980854 0.656036
81 0.506021 0.496868 0.980854 0.655467
25 0.506021 0.496868 0.980854 0.655467
81 0.506021 0.496583 0.980854 0.654897
25 0.506021 0.496583 0.980854 0.654897
81 0.499003 0.501993 0.968378 0.65205
25 0.506021 0.496868 0.980854 0.654328
81 0.499783 0.501993 0.968378 0.65205
25 0.50641 0.496868 0.981633 0.654328
81 0.506021 0.496868 0.980854 0.654328
25 0.506021 0.496868 0.980854 0.654328
81 0.50641 0.496583 0.981633 0.653759
25 0.50641 0.496583 0.981633 0.653759
81 0.499783 0.502278 0.968378 0.651481
25 0.50641 0.496583 0.981633 0.653759
81 0.499783 0.501708 0.968378 0.651481
25 0.506021 0.496583 0.980854 0.653759
81 0.506021 0.496583 0.980854 0.653759
25 0.506021 0.496583 0.980854 0.653759
81 0.5068 0.496583 0.980853 0.653759
25 0.5068 0.496583 0.980853 0.653759
81 0.506021 0.496583 0.980854 0.653759
25 0.506021 0.496583 0.980854 0.653759
81 0.5068 0.496583 0.980853 0.653759
25 0.5068 0.496583 0.980853 0.653759
81 0.50641 0.496583 0.980074 0.653759
25 0.50641 0.496583 0.980074 0.653759
81 0.5068 0.496583 0.980853 0.653759
25 0.5068 0.496583 0.980853 0.653759
81 0.5068 0.496583 0.979294 0.653759
25 0.5068 0.496583 0.979294 0.653759
81 0.5068 0.496583 0.979294 0.653759
25 0.5068 0.496583 0.979294 0.653759
81 0.50719 0.496583 0.980074 0.653759
25 0.50719 0.496583 0.980074 0.653759
81 0.5068 0.496868 0.980853 0.653189
25 0.5068 0.486048 0.979294 0.675968
81 0.50719 0.496868 0.980074 0.653189
25 0.5068 0.486902 0.977735 0.675399
81 0.5068 0.497153 0.979294 0.65262
25 0.50719 0.487187 0.978514 0.674829
81 0.50719 0.497153 0.980074 0.65262
25 0.50719 0.487187 0.978514 0.67369
81 0.5068 0.497153 0.979294 0.65262
25 0.50719 0.487471 0.978514 0.673121
81 0.50719 0.497153 0.980074 0.65262
25 0.50719 0.487471 0.978514 0.673121
81 0.50719 0.496583 0.980074 0.65262
25 0.50719 0.487472 0.978514 0.671982
81 0.5068 0.496583 0.980853 0.65262
25 0.5068 0.487472 0.979294 0.671982
81 0.5068 0.496583 0.980853 0.651481
25 0.5068 0.488041 0.979294 0.670843
81 0.5068 0.496583 0.980853 0.651481
81 0.5068 0.496583 0.980853 0.651481
81 0.5068 0.496583 0.980853 0.651481
81 0.5068 0.496583 0.980853 0.651481
81 0.5068 0.496583 0.980853 0.651481
81 0.506021 0.496583 0.980854 0.651481
81 0.5068 0.496583 0.980853 0.651481
81 0.5068 0.496583 0.980853 0.651481
81 0.506021 0.496583 0.980854 0.651481
81 0.50641 0.496583 0.981633 0.651481
81 0.50641 0.496583 0.981633 0.651481
81 0.50641 0.496298 0.981633 0.65205
81 0.50641 0.496583 0.981633 0.651481
81 0.50641 0.496014 0.981633 0.651481
81 0.506021 0.496583 0.982413 0.651481
81 0.506021 0.496583 0.982413 0.651481
81 0.506021 0.496583 0.982413 0.651481
