48 0.507553 0.436258 0.938699 0.399007
50 0.507553 0.436258 0.938699 0.399007
68 0.497807 0.437914 0.953513 0.402318
49 0.503265 0.437914 0.961309 0.395695
101 0.503265 0.437914 0.961309 0.395695
109 0.503265 0.437914 0.961309 0.395695
104 0.503265 0.437914 0.961309 0.395695
54 0.503265 0.437914 0.961309 0.395695
103 0.501315 0.437155 0.927785 0.401628
111 0.503265 0.437914 0.961309 0.395695
53 0.495078 0.439776 0.965208 0.388659
84 0.503265 0.437914 0.961309 0.395695
67 0.503265 0.437914 0.961309 0.395695
79 0.503265 0.437914 0.961309 0.395695
76 0.503265 0.437914 0.961309 0.395695
100 0.495078 0.439776 0.965208 0.388659
74 0.495078 0.439776 0.965208 0.388659
46 0.503265 0.437914 0.961309 0.395695
66 0.503265 0.437914 0.961309 0.395695
95 0.503265 0.437914 0.961309 0.395695
75 0.497807 0.437914 0.953513 0.402318
81 0.503265 0.437914 0.961309 0.395695
99 0.508332 0.441432 0.963648 0.39197
17 0.501315 0.437155 0.927785 0.401628
38 0.495078 0.439776 0.965208 0.388659
73 0.497807 0.437914 0.953513 0.402318
110 0.495078 0.439776 0.965208 0.388659
47 0.495858 0.443157 0.963648 0.389625
42 0.507553 0.436258 0.938699 0.399007
7 0.503265 0.437914 0.961309 0.395695
16 0.503265 0.437914 0.961309 0.395695
77 0.503265 0.437914 0.961309 0.395695
97 0.503265 0.437914 0.961309 0.395695
56 0.495078 0.439776 0.965208 0.388659
102 0.512231 0.446468 0.962089 0.378587
108 0.503265 0.437914 0.961309 0.395695
80 0.503265 0.437914 0.961309 0.395695
5 0.501315 0.437155 0.927785 0.401628
51 0.495078 0.439776 0.965208 0.388659
0 0.495078 0.439776 0.965208 0.388659
15 0.495078 0.439776 0.965208 0.388659
88 0.495078 0.439776 0.965208 0.388659
94 0.503265 0.437914 0.961309 0.395695
48 0.347334 0.43819 0.614365 0.389625
31 0.495078 0.439776 0.965208 0.388659
52 0.495078 0.439776 0.965208 0.388659
11 0.503265 0.437914 0.961309 0.395695
14 0.507553 0.436258 0.938699 0.399007
78 0.503654 0.442053 0.979241 0.38521
65 0.49157 0.43681 0.962869 0.40011
33 0.495078 0.439776 0.965208 0.388659
41 0.503265 0.437914 0.961309 0.395695
55 0.503265 0.437914 0.961309 0.395695
28 0.495078 0.439776 0.965208 0.388659
83 0.503265 0.437914 0.961309 0.395695
64 0.495078 0.439776 0.965208 0.388659
22 0.503265 0.437914 0.961309 0.395695
34 0.497807 0.437914 0.953513 0.402318
4 0.503265 0.437914 0.961309 0.395695
36 0.497807 0.437914 0.953513 0.402318
12 0.497807 0.437914 0.953513 0.402318
105 0.495078 0.439776 0.965208 0.388659
50 0.347334 0.43819 0.614365 0.389625
92 0.503265 0.437914 0.961309 0.395695
49 0.347334 0.43819 0.614365 0.389625
109 0.347334 0.43819 0.614365 0.389625
26 0.501315 0.437155 0.927785 0.401628
21 0.503265 0.437914 0.961309 0.395695
72 0.497807 0.437914 0.953513 0.402318
38 0.347334 0.43819 0.614365 0.389625
8 0.508332 0.441432 0.963648 0.39197
50 0.58006 0.486479 0.820193 0.317329
48 0.58006 0.486479 0.820193 0.317329
48 0.493129 0.43819 0.953513 0.412804
50 0.502875 0.454194 0.971445 0.380795
111 0.493129 0.43819 0.953513 0.412804
46 0.500536 0.438742 0.985479 0.4117
101 0.493129 0.43819 0.953513 0.412804
109 0.493129 0.43819 0.953513 0.412804
68 0.482214 0.442329 0.928564 0.406733
102 0.493129 0.43819 0.953513 0.412804
67 0.493129 0.43819 0.953513 0.412804
73 0.493129 0.43819 0.953513 0.412804
75 0.493129 0.43819 0.953513 0.412804
49 0.502875 0.454194 0.971445 0.380795
47 0.493129 0.43819 0.953513 0.412804
99 0.493129 0.43819 0.953513 0.412804
77 0.493129 0.43819 0.953513 0.412804
110 0.495468 0.443709 0.962869 0.401766
100 0.502875 0.454194 0.971445 0.380795
103 0.477536 0.444536 0.8927 0.405629
52 0.493129 0.43819 0.953513 0.412804
95 0.493129 0.43819 0.953513 0.412804
84 0.493129 0.43819 0.953513 0.412804
53 0.482214 0.442329 0.928564 0.406733
76 0.493129 0.43819 0.953513 0.412804
51 0.493129 0.43819 0.953513 0.412804
54 0.493129 0.43819 0.953513 0.412804
80 0.493129 0.43819 0.953513 0.412804
56 0.500536 0.438742 0.985479 0.4117
105 0.493129 0.43819 0.953513 0.412804
48 0.363512 0.452263 0.657636 0.429912
50 0.363512 0.452263 0.657636 0.429912
66 0.493129 0.43819 0.953513 0.412804
104 0.493129 0.43819 0.953513 0.412804
97 0.493129 0.43819 0.953513 0.412804
42 0.477536 0.444536 0.8927 0.405629
49 0.363512 0.452263 0.657636 0.429912
46 0.363512 0.452263 0.657636 0.429912
38 0.493129 0.43819 0.953513 0.412804
50 0.640093 0.481512 0.697008 0.327263
101 0.363512 0.452263 0.657636 0.429912
88 0.500536 0.438742 0.985479 0.4117
50 0.494299 0.378035 0.944937 0.547461
47 0.363512 0.452263 0.657636 0.429912
81 0.493129 0.43819 0.953513 0.412804
111 0.363512 0.452263 0.657636 0.429912
68 0.363512 0.452263 0.657636 0.429912
67 0.363512 0.452263 0.657636 0.429912
77 0.363512 0.452263 0.657636 0.429912
100 0.363512 0.452263 0.657636 0.429912
7 0.493129 0.43819 0.953513 0.412804
74 0.499366 0.439914 0.955072 0.408251
41 0.493129 0.43819 0.953513 0.412804
8 0.495468 0.443709 0.962869 0.401766
99 0.363512 0.452263 0.657636 0.429912
28 0.502875 0.454194 0.971445 0.380795
46 0.640093 0.481512 0.697008 0.327263
109 0.363512 0.452263 0.657636 0.429912
17 0.502875 0.454194 0.971445 0.380795
36 0.496248 0.438466 0.956632 0.416667
50 0.501315 0.337196 0.974563 0.635762
48 0.497417 0.344371 0.991716 0.629139
49 0.501315 0.337196 0.974563 0.635762
50 0.505993 0.455574 0.968326 0.410044
100 0.497417 0.344371 0.991716 0.629139
46 0.501315 0.337196 0.974563 0.635762
51 0.498976 0.336093 0.976123 0.672185
68 0.501315 0.337196 0.974563 0.635762
99 0.501315 0.337196 0.974563 0.635762
48 0.505993 0.455574 0.968326 0.410044
48 0.494299 0.25 0.987038 0.5
76 0.497417 0.344371 0.991716 0.629139
101 0.501315 0.337196 0.974563 0.635762
49 0.505993 0.455574 0.968326 0.410044
68 0.505993 0.455574 0.968326 0.410044
68 0.494299 0.25 0.987038 0.5
100 0.495858 0.456402 0.98236 0.400662
47 0.501315 0.337196 0.974563 0.635762
73 0.497417 0.344371 0.991716 0.629139
50 0.494299 0.25 0.987038 0.5
101 0.505993 0.455574 0.968326 0.410044
75 0.498976 0.336093 0.976123 0.672185
46 0.505993 0.455574 0.968326 0.410044
100 0.494299 0.25 0.987038 0.5
49 0.494299 0.25 0.987038 0.5
77 0.501315 0.337196 0.974563 0.635762
102 0.501315 0.337196 0.974563 0.635762
51 0.495858 0.456402 0.98236 0.400662
76 0.494299 0.25 0.987038 0.5
46 0.494299 0.25 0.987038 0.5
99 0.495858 0.456402 0.98236 0.400662
53 0.494299 0.25 0.987038 0.5
53 0.501315 0.337196 0.974563 0.635762
101 0.494299 0.25 0.987038 0.5
109 0.497417 0.344371 0.991716 0.629139
102 0.505993 0.455574 0.968326 0.410044
110 0.501315 0.337196 0.974563 0.635762
76 0.505993 0.455574 0.968326 0.410044
77 0.505993 0.455574 0.968326 0.410044
50 0.487672 0.124862 0.965987 0.249724
51 0.493519 0.228477 0.983919 0.456954
111 0.497417 0.344371 0.991716 0.629139
73 0.495858 0.456402 0.98236 0.400662
110 0.494299 0.25 0.987038 0.5
77 0.494299 0.25 0.987038 0.5
48 0.487672 0.124862 0.965987 0.249724
102 0.494299 0.25 0.987038 0.5
111 0.494299 0.25 0.987038 0.5
49 0.194913 0.45447 0.382809 0.429912
109 0.494299 0.25 0.987038 0.5
99 0.494299 0.25 0.987038 0.5
52 0.501315 0.337196 0.974563 0.635762
47 0.499756 0.440673 0.987038 0.451987
47 0.496248 0.248896 0.972225 0.497792
73 0.494299 0.25 0.987038 0.5
109 0.495858 0.456402 0.98236 0.400662
67 0.501315 0.337196 0.974563 0.635762
84 0.497417 0.344371 0.991716 0.629139
97 0.496638 0.338852 0.990157 0.677704
50 0.501315 0.0762279 0.955852 0.152456
68 0.496248 0.11686 0.975343 0.23372
50 0.498977 0.560706 0.988597 0.628035
84 0.494299 0.25 0.987038 0.5
53 0.505993 0.455574 0.968326 0.410044
49 0.327843 0.435499 0.64789 0.403836
75 0.505993 0.455574 0.968326 0.410044
52 0.494299 0.25 0.987038 0.5
49 0.496248 0.11686 0.975343 0.23372
110 0.505993 0.455574 0.968326 0.410044
50 0.194913 0.45447 0.382809 0.429912
95 0.493519 0.228477 0.983919 0.456954
67 0.494299 0.25 0.987038 0.5
48 0.501315 0.0762279 0.955852 0.152456
50 0.327843 0.435499 0.64789 0.403836
51 0.194913 0.45447 0.382809 0.429912
48 0.243641 0.444881 0.480265 0.420392
51 0.327843 0.435499 0.64789 0.403836
68 0.497417 0.850441 0.991716 0.299117
100 0.487672 0.124862 0.965987 0.249724
68 0.501315 0.0762279 0.955852 0.152456
48 0.497417 0.850441 0.991716 0.299117
75 0.493519 0.228477 0.983919 0.456954
101 0.496248 0.11686 0.975343 0.23372
67 0.505993 0.455574 0.968326 0.410044
111 0.498197 0.457437 0.990157 0.42729
49 0.501315 0.0762279 0.955852 0.152456
47 0.194913 0.45447 0.382809 0.429912
2 0.494299 0.25 0.987038 0.5
99 0.194913 0.45447 0.382809 0.429912
48 0.139655 0.4504 0.275801 0.428118
100 0.194913 0.45447 0.382809 0.429912
101 0.501315 0.0762279 0.955852 0.152456
102 0.496248 0.11686 0.975343 0.23372
97 0.496248 0.248896 0.972225 0.497792
53 0.497417 0.850441 0.991716 0.299117
100 0.501315 0.0762279 0.955852 0.152456
51 0.487672 0.124862 0.965987 0.249724
25 0.497417 0.344371 0.991716 0.629139
48 0.498976 0.765177 0.990156 0.469647
46 0.194913 0.45447 0.382809 0.429912
47 0.327843 0.435499 0.64789 0.403836
52 0.505993 0.455574 0.968326 0.410044
76 0.496248 0.11686 0.975343 0.23372
48 0.498977 0.560706 0.988597 0.628035
53 0.496248 0.11686 0.975343 0.23372
68 0.498977 0.560706 0.988597 0.628035
100 0.327843 0.435499 0.64789 0.403836
46 0.327843 0.435499 0.64789 0.403836
17 0.494299 0.25 0.987038 0.5
102 0.501315 0.0762279 0.955852 0.152456
17 0.497417 0.344371 0.991716 0.629139
101 0.505604 0.826159 0.972225 0.347682
46 0.487672 0.124862 0.965987 0.249724
102 0.497417 0.850441 0.991716 0.299117
49 0.138096 0.459782 0.271903 0.460127
68 0.502875 0.917219 0.962089 0.165563
51 0.501315 0.0762279 0.955852 0.152456
97 0.499756 0.440673 0.987038 0.451987
109 0.496248 0.11686 0.975343 0.23372
99 0.327843 0.435499 0.64789 0.403836
2 0.497417 0.344371 0.991716 0.629139
50 0.497417 0.850441 0.991716 0.299117
76 0.194913 0.45447 0.382809 0.429912
6 0.486112 0.383623 0.964428 0.551738
46 0.501315 0.0762279 0.955852 0.152456
76 0.501315 0.0762279 0.955852 0.152456
47 0.487672 0.124862 0.965987 0.249724
77 0.496248 0.11686 0.975343 0.23372
78 0.493519 0.228477 0.983919 0.456954
84 0.499756 0.455781 0.983919 0.40963
49 0.498977 0.560706 0.988597 0.628035
68 0.498976 0.765177 0.990156 0.469647
100 0.498977 0.560706 0.988597 0.628035
48 0.513254 0.435982 0.973492 0.403974
76 0.506773 0.421634 0.974563 0.432671
73 0.506773 0.421634 0.974563 0.432671
100 0.506773 0.421634 0.974563 0.432671
47 0.506773 0.421634 0.974563 0.432671
50 0.506773 0.421634 0.974563 0.432671
97 0.506773 0.421634 0.974563 0.432671
46 0.506773 0.421634 0.974563 0.432671
49 0.506773 0.421634 0.974563 0.432671
84 0.506773 0.421634 0.974563 0.432671
103 0.506773 0.421634 0.974563 0.432671
111 0.512231 0.432671 0.946496 0.388521
51 0.506773 0.421634 0.974563 0.432671
99 0.506773 0.421634 0.974563 0.432671
75 0.506773 0.421634 0.974563 0.432671
110 0.506773 0.421634 0.974563 0.432671
53 0.512231 0.432671 0.946496 0.388521
68 0.506773 0.421634 0.974563 0.432671
101 0.506773 0.421634 0.974563 0.432671
109 0.506773 0.421634 0.974563 0.432671
52 0.512231 0.432671 0.946496 0.388521
42 0.506773 0.421634 0.974563 0.432671
77 0.506773 0.421634 0.974563 0.432671
54 0.512231 0.432671 0.946496 0.388521
80 0.499756 0.427428 0.95897 0.41777
95 0.512231 0.432671 0.946496 0.388521
102 0.505604 0.433775 0.978462 0.4117
67 0.512231 0.432671 0.946496 0.388521
50 0.502095 0.446468 0.965208 0.416115
49 0.504434 0.441777 0.971445 0.434327
51 0.515983 0.446192 0.968034 0.425497
48 0.515983 0.446192 0.968034 0.425497
100 0.504434 0.441777 0.971445 0.434327
76 0.504434 0.441777 0.971445 0.434327
47 0.515983 0.446192 0.968034 0.425497
99 0.504434 0.441777 0.971445 0.434327
73 0.504434 0.441777 0.971445 0.434327
46 0.504434 0.441777 0.971445 0.434327
97 0.504434 0.441777 0.971445 0.434327
111 0.515983 0.446192 0.968034 0.425497
77 0.508332 0.444192 0.963648 0.41846
101 0.508332 0.444192 0.963648 0.41846
110 0.504434 0.441777 0.971445 0.434327
102 0.502095 0.446468 0.965208 0.416115
17 0.511451 0.461369 0.944937 0.398455
50 0.502095 0.425497 0.96053 0.433775
73 0.509892 0.44364 0.946496 0.397489
76 0.502095 0.425497 0.96053 0.433775
46 0.502485 0.426531 0.962869 0.431705
99 0.509892 0.44364 0.946496 0.397489
49 0.502485 0.426531 0.962869 0.431705
100 0.507163 0.429291 0.942598 0.428394
47 0.509892 0.44364 0.946496 0.397489
48 0.509892 0.44364 0.946496 0.397489
75 0.502095 0.425497 0.96053 0.433775
51 0.509892 0.44364 0.946496 0.397489
97 0.507163 0.429291 0.942598 0.428394
41 0.502095 0.425497 0.96053 0.433775
77 0.509892 0.44364 0.946496 0.397489
103 0.494299 0.421565 0.985479 0.438328
110 0.502485 0.426531 0.962869 0.431705
74 0.502095 0.425497 0.96053 0.433775
84 0.507163 0.429291 0.942598 0.428394
109 0.502485 0.426531 0.962869 0.431705
102 0.502485 0.426531 0.962869 0.431705
33 0.502095 0.425497 0.96053 0.433775
101 0.502485 0.426531 0.962869 0.431705
66 0.502095 0.425497 0.96053 0.433775
54 0.504824 0.430946 0.955072 0.421772
99 0.499366 0.434396 0.962869 0.422599
73 0.495078 0.436465 0.968326 0.417357
46 0.495078 0.436465 0.968326 0.417357
50 0.495858 0.439914 0.963648 0.407147
51 0.493519 0.439018 0.963648 0.411148
48 0.493519 0.439018 0.963648 0.411148
100 0.495858 0.439914 0.963648 0.407147
49 0.493519 0.439018 0.963648 0.411148
47 0.493519 0.439018 0.963648 0.411148
76 0.499366 0.434396 0.962869 0.422599
97 0.499366 0.434396 0.962869 0.422599
75 0.499366 0.434396 0.962869 0.422599
41 0.499366 0.434396 0.962869 0.422599
110 0.499366 0.434396 0.962869 0.422599
103 0.499366 0.434396 0.962869 0.422599
109 0.499366 0.434396 0.962869 0.422599
17 0.499366 0.434396 0.962869 0.422599
102 0.499366 0.434396 0.962869 0.422599
111 0.495078 0.436465 0.968326 0.417357
101 0.499366 0.434396 0.962869 0.422599
42 0.495078 0.436465 0.968326 0.417357
103 0.654809 0.435154 0.664457 0.424393
47 0.498977 0.446744 0.948055 0.397903
73 0.501315 0.444881 0.949615 0.402732
48 0.498977 0.446744 0.948055 0.397903
99 0.501315 0.444881 0.949615 0.402732
76 0.501315 0.434879 0.952733 0.428256
50 0.501315 0.434879 0.952733 0.428256
46 0.498977 0.446744 0.948055 0.397903
100 0.502095 0.441225 0.948055 0.413355
51 0.498977 0.446744 0.948055 0.397903
49 0.501315 0.444881 0.949615 0.402732
75 0.501315 0.434879 0.952733 0.428256
97 0.501315 0.434879 0.952733 0.428256
111 0.498977 0.446744 0.948055 0.397903
110 0.501315 0.434879 0.952733 0.428256
103 0.501315 0.434879 0.952733 0.428256
77 0.501315 0.434879 0.952733 0.428256
42 0.502095 0.432119 0.940259 0.42936
51 0.495078 0.442053 0.934022 0.398455
50 0.510671 0.443985 0.955852 0.394592
49 0.498587 0.447641 0.93792 0.389487
47 0.51379 0.449227 0.971445 0.386313
100 0.503654 0.44564 0.966767 0.393488
48 0.51379 0.449227 0.971445 0.386313
76 0.510671 0.443985 0.955852 0.394592
46 0.503654 0.44564 0.966767 0.393488
99 0.503654 0.44564 0.966767 0.393488
73 0.503654 0.44564 0.966767 0.393488
97 0.511451 0.445295 0.954293 0.395281
110 0.510671 0.443985 0.955852 0.394592
76 0.507553 0.442122 0.946496 0.409354
47 0.499366 0.44426 0.919208 0.40287
50 0.516129 0.442329 0.927785 0.40894
99 0.507553 0.442122 0.946496 0.409354
73 0.507553 0.442122 0.946496 0.409354
49 0.508332 0.443433 0.927785 0.404525
100 0.507553 0.442122 0.946496 0.409354
48 0.499366 0.44426 0.919208 0.40287
110 0.507553 0.442122 0.946496 0.409354
46 0.499366 0.44426 0.919208 0.40287
51 0.499366 0.44426 0.919208 0.40287
77 0.507553 0.442122 0.946496 0.409354
75 0.503654 0.443157 0.966767 0.409492
109 0.507553 0.442122 0.946496 0.409354
101 0.516908 0.443157 0.924666 0.403974
111 0.508332 0.443433 0.927785 0.404525
102 0.507163 0.442881 0.942598 0.406733
99 0.509112 0.43957 0.95897 0.407837
73 0.505993 0.445088 0.968326 0.397903
100 0.505993 0.445088 0.968326 0.397903
76 0.505993 0.445088 0.968326 0.397903
50 0.505993 0.445088 0.968326 0.397903
49 0.506773 0.445364 0.9387 0.399559
46 0.505993 0.445088 0.968326 0.397903
75 0.509112 0.43957 0.95897 0.407837
77 0.509112 0.43957 0.95897 0.407837
110 0.516129 0.444743 0.951174 0.399696
109 0.505993 0.445088 0.968326 0.397903
47 0.506773 0.445364 0.9387 0.399559
109 0.502095 0.0648455 0.954293 0.129691
48 0.506773 0.445364 0.9387 0.399559
103 0.505993 0.445088 0.968326 0.397903
101 0.506773 0.445364 0.9387 0.399559
77 0.505993 0.066846 0.976123 0.133692
76 0.516909 0.43543 0.934022 0.42053
99 0.508332 0.443157 0.924666 0.407285
100 0.510281 0.441777 0.927005 0.411148
50 0.516909 0.43543 0.934022 0.42053
73 0.521051 0.442605 0.957899 0.410596
46 0.516909 0.43543 0.934022 0.42053
49 0.510281 0.441777 0.927005 0.411148
75 0.516909 0.43543 0.934022 0.42053
103 0.516908 0.44426 0.943377 0.406181
48 0.510281 0.441777 0.927005 0.411148
47 0.521051 0.442605 0.957899 0.410596
110 0.516908 0.44426 0.943377 0.406181
109 0.516909 0.43543 0.934022 0.42053
73 0.509892 0.443985 0.919988 0.401214
99 0.509892 0.443985 0.919988 0.401214
100 0.509892 0.443985 0.919988 0.401214
76 0.51301 0.437155 0.9387 0.410458
46 0.51301 0.437155 0.9387 0.410458
47 0.510281 0.44426 0.919208 0.397351
77 0.509892 0.443985 0.919988 0.401214
111 0.510281 0.44426 0.919208 0.397351
50 0.511841 0.440673 0.934801 0.405629
110 0.510281 0.44426 0.919208 0.397351
49 0.511841 0.440673 0.934801 0.405629
109 0.515349 0.442605 0.934022 0.40287
97 0.51301 0.437155 0.9387 0.410458
48 0.509892 0.443985 0.919988 0.401214
51 0.510281 0.44426 0.919208 0.397351
101 0.509892 0.443985 0.919988 0.401214
8 0.520417 0.433154 0.934801 0.421772
75 0.51301 0.437155 0.9387 0.410458
42 0.520417 0.433154 0.934801 0.421772
56 0.511841 0.440673 0.934801 0.405629
1 0.520417 0.433154 0.934801 0.421772
3 0.520417 0.433154 0.934801 0.421772
102 0.509892 0.443985 0.919988 0.401214
84 0.516909 0.442536 0.93714 0.399696
29 0.520417 0.433154 0.934801 0.421772
41 0.516908 0.44426 0.935581 0.407285
99 0.504044 0.444191 0.93792 0.407423
73 0.504044 0.444191 0.93792 0.407423
100 0.504044 0.444191 0.93792 0.407423
47 0.504044 0.444191 0.93792 0.407423
46 0.504044 0.444191 0.93792 0.407423
76 0.495078 0.434051 0.980801 0.425497
50 0.505214 0.442881 0.957411 0.407837
48 0.504044 0.444191 0.93792 0.407423
110 0.495078 0.434051 0.980801 0.425497
111 0.505604 0.438466 0.955072 0.414459
49 0.505214 0.442881 0.957411 0.407837
51 0.495078 0.434051 0.980801 0.425497
77 0.495078 0.434051 0.980801 0.425497
109 0.495078 0.434051 0.980801 0.425497
101 0.505604 0.438466 0.955072 0.414459
103 0.504044 0.444191 0.93792 0.407423
8 0.495078 0.434051 0.980801 0.425497
100 0.506773 0.452263 0.948055 0.384658
76 0.506773 0.452263 0.948055 0.384658
46 0.508332 0.443157 0.935581 0.405077
49 0.507553 0.44702 0.935581 0.395143
99 0.506773 0.452263 0.948055 0.384658
50 0.507553 0.4484 0.948055 0.392384
73 0.506773 0.452263 0.948055 0.384658
47 0.508332 0.443157 0.935581 0.405077
48 0.508332 0.443157 0.935581 0.405077
109 0.506773 0.452263 0.948055 0.384658
75 0.506773 0.452263 0.948055 0.384658
103 0.506773 0.452263 0.948055 0.384658
110 0.506383 0.451159 0.951954 0.386865
111 0.506773 0.452263 0.948055 0.384658
51 0.519491 0.444329 0.961017 0.408251
46 0.505214 0.447848 0.966767 0.393488
100 0.507553 0.44426 0.93714 0.400662
73 0.507553 0.44426 0.93714 0.400662
47 0.512231 0.446744 0.95897 0.395695
99 0.509112 0.443157 0.93714 0.399558
50 0.502875 0.445088 0.974563 0.392384
49 0.502875 0.445088 0.974563 0.392384
48 0.507553 0.44426 0.93714 0.400662
76 0.505214 0.447848 0.966767 0.393488
103 0.516519 0.444536 0.950394 0.399007
109 0.505214 0.447848 0.966767 0.393488
41 0.507553 0.44426 0.93714 0.400662
111 0.512231 0.446744 0.95897 0.395695
97 0.502875 0.445088 0.974563 0.392384
73 0.509112 0.446399 0.948055 0.399696
100 0.509112 0.446399 0.948055 0.399696
99 0.509112 0.446399 0.948055 0.399696
47 0.507942 0.44564 0.953513 0.399007
76 0.507163 0.443985 0.951954 0.402318
46 0.507163 0.443985 0.951954 0.402318
48 0.509112 0.446399 0.948055 0.399696
41 0.509892 0.445916 0.944937 0.399559
100 0.505214 0.447296 0.951174 0.392384
46 0.502875 0.448951 0.977682 0.390177
49 0.502875 0.448951 0.977682 0.390177
73 0.517932 0.445364 0.964136 0.398455
47 0.504434 0.445433 0.946496 0.39942
50 0.502875 0.448951 0.977682 0.390177
99 0.511451 0.445364 0.938699 0.399559
48 0.511451 0.445364 0.938699 0.399559
76 0.502875 0.448951 0.977682 0.390177
110 0.511841 0.448675 0.95975 0.389625
110 0.500926 0.080505 0.984699 0.16101
97 0.502875 0.448951 0.977682 0.390177
67 0.517298 0.0814018 0.951954 0.162804
48 0.507163 0.0809879 0.947276 0.161976
101 0.504434 0.0765728 0.983919 0.153146
111 0.504434 0.445433 0.946496 0.39942
73 0.501315 0.445295 0.943378 0.398593
100 0.501315 0.445295 0.943378 0.398593
99 0.499756 0.447503 0.95897 0.395281
46 0.499756 0.447503 0.95897 0.395281
76 0.504044 0.44564 0.947276 0.397903
73 0.504434 0.066984 0.949615 0.133968
47 0.504434 0.44702 0.946496 0.397351
109 0.504044 0.44564 0.947276 0.397903
99 0.504434 0.066984 0.949615 0.133968
76 0.504434 0.066984 0.949615 0.133968
49 0.499756 0.447503 0.95897 0.395281
100 0.504434 0.066984 0.949615 0.133968
48 0.501315 0.440397 0.93714 0.403974
109 0.389923 0.884658 0.581425 0.228477
111 0.501315 0.440397 0.93714 0.403974
110 0.504044 0.44564 0.947276 0.397903
109 0.504434 0.066984 0.949615 0.133968
50 0.499756 0.447503 0.95897 0.395281
110 0.504434 0.066984 0.949615 0.133968
109 0.399181 0.825607 0.576942 0.328918
76 0.399181 0.825607 0.576942 0.328918
100 0.509112 0.445364 0.943377 0.396247
73 0.505214 0.442674 0.934022 0.401628
99 0.509112 0.445364 0.943377 0.396247
109 0.509112 0.445364 0.943377 0.396247
76 0.509502 0.445364 0.942598 0.398455
46 0.509112 0.445364 0.943377 0.396247
111 0.511451 0.443433 0.943377 0.401214
110 0.511451 0.443433 0.943377 0.401214
47 0.511451 0.443433 0.943377 0.401214
41 0.506773 0.443709 0.934022 0.405077
100 0.502095 0.451435 0.935581 0.388521
46 0.499756 0.452815 0.955852 0.384658
73 0.503265 0.447572 0.933242 0.391832
49 0.499756 0.452815 0.955852 0.384658
76 0.499756 0.452815 0.955852 0.384658
109 0.499756 0.452815 0.955852 0.384658
99 0.503654 0.449227 0.941818 0.388521
47 0.504044 0.449779 0.947276 0.391832
56 0.499756 0.452815 0.955852 0.384658
110 0.499756 0.452815 0.955852 0.384658
111 0.504044 0.449779 0.947276 0.391832
97 0.499756 0.452815 0.955852 0.384658
50 0.499756 0.452815 0.955852 0.384658
73 0.517932 0.445433 0.964136 0.398317
100 0.504434 0.445295 0.93714 0.397489
99 0.510671 0.44702 0.946496 0.39404
46 0.509892 0.447848 0.951174 0.393488
47 0.505214 0.449779 0.944937 0.389625
76 0.509892 0.447848 0.951174 0.393488
100 0.330182 0.426049 0.507553 0.36755
109 0.509892 0.447848 0.951174 0.393488
73 0.330182 0.426049 0.507553 0.36755
49 0.509892 0.447848 0.951174 0.393488
41 0.505214 0.449779 0.944937 0.389625
47 0.505993 0.443985 0.948055 0.403422
46 0.509112 0.443985 0.930903 0.402318
100 0.507942 0.445364 0.950394 0.400662
73 0.507942 0.445364 0.950394 0.400662
49 0.507942 0.445364 0.950394 0.400662
99 0.504434 0.448124 0.95897 0.39404
111 0.506773 0.443778 0.926225 0.402732
51 0.506773 0.444536 0.932462 0.405629
50 0.506773 0.444536 0.932462 0.405629
97 0.509112 0.443985 0.930903 0.402318
56 0.506773 0.444536 0.932462 0.405629
100 0.503654 0.448675 0.926225 0.398455
73 0.503654 0.448675 0.926225 0.398455
46 0.498197 0.454746 0.95897 0.383002
111 0.509892 0.450814 0.938699 0.394178
49 0.507942 0.450055 0.942598 0.396799
47 0.507942 0.450055 0.942598 0.396799
99 0.498197 0.453366 0.954293 0.387969
76 0.498197 0.453366 0.954293 0.387969
109 0.498197 0.454746 0.95897 0.383002
50 0.498197 0.453366 0.954293 0.387969
97 0.509892 0.450814 0.938699 0.394178
110 0.498197 0.454746 0.95897 0.383002
56 0.509892 0.450814 0.938699 0.394178
100 0.498197 0.44426 0.96053 0.401766
73 0.503654 0.442329 0.940259 0.406733
46 0.498197 0.44426 0.96053 0.401766
99 0.505993 0.443226 0.946496 0.402732
47 0.505993 0.443088 0.949615 0.403008
49 0.498197 0.44426 0.96053 0.401766
50 0.498197 0.44426 0.96053 0.401766
76 0.498197 0.44426 0.96053 0.401766
110 0.498197 0.44426 0.96053 0.401766
111 0.505993 0.443088 0.949615 0.403008
48 0.505993 0.443088 0.949615 0.403008
48 0.498587 0.879139 0.973784 0.241722
100 0.506773 0.445985 0.932462 0.400524
73 0.511061 0.445433 0.945716 0.398317
99 0.506383 0.445364 0.942598 0.400662
46 0.506773 0.445295 0.944937 0.4008
41 0.504434 0.445433 0.929344 0.402732
28 0.511061 0.445433 0.945716 0.398317
49 0.506773 0.445295 0.944937 0.4008
110 0.506383 0.445364 0.942598 0.400662
76 0.506773 0.445295 0.944937 0.4008
56 0.504434 0.445433 0.929344 0.402732
100 0.510281 0.446468 0.93792 0.407285
73 0.511841 0.44702 0.936361 0.410596
46 0.503654 0.443433 0.944937 0.410044
99 0.503654 0.443433 0.944937 0.410044
49 0.503654 0.443433 0.944937 0.410044
111 0.507163 0.446744 0.939479 0.40894
56 0.515349 0.447572 0.95897 0.407285
47 0.503654 0.443433 0.944937 0.410044
109 0.503654 0.443433 0.944937 0.410044
28 0.511841 0.44702 0.936361 0.410596
100 0.499756 0.442605 0.932462 0.401766
73 0.498587 0.443709 0.939479 0.403973
46 0.502875 0.442881 0.946496 0.401214
49 0.502875 0.442881 0.946496 0.401214
99 0.498587 0.443709 0.939479 0.403973
47 0.502875 0.442881 0.946496 0.401214
76 0.502875 0.442881 0.946496 0.401214
109 0.498587 0.443709 0.939479 0.403973
56 0.498587 0.443709 0.939479 0.403973
3 0.502875 0.442881 0.946496 0.401214
100 0.509892 0.443985 0.929344 0.399007
46 0.504824 0.443709 0.939479 0.400662
73 0.52222 0.44426 0.95556 0.400662
49 0.504824 0.443709 0.939479 0.400662
99 0.504824 0.443709 0.939479 0.400662
50 0.504824 0.443709 0.939479 0.400662
47 0.504824 0.443709 0.939479 0.400662
102 0.495468 0.0826435 0.933242 0.165287
111 0.504824 0.443709 0.939479 0.400662
109 0.509112 0.442536 0.929344 0.403008
76 0.504824 0.443709 0.939479 0.400662
110 0.521051 0.442881 0.957899 0.40011
100 0.502875 0.446537 0.946496 0.397213
73 0.51301 0.447296 0.963648 0.394592
99 0.507553 0.447848 0.962089 0.393488
46 0.508332 0.447503 0.96053 0.395281
110 0.508332 0.447503 0.96053 0.395281
47 0.508332 0.447503 0.96053 0.395281
111 0.508332 0.447503 0.96053 0.395281
49 0.508332 0.447503 0.96053 0.395281
50 0.508332 0.447503 0.96053 0.395281
109 0.507553 0.447848 0.962089 0.393488
76 0.508332 0.447503 0.96053 0.395281
100 0.504434 0.447296 0.934022 0.396799
73 0.518858 0.447296 0.958191 0.396799
46 0.498976 0.451711 0.955852 0.385762
99 0.507553 0.449503 0.93714 0.392384
47 0.507553 0.450883 0.93714 0.387417
49 0.507553 0.449503 0.93714 0.392384
111 0.507553 0.449503 0.93714 0.392384
100 0.504434 0.446468 0.944937 0.397351
73 0.514813 0.444191 0.970373 0.4008
46 0.497417 0.446744 0.962089 0.396799
99 0.504434 0.446468 0.944937 0.397351
100 0.501315 0.447641 0.943378 0.392798
73 0.513644 0.445295 0.972712 0.4008
46 0.502875 0.449158 0.946496 0.390866
99 0.502875 0.449779 0.943377 0.389625
49 0.502875 0.449158 0.946496 0.390866
109 0.502095 0.447572 0.944937 0.39404
28 0.513644 0.445295 0.972712 0.4008
100 0.508332 0.445916 0.965208 0.396247
46 0.498976 0.446468 0.957411 0.397351
73 0.500146 0.44702 0.942598 0.395143
47 0.498976 0.446468 0.957411 0.397351
111 0.503654 0.448675 0.948055 0.39404
49 0.498976 0.446468 0.957411 0.397351
56 0.503654 0.448675 0.948055 0.39404
76 0.502095 0.0664321 0.940259 0.132864
99 0.502095 0.445433 0.943377 0.398317
28 0.509892 0.44426 0.968326 0.399559
100 0.505993 0.448951 0.952733 0.393488
73 0.507553 0.44564 0.951174 0.399007
46 0.502095 0.450331 0.96053 0.388521
99 0.505993 0.448951 0.952733 0.393488
100 0.305818 0.447572 0.525095 0.403973
47 0.505993 0.448951 0.952733 0.393488
100 0.510671 0.447296 0.943378 0.394592
73 0.521051 0.447296 0.957899 0.395695
46 0.503654 0.448607 0.954293 0.390866
99 0.510671 0.447296 0.943378 0.394592
47 0.503654 0.448607 0.954293 0.390866
49 0.503654 0.448607 0.954293 0.390866
100 0.504434 0.449779 0.951174 0.391832
73 0.504824 0.448744 0.955072 0.393902
46 0.504824 0.448744 0.955072 0.393902
99 0.504434 0.449779 0.951174 0.391832
47 0.504824 0.448744 0.955072 0.393902
97 0.504824 0.448744 0.955072 0.393902
100 0.498976 0.446744 0.957411 0.396799
73 0.509112 0.44564 0.971445 0.403422
46 0.500536 0.446744 0.955852 0.399007
110 0.498976 0.446744 0.957411 0.396799
99 0.498976 0.446744 0.957411 0.396799
109 0.500536 0.446744 0.955852 0.399007
76 0.500536 0.446744 0.955852 0.399007
100 0.500536 0.447572 0.951174 0.398455
73 0.507553 0.447503 0.965208 0.405215
46 0.500536 0.447572 0.951174 0.398455
99 0.499756 0.447296 0.949615 0.396799
109 0.500536 0.447572 0.951174 0.398455
100 0.500536 0.445985 0.938699 0.402732
73 0.498977 0.445295 0.951174 0.399696
46 0.500926 0.447572 0.951954 0.396247
49 0.500926 0.447572 0.951954 0.396247
99 0.500926 0.447572 0.951954 0.396247
111 0.500926 0.447572 0.951954 0.396247
47 0.500926 0.447572 0.951954 0.396247
56 0.500926 0.447572 0.951954 0.396247
109 0.500926 0.447572 0.951954 0.396247
100 0.503654 0.447641 0.9387 0.395006
73 0.502485 0.448124 0.955072 0.392936
46 0.502485 0.448124 0.955072 0.392936
56 0.502485 0.448124 0.955072 0.392936
111 0.502485 0.448124 0.955072 0.392936
99 0.503654 0.449227 0.951174 0.390729
49 0.502485 0.448124 0.955072 0.392936
109 0.502485 0.448124 0.955072 0.392936
100 0.499756 0.445088 0.943377 0.401214
73 0.502875 0.44564 0.955852 0.40011
46 0.504824 0.44564 0.956632 0.396799
49 0.502485 0.445916 0.956632 0.399559
110 0.511841 0.446537 0.973784 0.397213
111 0.502485 0.445916 0.956632 0.399559
99 0.502875 0.44564 0.955852 0.40011
109 0.502485 0.445916 0.956632 0.399559
56 0.502485 0.445916 0.956632 0.399559
100 0.504434 0.444743 0.952733 0.4008
73 0.503265 0.449227 0.953513 0.391832
46 0.501705 0.447296 0.950394 0.394592
100 0.461553 0.0651904 0.913751 0.130381
99 0.501315 0.448607 0.954293 0.397489
29 0.501705 0.447296 0.950394 0.394592
100 0.504824 0.444881 0.936361 0.401628
73 0.504434 0.445985 0.940259 0.400524
110 0.504824 0.446192 0.945716 0.397903
46 0.501705 0.446537 0.958191 0.393902
76 0.501705 0.446537 0.958191 0.393902
109 0.501705 0.446537 0.958191 0.393902
99 0.501705 0.446537 0.958191 0.393902
15 0.517932 0.445847 0.964136 0.397489
29 0.501705 0.446537 0.958191 0.393902
100 0.509502 0.447572 0.951954 0.391832
73 0.505993 0.445364 0.935581 0.395143
110 0.509502 0.447572 0.951954 0.391832
99 0.509892 0.448193 0.951174 0.389487
100 0.507553 0.450331 0.954293 0.384106
73 0.507553 0.450607 0.955852 0.384658
99 0.505993 0.450055 0.952733 0.385762
46 0.505993 0.451987 0.95897 0.380795
110 0.507553 0.450607 0.955852 0.384658
100 0.501315 0.447848 0.943378 0.394592
46 0.505993 0.450883 0.952733 0.387417
73 0.505993 0.449779 0.954293 0.390728
111 0.505214 0.450883 0.954293 0.389625
99 0.505214 0.450883 0.954293 0.389625
109 0.505214 0.450883 0.954293 0.389625
49 0.505214 0.450883 0.954293 0.389625
47 0.505214 0.450883 0.954293 0.389625
56 0.505214 0.450883 0.954293 0.389625
110 0.501315 0.447848 0.943378 0.394592
100 0.506773 0.449779 0.954293 0.389625
73 0.506773 0.449779 0.954293 0.389625
46 0.505214 0.450883 0.957411 0.387417
99 0.505214 0.450883 0.957411 0.387417
100 0.515739 0.445364 0.955072 0.398455
73 0.508332 0.447503 0.955852 0.394178
46 0.508722 0.449158 0.953513 0.390866
99 0.508722 0.449158 0.953513 0.390866
100 0.511841 0.44702 0.953513 0.395143
73 0.506773 0.448055 0.955852 0.393074
46 0.502875 0.448675 0.96053 0.391832
99 0.502875 0.448675 0.96053 0.391832
110 0.506773 0.451435 0.954293 0.387417
100 0.506383 0.446468 0.956632 0.396247
73 0.502875 0.448744 0.95897 0.390591
99 0.502875 0.448744 0.95897 0.390591
46 0.502875 0.448744 0.95897 0.390591
100 0.504434 0.447296 0.938699 0.396799
73 0.506773 0.448951 0.951174 0.394592
46 0.497417 0.445916 0.966767 0.399559
99 0.506773 0.448951 0.951174 0.394592
110 0.506773 0.448951 0.951174 0.394592
76 0.505993 0.445985 0.952733 0.397213
100 0.504434 0.448951 0.95897 0.39128
73 0.504434 0.449779 0.95897 0.390728
46 0.498197 0.447848 0.968326 0.393488
99 0.504434 0.449779 0.95897 0.390728
110 0.504434 0.449779 0.95897 0.390728
76 0.502875 0.447503 0.95897 0.395281
100 0.507942 0.448675 0.933242 0.391832
73 0.507553 0.449503 0.952733 0.39128
46 0.506773 0.449227 0.951174 0.391832
99 0.507553 0.449503 0.952733 0.39128
49 0.507553 0.449503 0.952733 0.39128
29 0.506773 0.449227 0.951174 0.391832
76 0.506773 0.449227 0.951174 0.391832
110 0.507553 0.449503 0.952733 0.39128
100 0.509892 0.449779 0.932462 0.389625
73 0.508332 0.450331 0.944937 0.389625
46 0.506773 0.449779 0.948055 0.391832
99 0.506773 0.449779 0.948055 0.391832
110 0.509112 0.449779 0.946496 0.390728
100 0.519491 0.447641 0.961017 0.396109
73 0.51457 0.449779 0.948055 0.391832
46 0.51379 0.450331 0.949615 0.389625
111 0.51457 0.449779 0.948055 0.391832
99 0.51457 0.449779 0.948055 0.391832
110 0.51457 0.449779 0.948055 0.391832
49 0.51379 0.450331 0.949615 0.389625
100 0.518712 0.446744 0.962577 0.395695
73 0.511451 0.449227 0.944937 0.391832
46 0.511451 0.449227 0.944937 0.391832
100 0.51457 0.446951 0.966767 0.395281
73 0.508722 0.449503 0.948835 0.389073
46 0.507163 0.450331 0.950394 0.388521
99 0.508722 0.449503 0.948835 0.389073
100 0.369165 0.444743 0.654127 0.401904
100 0.515593 0.446537 0.968814 0.396109
73 0.509112 0.449779 0.951174 0.388521
46 0.509112 0.449779 0.951174 0.388521
100 0.504824 0.448675 0.939479 0.390729
73 0.508332 0.448951 0.952733 0.392384
46 0.505993 0.450331 0.952733 0.388521
99 0.508332 0.448951 0.952733 0.392384
100 0.505214 0.449503 0.9387 0.390177
73 0.506773 0.450883 0.951174 0.388521
46 0.506773 0.450883 0.951174 0.388521
99 0.506773 0.450883 0.951174 0.388521
100 0.369944 0.445364 0.658025 0.400662
109 0.509112 0.449158 0.952733 0.39197
100 0.505214 0.449503 0.9387 0.390177
73 0.508332 0.451435 0.951174 0.388521
46 0.508332 0.451435 0.951174 0.388521
99 0.508332 0.451435 0.951174 0.388521
100 0.515593 0.447296 0.968814 0.395695
73 0.505993 0.450883 0.952733 0.389625
46 0.505993 0.450883 0.952733 0.389625
100 0.504824 0.4484 0.939479 0.392384
73 0.504044 0.450331 0.955072 0.390728
46 0.504044 0.450331 0.955072 0.390728
100 0.503654 0.448055 0.940259 0.394178
73 0.504434 0.449503 0.954293 0.392384
46 0.504434 0.449503 0.954293 0.392384
100 0.502485 0.447848 0.941039 0.395695
73 0.507163 0.447572 0.958191 0.395143
46 0.504434 0.449158 0.957411 0.393074
100 0.502875 0.447296 0.940259 0.395695
73 0.507553 0.448124 0.955852 0.395143
46 0.504824 0.448951 0.958191 0.393488
49 0.504824 0.448951 0.958191 0.393488
100 0.503654 0.446951 0.941818 0.396385
73 0.509502 0.447848 0.955072 0.395695
46 0.506773 0.448607 0.957411 0.394178
100 0.504434 0.447089 0.940259 0.396109
73 0.509892 0.447572 0.954293 0.395143
46 0.507942 0.448744 0.956632 0.393902
100 0.503265 0.446537 0.942598 0.396109
73 0.508332 0.447503 0.954293 0.395281
46 0.506773 0.448675 0.957411 0.39404
100 0.502875 0.446744 0.943377 0.395695
73 0.508332 0.447572 0.954293 0.395143
46 0.506773 0.448607 0.957411 0.393074
100 0.502875 0.446468 0.943377 0.395143
73 0.507553 0.446951 0.952733 0.395281
46 0.505993 0.447572 0.955852 0.39404
100 0.502095 0.446468 0.944937 0.396247
73 0.505993 0.44702 0.952733 0.396247
46 0.504434 0.447572 0.955852 0.395143
76 0.504434 0.447572 0.955852 0.395143
100 0.502095 0.446744 0.943377 0.395695
73 0.505993 0.447296 0.952733 0.395695
46 0.505993 0.447296 0.952733 0.395695
49 0.505993 0.447296 0.952733 0.395695
76 0.504434 0.448055 0.954293 0.394178
100 0.501705 0.446744 0.944157 0.395695
73 0.504824 0.447296 0.955072 0.395695
46 0.504824 0.447296 0.955072 0.395695
49 0.504824 0.447296 0.955072 0.395695
100 0.501705 0.447089 0.944157 0.395006
73 0.505214 0.447296 0.955852 0.394592
46 0.503654 0.448675 0.957411 0.392936
49 0.505214 0.447296 0.955852 0.394592
100 0.502095 0.447296 0.944937 0.394592
73 0.505214 0.447296 0.957411 0.394592
46 0.504434 0.4484 0.95897 0.392384
100 0.501705 0.447296 0.945716 0.394592
73 0.504434 0.447572 0.95897 0.39404
46 0.503654 0.448744 0.96053 0.392798
100 0.502485 0.447572 0.944157 0.39404
73 0.505604 0.447848 0.958191 0.393488
46 0.504434 0.448951 0.95897 0.392384
100 0.502875 0.447572 0.943377 0.39404
73 0.506383 0.447848 0.958191 0.393488
46 0.504434 0.448744 0.95897 0.392798
100 0.502875 0.447641 0.943377 0.393902
73 0.505604 0.448193 0.956632 0.393902
46 0.504824 0.448951 0.958191 0.392384
100 0.502875 0.447572 0.943377 0.39404
73 0.505604 0.4484 0.956632 0.393488
46 0.505214 0.449158 0.957411 0.39197
76 0.505214 0.449158 0.957411 0.39197
100 0.503654 0.447572 0.941818 0.39404
73 0.505993 0.448193 0.955852 0.393902
46 0.505214 0.449227 0.954293 0.391832
76 0.505214 0.449227 0.954293 0.391832
100 0.504044 0.447296 0.941039 0.394592
73 0.505993 0.448124 0.954293 0.39404
46 0.505604 0.448675 0.953513 0.391832
76 0.505604 0.448675 0.953513 0.391832
100 0.504434 0.44702 0.940259 0.395143
73 0.505993 0.448744 0.952733 0.392798
46 0.505993 0.448744 0.952733 0.392798
76 0.505993 0.448744 0.952733 0.392798
100 0.504434 0.446744 0.940259 0.395695
73 0.505993 0.448675 0.952733 0.392936
46 0.505993 0.448675 0.952733 0.392936
76 0.505993 0.448675 0.952733 0.392936
100 0.504044 0.446744 0.941039 0.395695
73 0.505993 0.4484 0.952733 0.392384
46 0.505993 0.4484 0.952733 0.392384
76 0.505993 0.4484 0.952733 0.392384
100 0.503654 0.446744 0.941818 0.395695
73 0.505604 0.448607 0.953513 0.393074
46 0.505604 0.448607 0.953513 0.393074
76 0.505604 0.448607 0.953513 0.393074
100 0.504044 0.446468 0.941039 0.396247
73 0.505993 0.448607 0.952733 0.393074
46 0.505993 0.448607 0.952733 0.393074
100 0.504044 0.446468 0.941039 0.396247
73 0.505214 0.4484 0.952733 0.393488
46 0.505214 0.4484 0.952733 0.393488
100 0.503654 0.446468 0.941818 0.396247
73 0.505214 0.4484 0.952733 0.393488
46 0.505214 0.4484 0.952733 0.393488
100 0.503654 0.446468 0.941818 0.396247
73 0.505214 0.4484 0.951174 0.393488
46 0.505214 0.4484 0.951174 0.393488
100 0.503654 0.446468 0.941818 0.396247
73 0.505214 0.4484 0.951174 0.393488
46 0.505214 0.4484 0.951174 0.393488
99 0.505214 0.4484 0.951174 0.393488
100 0.503654 0.446468 0.941818 0.396247
73 0.505214 0.4484 0.951174 0.393488
46 0.505214 0.4484 0.951174 0.393488
99 0.505214 0.4484 0.951174 0.393488
100 0.503654 0.446468 0.941818 0.396247
73 0.505214 0.448193 0.951174 0.393902
46 0.505214 0.448193 0.951174 0.393902
99 0.505214 0.448193 0.951174 0.393902
100 0.503654 0.446468 0.941818 0.396247
73 0.505604 0.448193 0.950394 0.393902
46 0.505604 0.448193 0.950394 0.393902
99 0.505604 0.448193 0.950394 0.393902
100 0.503654 0.446399 0.941818 0.396385
73 0.505214 0.448124 0.951174 0.39404
46 0.505214 0.448124 0.951174 0.39404
99 0.505214 0.448124 0.951174 0.39404
100 0.503654 0.446192 0.941818 0.396799
73 0.505214 0.448055 0.951174 0.394178
46 0.505214 0.448055 0.951174 0.394178
99 0.505214 0.448055 0.951174 0.394178
100 0.503654 0.446192 0.941818 0.396799
73 0.505214 0.447848 0.951174 0.394592
46 0.505214 0.447848 0.951174 0.394592
76 0.505214 0.447848 0.951174 0.394592
100 0.503654 0.446192 0.941818 0.396799
73 0.505604 0.447848 0.951954 0.394592
46 0.505604 0.447848 0.951954 0.394592
100 0.503654 0.446192 0.941818 0.396799
73 0.505604 0.448055 0.951954 0.394178
46 0.505604 0.448055 0.951954 0.394178
100 0.503654 0.446192 0.941818 0.396799
73 0.505604 0.448055 0.951954 0.394178
46 0.505604 0.448055 0.951954 0.394178
100 0.503654 0.446192 0.941818 0.396799
73 0.505604 0.447848 0.951954 0.394592
46 0.505604 0.447848 0.951954 0.394592
100 0.503654 0.446192 0.941818 0.396799
73 0.505214 0.447848 0.952733 0.394592
46 0.505214 0.447848 0.952733 0.394592
100 0.503654 0.446192 0.941818 0.396799
73 0.505214 0.447848 0.952733 0.394592
46 0.505214 0.447848 0.952733 0.394592
100 0.503654 0.446192 0.941818 0.396799
73 0.505214 0.447641 0.952733 0.395006
46 0.505214 0.447641 0.952733 0.395006
99 0.505214 0.447641 0.952733 0.395006
100 0.503654 0.446192 0.941818 0.396799
73 0.505214 0.447848 0.951174 0.394592
46 0.505214 0.447848 0.951174 0.394592
99 0.505214 0.447848 0.951174 0.394592
100 0.503654 0.446192 0.941818 0.396799
73 0.505214 0.447641 0.951174 0.395006
46 0.505214 0.447641 0.951174 0.395006
99 0.505214 0.447641 0.951174 0.395006
100 0.503654 0.446192 0.941818 0.396799
73 0.505214 0.447641 0.951174 0.395006
46 0.505214 0.447641 0.951174 0.395006
99 0.505214 0.447641 0.951174 0.395006
100 0.503654 0.446192 0.941818 0.396799
73 0.505214 0.447572 0.951174 0.395143
46 0.505214 0.447572 0.951174 0.395143
99 0.505214 0.447572 0.951174 0.395143
100 0.503654 0.446192 0.941818 0.396799
73 0.505214 0.447572 0.951174 0.395143
46 0.505214 0.447572 0.951174 0.395143
99 0.505214 0.447572 0.951174 0.395143
100 0.503654 0.446192 0.941818 0.396799
73 0.505214 0.447572 0.951174 0.395143
46 0.505214 0.447572 0.951174 0.395143
99 0.505214 0.447572 0.951174 0.395143
100 0.503654 0.446192 0.941818 0.396799
73 0.505604 0.447572 0.950394 0.395143
46 0.505604 0.447572 0.950394 0.395143
99 0.505604 0.447572 0.950394 0.395143
100 0.503654 0.446192 0.941818 0.396799
73 0.505993 0.447572 0.949615 0.395143
46 0.505993 0.447572 0.949615 0.395143
99 0.505993 0.447572 0.949615 0.395143
100 0.504044 0.446192 0.941039 0.396799
73 0.505993 0.447503 0.949615 0.395281
46 0.505993 0.447503 0.949615 0.395281
99 0.505993 0.447503 0.949615 0.395281
100 0.504044 0.445985 0.941039 0.397213
73 0.506383 0.447503 0.948835 0.395281
46 0.506383 0.447503 0.948835 0.395281
99 0.506383 0.447503 0.948835 0.395281
100 0.504434 0.446192 0.940259 0.396799
73 0.506383 0.447503 0.948835 0.395281
46 0.506383 0.447503 0.948835 0.395281
99 0.506383 0.447503 0.948835 0.395281
100 0.504434 0.445985 0.940259 0.397213
73 0.506773 0.447296 0.948055 0.395695
46 0.506773 0.447296 0.948055 0.395695
99 0.506773 0.447296 0.948055 0.395695
100 0.504434 0.446192 0.940259 0.396799
73 0.506773 0.447296 0.948055 0.395695
46 0.506773 0.447296 0.948055 0.395695
99 0.506773 0.447296 0.948055 0.395695
100 0.504434 0.445985 0.940259 0.397213
73 0.506773 0.447296 0.948055 0.395695
46 0.506773 0.447296 0.948055 0.395695
99 0.506773 0.447296 0.948055 0.395695
100 0.504434 0.445985 0.940259 0.397213
73 0.506773 0.447296 0.948055 0.395695
46 0.506773 0.447296 0.948055 0.395695
99 0.506773 0.447296 0.948055 0.395695
100 0.504434 0.445985 0.940259 0.397213
73 0.507553 0.447296 0.948055 0.395695
46 0.507553 0.447296 0.948055 0.395695
99 0.507553 0.447296 0.948055 0.395695
100 0.504434 0.445985 0.940259 0.397213
73 0.507553 0.447296 0.948055 0.395695
46 0.507553 0.447296 0.948055 0.395695
99 0.507553 0.447296 0.948055 0.395695
100 0.504434 0.445916 0.940259 0.397351
73 0.507553 0.447089 0.948055 0.396109
46 0.507553 0.447089 0.948055 0.396109
99 0.507553 0.447089 0.948055 0.396109
100 0.504824 0.445916 0.939479 0.397351
73 0.507553 0.447089 0.946496 0.396109
46 0.507553 0.447089 0.946496 0.396109
99 0.507553 0.447089 0.946496 0.396109
100 0.504824 0.445916 0.939479 0.397351
73 0.507553 0.447089 0.948055 0.396109
46 0.507553 0.447089 0.948055 0.396109
99 0.507553 0.447089 0.948055 0.396109
100 0.504434 0.445916 0.940259 0.397351
73 0.508332 0.447089 0.948055 0.396109
46 0.508332 0.447089 0.948055 0.396109
99 0.508332 0.447089 0.948055 0.396109
100 0.504824 0.445916 0.939479 0.397351
73 0.508332 0.44702 0.948055 0.396247
46 0.508332 0.44702 0.948055 0.396247
99 0.508332 0.44702 0.948055 0.396247
100 0.504824 0.445916 0.939479 0.397351
73 0.508332 0.44702 0.948055 0.396247
46 0.508332 0.44702 0.948055 0.396247
99 0.508332 0.44702 0.948055 0.396247
100 0.504434 0.445916 0.940259 0.397351
73 0.508332 0.44702 0.948055 0.396247
46 0.508332 0.44702 0.948055 0.396247
99 0.508332 0.44702 0.948055 0.396247
100 0.504824 0.445916 0.939479 0.397351
73 0.508332 0.44702 0.948055 0.396247
46 0.508332 0.44702 0.948055 0.396247
99 0.508332 0.44702 0.948055 0.396247
100 0.504824 0.445916 0.939479 0.397351
73 0.508722 0.44702 0.947276 0.396247
46 0.508722 0.44702 0.947276 0.396247
99 0.508722 0.44702 0.947276 0.396247
100 0.504824 0.445916 0.939479 0.397351
73 0.508722 0.446951 0.947276 0.396385
46 0.508722 0.446951 0.947276 0.396385
99 0.508722 0.446951 0.947276 0.396385
100 0.504824 0.445985 0.939479 0.397213
73 0.508332 0.446951 0.948055 0.396385
46 0.508332 0.446951 0.948055 0.396385
99 0.508332 0.446951 0.948055 0.396385
100 0.504824 0.445916 0.939479 0.397351
73 0.508332 0.446951 0.948055 0.396385
46 0.508332 0.446951 0.948055 0.396385
99 0.508332 0.446951 0.948055 0.396385
100 0.504824 0.445985 0.939479 0.397213
73 0.508722 0.44702 0.947276 0.396247
46 0.508722 0.44702 0.947276 0.396247
99 0.508722 0.44702 0.947276 0.396247
100 0.504824 0.445916 0.939479 0.397351
73 0.508722 0.44702 0.947276 0.396247
46 0.508722 0.44702 0.947276 0.396247
99 0.508722 0.44702 0.947276 0.396247
100 0.504824 0.445916 0.939479 0.397351
73 0.509112 0.44702 0.946496 0.396247
46 0.509112 0.44702 0.946496 0.396247
99 0.509112 0.44702 0.946496 0.396247
100 0.504824 0.445916 0.939479 0.397351
73 0.509112 0.44702 0.946496 0.396247
46 0.509112 0.44702 0.946496 0.396247
99 0.509112 0.44702 0.946496 0.396247
100 0.505214 0.445916 0.9387 0.397351
73 0.509112 0.44702 0.946496 0.396247
46 0.509112 0.44702 0.946496 0.396247
99 0.509112 0.44702 0.946496 0.396247
100 0.504434 0.445916 0.938699 0.397351
73 0.509112 0.44702 0.946496 0.396247
46 0.509112 0.44702 0.946496 0.396247
99 0.509112 0.44702 0.946496 0.396247
100 0.504434 0.445916 0.938699 0.397351
73 0.509112 0.446951 0.946496 0.396385
46 0.509112 0.446951 0.946496 0.396385
99 0.509112 0.446951 0.946496 0.396385
