48 0.503051 0.491516 0.971786 0.464932
33 0.491352 0.486425 0.979585 0.475113
48 0.499931 0.411482 0.978025 0.286765
95 0.490572 0.472851 0.973346 0.504525
50 0.499931 0.411482 0.978025 0.286765
67 0.490572 0.472851 0.973346 0.504525
17 0.490572 0.472851 0.973346 0.504525
33 0.30534 0.549774 0.599762 0.356335
49 0.498372 0.484234 0.987384 0.477234
14 0.30534 0.549774 0.599762 0.356335
84 0.490572 0.472851 0.973346 0.504525
79 0.490572 0.472851 0.973346 0.504525
16 0.490572 0.472851 0.973346 0.504525
50 0.498372 0.484234 0.987384 0.477234
109 0.490572 0.472851 0.973346 0.504525
53 0.490572 0.482749 0.974905 0.48586
101 0.492522 0.469174 0.985044 0.51414
15 0.40712 0.484729 0.809561 0.487557
74 0.490572 0.472851 0.973346 0.504525
14 0.490572 0.482749 0.974905 0.48586
68 0.499931 0.411482 0.978025 0.286765
103 0.504221 0.42138 0.966326 0.308824
4 0.300271 0.604638 0.563105 0.24095
101 0.504221 0.42138 0.966326 0.308824
56 0.490572 0.472851 0.973346 0.504525
16 0.30534 0.549774 0.599762 0.356335
95 0.30534 0.549774 0.599762 0.356335
111 0.498372 0.484234 0.987384 0.477234
17 0.30534 0.549774 0.599762 0.356335
7 0.492522 0.469174 0.985044 0.51414
81 0.498372 0.484234 0.987384 0.477234
16 0.300271 0.604638 0.563105 0.24095
77 0.497982 0.482183 0.986604 0.470023
54 0.497202 0.492364 0.983485 0.464366
68 0.498372 0.484234 0.987384 0.477234
103 0.497982 0.482183 0.986604 0.470023
67 0.30846 0.601669 0.546727 0.249152
11 0.491352 0.486425 0.979585 0.475113
75 0.490572 0.472851 0.973346 0.504525
48 0.30534 0.549774 0.599762 0.356335
26 0.295201 0.545249 0.577924 0.361991
73 0.504221 0.42138 0.966326 0.308824
76 0.498372 0.484234 0.987384 0.477234
15 0.30534 0.549774 0.599762 0.356335
46 0.498372 0.484234 0.987384 0.477234
49 0.504221 0.42138 0.966326 0.308824
111 0.504221 0.42138 0.966326 0.308824
95 0.504221 0.42138 0.966326 0.308824
104 0.498372 0.484234 0.987384 0.477234
9 0.300271 0.604638 0.563105 0.24095
74 0.504221 0.42138 0.966326 0.308824
75 0.504221 0.42138 0.966326 0.308824
6 0.30534 0.549774 0.599762 0.356335
11 0.30534 0.549774 0.599762 0.356335
21 0.40712 0.484729 0.809561 0.487557
47 0.498372 0.48388 0.985824 0.479072
21 0.30846 0.601669 0.546727 0.249152
66 0.490572 0.472851 0.973346 0.504525
109 0.499931 0.411482 0.978025 0.286765
77 0.504221 0.42138 0.966326 0.308824
7 0.30534 0.549774 0.599762 0.356335
9 0.30534 0.549774 0.599762 0.356335
78 0.491352 0.475608 0.971786 0.51711
102 0.504221 0.42138 0.966326 0.308824
42 0.40712 0.484729 0.809561 0.487557
34 0.491352 0.486425 0.979585 0.475113
33 0.30846 0.601669 0.546727 0.249152
97 0.490572 0.472851 0.973346 0.504525
110 0.30534 0.549774 0.599762 0.356335
15 0.30846 0.601669 0.546727 0.249152
105 0.40712 0.484729 0.809561 0.487557
6 0.30846 0.601669 0.546727 0.249152
20 0.300271 0.604638 0.563105 0.24095
54 0.504221 0.42138 0.966326 0.308824
110 0.490572 0.472851 0.973346 0.504525
73 0.497982 0.482183 0.986604 0.470023
67 0.504221 0.42138 0.966326 0.308824
56 0.504221 0.42138 0.966326 0.308824
29 0.30534 0.549774 0.599762 0.356335
29 0.465615 0.496606 0.92343 0.452489
8 0.300271 0.604638 0.563105 0.24095
31 0.40712 0.484729 0.809561 0.487557
4 0.30534 0.549774 0.599762 0.356335
12 0.491352 0.475608 0.971786 0.51711
24 0.491352 0.486425 0.979585 0.475113
5 0.492522 0.469174 0.985044 0.51414
28 0.30846 0.601669 0.546727 0.249152
80 0.498372 0.484234 0.987384 0.477234
31 0.30534 0.549774 0.599762 0.356335
28 0.295201 0.545249 0.577924 0.361991
67 0.30534 0.549774 0.599762 0.356335
28 0.497982 0.482183 0.986604 0.470023
100 0.497982 0.482183 0.986604 0.470023
105 0.30534 0.549774 0.599762 0.356335
53 0.504221 0.42138 0.966326 0.308824
6 0.40712 0.484729 0.809561 0.487557
110 0.30846 0.601669 0.546727 0.249152
17 0.504221 0.42138 0.966326 0.308824
67 0.397761 0.602376 0.770565 0.244344
104 0.499931 0.411482 0.978025 0.286765
101 0.30534 0.549774 0.599762 0.356335
84 0.504221 0.42138 0.966326 0.308824
79 0.499931 0.411482 0.978025 0.286765
32 0.492522 0.469174 0.985044 0.51414
8 0.295201 0.545249 0.577924 0.361991
9 0.40712 0.484729 0.809561 0.487557
66 0.504221 0.42138 0.966326 0.308824
0 0.40712 0.484729 0.809561 0.487557
109 0.30534 0.549774 0.599762 0.356335
3 0.295201 0.545249 0.577924 0.361991
13 0.491352 0.486425 0.979585 0.475113
81 0.30846 0.601669 0.546727 0.249152
8 0.492522 0.469174 0.985044 0.51414
42 0.30534 0.549774 0.599762 0.356335
18 0.300271 0.604638 0.563105 0.24095
48 0.300271 0.604638 0.563105 0.24095
20 0.295201 0.545249 0.577924 0.361991
49 0.30534 0.549774 0.599762 0.356335
51 0.498372 0.484234 0.987384 0.477234
0 0.30534 0.549774 0.599762 0.356335
14 0.300271 0.604638 0.563105 0.24095
46 0.30534 0.549774 0.599762 0.356335
78 0.30534 0.549774 0.599762 0.356335
15 0.397761 0.602376 0.770565 0.244344
38 0.490572 0.482749 0.974905 0.48586
47 0.534248 0.427036 0.920311 0.304299
32 0.30534 0.549774 0.599762 0.356335
10 0.30534 0.549774 0.599762 0.356335
100 0.504221 0.42138 0.966326 0.308824
21 0.30534 0.549774 0.599762 0.356335
17 0.30846 0.601669 0.546727 0.249152
84 0.30534 0.549774 0.599762 0.356335
3 0.300271 0.604638 0.563105 0.24095
4 0.490572 0.472851 0.973346 0.504525
5 0.30846 0.601669 0.546727 0.249152
26 0.465615 0.496606 0.92343 0.452489
42 0.30846 0.601669 0.546727 0.249152
10 0.465615 0.496606 0.92343 0.452489
41 0.490572 0.482749 0.974905 0.48586
53 0.397761 0.602376 0.770565 0.244344
53 0.30846 0.601669 0.546727 0.249152
102 0.497982 0.482183 0.986604 0.470023
10 0.30846 0.601669 0.546727 0.249152
7 0.30846 0.601669 0.546727 0.249152
18 0.295201 0.545249 0.577924 0.361991
79 0.30534 0.549774 0.599762 0.356335
81 0.30534 0.549774 0.599762 0.356335
24 0.295201 0.545249 0.577924 0.361991
5 0.499931 0.411482 0.978025 0.286765
75 0.30534 0.549774 0.599762 0.356335
30 0.295201 0.545249 0.577924 0.361991
101 0.300271 0.604638 0.563105 0.24095
81 0.397761 0.602376 0.770565 0.244344
13 0.295201 0.545249 0.577924 0.361991
46 0.504221 0.42138 0.966326 0.308824
105 0.504221 0.42138 0.966326 0.308824
23 0.300271 0.604638 0.563105 0.24095
19 0.300271 0.604638 0.563105 0.24095
20 0.465615 0.496606 0.92343 0.452489
99 0.502271 0.488688 0.971786 0.470588
84 0.30846 0.601669 0.546727 0.249152
55 0.491352 0.486425 0.979585 0.475113
76 0.504221 0.42138 0.966326 0.308824
30 0.465615 0.496606 0.92343 0.452489
42 0.504611 0.455034 0.965546 0.371606
110 0.397761 0.602376 0.770565 0.244344
22 0.30846 0.601669 0.546727 0.249152
49 0.300271 0.604638 0.563105 0.24095
5 0.30534 0.549774 0.599762 0.356335
19 0.295201 0.545249 0.577924 0.361991
108 0.504221 0.42138 0.966326 0.308824
3 0.465615 0.496606 0.92343 0.452489
24 0.300271 0.604638 0.563105 0.24095
8 0.392984 0.498869 0.780119 0.438914
53 0.30534 0.549774 0.599762 0.356335
54 0.30846 0.601669 0.546727 0.249152
2 0.300271 0.604638 0.563105 0.24095
4 0.392984 0.498869 0.780119 0.438914
72 0.490572 0.482749 0.974905 0.48586
97 0.504221 0.42138 0.966326 0.308824
108 0.492522 0.469174 0.985044 0.51414
109 0.30846 0.601669 0.546727 0.249152
46 0.30846 0.601669 0.546727 0.249152
28 0.504221 0.42138 0.966326 0.308824
33 0.476534 0.37698 0.946828 0.399887
19 0.40712 0.484729 0.809561 0.487557
51 0.30534 0.549774 0.599762 0.356335
80 0.499931 0.411482 0.978025 0.286765
38 0.508121 0.411199 0.958527 0.278281
26 0.295201 0.599406 0.563885 0.251414
78 0.504221 0.42138 0.966326 0.308824
29 0.300271 0.604638 0.563105 0.24095
7 0.504221 0.42138 0.966326 0.308824
36 0.492522 0.469174 0.985044 0.51414
22 0.40712 0.484729 0.809561 0.487557
74 0.30534 0.549774 0.599762 0.356335
52 0.504611 0.455034 0.965546 0.371606
30 0.300271 0.604638 0.563105 0.24095
38 0.397761 0.602376 0.770565 0.244344
2 0.30534 0.549774 0.599762 0.356335
34 0.30534 0.549774 0.599762 0.356335
6 0.397761 0.602376 0.770565 0.244344
16 0.476534 0.37698 0.946828 0.399887
38 0.30846 0.601669 0.546727 0.249152
12 0.504221 0.42138 0.966326 0.308824
27 0.295201 0.545249 0.577924 0.361991
102 0.300271 0.604638 0.563105 0.24095
51 0.300271 0.604638 0.563105 0.24095
81 0.534248 0.427036 0.920311 0.304299
55 0.30534 0.549774 0.599762 0.356335
99 0.397761 0.602376 0.770565 0.244344
11 0.300271 0.604638 0.563105 0.24095
94 0.490572 0.472851 0.973346 0.504525
100 0.30534 0.549774 0.599762 0.356335
26 0.504221 0.42138 0.966326 0.308824
50 0.675025 0.425622 0.635638 0.293552
74 0.30846 0.601669 0.546727 0.249152
17 0.397761 0.602376 0.770565 0.244344
41 0.30534 0.549774 0.599762 0.356335
74 0.397761 0.602376 0.770565 0.244344
92 0.497982 0.482183 0.986604 0.470023
18 0.392984 0.498869 0.780119 0.438914
5 0.397761 0.602376 0.770565 0.244344
5 0.392984 0.498869 0.780119 0.438914
17 0.392984 0.498869 0.780119 0.438914
51 0.504221 0.42138 0.966326 0.308824
109 0.397761 0.602376 0.770565 0.244344
15 0.504221 0.42138 0.966326 0.308824
7 0.397761 0.602376 0.770565 0.244344
84 0.397761 0.602376 0.770565 0.244344
34 0.499931 0.411482 0.978025 0.286765
22 0.295201 0.545249 0.577924 0.361991
42 0.397761 0.602376 0.770565 0.244344
24 0.476534 0.37698 0.946828 0.399887
54 0.30534 0.549774 0.599762 0.356335
14 0.476534 0.37698 0.946828 0.399887
16 0.392984 0.498869 0.780119 0.438914
56 0.30534 0.549774 0.599762 0.356335
32 0.392984 0.498869 0.780119 0.438914
13 0.30846 0.601669 0.546727 0.249152
52 0.497982 0.384333 0.981925 0.344457
0 0.504221 0.42138 0.966326 0.308824
0 0.30846 0.601669 0.546727 0.249152
79 0.30846 0.601669 0.546727 0.249152
71 0.465615 0.496606 0.92343 0.452489
28 0.397761 0.602376 0.770565 0.244344
33 0.397761 0.602376 0.770565 0.244344
110 0.504221 0.42138 0.966326 0.308824
55 0.295201 0.599406 0.563885 0.251414
21 0.397761 0.602376 0.770565 0.244344
1 0.30534 0.549774 0.599762 0.356335
102 0.295201 0.545249 0.577924 0.361991
32 0.300271 0.604638 0.563105 0.24095
7 0.392984 0.498869 0.780119 0.438914
11 0.504221 0.42138 0.966326 0.308824
31 0.30846 0.601669 0.546727 0.249152
16 0.451576 0.322964 0.898473 0.297511
95 0.300271 0.604638 0.563105 0.24095
80 0.397761 0.602376 0.770565 0.244344
27 0.465615 0.496606 0.92343 0.452489
54 0.397761 0.602376 0.770565 0.244344
81 0.503831 0.45871 0.973346 0.550905
104 0.503831 0.45871 0.973346 0.550905
78 0.503831 0.45871 0.973346 0.550905
108 0.503831 0.45871 0.973346 0.550905
80 0.488623 0.479072 0.972566 0.512443
79 0.503831 0.45871 0.973346 0.550905
33 0.503831 0.45871 0.973346 0.550905
54 0.503831 0.482466 0.976465 0.503394
56 0.503831 0.45871 0.973346 0.550905
75 0.488623 0.479072 0.972566 0.512443
74 0.503831 0.45871 0.973346 0.550905
105 0.503831 0.45871 0.973346 0.550905
66 0.503831 0.45871 0.973346 0.550905
111 0.488623 0.479072 0.972566 0.512443
103 0.503831 0.45871 0.973346 0.550905
109 0.488623 0.479072 0.972566 0.512443
41 0.503831 0.482466 0.976465 0.503394
17 0.503831 0.45871 0.973346 0.550905
99 0.488623 0.479072 0.972566 0.512443
42 0.503831 0.45871 0.973346 0.550905
95 0.488623 0.479072 0.972566 0.512443
48 0.488623 0.479072 0.972566 0.512443
48 0.323669 0.498586 0.642658 0.468891
46 0.488623 0.479072 0.972566 0.512443
67 0.488623 0.479072 0.972566 0.512443
84 0.503831 0.45871 0.973346 0.550905
101 0.488623 0.479072 0.972566 0.512443
110 0.499931 0.482961 0.971786 0.504666
54 0.323669 0.498586 0.642658 0.468891
50 0.499931 0.482961 0.971786 0.504666
52 0.488623 0.479072 0.972566 0.512443
101 0.323669 0.498586 0.642658 0.468891
46 0.323669 0.498586 0.642658 0.468891
99 0.323669 0.498586 0.642658 0.468891
50 0.323669 0.498586 0.642658 0.468891
109 0.323669 0.498586 0.642658 0.468891
111 0.323669 0.498586 0.642658 0.468891
67 0.323669 0.498586 0.642658 0.468891
52 0.323669 0.498586 0.642658 0.468891
68 0.488623 0.479072 0.972566 0.512443
75 0.323669 0.498586 0.642658 0.468891
47 0.323669 0.498586 0.642658 0.468891
53 0.488623 0.479072 0.972566 0.512443
73 0.488623 0.479072 0.972566 0.512443
77 0.488623 0.479072 0.972566 0.512443
80 0.30729 0.483314 0.609901 0.497172
47 0.488623 0.479072 0.972566 0.512443
50 0.511699 0.944004 0.976602 0.111991
104 0.323669 0.498586 0.642658 0.468891
81 0.30729 0.483314 0.609901 0.497172
56 0.323669 0.498586 0.642658 0.468891
95 0.323669 0.498586 0.642658 0.468891
102 0.488623 0.479072 0.972566 0.512443
66 0.323669 0.498586 0.642658 0.468891
50 0.294811 0.592195 0.573244 0.274887
97 0.503831 0.45871 0.973346 0.550905
111 0.511699 0.944004 0.976602 0.111991
76 0.488623 0.479072 0.972566 0.512443
105 0.323669 0.498586 0.642658 0.468891
110 0.323669 0.498586 0.642658 0.468891
4 0.451479 0.649321 0.25757 0.156109
46 0.294811 0.592195 0.573244 0.274887
53 0.323669 0.498586 0.642658 0.468891
101 0.294811 0.592195 0.573244 0.274887
4 0.457036 0.679864 0.263614 0.0927602
84 0.323669 0.498586 0.642658 0.468891
68 0.294811 0.592195 0.573244 0.274887
48 0.511699 0.944004 0.976602 0.111991
74 0.30729 0.483314 0.609901 0.497172
68 0.511699 0.944004 0.976602 0.111991
41 0.30729 0.483314 0.609901 0.497172
31 0.503831 0.45871 0.973346 0.550905
68 0.323669 0.498586 0.642658 0.468891
21 0.503831 0.45871 0.973346 0.550905
78 0.30729 0.483314 0.609901 0.497172
77 0.30729 0.483314 0.609901 0.497172
79 0.323669 0.498586 0.642658 0.468891
102 0.294811 0.592195 0.573244 0.274887
6 0.455866 0.656109 0.262834 0.140271
111 0.507341 0.888575 0.981925 0.222851
101 0.511699 0.944004 0.976602 0.111991
102 0.323669 0.498586 0.642658 0.468891
103 0.323669 0.498586 0.642658 0.468891
73 0.323669 0.498586 0.642658 0.468891
67 0.294811 0.592195 0.573244 0.274887
46 0.511699 0.944004 0.976602 0.111991
76 0.323669 0.498586 0.642658 0.468891
48 0.294811 0.592195 0.573244 0.274887
99 0.511699 0.944004 0.976602 0.111991
35 0.503831 0.45871 0.973346 0.550905
50 0.507341 0.888575 0.981925 0.222851
108 0.502271 0.440045 0.973346 0.88009
42 0.30729 0.483314 0.609901 0.497172
97 0.30729 0.483314 0.609901 0.497172
49 0.511699 0.944004 0.976602 0.111991
28 0.503831 0.45871 0.973346 0.550905
17 0.455866 0.656109 0.262834 0.140271
99 0.294811 0.592195 0.573244 0.274887
110 0.511699 0.944004 0.976602 0.111991
49 0.471854 0.518948 0.914071 0.429299
1 0.457036 0.679864 0.263614 0.0927602
100 0.499931 0.482961 0.971786 0.504666
1 0.450894 0.652715 0.266539 0.142534
9 0.431688 0.679864 0.212139 0.0882353
73 0.511699 0.944004 0.976602 0.111991
14 0.455866 0.656109 0.262834 0.140271
111 0.309435 0.60181 0.559596 0.254525
48 0.507341 0.888575 0.981925 0.222851
3 0.450894 0.652715 0.266539 0.142534
17 0.323669 0.498586 0.642658 0.468891
49 0.323669 0.498586 0.642658 0.468891
34 0.488623 0.479072 0.972566 0.512443
9 0.450894 0.652715 0.266539 0.142534
78 0.503831 0.448247 0.974905 0.896493
14 0.496032 0.459842 0.967106 0.550905
108 0.30729 0.483314 0.609901 0.497172
52 0.294811 0.592195 0.573244 0.274887
95 0.511699 0.944004 0.976602 0.111991
77 0.511699 0.944004 0.976602 0.111991
110 0.294811 0.592195 0.573244 0.274887
31 0.457036 0.679864 0.263614 0.0927602
33 0.30729 0.483314 0.609901 0.497172
12 0.455866 0.656109 0.262834 0.140271
47 0.294811 0.592195 0.573244 0.274887
46 0.507341 0.888575 0.981925 0.222851
100 0.511699 0.944004 0.976602 0.111991
76 0.532367 0.950792 0.935266 0.0984163
80 0.452356 0.396493 0.900033 0.691176
7 0.451479 0.649321 0.25757 0.156109
6 0.457036 0.679864 0.263614 0.0927602
78 0.419599 0.401584 0.839199 0.780543
30 0.450894 0.652715 0.266539 0.142534
13 0.457036 0.679864 0.263614 0.0927602
76 0.507799 0.914593 0.984402 0.170814
100 0.294811 0.592195 0.573244 0.274887
68 0.507341 0.888575 0.981925 0.222851
53 0.294811 0.592195 0.573244 0.274887
101 0.507341 0.888575 0.981925 0.222851
72 0.503831 0.45871 0.973346 0.550905
6 0.503831 0.482466 0.976465 0.503394
56 0.502271 0.440045 0.973346 0.88009
67 0.531197 0.945136 0.937606 0.109729
109 0.294811 0.592195 0.573244 0.274887
13 0.451479 0.649321 0.25757 0.156109
33 0.455866 0.656109 0.262834 0.140271
100 0.323669 0.498586 0.642658 0.468891
79 0.502271 0.440045 0.973346 0.88009
54 0.452356 0.396493 0.900033 0.691176
75 0.452356 0.396493 0.900033 0.691176
104 0.502271 0.440045 0.973346 0.88009
73 0.507341 0.888575 0.981925 0.222851
1 0.488623 0.479072 0.972566 0.512443
80 0.294811 0.592195 0.573244 0.274887
51 0.488623 0.479072 0.972566 0.512443
49 0.295981 0.572398 0.576364 0.315611
75 0.511699 0.944004 0.976602 0.111991
54 0.294811 0.592195 0.573244 0.274887
8 0.450894 0.652715 0.266539 0.142534
80 0.502271 0.440045 0.973346 0.88009
17 0.431688 0.679864 0.212139 0.0882353
102 0.507799 0.914593 0.984402 0.170814
81 0.502271 0.440045 0.973346 0.88009
108 0.501101 0.466063 0.989724 0.585973
81 0.501101 0.466063 0.989724 0.585973
78 0.501101 0.466063 0.989724 0.585973
104 0.501101 0.466063 0.989724 0.585973
79 0.501101 0.466063 0.989724 0.585973
108 0.496812 0.476244 0.993624 0.86086
81 0.496812 0.476244 0.993624 0.86086
105 0.495252 0.471437 0.990504 0.570701
78 0.496812 0.476244 0.993624 0.86086
56 0.495252 0.471437 0.990504 0.570701
79 0.496812 0.476244 0.993624 0.86086
104 0.496812 0.476244 0.993624 0.86086
80 0.501101 0.466063 0.989724 0.585973
81 0.486283 0.529977 0.955407 0.411765
108 0.486283 0.529977 0.955407 0.411765
104 0.486283 0.529977 0.955407 0.411765
105 0.496812 0.476244 0.993624 0.86086
95 0.496812 0.511312 0.987384 0.4819
78 0.486283 0.529977 0.955407 0.411765
56 0.496812 0.476244 0.993624 0.86086
108 0.485113 0.328337 0.967106 0.656674
53 0.495252 0.471437 0.990504 0.570701
52 0.501101 0.466063 0.989724 0.585973
79 0.486283 0.529977 0.955407 0.411765
78 0.495252 0.247172 0.990504 0.494344
84 0.495252 0.471437 0.990504 0.570701
95 0.496812 0.476244 0.993624 0.86086
74 0.501101 0.466063 0.989724 0.585973
81 0.485113 0.328337 0.967106 0.656674
105 0.486283 0.529977 0.955407 0.411765
80 0.498372 0.43948 0.993624 0.878959
104 0.485113 0.328337 0.967106 0.656674
68 0.494862 0.185238 0.988164 0.370475
79 0.485113 0.328337 0.967106 0.656674
108 0.495642 0.227517 0.989724 0.455034
80 0.486673 0.242364 0.970226 0.484729
68 0.501101 0.466063 0.989724 0.585973
53 0.496812 0.476244 0.993624 0.86086
54 0.501101 0.466063 0.989724 0.585973
56 0.486283 0.529977 0.955407 0.411765
74 0.486673 0.242364 0.970226 0.484729
17 0.501101 0.466063 0.989724 0.585973
84 0.496812 0.476244 0.993624 0.86086
95 0.495252 0.247172 0.990504 0.494344
52 0.496812 0.476244 0.993624 0.86086
48 0.498372 0.0624293 0.984264 0.124859
48 0.495252 0.471437 0.990504 0.570701
111 0.495252 0.471437 0.990504 0.570701
74 0.496032 0.411765 0.992064 0.823529
48 0.501491 0.171239 0.976465 0.342477
68 0.498372 0.0624293 0.984264 0.124859
68 0.496812 0.34276 0.981145 0.68552
66 0.501101 0.466063 0.989724 0.585973
33 0.501101 0.466063 0.989724 0.585973
53 0.495642 0.227517 0.989724 0.455034
81 0.484333 0.67435 0.957747 0.517817
109 0.496812 0.511312 0.987384 0.4819
104 0.484333 0.67435 0.957747 0.517817
80 0.486283 0.529977 0.955407 0.411765
103 0.501101 0.466063 0.989724 0.585973
101 0.496812 0.511312 0.987384 0.4819
67 0.496812 0.511312 0.987384 0.4819
53 0.496812 0.34276 0.981145 0.68552
68 0.496812 0.476244 0.993624 0.86086
53 0.498372 0.0624293 0.984264 0.124859
75 0.495252 0.471437 0.990504 0.570701
101 0.501491 0.220871 0.974905 0.441742
109 0.495642 0.227517 0.989724 0.455034
77 0.501491 0.220871 0.974905 0.441742
84 0.495252 0.247172 0.990504 0.494344
54 0.496812 0.476244 0.993624 0.86086
17 0.496812 0.476244 0.993624 0.86086
78 0.498762 0.661765 0.991284 0.538462
56 0.496812 0.34276 0.981145 0.68552
52 0.495252 0.247172 0.990504 0.494344
105 0.495252 0.247172 0.990504 0.494344
79 0.495642 0.227517 0.989724 0.455034
84 0.486283 0.529977 0.955407 0.411765
50 0.505001 0.050905 0.964766 0.10181
66 0.486673 0.242364 0.970226 0.484729
50 0.501491 0.171239 0.976465 0.342477
81 0.495642 0.227517 0.989724 0.455034
111 0.496812 0.476244 0.993624 0.86086
68 0.486283 0.529977 0.955407 0.411765
102 0.501491 0.171239 0.976465 0.342477
56 0.495642 0.227517 0.989724 0.455034
75 0.495642 0.227517 0.989724 0.455034
74 0.486283 0.529977 0.955407 0.411765
108 0.484333 0.67435 0.957747 0.517817
104 0.495642 0.227517 0.989724 0.455034
109 0.498372 0.0624293 0.984264 0.124859
53 0.486283 0.529977 0.955407 0.411765
101 0.505001 0.050905 0.964766 0.10181
52 0.486283 0.529977 0.955407 0.411765
79 0.484333 0.67435 0.957747 0.517817
101 0.496812 0.34276 0.981145 0.68552
48 0.496812 0.476244 0.993624 0.86086
67 0.501491 0.220871 0.974905 0.441742
109 0.496812 0.34276 0.981145 0.68552
53 0.501101 0.143948 0.986604 0.287896
49 0.501491 0.171239 0.976465 0.342477
54 0.486673 0.242364 0.970226 0.484729
75 0.496812 0.34276 0.981145 0.68552
108 0.36442 0.493495 0.728839 0.789027
66 0.496812 0.34276 0.981145 0.68552
49 0.505001 0.050905 0.964766 0.10181
81 0.381383 0.46267 0.760426 0.479638
100 0.505001 0.050905 0.964766 0.10181
81 0.36442 0.493495 0.728839 0.789027
102 0.505001 0.050905 0.964766 0.10181
100 0.501491 0.171239 0.976465 0.342477
54 0.496812 0.34276 0.981145 0.68552
76 0.505001 0.050905 0.964766 0.10181
101 0.501101 0.143948 0.986604 0.287896
110 0.495642 0.227517 0.989724 0.455034
105 0.484333 0.67435 0.957747 0.517817
67 0.494862 0.423643 0.989724 0.807692
75 0.496812 0.476244 0.993624 0.86086
77 0.501101 0.143948 0.986604 0.287896
14 0.501101 0.466063 0.989724 0.585973
104 0.381383 0.46267 0.760426 0.479638
33 0.485113 0.328337 0.967106 0.656674
78 0.36442 0.493495 0.728839 0.789027
99 0.501491 0.171239 0.976465 0.342477
66 0.496812 0.476244 0.993624 0.86086
76 0.501491 0.171239 0.976465 0.342477
33 0.496812 0.476244 0.993624 0.86086
51 0.504611 0.0481476 0.971786 0.0962952
109 0.501101 0.143948 0.986604 0.287896
52 0.498372 0.0624293 0.984264 0.124859
77 0.498372 0.0624293 0.984264 0.124859
41 0.495252 0.471437 0.990504 0.570701
54 0.486283 0.529977 0.955407 0.411765
108 0.381383 0.46267 0.760426 0.479638
111 0.494862 0.185238 0.988164 0.370475
17 0.486283 0.529977 0.955407 0.411765
77 0.496812 0.34276 0.981145 0.68552
46 0.505001 0.050905 0.964766 0.10181
10 0.501101 0.466063 0.989724 0.585973
51 0.501101 0.143948 0.986604 0.287896
48 0.496812 0.34276 0.981145 0.68552
110 0.501101 0.466063 0.989724 0.585973
99 0.498372 0.0624293 0.984264 0.124859
111 0.498372 0.0624293 0.984264 0.124859
111 0.486283 0.529977 0.955407 0.411765
81 0.300271 0.483032 0.600542 0.606335
46 0.501491 0.171239 0.976465 0.342477
78 0.485113 0.612981 0.970226 0.384898
84 0.501101 0.143948 0.986604 0.287896
75 0.501101 0.143948 0.986604 0.287896
103 0.495642 0.227517 0.989724 0.455034
104 0.36442 0.493495 0.728839 0.789027
95 0.498372 0.61595 0.984264 0.505656
67 0.498372 0.0624293 0.984264 0.124859
109 0.496812 0.476244 0.993624 0.86086
95 0.501101 0.143948 0.986604 0.287896
103 0.498372 0.43948 0.993624 0.878959
78 0.381383 0.46267 0.760426 0.479638
101 0.496812 0.476244 0.993624 0.86086
17 0.486673 0.242364 0.970226 0.484729
75 0.505001 0.050905 0.964766 0.10181
73 0.505001 0.050905 0.964766 0.10181
56 0.498372 0.61595 0.984264 0.505656
76 0.496812 0.470305 0.993624 0.58767
78 0.496812 0.479143 0.956187 0.503252
79 0.496812 0.470871 0.956187 0.535633
104 0.505001 0.485365 0.971006 0.499859
108 0.496812 0.479143 0.956187 0.503252
105 0.504611 0.4819 0.976465 0.510181
74 0.496812 0.479143 0.956187 0.503252
81 0.505001 0.485365 0.971006 0.499859
78 0.498372 0.365455 0.963986 0.280402
78 0.459375 0.412967 0.896913 0.385605
108 0.498372 0.365455 0.963986 0.280402
74 0.498372 0.365455 0.963986 0.280402
66 0.496812 0.479143 0.956187 0.503252
79 0.498372 0.365455 0.963986 0.280402
80 0.496812 0.479143 0.956187 0.503252
33 0.496812 0.479143 0.956187 0.503252
79 0.459375 0.412967 0.896913 0.385605
104 0.498372 0.365455 0.963986 0.280402
95 0.504611 0.4819 0.976465 0.510181
104 0.459375 0.412967 0.896913 0.385605
21 0.496812 0.470871 0.956187 0.535633
108 0.459375 0.412967 0.896913 0.385605
10 0.496812 0.470871 0.956187 0.535633
81 0.459375 0.412967 0.896913 0.385605
81 0.498372 0.365455 0.963986 0.280402
74 0.507731 0.376697 0.953068 0.574661
52 0.504611 0.483597 0.973346 0.487557
108 0.507731 0.376697 0.953068 0.574661
74 0.459375 0.412967 0.896913 0.385605
78 0.507731 0.376697 0.953068 0.574661
0 0.332053 0.356335 0.370074 0.152715
42 0.496812 0.479143 0.956187 0.503252
33 0.332053 0.356335 0.370074 0.152715
105 0.459375 0.412967 0.896913 0.385605
33 0.498372 0.365455 0.963986 0.280402
66 0.498372 0.365455 0.963986 0.280402
105 0.498372 0.365455 0.963986 0.280402
67 0.504611 0.483597 0.973346 0.487557
16 0.332053 0.356335 0.370074 0.152715
15 0.332053 0.356335 0.370074 0.152715
17 0.496812 0.470871 0.956187 0.535633
75 0.496812 0.479143 0.956187 0.503252
14 0.332053 0.356335 0.370074 0.152715
32 0.505001 0.485365 0.971006 0.499859
104 0.581824 0.449095 0.82204 0.383484
80 0.498372 0.365455 0.963986 0.280402
105 0.581824 0.449095 0.82204 0.383484
53 0.508901 0.483032 0.969446 0.464932
7 0.332053 0.356335 0.370074 0.152715
78 0.345117 0.444005 0.675415 0.402715
21 0.498372 0.365455 0.963986 0.280402
79 0.581824 0.449095 0.82204 0.383484
95 0.537368 0.431561 0.896913 0.349548
56 0.504611 0.4819 0.976465 0.510181
18 0.295006 0.355769 0.317819 0.156109
103 0.496812 0.479143 0.956187 0.503252
81 0.581824 0.449095 0.82204 0.383484
84 0.504611 0.4819 0.976465 0.510181
80 0.507731 0.376697 0.953068 0.574661
78 0.579874 0.42336 0.8275 0.324095
104 0.507731 0.376697 0.953068 0.574661
41 0.496812 0.470871 0.956187 0.535633
42 0.507731 0.376697 0.953068 0.574661
78 0.492132 0.456731 0.974905 0.548077
79 0.500711 0.461609 0.981145 0.53832
108 0.492132 0.456731 0.974905 0.548077
104 0.508511 0.467195 0.963986 0.528281
81 0.508511 0.467195 0.963986 0.528281
105 0.502661 0.462953 0.960087 0.533371
66 0.492132 0.456731 0.974905 0.548077
78 0.51475 0.527149 0.921871 0.403846
50 0.498372 0.457296 0.987384 0.542421
105 0.587283 0.418835 0.815801 0.334276
74 0.492132 0.456731 0.974905 0.548077
79 0.493302 0.539593 0.967886 0.372172
48 0.494472 0.457296 0.988944 0.555995
81 0.587283 0.418835 0.815801 0.334276
33 0.492132 0.456731 0.974905 0.548077
81 0.500711 0.481052 0.971786 0.51414
105 0.500711 0.481052 0.971786 0.51414
104 0.500711 0.481052 0.971786 0.51414
79 0.504221 0.491445 0.969446 0.495617
78 0.497592 0.471437 0.981145 0.505091
56 0.504221 0.491445 0.969446 0.495617
81 0.503051 0.376697 0.962427 0.753394
81 0.629009 0.455882 0.72143 0.531674
108 0.497592 0.471437 0.981145 0.505091
105 0.503051 0.376697 0.962427 0.753394
105 0.629009 0.455882 0.72143 0.531674
104 0.503051 0.376697 0.962427 0.753394
105 0.531128 0.406109 0.909392 0.414027
104 0.629009 0.455882 0.72143 0.531674
81 0.531128 0.406109 0.909392 0.414027
80 0.497592 0.471437 0.981145 0.505091
104 0.531128 0.406109 0.909392 0.414027
81 0.36364 0.490667 0.72494 0.489253
108 0.503051 0.376697 0.962427 0.753394
104 0.36364 0.490667 0.72494 0.489253
80 0.501101 0.344457 0.966326 0.688914
105 0.36364 0.490667 0.72494 0.489253
78 0.503051 0.376697 0.962427 0.753394
81 0.246456 0.472285 0.488233 0.502262
81 0.748337 0.448034 0.479653 0.499859
78 0.298711 0.35584 0.597422 0.38108
104 0.257375 0.462104 0.510071 0.503394
78 0.2564 0.439197 0.51202 0.479072
104 0.481993 0.335973 0.956187 0.308258
105 0.748337 0.448034 0.479653 0.499859
95 0.504221 0.491445 0.969446 0.495617
78 0.531128 0.406109 0.909392 0.414027
53 0.497592 0.471437 0.981145 0.505091
105 0.481993 0.335973 0.956187 0.308258
81 0.481993 0.335973 0.956187 0.308258
103 0.504221 0.491445 0.969446 0.495617
104 0.748337 0.448034 0.479653 0.499859
108 0.531128 0.406109 0.909392 0.414027
81 0.533078 0.498586 0.902372 0.493778
104 0.533078 0.498586 0.902372 0.493778
79 0.494472 0.471154 0.970226 0.538462
105 0.533078 0.498586 0.902372 0.493778
78 0.494472 0.471154 0.970226 0.538462
81 0.636321 0.48586 0.706806 0.44457
79 0.601322 0.485577 0.765886 0.463235
108 0.494472 0.471154 0.970226 0.538462
104 0.636321 0.48586 0.706806 0.44457
105 0.636321 0.48586 0.706806 0.44457
10 0.533078 0.498586 0.902372 0.493778
105 0.501101 0.49293 0.966326 0.50509
81 0.501101 0.49293 0.966326 0.50509
104 0.501101 0.49293 0.966326 0.50509
79 0.499931 0.509333 0.965546 0.473416
105 0.361495 0.483597 0.71909 0.522624
81 0.509681 0.477376 0.952288 0.5181
79 0.509681 0.477376 0.952288 0.5181
104 0.503831 0.480769 0.962427 0.513575
81 0.390742 0.522059 0.741708 0.440045
79 0.390742 0.522059 0.741708 0.440045
81 0.615263 0.44457 0.753602 0.423077
105 0.503831 0.480769 0.962427 0.513575
81 0.752627 0.421309 0.477314 0.381363
81 0.340632 0.596295 0.543217 0.296097
78 0.486673 0.469174 0.968666 0.545814
79 0.615263 0.44457 0.753602 0.423077
79 0.752627 0.421309 0.477314 0.381363
104 0.390742 0.522059 0.741708 0.440045
79 0.369294 0.589932 0.6216 0.297511
81 0.507731 0.476527 0.968666 0.506222
79 0.507731 0.476527 0.968666 0.506222
104 0.51241 0.467689 0.974905 0.531816
105 0.484333 0.463872 0.93123 0.550764
10 0.51241 0.467689 0.974905 0.531816
81 0.501491 0.500283 0.965546 0.465498
104 0.499931 0.499434 0.962427 0.468326
79 0.499931 0.499434 0.962427 0.468326
105 0.500321 0.49802 0.963207 0.473416
108 0.501101 0.452771 0.981925 0.56957
74 0.498762 0.534219 0.966326 0.408937
81 0.500711 0.485294 0.960867 0.506787
104 0.500711 0.485294 0.960867 0.506787
79 0.500711 0.485294 0.960867 0.506787
105 0.499152 0.491587 0.957747 0.49194
10 0.486673 0.500283 0.957747 0.470023
108 0.526449 0.409007 0.875075 0.372031
78 0.499152 0.491587 0.957747 0.49194
33 0.390742 0.381222 0.350186 0.123303
108 0.51787 0.468891 0.92967 0.65724
7 0.390742 0.381222 0.350186 0.123303
18 0.0410923 0.284502 0.0730204 0.0339366
14 0.0362543 0.283654 0.0649531 0.0345023
14 0.0525596 0.284502 0.0906418 0.0316742
33 0.685943 0.348982 0.468735 0.159502
2 0.508511 0.491516 0.949948 0.486425
16 0.0410923 0.284502 0.0730204 0.0339366
81 0.505001 0.494627 0.967886 0.489253
32 0.506951 0.48692 0.963986 0.512585
10 0.506951 0.48692 0.963986 0.512585
104 0.505001 0.494627 0.967886 0.489253
79 0.504611 0.503394 0.968666 0.484163
25 0.506951 0.48692 0.963986 0.512585
78 0.501491 0.483597 0.971786 0.527149
105 0.504611 0.503394 0.968666 0.484163
81 0.503051 0.485294 0.956187 0.505656
105 0.503051 0.485223 0.959307 0.504666
104 0.503051 0.485294 0.956187 0.505656
79 0.504611 0.480486 0.954627 0.502828
81 0.503051 0.488122 0.949948 0.505656
104 0.503051 0.488122 0.949948 0.505656
105 0.499932 0.490385 0.949948 0.503394
78 0.497202 0.47681 0.964766 0.556561
81 0.503051 0.493778 0.978025 0.483032
104 0.51943 0.503959 0.946828 0.476244
79 0.509291 0.492364 0.953068 0.488122
105 0.500711 0.472568 0.970226 0.522059
81 0.367149 0.455246 0.716361 0.547653
10 0.490962 0.457579 0.967886 0.549774
81 0.500711 0.468821 0.949948 0.519372
104 0.499932 0.482183 0.946828 0.491516
81 0.601322 0.5 0.751847 0.472851
105 0.497982 0.484163 0.941369 0.493213
79 0.496812 0.471719 0.949948 0.511312
81 0.502271 0.495475 0.982705 0.494344
104 0.502271 0.495475 0.982705 0.494344
79 0.507731 0.486425 0.963986 0.498869
105 0.510071 0.475042 0.963986 0.520503
78 0.510071 0.475042 0.963986 0.520503
81 0.494472 0.461609 0.949948 0.539451
104 0.493692 0.461821 0.953068 0.542421
79 0.494472 0.461609 0.949948 0.539451
81 0.506171 0.860294 0.954627 0.279412
10 0.494862 0.469528 0.947608 0.533795
81 0.500711 0.458074 0.962427 0.534078
104 0.502271 0.456165 0.963986 0.533371
10 0.502271 0.456165 0.963986 0.533371
81 0.638856 0.415724 0.687698 0.289593
79 0.502271 0.456165 0.963986 0.533371
22 0.500711 0.458074 0.962427 0.534078
105 0.502271 0.456165 0.963986 0.533371
81 0.109774 0.688773 0.219549 0.464084
25 0.499152 0.461044 0.959307 0.537189
81 0.505391 0.467195 0.973346 0.522624
104 0.501491 0.474053 0.970226 0.506646
10 0.505391 0.467195 0.973346 0.522624
105 0.499931 0.47879 0.971786 0.502828
22 0.504611 0.468396 0.974905 0.525877
32 0.504611 0.468396 0.974905 0.525877
81 0.501101 0.485011 0.950728 0.497172
79 0.499152 0.473133 0.957747 0.52319
104 0.500711 0.48388 0.951508 0.500566
10 0.503441 0.474618 0.958527 0.522483
78 0.503441 0.474618 0.958527 0.522483
22 0.503441 0.474618 0.958527 0.522483
32 0.503441 0.474618 0.958527 0.522483
105 0.502271 0.492081 0.954627 0.488688
81 0.499152 0.463518 0.976465 0.531109
104 0.499152 0.463518 0.976465 0.531109
81 0.508511 0.917421 0.963986 0.165158
105 0.499152 0.463518 0.976465 0.531109
81 0.502271 0.475396 0.945268 0.51414
104 0.494472 0.471083 0.956187 0.510322
105 0.494472 0.471083 0.956187 0.510322
48 0.497592 0.88914 0.942149 0.221719
81 0.501881 0.478507 0.961647 0.5
81 0.497982 0.875848 0.972566 0.248303
105 0.500711 0.888575 0.970226 0.222851
81 0.504611 0.927036 0.959307 0.145928
104 0.503831 0.466629 0.957747 0.519231
104 0.500711 0.888575 0.970226 0.222851
81 0.491352 0.461609 0.959307 0.540582
104 0.492132 0.460124 0.962427 0.53224
105 0.493692 0.465427 0.962427 0.530684
81 0.492132 0.979072 0.937469 0.0418552
105 0.501491 0.901584 0.959307 0.196833
81 0.501491 0.901584 0.959307 0.196833
81 0.506951 0.468326 0.973346 0.515837
79 0.509681 0.467195 0.967886 0.515837
104 0.509681 0.467195 0.967886 0.515837
105 0.506951 0.468326 0.973346 0.515837
81 0.506951 0.462599 0.954627 0.534078
104 0.504221 0.462387 0.960087 0.533371
78 0.498762 0.458216 0.949168 0.536058
79 0.504221 0.462387 0.960087 0.533371
22 0.504611 0.462599 0.956187 0.536341
1 0.106167 0.985294 0.211554 0.0271493
1 0.113966 1 0.227933 0
10 0.504221 0.459347 0.958527 0.543976
81 0.496812 0.47278 0.970226 0.512585
78 0.492132 0.464649 0.962427 0.528846
104 0.495642 0.464296 0.963207 0.525028
79 0.506951 0.477093 0.954627 0.506222
105 0.492132 0.464649 0.962427 0.528846
102 0.498372 0.0159785 0.971786 0.031957
50 0.495642 0.464296 0.963207 0.525028
101 0.498372 0.0159785 0.971786 0.031957
47 0.492132 0.464649 0.962427 0.528846
80 0.496032 0.468821 0.970226 0.519372
32 0.496032 0.468821 0.970226 0.519372
10 0.496032 0.468821 0.970226 0.519372
25 0.492132 0.464649 0.962427 0.528846
81 0.495642 0.464932 0.961647 0.533937
81 0.492522 0.823529 0.977245 0.352941
81 0.506171 0.891403 0.967106 0.217195
81 0.503051 0.950226 0.959307 0.0995476
104 0.497982 0.463872 0.966326 0.533795
81 0.490182 0.462952 0.966326 0.522059
81 0.495252 0.459842 0.965546 0.529412
81 0.501881 0.934389 0.977245 0.131222
81 0.495642 0.460478 0.964766 0.540583
81 0.0872053 0.825226 0.174411 0.349548
81 0.501491 0.917421 0.967106 0.165158
81 0.112114 0.825226 0.224228 0.349548
81 0.0883264 0.888009 0.176653 0.223982
81 0.506171 0.473416 0.954627 0.516968
47 0.501101 0.469528 0.972566 0.527008
78 0.501101 0.469528 0.972566 0.527008
25 0.497982 0.460407 0.960087 0.536199
48 0.503441 0.0561369 0.985044 0.112274
104 0.497982 0.460407 0.960087 0.536199
81 0.0846705 0.828337 0.169341 0.343326
81 0.501491 0.473699 0.951508 0.506222
81 0.184842 0.822681 0.369684 0.354638
81 0.15657 0.879525 0.31314 0.24095
81 0.308655 0.823247 0.61731 0.353507
81 0.509681 0.919118 0.971006 0.161765
81 0.31041 0.88009 0.62082 0.239819
81 0.0565445 0.826923 0.113089 0.346154
81 0.501101 0.988122 0.941369 0.0237556
31 0.501881 0.472356 0.952288 0.503252
81 0.294421 0.716205 0.588843 0.363971
81 0.500321 0.0575509 0.980365 0.115102
81 0.496032 0.467195 0.976465 0.529412
104 0.494862 0.470023 0.978805 0.520362
78 0.494862 0.470023 0.978805 0.520362
105 0.494862 0.470023 0.978805 0.520362
81 0.494862 0.470659 0.963207 0.517958
47 0.494082 0.471437 0.964766 0.518665
81 0.501881 0.481052 0.949168 0.501697
81 0.499932 0.484163 0.954627 0.498869
81 0.390742 0.895362 0.638758 0.209276
81 0.0587381 0.849547 0.117476 0.29638
81 0.448359 0.895362 0.380798 0.209276
81 0.0547897 0.728507 0.109579 0.29638
104 0.499932 0.484163 0.954627 0.498869
81 0.505391 0.4819 0.957747 0.502262
81 0.482773 0.900453 0.937469 0.199095
81 0.373584 0.904695 0.648117 0.190611
27 0.500711 0.471083 0.970226 0.520503
81 0.499152 0.479355 0.946828 0.517534
104 0.499152 0.479355 0.946828 0.517534
81 0.501491 0.475396 0.956187 0.525453
81 0.0961257 0.909502 0.192251 0.180996
81 0.0908612 0.786765 0.181722 0.426471
81 0.0555209 0.778846 0.111042 0.442308
81 0.0549847 0.890837 0.109969 0.218326
81 0.504221 0.482183 0.956967 0.503959
81 0.05128 0.819004 0.10256 0.361991
81 0.082672 0.820136 0.165344 0.359729
81 0.07731 0.708145 0.15462 0.432127
81 0.0465517 0.704751 0.0931035 0.480769
81 0.0506951 0.899038 0.10139 0.201923
81 0.0862304 0.899604 0.172461 0.200792
81 0.0791136 0.613688 0.158227 0.605204
104 0.505001 0.474477 0.961647 0.51711
81 0.501101 0.472285 0.952288 0.516968
81 0.0517675 0.835973 0.103535 0.324661
81 0.493302 0.8931 0.963207 0.213801
81 0.0788698 0.825226 0.15774 0.343891
81 0.0517675 0.718326 0.103535 0.350679
81 0.0508413 0.894514 0.101683 0.210973
81 0.0779924 0.704185 0.155985 0.355204
81 0.494472 0.960407 0.945268 0.0791855
81 0.409558 0.923077 0.714216 0.153846
81 0.494472 0.468255 0.957747 0.522766
81 0.496812 0.904977 0.971786 0.190045
47 0.495642 0.468396 0.958527 0.524746
81 0.498762 0.472285 0.952288 0.510181
81 0.499932 0.472002 0.956187 0.510747
81 0.503441 0.484446 0.955407 0.492647
81 0.0812096 0.828054 0.162419 0.343891
81 0.0823795 0.729638 0.164759 0.321267
81 0.10412 0.826357 0.20824 0.347285
81 0.503831 0.479072 0.954627 0.50905
81 0.502271 0.468609 0.970226 0.524321
81 0.0529861 0.83371 0.105972 0.332579
81 0.0806247 0.826075 0.161249 0.347851
81 0.498372 0.468043 0.971786 0.526584
81 0.0541072 0.830882 0.108214 0.338235
81 0.082087 0.825226 0.164174 0.349548
81 0.0508901 0.888292 0.10178 0.223416
81 0.0806734 0.889706 0.161347 0.220588
81 0.497202 0.469457 0.971006 0.524887
81 0.0537173 0.822398 0.107435 0.355204
81 0.0815996 0.818156 0.163199 0.363688
81 0.051865 0.877828 0.10373 0.244344
81 0.0812584 0.875 0.162517 0.25
81 0.496032 0.468396 0.965546 0.528139
81 0.0531323 0.824661 0.106265 0.350679
81 0.0807222 0.819004 0.161444 0.361991
81 0.051085 0.880656 0.10217 0.238688
81 0.0797473 0.876131 0.159495 0.247738
81 0.500711 0.467477 0.970226 0.528846
81 0.07731 0.824661 0.15462 0.350679
79 0.500711 0.467477 0.970226 0.528846
78 0.500711 0.467477 0.970226 0.528846
81 0.505391 0.475396 0.963986 0.515271
79 0.503051 0.467689 0.974905 0.530684
81 0.0764813 0.823529 0.152963 0.346154
81 0.503051 0.467124 0.971786 0.529553
81 0.0784799 0.716063 0.15696 0.357466
81 0.0533273 0.719457 0.106655 0.350679
81 0.0563008 0.624293 0.112602 0.393948
81 0.0767738 0.826923 0.153548 0.346154
81 0.0835006 0.621606 0.167001 0.383484
81 0.0526449 0.837104 0.10529 0.321267
81 0.502271 0.466912 0.970226 0.528846
81 0.0784311 0.733032 0.156862 0.348416
81 0.0827695 0.628959 0.165539 0.394796
81 0.0549359 0.733032 0.109872 0.341629
81 0.0592255 0.630091 0.118451 0.392534
81 0.07692 0.835407 0.15384 0.329186
81 0.497202 0.467265 0.964766 0.52927
81 0.0781874 0.727376 0.156375 0.361991
81 0.0531323 0.728507 0.106265 0.350679
81 0.0810146 0.630656 0.162029 0.400452
81 0.0772125 0.829751 0.154425 0.340498
81 0.0539123 0.633343 0.107825 0.400735
81 0.495252 0.468609 0.968666 0.528846
81 0.0809171 0.705882 0.161834 0.392534
81 0.0784799 0.825792 0.15696 0.348416
81 0.0542047 0.710973 0.108409 0.385747
81 0.494862 0.465215 0.956967 0.540158
81 0.0888139 0.71267 0.177628 0.417421
81 0.0807709 0.825792 0.161542 0.348416
47 0.496032 0.466558 0.959307 0.535209
81 0.494472 0.461538 0.957747 0.54638
81 0.0796498 0.824661 0.1593 0.350679
81 0.0854505 0.718184 0.170901 0.421097
81 0.0538148 0.829185 0.10763 0.341629
47 0.498372 0.468326 0.971786 0.535068
81 0.498372 0.466629 0.968666 0.532805
81 0.0790648 0.823529 0.15813 0.352941
81 0.082282 0.715922 0.164564 0.412048
47 0.498372 0.465568 0.970226 0.536058
81 0.053766 0.828903 0.107532 0.342195
78 0.498372 0.466629 0.968666 0.532805
81 0.501491 0.467124 0.971786 0.531816
81 0.0789673 0.823812 0.157935 0.352376
81 0.0808197 0.712528 0.161639 0.400735
81 0.0533761 0.829751 0.106752 0.340498
78 0.501491 0.467124 0.971786 0.531816
47 0.500711 0.466134 0.973346 0.533795
27 0.501491 0.465427 0.971786 0.537472
81 0.506171 0.473416 0.963986 0.519231
81 0.0791136 0.82155 0.158227 0.3569
81 0.0815996 0.712528 0.163199 0.41431
81 0.0517187 0.825226 0.103437 0.349548
47 0.503051 0.468609 0.971786 0.531109
78 0.503051 0.468891 0.971786 0.52828
27 0.503051 0.467689 0.971786 0.532947
81 0.502661 0.468891 0.969446 0.529412
81 0.0800885 0.717195 0.160177 0.430995
81 0.0784311 0.818439 0.156862 0.363122
81 0.0481603 0.820701 0.0963207 0.358597
78 0.502271 0.468326 0.970226 0.530543
27 0.502271 0.468326 0.970226 0.530543
81 0.0425059 0.717336 0.0850118 0.431844
47 0.502271 0.468326 0.970226 0.530543
81 0.501491 0.467831 0.965546 0.530402
81 0.0791623 0.717195 0.158325 0.432127
81 0.0786261 0.808824 0.157252 0.382353
81 0.0459668 0.811652 0.0919336 0.376697
27 0.500711 0.46776 0.963986 0.530543
81 0.498762 0.46776 0.958527 0.52828
81 0.046893 0.816176 0.0937859 0.367647
27 0.497982 0.468326 0.960087 0.529412
81 0.07731 0.812783 0.15462 0.374434
81 0.0777487 0.715922 0.155497 0.42336
81 0.498372 0.467195 0.957747 0.529412
27 0.498372 0.468821 0.956187 0.529553
81 0.498372 0.467477 0.959307 0.528846
27 0.498762 0.468962 0.958527 0.530402
81 0.0778462 0.879808 0.155692 0.240385
25 0.498372 0.467477 0.959307 0.528846
81 0.497202 0.467195 0.960087 0.529412
25 0.497202 0.467195 0.960087 0.529412
27 0.497592 0.468396 0.959307 0.531533
81 0.0815996 0.875 0.163199 0.25
81 0.497592 0.46776 0.959307 0.52828
81 0.0816971 0.870192 0.163394 0.259615
27 0.497982 0.468821 0.958527 0.530684
25 0.497592 0.46776 0.959307 0.52828
81 0.497592 0.467265 0.957747 0.527008
81 0.0819408 0.870475 0.163882 0.25905
25 0.497592 0.467265 0.957747 0.527008
27 0.499152 0.468326 0.957747 0.529412
81 0.0989529 0.794118 0.197906 0.411765
81 0.500321 0.475113 0.950728 0.511312
81 0.0875465 0.870475 0.175093 0.25905
25 0.497592 0.466912 0.957747 0.527715
27 0.499152 0.46776 0.956187 0.529412
81 0.113284 0.791855 0.226568 0.41629
81 0.500711 0.475396 0.949948 0.510747
81 0.0908612 0.872172 0.181722 0.255656
78 0.499152 0.467831 0.957747 0.528139
25 0.497592 0.466912 0.957747 0.527715
27 0.499152 0.467831 0.957747 0.528139
81 0.111139 0.792704 0.222278 0.414593
81 0.498762 0.468821 0.958527 0.527291
81 0.0895938 0.871606 0.179188 0.256787
81 0.104705 0.792421 0.20941 0.415158
25 0.496812 0.464084 0.957747 0.536765
78 0.498762 0.468821 0.958527 0.527291
81 0.498372 0.468396 0.959307 0.527008
81 0.0885214 0.870475 0.177043 0.25905
81 0.0990504 0.792986 0.198101 0.414027
25 0.496422 0.464649 0.958527 0.536765
78 0.498372 0.468396 0.959307 0.527008
81 0.0591768 0.876414 0.118354 0.247172
81 0.499152 0.468255 0.960867 0.527291
81 0.084768 0.871041 0.169536 0.257919
81 0.0909587 0.795249 0.181917 0.409502
78 0.499152 0.468255 0.960867 0.527291
25 0.499152 0.468255 0.960867 0.527291
81 0.0580556 0.877262 0.116111 0.245475
81 0.499542 0.467689 0.961647 0.527291
81 0.080381 0.873303 0.160762 0.253394
81 0.0825257 0.803733 0.165051 0.392534
81 0.056252 0.878959 0.112504 0.242081
25 0.499542 0.467689 0.961647 0.527291
78 0.499542 0.467689 0.961647 0.527291
81 0.499542 0.467195 0.960087 0.527149
81 0.0777975 0.877828 0.155595 0.244344
81 0.0788698 0.813914 0.15774 0.372172
81 0.0548872 0.882353 0.109774 0.235294
81 0.0535711 0.81957 0.107142 0.36086
78 0.499542 0.467195 0.960087 0.527149
47 0.499542 0.467195 0.960087 0.527149
25 0.499542 0.467195 0.960087 0.527149
81 0.499932 0.474547 0.949948 0.513575
81 0.0772613 0.878959 0.154523 0.242081
81 0.0778949 0.814197 0.15579 0.371606
81 0.0548384 0.882353 0.109677 0.235294
81 0.0535223 0.818722 0.107045 0.362557
78 0.499931 0.466912 0.959307 0.527715
47 0.499931 0.466912 0.959307 0.527715
81 0.500321 0.47483 0.950728 0.51414
81 0.0770663 0.878394 0.154133 0.243213
81 0.0776512 0.811369 0.155302 0.377262
81 0.0540098 0.816176 0.10802 0.367647
81 0.0549359 0.881787 0.109872 0.236425
78 0.499931 0.467124 0.959307 0.527291
47 0.499931 0.467124 0.959307 0.527291
25 0.499931 0.467124 0.959307 0.527291
81 0.0823308 0.732466 0.164662 0.459276
81 0.500711 0.474265 0.949948 0.515271
81 0.0770175 0.878676 0.154035 0.242647
81 0.0773587 0.807975 0.154717 0.38405
81 0.0546434 0.812783 0.109287 0.374434
78 0.499931 0.467124 0.959307 0.528422
47 0.499931 0.467124 0.959307 0.528422
81 0.0813559 0.734304 0.162712 0.465781
104 0.499931 0.467124 0.959307 0.528422
25 0.499931 0.467124 0.959307 0.528422
81 0.500321 0.473699 0.950728 0.516403
81 0.0767738 0.88009 0.153548 0.239819
81 0.0770175 0.808258 0.154035 0.383484
81 0.0544972 0.812217 0.108994 0.375566
78 0.499931 0.467124 0.959307 0.529553
81 0.080186 0.732042 0.160372 0.461256
47 0.499931 0.467124 0.959307 0.529553
104 0.499931 0.467124 0.959307 0.529553
27 0.499931 0.467124 0.959307 0.529553
25 0.499931 0.467124 0.959307 0.529553
81 0.499932 0.473133 0.951508 0.517534
81 0.0765301 0.881787 0.15306 0.236425
81 0.0767251 0.812783 0.15345 0.374434
81 0.0544485 0.815611 0.108897 0.368778
81 0.0796985 0.728507 0.159397 0.452489
81 0.0549847 0.883201 0.109969 0.233597
47 0.499152 0.466912 0.960867 0.529977
78 0.499152 0.466912 0.960867 0.529977
104 0.499152 0.466912 0.960867 0.529977
27 0.499152 0.466912 0.960867 0.529977
25 0.499152 0.466912 0.960867 0.529977
81 0.500711 0.473133 0.951508 0.517534
81 0.0764326 0.882353 0.152865 0.235294
81 0.0766276 0.815045 0.153255 0.36991
81 0.0544972 0.817308 0.108994 0.365385
81 0.0796985 0.726103 0.159397 0.448247
47 0.498762 0.467124 0.961647 0.529553
78 0.498762 0.467124 0.961647 0.529553
104 0.498762 0.467124 0.961647 0.529553
81 0.0549359 0.883484 0.109872 0.233032
27 0.498762 0.467124 0.961647 0.529553
48 0.498762 0.467124 0.961647 0.529553
81 0.500711 0.473346 0.951508 0.51711
81 0.0763838 0.882918 0.152768 0.234163
81 0.0766276 0.815045 0.153255 0.36991
81 0.0544972 0.817308 0.108994 0.365385
81 0.0796985 0.72681 0.159397 0.447964
104 0.498762 0.467124 0.961647 0.529553
47 0.498762 0.467124 0.961647 0.529553
78 0.498762 0.467124 0.961647 0.529553
27 0.496812 0.466629 0.959307 0.530543
48 0.498762 0.467124 0.961647 0.529553
81 0.0549359 0.883484 0.109872 0.233032
81 0.500711 0.47278 0.951508 0.51711
81 0.0765301 0.882918 0.15306 0.234163
81 0.0767251 0.815611 0.15345 0.368778
81 0.0799422 0.729497 0.159884 0.452771
81 0.054546 0.817308 0.109092 0.365385
47 0.498372 0.467124 0.962427 0.529553
104 0.498372 0.467124 0.962427 0.529553
78 0.498372 0.467124 0.962427 0.529553
27 0.496812 0.4667 0.959307 0.530402
48 0.498372 0.467124 0.962427 0.529553
81 0.500711 0.472851 0.951508 0.5181
81 0.0765301 0.88405 0.15306 0.2319
81 0.0767251 0.816742 0.15345 0.366516
81 0.079991 0.730628 0.159982 0.455034
81 0.0542047 0.819004 0.108409 0.361991
104 0.498372 0.4667 0.962427 0.52927
47 0.498372 0.4667 0.962427 0.52927
78 0.498372 0.4667 0.962427 0.52927
27 0.496422 0.466912 0.960087 0.529977
48 0.498372 0.4667 0.962427 0.52927
81 0.496032 0.466912 0.962427 0.527715
81 0.0767738 0.883484 0.153548 0.233032
81 0.0769688 0.815611 0.153938 0.368778
81 0.0807709 0.733032 0.161542 0.461538
81 0.0543997 0.817308 0.108799 0.365385
104 0.498372 0.467265 0.962427 0.52927
47 0.498372 0.467265 0.962427 0.52927
78 0.498372 0.467265 0.962427 0.52927
27 0.496812 0.466912 0.960867 0.528846
81 0.0548384 0.882918 0.109677 0.234163
81 0.496422 0.466912 0.963207 0.527715
81 0.0768713 0.882918 0.153743 0.234163
81 0.077115 0.815611 0.15423 0.368778
81 0.054546 0.817308 0.109092 0.365385
81 0.0814533 0.733597 0.162907 0.461538
47 0.498372 0.467195 0.962427 0.528281
104 0.498372 0.467195 0.962427 0.528281
81 0.0548384 0.882918 0.109677 0.234163
78 0.498372 0.467195 0.962427 0.528281
27 0.497202 0.467265 0.961647 0.52927
81 0.496422 0.467195 0.963207 0.528281
81 0.0768225 0.882918 0.153645 0.234163
81 0.0770663 0.815611 0.154133 0.368778
81 0.0548384 0.816742 0.109677 0.366516
81 0.0818921 0.734163 0.163784 0.463801
47 0.498372 0.467477 0.962427 0.528846
81 0.0549847 0.882918 0.109969 0.234163
27 0.497202 0.467477 0.961647 0.528846
104 0.498372 0.467477 0.962427 0.528846
81 0.496422 0.467195 0.963207 0.528281
81 0.0768225 0.883484 0.153645 0.233032
81 0.0770663 0.816742 0.154133 0.366516
81 0.0546922 0.818439 0.109384 0.363122
81 0.0821358 0.733173 0.164272 0.461256
81 0.0549359 0.883201 0.109872 0.233597
27 0.497202 0.467477 0.961647 0.528846
47 0.498762 0.467477 0.963207 0.528846
81 0.496422 0.467195 0.963207 0.528281
81 0.0767251 0.88405 0.15345 0.2319
81 0.0769688 0.81759 0.153938 0.364819
81 0.0543997 0.81957 0.108799 0.36086
81 0.0821358 0.732466 0.164272 0.458145
27 0.497202 0.467477 0.961647 0.528846
47 0.499152 0.467477 0.963986 0.528846
81 0.496812 0.467265 0.962427 0.528139
81 0.0767251 0.88405 0.15345 0.2319
81 0.0770175 0.818439 0.154035 0.363122
81 0.0542047 0.820701 0.108409 0.358597
81 0.082477 0.731335 0.164954 0.455882
27 0.497592 0.467477 0.960867 0.528846
81 0.496812 0.467477 0.962427 0.527715
81 0.0766763 0.883767 0.153353 0.232466
81 0.0769688 0.819004 0.153938 0.361991
81 0.0542535 0.820701 0.108507 0.358597
81 0.0826232 0.730628 0.165246 0.455034
27 0.497202 0.467689 0.961647 0.528422
81 0.496812 0.466912 0.962427 0.527715
81 0.0768225 0.88405 0.153645 0.2319
81 0.0770663 0.818439 0.154133 0.363122
81 0.0542047 0.820701 0.108409 0.358597
81 0.0829645 0.731335 0.165929 0.455882
27 0.496812 0.467477 0.962427 0.528846
81 0.496422 0.467195 0.963207 0.528281
81 0.0769688 0.882918 0.153938 0.234163
81 0.0772125 0.817873 0.154425 0.364253
81 0.0543022 0.819853 0.108604 0.360294
81 0.0835006 0.732466 0.167001 0.459276
27 0.496812 0.467477 0.962427 0.528846
81 0.496422 0.467195 0.963207 0.528281
81 0.0770175 0.881787 0.154035 0.236425
81 0.0773587 0.817873 0.154717 0.364253
81 0.054546 0.81957 0.109092 0.36086
81 0.0839394 0.733597 0.167879 0.461538
27 0.496812 0.467477 0.962427 0.528846
81 0.496422 0.466912 0.963207 0.527715
81 0.0770175 0.881787 0.154035 0.236425
81 0.0774075 0.817873 0.154815 0.364253
81 0.054546 0.81957 0.109092 0.36086
81 0.0842318 0.733173 0.168464 0.461256
27 0.496812 0.467477 0.962427 0.528846
81 0.496422 0.466912 0.963207 0.527715
81 0.0774075 0.817873 0.154815 0.364253
81 0.0770175 0.882353 0.154035 0.235294
81 0.0545947 0.820136 0.109189 0.359729
81 0.0843293 0.733597 0.168659 0.461538
27 0.496812 0.467689 0.962427 0.528422
81 0.496032 0.467124 0.963987 0.527291
81 0.0776025 0.817873 0.155205 0.364253
81 0.077115 0.881222 0.15423 0.237557
81 0.0548384 0.81957 0.109677 0.36086
81 0.0848655 0.734729 0.169731 0.463801
27 0.496812 0.467689 0.962427 0.528422
81 0.496032 0.465568 0.960867 0.534926
81 0.07731 0.880656 0.15462 0.238688
81 0.0777975 0.817308 0.155595 0.365385
81 0.0550822 0.819004 0.110164 0.361991
81 0.085353 0.736991 0.170706 0.467195
27 0.496812 0.46776 0.962427 0.52828
81 0.496032 0.465568 0.960867 0.534926
81 0.0774562 0.88009 0.154912 0.239819
81 0.0779924 0.817308 0.155985 0.365385
81 0.0550822 0.819004 0.110164 0.361991
27 0.496812 0.467831 0.962427 0.528139
81 0.0858892 0.738122 0.171778 0.469457
81 0.495642 0.46578 0.961647 0.534502
81 0.0772125 0.880656 0.154425 0.238688
81 0.0777487 0.817873 0.155497 0.364253
81 0.0546922 0.819853 0.109384 0.360294
27 0.496812 0.468043 0.963987 0.527715
81 0.0855967 0.737557 0.171193 0.468326
81 0.495642 0.465993 0.961647 0.534078
81 0.0772125 0.880656 0.154425 0.238688
81 0.0777 0.818439 0.1554 0.363122
81 0.0546922 0.820136 0.109384 0.359729
27 0.496812 0.467831 0.963987 0.527008
81 0.0855967 0.737698 0.171193 0.468043
81 0.496032 0.467477 0.963987 0.526584
81 0.0772125 0.881222 0.154425 0.237557
81 0.0776512 0.819004 0.155302 0.361991
81 0.0545947 0.820984 0.109189 0.358032
27 0.496812 0.468043 0.963987 0.526584
81 0.0854017 0.737415 0.170803 0.466346
81 0.495642 0.467689 0.964766 0.52616
81 0.077115 0.881787 0.15423 0.236425
81 0.077505 0.819004 0.15501 0.361991
81 0.0543022 0.82155 0.108604 0.3569
27 0.496812 0.468043 0.965546 0.526584
81 0.495642 0.467477 0.964766 0.526584
81 0.077115 0.882353 0.15423 0.235294
81 0.077505 0.819004 0.15501 0.361991
81 0.054156 0.821833 0.108312 0.356335
27 0.496812 0.468043 0.963987 0.526584
81 0.495642 0.467265 0.964766 0.525877
81 0.0770663 0.882353 0.154133 0.235294
81 0.0540098 0.822398 0.10802 0.355204
81 0.077505 0.81957 0.15501 0.36086
27 0.496812 0.468043 0.965546 0.526584
81 0.495252 0.467265 0.965546 0.525877
81 0.077115 0.882353 0.15423 0.235294
81 0.0540098 0.822398 0.10802 0.355204
27 0.496812 0.468043 0.965546 0.526584
81 0.0775537 0.820136 0.155107 0.359729
81 0.496032 0.46776 0.965546 0.526018
81 0.0770663 0.882353 0.154133 0.235294
81 0.0539123 0.822964 0.107825 0.354072
27 0.496812 0.468043 0.965546 0.526584
81 0.0775537 0.820136 0.155107 0.359729
81 0.495252 0.46776 0.965546 0.526018
81 0.0769688 0.882918 0.153938 0.234163
81 0.0537173 0.822964 0.107435 0.354072
27 0.496812 0.468043 0.965546 0.526584
81 0.0774075 0.820136 0.154815 0.359729
81 0.495252 0.46776 0.965546 0.526018
81 0.0537173 0.823529 0.107435 0.352941
81 0.0770175 0.882353 0.154035 0.235294
27 0.496812 0.467831 0.965546 0.527008
81 0.0774075 0.820136 0.154815 0.359729
81 0.495252 0.467689 0.965546 0.52616
81 0.0536685 0.823529 0.107337 0.352941
81 0.0770663 0.882353 0.154133 0.235294
27 0.496812 0.467831 0.965546 0.527008
81 0.0774075 0.820136 0.154815 0.359729
81 0.495252 0.46776 0.965546 0.526018
81 0.0535223 0.823529 0.107045 0.352941
81 0.0771638 0.881787 0.154328 0.236425
27 0.496812 0.468043 0.965546 0.526584
81 0.077505 0.820136 0.15501 0.359729
81 0.495642 0.467477 0.964766 0.525452
81 0.0534736 0.824095 0.106947 0.35181
81 0.0772125 0.881222 0.154425 0.237557
27 0.496812 0.468043 0.965546 0.526584
81 0.495642 0.467477 0.964766 0.525452
81 0.0536685 0.823529 0.107337 0.352941
81 0.077505 0.880373 0.15501 0.239253
27 0.496812 0.468043 0.965546 0.526584
81 0.495252 0.46776 0.965546 0.526018
81 0.0537173 0.823529 0.107435 0.352941
81 0.0777 0.88009 0.1554 0.239819
27 0.496812 0.468255 0.965546 0.526159
81 0.495252 0.467689 0.965546 0.525028
81 0.0538635 0.823529 0.107727 0.352941
81 0.0779437 0.879525 0.155887 0.24095
27 0.496812 0.468255 0.965546 0.526159
81 0.495252 0.467689 0.965546 0.525028
27 0.496812 0.468043 0.965546 0.525453
81 0.053961 0.823529 0.107922 0.352941
81 0.0780899 0.879242 0.15618 0.241516
81 0.495252 0.46776 0.965546 0.524887
27 0.496812 0.467831 0.965546 0.525877
81 0.0783824 0.878959 0.156765 0.242081
81 0.0540585 0.823529 0.108117 0.352941
81 0.495252 0.467689 0.965546 0.525028
27 0.496812 0.467831 0.965546 0.525877
81 0.0786749 0.878394 0.15735 0.243213
81 0.0540585 0.822964 0.108117 0.354072
81 0.495252 0.46776 0.965546 0.524887
27 0.496812 0.468043 0.965546 0.525453
81 0.0791136 0.877828 0.158227 0.244344
81 0.0543022 0.822398 0.108604 0.355204
81 0.495252 0.46776 0.965546 0.524887
27 0.496812 0.468255 0.965546 0.525028
81 0.0795523 0.877262 0.159105 0.245475
81 0.495252 0.46776 0.965546 0.524887
27 0.498372 0.468396 0.968666 0.525877
81 0.0796498 0.876697 0.1593 0.246606
81 0.495252 0.46776 0.965546 0.524887
27 0.498372 0.468396 0.968666 0.525877
81 0.495252 0.46776 0.965546 0.524887
27 0.498372 0.468396 0.968666 0.525877
81 0.494862 0.46776 0.966326 0.524887
27 0.498372 0.468396 0.968666 0.525877
81 0.494862 0.467831 0.966326 0.524745
27 0.497982 0.468396 0.969446 0.525877
81 0.494862 0.467831 0.966326 0.524745
27 0.497982 0.468396 0.969446 0.525877
81 0.495252 0.467831 0.967106 0.524745
27 0.497982 0.468396 0.969446 0.525877
81 0.495252 0.467831 0.967106 0.524745
27 0.497982 0.468396 0.969446 0.525877
81 0.495252 0.468043 0.967106 0.524321
27 0.497982 0.468396 0.969446 0.525877
81 0.495252 0.467831 0.967106 0.524745
27 0.497982 0.468396 0.969446 0.525877
81 0.0818433 0.872172 0.163687 0.255656
81 0.495252 0.468043 0.967106 0.524321
27 0.498372 0.468396 0.968666 0.525877
81 0.495252 0.468043 0.968666 0.524321
27 0.497982 0.468396 0.969446 0.525877
81 0.495252 0.468043 0.968666 0.524321
27 0.497982 0.468396 0.969446 0.525877
81 0.495252 0.468043 0.968666 0.524321
27 0.498372 0.468396 0.970226 0.525877
81 0.495252 0.467831 0.968666 0.524745
27 0.498372 0.468396 0.970226 0.525877
81 0.495252 0.467831 0.968666 0.524745
27 0.498372 0.468396 0.970226 0.525877
81 0.495252 0.468043 0.968666 0.524321
27 0.498372 0.468396 0.970226 0.525877
81 0.495252 0.467831 0.968666 0.524745
27 0.498372 0.468396 0.970226 0.525877
