50 0.48836 0.477586 0.970479 0.342529
48 0.472367 0.470115 0.927572 0.347126
101 0.48836 0.477586 0.970479 0.342529
68 0.48836 0.477586 0.970479 0.342529
49 0.48758 0.46954 0.951756 0.355172
54 0.48836 0.477586 0.970479 0.342529
95 0.48836 0.477586 0.970479 0.342529
109 0.48758 0.46954 0.951756 0.355172
104 0.48836 0.477586 0.970479 0.342529
53 0.48758 0.46954 0.951756 0.355172
67 0.48836 0.477586 0.970479 0.342529
76 0.48758 0.46954 0.951756 0.355172
103 0.48836 0.477586 0.970479 0.342529
111 0.48758 0.46954 0.951756 0.355172
79 0.48836 0.477586 0.970479 0.342529
74 0.48836 0.477586 0.970479 0.342529
100 0.472367 0.470115 0.927572 0.347126
46 0.48836 0.477586 0.970479 0.342529
84 0.48836 0.477586 0.970479 0.342529
77 0.496941 0.497701 0.984521 0.304598
110 0.48836 0.477586 0.970479 0.342529
102 0.496941 0.497701 0.984521 0.304598
47 0.495381 0.502586 0.97828 0.300575
97 0.48758 0.46954 0.951756 0.355172
56 0.48758 0.46954 0.951756 0.355172
75 0.472367 0.470115 0.927572 0.347126
17 0.48836 0.477586 0.970479 0.342529
66 0.48836 0.477586 0.970479 0.342529
81 0.498501 0.473851 0.953316 0.347701
99 0.496551 0.492241 0.97906 0.315517
73 0.485239 0.473563 0.970479 0.349425
48 0.534387 0.508046 0.91587 0.294253
108 0.48758 0.46954 0.951756 0.355172
42 0.472367 0.470115 0.927572 0.347126
7 0.48758 0.46954 0.951756 0.355172
38 0.48836 0.477586 0.970479 0.342529
33 0.48836 0.477586 0.970479 0.342529
80 0.49031 0.479885 0.966578 0.337931
16 0.498501 0.473851 0.953316 0.347701
31 0.48836 0.477586 0.970479 0.342529
28 0.496941 0.497701 0.984521 0.304598
0 0.48836 0.477586 0.970479 0.342529
51 0.48836 0.477586 0.970479 0.342529
5 0.496941 0.497701 0.984521 0.304598
14 0.496941 0.497701 0.984521 0.304598
15 0.48836 0.477586 0.970479 0.342529
11 0.48836 0.477586 0.970479 0.342529
41 0.472367 0.470115 0.927572 0.347126
26 0.496941 0.497701 0.984521 0.304598
34 0.479778 0.467241 0.947075 0.36092
50 0.572614 0.496552 0.830056 0.274713
50 0.412687 0.452299 0.784808 0.304598
94 0.48836 0.477586 0.970479 0.342529
88 0.496941 0.497701 0.984521 0.304598
105 0.48836 0.477586 0.970479 0.342529
64 0.48836 0.477586 0.970479 0.342529
52 0.496161 0.494828 0.986081 0.308046
65 0.48836 0.477586 0.970479 0.342529
53 0.536728 0.51092 0.908068 0.288506
78 0.479778 0.467241 0.947075 0.36092
68 0.572614 0.496552 0.830056 0.274713
101 0.569103 0.509483 0.835517 0.279885
55 0.48758 0.46954 0.951756 0.355172
92 0.49031 0.479885 0.966578 0.337931
4 0.495381 0.502586 0.97828 0.300575
100 0.534387 0.508046 0.91587 0.294253
101 0.412687 0.452299 0.784808 0.304598
21 0.48758 0.46954 0.951756 0.355172
75 0.534387 0.508046 0.91587 0.294253
77 0.440382 0.456897 0.844878 0.311494
12 0.496941 0.495402 0.97828 0.309195
109 0.569103 0.509483 0.835517 0.279885
8 0.48758 0.46954 0.951756 0.355172
79 0.412687 0.452299 0.784808 0.304598
13 0.460275 0.467241 0.894026 0.336782
22 0.496941 0.497701 0.984521 0.304598
49 0.569103 0.509483 0.835517 0.279885
84 0.569103 0.509483 0.835517 0.279885
111 0.572614 0.496552 0.830056 0.274713
72 0.495381 0.502586 0.97828 0.300575
36 0.485239 0.473563 0.970479 0.349425
95 0.412687 0.452299 0.784808 0.304598
102 0.440382 0.456897 0.844878 0.311494
5 0.440382 0.456897 0.844878 0.311494
54 0.569103 0.509483 0.835517 0.279885
68 0.412687 0.452299 0.784808 0.304598
103 0.412687 0.452299 0.784808 0.304598
46 0.412687 0.452299 0.784808 0.304598
26 0.440382 0.456897 0.844878 0.311494
62 0.48758 0.46954 0.951756 0.355172
24 0.496941 0.497701 0.984521 0.304598
83 0.498501 0.473851 0.953316 0.347701
47 0.443893 0.462644 0.851899 0.314943
104 0.412687 0.452299 0.784808 0.304598
88 0.440382 0.456897 0.844878 0.311494
2 0.472367 0.470115 0.927572 0.347126
103 0.572614 0.496552 0.830056 0.274713
79 0.569103 0.509483 0.835517 0.279885
14 0.440382 0.456897 0.844878 0.311494
67 0.412687 0.452299 0.784808 0.304598
95 0.572614 0.496552 0.830056 0.274713
42 0.534387 0.508046 0.91587 0.294253
54 0.412687 0.452299 0.784808 0.304598
89 0.485239 0.473563 0.970479 0.349425
73 0.572614 0.496552 0.830056 0.274713
50 0.447793 0.477586 0.879984 0.387356
48 0.49148 0.465805 0.982961 0.382184
111 0.48875 0.463218 0.97594 0.391954
68 0.48875 0.463218 0.97594 0.391954
46 0.49148 0.465805 0.982961 0.382184
101 0.49148 0.465805 0.982961 0.382184
50 0.500842 0.414655 0.982961 0.486782
50 0.302885 0.473563 0.586266 0.36092
49 0.447793 0.477586 0.879984 0.387356
110 0.49148 0.465805 0.982961 0.382184
99 0.49148 0.465805 0.982961 0.382184
102 0.49148 0.465805 0.982961 0.382184
109 0.48875 0.463218 0.97594 0.391954
67 0.49148 0.465805 0.982961 0.382184
100 0.49148 0.465805 0.982961 0.382184
75 0.49148 0.465805 0.982961 0.382184
95 0.49148 0.465805 0.982961 0.382184
73 0.48875 0.463218 0.97594 0.391954
48 0.485239 0.366379 0.962677 0.585632
47 0.477438 0.46954 0.945515 0.38046
53 0.48875 0.463218 0.97594 0.391954
111 0.485239 0.366379 0.962677 0.585632
50 0.194837 0.456322 0.371731 0.327586
76 0.49148 0.465805 0.982961 0.382184
49 0.302885 0.473563 0.586266 0.36092
49 0.500842 0.414655 0.982961 0.486782
103 0.48992 0.437859 0.970479 0.442672
77 0.49148 0.465805 0.982961 0.382184
48 0.302885 0.473563 0.586266 0.36092
56 0.48992 0.437859 0.970479 0.442672
46 0.302885 0.473563 0.586266 0.36092
54 0.48875 0.463218 0.97594 0.391954
84 0.49148 0.465805 0.982961 0.382184
46 0.485239 0.366379 0.962677 0.585632
51 0.447793 0.477586 0.879984 0.387356
101 0.302885 0.473563 0.586266 0.36092
52 0.48875 0.463218 0.97594 0.391954
99 0.485239 0.366379 0.962677 0.585632
49 0.194837 0.456322 0.371731 0.327586
66 0.48875 0.463218 0.97594 0.391954
42 0.48992 0.437859 0.970479 0.442672
97 0.49148 0.465805 0.982961 0.382184
109 0.485239 0.366379 0.962677 0.585632
68 0.302885 0.473563 0.586266 0.36092
103 0.399328 0.483333 0.778762 0.388506
104 0.48875 0.463218 0.97594 0.391954
110 0.500842 0.362644 0.982961 0.594253
110 0.302885 0.473563 0.586266 0.36092
46 0.194837 0.456322 0.371731 0.327586
101 0.194837 0.456322 0.371731 0.327586
48 0.194837 0.456322 0.371731 0.327586
101 0.500842 0.362644 0.982961 0.594253
80 0.48875 0.463218 0.97594 0.391954
100 0.302885 0.473563 0.586266 0.36092
51 0.500842 0.414655 0.982961 0.486782
68 0.48758 0.371839 0.975159 0.573563
99 0.302885 0.473563 0.586266 0.36092
105 0.49148 0.465805 0.982961 0.382184
100 0.485239 0.366379 0.962677 0.585632
73 0.500842 0.362644 0.982961 0.594253
47 0.302885 0.473563 0.586266 0.36092
67 0.302885 0.473563 0.586266 0.36092
75 0.500842 0.362644 0.982961 0.594253
67 0.500842 0.362644 0.982961 0.594253
51 0.302885 0.473563 0.586266 0.36092
52 0.500842 0.362644 0.982961 0.594253
41 0.500842 0.414655 0.982961 0.486782
77 0.302885 0.473563 0.586266 0.36092
111 0.497721 0.867816 0.97984 0.264368
38 0.49148 0.465805 0.982961 0.382184
76 0.485239 0.366379 0.962677 0.585632
77 0.500842 0.362644 0.982961 0.594253
104 0.500842 0.362644 0.982961 0.594253
17 0.48992 0.437859 0.970479 0.442672
68 0.194837 0.456322 0.371731 0.327586
73 0.302885 0.473563 0.586266 0.36092
95 0.500842 0.362644 0.982961 0.594253
111 0.302885 0.473563 0.586266 0.36092
75 0.302885 0.473563 0.586266 0.36092
50 0.512092 0.945977 0.975816 0.108046
108 0.48992 0.437859 0.970479 0.442672
50 0.499672 0.867241 0.985301 0.265517
95 0.302885 0.473563 0.586266 0.36092
74 0.49148 0.465805 0.982961 0.382184
100 0.194837 0.456322 0.371731 0.327586
88 0.469637 0.472414 0.928352 0.378161
54 0.500842 0.362644 0.982961 0.594253
84 0.485239 0.366379 0.962677 0.585632
76 0.302885 0.473563 0.586266 0.36092
67 0.194837 0.456322 0.371731 0.327586
110 0.194837 0.456322 0.371731 0.327586
48 0.497721 0.867816 0.97984 0.264368
47 0.48758 0.371839 0.975159 0.573563
81 0.48992 0.437859 0.970479 0.442672
50 0.686902 0.466667 0.604599 0.381609
56 0.399328 0.483333 0.778762 0.388506
50 0.496941 0.429382 0.992322 0.456178
49 0.496941 0.429382 0.992322 0.456178
100 0.496551 0.373563 0.991542 0.585057
100 0.4868 0.468966 0.964238 0.375862
51 0.496551 0.373563 0.991542 0.585057
50 0.511764 0.5 0.961117 0.32069
48 0.496941 0.429382 0.992322 0.456178
50 0.496551 0.328161 0.991542 0.656322
46 0.496941 0.429382 0.992322 0.456178
51 0.48914 0.463506 0.972039 0.406322
76 0.496941 0.429382 0.992322 0.456178
50 0.498892 0.59023 0.985301 0.675862
49 0.495381 0.327586 0.97828 0.655172
50 0.496161 0.743678 0.992322 0.512644
99 0.496941 0.429382 0.992322 0.456178
50 0.482119 0.822414 0.964238 0.355172
73 0.496551 0.373563 0.991542 0.585057
47 0.496551 0.373563 0.991542 0.585057
49 0.511764 0.5 0.961117 0.32069
68 0.496941 0.429382 0.992322 0.456178
47 0.48914 0.463506 0.972039 0.406322
48 0.495381 0.327586 0.97828 0.655172
73 0.48914 0.463506 0.972039 0.406322
48 0.496161 0.743678 0.992322 0.512644
75 0.498892 0.35 0.98062 0.631034
50 0.469637 0.452299 0.920551 0.341379
101 0.503962 0.433333 0.975159 0.450575
68 0.496161 0.743678 0.992322 0.512644
48 0.482119 0.822414 0.964238 0.355172
46 0.495381 0.327586 0.97828 0.655172
68 0.482119 0.822414 0.964238 0.355172
50 0.243985 0.458621 0.474708 0.334483
49 0.496161 0.743678 0.992322 0.512644
49 0.482119 0.822414 0.964238 0.355172
50 0.493821 0.930747 0.987641 0.138506
100 0.497331 0.735057 0.993102 0.529885
100 0.482119 0.822414 0.964238 0.355172
48 0.511764 0.5 0.961117 0.32069
99 0.495381 0.327586 0.97828 0.655172
75 0.4868 0.468966 0.964238 0.375862
99 0.497331 0.735057 0.993102 0.529885
49 0.469637 0.452299 0.920551 0.341379
101 0.500842 0.741954 0.97984 0.516092
49 0.498892 0.59023 0.985301 0.675862
46 0.511764 0.5 0.961117 0.32069
101 0.496941 0.336782 0.993882 0.648276
51 0.497331 0.735057 0.993102 0.529885
97 0.496551 0.373563 0.991542 0.585057
99 0.482119 0.822414 0.964238 0.355172
76 0.496551 0.328161 0.991542 0.656322
100 0.493821 0.40431 0.9814 0.808621
49 0.243985 0.458621 0.474708 0.334483
46 0.500842 0.741954 0.97984 0.516092
50 0.655697 0.51092 0.649846 0.326437
76 0.497331 0.735057 0.993102 0.529885
51 0.493821 0.40431 0.9814 0.808621
51 0.482119 0.822414 0.964238 0.355172
97 0.48914 0.463506 0.972039 0.406322
101 0.482119 0.822414 0.964238 0.355172
48 0.493821 0.930747 0.987641 0.138506
68 0.496551 0.328161 0.991542 0.656322
25 0.496941 0.429382 0.992322 0.456178
68 0.493821 0.930747 0.987641 0.138506
46 0.482119 0.822414 0.964238 0.355172
50 0.343646 0.468966 0.664669 0.350575
50 0.171433 0.458621 0.330774 0.332184
77 0.503962 0.433333 0.975159 0.450575
73 0.497331 0.735057 0.993102 0.529885
49 0.493821 0.930747 0.987641 0.138506
110 0.496551 0.373563 0.991542 0.585057
76 0.482119 0.822414 0.964238 0.355172
48 0.500452 0.53908 0.972819 0.503448
100 0.498892 0.59023 0.985301 0.675862
68 0.511764 0.5 0.961117 0.32069
102 0.496161 0.743678 0.992322 0.512644
102 0.503962 0.433333 0.975159 0.450575
48 0.48875 0.62069 0.958777 0.728736
101 0.511764 0.5 0.961117 0.32069
51 0.345987 0.451437 0.667009 0.333908
73 0.493821 0.40431 0.9814 0.808621
46 0.500452 0.53908 0.972819 0.503448
53 0.496161 0.743678 0.992322 0.512644
48 0.469637 0.452299 0.920551 0.341379
77 0.496161 0.743678 0.992322 0.512644
110 0.4868 0.468966 0.964238 0.375862
47 0.497331 0.735057 0.993102 0.529885
109 0.496551 0.373563 0.991542 0.585057
100 0.579635 0.506034 0.819134 0.318966
50 0.477438 0.895977 0.954876 0.208046
76 0.511764 0.5 0.961117 0.32069
53 0.482119 0.822414 0.964238 0.355172
75 0.497331 0.735057 0.993102 0.529885
49 0.171433 0.458621 0.330774 0.332184
46 0.48875 0.62069 0.958777 0.728736
52 0.496551 0.373563 0.991542 0.585057
17 0.496941 0.429382 0.992322 0.456178
68 0.498892 0.59023 0.985301 0.675862
47 0.482119 0.822414 0.964238 0.355172
50 0.586558 0.387428 0.794365 0.520546
100 0.243985 0.458621 0.474708 0.334483
49 0.343646 0.468966 0.664669 0.350575
100 0.493821 0.930747 0.987641 0.138506
47 0.493821 0.40431 0.9814 0.808621
84 0.498892 0.35 0.98062 0.631034
51 0.579635 0.506034 0.819134 0.318966
101 0.499282 0.921264 0.970479 0.157471
51 0.243985 0.458621 0.474708 0.334483
110 0.496161 0.743678 0.992322 0.512644
109 0.496161 0.743678 0.992322 0.512644
99 0.493821 0.930747 0.987641 0.138506
102 0.482119 0.822414 0.964238 0.355172
48 0.243985 0.458621 0.474708 0.334483
52 0.48914 0.463506 0.972039 0.406322
77 0.496941 0.336782 0.993882 0.648276
99 0.511764 0.5 0.961117 0.32069
46 0.469637 0.452299 0.920551 0.341379
109 0.48914 0.463506 0.972039 0.406322
109 0.482119 0.822414 0.964238 0.355172
48 0.477438 0.895977 0.954876 0.208046
111 0.496161 0.743678 0.992322 0.512644
50 0.775447 0.500575 0.418148 0.313793
110 0.482119 0.822414 0.964238 0.355172
49 0.713817 0.500575 0.536728 0.343678
51 0.498892 0.59023 0.985301 0.675862
50 0.719668 0.402802 0.528146 0.480603
88 0.496941 0.429382 0.992322 0.456178
100 0.345987 0.451437 0.667009 0.333908
68 0.481729 0.198994 0.961897 0.397989
77 0.482119 0.822414 0.964238 0.355172
73 0.482119 0.822414 0.964238 0.355172
77 0.499282 0.921264 0.970479 0.157471
111 0.482119 0.822414 0.964238 0.355172
46 0.243985 0.458621 0.474708 0.334483
102 0.493821 0.930747 0.987641 0.138506
75 0.482119 0.822414 0.964238 0.355172
26 0.503962 0.433333 0.975159 0.450575
99 0.498892 0.59023 0.985301 0.675862
46 0.499282 0.921264 0.970479 0.157471
75 0.495381 0.428161 0.990762 0.856322
53 0.498892 0.35 0.98062 0.631034
52 0.496161 0.743678 0.992322 0.512644
48 0.343646 0.468966 0.664669 0.350575
84 0.497331 0.735057 0.993102 0.529885
99 0.469637 0.452299 0.920551 0.341379
67 0.496161 0.743678 0.992322 0.512644
52 0.482119 0.822414 0.964238 0.355172
49 0.477438 0.895977 0.954876 0.208046
47 0.345987 0.451437 0.667009 0.333908
2 0.496941 0.429382 0.992322 0.456178
51 0.493821 0.930747 0.987641 0.138506
111 0.496551 0.373563 0.991542 0.585057
6 0.48914 0.463506 0.972039 0.406322
50 0.645556 0.907471 0.707576 0.185057
6 0.496551 0.373563 0.991542 0.585057
50 0.481729 0.198994 0.961897 0.397989
47 0.243985 0.458621 0.474708 0.334483
48 0.171433 0.458621 0.330774 0.332184
100 0.477438 0.895977 0.954876 0.208046
97 0.497331 0.735057 0.993102 0.529885
101 0.493821 0.236925 0.987641 0.473851
99 0.243985 0.458621 0.474708 0.334483
102 0.496941 0.336782 0.993882 0.648276
47 0.579635 0.506034 0.819134 0.318966
100 0.494601 0.25273 0.987641 0.50546
48 0.481729 0.198994 0.961897 0.397989
76 0.498892 0.59023 0.985301 0.675862
68 0.477438 0.895977 0.954876 0.208046
84 0.48914 0.463506 0.972039 0.406322
46 0.343646 0.468966 0.664669 0.350575
77 0.511764 0.5 0.961117 0.32069
67 0.482119 0.822414 0.964238 0.355172
46 0.171433 0.458621 0.330774 0.332184
47 0.498892 0.59023 0.985301 0.675862
48 0.645556 0.907471 0.707576 0.185057
100 0.713817 0.500575 0.536728 0.343678
53 0.48914 0.463506 0.972039 0.406322
101 0.500452 0.53908 0.972819 0.503448
53 0.493821 0.930747 0.987641 0.138506
102 0.511764 0.5 0.961117 0.32069
50 0.106877 0.455747 0.200493 0.312644
76 0.469637 0.452299 0.920551 0.341379
102 0.493821 0.236925 0.987641 0.473851
67 0.499282 0.921264 0.970479 0.157471
53 0.494601 0.25273 0.987641 0.50546
95 0.494601 0.25273 0.987641 0.50546
97 0.493821 0.40431 0.9814 0.808621
76 0.493821 0.930747 0.987641 0.138506
48 0.713817 0.500575 0.536728 0.343678
48 0.496941 0.0840517 0.9814 0.168103
111 0.48914 0.463506 0.972039 0.406322
50 0.494601 0.478448 0.9814 0.361494
49 0.500842 0.477299 0.993882 0.362644
76 0.494601 0.478448 0.9814 0.361494
100 0.494601 0.478448 0.9814 0.361494
101 0.494601 0.478448 0.9814 0.361494
110 0.494601 0.478448 0.9814 0.361494
48 0.500842 0.477299 0.993882 0.362644
47 0.500842 0.477299 0.993882 0.362644
46 0.500842 0.477299 0.993882 0.362644
68 0.494601 0.478448 0.9814 0.361494
102 0.494601 0.478448 0.9814 0.361494
51 0.500842 0.477299 0.993882 0.362644
73 0.494601 0.478448 0.9814 0.361494
50 0.512934 0.404023 0.938493 0.502299
77 0.494601 0.478448 0.9814 0.361494
49 0.512934 0.404023 0.938493 0.502299
97 0.494601 0.478448 0.9814 0.361494
48 0.512934 0.404023 0.938493 0.502299
100 0.512934 0.404023 0.938493 0.502299
46 0.512934 0.404023 0.938493 0.502299
73 0.512934 0.404023 0.938493 0.502299
47 0.512934 0.404023 0.938493 0.502299
53 0.494601 0.478448 0.9814 0.361494
17 0.500842 0.477299 0.993882 0.362644
51 0.512934 0.404023 0.938493 0.502299
99 0.494601 0.478448 0.9814 0.361494
76 0.512934 0.404023 0.938493 0.502299
50 0.504743 0.475287 0.984521 0.383908
49 0.504743 0.475287 0.984521 0.383908
100 0.504743 0.475287 0.984521 0.383908
51 0.508191 0.486782 0.983617 0.387356
48 0.508191 0.486782 0.983617 0.387356
47 0.508191 0.486782 0.983617 0.387356
76 0.504743 0.475287 0.984521 0.383908
73 0.508191 0.486782 0.983617 0.387356
99 0.508191 0.486782 0.983617 0.387356
77 0.504743 0.475287 0.984521 0.383908
102 0.504743 0.475287 0.984521 0.383908
101 0.504743 0.475287 0.984521 0.383908
46 0.508191 0.486782 0.983617 0.387356
110 0.503572 0.48046 0.989982 0.393103
50 0.332529 0.48477 0.637754 0.374138
17 0.507863 0.481609 0.97672 0.381609
50 0.496941 0.431322 0.962677 0.454598
49 0.496941 0.431322 0.962677 0.454598
46 0.496941 0.431322 0.962677 0.454598
48 0.496941 0.431322 0.962677 0.454598
73 0.500062 0.458621 0.956436 0.390805
51 0.496941 0.431322 0.962677 0.454598
99 0.496941 0.431322 0.962677 0.454598
47 0.496941 0.431322 0.962677 0.454598
76 0.500062 0.458621 0.956436 0.390805
100 0.496941 0.431322 0.962677 0.454598
73 0.497721 0.386494 0.961117 0.555747
76 0.497721 0.386494 0.961117 0.555747
77 0.500062 0.458621 0.956436 0.390805
102 0.500842 0.483333 0.953316 0.345977
110 0.500062 0.458621 0.956436 0.390805
75 0.496941 0.431322 0.962677 0.454598
50 0.499672 0.46408 0.961897 0.376437
49 0.501622 0.470402 0.956436 0.360345
51 0.500842 0.457471 0.964238 0.391954
46 0.500842 0.457471 0.964238 0.391954
48 0.500062 0.446624 0.967358 0.415948
73 0.499672 0.46408 0.961897 0.376437
100 0.500842 0.457471 0.964238 0.391954
102 0.501622 0.470402 0.956436 0.360345
99 0.498892 0.472414 0.955656 0.358621
47 0.509752 0.471264 0.980497 0.358621
50 0.503572 0.375862 0.965018 0.56092
49 0.503572 0.375862 0.965018 0.56092
101 0.501622 0.470402 0.956436 0.360345
51 0.503572 0.375862 0.965018 0.56092
110 0.498892 0.472414 0.955656 0.358621
76 0.500842 0.457471 0.964238 0.391954
46 0.503572 0.375862 0.965018 0.56092
17 0.500842 0.457471 0.964238 0.391954
73 0.503572 0.375862 0.965018 0.56092
99 0.503572 0.375862 0.965018 0.56092
47 0.503572 0.375862 0.965018 0.56092
100 0.503572 0.375862 0.965018 0.56092
77 0.501622 0.470402 0.956436 0.360345
49 0.497331 0.479023 0.97906 0.368391
48 0.501622 0.468391 0.968918 0.386207
47 0.48992 0.482471 0.964238 0.362644
50 0.497331 0.479023 0.97906 0.368391
51 0.498892 0.475 0.97594 0.368391
46 0.48992 0.482471 0.964238 0.362644
73 0.498892 0.475 0.97594 0.368391
100 0.498892 0.475 0.97594 0.368391
99 0.498892 0.475 0.97594 0.368391
101 0.497331 0.479023 0.97906 0.368391
34 0.507021 0.483908 0.985958 0.357471
12 0.507021 0.483908 0.985958 0.357471
4 0.507021 0.483908 0.985958 0.357471
50 0.501232 0.486782 0.969698 0.349425
49 0.507801 0.48046 0.984397 0.354023
51 0.507801 0.48046 0.984397 0.354023
100 0.501232 0.486782 0.969698 0.349425
47 0.507801 0.48046 0.984397 0.354023
48 0.507801 0.48046 0.984397 0.354023
46 0.501232 0.486782 0.969698 0.349425
76 0.501232 0.486782 0.969698 0.349425
99 0.501232 0.486782 0.969698 0.349425
73 0.501232 0.486782 0.969698 0.349425
110 0.501232 0.486782 0.969698 0.349425
97 0.501232 0.486782 0.969698 0.349425
50 0.512544 0.467816 0.962677 0.390805
49 0.499672 0.475862 0.947855 0.378161
47 0.499672 0.475862 0.947855 0.378161
48 0.495381 0.452012 0.990762 0.424713
100 0.506303 0.457471 0.973599 0.409195
46 0.499672 0.475862 0.947855 0.378161
76 0.503962 0.476437 0.959557 0.373563
51 0.507863 0.459195 0.972039 0.406897
73 0.507863 0.459195 0.972039 0.406897
99 0.506303 0.457471 0.973599 0.409195
50 0.501622 0.488506 0.968918 0.35977
49 0.505913 0.490517 0.963458 0.344253
46 0.501622 0.488506 0.968918 0.35977
48 0.502402 0.491954 0.967358 0.348276
100 0.505523 0.489368 0.967358 0.345402
47 0.502402 0.491954 0.967358 0.348276
76 0.497331 0.483908 0.950975 0.356322
99 0.505523 0.489368 0.967358 0.345402
101 0.505523 0.489368 0.967358 0.345402
102 0.505523 0.489368 0.967358 0.345402
73 0.505523 0.489368 0.967358 0.345402
51 0.502402 0.491954 0.967358 0.348276
77 0.505523 0.489368 0.967358 0.345402
49 0.4907 0.481322 0.947075 0.363793
50 0.500062 0.478161 0.967358 0.366667
48 0.495381 0.479885 0.965798 0.364368
47 0.49226 0.477586 0.947075 0.367816
46 0.507083 0.487069 0.961117 0.35
100 0.507083 0.487069 0.961117 0.35
76 0.507083 0.487069 0.961117 0.35
101 0.49226 0.477586 0.947075 0.367816
99 0.507083 0.487069 0.961117 0.35
73 0.507083 0.487069 0.961117 0.35
102 0.500062 0.478161 0.967358 0.366667
51 0.49226 0.477586 0.947075 0.367816
67 0.49226 0.477586 0.947075 0.367816
66 0.500062 0.478161 0.967358 0.366667
17 0.49226 0.477586 0.947075 0.367816
110 0.507083 0.487069 0.961117 0.35
49 0.502402 0.477299 0.964238 0.362644
50 0.502402 0.477299 0.964238 0.362644
48 0.497721 0.482184 0.948635 0.35977
100 0.497721 0.482184 0.948635 0.35977
46 0.497721 0.482184 0.948635 0.35977
73 0.497721 0.482184 0.948635 0.35977
99 0.497721 0.482184 0.948635 0.35977
47 0.497721 0.482184 0.948635 0.35977
76 0.497721 0.482184 0.948635 0.35977
101 0.497721 0.482184 0.948635 0.35977
77 0.497721 0.482184 0.948635 0.35977
17 0.497721 0.482184 0.948635 0.35977
102 0.497721 0.482184 0.948635 0.35977
51 0.496941 0.481034 0.950195 0.357471
66 0.496941 0.481034 0.950195 0.357471
56 0.497721 0.482184 0.948635 0.35977
110 0.497721 0.482184 0.948635 0.35977
103 0.497721 0.482184 0.948635 0.35977
111 0.497721 0.482184 0.948635 0.35977
75 0.497721 0.482184 0.948635 0.35977
74 0.497721 0.482184 0.948635 0.35977
97 0.502792 0.468103 0.966578 0.381034
68 0.497721 0.482184 0.948635 0.35977
109 0.497721 0.482184 0.948635 0.35977
41 0.497721 0.482184 0.948635 0.35977
67 0.497721 0.482184 0.948635 0.35977
49 0.498502 0.477012 0.956436 0.363218
48 0.499282 0.485632 0.948635 0.356322
50 0.498502 0.477012 0.956436 0.363218
46 0.498502 0.477012 0.956436 0.363218
47 0.498502 0.477012 0.956436 0.363218
101 0.499282 0.485632 0.948635 0.356322
100 0.499672 0.481322 0.950975 0.363793
51 0.499672 0.481322 0.950975 0.363793
73 0.499282 0.485632 0.948635 0.356322
77 0.499282 0.485632 0.948635 0.356322
99 0.502402 0.489655 0.951756 0.333333
102 0.499282 0.485632 0.948635 0.356322
67 0.499282 0.485632 0.948635 0.356322
111 0.499282 0.485632 0.948635 0.356322
53 0.499282 0.485632 0.948635 0.356322
49 0.500062 0.482471 0.962677 0.348851
46 0.503182 0.476724 0.968918 0.361494
50 0.497721 0.481609 0.961117 0.36092
47 0.502402 0.477874 0.954876 0.366092
51 0.502402 0.477874 0.954876 0.366092
48 0.502012 0.485058 0.957217 0.337931
101 0.502012 0.485058 0.957217 0.337931
100 0.501622 0.475862 0.961117 0.36092
4 0.503182 0.476724 0.968918 0.361494
12 0.500062 0.482471 0.962677 0.348851
102 0.502012 0.485058 0.957217 0.337931
49 0.507083 0.48908 0.965798 0.329885
46 0.507083 0.48908 0.965798 0.329885
50 0.503962 0.483333 0.973599 0.350575
47 0.496941 0.49569 0.987642 0.325862
100 0.507083 0.48908 0.965798 0.329885
48 0.496941 0.496552 0.987642 0.310345
51 0.495381 0.47931 0.956436 0.357471
4 0.495771 0.481322 0.955656 0.359195
76 0.505523 0.483908 0.973599 0.344828
50 0.506631 0.475862 0.986738 0.367816
49 0.500842 0.474425 0.961117 0.367241
100 0.506303 0.478736 0.972039 0.364368
46 0.507083 0.474138 0.97672 0.371264
47 0.507083 0.474138 0.97672 0.371264
76 0.506303 0.478736 0.972039 0.364368
48 0.507083 0.474138 0.97672 0.371264
99 0.510593 0.476149 0.966578 0.36954
73 0.510593 0.476149 0.966578 0.36954
51 0.506303 0.475287 0.967358 0.368966
110 0.506303 0.478736 0.972039 0.364368
49 0.508643 0.481322 0.970479 0.356897
50 0.508643 0.480172 0.970479 0.358046
47 0.507021 0.482471 0.985958 0.359195
48 0.507021 0.482471 0.985958 0.359195
46 0.508191 0.479885 0.983617 0.362069
101 0.510203 0.48046 0.967358 0.356322
100 0.508643 0.480172 0.970479 0.358046
51 0.507021 0.482471 0.985958 0.359195
48 0.507863 0.0636494 0.97672 0.127299
49 0.503182 0.0627874 0.987642 0.125575
50 0.503962 0.0364943 0.986081 0.0729885
48 0.503962 0.0364943 0.986081 0.0729885
49 0.503962 0.0364943 0.986081 0.0729885
50 0.503182 0.0627874 0.987642 0.125575
49 0.499282 0.484483 0.970479 0.354023
47 0.503962 0.482471 0.962677 0.356897
48 0.49226 0.481322 0.961117 0.359195
50 0.500842 0.483621 0.970479 0.345402
101 0.499282 0.484483 0.970479 0.354023
46 0.503962 0.482471 0.962677 0.356897
51 0.500452 0.48046 0.988422 0.36092
109 0.499672 0.901149 0.974379 0.197701
100 0.500842 0.483621 0.970479 0.345402
73 0.500842 0.483621 0.970479 0.345402
109 0.498111 0.977586 0.963457 0.0448276
76 0.499672 0.901149 0.974379 0.197701
49 0.504743 0.48908 0.950195 0.334483
50 0.502792 0.485632 0.957217 0.33908
101 0.502402 0.483908 0.954876 0.347126
47 0.504743 0.487356 0.947075 0.33908
46 0.504743 0.487356 0.947075 0.33908
48 0.500452 0.475287 0.955656 0.36092
100 0.502792 0.485632 0.957217 0.33908
4 0.499282 0.474138 0.954876 0.35977
12 0.499282 0.474138 0.954876 0.35977
51 0.504743 0.487356 0.947075 0.33908
77 0.502402 0.483908 0.954876 0.347126
49 0.496941 0.483333 0.948635 0.348276
46 0.500842 0.48592 0.962677 0.344253
101 0.501622 0.487069 0.961117 0.345402
100 0.500842 0.48592 0.962677 0.344253
50 0.500062 0.486782 0.962677 0.341379
47 0.500452 0.484195 0.960337 0.345402
48 0.500452 0.484195 0.960337 0.345402
12 0.496941 0.483333 0.948635 0.348276
102 0.500062 0.486782 0.962677 0.341379
4 0.496941 0.483333 0.948635 0.348276
77 0.500452 0.484195 0.960337 0.345402
73 0.500452 0.484195 0.960337 0.345402
29 0.501622 0.487356 0.965798 0.332184
67 0.500062 0.486782 0.962677 0.341379
76 0.500842 0.48592 0.962677 0.344253
51 0.497721 0.482759 0.951756 0.348276
56 0.500452 0.484195 0.960337 0.345402
49 0.501622 0.479885 0.959557 0.355172
50 0.510984 0.487356 0.965798 0.347126
48 0.510984 0.487356 0.965798 0.347126
101 0.510984 0.487356 0.965798 0.347126
46 0.503182 0.478448 0.97984 0.359195
102 0.510984 0.487356 0.965798 0.347126
47 0.506241 0.481609 0.987518 0.351724
100 0.500842 0.483333 0.959557 0.352874
76 0.510984 0.487356 0.965798 0.347126
4 0.504743 0.479885 0.987641 0.352874
49 0.506303 0.48477 0.965798 0.343103
46 0.501622 0.481322 0.947075 0.353448
50 0.506303 0.48477 0.965798 0.343103
47 0.501622 0.481322 0.947075 0.353448
100 0.507473 0.486782 0.958777 0.342529
101 0.507083 0.484195 0.961117 0.347701
48 0.507083 0.484195 0.961117 0.347701
51 0.503962 0.481034 0.957997 0.350575
4 0.500062 0.482184 0.943954 0.350575
76 0.507083 0.484195 0.961117 0.347701
34 0.501622 0.481322 0.947075 0.353448
12 0.500062 0.482184 0.943954 0.350575
73 0.507473 0.486782 0.958777 0.342529
99 0.507473 0.486782 0.958777 0.342529
29 0.501622 0.481322 0.947075 0.353448
49 0.500842 0.488506 0.962677 0.347126
50 0.496161 0.485058 0.962677 0.354023
46 0.495381 0.486782 0.950195 0.350575
100 0.503962 0.489368 0.957997 0.343103
47 0.495381 0.486782 0.950195 0.350575
73 0.503962 0.489368 0.957997 0.343103
48 0.500842 0.488506 0.962677 0.347126
99 0.503962 0.489368 0.957997 0.343103
49 0.498502 0.477012 0.956436 0.35977
50 0.503182 0.487931 0.956436 0.33908
46 0.499282 0.478736 0.961117 0.362069
101 0.502402 0.481322 0.956436 0.355747
100 0.503182 0.487931 0.956436 0.33908
47 0.499282 0.478736 0.961117 0.362069
48 0.498502 0.479885 0.956436 0.356322
81 0.499282 0.0897989 0.97672 0.179598
51 0.497721 0.477012 0.957997 0.35977
102 0.502402 0.481322 0.956436 0.355747
77 0.502402 0.481322 0.956436 0.355747
76 0.503182 0.487931 0.956436 0.33908
49 0.499282 0.479598 0.951756 0.358046
46 0.499282 0.474138 0.954876 0.368966
50 0.498111 0.477012 0.950975 0.364368
47 0.499282 0.474138 0.954876 0.368966
100 0.500452 0.475287 0.952536 0.367816
4 0.497331 0.47931 0.952536 0.36092
34 0.496941 0.478736 0.950195 0.36092
101 0.498111 0.477012 0.950975 0.364368
12 0.496551 0.47931 0.950975 0.36092
29 0.498111 0.477012 0.950975 0.364368
49 0.497721 0.483621 0.945515 0.356897
101 0.500062 0.48046 0.947075 0.358621
48 0.500062 0.482759 0.950195 0.356322
50 0.497721 0.48046 0.943954 0.36092
100 0.507021 0.48046 0.985958 0.36092
46 0.500062 0.482759 0.950195 0.356322
47 0.507801 0.481609 0.984397 0.35977
77 0.500062 0.48046 0.947075 0.358621
102 0.500062 0.48046 0.947075 0.358621
51 0.497721 0.48046 0.943954 0.36092
67 0.497721 0.48046 0.943954 0.36092
49 0.505523 0.481609 0.967358 0.354023
50 0.504352 0.47931 0.957217 0.355172
46 0.506241 0.481609 0.987518 0.358621
101 0.504352 0.47931 0.957217 0.355172
47 0.506241 0.481609 0.987518 0.358621
100 0.504352 0.47931 0.957217 0.355172
49 0.500842 0.477012 0.967358 0.35977
46 0.503962 0.477874 0.973599 0.359195
50 0.507411 0.477012 0.985178 0.35977
12 0.498111 0.477586 0.958777 0.36092
100 0.503962 0.477874 0.973599 0.359195
4 0.507801 0.478736 0.984397 0.35977
47 0.503962 0.477874 0.973599 0.359195
29 0.497721 0.477299 0.957997 0.360345
49 0.503572 0.482759 0.966578 0.356322
101 0.502402 0.483333 0.961117 0.355172
46 0.504743 0.483908 0.972039 0.354023
50 0.508643 0.481609 0.97984 0.357471
100 0.502402 0.483333 0.961117 0.355172
47 0.508581 0.481034 0.982837 0.356322
12 0.504743 0.483908 0.972039 0.354023
48 0.502402 0.483333 0.961117 0.355172
49 0.495381 0.478736 0.965798 0.357471
46 0.502402 0.482471 0.961117 0.353448
50 0.502402 0.482471 0.961117 0.353448
47 0.502402 0.482471 0.961117 0.353448
48 0.502402 0.482471 0.961117 0.353448
101 0.494601 0.484483 0.968918 0.348276
100 0.494601 0.484483 0.968918 0.348276
51 0.493431 0.483333 0.960337 0.349425
49 0.504743 0.486494 0.957997 0.35
50 0.498892 0.482759 0.971259 0.358621
46 0.504743 0.486494 0.957997 0.35
100 0.504743 0.486494 0.957997 0.35
47 0.504743 0.486494 0.957997 0.35
48 0.498892 0.482759 0.971259 0.358621
101 0.497331 0.48592 0.968138 0.352299
49 0.495381 0.478736 0.954876 0.357471
50 0.503962 0.47931 0.989202 0.36092
46 0.500062 0.481609 0.961117 0.352874
47 0.503182 0.484195 0.956436 0.352299
49 0.493821 0.482184 0.956436 0.356322
46 0.505133 0.484483 0.958777 0.352874
50 0.496161 0.482759 0.954876 0.356322
47 0.493041 0.488218 0.97984 0.345402
48 0.505133 0.484483 0.958777 0.352874
101 0.500452 0.484483 0.961897 0.350575
100 0.505133 0.484483 0.958777 0.352874
51 0.493821 0.482184 0.956436 0.356322
81 0.497331 0.0678879 0.97906 0.135776
49 0.49148 0.482759 0.965798 0.351724
46 0.499282 0.485058 0.97828 0.347126
50 0.493821 0.484195 0.968918 0.348851
47 0.504743 0.485058 0.965798 0.347126
100 0.504743 0.485058 0.965798 0.347126
49 0.504743 0.482184 0.968918 0.352874
46 0.498502 0.481034 0.956436 0.357471
50 0.502012 0.481034 0.961897 0.355172
47 0.498502 0.481034 0.956436 0.357471
4 0.498502 0.479598 0.956436 0.356897
49 0.499672 0.483333 0.963458 0.354023
46 0.501232 0.483333 0.963458 0.355172
47 0.501622 0.482184 0.961117 0.355172
50 0.503962 0.481034 0.982961 0.363218
4 0.506303 0.48046 0.984521 0.36092
49 0.503962 0.481609 0.964238 0.351724
50 0.506303 0.477586 0.986081 0.357471
46 0.506303 0.477586 0.986081 0.357471
101 0.503962 0.481609 0.964238 0.351724
48 0.503962 0.481609 0.964238 0.351724
4 0.505913 0.478736 0.985301 0.354023
51 0.500062 0.48046 0.959557 0.354023
49 0.499672 0.482471 0.957217 0.354598
48 0.504743 0.485345 0.962677 0.35
50 0.503962 0.485345 0.962677 0.351149
101 0.503962 0.485345 0.962677 0.351149
100 0.503962 0.48592 0.964238 0.347701
46 0.504743 0.485345 0.962677 0.35
102 0.503962 0.485345 0.962677 0.351149
49 0.505913 0.479885 0.966578 0.354023
46 0.507863 0.47931 0.962677 0.355172
50 0.499282 0.479023 0.954876 0.356897
47 0.499282 0.481609 0.97672 0.349425
48 0.507863 0.47931 0.962677 0.355172
49 0.507083 0.483333 0.964238 0.347126
46 0.507083 0.483333 0.964238 0.347126
50 0.496551 0.48046 0.960337 0.352874
100 0.505523 0.483333 0.967358 0.349425
29 0.503962 0.483621 0.967358 0.347701
49 0.505913 0.475862 0.965018 0.35977
50 0.499282 0.480747 0.957997 0.353448
46 0.499282 0.480747 0.957997 0.353448
48 0.507083 0.48046 0.967358 0.352874
47 0.504352 0.476149 0.963457 0.364943
49 0.503182 0.481609 0.964238 0.354023
46 0.496161 0.480172 0.954876 0.358046
50 0.496941 0.48046 0.956436 0.356322
47 0.502792 0.480747 0.958777 0.354598
100 0.502792 0.480747 0.958777 0.354598
49 0.494601 0.477011 0.957997 0.358621
50 0.502402 0.476149 0.957997 0.364943
46 0.505523 0.477586 0.961117 0.35977
48 0.505523 0.477586 0.961117 0.35977
47 0.505523 0.477586 0.961117 0.35977
100 0.502402 0.476149 0.957997 0.364943
49 0.496941 0.478736 0.959557 0.356322
50 0.496551 0.480172 0.957217 0.356897
46 0.496551 0.480172 0.957217 0.356897
47 0.496551 0.480172 0.957217 0.356897
49 0.500062 0.479885 0.956436 0.357471
50 0.499282 0.478736 0.951756 0.35977
47 0.499282 0.478736 0.951756 0.35977
46 0.502402 0.482184 0.959557 0.351724
48 0.500062 0.479885 0.956436 0.357471
101 0.499282 0.482184 0.961117 0.352874
49 0.500452 0.479598 0.952536 0.356897
50 0.503182 0.484195 0.957997 0.347701
46 0.500062 0.479885 0.951756 0.357471
47 0.500062 0.479885 0.951756 0.357471
48 0.506303 0.483621 0.961117 0.35
49 0.500062 0.479885 0.953316 0.355172
50 0.503962 0.479598 0.961117 0.356897
46 0.500842 0.479598 0.954876 0.356897
48 0.504743 0.480747 0.962677 0.353448
49 0.498892 0.478448 0.955656 0.360345
50 0.503962 0.479598 0.964238 0.358046
48 0.505913 0.48046 0.965018 0.358621
101 0.505913 0.48046 0.965018 0.358621
12 1 0.433621 0 0.700575
14 1 0.433621 0 0.700575
46 0.500062 0.480172 0.956436 0.359195
4 1 0.392241 0 0.675287
49 0.499282 0.478736 0.957997 0.35977
50 0.509752 0.47931 0.980497 0.362069
48 0.505523 0.478736 0.967358 0.357471
46 0.509752 0.47931 0.980497 0.362069
47 0.503962 0.479023 0.967358 0.358046
101 0.505523 0.478736 0.967358 0.357471
49 0.510142 0.478736 0.979717 0.358621
46 0.501232 0.477012 0.966578 0.36092
50 0.501232 0.477012 0.966578 0.36092
47 0.502792 0.477299 0.966578 0.362644
49 0.497721 0.480747 0.957997 0.358046
46 0.507863 0.477586 0.968918 0.364368
50 0.498111 0.47931 0.960337 0.36092
47 0.507863 0.477586 0.968918 0.364368
48 0.507083 0.479885 0.970479 0.35977
14 1 0.449713 0 0.738506
12 1 0.449713 0 0.738506
49 0.494991 0.478161 0.960337 0.36092
46 0.506303 0.474138 0.972039 0.368966
47 0.506303 0.474138 0.972039 0.368966
50 0.505523 0.477586 0.973599 0.362069
14 1 0.376437 0 0.722988
12 1 0.376437 0 0.722988
26 1 0.423851 0 0.740805
4 1 0.376437 0 0.722988
13 1 0.33908 0 0.678161
19 1 0.33908 0 0.678161
100 0.495381 0.479598 0.959557 0.360345
49 0.496161 0.47931 0.962677 0.356322
46 0.502792 0.478161 0.969699 0.358621
50 0.503962 0.479023 0.97984 0.358046
47 0.502792 0.478161 0.969699 0.358621
49 0.495381 0.479598 0.961117 0.358046
46 0.505523 0.477586 0.965798 0.362069
47 0.505523 0.477586 0.965798 0.362069
50 0.506303 0.477874 0.984521 0.359195
49 0.496161 0.478161 0.957997 0.36092
46 0.506303 0.475862 0.968918 0.365517
47 0.506303 0.475862 0.968918 0.365517
50 0.504352 0.478161 0.985301 0.362069
49 0.505913 0.477299 0.969699 0.362644
46 0.504743 0.477012 0.970479 0.362069
47 0.504743 0.477012 0.970479 0.362069
50 0.505913 0.478448 0.985301 0.360345
49 0.498111 0.47931 0.957217 0.355172
46 0.504743 0.478161 0.972039 0.358621
47 0.504743 0.478161 0.972039 0.358621
50 0.504743 0.478736 0.984521 0.357471
49 0.496161 0.478736 0.957997 0.356322
50 0.503182 0.477011 0.982961 0.358621
46 0.500062 0.477586 0.970479 0.358621
47 0.500062 0.477586 0.970479 0.358621
49 0.503182 0.477586 0.965798 0.358621
50 0.497721 0.477586 0.957997 0.358621
46 0.500842 0.477012 0.967358 0.35977
47 0.500842 0.477012 0.967358 0.35977
49 0.498111 0.480747 0.954096 0.353448
46 0.501622 0.479023 0.968918 0.356897
50 0.498502 0.479023 0.956436 0.356897
47 0.501622 0.479023 0.968918 0.356897
49 0.499672 0.481034 0.954096 0.352874
50 0.503962 0.478448 0.970479 0.358046
4 0.508581 0.47931 0.982837 0.354023
47 0.503962 0.478448 0.970479 0.358046
49 0.497721 0.479885 0.954876 0.355172
50 0.503962 0.477586 0.972039 0.35977
104 0.326288 0.285057 0.652577 0.570115
49 0.504743 0.479885 0.972039 0.355172
50 0.504352 0.477586 0.972819 0.35977
46 0.504352 0.477586 0.972819 0.35977
49 0.504743 0.481322 0.975159 0.353448
50 0.503572 0.477586 0.97906 0.362069
46 0.503962 0.479885 0.975159 0.356322
49 0.497331 0.48046 0.958777 0.356322
50 0.506303 0.477586 0.9814 0.35977
46 0.503962 0.480747 0.973599 0.353448
49 0.496941 0.481034 0.957997 0.355172
50 0.504743 0.478448 0.9814 0.358046
46 0.503182 0.482471 0.972039 0.35
49 0.497721 0.481609 0.957997 0.354023
46 0.502402 0.483333 0.970479 0.349425
50 0.504743 0.47931 0.9814 0.358621
49 0.497331 0.482184 0.960337 0.354023
46 0.504743 0.485345 0.965798 0.347701
50 0.503962 0.47931 0.9814 0.358621
47 0.504743 0.485345 0.965798 0.347701
49 0.497331 0.481897 0.958777 0.354598
46 0.503962 0.485632 0.964238 0.347126
47 0.503962 0.485632 0.964238 0.347126
50 0.505523 0.478736 0.982961 0.35977
49 0.497721 0.481322 0.959557 0.355747
46 0.505133 0.484195 0.965018 0.35
50 0.504743 0.478736 0.982961 0.35977
47 0.505133 0.484195 0.965018 0.35
49 0.496941 0.481034 0.961117 0.356322
46 0.505523 0.483333 0.965798 0.351724
49 0.496551 0.481609 0.960337 0.355172
46 0.506303 0.483908 0.965798 0.351724
50 0.503182 0.47931 0.9814 0.358621
49 0.497331 0.482184 0.958777 0.354023
46 0.506303 0.484483 0.964238 0.349425
50 0.505133 0.47931 0.983741 0.358621
49 0.498111 0.482184 0.957217 0.352874
49 0.497721 0.482471 0.957997 0.352299
49 0.498502 0.482471 0.956436 0.352299
49 0.497721 0.482471 0.956436 0.352299
49 0.497721 0.482759 0.954876 0.351724
49 0.497721 0.482759 0.954876 0.351724
50 0.506303 0.480172 0.982961 0.358046
49 0.497721 0.482759 0.956436 0.351724
49 0.497721 0.482759 0.954876 0.351724
49 0.498502 0.482759 0.954876 0.351724
49 0.498502 0.482759 0.954876 0.351724
49 0.498892 0.482759 0.955656 0.350575
49 0.499282 0.482759 0.954876 0.350575
49 0.499282 0.482759 0.954876 0.350575
49 0.499282 0.482471 0.954876 0.351149
49 0.499282 0.482471 0.954876 0.351149
101 0.503962 0.484195 0.967358 0.348851
49 0.499282 0.482184 0.954876 0.351724
101 0.504743 0.483908 0.968918 0.349425
49 0.499282 0.482184 0.954876 0.351724
101 0.505133 0.483908 0.968138 0.349425
49 0.499282 0.482184 0.954876 0.351724
101 0.505133 0.483621 0.968138 0.35
49 0.499282 0.482184 0.954876 0.351724
101 0.505133 0.483333 0.968138 0.350575
49 0.499282 0.481897 0.954876 0.352299
101 0.505523 0.483333 0.967358 0.350575
49 0.499282 0.481897 0.954876 0.352299
101 0.505523 0.483333 0.967358 0.350575
49 0.500062 0.481609 0.954876 0.352874
101 0.505913 0.483333 0.968138 0.351724
49 0.500062 0.481609 0.954876 0.352874
101 0.506303 0.483046 0.967358 0.352299
49 0.499672 0.481609 0.954096 0.352874
101 0.506303 0.482759 0.967358 0.352874
49 0.500062 0.481897 0.954876 0.353448
101 0.505913 0.482759 0.966578 0.352874
49 0.500062 0.481609 0.954876 0.354023
101 0.505523 0.482759 0.967358 0.352874
49 0.500062 0.481609 0.954876 0.354023
101 0.505523 0.482759 0.967358 0.352874
49 0.500062 0.481609 0.954876 0.354023
101 0.505913 0.483046 0.966578 0.353448
49 0.500062 0.481609 0.954876 0.354023
101 0.505913 0.482759 0.966578 0.354023
49 0.500062 0.481609 0.954876 0.354023
101 0.505913 0.483046 0.966578 0.353448
49 0.500062 0.481322 0.954876 0.354598
101 0.506303 0.482759 0.967358 0.354023
49 0.500062 0.481322 0.954876 0.354598
101 0.506303 0.482759 0.967358 0.354023
49 0.500062 0.481322 0.954876 0.354598
101 0.506303 0.482759 0.967358 0.354023
49 0.500452 0.481322 0.955656 0.354598
101 0.506303 0.482759 0.967358 0.354023
49 0.500062 0.481609 0.954876 0.354023
101 0.506303 0.482759 0.967358 0.354023
49 0.500062 0.481609 0.954876 0.354023
101 0.506303 0.482759 0.967358 0.354023
49 0.500452 0.481609 0.955656 0.354023
101 0.506303 0.482759 0.967358 0.354023
49 0.500452 0.481609 0.955656 0.354023
101 0.506693 0.482759 0.968138 0.354023
49 0.500452 0.481609 0.955656 0.354023
101 0.506693 0.482759 0.968138 0.354023
49 0.500452 0.481609 0.955656 0.354023
101 0.506693 0.483046 0.968138 0.353448
49 0.500452 0.481609 0.955656 0.354023
101 0.506303 0.483046 0.968918 0.353448
49 0.500452 0.481609 0.955656 0.354023
101 0.506303 0.483046 0.968918 0.353448
49 0.500452 0.481609 0.955656 0.354023
101 0.506303 0.483046 0.968918 0.353448
49 0.500452 0.481609 0.955656 0.354023
101 0.506303 0.483046 0.968918 0.353448
49 0.500452 0.481609 0.955656 0.354023
49 0.500452 0.481609 0.955656 0.354023
49 0.500452 0.481609 0.955656 0.354023
49 0.500452 0.481609 0.955656 0.354023
49 0.500842 0.481609 0.956436 0.354023
49 0.500842 0.481322 0.956436 0.354598
49 0.500842 0.481322 0.956436 0.354598
49 0.501232 0.481322 0.957216 0.354598
49 0.500842 0.481322 0.956436 0.354598
49 0.500842 0.481322 0.956436 0.354598
49 0.500842 0.481322 0.956436 0.354598
49 0.501232 0.481322 0.957216 0.354598
49 0.501232 0.481322 0.957216 0.354598
49 0.501232 0.481034 0.957216 0.355172
49 0.501232 0.481034 0.957216 0.355172
49 0.501232 0.481034 0.957216 0.355172
49 0.501232 0.481034 0.957216 0.355172
49 0.501232 0.481034 0.957216 0.355172
49 0.501232 0.481034 0.957216 0.355172
49 0.500842 0.481034 0.956436 0.355172
49 0.500842 0.481034 0.956436 0.355172
49 0.500842 0.481034 0.957997 0.355172
49 0.500842 0.481034 0.956436 0.355172
49 0.501232 0.481034 0.957216 0.355172
