48 0.509059 0.519585 0.97914 0.417051
50 0.509059 0.519585 0.97914 0.417051
49 0.495027 0.5553 0.955753 0.343318
54 0.509839 0.509793 0.976021 0.436636
68 0.509059 0.519585 0.97914 0.417051
56 0.509059 0.519585 0.97914 0.417051
53 0.509839 0.509793 0.976021 0.436636
79 0.509059 0.519585 0.97914 0.417051
104 0.509839 0.509793 0.976021 0.436636
74 0.509059 0.519585 0.97914 0.417051
103 0.509059 0.519585 0.97914 0.417051
95 0.495027 0.5553 0.955753 0.343318
46 0.509839 0.509793 0.976021 0.436636
101 0.509059 0.519585 0.97914 0.417051
109 0.495806 0.548531 0.951075 0.359159
75 0.495027 0.5553 0.955753 0.343318
84 0.495806 0.548531 0.951075 0.359159
67 0.509839 0.509793 0.976021 0.436636
111 0.509059 0.519585 0.97914 0.417051
81 0.509839 0.509793 0.976021 0.436636
42 0.509059 0.519585 0.97914 0.417051
17 0.509059 0.519585 0.97914 0.417051
73 0.511398 0.505472 0.976022 0.447581
100 0.495027 0.5553 0.955753 0.343318
77 0.509059 0.519585 0.97914 0.417051
76 0.495806 0.548531 0.951075 0.359159
110 0.509839 0.509793 0.976021 0.436636
66 0.495027 0.5553 0.955753 0.343318
97 0.509059 0.519585 0.97914 0.417051
105 0.511398 0.505472 0.976022 0.447581
99 0.509059 0.516705 0.968226 0.425115
41 0.509839 0.509793 0.976021 0.436636
47 0.5075 0.498848 0.977581 0.463134
33 0.509059 0.519585 0.97914 0.417051
49 0.508669 0.485311 0.981478 0.491359
108 0.509059 0.519585 0.97914 0.417051
31 0.509839 0.509793 0.976021 0.436636
75 0.508669 0.485311 0.981478 0.491359
102 0.511398 0.505472 0.976022 0.447581
14 0.495806 0.548531 0.951075 0.359159
38 0.509839 0.509793 0.976021 0.436636
80 0.509839 0.509793 0.976021 0.436636
11 0.495027 0.5553 0.955753 0.343318
51 0.495027 0.5553 0.955753 0.343318
16 0.511398 0.505472 0.976022 0.447581
78 0.511398 0.505472 0.976022 0.447581
21 0.509839 0.509793 0.976021 0.436636
5 0.509059 0.519585 0.97914 0.417051
7 0.495027 0.5553 0.955753 0.343318
34 0.509059 0.519585 0.97914 0.417051
100 0.512473 0.489631 0.975054 0.482719
28 0.509059 0.519585 0.97914 0.417051
15 0.509449 0.494816 0.976801 0.46659
0 0.509449 0.494816 0.976801 0.46659
66 0.508669 0.485311 0.981478 0.491359
95 0.512473 0.489631 0.975054 0.482719
65 0.511398 0.505472 0.976022 0.447581
12 0.495027 0.5553 0.955753 0.343318
94 0.500094 0.551987 0.964328 0.347638
47 0.476317 0.551843 0.902742 0.341014
4 0.509839 0.509793 0.976021 0.436636
13 0.511398 0.505472 0.976022 0.447581
26 0.511398 0.505472 0.976022 0.447581
109 0.486062 0.484951 0.962769 0.504752
54 0.439677 0.556596 0.860645 0.338422
55 0.495806 0.548531 0.951075 0.359159
52 0.516465 0.50288 0.965887 0.452765
92 0.509839 0.509793 0.976021 0.436636
64 0.509839 0.509793 0.976021 0.436636
72 0.509449 0.494816 0.976801 0.46659
12 0.508669 0.485311 0.981478 0.491359
56 0.509839 0.495104 0.972903 0.482143
104 0.509839 0.495104 0.972903 0.482143
95 0.500874 0.489631 0.956532 0.493088
111 0.498535 0.486463 0.967446 0.499424
108 0.509839 0.495104 0.972903 0.482143
103 0.509839 0.495104 0.972903 0.482143
78 0.509839 0.495104 0.972903 0.482143
48 0.509839 0.495104 0.972903 0.482143
105 0.509839 0.495104 0.972903 0.482143
54 0.509839 0.495104 0.972903 0.482143
79 0.509839 0.495104 0.972903 0.482143
66 0.509839 0.495104 0.972903 0.482143
81 0.509839 0.495104 0.972903 0.482143
75 0.509839 0.495104 0.972903 0.482143
84 0.509839 0.495104 0.972903 0.482143
110 0.509839 0.495104 0.972903 0.482143
80 0.509839 0.495104 0.972903 0.482143
46 0.509839 0.495104 0.972903 0.482143
68 0.500874 0.489631 0.956532 0.493088
102 0.498535 0.486463 0.967446 0.499424
74 0.509839 0.495104 0.972903 0.482143
109 0.509839 0.495104 0.972903 0.482143
53 0.500874 0.489631 0.956532 0.493088
67 0.498535 0.486463 0.967446 0.499424
101 0.498535 0.486463 0.967446 0.499424
99 0.500874 0.489631 0.956532 0.493088
17 0.509839 0.495104 0.972903 0.482143
76 0.500874 0.489631 0.956532 0.493088
77 0.509839 0.495104 0.972903 0.482143
73 0.509839 0.495104 0.972903 0.482143
33 0.509839 0.495104 0.972903 0.482143
41 0.509839 0.495104 0.972903 0.482143
52 0.498535 0.486463 0.967446 0.499424
111 0.510524 0.880472 0.978952 0.239055
47 0.498145 0.502592 0.955753 0.471774
42 0.509839 0.495104 0.972903 0.482143
50 0.509839 0.495104 0.972903 0.482143
48 0.507796 0.889977 0.984409 0.220046
111 0.319039 0.484519 0.61703 0.488335
105 0.319039 0.484519 0.61703 0.488335
108 0.319039 0.484519 0.61703 0.488335
95 0.319039 0.484519 0.61703 0.488335
97 0.5075 0.498272 0.976021 0.486175
104 0.319039 0.484519 0.61703 0.488335
100 0.509839 0.495104 0.972903 0.482143
50 0.507796 0.889977 0.984409 0.220046
48 0.319039 0.484519 0.61703 0.488335
56 0.319039 0.484519 0.61703 0.488335
68 0.505161 0.896889 0.976021 0.206221
79 0.319039 0.484519 0.61703 0.488335
78 0.319039 0.484519 0.61703 0.488335
103 0.319039 0.484519 0.61703 0.488335
111 0.505161 0.922811 0.983817 0.154378
109 0.507796 0.889977 0.984409 0.220046
50 0.513642 0.936924 0.972715 0.126152
66 0.319039 0.484519 0.61703 0.488335
99 0.510524 0.880472 0.978952 0.239055
51 0.502043 0.498848 0.982258 0.476959
101 0.504771 0.90121 0.973683 0.197581
48 0.658054 0.503168 0.667117 0.467166
75 0.312608 0.468606 0.603387 0.532834
46 0.504771 0.90121 0.973683 0.197581
49 0.509839 0.495104 0.972903 0.482143
73 0.507796 0.889977 0.984409 0.220046
81 0.319039 0.484519 0.61703 0.488335
84 0.319039 0.484519 0.61703 0.488335
110 0.510524 0.880472 0.978952 0.239055
76 0.510524 0.880472 0.978952 0.239055
68 0.319039 0.484519 0.61703 0.488335
46 0.319039 0.484519 0.61703 0.488335
48 0.513642 0.936924 0.972715 0.126152
108 0.218864 0.460757 0.412003 0.496688
104 0.228804 0.480703 0.43422 0.437212
31 0.509839 0.495104 0.972903 0.482143
53 0.319039 0.484519 0.61703 0.488335
95 0.501263 0.447293 0.990054 0.633064
108 0.501263 0.370968 0.986935 0.741935
78 0.501263 0.370968 0.986935 0.741935
81 0.502043 0.372696 0.990054 0.745392
56 0.500484 0.454781 0.988495 0.595046
79 0.501263 0.370968 0.986935 0.741935
104 0.500484 0.454781 0.988495 0.595046
81 0.500874 0.475158 0.987715 0.547379
53 0.500484 0.454781 0.988495 0.595046
79 0.500874 0.475158 0.987715 0.547379
56 0.500484 0.455069 0.985376 0.910138
105 0.501263 0.370968 0.986935 0.741935
108 0.500874 0.475158 0.987715 0.547379
95 0.500484 0.455069 0.985376 0.910138
104 0.500484 0.455069 0.985376 0.910138
84 0.501263 0.447293 0.990054 0.633064
52 0.501263 0.447293 0.990054 0.633064
78 0.500874 0.475158 0.987715 0.547379
95 0.491129 0.550691 0.957312 0.543779
105 0.500874 0.475158 0.987715 0.547379
80 0.502043 0.372696 0.990054 0.745392
68 0.502823 0.510945 0.986935 0.510369
52 0.502433 0.41417 0.987715 0.828341
53 0.500484 0.455069 0.985376 0.910138
84 0.502433 0.41417 0.987715 0.828341
68 0.502043 0.372696 0.990054 0.745392
68 0.498145 0.246832 0.986935 0.493664
74 0.502043 0.372696 0.990054 0.745392
101 0.502823 0.510945 0.986935 0.510369
48 0.499314 0.423387 0.986156 0.846774
48 0.500484 0.454781 0.988495 0.595046
80 0.500874 0.475158 0.987715 0.547379
67 0.502043 0.502304 0.983817 0.497696
95 0.498145 0.246832 0.986935 0.493664
74 0.502043 0.502304 0.983817 0.497696
56 0.491129 0.550691 0.957312 0.543779
53 0.498145 0.246832 0.986935 0.493664
110 0.502823 0.510945 0.986935 0.510369
48 0.498145 0.246832 0.986935 0.493664
54 0.500484 0.454781 0.988495 0.595046
53 0.491129 0.550691 0.957312 0.543779
17 0.501263 0.447293 0.990054 0.633064
66 0.502043 0.372696 0.990054 0.745392
78 0.498145 0.246832 0.986935 0.493664
101 0.499704 0.389977 0.990054 0.779954
84 0.491129 0.550691 0.957312 0.543779
109 0.501263 0.447293 0.990054 0.633064
111 0.501263 0.370968 0.986935 0.741935
101 0.498145 0.246832 0.986935 0.493664
50 0.497366 0.173963 0.983817 0.347926
68 0.501653 0.15985 0.973683 0.3197
54 0.502433 0.41417 0.987715 0.828341
67 0.502043 0.372696 0.990054 0.745392
75 0.500484 0.454781 0.988495 0.595046
48 0.501653 0.15985 0.973683 0.3197
52 0.491129 0.550691 0.957312 0.543779
108 0.498145 0.246832 0.986935 0.493664
110 0.499704 0.389977 0.990054 0.779954
75 0.499314 0.423387 0.986156 0.846774
104 0.491129 0.550691 0.957312 0.543779
77 0.502043 0.502304 0.983817 0.497696
68 0.505161 0.740207 0.982258 0.519585
111 0.500874 0.475158 0.987715 0.547379
48 0.505161 0.740207 0.982258 0.519585
101 0.501653 0.15985 0.973683 0.3197
102 0.502043 0.502304 0.983817 0.497696
77 0.498145 0.246832 0.986935 0.493664
102 0.497366 0.173963 0.983817 0.347926
50 0.503212 0.345622 0.973683 0.691244
49 0.497366 0.173963 0.983817 0.347926
78 0.5075 0.5697 0.976021 0.542627
100 0.497366 0.173963 0.983817 0.347926
50 0.501263 0.101238 0.974462 0.202477
68 0.490349 0.611607 0.955753 0.617799
84 0.498145 0.246832 0.986935 0.493664
17 0.500484 0.455069 0.985376 0.910138
53 0.505161 0.740207 0.982258 0.519585
67 0.498145 0.246832 0.986935 0.493664
48 0.501263 0.101238 0.974462 0.202477
110 0.498145 0.246832 0.986935 0.493664
109 0.498145 0.246832 0.986935 0.493664
77 0.500484 0.397465 0.982258 0.794931
52 0.498145 0.246832 0.986935 0.493664
33 0.502043 0.372696 0.990054 0.745392
56 0.503212 0.668347 0.983038 0.663306
50 0.505161 0.06214 0.963548 0.12428
103 0.502043 0.372696 0.990054 0.745392
76 0.500484 0.454781 0.988495 0.595046
95 0.503212 0.668347 0.983038 0.663306
53 0.501653 0.15985 0.973683 0.3197
74 0.498145 0.246832 0.986935 0.493664
68 0.501263 0.101238 0.974462 0.202477
109 0.502433 0.41417 0.987715 0.828341
66 0.491909 0.489055 0.958871 0.546083
49 0.503212 0.345622 0.973683 0.691244
102 0.503212 0.345622 0.973683 0.691244
75 0.498145 0.246832 0.986935 0.493664
84 0.505161 0.740207 0.982258 0.519585
80 0.498145 0.246832 0.986935 0.493664
56 0.498145 0.246832 0.986935 0.493664
48 0.505161 0.06214 0.963548 0.12428
100 0.503212 0.345622 0.973683 0.691244
109 0.491129 0.550691 0.957312 0.543779
101 0.490349 0.611607 0.955753 0.617799
68 0.505161 0.06214 0.963548 0.12428
41 0.500484 0.454781 0.988495 0.595046
46 0.500484 0.397465 0.982258 0.794931
78 0.50672 0.667195 0.97914 0.665611
48 0.491129 0.550691 0.957312 0.543779
49 0.501263 0.101238 0.974462 0.202477
67 0.490349 0.611607 0.955753 0.617799
76 0.500484 0.397465 0.982258 0.794931
53 0.503602 0.651066 0.980699 0.635657
104 0.505941 0.651498 0.983817 0.697005
51 0.498145 0.246832 0.986935 0.493664
101 0.501263 0.101238 0.974462 0.202477
111 0.498145 0.246832 0.986935 0.493664
77 0.501653 0.15985 0.973683 0.3197
73 0.500484 0.397465 0.982258 0.794931
101 0.505161 0.740207 0.982258 0.519585
17 0.491129 0.550691 0.957312 0.543779
80 0.5075 0.5697 0.976021 0.542627
49 0.505161 0.06214 0.963548 0.12428
101 0.505161 0.06214 0.963548 0.12428
100 0.501263 0.101238 0.974462 0.202477
41 0.502433 0.395161 0.987715 0.790323
76 0.498145 0.246832 0.986935 0.493664
111 0.505161 0.740207 0.982258 0.519585
52 0.505161 0.740207 0.982258 0.519585
54 0.491129 0.550691 0.957312 0.543779
108 0.5075 0.5697 0.976021 0.542627
109 0.505161 0.740207 0.982258 0.519585
103 0.500874 0.475158 0.987715 0.547379
67 0.505161 0.740207 0.982258 0.519585
46 0.500484 0.454781 0.988495 0.595046
46 0.497366 0.173963 0.983817 0.347926
100 0.505161 0.06214 0.963548 0.12428
47 0.502043 0.502304 0.983817 0.497696
17 0.498145 0.246832 0.986935 0.493664
51 0.499704 0.389977 0.990054 0.779954
51 0.501653 0.15985 0.973683 0.3197
95 0.501653 0.15985 0.973683 0.3197
67 0.501653 0.15985 0.973683 0.3197
97 0.501263 0.447293 0.990054 0.633064
77 0.505161 0.740207 0.982258 0.519585
102 0.501263 0.101238 0.974462 0.202477
73 0.498145 0.246832 0.986935 0.493664
102 0.505161 0.740207 0.982258 0.519585
33 0.491909 0.489055 0.958871 0.546083
73 0.500484 0.454781 0.988495 0.595046
53 0.501263 0.101238 0.974462 0.202477
2 0.499704 0.389977 0.990054 0.779954
110 0.501653 0.15985 0.973683 0.3197
104 0.498145 0.246832 0.986935 0.493664
75 0.491129 0.550691 0.957312 0.543779
110 0.490349 0.611607 0.955753 0.617799
76 0.501653 0.15985 0.973683 0.3197
102 0.505161 0.06214 0.963548 0.12428
47 0.485672 0.176843 0.961989 0.353687
79 0.5075 0.5697 0.976021 0.542627
105 0.505941 0.651498 0.983817 0.697005
81 0.505941 0.651498 0.983817 0.697005
109 0.501653 0.15985 0.973683 0.3197
95 0.497755 0.523041 0.969005 0.427419
56 0.497755 0.523041 0.969005 0.427419
104 0.498925 0.504896 0.972903 0.457949
68 0.497755 0.523041 0.969005 0.427419
67 0.498925 0.504896 0.972903 0.457949
84 0.498925 0.504896 0.972903 0.457949
105 0.498925 0.504896 0.972903 0.457949
53 0.503602 0.497696 0.954194 0.465438
103 0.498925 0.504896 0.972903 0.457949
109 0.503602 0.497696 0.954194 0.465438
74 0.503602 0.497696 0.954194 0.465438
97 0.498925 0.500288 0.957312 0.470622
110 0.497755 0.523041 0.969005 0.427419
81 0.498925 0.504896 0.972903 0.457949
79 0.498925 0.504896 0.972903 0.457949
101 0.497755 0.523041 0.969005 0.427419
108 0.503602 0.497696 0.954194 0.465438
77 0.503602 0.497696 0.954194 0.465438
80 0.503602 0.497696 0.954194 0.465438
17 0.497755 0.523041 0.969005 0.427419
52 0.503602 0.497696 0.954194 0.465438
111 0.497755 0.523041 0.969005 0.427419
66 0.503602 0.497696 0.954194 0.465438
95 0.509745 0.593174 0.980511 0.31826
54 0.503602 0.497696 0.954194 0.465438
76 0.503602 0.497696 0.954194 0.465438
41 0.503602 0.497696 0.954194 0.465438
95 0.504382 0.422307 0.974462 0.517137
42 0.503602 0.497696 0.954194 0.465438
78 0.503602 0.497696 0.954194 0.465438
47 0.492688 0.498848 0.983817 0.465438
102 0.498925 0.504896 0.972903 0.457949
73 0.503602 0.497696 0.954194 0.465438
21 0.498925 0.504896 0.972903 0.457949
99 0.498925 0.504896 0.972903 0.457949
56 0.504382 0.422307 0.974462 0.517137
68 0.509745 0.593174 0.980511 0.31826
33 0.503602 0.497696 0.954194 0.465438
75 0.503602 0.497696 0.954194 0.465438
53 0.510134 0.412154 0.979731 0.451037
48 0.492688 0.498848 0.983817 0.465438
52 0.510134 0.412154 0.979731 0.451037
100 0.503602 0.497696 0.954194 0.465438
95 0.50711 0.50576 0.975242 0.476959
56 0.505941 0.504608 0.974462 0.473502
67 0.504382 0.505184 0.974462 0.46659
68 0.515296 0.504608 0.96043 0.461982
104 0.505941 0.504608 0.974462 0.473502
109 0.504382 0.505184 0.974462 0.46659
84 0.515296 0.504608 0.96043 0.461982
103 0.515296 0.504608 0.96043 0.461982
111 0.515296 0.504608 0.96043 0.461982
53 0.515296 0.504608 0.96043 0.461982
110 0.504382 0.505184 0.974462 0.46659
101 0.504382 0.505184 0.974462 0.46659
97 0.515296 0.504608 0.96043 0.461982
105 0.502823 0.504896 0.982258 0.46371
79 0.505941 0.504608 0.974462 0.473502
77 0.504382 0.505184 0.974462 0.46659
108 0.504382 0.505184 0.974462 0.46659
54 0.500484 0.509793 0.985376 0.468894
80 0.504382 0.505184 0.974462 0.46659
17 0.50711 0.50576 0.975242 0.476959
68 0.51793 0.571429 0.96414 0.327189
81 0.505941 0.504608 0.974462 0.473502
52 0.511398 0.511233 0.968226 0.46947
102 0.50828 0.532258 0.968226 0.422811
49 0.511398 0.511233 0.968226 0.46947
76 0.515296 0.504608 0.96043 0.461982
48 0.515296 0.504608 0.96043 0.461982
74 0.50711 0.50576 0.975242 0.476959
95 0.50828 0.492223 0.972903 0.491359
56 0.50828 0.492223 0.972903 0.491359
67 0.50828 0.498272 0.972903 0.480415
68 0.50828 0.498272 0.972903 0.480415
84 0.50828 0.492223 0.972903 0.491359
109 0.509449 0.49424 0.970564 0.488479
103 0.50828 0.492223 0.972903 0.491359
104 0.50828 0.498272 0.972903 0.480415
101 0.50828 0.498272 0.972903 0.480415
111 0.502043 0.500576 0.983817 0.480415
105 0.502823 0.49568 0.949516 0.480991
97 0.502043 0.500576 0.983817 0.480415
110 0.502043 0.500576 0.983817 0.480415
77 0.502043 0.500576 0.983817 0.480415
68 0.511398 0.574885 0.968226 0.339862
53 0.502043 0.500576 0.983817 0.480415
52 0.510618 0.506048 0.966667 0.482143
102 0.502823 0.502592 0.983817 0.470622
41 0.50828 0.492223 0.972903 0.491359
17 0.50828 0.492223 0.972903 0.491359
95 0.509839 0.5 0.966667 0.486175
56 0.505551 0.495968 0.972124 0.470046
67 0.505941 0.490711 0.974462 0.500144
84 0.509839 0.5 0.966667 0.486175
111 0.509839 0.5 0.966667 0.486175
68 0.505941 0.490711 0.974462 0.500144
109 0.509839 0.5 0.966667 0.486175
103 0.505551 0.495968 0.972124 0.470046
52 0.509839 0.5 0.966667 0.486175
101 0.509839 0.5 0.966667 0.486175
53 0.509839 0.5 0.966667 0.486175
97 0.498145 0.501728 0.982258 0.463134
77 0.509839 0.5 0.966667 0.486175
110 0.495806 0.505184 0.985376 0.475806
17 0.509839 0.5 0.966667 0.486175
104 0.509839 0.49712 0.957312 0.468894
105 0.505551 0.495968 0.972124 0.470046
102 0.509839 0.5 0.966667 0.486175
28 0.509839 0.5 0.966667 0.486175
95 0.50672 0.508641 0.972903 0.461982
68 0.502043 0.516417 0.982258 0.455645
67 0.493078 0.507776 0.962769 0.452189
56 0.50672 0.508641 0.972903 0.461982
109 0.493078 0.507776 0.962769 0.452189
101 0.502043 0.516417 0.982258 0.455645
111 0.493078 0.507776 0.962769 0.452189
84 0.505161 0.510369 0.976021 0.46659
68 0.500484 0.586406 0.982258 0.342166
52 0.506331 0.511809 0.975242 0.474078
95 0.505161 0.478687 0.969785 0.498848
56 0.514516 0.490783 0.954194 0.476958
104 0.505161 0.478687 0.969785 0.498848
67 0.505161 0.478687 0.969785 0.498848
68 0.505161 0.478687 0.969785 0.498848
109 0.512177 0.492799 0.958871 0.470622
84 0.512957 0.491935 0.957312 0.471198
103 0.505161 0.478687 0.969785 0.498848
28 0.534785 0.49712 0.916774 0.470046
41 0.512957 0.491935 0.957312 0.471198
95 0.505161 0.493376 0.97914 0.490207
56 0.505161 0.493376 0.97914 0.490207
109 0.505161 0.493376 0.97914 0.490207
68 0.50672 0.492799 0.974462 0.490207
67 0.505161 0.493376 0.97914 0.490207
84 0.505161 0.493376 0.97914 0.490207
104 0.505161 0.493376 0.97914 0.490207
95 0.504382 0.497696 0.974462 0.479263
56 0.505161 0.493952 0.976021 0.479839
104 0.505161 0.493952 0.976021 0.479839
103 0.498925 0.495392 0.963548 0.485023
109 0.498925 0.495392 0.963548 0.485023
67 0.505161 0.493952 0.976021 0.479839
84 0.503602 0.49424 0.972903 0.490783
56 0.504382 0.494816 0.980699 0.489631
95 0.504382 0.494816 0.980699 0.489631
67 0.492688 0.487255 0.965108 0.49784
109 0.492688 0.487255 0.965108 0.49784
68 0.492688 0.487255 0.965108 0.49784
84 0.493468 0.470622 0.961989 0.540323
104 0.5075 0.506912 0.969785 0.481567
103 0.492688 0.487255 0.965108 0.49784
41 0.5075 0.506912 0.969785 0.481567
28 0.5075 0.506912 0.969785 0.481567
105 0.504382 0.494816 0.980699 0.489631
95 0.496976 0.489631 0.954973 0.490783
56 0.496976 0.489631 0.954973 0.490783
104 0.499704 0.492512 0.969785 0.491935
67 0.496976 0.489631 0.954973 0.490783
103 0.496976 0.489631 0.954973 0.490783
105 0.499704 0.492512 0.969785 0.491935
68 0.496976 0.489631 0.954973 0.490783
41 0.498145 0.497984 0.958871 0.479839
109 0.496976 0.489631 0.954973 0.490783
17 0.498145 0.497984 0.958871 0.479839
28 0.498145 0.497984 0.958871 0.479839
84 0.496976 0.489631 0.954973 0.490783
56 0.505161 0.49568 0.969785 0.490207
95 0.503602 0.504608 0.96043 0.46659
67 0.5075 0.490783 0.971344 0.5
109 0.5075 0.490783 0.971344 0.5
104 0.5075 0.490783 0.971344 0.5
68 0.5075 0.490783 0.971344 0.5
28 0.5075 0.490783 0.971344 0.5
95 0.499704 0.498272 0.952634 0.47235
56 0.488011 0.508065 0.965108 0.456221
109 0.499704 0.498272 0.952634 0.47235
67 0.491129 0.492511 0.966667 0.483871
104 0.488011 0.508065 0.965108 0.456221
68 0.491129 0.492511 0.966667 0.483871
56 0.496586 0.485023 0.951075 0.493088
41 0.506331 0.49424 0.970564 0.47235
95 0.509059 0.502016 0.961989 0.46947
28 0.497366 0.502592 0.97914 0.462558
105 0.505941 0.491935 0.968226 0.489631
103 0.506331 0.49424 0.970564 0.47235
104 0.5075 0.500576 0.965108 0.463134
11 0.50828 0.49856 0.96043 0.470622
20 0.497366 0.502592 0.97914 0.462558
56 0.498535 0.498848 0.948736 0.473502
95 0.501263 0.500864 0.952634 0.46947
28 0.498925 0.499424 0.951075 0.47235
105 0.501263 0.500864 0.952634 0.46947
41 0.498535 0.498848 0.948736 0.473502
56 0.501263 0.501152 0.949516 0.470046
95 0.502433 0.502016 0.948737 0.470622
28 0.490349 0.503456 0.980699 0.46659
67 0.496586 0.498848 0.958871 0.479263
67 0.502823 0.0701325 0.966667 0.140265
52 0.501263 0.501152 0.949516 0.470046
20 0.490349 0.503456 0.980699 0.46659
68 0.502823 0.0381984 0.968226 0.0763969
11 0.490349 0.503456 0.980699 0.46659
67 0.502823 0.0381984 0.968226 0.0763969
68 0.502823 0.0701325 0.966667 0.140265
17 0.501263 0.501152 0.949516 0.470046
111 0.501263 0.501152 0.949516 0.470046
41 0.500874 0.497696 0.956532 0.480415
101 0.502823 0.0266417 0.971344 0.0532834
68 0.496586 0.498848 0.958871 0.479263
15 0.490349 0.503456 0.980699 0.46659
48 0.496586 0.498848 0.958871 0.479263
77 0.502823 0.0266417 0.971344 0.0532834
56 0.504382 0.504032 0.965107 0.461982
95 0.504382 0.491935 0.971344 0.493088
109 0.503992 0.0676123 0.976801 0.135225
28 0.496976 0.50576 0.981478 0.463134
109 0.504382 0.491935 0.971344 0.493088
109 0.500484 0.883641 0.972903 0.232719
41 0.504382 0.504032 0.965107 0.461982
67 0.494247 0.487327 0.957312 0.5
109 0.502043 0.942396 0.96043 0.115207
84 0.503602 0.493088 0.969785 0.486175
76 0.503992 0.0676123 0.976801 0.135225
20 0.509839 0.506336 0.955753 0.460829
109 0.498145 0.0354623 0.985376 0.0709245
110 0.503992 0.0676123 0.976801 0.135225
95 0.503992 0.0676123 0.976801 0.135225
15 0.496976 0.50576 0.981478 0.463134
56 0.50828 0.503456 0.96043 0.465438
95 0.50828 0.503456 0.96043 0.465438
28 0.494637 0.506336 0.983038 0.465438
41 0.505161 0.488479 0.969785 0.488479
52 0.5075 0.505472 0.965108 0.464862
97 0.5075 0.505472 0.965108 0.464862
111 0.494637 0.506336 0.983038 0.465438
56 0.504382 0.502304 0.965107 0.465438
95 0.505941 0.502304 0.961989 0.463134
67 0.505941 0.502304 0.961989 0.463134
100 0.495806 0.500576 0.990054 0.461982
28 0.495806 0.500576 0.990054 0.461982
103 0.505941 0.502304 0.961989 0.463134
56 0.509449 0.505184 0.964328 0.46659
41 0.497366 0.506336 0.97914 0.46659
95 0.509449 0.505184 0.964328 0.46659
28 0.500484 0.504608 0.977581 0.470046
56 0.48879 0.501152 0.977581 0.470046
95 0.498925 0.498848 0.958871 0.473502
84 0.499314 0.496544 0.956532 0.474654
67 0.495806 0.494528 0.972903 0.480991
111 0.490739 0.499712 0.981478 0.471774
56 0.501263 0.508064 0.954194 0.459677
95 0.495806 0.507488 0.972903 0.468894
67 0.499704 0.062932 0.977581 0.125864
105 0.493468 0.502304 0.971344 0.473502
68 0.499704 0.062932 0.977581 0.125864
56 0.502043 0.499712 0.951075 0.474078
28 0.501263 0.504032 0.958871 0.468894
95 0.494247 0.491935 0.969785 0.488479
105 0.500484 0.0714286 0.976021 0.142857
56 0.48957 0.50576 0.97914 0.473502
41 0.48957 0.50576 0.97914 0.473502
28 0.48957 0.50576 0.97914 0.473502
17 0.502823 0.502016 0.952634 0.478687
67 0.500484 0.062356 0.97914 0.124712
33 0.502823 0.502016 0.952634 0.478687
56 0.50672 0.506912 0.963548 0.465438
28 0.494247 0.509505 0.97914 0.464862
95 0.502823 0.503456 0.958871 0.46659
56 0.497366 0.506336 0.97914 0.463134
28 0.497366 0.506336 0.97914 0.463134
41 0.5075 0.501728 0.96043 0.468894
95 0.509449 0.502016 0.969005 0.468318
56 0.509839 0.501152 0.966667 0.475806
95 0.509839 0.501152 0.966667 0.475806
67 0.499704 0.0330861 0.946398 0.0661722
101 0.505941 0.0336262 0.972903 0.0672523
67 0.503602 0.0669643 0.96043 0.133929
56 0.503602 0.50288 0.96043 0.46659
95 0.499704 0.499136 0.974462 0.472926
28 0.503602 0.50288 0.96043 0.46659
84 0.501263 0.500576 0.958871 0.473502
56 0.502043 0.506336 0.957312 0.468894
95 0.496196 0.504608 0.97836 0.467742
28 0.490349 0.508065 0.980699 0.470046
67 0.496196 0.504608 0.97836 0.467742
111 0.490349 0.508065 0.980699 0.470046
84 0.496196 0.504608 0.97836 0.467742
56 0.5075 0.505472 0.961989 0.468318
28 0.498145 0.506912 0.977581 0.463134
67 0.501263 0.497984 0.980699 0.483295
56 0.509839 0.503456 0.963548 0.470046
28 0.498145 0.50576 0.982258 0.465438
95 0.501263 0.499424 0.980699 0.473502
56 0.5075 0.502592 0.96043 0.466014
28 0.497755 0.504608 0.976801 0.460829
67 0.501653 0.0679003 0.964328 0.135801
56 0.505161 0.503456 0.961989 0.46659
28 0.496586 0.505472 0.974462 0.46371
95 0.500874 0.505472 0.981478 0.46371
56 0.510618 0.503744 0.965108 0.46371
28 0.501653 0.506336 0.979919 0.46659
56 0.509839 0.50288 0.96043 0.46659
28 0.505161 0.503168 0.971344 0.464862
41 0.502043 0.49712 0.976021 0.476958
56 0.506331 0.504608 0.967446 0.464286
28 0.50711 0.503168 0.965887 0.467166
56 0.50672 0.506912 0.961989 0.470046
28 0.502823 0.507488 0.969785 0.464286
41 0.501263 0.507488 0.972903 0.464286
56 0.510618 0.506336 0.958871 0.463134
95 0.510618 0.506336 0.958871 0.463134
28 0.501263 0.509793 0.974462 0.468894
56 0.50789 0.506336 0.965887 0.464286
28 0.499314 0.508065 0.976801 0.465438
68 0.487231 0.0379104 0.974462 0.0758208
56 0.509839 0.504896 0.968226 0.467166
95 0.500874 0.498272 0.984597 0.479263
28 0.509839 0.504896 0.968226 0.467166
56 0.50672 0.505184 0.96043 0.460829
95 0.498145 0.501728 0.980699 0.470046
28 0.498925 0.506048 0.976021 0.457949
56 0.509449 0.505184 0.964328 0.459677
95 0.493468 0.508064 0.963548 0.457373
41 0.509059 0.505472 0.961989 0.461406
28 0.503602 0.506048 0.974462 0.457949
56 0.509059 0.504608 0.961989 0.467742
95 0.505161 0.502304 0.972903 0.47235
41 0.508669 0.506048 0.96121 0.466014
56 0.505161 0.510945 0.963548 0.456221
28 0.504382 0.505472 0.976021 0.468318
56 0.509059 0.507776 0.966667 0.462558
111 0.505161 0.508641 0.974462 0.46659
28 0.504382 0.507488 0.972903 0.463134
56 0.505551 0.510369 0.964328 0.457373
28 0.497366 0.508929 0.97914 0.46371
111 0.50672 0.510369 0.965107 0.461982
56 0.5075 0.508065 0.965108 0.463134
111 0.50828 0.508929 0.963548 0.466014
28 0.498925 0.509217 0.980699 0.464286
67 0.504382 0.505184 0.974462 0.470046
56 0.50672 0.504608 0.963548 0.46659
28 0.495806 0.506336 0.980699 0.463134
111 0.495806 0.508353 0.980699 0.467166
56 0.505161 0.50432 0.963548 0.467166
28 0.505161 0.50432 0.963548 0.467166
95 0.502043 0.501728 0.972903 0.47235
56 0.5075 0.504032 0.965108 0.467742
28 0.503602 0.503456 0.976021 0.470046
111 0.497366 0.506624 0.982258 0.466014
56 0.509059 0.503456 0.968226 0.467742
28 0.504382 0.501728 0.977581 0.468894
111 0.502043 0.504608 0.980699 0.465438
56 0.509059 0.505184 0.965108 0.465438
28 0.503992 0.503744 0.975242 0.46947
56 0.50672 0.504032 0.966667 0.465438
56 0.50672 0.50288 0.966667 0.468894
56 0.50672 0.504032 0.968226 0.46659
56 0.50828 0.503456 0.969785 0.467742
56 0.50828 0.504032 0.972903 0.467742
28 0.509839 0.50432 0.968226 0.466014
56 0.5075 0.504032 0.971344 0.46659
28 0.509059 0.504608 0.968226 0.463134
56 0.505941 0.503744 0.968226 0.468318
56 0.504771 0.50288 0.970564 0.468894
56 0.503602 0.503456 0.972903 0.468894
28 0.502823 0.502016 0.980699 0.468318
56 0.506331 0.503168 0.969005 0.46947
28 0.503212 0.502016 0.981478 0.468318
56 0.50789 0.503456 0.969005 0.468894
28 0.504771 0.50288 0.979919 0.467742
56 0.5075 0.50288 0.968226 0.468894
28 0.505161 0.503168 0.977581 0.468318
56 0.50828 0.503456 0.966667 0.468894
28 0.502823 0.501152 0.97914 0.47235
41 0.501263 0.506048 0.977581 0.464862
56 0.5075 0.503456 0.968226 0.468894
28 0.502043 0.499712 0.982258 0.47523
56 0.50828 0.50288 0.969785 0.468894
28 0.502823 0.505184 0.977581 0.464286
56 0.50789 0.503168 0.969005 0.468318
28 0.50789 0.503168 0.969005 0.468318
41 0.502823 0.505472 0.977581 0.46371
56 0.50828 0.503456 0.969785 0.467742
28 0.50828 0.503456 0.969785 0.467742
56 0.5075 0.50288 0.969785 0.467742
28 0.5075 0.50288 0.969785 0.467742
41 0.502433 0.504896 0.976801 0.462558
56 0.5075 0.503168 0.968226 0.467166
28 0.5075 0.503168 0.968226 0.467166
56 0.50711 0.503168 0.969005 0.467166
28 0.50711 0.503168 0.969005 0.467166
56 0.50672 0.503456 0.968226 0.467742
28 0.50672 0.503456 0.968226 0.467742
56 0.50672 0.50288 0.966667 0.467742
28 0.500094 0.499136 0.983038 0.476382
95 0.497366 0.884217 0.983817 0.231567
56 0.506331 0.503168 0.967446 0.467166
95 0.496586 0.888825 0.969785 0.22235
28 0.499704 0.499424 0.982258 0.475806
67 0.497755 0.881912 0.984597 0.236175
56 0.505941 0.503168 0.966667 0.467166
95 0.496976 0.881336 0.970564 0.237327
67 0.498145 0.880184 0.983817 0.239631
28 0.499314 0.499136 0.981478 0.476382
56 0.504771 0.503456 0.967446 0.467742
95 0.498145 0.878456 0.969785 0.243088
67 0.497755 0.879032 0.981478 0.241936
28 0.499704 0.502304 0.982258 0.470046
56 0.497755 0.879032 0.981478 0.241936
56 0.505161 0.503168 0.966667 0.467166
95 0.498925 0.88076 0.969785 0.238479
67 0.498925 0.88076 0.969785 0.238479
28 0.500484 0.502016 0.980699 0.46947
56 0.499704 0.880184 0.980699 0.239631
56 0.505941 0.503168 0.965107 0.467166
95 0.498925 0.882488 0.969785 0.235023
56 0.499704 0.88076 0.980699 0.238479
28 0.500094 0.498848 0.97836 0.476959
67 0.498925 0.882488 0.969785 0.235023
56 0.505161 0.503456 0.965107 0.467742
95 0.500094 0.882488 0.979919 0.235023
28 0.500484 0.498848 0.977581 0.476959
56 0.500094 0.882488 0.979919 0.235023
56 0.505551 0.503168 0.964328 0.467166
95 0.500484 0.884217 0.97914 0.231567
28 0.500874 0.50144 0.97836 0.46947
56 0.500484 0.884217 0.97914 0.231567
56 0.505161 0.50288 0.963548 0.467742
95 0.500484 0.884217 0.97914 0.231567
95 0.500874 0.926843 0.962769 0.146313
56 0.500484 0.884217 0.97914 0.231567
28 0.501263 0.49856 0.976021 0.477535
56 0.505941 0.503168 0.963548 0.467166
95 0.500874 0.884217 0.97836 0.231567
56 0.500874 0.884217 0.97836 0.231567
28 0.501263 0.498848 0.976021 0.476959
104 0.500874 0.884217 0.97836 0.231567
56 0.505551 0.50288 0.962769 0.467742
95 0.500874 0.884217 0.97836 0.231567
56 0.500874 0.884217 0.97836 0.231567
95 0.501263 0.925115 0.965107 0.14977
28 0.500874 0.498848 0.975242 0.476959
56 0.505941 0.503744 0.965107 0.464862
95 0.501653 0.884793 0.97836 0.230415
56 0.501653 0.884793 0.97836 0.230415
95 0.502823 0.9303 0.965107 0.139401
28 0.501263 0.498848 0.976021 0.476959
56 0.505941 0.503744 0.965107 0.464862
95 0.501263 0.885945 0.977581 0.228111
56 0.501263 0.885945 0.977581 0.228111
28 0.501653 0.498848 0.975242 0.476959
95 0.502823 0.941244 0.965107 0.117512
56 0.505551 0.503456 0.962769 0.467742
95 0.501653 0.887673 0.976801 0.224654
28 0.501263 0.498848 0.974462 0.476959
56 0.501653 0.887673 0.976801 0.224654
56 0.505551 0.503456 0.962769 0.467742
28 0.501653 0.498848 0.973683 0.476959
95 0.502043 0.887673 0.976021 0.224654
56 0.502043 0.887673 0.976021 0.224654
56 0.505551 0.503168 0.962769 0.468318
28 0.505551 0.503168 0.962769 0.468318
95 0.502043 0.887673 0.976021 0.224654
56 0.502043 0.887673 0.976021 0.224654
56 0.505551 0.503456 0.962769 0.467742
28 0.501263 0.498848 0.974462 0.478111
95 0.502043 0.887673 0.976021 0.224654
56 0.505941 0.503456 0.963548 0.467742
28 0.502043 0.498848 0.974462 0.478111
95 0.502043 0.887385 0.976021 0.22523
56 0.505941 0.503456 0.963548 0.467742
28 0.502043 0.498848 0.974462 0.478111
95 0.502043 0.886809 0.976021 0.226383
56 0.505941 0.503456 0.963548 0.467742
28 0.502043 0.498848 0.974462 0.478111
95 0.502433 0.885945 0.976801 0.228111
56 0.50672 0.503456 0.963548 0.468894
28 0.50672 0.503456 0.963548 0.468894
95 0.502043 0.925115 0.969785 0.14977
56 0.505941 0.503456 0.963548 0.467742
28 0.505941 0.503456 0.963548 0.467742
56 0.505941 0.503456 0.963548 0.467742
28 0.505941 0.503456 0.963548 0.467742
56 0.505551 0.503744 0.962769 0.467166
28 0.501653 0.499424 0.973683 0.476958
56 0.505551 0.504032 0.962769 0.46659
28 0.501653 0.499424 0.973683 0.476958
95 0.501263 0.942684 0.971344 0.114631
56 0.505551 0.504032 0.962769 0.46659
28 0.501653 0.499424 0.973683 0.476958
56 0.505941 0.50432 0.963548 0.467166
28 0.501653 0.499424 0.973683 0.476958
56 0.505941 0.50432 0.963548 0.467166
28 0.502043 0.499424 0.974462 0.478111
56 0.505941 0.50432 0.965107 0.467166
28 0.501653 0.499424 0.973683 0.478111
56 0.505941 0.504032 0.965107 0.46659
28 0.501263 0.499424 0.974462 0.476958
56 0.505941 0.504032 0.965107 0.46659
28 0.501263 0.499424 0.974462 0.476958
56 0.505941 0.50432 0.963548 0.467166
28 0.501263 0.499712 0.974462 0.477535
56 0.505551 0.504608 0.962769 0.46659
28 0.501263 0.499712 0.974462 0.477535
56 0.505551 0.504608 0.962769 0.46659
28 0.501263 0.499712 0.974462 0.477535
56 0.505551 0.50432 0.962769 0.466014
28 0.501263 0.499712 0.974462 0.477535
56 0.505551 0.50432 0.962769 0.466014
28 0.501263 0.5 0.974462 0.476959
56 0.505551 0.50432 0.962769 0.466014
28 0.501263 0.5 0.972903 0.476959
56 0.505161 0.50432 0.963548 0.466014
28 0.501263 0.499424 0.972903 0.476958
56 0.505161 0.50432 0.963548 0.466014
28 0.501263 0.499712 0.972903 0.476382
56 0.505161 0.504608 0.963548 0.46659
28 0.500484 0.5 0.972903 0.476959
56 0.505161 0.504608 0.963548 0.465438
28 0.500874 0.5 0.972124 0.476959
56 0.505161 0.504608 0.963548 0.465438
28 0.500874 0.5 0.972124 0.476959
56 0.505161 0.504608 0.963548 0.46659
28 0.501263 0.5 0.971344 0.476959
56 0.505161 0.504608 0.963548 0.465438
28 0.501263 0.5 0.971344 0.475806
56 0.505161 0.504608 0.963548 0.465438
28 0.501263 0.5 0.971344 0.476959
56 0.504382 0.504896 0.963548 0.466014
28 0.501263 0.5 0.971344 0.475806
56 0.504382 0.504608 0.963548 0.465438
28 0.501263 0.5 0.971344 0.475806
56 0.504771 0.504608 0.964328 0.465438
28 0.501263 0.5 0.971344 0.475806
56 0.504771 0.504608 0.964328 0.465438
28 0.501263 0.5 0.971344 0.475806
56 0.504382 0.504608 0.963548 0.465438
28 0.501263 0.5 0.971344 0.475806
56 0.504382 0.504608 0.965107 0.465438
28 0.501263 0.5 0.971344 0.475806
56 0.504382 0.504608 0.963548 0.465438
28 0.501263 0.5 0.971344 0.475806
56 0.503992 0.504608 0.964328 0.465438
28 0.501263 0.5 0.971344 0.475806
56 0.503602 0.504608 0.965107 0.465438
28 0.501263 0.500288 0.971344 0.47523
56 0.503602 0.504608 0.965107 0.465438
28 0.501263 0.500288 0.971344 0.47523
56 0.503602 0.504608 0.963548 0.465438
28 0.501263 0.500288 0.971344 0.47523
56 0.503602 0.504608 0.963548 0.465438
28 0.501263 0.500288 0.971344 0.47523
56 0.503212 0.504608 0.964328 0.465438
28 0.500484 0.500576 0.971344 0.474654
56 0.503212 0.504896 0.964328 0.464862
28 0.500484 0.500576 0.971344 0.474654
56 0.503212 0.504896 0.964328 0.464862
28 0.500874 0.500576 0.970564 0.474654
56 0.503212 0.504896 0.964328 0.464862
28 0.500874 0.500288 0.970564 0.474078
56 0.503212 0.505184 0.964328 0.464286
28 0.500874 0.500576 0.969005 0.474654
56 0.503212 0.505184 0.964328 0.464286
28 0.500874 0.500576 0.969005 0.473502
56 0.503212 0.505184 0.964328 0.464286
28 0.500874 0.500576 0.969005 0.473502
56 0.503212 0.505184 0.964328 0.464286
28 0.500874 0.500576 0.969005 0.474654
56 0.503212 0.505184 0.964328 0.464286
28 0.500874 0.500576 0.969005 0.473502
56 0.502823 0.505184 0.963548 0.464286
28 0.501263 0.500864 0.968226 0.474078
56 0.502823 0.505184 0.963548 0.464286
28 0.501263 0.500864 0.968226 0.474078
56 0.502823 0.504896 0.961989 0.464862
28 0.501263 0.500576 0.968226 0.473502
56 0.502823 0.505184 0.963548 0.464286
28 0.501263 0.500864 0.968226 0.474078
56 0.503212 0.505184 0.962769 0.464286
28 0.501263 0.500576 0.968226 0.473502
56 0.504382 0.504896 0.961989 0.462558
28 0.501263 0.500864 0.968226 0.474078
56 0.503212 0.505184 0.962769 0.464286
28 0.501263 0.500864 0.968226 0.474078
56 0.504382 0.504896 0.961989 0.462558
28 0.501263 0.501152 0.968226 0.473502
56 0.504382 0.504896 0.961989 0.462558
28 0.501263 0.501152 0.968226 0.473502
56 0.504382 0.504896 0.961989 0.462558
28 0.501263 0.501152 0.968226 0.473502
56 0.504382 0.504896 0.961989 0.462558
28 0.501263 0.501152 0.968226 0.473502
56 0.504382 0.504896 0.961989 0.462558
28 0.501263 0.500576 0.968226 0.473502
56 0.504382 0.504896 0.961989 0.462558
28 0.501263 0.501152 0.968226 0.473502
56 0.504382 0.504896 0.961989 0.462558
28 0.501653 0.501152 0.969005 0.473502
56 0.503992 0.505184 0.962769 0.464286
28 0.501653 0.501152 0.969005 0.473502
56 0.504771 0.504896 0.962769 0.462558
28 0.502043 0.501152 0.969785 0.473502
56 0.503992 0.505184 0.962769 0.464286
28 0.501653 0.501152 0.969005 0.473502
56 0.504771 0.504896 0.962769 0.462558
28 0.501653 0.501152 0.969005 0.473502
56 0.504382 0.504608 0.963548 0.463134
28 0.501653 0.501152 0.969005 0.473502
56 0.504771 0.504896 0.962769 0.462558
28 0.501653 0.501152 0.969005 0.473502
56 0.504382 0.504896 0.963548 0.462558
28 0.501653 0.501152 0.969005 0.473502
56 0.504771 0.504896 0.962769 0.462558
28 0.501653 0.501152 0.969005 0.473502
56 0.504382 0.504896 0.961989 0.464862
28 0.501653 0.501152 0.969005 0.473502
56 0.505161 0.504896 0.963548 0.462558
28 0.501653 0.501152 0.969005 0.473502
56 0.505161 0.504608 0.963548 0.463134
28 0.501653 0.501152 0.969005 0.473502
56 0.505161 0.504896 0.963548 0.462558
28 0.501653 0.501152 0.969005 0.473502
56 0.504382 0.504896 0.963548 0.464862
28 0.502043 0.501152 0.969785 0.473502
56 0.505161 0.504896 0.963548 0.462558
28 0.502043 0.501152 0.969785 0.473502
56 0.505161 0.504896 0.963548 0.462558
28 0.501653 0.501152 0.969005 0.473502
56 0.504382 0.505184 0.963548 0.464286
28 0.501653 0.501152 0.969005 0.473502
56 0.504382 0.505184 0.963548 0.465438
28 0.501653 0.501152 0.969005 0.473502
56 0.504382 0.505184 0.963548 0.465438
28 0.501653 0.501152 0.969005 0.473502
56 0.504382 0.505184 0.963548 0.465438
28 0.501653 0.501728 0.969005 0.473502
56 0.504382 0.505184 0.963548 0.465438
28 0.501263 0.501728 0.969785 0.473502
56 0.504382 0.505184 0.963548 0.465438
28 0.501263 0.501728 0.969785 0.473502
56 0.504382 0.505184 0.963548 0.465438
28 0.501263 0.501728 0.969785 0.473502
56 0.504382 0.505184 0.963548 0.465438
28 0.501263 0.501728 0.968226 0.473502
56 0.504382 0.505184 0.963548 0.465438
28 0.501263 0.501728 0.968226 0.473502
56 0.503992 0.505184 0.962769 0.465438
28 0.501263 0.501728 0.968226 0.473502
56 0.503992 0.505184 0.962769 0.465438
28 0.501263 0.501728 0.968226 0.473502
56 0.503992 0.505184 0.962769 0.465438
28 0.501263 0.501728 0.968226 0.473502
56 0.503992 0.505184 0.962769 0.465438
28 0.501263 0.501728 0.968226 0.473502
56 0.503992 0.50576 0.962769 0.465438
28 0.501263 0.501728 0.968226 0.473502
56 0.503992 0.50576 0.962769 0.465438
28 0.501263 0.501728 0.968226 0.473502
56 0.503992 0.50576 0.962769 0.465438
28 0.501263 0.501728 0.968226 0.473502
56 0.503992 0.50576 0.962769 0.465438
28 0.501263 0.501728 0.968226 0.473502
56 0.503992 0.50576 0.962769 0.465438
28 0.500484 0.501728 0.968226 0.473502
56 0.503992 0.50576 0.962769 0.465438
28 0.500484 0.501728 0.968226 0.473502
56 0.503992 0.50576 0.962769 0.465438
28 0.500094 0.502016 0.967446 0.472926
56 0.503602 0.50576 0.961989 0.465438
28 0.500484 0.502016 0.966667 0.472926
56 0.503602 0.50576 0.961989 0.465438
28 0.500484 0.502016 0.966667 0.472926
56 0.503602 0.50576 0.961989 0.465438
28 0.500484 0.502016 0.966667 0.472926
56 0.502823 0.50576 0.961989 0.465438
28 0.500484 0.502016 0.966667 0.472926
56 0.502823 0.50576 0.961989 0.465438
28 0.500484 0.502016 0.966667 0.472926
56 0.502823 0.50576 0.961989 0.465438
28 0.500484 0.502016 0.966667 0.472926
56 0.502823 0.50576 0.961989 0.465438
28 0.500094 0.502016 0.967446 0.472926
56 0.503602 0.505184 0.963548 0.463134
28 0.500484 0.502016 0.966667 0.472926
56 0.503602 0.505184 0.963548 0.463134
28 0.500484 0.502016 0.966667 0.472926
56 0.503602 0.505184 0.963548 0.463134
28 0.500484 0.502016 0.966667 0.472926
56 0.503602 0.505184 0.963548 0.463134
28 0.500484 0.502016 0.966667 0.472926
56 0.503602 0.505184 0.963548 0.463134
28 0.500484 0.502304 0.966667 0.47235
56 0.503602 0.505184 0.963548 0.463134
28 0.500484 0.502016 0.966667 0.472926
56 0.503602 0.505184 0.963548 0.463134
28 0.500484 0.502304 0.966667 0.47235
56 0.503602 0.505184 0.961989 0.463134
28 0.500484 0.502016 0.966667 0.472926
56 0.503602 0.505184 0.961989 0.463134
28 0.500484 0.502016 0.966667 0.472926
56 0.503602 0.505184 0.963548 0.463134
28 0.500484 0.501728 0.966667 0.473502
56 0.503602 0.504896 0.963548 0.46371
28 0.500484 0.501728 0.966667 0.473502
56 0.503602 0.504896 0.961989 0.46371
28 0.500484 0.501728 0.966667 0.473502
56 0.503602 0.504896 0.963548 0.46371
28 0.500484 0.501728 0.966667 0.473502
56 0.503602 0.504896 0.961989 0.46371
28 0.500874 0.501728 0.965887 0.473502
56 0.503602 0.504896 0.961989 0.46371
28 0.500484 0.501728 0.966667 0.473502
56 0.503602 0.504896 0.961989 0.46371
28 0.500484 0.501728 0.966667 0.473502
56 0.503602 0.504608 0.961989 0.464286
28 0.500874 0.501728 0.965887 0.473502
56 0.503602 0.504608 0.961989 0.464286
28 0.500874 0.501728 0.965887 0.473502
56 0.503602 0.504608 0.961989 0.464286
28 0.500874 0.501728 0.965887 0.473502
56 0.503602 0.504608 0.961989 0.464286
28 0.500484 0.501728 0.966667 0.473502
56 0.503992 0.504608 0.962769 0.464286
28 0.500484 0.501728 0.966667 0.473502
56 0.503602 0.504608 0.961989 0.464286
28 0.500484 0.501728 0.966667 0.473502
56 0.503602 0.504608 0.961989 0.464286
28 0.500484 0.501728 0.966667 0.473502
56 0.503992 0.504608 0.962769 0.464286
28 0.500484 0.501728 0.966667 0.473502
56 0.503992 0.504608 0.962769 0.464286
28 0.500484 0.501728 0.966667 0.473502
56 0.503992 0.504608 0.962769 0.464286
28 0.500484 0.501728 0.966667 0.473502
56 0.503602 0.504608 0.963548 0.464286
28 0.500484 0.501728 0.966667 0.473502
56 0.503602 0.504608 0.963548 0.464286
28 0.500484 0.501728 0.966667 0.473502
56 0.503602 0.504608 0.963548 0.464286
28 0.500484 0.501728 0.966667 0.473502
56 0.503602 0.504608 0.963548 0.464286
28 0.500484 0.501728 0.966667 0.473502
56 0.503602 0.504608 0.963548 0.464286
28 0.500484 0.501728 0.966667 0.473502
56 0.503602 0.504608 0.963548 0.464286
28 0.500484 0.501728 0.966667 0.473502
56 0.503602 0.504608 0.963548 0.464286
28 0.500484 0.501728 0.966667 0.473502
56 0.503602 0.504608 0.963548 0.464286
28 0.500484 0.501728 0.966667 0.473502
56 0.503602 0.504608 0.963548 0.464286
28 0.500484 0.502016 0.966667 0.472926
56 0.503602 0.504608 0.963548 0.464286
28 0.500484 0.502016 0.966667 0.472926
56 0.503602 0.504608 0.963548 0.464286
28 0.500484 0.502304 0.966667 0.47235
56 0.503602 0.504608 0.963548 0.464286
28 0.500484 0.502304 0.966667 0.47235
56 0.503602 0.504608 0.963548 0.464286
28 0.500094 0.502304 0.967446 0.47235
56 0.503602 0.504608 0.963548 0.464286
28 0.500094 0.502304 0.967446 0.47235
56 0.503602 0.504608 0.963548 0.464286
28 0.499704 0.502304 0.968226 0.47235
56 0.503602 0.504608 0.963548 0.464286
28 0.500484 0.502304 0.968226 0.47235
56 0.503602 0.504608 0.963548 0.464286
28 0.500484 0.502304 0.968226 0.47235
56 0.503602 0.504608 0.963548 0.464286
28 0.500484 0.502304 0.968226 0.47235
56 0.503602 0.504608 0.963548 0.464286
28 0.500094 0.502304 0.969005 0.47235
56 0.504382 0.504608 0.963548 0.464286
28 0.500094 0.502304 0.969005 0.47235
56 0.504382 0.504608 0.963548 0.464286
28 0.499704 0.502304 0.969785 0.47235
56 0.504382 0.504608 0.963548 0.464286
28 0.499704 0.502304 0.969785 0.47235
56 0.504382 0.504608 0.963548 0.464286
28 0.499704 0.502304 0.969785 0.47235
56 0.504382 0.504608 0.963548 0.464286
28 0.499704 0.502304 0.969785 0.47235
56 0.504382 0.504608 0.963548 0.464286
28 0.499704 0.502304 0.969785 0.47235
56 0.504382 0.504608 0.963548 0.464286
28 0.500094 0.502304 0.970564 0.47235
56 0.504382 0.504608 0.963548 0.464286
28 0.500094 0.502304 0.970564 0.47235
56 0.504382 0.504608 0.963548 0.464286
28 0.500094 0.502304 0.970564 0.47235
56 0.504382 0.504608 0.963548 0.464286
28 0.500094 0.502304 0.970564 0.47235
56 0.504771 0.504608 0.962769 0.464286
28 0.499704 0.502304 0.971344 0.47235
56 0.504771 0.504608 0.962769 0.464286
28 0.499704 0.502304 0.971344 0.47235
56 0.504771 0.504608 0.962769 0.464286
28 0.499704 0.502304 0.971344 0.47235
56 0.504771 0.504608 0.962769 0.464286
28 0.499704 0.502304 0.971344 0.47235
56 0.504771 0.504608 0.962769 0.464286
28 0.499704 0.502304 0.971344 0.47235
56 0.504771 0.504608 0.962769 0.464286
28 0.499704 0.502304 0.971344 0.47235
56 0.504771 0.50432 0.962769 0.464862
28 0.499704 0.502304 0.971344 0.47235
56 0.504771 0.50432 0.962769 0.464862
28 0.499704 0.502304 0.971344 0.47235
56 0.504382 0.50432 0.961989 0.464862
28 0.499704 0.502304 0.971344 0.47235
56 0.504382 0.50432 0.961989 0.464862
28 0.499704 0.502304 0.971344 0.47235
56 0.500484 0.502592 0.971344 0.46947
28 0.499704 0.502304 0.971344 0.47235
56 0.504382 0.50432 0.961989 0.464862
28 0.499704 0.502304 0.971344 0.47235
56 0.500484 0.502304 0.971344 0.470046
28 0.499704 0.502304 0.971344 0.47235
56 0.499704 0.502304 0.971344 0.470046
28 0.499704 0.502304 0.971344 0.47235
56 0.500484 0.502304 0.971344 0.470046
28 0.499704 0.502304 0.971344 0.47235
56 0.500094 0.502304 0.972124 0.470046
28 0.499704 0.502304 0.971344 0.47235
56 0.500094 0.502304 0.972124 0.470046
28 0.499704 0.502304 0.971344 0.47235
56 0.500484 0.502304 0.972903 0.470046
28 0.499704 0.502304 0.971344 0.47235
56 0.500484 0.502304 0.972903 0.470046
28 0.499704 0.502304 0.971344 0.47235
56 0.500484 0.502304 0.972903 0.470046
28 0.499704 0.502304 0.971344 0.47235
56 0.500484 0.502304 0.972903 0.470046
28 0.499704 0.502304 0.971344 0.47235
56 0.500484 0.502304 0.972903 0.470046
28 0.499704 0.502304 0.971344 0.47235
56 0.500484 0.502304 0.972903 0.470046
28 0.499704 0.502304 0.971344 0.47235
56 0.500484 0.502304 0.972903 0.470046
28 0.499704 0.502304 0.971344 0.47235
56 0.500484 0.502304 0.972903 0.470046
28 0.499704 0.502304 0.971344 0.47235
56 0.500094 0.502304 0.973683 0.470046
28 0.499704 0.502304 0.971344 0.47235
56 0.500094 0.502304 0.973683 0.470046
28 0.499704 0.502304 0.971344 0.47235
56 0.500094 0.502304 0.973683 0.470046
28 0.499704 0.502304 0.971344 0.47235
56 0.500094 0.502304 0.973683 0.470046
28 0.499704 0.502304 0.972903 0.47235
56 0.500094 0.502304 0.973683 0.470046
28 0.499704 0.502304 0.972903 0.47235
56 0.500094 0.502304 0.973683 0.470046
28 0.499704 0.502304 0.971344 0.47235
56 0.500094 0.502304 0.973683 0.470046
28 0.499704 0.502304 0.971344 0.47235
56 0.500094 0.502304 0.973683 0.470046
28 0.499704 0.502304 0.972903 0.47235
56 0.500094 0.502304 0.973683 0.470046
28 0.499704 0.502304 0.972903 0.47235
56 0.500094 0.502304 0.973683 0.470046
28 0.499704 0.502304 0.971344 0.47235
56 0.505161 0.504032 0.961989 0.465438
28 0.499704 0.502304 0.972903 0.47235
56 0.500094 0.502304 0.973683 0.470046
28 0.499704 0.502304 0.972903 0.47235
56 0.505161 0.504032 0.963548 0.465438
28 0.499704 0.502304 0.972903 0.47235
56 0.500094 0.502304 0.973683 0.470046
28 0.499704 0.502592 0.972903 0.471774
56 0.505161 0.504032 0.963548 0.465438
28 0.500094 0.502592 0.972124 0.471774
56 0.505161 0.504032 0.963548 0.465438
28 0.499704 0.502592 0.972903 0.471774
56 0.505161 0.504032 0.963548 0.465438
28 0.499704 0.502304 0.972903 0.471198
56 0.505551 0.504032 0.962769 0.465438
28 0.499704 0.502592 0.972903 0.470622
56 0.505161 0.504032 0.963548 0.465438
28 0.500484 0.502592 0.972903 0.470622
56 0.505161 0.504032 0.963548 0.465438
28 0.500484 0.502592 0.972903 0.470622
56 0.505161 0.504032 0.963548 0.465438
28 0.500484 0.502592 0.972903 0.470622
56 0.505551 0.504032 0.962769 0.465438
28 0.500484 0.50288 0.972903 0.470046
56 0.505161 0.504032 0.963548 0.465438
28 0.500484 0.50288 0.972903 0.470046
56 0.503602 0.505184 0.963548 0.463134
28 0.500484 0.502016 0.966667 0.472926
