50 0.495418 0.517857 0.976781 0.414747
48 0.492685 0.514689 0.96663 0.409562
49 0.492685 0.514689 0.96663 0.409562
95 0.492685 0.514689 0.96663 0.409562
68 0.492685 0.514689 0.96663 0.409562
79 0.493856 0.518433 0.970534 0.408986
103 0.492685 0.514689 0.96663 0.409562
109 0.493856 0.518433 0.970534 0.408986
84 0.493856 0.518433 0.970534 0.408986
53 0.493856 0.518433 0.970534 0.408986
101 0.495418 0.517857 0.976781 0.414747
56 0.492685 0.514689 0.96663 0.409562
54 0.496589 0.519009 0.980685 0.41129
74 0.492685 0.514689 0.96663 0.409562
104 0.496589 0.521313 0.980685 0.41129
111 0.496589 0.516705 0.980685 0.415899
67 0.493856 0.518433 0.970534 0.408986
17 0.492685 0.514689 0.96663 0.409562
100 0.492685 0.514689 0.96663 0.409562
81 0.493856 0.518433 0.970534 0.408986
42 0.496589 0.519009 0.980685 0.41129
73 0.496589 0.516705 0.980685 0.415899
76 0.493856 0.518433 0.970534 0.408986
75 0.492685 0.514689 0.96663 0.409562
46 0.496589 0.521313 0.980685 0.41129
97 0.496589 0.519009 0.980685 0.41129
66 0.492685 0.514689 0.96663 0.409562
110 0.493856 0.518433 0.970534 0.408986
77 0.492685 0.514689 0.96663 0.409562
33 0.492685 0.514689 0.96663 0.409562
38 0.493856 0.518433 0.970534 0.408986
47 0.496198 0.523041 0.975219 0.408986
99 0.493466 0.518433 0.968192 0.407834
105 0.492685 0.514689 0.96663 0.409562
14 0.492685 0.514689 0.96663 0.409562
80 0.493856 0.518433 0.970534 0.408986
16 0.493856 0.518433 0.970534 0.408986
108 0.492685 0.514689 0.96663 0.409562
41 0.496589 0.519009 0.980685 0.41129
51 0.493856 0.518433 0.970534 0.408986
102 0.495418 0.517857 0.976781 0.414747
15 0.493856 0.518433 0.970534 0.408986
12 0.492685 0.514689 0.96663 0.409562
7 0.492685 0.514689 0.96663 0.409562
11 0.495418 0.517857 0.976781 0.414747
21 0.493856 0.518433 0.970534 0.408986
5 0.492685 0.514689 0.96663 0.409562
31 0.496589 0.521313 0.980685 0.41129
34 0.492685 0.514689 0.96663 0.409562
94 0.493856 0.518433 0.970534 0.408986
0 0.493856 0.518433 0.970534 0.408986
28 0.492685 0.514689 0.96663 0.409562
78 0.492685 0.514689 0.96663 0.409562
26 0.495418 0.517857 0.976781 0.414747
65 0.492685 0.514689 0.96663 0.409562
52 0.496589 0.521313 0.980685 0.41129
4 0.498541 0.526498 0.967411 0.422811
53 0.41929 0.557604 0.82921 0.339862
13 0.495418 0.517857 0.976781 0.414747
36 0.492685 0.514689 0.96663 0.409562
88 0.495418 0.517857 0.976781 0.414747
55 0.493856 0.518433 0.970534 0.408986
54 0.41929 0.557604 0.82921 0.339862
92 0.496589 0.519009 0.980685 0.41129
50 0.252979 0.539026 0.499712 0.359735
24 0.493856 0.518433 0.970534 0.408986
64 0.496589 0.521313 0.980685 0.41129
22 0.495418 0.517857 0.976781 0.414747
101 0.252979 0.539026 0.499712 0.359735
46 0.252979 0.539026 0.499712 0.359735
48 0.252979 0.539026 0.499712 0.359735
67 0.41929 0.557604 0.82921 0.339862
72 0.493856 0.518433 0.970534 0.408986
49 0.252979 0.539026 0.499712 0.359735
111 0.491123 0.52477 0.96663 0.435484
68 0.491123 0.52477 0.96663 0.435484
109 0.491123 0.52477 0.96663 0.435484
103 0.491123 0.52477 0.96663 0.435484
54 0.491123 0.52477 0.96663 0.435484
56 0.491123 0.52477 0.96663 0.435484
75 0.484096 0.520449 0.961946 0.437212
48 0.484096 0.520449 0.961946 0.437212
110 0.491123 0.52477 0.96663 0.435484
95 0.484096 0.520449 0.961946 0.437212
101 0.500883 0.523906 0.987712 0.438364
17 0.479021 0.657834 0.112435 0.142857
80 0.491123 0.52477 0.96663 0.435484
102 0.484096 0.520449 0.961946 0.437212
46 0.491123 0.52477 0.96663 0.435484
99 0.491123 0.52477 0.96663 0.435484
66 0.491123 0.52477 0.96663 0.435484
67 0.491123 0.52477 0.96663 0.435484
9 0.47863 0.65841 0.112435 0.141705
50 0.491123 0.52477 0.96663 0.435484
104 0.491123 0.52477 0.96663 0.435484
108 0.491123 0.52477 0.96663 0.435484
9 0.764794 0.667627 0.210035 0.15553
6 0.479021 0.657834 0.112435 0.142857
84 0.491123 0.52477 0.96663 0.435484
73 0.459501 0.499136 0.91744 0.471774
74 0.500883 0.523906 0.987712 0.438364
77 0.491123 0.52477 0.96663 0.435484
81 0.491123 0.52477 0.96663 0.435484
42 0.491123 0.52477 0.96663 0.435484
16 0.479411 0.654378 0.10775 0.135945
18 0.764794 0.667627 0.210035 0.15553
53 0.491123 0.52477 0.96663 0.435484
105 0.491123 0.52477 0.96663 0.435484
13 0.479411 0.657834 0.110874 0.142857
76 0.491123 0.52477 0.96663 0.435484
108 0.361706 0.471486 0.720288 0.508641
17 0.764794 0.667627 0.210035 0.15553
104 0.361706 0.471486 0.720288 0.508641
78 0.502835 0.472854 0.986931 0.535858
47 0.491904 0.526498 0.980685 0.423963
14 0.479021 0.657834 0.112435 0.142857
111 0.407578 0.47523 0.815155 0.508064
16 0.764403 0.667051 0.207693 0.154378
52 0.491123 0.52477 0.96663 0.435484
4 0.518842 0.65553 0.195981 0.145161
13 0.764794 0.667627 0.210035 0.15553
6 0.764794 0.667627 0.210035 0.15553
33 0.764794 0.667627 0.210035 0.15553
105 0.361706 0.471486 0.720288 0.508641
15 0.47863 0.650922 0.109312 0.12212
0 0.479411 0.654378 0.10775 0.135945
16 0.709747 0.635369 0.101504 0.0841014
14 0.764794 0.667627 0.210035 0.15553
79 0.361706 0.471486 0.720288 0.508641
24 0.764794 0.667627 0.210035 0.15553
24 0.479021 0.657834 0.112435 0.142857
81 0.407578 0.47523 0.815155 0.508064
0 0.709747 0.635369 0.101504 0.0841014
78 0.361706 0.471486 0.720288 0.508641
41 0.500883 0.523906 0.987712 0.438364
33 0.479021 0.657834 0.112435 0.142857
18 0.479411 0.654378 0.10775 0.135945
23 0.764794 0.667627 0.210035 0.15553
56 0.361706 0.471486 0.720288 0.508641
100 0.491123 0.52477 0.96663 0.435484
19 0.765184 0.665899 0.209254 0.158986
5 0.479021 0.657834 0.112435 0.142857
23 0.479411 0.657834 0.110874 0.142857
4 0.47863 0.65841 0.112435 0.141705
8 0.764794 0.667627 0.210035 0.15553
26 0.764794 0.667627 0.210035 0.15553
79 0.508691 0.484375 0.975219 0.510513
49 0.484096 0.520449 0.961946 0.437212
0 0.764403 0.667051 0.207693 0.154378
95 0.361706 0.471486 0.720288 0.508641
66 0.361706 0.471486 0.720288 0.508641
80 0.361706 0.471486 0.720288 0.508641
33 0.502835 0.472854 0.986931 0.535858
79 0.241267 0.470694 0.482534 0.504464
7 0.47824 0.653802 0.110093 0.134793
11 0.479021 0.657834 0.112435 0.142857
78 0.241267 0.470694 0.482534 0.504464
105 0.241267 0.470694 0.482534 0.504464
8 0.479021 0.657834 0.112435 0.142857
3 0.47863 0.65841 0.112435 0.141705
74 0.361706 0.471486 0.720288 0.508641
7 0.764794 0.667627 0.210035 0.15553
108 0.241267 0.470694 0.482534 0.504464
104 0.241267 0.470694 0.482534 0.504464
103 0.361706 0.471486 0.720288 0.508641
15 0.709747 0.635369 0.101504 0.0841014
12 0.764794 0.667627 0.210035 0.15553
109 0.407578 0.47523 0.815155 0.508064
26 0.479021 0.657834 0.112435 0.142857
31 0.479021 0.657834 0.112435 0.142857
17 0.518842 0.65553 0.195981 0.145161
17 0.491123 0.52477 0.96663 0.435484
97 0.491904 0.53053 0.972877 0.420507
19 0.47863 0.657258 0.115558 0.140553
33 0.361706 0.471486 0.720288 0.508641
75 0.361706 0.471486 0.720288 0.508641
21 0.47863 0.65841 0.112435 0.141705
13 0.518842 0.65553 0.195981 0.145161
15 0.764794 0.667627 0.210035 0.15553
30 0.764794 0.667627 0.210035 0.15553
3 0.518842 0.65553 0.195981 0.145161
105 0.166213 0.502592 0.332426 0.434908
9 0.518842 0.65553 0.195981 0.145161
21 0.764794 0.667627 0.210035 0.15553
46 0.407578 0.47523 0.815155 0.508064
79 0.166213 0.502592 0.332426 0.434908
84 0.407578 0.47523 0.815155 0.508064
48 0.361706 0.471486 0.720288 0.508641
74 0.241267 0.470694 0.482534 0.504464
17 0.361706 0.471486 0.720288 0.508641
51 0.484096 0.520449 0.961946 0.437212
80 0.483315 0.398329 0.947891 0.666475
4 0.764403 0.667051 0.207693 0.154378
68 0.407578 0.47523 0.815155 0.508064
6 0.518842 0.65553 0.195981 0.145161
81 0.483315 0.398329 0.947891 0.666475
18 0.709747 0.637097 0.101504 0.0875576
56 0.483315 0.398329 0.947891 0.666475
66 0.241267 0.470694 0.482534 0.504464
14 0.518842 0.65553 0.195981 0.145161
54 0.483315 0.398329 0.947891 0.666475
56 0.241267 0.470694 0.482534 0.504464
10 0.479021 0.657834 0.112435 0.142857
26 0.709747 0.635369 0.101504 0.0841014
24 0.709747 0.635369 0.101504 0.0841014
54 0.361706 0.471486 0.720288 0.508641
27 0.764794 0.667627 0.210035 0.15553
33 0.241267 0.470694 0.482534 0.504464
5 0.764794 0.667627 0.210035 0.15553
104 0.504397 0.388249 0.98537 0.686636
95 0.241267 0.470694 0.482534 0.504464
80 0.241267 0.470694 0.482534 0.504464
54 0.480582 0.499712 0.931494 0.999424
108 0.504397 0.388249 0.98537 0.686636
111 0.483315 0.398329 0.947891 0.666475
104 0.166213 0.502592 0.332426 0.434908
7 0.708186 0.634793 0.0983808 0.0806452
30 0.479021 0.657834 0.112435 0.142857
1 0.479021 0.657834 0.112435 0.142857
5 0.518842 0.65553 0.195981 0.145161
32 0.47863 0.650922 0.109312 0.12212
10 0.764794 0.667627 0.210035 0.15553
52 0.483315 0.398329 0.947891 0.666475
66 0.483315 0.398329 0.947891 0.666475
11 0.764403 0.667051 0.207693 0.154378
27 0.479021 0.657834 0.112435 0.142857
22 0.47863 0.65841 0.112435 0.141705
109 0.483315 0.398329 0.947891 0.666475
53 0.407578 0.47523 0.815155 0.508064
3 0.764403 0.667051 0.207693 0.154378
111 0.24927 0.493664 0.493856 0.457373
81 0.24927 0.493664 0.493856 0.457373
74 0.504397 0.388249 0.98537 0.686636
41 0.407578 0.47523 0.815155 0.508064
99 0.504397 0.388249 0.98537 0.686636
16 0.518842 0.65553 0.195981 0.145161
78 0.166213 0.502592 0.332426 0.434908
2 0.764794 0.667627 0.210035 0.15553
18 0.518842 0.65553 0.195981 0.145161
104 0.480582 0.499712 0.931494 0.999424
67 0.407578 0.47523 0.815155 0.508064
110 0.407578 0.47523 0.815155 0.508064
4 0.708186 0.634793 0.0983808 0.0806452
12 0.479411 0.657834 0.112435 0.138249
42 0.407578 0.47523 0.815155 0.508064
1 0.518842 0.65553 0.195981 0.145161
111 0.47863 0.49712 0.916659 0.99424
103 0.504397 0.388249 0.98537 0.686636
28 0.47863 0.650922 0.109312 0.12212
14 0.709747 0.635369 0.101504 0.0841014
103 0.241267 0.470694 0.482534 0.504464
47 0.407578 0.47523 0.815155 0.508064
77 0.407578 0.47523 0.815155 0.508064
99 0.480582 0.499712 0.931494 0.999424
7 0.518842 0.65553 0.195981 0.145161
28 0.491123 0.52477 0.96663 0.435484
99 0.407578 0.47523 0.815155 0.508064
78 0.504787 0.373848 0.987712 0.747696
76 0.407578 0.47523 0.815155 0.508064
75 0.483315 0.398329 0.947891 0.666475
74 0.506739 0.490783 0.982246 0.981567
29 0.47863 0.650922 0.109312 0.12212
84 0.241267 0.470694 0.482534 0.504464
95 0.483315 0.398329 0.947891 0.666475
75 0.241267 0.470694 0.482534 0.504464
81 0.509472 0.494816 0.976781 0.989631
28 0.709747 0.635369 0.101504 0.0841014
56 0.480582 0.499712 0.931494 0.999424
66 0.480582 0.499712 0.931494 0.999424
101 0.407578 0.47523 0.815155 0.508064
17 0.241267 0.470694 0.482534 0.504464
110 0.483315 0.398329 0.947891 0.666475
109 0.509472 0.494816 0.976781 0.989631
108 0.155672 0.478975 0.311344 0.490207
25 0.765184 0.665899 0.209254 0.158986
2 0.518842 0.65553 0.195981 0.145161
67 0.483315 0.398329 0.947891 0.666475
56 0.166213 0.502592 0.332426 0.434908
46 0.509472 0.494816 0.976781 0.989631
52 0.407578 0.47523 0.815155 0.508064
74 0.166213 0.502592 0.332426 0.434908
84 0.483315 0.398329 0.947891 0.666475
46 0.24927 0.493664 0.493856 0.457373
78 0.47863 0.49712 0.916659 0.99424
48 0.483315 0.398329 0.947891 0.666475
101 0.483315 0.398329 0.947891 0.666475
75 0.480582 0.499712 0.931494 0.999424
17 0.709747 0.635369 0.101504 0.0841014
0 0.518842 0.65553 0.195981 0.145161
54 0.241267 0.470694 0.482534 0.504464
103 0.509472 0.494816 0.976781 0.989631
46 0.504397 0.388249 0.98537 0.686636
66 0.166213 0.502592 0.332426 0.434908
12 0.518842 0.65553 0.195981 0.145161
80 0.480582 0.499712 0.931494 0.999424
16 0.721459 0.642857 0.12649 0.108295
25 0.479021 0.657834 0.112435 0.142857
33 0.518842 0.65553 0.195981 0.145161
31 0.764403 0.667051 0.207693 0.154378
108 0.50713 0.5 0.978342 1
108 0.502054 0.464358 0.990054 0.573589
81 0.502054 0.464358 0.990054 0.573589
78 0.502054 0.464358 0.990054 0.573589
104 0.502054 0.464358 0.990054 0.573589
79 0.502054 0.464358 0.990054 0.573589
108 0.499322 0.467742 0.993958 0.935484
78 0.499322 0.467742 0.993958 0.935484
81 0.499322 0.467742 0.993958 0.935484
105 0.502054 0.464358 0.990054 0.573589
104 0.499322 0.467742 0.993958 0.935484
79 0.499322 0.467742 0.993958 0.935484
56 0.502054 0.464358 0.990054 0.573589
80 0.502054 0.464358 0.990054 0.573589
105 0.499322 0.467742 0.993958 0.935484
95 0.496589 0.523329 0.974438 0.432604
52 0.502054 0.464358 0.990054 0.573589
78 0.489952 0.290611 0.968973 0.581221
56 0.499322 0.467742 0.993958 0.935484
53 0.502054 0.464358 0.990054 0.573589
74 0.502054 0.464358 0.990054 0.573589
108 0.489952 0.290611 0.968973 0.581221
80 0.499712 0.445565 0.993178 0.891129
84 0.501274 0.522177 0.993178 0.439516
78 0.498931 0.196141 0.991616 0.392281
17 0.502054 0.464358 0.990054 0.573589
108 0.466918 0.524194 0.933837 0.430876
81 0.466918 0.524194 0.933837 0.430876
95 0.491514 0.452189 0.983027 0.625576
68 0.502054 0.464358 0.990054 0.573589
54 0.502054 0.464358 0.990054 0.573589
74 0.499712 0.445565 0.993178 0.891129
108 0.498931 0.196141 0.991616 0.392281
104 0.466918 0.524194 0.933837 0.430876
111 0.502054 0.464358 0.990054 0.573589
78 0.466918 0.524194 0.933837 0.430876
52 0.499322 0.467742 0.993958 0.935484
84 0.500102 0.423963 0.992397 0.670507
33 0.502054 0.464358 0.990054 0.573589
66 0.502054 0.464358 0.990054 0.573589
48 0.502054 0.464358 0.990054 0.573589
109 0.504397 0.517281 0.983808 0.468894
17 0.49776 0.466302 0.99552 0.932604
95 0.503616 0.239343 0.980685 0.478687
81 0.505958 0.284562 0.986931 0.569124
95 0.504787 0.362327 0.987712 0.724654
53 0.499322 0.467742 0.993958 0.935484
79 0.466918 0.524194 0.933837 0.430876
80 0.503616 0.239343 0.980685 0.478687
75 0.502054 0.464358 0.990054 0.573589
79 0.503616 0.239343 0.980685 0.478687
16 0.500102 0.423963 0.992397 0.670507
104 0.503616 0.239343 0.980685 0.478687
68 0.503616 0.239343 0.980685 0.478687
105 0.466918 0.524194 0.933837 0.430876
68 0.499712 0.801843 0.986931 0.396313
53 0.503616 0.239343 0.980685 0.478687
103 0.501274 0.524194 0.994739 0.450461
81 0.436467 0.44182 0.872934 0.743087
67 0.504397 0.517281 0.983808 0.468894
53 0.499712 0.801843 0.986931 0.396313
81 0.596531 0.423387 0.769869 0.678571
68 0.506739 0.0568836 0.972877 0.113767
84 0.499322 0.467742 0.993958 0.935484
74 0.503616 0.239343 0.980685 0.478687
108 0.596531 0.423387 0.769869 0.678571
16 0.499322 0.467742 0.993958 0.935484
101 0.504397 0.517281 0.983808 0.468894
14 0.501274 0.524194 0.994739 0.450461
48 0.506739 0.0568836 0.972877 0.113767
54 0.499712 0.445565 0.993178 0.891129
108 0.436467 0.44182 0.872934 0.743087
33 0.499322 0.467742 0.993958 0.935484
104 0.596531 0.423387 0.769869 0.678571
53 0.506739 0.0568836 0.972877 0.113767
56 0.501664 0.755472 0.98615 0.489055
10 0.500102 0.423963 0.992397 0.670507
108 0.506739 0.0568836 0.972877 0.113767
16 0.501274 0.524194 0.994739 0.450461
95 0.499712 0.801843 0.986931 0.396313
56 0.503616 0.239343 0.980685 0.478687
81 0.597995 0.53629 0.766941 0.440092
84 0.503616 0.239343 0.980685 0.478687
81 0.327155 0.553571 0.652749 0.35023
104 0.495418 0.66129 0.990835 0.647465
78 0.436467 0.44182 0.872934 0.743087
56 0.466918 0.524194 0.933837 0.430876
68 0.487219 0.865207 0.965069 0.269585
66 0.500883 0.40697 0.990835 0.81394
108 0.597995 0.53629 0.766941 0.440092
78 0.506739 0.0568836 0.972877 0.113767
105 0.503616 0.239343 0.980685 0.478687
104 0.501664 0.755472 0.98615 0.489055
101 0.503616 0.239343 0.980685 0.478687
68 0.504397 0.362615 0.980685 0.72523
10 0.499322 0.467742 0.993958 0.935484
48 0.501664 0.755472 0.98615 0.489055
104 0.597995 0.53629 0.766941 0.440092
104 0.327155 0.553571 0.652749 0.35023
103 0.500102 0.423963 0.992397 0.670507
95 0.487219 0.865207 0.965069 0.269585
41 0.504397 0.517281 0.983808 0.468894
10 0.501274 0.524194 0.994739 0.450461
14 0.500102 0.423963 0.992397 0.670507
48 0.503616 0.239343 0.980685 0.478687
81 0.495418 0.66129 0.990835 0.647465
21 0.502054 0.464358 0.990054 0.573589
111 0.499322 0.467742 0.993958 0.935484
2 0.504397 0.517281 0.983808 0.468894
53 0.487219 0.865207 0.965069 0.269585
104 0.436467 0.44182 0.872934 0.743087
81 0.485658 0.195853 0.965069 0.391705
78 0.596531 0.423387 0.769869 0.678571
2 0.500102 0.423963 0.992397 0.670507
52 0.503616 0.239343 0.980685 0.478687
109 0.503616 0.239343 0.980685 0.478687
101 0.504397 0.362615 0.980685 0.72523
48 0.49737 0.840438 0.994739 0.319124
78 0.597995 0.53629 0.766941 0.440092
78 0.495418 0.66129 0.990835 0.647465
80 0.506739 0.0568836 0.972877 0.113767
78 0.327155 0.553571 0.652749 0.35023
67 0.503616 0.239343 0.980685 0.478687
52 0.501664 0.755472 0.98615 0.489055
102 0.499712 0.801843 0.986931 0.396313
108 0.32657 0.535138 0.653139 0.406682
81 0.664851 0.397177 0.656653 0.794355
109 0.504397 0.362615 0.980685 0.72523
105 0.596531 0.423387 0.769869 0.678571
108 0.664851 0.397177 0.656653 0.794355
105 0.501664 0.755472 0.98615 0.489055
81 0.372442 0.529666 0.744883 0.525922
75 0.503616 0.239343 0.980685 0.478687
101 0.499712 0.801843 0.986931 0.396313
84 0.501664 0.755472 0.98615 0.489055
52 0.506739 0.0568836 0.972877 0.113767
67 0.499712 0.801843 0.986931 0.396313
78 0.508301 0.391705 0.979123 0.746544
78 0.511712 0.265121 0.976576 0.530242
79 0.50791 0.431452 0.979904 0.629032
74 0.512986 0.402938 0.971315 0.717166
74 0.511712 0.265121 0.976576 0.530242
104 0.50791 0.431452 0.979904 0.629032
108 0.508301 0.391705 0.979123 0.746544
108 0.511712 0.265121 0.976576 0.530242
79 0.511712 0.265121 0.976576 0.530242
105 0.505568 0.449309 0.983027 0.599078
81 0.50791 0.431452 0.979904 0.629032
78 0.494637 0.498272 0.961165 0.508064
66 0.511712 0.265121 0.976576 0.530242
104 0.510931 0.335829 0.978138 0.671659
78 0.512102 0.0897177 0.975795 0.179435
66 0.512986 0.402938 0.971315 0.717166
81 0.510931 0.335829 0.978138 0.671659
21 0.511712 0.265121 0.976576 0.530242
104 0.511712 0.219902 0.976576 0.439804
33 0.511712 0.265121 0.976576 0.530242
81 0.511712 0.219902 0.976576 0.439804
78 0.518842 0.148185 0.936179 0.296371
108 0.512102 0.0897177 0.975795 0.179435
21 0.508301 0.391705 0.979123 0.746544
33 0.512986 0.402938 0.971315 0.717166
80 0.512986 0.402938 0.971315 0.717166
74 0.512102 0.0897177 0.975795 0.179435
108 0.494637 0.498272 0.961165 0.508064
10 0.50791 0.431452 0.979904 0.629032
80 0.511712 0.265121 0.976576 0.530242
78 0.446618 0.219902 0.874496 0.439804
79 0.512102 0.0897177 0.975795 0.179435
105 0.506246 0.387385 0.987507 0.77477
105 0.511712 0.265121 0.976576 0.530242
32 0.510931 0.335829 0.978138 0.671659
10 0.510931 0.335829 0.978138 0.671659
42 0.511712 0.265121 0.976576 0.530242
104 0.512102 0.0897177 0.975795 0.179435
79 0.496589 0.53629 0.957261 0.450461
52 0.512205 0.427419 0.96663 0.638249
42 0.512986 0.402938 0.971315 0.717166
74 0.494637 0.498272 0.961165 0.508064
78 0.583936 0.446141 0.832128 0.892281
79 0.518842 0.148185 0.936179 0.296371
81 0.512102 0.0897177 0.975795 0.179435
75 0.511712 0.265121 0.976576 0.530242
14 0.511712 0.265121 0.976576 0.530242
78 0.447789 0.37644 0.889331 0.400346
32 0.512205 0.427419 0.96663 0.638249
78 0.532506 0.0582517 0.872934 0.116503
108 0.518842 0.148185 0.936179 0.296371
105 0.496589 0.53629 0.957261 0.450461
2 0.510931 0.335829 0.978138 0.671659
52 0.511712 0.219902 0.976576 0.439804
104 0.496589 0.53629 0.957261 0.450461
52 0.508301 0.321717 0.972877 0.643433
66 0.512102 0.0897177 0.975795 0.179435
75 0.512986 0.402938 0.971315 0.717166
81 0.496589 0.53629 0.957261 0.450461
80 0.512102 0.0897177 0.975795 0.179435
95 0.509862 0.443548 0.96663 0.630184
10 0.511712 0.219902 0.976576 0.439804
41 0.511712 0.265121 0.976576 0.530242
79 0.553094 0.400634 0.893811 0.801267
14 0.508301 0.391705 0.979123 0.746544
33 0.512102 0.0897177 0.975795 0.179435
78 0.563635 0.389977 0.87273 0.779954
105 0.502054 0.511809 0.977562 0.501728
104 0.502054 0.511809 0.977562 0.501728
81 0.502054 0.511809 0.977562 0.501728
79 0.502054 0.511809 0.977562 0.501728
78 0.501274 0.434044 0.968192 0.636521
81 0.508301 0.387673 0.965069 0.752304
104 0.508301 0.387673 0.965069 0.752304
79 0.508301 0.387673 0.965069 0.752304
108 0.516109 0.396025 0.960384 0.792051
78 0.60775 0.293203 0.784499 0.586406
105 0.508301 0.387673 0.965069 0.752304
78 0.711597 0.385945 0.576806 0.771889
108 0.50752 0.47379 0.961946 0.553571
105 0.493075 0.559908 0.968973 0.354839
66 0.563635 0.389977 0.87273 0.779954
78 0.511712 0.258641 0.976576 0.517281
108 0.547629 0.300691 0.904742 0.601382
78 0.824032 0.385945 0.351936 0.771889
108 0.663578 0.384793 0.672845 0.769585
81 0.493075 0.559908 0.968973 0.354839
79 0.547629 0.300691 0.904742 0.601382
104 0.493075 0.559908 0.968973 0.354839
56 0.502445 0.472926 0.978342 0.562212
79 0.493075 0.559908 0.968973 0.354839
78 0.417338 0.364055 0.833114 0.723502
79 0.663578 0.384793 0.672845 0.769585
74 0.563635 0.389977 0.87273 0.779954
50 0.521862 0.383641 0.956275 0.767281
78 0.51952 0.122984 0.96096 0.245968
81 0.50752 0.511233 0.974438 0.462558
104 0.50752 0.511233 0.974438 0.462558
105 0.50752 0.511233 0.974438 0.462558
79 0.506739 0.498272 0.972877 0.503456
78 0.50791 0.509505 0.975219 0.487903
56 0.50791 0.502016 0.964288 0.507488
104 0.508301 0.367512 0.979123 0.735023
78 0.508301 0.367512 0.979123 0.735023
81 0.508301 0.367512 0.979123 0.735023
108 0.506739 0.498272 0.972877 0.503456
81 0.358778 0.52909 0.715994 0.406106
105 0.358778 0.52909 0.715994 0.406106
104 0.358778 0.52909 0.715994 0.406106
16 0.655872 0.375 0.163968 0.152074
105 0.508301 0.367512 0.979123 0.735023
108 0.508301 0.367512 0.979123 0.735023
95 0.504397 0.504608 0.976 0.504608
103 0.50791 0.502016 0.964288 0.507488
15 0.655872 0.375 0.163968 0.152074
81 0.514054 0.112687 0.971891 0.225374
81 0.270547 0.56898 0.533286 0.315956
104 0.514054 0.112687 0.971891 0.225374
79 0.508301 0.367512 0.979123 0.735023
81 0.269766 0.482719 0.53641 0.479263
104 0.269766 0.482719 0.53641 0.479263
81 0.505568 0.485887 0.954918 0.507488
104 0.505178 0.492223 0.955699 0.500576
79 0.496589 0.488479 0.971315 0.495392
78 0.496198 0.47091 0.975219 0.546659
105 0.505178 0.492223 0.955699 0.500576
78 0.53719 0.379032 0.905728 0.735023
79 0.505958 0.386521 0.965069 0.723502
108 0.496198 0.47091 0.975219 0.546659
81 0.34121 0.504608 0.677734 0.456221
81 0.59253 0.442972 0.788803 0.632488
79 0.59253 0.442972 0.788803 0.632488
108 0.53719 0.379032 0.905728 0.735023
104 0.59253 0.442972 0.788803 0.632488
104 0.34121 0.504608 0.677734 0.456221
105 0.34121 0.504608 0.677734 0.456221
81 0.238144 0.49856 0.473165 0.437212
10 0.496589 0.488479 0.971315 0.495392
104 0.505958 0.386521 0.965069 0.723502
105 0.503226 0.516705 0.973657 0.474654
81 0.499322 0.525058 0.984589 0.457949
104 0.499322 0.525058 0.984589 0.457949
79 0.499322 0.525058 0.984589 0.457949
78 0.498931 0.375864 0.976 0.739055
81 0.49737 0.4928 0.988493 0.52477
79 0.49737 0.4928 0.988493 0.52477
104 0.498931 0.496544 0.988493 0.501152
105 0.520013 0.501152 0.952576 0.502304
81 0.626592 0.509217 0.744102 0.50576
78 0.492685 0.47091 0.98537 0.94182
79 0.489562 0.450749 0.976 0.817396
108 0.490342 0.470334 0.977562 0.940668
10 0.49737 0.4928 0.988493 0.52477
81 0.49776 0.501152 0.981466 0.485023
79 0.49776 0.501152 0.981466 0.485023
81 0.440762 0.416187 0.873715 0.650346
79 0.484096 0.403514 0.958822 0.665323
104 0.486438 0.484951 0.961946 0.509361
105 0.504397 0.516993 0.961946 0.467166
10 0.49776 0.501152 0.981466 0.485023
78 0.488 0.357719 0.96663 0.715438
78 0.495418 0.472062 0.984589 0.542051
108 0.506349 0.379032 0.972096 0.758064
105 0.440762 0.416187 0.873715 0.650346
81 0.50713 0.533986 0.976781 0.440092
81 0.460672 0.571285 0.905728 0.338998
104 0.505568 0.532834 0.975219 0.443548
79 0.495808 0.546083 0.963507 0.389401
104 0.460672 0.571285 0.905728 0.338998
105 0.505568 0.532834 0.975219 0.443548
108 0.490733 0.437788 0.958042 0.593318
105 0.460672 0.571285 0.905728 0.338998
108 0.154891 0.426555 0.29807 0.612327
66 0.154891 0.426555 0.29807 0.612327
81 0.514054 0.533698 0.971891 0.439516
104 0.514054 0.533698 0.971891 0.439516
79 0.491123 0.537874 0.972877 0.428859
105 0.513376 0.528802 0.972096 0.448157
10 0.503616 0.53629 0.991616 0.43318
33 0.849798 0.355343 0.300403 0.242079
33 0.779331 0.336982 0.441338 0.209677
78 0.505178 0.536002 0.988493 0.44182
33 0.764794 0.269585 0.422413 0.256912
33 0.788896 0.305012 0.422208 0.159562
25 0.132736 0.200173 0.265472 0.174539
25 0.134102 0.303859 0.266643 0.148041
108 0.505178 0.536002 0.988493 0.44182
11 0.0435784 0.468318 0.077592 0.0794931
7 0.779331 0.336982 0.441338 0.209677
25 0.133517 0.262601 0.267034 0.229407
7 0.849798 0.355343 0.300403 0.242079
33 0.865024 0.306452 0.269952 0.172811
7 0.134102 0.303859 0.266643 0.148041
33 0.74137 0.31502 0.464576 0.202909
33 0.699597 0.263537 0.366976 0.262097
5 0.134102 0.303859 0.266643 0.148041
2 0.503616 0.53629 0.991616 0.43318
7 0.788896 0.305012 0.422208 0.159562
33 0.767034 0.323157 0.465933 0.152074
81 0.500493 0.512097 0.971315 0.461982
105 0.505958 0.509217 0.968192 0.488479
104 0.505958 0.509217 0.968192 0.488479
80 0.505958 0.509217 0.968192 0.488479
78 0.499712 0.510945 0.976 0.482719
79 0.505958 0.509217 0.968192 0.488479
10 0.505958 0.509217 0.968192 0.488479
32 0.505958 0.509217 0.968192 0.488479
81 0.510643 0.499712 0.977562 0.522465
105 0.506739 0.492512 0.982246 0.531106
104 0.510643 0.499712 0.977562 0.522465
81 0.526547 0.391417 0.946906 0.74712
81 0.49737 0.503456 0.969754 0.498848
104 0.502835 0.495392 0.965069 0.506912
105 0.49737 0.503456 0.969754 0.498848
78 0.437248 0.415035 0.865126 0.695276
108 0.490733 0.415323 0.978342 0.669355
79 0.489171 0.495968 0.968973 0.487327
78 0.329888 0.381912 0.657434 0.706221
81 0.505958 0.514113 0.957261 0.476382
104 0.505958 0.514113 0.957261 0.476382
105 0.503616 0.511521 0.954138 0.487327
79 0.489952 0.516705 0.964288 0.448157
78 0.284016 0.434044 0.56569 0.673387
10 0.489952 0.516705 0.964288 0.448157
81 0.488781 0.506624 0.958822 0.470622
104 0.488781 0.506624 0.958822 0.470622
105 0.495808 0.512097 0.935398 0.467742
33 0.57623 0.38076 0.395085 0.18318
33 0.482534 0.394873 0.387277 0.144009
81 0.498931 0.528514 0.986931 0.433756
105 0.51728 0.527074 0.948672 0.450461
104 0.569203 0.524193 0.852634 0.447005
78 0.0679296 0.424827 0.135859 0.772465
66 0.0628056 0.446717 0.124635 0.689516
78 0.131955 0.426267 0.26391 0.788018
108 0.0628056 0.446717 0.124635 0.689516
78 0.187392 0.423675 0.374784 0.672235
108 0.187392 0.423675 0.374784 0.672235
108 0.133712 0.43318 0.267424 0.686636
108 0.347456 0.420219 0.694912 0.684908
81 0.486438 0.498272 0.960384 0.5
104 0.489171 0.493664 0.967411 0.496544
81 0.499712 0.883065 0.971315 0.233871
81 0.49776 0.816532 0.973658 0.366935
79 0.494637 0.498272 0.984589 0.497696
81 0.495418 0.513249 0.972096 0.455069
79 0.495418 0.509217 0.967411 0.453917
10 0.495418 0.509217 0.967411 0.453917
104 0.504397 0.516129 0.957261 0.453917
25 0.494637 0.509793 0.970534 0.473502
22 0.494246 0.507488 0.961946 0.468894
27 0.494246 0.507488 0.961946 0.468894
31 0.494246 0.507488 0.961946 0.468894
78 0.481754 0.395449 0.960384 0.722926
81 0.501664 0.50288 0.979904 0.482719
104 0.501664 0.50288 0.979904 0.482719
10 0.502054 0.500864 0.982246 0.489055
105 0.495808 0.510657 0.991616 0.483295
22 0.502054 0.500864 0.982246 0.489055
32 0.502054 0.500864 0.982246 0.489055
25 0.502054 0.500864 0.982246 0.489055
81 0.488781 0.53053 0.969754 0.427419
32 0.499712 0.526498 0.957261 0.4447
10 0.501274 0.52909 0.951014 0.433756
79 0.488781 0.53053 0.969754 0.427419
22 0.488781 0.53053 0.969754 0.427419
104 0.488781 0.53053 0.969754 0.427419
33 0.818474 0.490207 0.336915 0.347926
33 0.776598 0.499136 0.446803 0.377304
33 0.819645 0.552995 0.347066 0.385945
81 0.500493 0.519009 0.982246 0.435484
104 0.499712 0.516129 0.983808 0.437788
78 0.155867 0.407834 0.311734 0.815668
78 0.220966 0.390553 0.441933 0.781106
66 0.155867 0.407834 0.311734 0.815668
105 0.518061 0.520161 0.936179 0.441244
66 0.220966 0.390553 0.441933 0.781106
22 0.509472 0.526498 0.962726 0.440092
78 0.12688 0.411866 0.25376 0.793779
108 0.155867 0.407834 0.311734 0.815668
108 0.220966 0.390553 0.441933 0.781106
81 0.508301 0.53197 0.954138 0.431452
104 0.490733 0.525922 0.976781 0.425115
105 0.508301 0.53197 0.954138 0.431452
81 0.508301 0.526786 0.954138 0.4303
81 0.499322 0.884217 0.983027 0.231567
105 0.499322 0.884217 0.983027 0.231567
104 0.524698 0.529666 0.911974 0.427995
81 0.496589 0.926267 0.977562 0.147465
81 0.491123 0.520737 0.96663 0.455069
105 0.495808 0.526786 0.957261 0.437212
104 0.488781 0.517857 0.965069 0.461982
81 0.506739 0.514689 0.968192 0.455645
104 0.485658 0.506336 0.969754 0.463134
105 0.505178 0.496544 0.963507 0.495392
79 0.485658 0.506336 0.969754 0.463134
78 0.486829 0.506912 0.972096 0.470046
81 0.509472 0.520161 0.959603 0.448157
104 0.49815 0.515553 0.986931 0.464286
79 0.49815 0.515553 0.986931 0.464286
105 0.49815 0.515553 0.986931 0.464286
78 0.49815 0.515553 0.986931 0.464286
81 0.505178 0.523906 0.960384 0.438364
104 0.49815 0.529378 0.983808 0.437788
79 0.487219 0.52765 0.968192 0.43318
78 0.49815 0.529378 0.983808 0.437788
25 0.49815 0.529378 0.983808 0.437788
50 0.49815 0.529378 0.983808 0.437788
27 0.488 0.527074 0.969754 0.427419
10 0.487219 0.52765 0.968192 0.43318
81 0.501274 0.528514 0.98537 0.427995
105 0.490342 0.52765 0.951014 0.421659
104 0.489562 0.521889 0.969754 0.429724
79 0.489562 0.521889 0.969754 0.429724
81 0.483315 0.516129 0.96663 0.447005
105 0.493856 0.515841 0.98615 0.451037
80 0.495027 0.517857 0.98537 0.450461
104 0.495027 0.517857 0.98537 0.450461
81 0.500883 0.514977 0.984589 0.455069
105 0.499712 0.507488 0.986931 0.468894
108 0.45833 0.40553 0.908851 0.695853
104 0.492685 0.514977 0.972877 0.447005
81 0.491123 0.525058 0.972877 0.431452
105 0.491123 0.525058 0.976 0.431452
104 0.49815 0.529378 0.98537 0.435484
81 0.49737 0.899193 0.963507 0.201613
108 0.480973 0.384793 0.952576 0.647465
81 0.494149 0.888249 0.712285 0.223502
81 0.496589 0.518433 0.957261 0.442396
104 0.501274 0.520161 0.974438 0.461982
25 0.496589 0.518433 0.957261 0.442396
47 0.499322 0.520737 0.975219 0.443548
105 0.499322 0.520737 0.975219 0.443548
48 0.499322 0.520737 0.975219 0.443548
81 0.496589 0.504896 0.972877 0.476382
31 0.493466 0.511521 0.965069 0.461982
81 0.805488 0.885657 0.389024 0.228687
81 0.495418 0.516705 0.979904 0.451613
104 0.495027 0.518721 0.977562 0.453341
105 0.495418 0.516705 0.979904 0.451613
81 0.500102 0.503168 0.961165 0.479839
81 0.49815 0.522753 0.983808 0.438364
104 0.499712 0.520449 0.983808 0.446429
81 0.504787 0.518145 0.961165 0.456797
104 0.49776 0.525634 0.976781 0.453341
81 0.50752 0.514401 0.969754 0.463134
104 0.505958 0.515265 0.971315 0.467166
81 0.499712 0.523041 0.980685 0.4447
104 0.500493 0.527074 0.982246 0.452765
25 0.500493 0.527074 0.982246 0.452765
81 0.501664 0.508929 0.981466 0.461406
81 0.49776 0.523618 0.96585 0.441244
104 0.503616 0.52765 0.979123 0.451613
81 0.498931 0.526498 0.988493 0.430876
81 0.484877 0.514977 0.961946 0.449309
81 0.485658 0.506336 0.968192 0.464286
104 0.49815 0.508641 0.988493 0.47235
105 0.498541 0.50288 0.989274 0.475807
81 0.49815 0.500576 0.990054 0.480415
104 0.49737 0.50576 0.988493 0.481567
81 0.505178 0.520737 0.980685 0.443548
104 0.498931 0.516705 0.991616 0.457373
81 0.50713 0.520449 0.975219 0.446429
104 0.49815 0.516129 0.993178 0.456221
25 0.49815 0.516129 0.993178 0.456221
81 0.506739 0.511521 0.976 0.460829
81 0.487219 0.522465 0.958822 0.434332
104 0.500493 0.523618 0.991616 0.436636
81 0.502054 0.521889 0.979123 0.43894
81 0.895085 0.834389 0.20983 0.331221
81 0.484486 0.520737 0.954918 0.435484
81 0.487219 0.516705 0.961946 0.443548
81 0.499712 0.516417 0.983808 0.453341
104 0.50752 0.519585 0.968192 0.465438
81 0.485658 0.510945 0.961946 0.455069
104 0.498931 0.516417 0.988493 0.462558
81 0.486829 0.513537 0.96585 0.451037
104 0.498931 0.517857 0.988493 0.457373
105 0.498931 0.517857 0.988493 0.457373
81 0.50752 0.519297 0.971315 0.447581
104 0.498931 0.519873 0.988493 0.453341
25 0.498931 0.519873 0.988493 0.453341
81 0.503616 0.518721 0.976 0.451037
104 0.495808 0.517857 0.98537 0.457373
25 0.495808 0.517857 0.98537 0.457373
81 0.502054 0.517857 0.976 0.453917
104 0.495808 0.514401 0.98537 0.465438
25 0.495808 0.514401 0.98537 0.465438
79 0.495808 0.514401 0.98537 0.465438
81 0.491904 0.511521 0.969754 0.458525
104 0.496979 0.514401 0.98615 0.464286
79 0.496979 0.514401 0.98615 0.464286
81 0.489171 0.516705 0.967411 0.4447
25 0.49737 0.514113 0.98537 0.460254
81 0.485267 0.515553 0.962726 0.448157
81 0.889229 0.830069 0.221542 0.339862
25 0.495418 0.512961 0.984589 0.467166
81 0.494246 0.513825 0.982246 0.456221
81 0.85097 0.715438 0.298061 0.47235
81 0.891962 0.828917 0.216077 0.342166
81 0.494637 0.512673 0.981466 0.458525
81 0.885325 0.715438 0.22935 0.440092
81 0.894694 0.823733 0.210611 0.35023
81 0.492685 0.513249 0.977562 0.455069
81 0.879078 0.716734 0.241843 0.432892
25 0.494637 0.518721 0.981466 0.451037
81 0.892742 0.822581 0.214515 0.336405
81 0.490342 0.513537 0.974438 0.453341
25 0.493466 0.519009 0.980685 0.449309
81 0.490342 0.519009 0.974438 0.442396
25 0.493856 0.522465 0.979904 0.441244
81 0.483706 0.520161 0.95648 0.435484
25 0.495027 0.523906 0.980685 0.438364
81 0.483315 0.521889 0.955699 0.430876
25 0.484486 0.522465 0.961165 0.430876
81 0.482925 0.523041 0.954918 0.430876
25 0.484096 0.52477 0.961946 0.429723
81 0.483315 0.523041 0.954138 0.430876
25 0.483706 0.52477 0.962726 0.428571
81 0.484096 0.522177 0.955699 0.432604
104 0.495418 0.525346 0.983027 0.435484
25 0.484096 0.52477 0.965069 0.429723
81 0.483315 0.521313 0.957261 0.434332
104 0.495027 0.525058 0.983808 0.43606
25 0.484096 0.52477 0.96663 0.429723
81 0.483315 0.521313 0.960384 0.435484
104 0.495027 0.525922 0.98537 0.436636
25 0.495027 0.525922 0.98537 0.436636
81 0.484877 0.521313 0.960384 0.434332
25 0.494246 0.52621 0.98537 0.43606
104 0.494246 0.52621 0.98537 0.43606
81 0.485658 0.521025 0.961946 0.434908
104 0.493856 0.525922 0.983027 0.436636
25 0.493856 0.525922 0.983027 0.436636
81 0.485658 0.521025 0.961946 0.433756
81 0.486438 0.521601 0.963507 0.431452
81 0.488 0.521889 0.963507 0.430876
81 0.488 0.522465 0.963507 0.428571
81 0.489562 0.521889 0.963507 0.430876
104 0.502054 0.522465 0.96663 0.443548
81 0.489562 0.521601 0.963507 0.431452
81 0.489562 0.521025 0.963507 0.432604
25 0.495808 0.521889 0.979123 0.436636
81 0.490342 0.520449 0.963507 0.433756
81 0.489952 0.520161 0.962726 0.435484
81 0.490342 0.519585 0.963507 0.437788
81 0.489952 0.519873 0.964288 0.437212
81 0.489562 0.519585 0.963507 0.437788
81 0.489562 0.519873 0.963507 0.438364
81 0.489562 0.519585 0.963507 0.43894
81 0.490342 0.520449 0.963507 0.438364
81 0.489952 0.520161 0.962726 0.43894
81 0.490342 0.519873 0.961946 0.439516
81 0.490342 0.520161 0.961946 0.43894
81 0.490342 0.520161 0.961946 0.43894
81 0.490342 0.519873 0.961946 0.439516
81 0.490733 0.519297 0.962726 0.439516
81 0.490733 0.519585 0.962726 0.440092
81 0.490733 0.519873 0.962726 0.439516
81 0.490733 0.520449 0.962726 0.438364
81 0.490733 0.520737 0.962726 0.436636
81 0.799242 0.744096 0.401517 0.447293
81 0.490733 0.521601 0.962726 0.43606
104 0.504397 0.521025 0.961946 0.448733
81 0.800608 0.745536 0.398784 0.449021
81 0.491123 0.521601 0.963507 0.43606
104 0.504397 0.521025 0.961946 0.448733
81 0.491123 0.521601 0.963507 0.43606
81 0.491123 0.521601 0.963507 0.43606
81 0.491514 0.521889 0.962726 0.435484
81 0.491514 0.521889 0.962726 0.435484
81 0.490733 0.523618 0.962726 0.432028
81 0.491123 0.523618 0.963507 0.432028
81 0.806464 0.743664 0.387072 0.452765
81 0.491123 0.524194 0.963507 0.430876
81 0.80744 0.743088 0.38512 0.452765
81 0.491123 0.523618 0.963507 0.430876
81 0.808026 0.742943 0.383949 0.451901
81 0.491123 0.523618 0.963507 0.430876
81 0.808611 0.743088 0.382778 0.453917
104 0.505178 0.520737 0.960384 0.449309
81 0.491514 0.523618 0.962726 0.430876
81 0.809197 0.742943 0.381606 0.454205
104 0.505178 0.520449 0.960384 0.448733
81 0.491514 0.523906 0.962726 0.4303
81 0.808611 0.742079 0.382778 0.455933
104 0.505178 0.520737 0.960384 0.449309
81 0.491514 0.523329 0.962726 0.4303
104 0.505178 0.520161 0.960384 0.449309
81 0.808221 0.741935 0.383558 0.458525
81 0.491904 0.523329 0.961946 0.4303
81 0.806854 0.742943 0.386291 0.461118
104 0.505178 0.520161 0.960384 0.449309
81 0.491904 0.523041 0.961946 0.430876
104 0.505178 0.520161 0.960384 0.449309
81 0.804512 0.743088 0.390976 0.463134
81 0.491904 0.523041 0.961946 0.430876
104 0.505178 0.520161 0.960384 0.449309
81 0.80295 0.74424 0.394099 0.464286
81 0.491514 0.523329 0.962726 0.4303
104 0.504397 0.520161 0.960384 0.449309
81 0.491514 0.523041 0.962726 0.430876
104 0.504397 0.520161 0.960384 0.449309
81 0.491514 0.523041 0.962726 0.430876
104 0.504397 0.519873 0.960384 0.449885
81 0.491904 0.523041 0.961946 0.430876
81 0.491514 0.522753 0.962726 0.431452
81 0.491514 0.522753 0.962726 0.431452
81 0.491514 0.523041 0.962726 0.430876
81 0.491123 0.523041 0.963507 0.430876
81 0.491123 0.523329 0.963507 0.4303
81 0.491123 0.523041 0.963507 0.430876
81 0.491123 0.523041 0.963507 0.430876
81 0.491123 0.523041 0.963507 0.430876
81 0.491123 0.523041 0.963507 0.430876
81 0.491123 0.522753 0.963507 0.431452
104 0.503616 0.519585 0.961946 0.451613
81 0.491123 0.522753 0.963507 0.431452
104 0.503616 0.519585 0.961946 0.451613
81 0.490733 0.522465 0.964288 0.432028
104 0.503616 0.519585 0.961946 0.451613
81 0.490733 0.522465 0.964288 0.432028
104 0.503616 0.519585 0.961946 0.451613
81 0.490342 0.522753 0.965069 0.431452
104 0.502835 0.519585 0.961946 0.451613
81 0.797875 0.740207 0.40425 0.504608
81 0.490342 0.522753 0.965069 0.431452
104 0.502835 0.519585 0.961946 0.451613
81 0.798656 0.738335 0.402688 0.509505
81 0.490342 0.522753 0.965069 0.431452
81 0.797875 0.737903 0.40425 0.513825
104 0.503226 0.519585 0.962726 0.451613
81 0.490342 0.522465 0.965069 0.432028
81 0.796704 0.738623 0.406592 0.518145
104 0.503226 0.519585 0.962726 0.451613
81 0.490342 0.522465 0.965069 0.432028
81 0.796509 0.737471 0.406982 0.518145
81 0.490342 0.522465 0.965069 0.432028
81 0.794362 0.737327 0.411277 0.521889
81 0.490342 0.522465 0.965069 0.432028
81 0.792214 0.736319 0.415571 0.527362
81 0.490342 0.522465 0.96663 0.432028
81 0.790653 0.734591 0.418694 0.530818
81 0.490342 0.522177 0.965069 0.432604
81 0.790262 0.733007 0.419475 0.533986
