50 0.493466 0.529378 0.961946 0.248848
68 0.494246 0.491935 0.961946 0.320276
53 0.494246 0.508641 0.960384 0.284562
48 0.501274 0.489919 0.977562 0.324309
49 0.493466 0.529378 0.961946 0.248848
54 0.494246 0.508641 0.960384 0.284562
101 0.502445 0.489343 0.981466 0.326613
109 0.494246 0.508641 0.960384 0.284562
103 0.494246 0.491935 0.961946 0.320276
95 0.494246 0.491935 0.961946 0.320276
104 0.494246 0.508641 0.960384 0.284562
111 0.494246 0.491935 0.961946 0.320276
79 0.494246 0.508641 0.960384 0.284562
74 0.494246 0.508641 0.960384 0.284562
73 0.502445 0.489343 0.981466 0.326613
42 0.494246 0.508641 0.960384 0.284562
67 0.494246 0.508641 0.960384 0.284562
110 0.494246 0.491935 0.961946 0.320276
76 0.494246 0.508641 0.960384 0.284562
84 0.494246 0.508641 0.960384 0.284562
46 0.494246 0.491935 0.961946 0.320276
48 0.448179 0.533698 0.885427 0.242511
17 0.502445 0.489343 0.981466 0.326613
47 0.52704 0.487903 0.916659 0.339862
50 0.493075 0.46659 0.96585 0.366359
77 0.502445 0.489343 0.981466 0.326613
100 0.494246 0.491935 0.961946 0.320276
97 0.494246 0.508641 0.960384 0.284562
66 0.494246 0.491935 0.961946 0.320276
81 0.494246 0.508641 0.960384 0.284562
56 0.504397 0.487903 0.965069 0.332949
75 0.502445 0.489343 0.981466 0.326613
38 0.494246 0.508641 0.960384 0.284562
99 0.502054 0.487615 0.971315 0.34159
108 0.494246 0.491935 0.961946 0.320276
33 0.502445 0.489343 0.981466 0.326613
80 0.494246 0.508641 0.960384 0.284562
50 0.594091 0.490783 0.79505 0.337558
101 0.448179 0.533698 0.885427 0.242511
49 0.493075 0.46659 0.96585 0.366359
102 0.493466 0.529378 0.961946 0.248848
14 0.502445 0.489343 0.981466 0.326613
51 0.494246 0.491935 0.961946 0.320276
105 0.502445 0.489343 0.981466 0.326613
94 0.494246 0.508641 0.960384 0.284562
95 0.448179 0.533698 0.885427 0.242511
41 0.494246 0.508641 0.960384 0.284562
65 0.494246 0.491935 0.961946 0.320276
111 0.448179 0.533698 0.885427 0.242511
11 0.494246 0.508641 0.960384 0.284562
16 0.33223 0.116935 0.0335744 0.0213134
49 0.594091 0.490783 0.79505 0.337558
7 0.494246 0.491935 0.961946 0.320276
7 0.448179 0.533698 0.885427 0.242511
15 0.503616 0.486175 0.968192 0.33871
103 0.448179 0.533698 0.885427 0.242511
31 0.494246 0.508641 0.960384 0.284562
47 0.491123 0.52765 0.951014 0.245392
5 0.502445 0.489343 0.981466 0.326613
0 0.494246 0.508641 0.960384 0.284562
52 0.49815 0.489055 0.968192 0.323733
78 0.502445 0.489343 0.981466 0.326613
110 0.448179 0.533698 0.885427 0.242511
68 0.448179 0.533698 0.885427 0.242511
77 0.448179 0.533698 0.885427 0.242511
12 0.494246 0.491935 0.961946 0.320276
18 0.332621 0.117656 0.0343552 0.0221774
74 0.594091 0.490783 0.79505 0.337558
21 0.494246 0.508641 0.960384 0.284562
84 0.594091 0.490783 0.79505 0.337558
16 0.494246 0.508641 0.960384 0.284562
34 0.502445 0.489343 0.981466 0.326613
75 0.448179 0.533698 0.885427 0.242511
26 0.500493 0.487615 0.983808 0.331221
46 0.448179 0.533698 0.885427 0.242511
99 0.47863 0.533986 0.941645 0.256912
109 0.594091 0.490783 0.79505 0.337558
108 0.448179 0.533698 0.885427 0.242511
48 0.668462 0.489631 0.646307 0.347926
48 0.494246 0.464862 0.969754 0.37788
111 0.487219 0.466014 0.971315 0.376728
50 0.503123 0.46371 0.993754 0.380184
68 0.487219 0.466014 0.971315 0.376728
101 0.494246 0.464862 0.969754 0.37788
46 0.494246 0.464862 0.969754 0.37788
102 0.503123 0.46371 0.993754 0.380184
109 0.487219 0.466014 0.971315 0.376728
110 0.503123 0.46371 0.993754 0.380184
73 0.494246 0.464862 0.969754 0.37788
67 0.487219 0.466014 0.971315 0.376728
99 0.494246 0.464862 0.969754 0.37788
75 0.503123 0.46371 0.993754 0.380184
100 0.494246 0.464862 0.969754 0.37788
49 0.503123 0.46371 0.993754 0.380184
76 0.494246 0.464862 0.969754 0.37788
53 0.494246 0.464862 0.969754 0.37788
103 0.494246 0.464862 0.969754 0.37788
95 0.503123 0.46371 0.993754 0.380184
77 0.503123 0.46371 0.993754 0.380184
84 0.503123 0.46371 0.993754 0.380184
56 0.494246 0.464862 0.969754 0.37788
51 0.494246 0.464862 0.969754 0.37788
47 0.494246 0.464862 0.969754 0.37788
54 0.503123 0.46371 0.993754 0.380184
111 0.511712 0.886521 0.976576 0.226959
52 0.503123 0.46371 0.993754 0.380184
66 0.503123 0.46371 0.993754 0.380184
48 0.499712 0.888249 0.986931 0.223502
48 0.661338 0.443476 0.671488 0.428715
50 0.535136 0.947005 0.929728 0.105991
104 0.503123 0.46371 0.993754 0.380184
105 0.494246 0.464862 0.969754 0.37788
50 0.39977 0.489919 0.791731 0.356567
33 0.10004 0.115207 0.0794464 0.130184
48 0.39733 0.493376 0.782557 0.345046
80 0.487219 0.466014 0.971315 0.376728
50 0.50976 0.907258 0.98048 0.185484
102 0.39977 0.489919 0.791731 0.356567
68 0.499712 0.888249 0.986931 0.223502
111 0.535136 0.947005 0.929728 0.105991
48 0.570662 0.945276 0.858675 0.109447
14 0.10004 0.115207 0.0794464 0.130184
48 0.737075 0.417555 0.521574 0.383785
74 0.480973 0.481279 0.949453 0.356567
97 0.487219 0.466014 0.971315 0.376728
68 0.535136 0.944124 0.929728 0.111751
68 0.39733 0.493376 0.782557 0.345046
46 0.499712 0.888249 0.986931 0.223502
75 0.39977 0.489919 0.791731 0.356567
77 0.39977 0.489919 0.791731 0.356567
16 0.10004 0.115207 0.0794464 0.130184
8 0.10004 0.115207 0.0794464 0.130184
50 0.50039 0.369528 0.999219 0.576613
101 0.503616 0.902938 0.96663 0.194124
17 0.0981856 0.114487 0.0815936 0.134217
46 0.535136 0.947005 0.929728 0.105991
50 0.661338 0.443476 0.671488 0.428715
0 0.0981856 0.114487 0.0815936 0.134217
48 0.482925 0.385945 0.958042 0.542627
109 0.511712 0.886521 0.976576 0.226959
33 0.122366 0.114667 0.142935 0.131264
49 0.39977 0.489919 0.791731 0.356567
99 0.535136 0.947005 0.929728 0.105991
9 0.0981856 0.114487 0.0815936 0.134217
38 0.487219 0.466014 0.971315 0.376728
102 0.499712 0.888249 0.986931 0.223502
111 0.352141 0.490495 0.691789 0.356567
101 0.535136 0.947005 0.929728 0.105991
111 0.50039 0.369528 0.999219 0.576613
67 0.39733 0.493376 0.782557 0.345046
73 0.50976 0.907258 0.98048 0.185484
76 0.511712 0.886521 0.976576 0.226959
49 0.535136 0.947005 0.929728 0.105991
18 0.0981856 0.114487 0.0815936 0.134217
68 0.664851 0.394585 0.666022 0.349078
110 0.509862 0.906682 0.972877 0.186636
73 0.570662 0.945276 0.858675 0.109447
99 0.511712 0.886521 0.976576 0.226959
110 0.39977 0.489919 0.791731 0.356567
100 0.39733 0.493376 0.782557 0.345046
48 0.381128 0.906106 0.757181 0.187788
111 0.661338 0.443476 0.671488 0.428715
13 0.10004 0.115207 0.0794464 0.130184
110 0.535136 0.947005 0.929728 0.105991
50 0.737075 0.417555 0.521574 0.383785
101 0.39733 0.493376 0.782557 0.345046
19 0.10004 0.115207 0.0794464 0.130184
108 0.487219 0.466014 0.971315 0.376728
50 0.57847 0.344398 0.843059 0.291619
77 0.535136 0.947005 0.929728 0.105991
41 0.494246 0.464862 0.969754 0.37788
68 0.49815 0.408338 0.994739 0.526642
68 0.484877 0.487327 0.963507 0.382488
48 0.49815 0.408338 0.994739 0.526642
53 0.49815 0.408338 0.994739 0.526642
48 0.484877 0.487327 0.963507 0.382488
53 0.484877 0.487327 0.963507 0.382488
102 0.499712 0.47235 0.993178 0.403226
101 0.49815 0.408338 0.994739 0.526642
101 0.484877 0.487327 0.963507 0.382488
102 0.502445 0.356567 0.981466 0.618664
109 0.49815 0.408338 0.994739 0.526642
50 0.49815 0.408338 0.994739 0.526642
109 0.484877 0.487327 0.963507 0.382488
77 0.49815 0.408338 0.994739 0.526642
48 0.495808 0.379032 0.98537 0.758064
67 0.49815 0.408338 0.994739 0.526642
111 0.49815 0.408338 0.994739 0.526642
77 0.484877 0.487327 0.963507 0.382488
48 0.49737 0.256768 0.98537 0.513537
49 0.49815 0.408338 0.994739 0.526642
111 0.484877 0.487327 0.963507 0.382488
67 0.484877 0.487327 0.963507 0.382488
110 0.49815 0.408338 0.994739 0.526642
99 0.49815 0.408338 0.994739 0.526642
100 0.49815 0.408338 0.994739 0.526642
68 0.495808 0.379032 0.98537 0.758064
50 0.495027 0.418203 0.990054 0.836405
110 0.484877 0.487327 0.963507 0.382488
50 0.484877 0.487327 0.963507 0.382488
99 0.484877 0.487327 0.963507 0.382488
52 0.49737 0.33871 0.994739 0.677419
100 0.484877 0.487327 0.963507 0.382488
84 0.49815 0.408338 0.994739 0.526642
48 0.494246 0.153226 0.988493 0.306452
46 0.502445 0.356567 0.981466 0.618664
50 0.49737 0.256768 0.98537 0.513537
68 0.502054 0.572725 0.988493 0.564228
51 0.49815 0.408338 0.994739 0.526642
50 0.494246 0.153226 0.988493 0.306452
68 0.494246 0.153226 0.988493 0.306452
95 0.49815 0.408338 0.994739 0.526642
95 0.486829 0.493088 0.962726 0.374424
76 0.49815 0.408338 0.994739 0.526642
68 0.49737 0.256768 0.98537 0.513537
49 0.495027 0.434332 0.990054 0.868664
49 0.484877 0.487327 0.963507 0.382488
52 0.484877 0.487327 0.963507 0.382488
84 0.484877 0.487327 0.963507 0.382488
49 0.494246 0.153226 0.988493 0.306452
49 0.49737 0.256768 0.98537 0.513537
47 0.502445 0.356567 0.981466 0.618664
100 0.49737 0.256768 0.98537 0.513537
46 0.505178 0.468894 0.976 0.403226
100 0.495808 0.379032 0.98537 0.758064
75 0.502445 0.356567 0.981466 0.618664
53 0.495808 0.379032 0.98537 0.758064
51 0.495027 0.434332 0.990054 0.868664
76 0.49737 0.256768 0.98537 0.513537
51 0.484877 0.487327 0.963507 0.382488
68 0.49815 0.875288 0.990054 0.249424
76 0.484877 0.487327 0.963507 0.382488
100 0.494246 0.153226 0.988493 0.306452
46 0.49737 0.256768 0.98537 0.513537
99 0.495808 0.379032 0.98537 0.758064
73 0.49815 0.339286 0.983808 0.678571
46 0.495027 0.434332 0.990054 0.868664
102 0.502054 0.572725 0.988493 0.564228
51 0.49737 0.256768 0.98537 0.513537
75 0.49737 0.256768 0.98537 0.513537
76 0.496198 0.438652 0.987712 0.877304
53 0.496589 0.262241 0.993178 0.524482
75 0.496198 0.438652 0.987712 0.877304
48 0.501274 0.0761089 0.972877 0.152218
99 0.49737 0.256768 0.98537 0.513537
101 0.494246 0.153226 0.988493 0.306452
101 0.495808 0.379032 0.98537 0.758064
103 0.49815 0.408338 0.994739 0.526642
103 0.484877 0.487327 0.963507 0.382488
53 0.49815 0.875288 0.990054 0.249424
51 0.494246 0.153226 0.988493 0.306452
101 0.502054 0.572725 0.988493 0.564228
111 0.495808 0.379032 0.98537 0.758064
47 0.484877 0.487327 0.963507 0.382488
76 0.494246 0.153226 0.988493 0.306452
56 0.49815 0.408338 0.994739 0.526642
75 0.484877 0.487327 0.963507 0.382488
47 0.49737 0.256768 0.98537 0.513537
53 0.494246 0.153226 0.988493 0.306452
109 0.495808 0.379032 0.98537 0.758064
48 0.49815 0.875288 0.990054 0.249424
56 0.484877 0.487327 0.963507 0.382488
109 0.49737 0.256768 0.98537 0.513537
50 0.501274 0.0761089 0.972877 0.152218
101 0.49737 0.256768 0.98537 0.513537
73 0.484877 0.487327 0.963507 0.382488
77 0.49737 0.256768 0.98537 0.513537
102 0.494246 0.153226 0.988493 0.306452
75 0.498931 0.142857 0.982246 0.285714
99 0.494246 0.153226 0.988493 0.306452
46 0.498931 0.142857 0.982246 0.285714
47 0.496198 0.438652 0.987712 0.877304
77 0.494246 0.153226 0.988493 0.306452
47 0.483315 0.147465 0.96663 0.294931
109 0.494246 0.153226 0.988493 0.306452
68 0.501274 0.0761089 0.972877 0.152218
77 0.495027 0.418203 0.990054 0.836405
53 0.502054 0.572725 0.988493 0.564228
52 0.49737 0.256768 0.98537 0.513537
80 0.493466 0.486463 0.982246 0.400346
68 0.496589 0.929723 0.983808 0.140553
84 0.496589 0.262241 0.993178 0.524482
73 0.500883 0.227103 0.981466 0.454205
102 0.49815 0.875288 0.990054 0.249424
67 0.489562 0.596198 0.960384 0.562212
111 0.496589 0.262241 0.993178 0.524482
68 0.500493 0.754608 0.988493 0.490783
73 0.494246 0.153226 0.988493 0.306452
48 0.500493 0.754608 0.988493 0.490783
77 0.502054 0.572725 0.988493 0.564228
49 0.501274 0.0761089 0.972877 0.152218
84 0.495808 0.379032 0.98537 0.758064
101 0.49815 0.875288 0.990054 0.249424
48 0.502054 0.572725 0.988493 0.564228
52 0.494246 0.153226 0.988493 0.306452
110 0.49737 0.336982 0.994739 0.673963
80 0.484877 0.274194 0.969754 0.548387
110 0.495808 0.22523 0.991616 0.450461
97 0.496589 0.262241 0.993178 0.524482
53 0.500493 0.754608 0.988493 0.490783
100 0.501274 0.0761089 0.972877 0.152218
109 0.48839 0.882488 0.962726 0.235023
95 0.489562 0.596198 0.960384 0.562212
48 0.300218 0.0857575 0.600435 0.171515
67 0.494246 0.153226 0.988493 0.306452
67 0.495808 0.379032 0.98537 0.758064
68 0.314662 0.506624 0.62464 0.324309
102 0.495027 0.418203 0.990054 0.836405
51 0.501274 0.0761089 0.972877 0.152218
67 0.49737 0.256768 0.98537 0.513537
97 0.496198 0.438652 0.987712 0.877304
111 0.494246 0.153226 0.988493 0.306452
102 0.500883 0.227103 0.981466 0.454205
84 0.494246 0.153226 0.988493 0.306452
110 0.494246 0.153226 0.988493 0.306452
76 0.501274 0.0761089 0.972877 0.152218
101 0.501274 0.0761089 0.972877 0.152218
77 0.49815 0.875288 0.990054 0.249424
74 0.484877 0.274194 0.969754 0.548387
109 0.502054 0.572725 0.988493 0.564228
50 0.502054 0.572725 0.988493 0.564228
67 0.48839 0.882488 0.962726 0.235023
110 0.502054 0.572725 0.988493 0.564228
95 0.496589 0.262241 0.993178 0.524482
53 0.314662 0.506624 0.62464 0.324309
111 0.48839 0.882488 0.962726 0.235023
48 0.665432 0.896025 0.669136 0.207949
50 0.49815 0.875288 0.990054 0.249424
53 0.501274 0.0761089 0.972877 0.152218
18 0.098576 0.294931 0.134688 0.0645161
56 0.49737 0.336982 0.994739 0.673963
68 0.665432 0.896025 0.669136 0.207949
109 0.501274 0.0761089 0.972877 0.152218
68 0.666994 0.932604 0.666013 0.134793
46 0.501274 0.0761089 0.972877 0.152218
68 0.261763 0.565092 0.519622 0.223502
0 0.098576 0.294931 0.134688 0.0645161
100 0.502054 0.572725 0.988493 0.564228
68 0.182122 0.516129 0.36112 0.3053
110 0.49815 0.875288 0.990054 0.249424
54 0.493466 0.486463 0.982246 0.400346
52 0.489562 0.825749 0.963507 0.348502
68 0.162309 0.572725 0.321494 0.195565
68 0.343747 0.554003 0.680467 0.260657
73 0.501274 0.0761089 0.972877 0.152218
75 0.501274 0.0761089 0.972877 0.152218
95 0.48839 0.882488 0.962726 0.235023
109 0.500493 0.754608 0.988493 0.490783
53 0.665432 0.896025 0.669136 0.207949
16 0.098576 0.294931 0.134688 0.0645161
47 0.501274 0.0761089 0.972877 0.152218
95 0.314662 0.506624 0.62464 0.324309
80 0.496198 0.438652 0.987712 0.877304
95 0.495808 0.379032 0.98537 0.758064
80 0.502445 0.356567 0.981466 0.618664
97 0.502445 0.356567 0.981466 0.618664
95 0.494246 0.153226 0.988493 0.306452
101 0.496589 0.929723 0.983808 0.140553
68 0.500493 0.462558 0.963507 0.404378
77 0.500493 0.462558 0.963507 0.404378
95 0.500493 0.462558 0.963507 0.404378
109 0.505178 0.456509 0.976 0.423387
101 0.500493 0.462558 0.963507 0.404378
110 0.505178 0.456509 0.976 0.423387
67 0.500493 0.462558 0.963507 0.404378
102 0.505178 0.456509 0.976 0.423387
53 0.502054 0.446501 0.969754 0.428427
103 0.502054 0.446501 0.969754 0.428427
68 0.45872 0.509217 0.901824 0.302995
111 0.500493 0.462558 0.963507 0.404378
84 0.502054 0.446501 0.969754 0.428427
97 0.504397 0.418779 0.977562 0.480415
56 0.500493 0.462558 0.963507 0.404378
48 0.500493 0.410714 0.968192 0.49424
74 0.503616 0.47235 0.976 0.383641
77 0.45872 0.509217 0.901824 0.302995
12 0.0923052 0.0653802 0.05002 0.0288018
73 0.500493 0.410714 0.968192 0.49424
100 0.504397 0.418779 0.977562 0.480415
102 0.45872 0.509217 0.901824 0.302995
76 0.504397 0.418779 0.977562 0.480415
68 0.58521 0.420219 0.80032 0.472926
67 0.45872 0.509217 0.901824 0.302995
95 0.45872 0.509217 0.901824 0.302995
101 0.45872 0.509217 0.901824 0.302995
50 0.504397 0.418779 0.977562 0.480415
99 0.502054 0.446501 0.969754 0.428427
104 0.503616 0.47235 0.976 0.383641
110 0.45872 0.509217 0.901824 0.302995
109 0.45872 0.509217 0.901824 0.302995
47 0.502054 0.446501 0.969754 0.428427
12 0.332426 0.121976 0.0320128 0.0210253
97 0.501274 0.109447 0.96663 0.218894
46 0.500493 0.410714 0.968192 0.49424
15 0.950522 0.876728 0.0989569 0.207373
54 0.505178 0.395449 0.972877 0.52477
77 0.58521 0.420219 0.80032 0.472926
66 0.503616 0.47235 0.976 0.383641
75 0.50752 0.472062 0.971315 0.389977
53 0.45872 0.509217 0.901824 0.302995
80 0.504397 0.418779 0.977562 0.480415
18 0.950522 0.876728 0.0989569 0.207373
84 0.512493 0.516705 0.975014 0.321429
101 0.593798 0.421947 0.805005 0.474078
68 0.371075 0.542051 0.729658 0.252304
111 0.45872 0.509217 0.901824 0.302995
75 0.506349 0.346198 0.958042 0.607143
52 0.504397 0.418779 0.977562 0.480415
33 0.099064 0.0960541 0.0607072 0.0987903
68 0.765184 0.444412 0.455987 0.419931
12 0.491904 0.105415 0.0374784 0.0207373
42 0.505178 0.395449 0.972877 0.52477
84 0.503616 0.345622 0.969754 0.614055
0 0.091378 0.062788 0.0518744 0.0266417
76 0.501274 0.109447 0.96663 0.218894
49 0.500493 0.410714 0.968192 0.49424
74 0.58521 0.420219 0.80032 0.472926
103 0.498541 0.358007 0.961165 0.59159
76 0.502054 0.0639401 0.963507 0.12788
95 0.593798 0.421947 0.805005 0.474078
67 0.58521 0.420219 0.80032 0.472926
50 0.501274 0.109447 0.96663 0.218894
0 0.332426 0.121976 0.0320128 0.0210253
48 0.502054 0.0639401 0.963507 0.12788
26 0.950522 0.876728 0.0989569 0.207373
33 0.0923052 0.0653802 0.05002 0.0288018
68 0.310563 0.511809 0.607853 0.289747
97 0.502054 0.0639401 0.963507 0.12788
48 0.501274 0.109447 0.96663 0.218894
0 0.099064 0.0960541 0.0607072 0.0987903
75 0.50791 0.0871256 0.951795 0.174251
95 0.633029 0.979551 0.733942 0.0408987
73 0.501274 0.109447 0.96663 0.218894
97 0.500493 0.255472 0.963507 0.510945
33 0.0985516 0.078557 0.063684 0.062356
14 0.950522 0.876728 0.0989569 0.207373
47 0.498541 0.358007 0.961165 0.59159
100 0.501274 0.109447 0.96663 0.218894
50 0.502054 0.0639401 0.963507 0.12788
33 0.332426 0.121976 0.0320128 0.0210253
75 0.58521 0.420219 0.80032 0.472926
73 0.502054 0.0639401 0.963507 0.12788
97 0.628934 0.359951 0.714432 0.584245
42 0.501274 0.109447 0.96663 0.218894
11 0.950522 0.876728 0.0989569 0.207373
20 0.332426 0.121976 0.0320128 0.0210253
101 0.765184 0.444412 0.455987 0.419931
76 0.501274 0.500288 0.976 0.342742
0 0.950522 0.876728 0.0989569 0.207373
74 0.501274 0.109447 0.96663 0.218894
20 0.332426 0.112471 0.0320128 0.0244816
110 0.675392 0.438076 0.641818 0.445276
47 0.499712 0.107215 0.969754 0.21443
68 0.633029 0.979551 0.733942 0.0408987
14 0.091378 0.062788 0.0518744 0.0266417
104 0.593798 0.421947 0.805005 0.474078
109 0.675392 0.438076 0.641818 0.445276
33 0.501274 0.109447 0.96663 0.218894
105 0.633029 0.979551 0.733942 0.0408987
7 0.950522 0.876728 0.0989569 0.207373
12 0.332426 0.112471 0.0320128 0.0244816
46 0.501274 0.109447 0.96663 0.218894
12 0.0924272 0.0574597 0.0530944 0.0210253
21 0.332426 0.121976 0.0320128 0.0210253
102 0.675392 0.438076 0.641818 0.445276
84 0.675392 0.438076 0.641818 0.445276
75 0.50713 0.0570997 0.95648 0.114199
109 0.388838 0.471774 0.755034 0.376728
21 0.091378 0.062788 0.0518744 0.0266417
68 0.661435 0.356279 0.674416 0.589286
68 0.498541 0.358007 0.961165 0.59159
104 0.633029 0.979551 0.733942 0.0408987
95 0.505178 0.47235 0.974438 0.384793
68 0.503616 0.504608 0.969754 0.327189
67 0.503616 0.504608 0.969754 0.327189
56 0.505178 0.47235 0.974438 0.384793
109 0.503616 0.504608 0.969754 0.327189
67 0.501274 0.432532 0.986931 0.452909
103 0.501274 0.432532 0.986931 0.452909
68 0.501274 0.432532 0.986931 0.452909
101 0.503616 0.504608 0.969754 0.327189
104 0.505178 0.47235 0.974438 0.384793
84 0.501274 0.432532 0.986931 0.452909
77 0.503616 0.504608 0.969754 0.327189
109 0.501274 0.432532 0.986931 0.452909
84 0.503616 0.504608 0.969754 0.327189
110 0.503616 0.504608 0.969754 0.327189
111 0.503616 0.504608 0.969754 0.327189
53 0.501274 0.432532 0.986931 0.452909
79 0.501274 0.432532 0.986931 0.452909
111 0.501274 0.432532 0.986931 0.452909
102 0.503616 0.504608 0.969754 0.327189
103 0.503616 0.504608 0.969754 0.327189
54 0.501274 0.432532 0.986931 0.452909
105 0.501664 0.452477 0.987712 0.433756
108 0.505178 0.442684 0.976 0.44182
80 0.505178 0.442684 0.976 0.44182
101 0.501274 0.432532 0.986931 0.452909
110 0.501274 0.432532 0.986931 0.452909
77 0.501274 0.432532 0.986931 0.452909
53 0.503616 0.504608 0.969754 0.327189
81 0.501274 0.432532 0.986931 0.452909
78 0.505178 0.442684 0.976 0.44182
66 0.512205 0.4321 0.96663 0.452621
56 0.500493 0.392929 0.988493 0.548243
52 0.501274 0.432532 0.986931 0.452909
95 0.500493 0.392929 0.988493 0.548243
74 0.512205 0.4321 0.96663 0.452621
97 0.501274 0.432532 0.986931 0.452909
74 0.503616 0.504608 0.969754 0.327189
76 0.503616 0.504608 0.969754 0.327189
97 0.503616 0.504608 0.969754 0.327189
48 0.501274 0.432532 0.986931 0.452909
76 0.501274 0.432532 0.986931 0.452909
79 0.503616 0.504608 0.969754 0.327189
54 0.505958 0.356567 0.977562 0.678571
75 0.512205 0.4321 0.96663 0.452621
66 0.503616 0.504608 0.969754 0.327189
17 0.505178 0.442684 0.976 0.44182
49 0.501274 0.432532 0.986931 0.452909
80 0.505958 0.356567 0.977562 0.678571
68 0.500493 0.494816 0.979123 0.326037
102 0.500493 0.494816 0.979123 0.326037
101 0.500493 0.494816 0.979123 0.326037
77 0.502835 0.46803 0.965069 0.381912
67 0.502835 0.46803 0.965069 0.381912
109 0.502835 0.46803 0.965069 0.381912
110 0.502835 0.46803 0.965069 0.381912
68 0.504397 0.398618 0.96663 0.538018
102 0.504397 0.398618 0.96663 0.538018
101 0.504397 0.398618 0.96663 0.538018
111 0.502835 0.448445 0.96663 0.424539
5 0.332621 0.124856 0.0335744 0.0331221
95 0.502835 0.46803 0.965069 0.381912
0 0.332621 0.124856 0.0335744 0.0331221
12 0.332621 0.124856 0.0335744 0.0331221
84 0.493466 0.452477 0.983808 0.415323
33 0.332621 0.124856 0.0335744 0.0331221
32 0.332621 0.124856 0.0335744 0.0331221
3 0.332621 0.124856 0.0335744 0.0331221
5 0.0904752 0.06322 0.047824 0.03125
20 0.332621 0.124856 0.0335744 0.0331221
0 0.333792 0.120968 0.03904 0.0288018
53 0.495027 0.448733 0.983808 0.432028
12 0.333792 0.120968 0.03904 0.0288018
5 0.333792 0.120968 0.03904 0.0288018
77 0.49737 0.365495 0.980685 0.605415
0 0.0904752 0.06322 0.047824 0.03125
33 0.333792 0.120968 0.03904 0.0288018
7 0.332621 0.124856 0.0335744 0.0331221
33 0.0904752 0.06322 0.047824 0.03125
4 0.332621 0.124856 0.0335744 0.0331221
12 0.0904752 0.06322 0.047824 0.03125
67 0.49737 0.365495 0.980685 0.605415
14 0.332621 0.124856 0.0335744 0.0331221
32 0.0904752 0.06322 0.047824 0.03125
18 0.332621 0.124856 0.0335744 0.0331221
109 0.49737 0.365495 0.980685 0.605415
50 0.502835 0.448445 0.96663 0.424539
15 0.332621 0.124856 0.0335744 0.0331221
3 0.333792 0.120968 0.03904 0.0288018
8 0.332621 0.124856 0.0335744 0.0331221
16 0.332621 0.124856 0.0335744 0.0331221
3 0.0904752 0.06322 0.047824 0.03125
5 0.0953552 0.0717166 0.067344 0.0486751
67 0.498541 0.465726 0.979904 0.376152
68 0.498541 0.465726 0.979904 0.376152
102 0.505958 0.483295 0.965069 0.34447
101 0.498541 0.465726 0.979904 0.376152
111 0.498541 0.465726 0.979904 0.376152
77 0.505958 0.483295 0.965069 0.34447
110 0.505958 0.483295 0.965069 0.34447
109 0.505958 0.483295 0.965069 0.34447
53 0.498931 0.43138 0.980685 0.445997
52 0.498931 0.43138 0.980685 0.445997
48 0.498931 0.43138 0.980685 0.445997
84 0.498931 0.43138 0.980685 0.445997
95 0.498541 0.465726 0.979904 0.376152
111 0.49737 0.379608 0.980685 0.570276
49 0.505958 0.483295 0.965069 0.34447
99 0.505958 0.483295 0.965069 0.34447
47 0.498931 0.43138 0.980685 0.445997
73 0.498931 0.43138 0.980685 0.445997
18 0.953645 0.873272 0.0927104 0.195852
50 0.505958 0.483295 0.965069 0.34447
68 0.490342 0.492223 0.969754 0.34159
84 0.504397 0.440956 0.974438 0.445276
52 0.504397 0.444988 0.974438 0.438364
67 0.491514 0.480991 0.972096 0.370968
109 0.490342 0.492223 0.969754 0.34159
95 0.49815 0.486463 0.983808 0.356567
56 0.506349 0.463422 0.975219 0.404954
103 0.506349 0.463422 0.975219 0.404954
53 0.503616 0.451037 0.976 0.426267
111 0.491514 0.480991 0.972096 0.370968
101 0.490342 0.492223 0.969754 0.34159
77 0.490342 0.492223 0.969754 0.34159
54 0.503616 0.451037 0.976 0.426267
33 0.0899872 0.061996 0.0499712 0.0228975
32 0.0899872 0.061996 0.0499712 0.0228975
0 0.0899872 0.061996 0.0499712 0.0228975
8 0.0899872 0.061996 0.0499712 0.0228975
105 0.506349 0.463422 0.975219 0.404954
7 0.0899872 0.061996 0.0499712 0.0228975
16 0.0899872 0.061996 0.0499712 0.0228975
5 0.0899872 0.061996 0.0499712 0.0228975
97 0.505958 0.440596 0.974438 0.448301
80 0.503616 0.451037 0.976 0.426267
111 0.500102 0.414171 0.979904 0.526498
68 0.49737 0.489055 0.972877 0.354839
67 0.49815 0.476382 0.971315 0.367512
101 0.49737 0.489055 0.972877 0.354839
102 0.49737 0.489055 0.972877 0.354839
53 0.501664 0.447005 0.964288 0.432028
77 0.50752 0.452765 0.957261 0.418203
84 0.513766 0.448085 0.952576 0.435628
111 0.501664 0.447005 0.964288 0.432028
109 0.50752 0.452765 0.957261 0.418203
110 0.50752 0.452765 0.957261 0.418203
48 0.495418 0.432676 0.961165 0.460685
95 0.50752 0.452765 0.957261 0.418203
52 0.511424 0.449885 0.949453 0.43894
54 0.513766 0.448085 0.952576 0.435628
97 0.513766 0.448085 0.952576 0.435628
50 0.50752 0.452765 0.957261 0.418203
56 0.511424 0.449885 0.949453 0.43894
4 0.246147 0.174251 0.358778 0.104263
103 0.511424 0.449885 0.949453 0.43894
48 0.498931 0.502304 0.988493 0.33871
49 0.50752 0.452765 0.957261 0.418203
47 0.513766 0.448085 0.952576 0.435628
68 0.488781 0.512673 0.972877 0.297235
68 0.495027 0.44326 0.983808 0.440668
67 0.505958 0.458525 0.971315 0.407834
101 0.493466 0.506912 0.974438 0.31106
77 0.505958 0.458525 0.971315 0.407834
102 0.493466 0.506912 0.974438 0.31106
111 0.490733 0.46227 0.981466 0.404954
109 0.490733 0.46227 0.981466 0.404954
101 0.495027 0.44326 0.983808 0.440668
95 0.490733 0.46227 0.981466 0.404954
102 0.495027 0.44326 0.983808 0.440668
67 0.472774 0.508641 0.945549 0.302995
84 0.495027 0.44326 0.983808 0.440668
110 0.505958 0.458525 0.971315 0.407834
32 0.330669 0.119384 0.0343552 0.0230415
0 0.330669 0.119384 0.0343552 0.0230415
77 0.472774 0.508641 0.945549 0.302995
53 0.495027 0.44326 0.983808 0.440668
4 0.330669 0.119384 0.0343552 0.0230415
3 0.330669 0.119384 0.0343552 0.0230415
5 0.330669 0.119384 0.0343552 0.0230415
7 0.330669 0.119384 0.0343552 0.0230415
84 0.502054 0.0800691 0.979123 0.160138
8 0.330669 0.119384 0.0343552 0.0230415
52 0.495027 0.44326 0.983808 0.440668
111 0.502054 0.0800691 0.979123 0.160138
33 0.330669 0.119384 0.0343552 0.0230415
77 0.502054 0.0800691 0.979123 0.160138
77 0.49815 0.487903 0.969754 0.351382
109 0.49737 0.49712 0.968192 0.334101
111 0.499322 0.464286 0.972096 0.407834
110 0.501274 0.494816 0.968192 0.337558
68 0.495808 0.476671 0.968192 0.38076
101 0.499322 0.464286 0.972096 0.407834
84 0.501274 0.494816 0.968192 0.337558
99 0.501274 0.494816 0.968192 0.337558
102 0.501274 0.480703 0.971315 0.372696
48 0.501274 0.480703 0.971315 0.372696
67 0.499322 0.464286 0.972096 0.407834
0 0.332621 0.128888 0.031232 0.0437788
73 0.501274 0.480703 0.971315 0.372696
76 0.498931 0.491647 0.969754 0.342742
8 0.332621 0.128888 0.031232 0.0437788
49 0.501274 0.480703 0.971315 0.372696
75 0.501274 0.494816 0.968192 0.337558
50 0.501274 0.480703 0.971315 0.372696
5 0.332621 0.128888 0.031232 0.0437788
17 0.332621 0.128888 0.031232 0.0437788
100 0.499322 0.464286 0.972096 0.407834
0 0.0896944 0.062356 0.0464576 0.0319701
53 0.501274 0.480703 0.971315 0.372696
33 0.33223 0.124136 0.033184 0.0328341
0 0.332426 0.117656 0.0324032 0.0322581
47 0.501274 0.480703 0.971315 0.372696
32 0.332621 0.128888 0.031232 0.0437788
3 0.332621 0.128888 0.031232 0.0437788
20 0.332621 0.128888 0.031232 0.0437788
56 0.499322 0.464286 0.972096 0.407834
33 0.33223 0.150058 0.0308416 0.0812212
7 0.332621 0.128888 0.031232 0.0437788
103 0.499322 0.464286 0.972096 0.407834
16 0.33223 0.124136 0.033184 0.0328341
8 0.332426 0.117656 0.0324032 0.0322581
14 0.33223 0.124136 0.033184 0.0328341
6 0.332621 0.128888 0.031232 0.0437788
4 0.332621 0.128888 0.031232 0.0437788
33 0.332426 0.117656 0.0324032 0.0322581
46 0.499322 0.464286 0.972096 0.407834
10 0.332621 0.128888 0.031232 0.0437788
8 0.0905728 0.0587558 0.047824 0.0264977
12 0.332621 0.128888 0.031232 0.0437788
68 0.49815 0.482143 0.979123 0.353687
67 0.489171 0.479551 0.962726 0.358871
102 0.49815 0.485887 0.977562 0.351959
77 0.49815 0.485887 0.977562 0.351959
101 0.49815 0.485887 0.977562 0.351959
111 0.489171 0.479551 0.962726 0.358871
53 0.49815 0.485887 0.977562 0.351959
7 0.33184 0.120248 0.0335744 0.0244816
33 0.33184 0.120248 0.0335744 0.0244816
13 0.951014 0.87212 0.0874496 0.192396
20 0.332816 0.118664 0.0324032 0.0264977
109 0.495808 0.481855 0.979123 0.351959
48 0.49815 0.485887 0.977562 0.351959
0 0.33184 0.120248 0.0335744 0.0244816
12 0.332816 0.118664 0.0324032 0.0264977
4 0.951014 0.87212 0.0874496 0.192396
12 0.951014 0.87212 0.0874496 0.192396
14 0.33184 0.120248 0.0335744 0.0244816
7 0.10697 0.115243 0.0581696 0.093822
7 0.0915488 0.062068 0.0503616 0.0253456
77 0.504397 0.450461 0.982246 0.419355
68 0.496979 0.451613 0.961165 0.417051
67 0.496979 0.451613 0.961165 0.417051
111 0.496198 0.449381 0.959603 0.427275
101 0.498931 0.461118 0.961946 0.409562
109 0.504397 0.450461 0.982246 0.419355
102 0.504397 0.463998 0.980685 0.399194
110 0.504397 0.463998 0.980685 0.399194
84 0.504006 0.444988 0.981466 0.431452
48 0.504006 0.444988 0.981466 0.431452
53 0.504006 0.444988 0.981466 0.431452
52 0.504006 0.444988 0.981466 0.431452
56 0.496198 0.449381 0.959603 0.427275
33 0.09821 0.109699 0.0686616 0.123344
50 0.504397 0.463998 0.980685 0.399194
54 0.504006 0.444988 0.981466 0.431452
5 0.089792 0.0642281 0.0464576 0.031394
95 0.496198 0.449381 0.959603 0.427275
7 0.089792 0.0642281 0.0464576 0.031394
0 0.089792 0.0642281 0.0464576 0.031394
33 0.089792 0.0642281 0.0464576 0.031394
73 0.504006 0.444988 0.981466 0.431452
33 0.0909876 0.0725806 0.0510936 0.0495392
16 0.089792 0.0642281 0.0464576 0.031394
49 0.504006 0.444988 0.981466 0.431452
8 0.089792 0.0642281 0.0464576 0.031394
33 0.107946 0.112327 0.0523136 0.108295
76 0.504397 0.463998 0.980685 0.399194
47 0.504006 0.444988 0.981466 0.431452
99 0.504006 0.444988 0.981466 0.431452
0 0.0899628 0.0574597 0.0465064 0.0221774
7 0.09821 0.109699 0.0686616 0.123344
67 0.505466 0.467454 0.989069 0.383065
68 0.505466 0.467454 0.989069 0.383065
77 0.511814 0.464286 0.968973 0.389401
101 0.511814 0.464286 0.968973 0.389401
53 0.510643 0.464574 0.969754 0.398041
111 0.510643 0.464574 0.969754 0.398041
102 0.511814 0.464286 0.968973 0.389401
52 0.510643 0.464574 0.969754 0.398041
48 0.504397 0.457949 0.983808 0.412442
84 0.510643 0.464574 0.969754 0.398041
109 0.511814 0.464286 0.968973 0.389401
110 0.505958 0.46371 0.983808 0.390553
68 0.49737 0.495392 0.983808 0.336406
67 0.501274 0.480991 0.958822 0.355991
101 0.501274 0.480991 0.958822 0.355991
77 0.501274 0.480991 0.958822 0.355991
111 0.501274 0.480991 0.958822 0.355991
102 0.501274 0.480991 0.958822 0.355991
109 0.501274 0.480991 0.958822 0.355991
53 0.501274 0.480991 0.958822 0.355991
84 0.501274 0.480991 0.958822 0.355991
95 0.49737 0.475518 0.957261 0.370392
48 0.501274 0.480991 0.958822 0.355991
110 0.501274 0.480991 0.958822 0.355991
52 0.501274 0.480991 0.958822 0.355991
33 0.331059 0.124136 0.0343552 0.0201613
68 0.495027 0.488191 0.980685 0.351959
67 0.489562 0.490207 0.968192 0.349078
109 0.516499 0.487903 0.940864 0.341014
102 0.50752 0.490207 0.961946 0.341014
53 0.50752 0.490207 0.961946 0.341014
101 0.505958 0.488479 0.968192 0.343318
77 0.505958 0.488479 0.968192 0.343318
111 0.516499 0.487903 0.940864 0.341014
95 0.516499 0.487903 0.940864 0.341014
84 0.516499 0.487903 0.940864 0.341014
110 0.516499 0.487903 0.940864 0.341014
68 0.496589 0.489919 0.968192 0.342742
67 0.493466 0.484735 0.974438 0.34735
53 0.493466 0.484735 0.974438 0.34735
101 0.493466 0.484735 0.974438 0.34735
77 0.493466 0.484735 0.974438 0.34735
102 0.493466 0.484735 0.974438 0.34735
67 0.493466 0.464862 0.971315 0.390553
68 0.493466 0.464862 0.971315 0.390553
53 0.508301 0.480991 0.96663 0.367512
111 0.508301 0.480991 0.96663 0.367512
77 0.508301 0.480991 0.96663 0.367512
52 0.508301 0.480991 0.96663 0.367512
102 0.508301 0.480991 0.96663 0.367512
101 0.506739 0.482143 0.972877 0.355991
48 0.490733 0.464286 0.967411 0.39977
12 0.332426 0.117512 0.0324032 0.0207373
0 0.332426 0.117512 0.0324032 0.0207373
32 0.332426 0.117512 0.0324032 0.0207373
84 0.508301 0.480991 0.96663 0.367512
5 0.333402 0.118664 0.0320128 0.0167051
4 0.332426 0.117512 0.0324032 0.0207373
110 0.508301 0.480991 0.96663 0.367512
54 0.508301 0.480991 0.96663 0.367512
109 0.508301 0.480991 0.96663 0.367512
18 0.332426 0.117512 0.0324032 0.0207373
3 0.332426 0.117512 0.0324032 0.0207373
33 0.333402 0.118664 0.0320128 0.0167051
8 0.332426 0.117512 0.0324032 0.0207373
20 0.332426 0.117512 0.0324032 0.0207373
21 0.332426 0.117512 0.0324032 0.0207373
14 0.333402 0.118664 0.0320128 0.0167051
7 0.333402 0.118664 0.0320128 0.0167051
97 0.508301 0.480991 0.96663 0.367512
67 0.491123 0.460829 0.979123 0.395161
68 0.491123 0.460829 0.979123 0.395161
53 0.505958 0.467166 0.974438 0.380184
111 0.495027 0.458813 0.988493 0.398041
77 0.505958 0.458525 0.971315 0.396313
102 0.505958 0.458525 0.971315 0.396313
0 0.33184 0.121688 0.035136 0.0210253
101 0.505958 0.458525 0.971315 0.396313
8 0.33184 0.121688 0.035136 0.0210253
109 0.505958 0.458525 0.971315 0.396313
0 0.329888 0.121256 0.0304512 0.016129
32 0.33184 0.121688 0.035136 0.0210253
8 0.329888 0.121256 0.0304512 0.016129
20 0.329888 0.121256 0.0304512 0.016129
84 0.505958 0.467166 0.974438 0.380184
4 0.33184 0.121688 0.035136 0.0210253
52 0.505958 0.458525 0.971315 0.396313
20 0.33184 0.121688 0.035136 0.0210253
4 0.329888 0.121256 0.0304512 0.016129
32 0.329888 0.121256 0.0304512 0.016129
6 0.33184 0.121688 0.035136 0.0210253
25 0.33184 0.121688 0.035136 0.0210253
110 0.505958 0.458525 0.971315 0.396313
8 0.0906704 0.0643721 0.0488 0.0282258
5 0.33184 0.121688 0.035136 0.0210253
12 0.329888 0.121256 0.0304512 0.016129
7 0.33184 0.121688 0.035136 0.0210253
0 0.0880352 0.0639401 0.0488 0.0270737
5 0.329888 0.121256 0.0304512 0.016129
17 0.329888 0.121256 0.0304512 0.016129
25 0.329888 0.121256 0.0304512 0.016129
6 0.329888 0.121256 0.0304512 0.016129
12 0.33184 0.121688 0.035136 0.0210253
17 0.33223 0.123272 0.0335744 0.0195852
7 0.329888 0.121256 0.0304512 0.016129
8 0.090768 0.0583957 0.0493856 0.0233295
33 0.33184 0.132632 0.0335744 0.0426267
3 0.33184 0.121688 0.035136 0.0210253
109 0.491123 0.894585 0.938522 0.210829
95 0.505958 0.467166 0.974438 0.380184
109 0.49737 0.031862 0.988493 0.0637241
3 0.329888 0.121256 0.0304512 0.016129
14 0.329888 0.121256 0.0304512 0.016129
33 0.33223 0.123272 0.0335744 0.0195852
109 0.49815 0.133929 0.990054 0.267857
67 0.508301 0.477246 0.965069 0.358871
68 0.493466 0.472638 0.974438 0.371544
111 0.508691 0.478111 0.96585 0.358295
53 0.50752 0.483295 0.961946 0.35023
77 0.508691 0.478111 0.96585 0.358295
56 0.496589 0.475518 0.980685 0.362327
101 0.50752 0.483295 0.961946 0.35023
102 0.50752 0.483295 0.961946 0.35023
109 0.508691 0.478111 0.96585 0.358295
16 0.362291 1 0.57623 0
52 0.50752 0.483295 0.961946 0.35023
48 0.496589 0.475518 0.980685 0.362327
20 0.332621 0.1178 0.035136 0.0207373
16 0.251027 1 0.480192 0
15 0.362291 1 0.57623 0
84 0.50752 0.483295 0.961946 0.35023
19 0.362291 1 0.57623 0
16 0.485658 0.999712 0.605901 0.000576052
67 0.485658 0.474366 0.968192 0.373848
68 0.488 0.480127 0.972877 0.351959
53 0.504397 0.450461 0.969754 0.418203
52 0.504397 0.450461 0.969754 0.418203
77 0.495418 0.477535 0.989273 0.358295
111 0.504397 0.450461 0.969754 0.418203
32 0.33223 0.122696 0.0320128 0.0241935
102 0.505178 0.468894 0.972877 0.375576
0 0.33223 0.122696 0.0320128 0.0241935
20 0.33223 0.122696 0.0320128 0.0241935
4 0.33223 0.122696 0.0320128 0.0241935
33 0.33223 0.122696 0.0320128 0.0241935
7 0.33223 0.122696 0.0320128 0.0241935
8 0.33223 0.122696 0.0320128 0.0241935
84 0.504397 0.450461 0.969754 0.418203
6 0.33223 0.122696 0.0320128 0.0241935
5 0.33223 0.122696 0.0320128 0.0241935
33 0.333206 0.146601 0.0355264 0.0771889
101 0.495418 0.477535 0.989273 0.358295
68 0.489952 0.474654 0.972096 0.376728
67 0.50713 0.47523 0.968973 0.373272
53 0.505568 0.478111 0.964288 0.367512
25 0.33184 0.126728 0.0327936 0.0293779
77 0.508301 0.479263 0.972877 0.365207
25 0.330864 0.139401 0.0324032 0.0573157
7 0.33184 0.126728 0.0327936 0.0293779
111 0.508301 0.479263 0.972877 0.365207
25 0.331059 0.122984 0.0316224 0.0192972
0 0.33184 0.126728 0.0327936 0.0293779
3 0.33184 0.126728 0.0327936 0.0293779
16 0.021228 0.481567 0.0384544 0.0380184
4 0.33184 0.126728 0.0327936 0.0293779
5 0.33184 0.126728 0.0327936 0.0293779
25 0.332035 0.145881 0.033184 0.0769009
15 0.0276696 0.513825 0.0514352 0.0679724
15 0.021228 0.481567 0.0384544 0.0380184
3 0.331059 0.122984 0.0316224 0.0192972
0 0.0902068 0.0655242 0.0483608 0.0293779
16 0.0276696 0.513825 0.0514352 0.0679724
7 0.330864 0.139401 0.0324032 0.0573157
7 0.331059 0.122984 0.0316224 0.0192972
12 0.331059 0.122984 0.0316224 0.0192972
3 0.330864 0.139401 0.0324032 0.0573157
33 0.332621 0.147177 0.0366976 0.0858295
102 0.489952 0.474654 0.972096 0.376728
4 0.331059 0.122984 0.0316224 0.0192972
0 0.330864 0.139401 0.0324032 0.0573157
6 0.33184 0.126728 0.0327936 0.0293779
0 0.331059 0.122984 0.0316224 0.0192972
12 0.0310246 0.517857 0.0587796 0.078341
16 0.0170556 0.477247 0.0288408 0.0374424
16 0.0291336 0.494816 0.0553392 0.0610599
18 0.0276696 0.513825 0.0514352 0.0679724
101 0.489952 0.474654 0.972096 0.376728
7 0.332035 0.145881 0.033184 0.0769009
20 0.331059 0.122984 0.0316224 0.0192972
18 0.021228 0.481567 0.0384544 0.0380184
25 0.0896944 0.06322 0.0462624 0.0262097
32 0.33184 0.126728 0.0327936 0.0293779
31 0.33184 0.126728 0.0327936 0.0293779
15 0.0170556 0.477247 0.0288408 0.0374424
7 0.0896944 0.06322 0.0462624 0.0262097
5 0.331059 0.122984 0.0316224 0.0192972
20 0.33184 0.126728 0.0327936 0.0293779
5 0.330864 0.139401 0.0324032 0.0573157
18 0.0291336 0.494816 0.0553392 0.0610599
8 0.33184 0.126728 0.0327936 0.0293779
15 0.0291336 0.494816 0.0553392 0.0610599
14 0.331059 0.122984 0.0316224 0.0192972
0 0.0900848 0.0581797 0.0452864 0.0236175
52 0.508301 0.479263 0.972877 0.365207
8 0.330864 0.139401 0.0324032 0.0573157
12 0.33184 0.126728 0.0327936 0.0293779
3 0.332035 0.145881 0.033184 0.0769009
18 0.0170556 0.477247 0.0288408 0.0374424
6 0.330864 0.139401 0.0324032 0.0573157
32 0.331059 0.122984 0.0316224 0.0192972
1 0.33184 0.126728 0.0327936 0.0293779
6 0.331059 0.122984 0.0316224 0.0192972
7 0.0900848 0.0581797 0.0452864 0.0236175
8 0.331059 0.122984 0.0316224 0.0192972
84 0.508301 0.479263 0.972877 0.365207
32 0.330864 0.139401 0.0324032 0.0573157
4 0.330864 0.139401 0.0324032 0.0573157
68 0.504397 0.483583 0.972877 0.350806
67 0.488781 0.484735 0.977562 0.350806
53 0.502054 0.487039 0.974438 0.348502
111 0.496589 0.482719 0.993178 0.352535
77 0.505178 0.483583 0.972877 0.350806
0 0.332621 0.118664 0.0304512 0.0169931
109 0.505178 0.483583 0.972877 0.350806
0 0.0909388 0.0609159 0.0476776 0.0230415
20 0.332621 0.118664 0.0304512 0.0169931
84 0.496589 0.482719 0.993178 0.352535
0 0.0900848 0.0562356 0.0443104 0.0185772
8 0.332621 0.118664 0.0304512 0.0169931
8 0.0909388 0.0609159 0.0476776 0.0230415
102 0.502054 0.487039 0.974438 0.348502
8 0.0906704 0.0551555 0.046848 0.0172811
3 0.332621 0.118664 0.0304512 0.0169931
5 0.332621 0.118664 0.0304512 0.0169931
101 0.505178 0.483583 0.972877 0.350806
67 0.488 0.484159 0.958822 0.356567
68 0.490733 0.480415 0.964288 0.370968
111 0.505178 0.474366 0.960384 0.372696
77 0.505178 0.474366 0.960384 0.372696
53 0.504397 0.464862 0.960384 0.391705
0 0.33184 0.118664 0.0304512 0.0178571
77 0.427878 0.903226 0.660557 0.193548
12 0.0279624 0.529954 0.0520208 0.0518433
20 0.33184 0.118664 0.0304512 0.0178571
102 0.504397 0.464862 0.960384 0.391705
101 0.504397 0.464862 0.960384 0.391705
33 0.33184 0.119672 0.0320128 0.0192972
8 0.33184 0.118664 0.0304512 0.0178571
84 0.495808 0.480991 0.979123 0.359447
77 0.395963 0.827189 0.73688 0.345622
67 0.493075 0.470334 0.975219 0.376152
111 0.502054 0.480415 0.961946 0.355991
68 0.495418 0.483871 0.983027 0.346774
77 0.502835 0.474366 0.965069 0.368088
53 0.495027 0.470046 0.980685 0.376728
109 0.492685 0.488191 0.98537 0.34159
56 0.493075 0.470334 0.975219 0.376152
52 0.495027 0.470046 0.980685 0.376728
84 0.502054 0.480415 0.961946 0.355991
110 0.492685 0.488191 0.98537 0.34159
6 0.502054 0.480415 0.961946 0.355991
0 0.33184 0.120104 0.031232 0.0138249
101 0.502835 0.474366 0.965069 0.368088
48 0.495027 0.470046 0.980685 0.376728
102 0.502835 0.474366 0.965069 0.368088
67 0.486438 0.466014 0.972877 0.385945
111 0.490733 0.470334 0.976781 0.373848
68 0.491123 0.464862 0.976 0.383641
77 0.500493 0.471774 0.960384 0.370968
53 0.491123 0.464862 0.976 0.383641
109 0.502054 0.467166 0.960384 0.381336
56 0.484877 0.46659 0.969754 0.382488
101 0.500493 0.471774 0.960384 0.370968
84 0.490733 0.470334 0.976781 0.373848
102 0.491123 0.472638 0.982246 0.366935
110 0.500493 0.471774 0.960384 0.370968
48 0.491123 0.464862 0.976 0.383641
6 0.502054 0.467166 0.960384 0.381336
67 0.487219 0.468606 0.971315 0.388825
111 0.502054 0.476094 0.963507 0.365783
68 0.493856 0.47523 0.976781 0.373272
53 0.503226 0.475518 0.962726 0.371544
109 0.502054 0.476094 0.963507 0.365783
77 0.502054 0.476094 0.963507 0.365783
84 0.502054 0.476094 0.963507 0.365783
56 0.492685 0.468894 0.977562 0.380184
0 0.332621 0.121544 0.0335744 0.0184332
33 0.100528 0.109879 0.0675392 0.120392
52 0.503226 0.475518 0.962726 0.371544
101 0.493856 0.47523 0.976781 0.373272
95 0.502054 0.476094 0.963507 0.365783
0 0.0887916 0.0633641 0.0496296 0.0269297
7 0.332621 0.121544 0.0335744 0.0184332
68 0.500493 0.464862 0.976 0.394009
67 0.501664 0.470334 0.979904 0.386521
111 0.50791 0.459965 0.964288 0.407258
77 0.50791 0.459965 0.964288 0.407258
109 0.50752 0.457949 0.958822 0.406682
0 0.332621 0.12212 0.0327936 0.0195852
84 0.500493 0.464862 0.976 0.394009
53 0.501664 0.470334 0.979904 0.386521
32 0.332621 0.12212 0.0327936 0.0195852
33 0.332621 0.12212 0.0327936 0.0195852
33 0.333597 0.138249 0.033184 0.0650922
95 0.500493 0.464862 0.976 0.394009
20 0.332621 0.12212 0.0327936 0.0195852
8 0.332621 0.12212 0.0327936 0.0195852
7 0.332621 0.12212 0.0327936 0.0195852
110 0.50791 0.459965 0.964288 0.407258
6 0.50791 0.459965 0.964288 0.407258
102 0.500493 0.464862 0.976 0.394009
14 0.33184 0.121256 0.0320128 0.0172811
67 0.506739 0.461406 0.96663 0.39977
68 0.499712 0.477535 0.977562 0.365207
111 0.506739 0.461406 0.96663 0.39977
53 0.506739 0.461406 0.96663 0.39977
77 0.506739 0.461406 0.96663 0.39977
84 0.506739 0.472638 0.969754 0.376152
95 0.498541 0.482143 0.981466 0.354839
109 0.506739 0.461406 0.96663 0.39977
68 0.496198 0.473502 0.987712 0.375576
67 0.489562 0.47235 0.972877 0.37788
53 0.495027 0.476382 0.983808 0.37212
77 0.495027 0.476382 0.983808 0.37212
111 0.503226 0.480127 0.972096 0.366935
95 0.495027 0.476382 0.983808 0.37212
109 0.503226 0.480127 0.972096 0.366935
84 0.495027 0.476382 0.983808 0.37212
101 0.495808 0.475806 0.988493 0.37212
67 0.488 0.475806 0.972877 0.374424
111 0.501274 0.471774 0.963507 0.383641
109 0.498931 0.483295 0.982246 0.358295
84 0.502835 0.47235 0.963507 0.380184
68 0.491123 0.477823 0.979123 0.366935
77 0.501274 0.471774 0.963507 0.383641
56 0.491123 0.479839 0.980685 0.362903
53 0.488 0.476959 0.972877 0.369816
95 0.491123 0.479839 0.980685 0.362903
67 0.492685 0.476382 0.976 0.375576
68 0.492685 0.476382 0.976 0.375576
109 0.49737 0.449885 0.986931 0.427419
111 0.49737 0.449885 0.986931 0.427419
77 0.49737 0.449885 0.986931 0.427419
84 0.502054 0.452765 0.957261 0.422811
20 0.33145 0.11924 0.031232 0.0138249
0 0.33145 0.11924 0.031232 0.0138249
56 0.502835 0.463134 0.958822 0.396313
95 0.492685 0.476382 0.976 0.375576
32 0.33145 0.11924 0.031232 0.0138249
68 0.504397 0.477535 0.961946 0.368664
67 0.49737 0.473214 0.979123 0.375
77 0.506739 0.474078 0.965069 0.373272
109 0.504397 0.477535 0.961946 0.368664
111 0.506739 0.474078 0.965069 0.373272
0 0.332621 0.121544 0.031232 0.0201613
101 0.504397 0.477535 0.961946 0.368664
20 0.332621 0.120392 0.031232 0.0178571
102 0.504397 0.477535 0.961946 0.368664
8 0.332621 0.121544 0.031232 0.0201613
32 0.332621 0.121544 0.031232 0.0201613
53 0.504397 0.477535 0.961946 0.368664
6 0.332621 0.121544 0.031232 0.0201613
33 0.332621 0.121544 0.031232 0.0201613
84 0.506739 0.474078 0.965069 0.373272
8 0.0887916 0.0646601 0.0465064 0.030674
95 0.49737 0.473214 0.979123 0.375
21 0.332621 0.120392 0.031232 0.0178571
17 0.332621 0.121544 0.031232 0.0201613
25 0.332621 0.121544 0.031232 0.0201613
12 0.332621 0.120392 0.031232 0.0178571
7 0.0887916 0.0646601 0.0465064 0.030674
14 0.332621 0.120392 0.031232 0.0178571
67 0.484877 0.472638 0.96663 0.379608
111 0.501664 0.464862 0.964288 0.395161
68 0.484877 0.472638 0.96663 0.379608
84 0.501664 0.464862 0.964288 0.395161
56 0.491123 0.472926 0.982246 0.379032
77 0.492685 0.479839 0.976 0.364055
53 0.492685 0.479839 0.976 0.364055
0 0.332621 0.120104 0.031232 0.0224654
109 0.501664 0.464862 0.964288 0.395161
52 0.501664 0.464862 0.964288 0.395161
95 0.492685 0.479839 0.976 0.364055
68 0.494246 0.478399 0.976 0.366935
67 0.492294 0.479839 0.983027 0.360599
77 0.491904 0.480415 0.983808 0.367512
111 0.491123 0.483295 0.979123 0.352535
33 0.332621 0.12284 0.0296704 0.0244816
0 0.332426 0.119816 0.0300608 0.0213134
53 0.491904 0.480415 0.983808 0.367512
32 0.332426 0.119816 0.0300608 0.0213134
7 0.332426 0.119816 0.0300608 0.0213134
101 0.491123 0.483295 0.979123 0.352535
102 0.491904 0.480415 0.983808 0.367512
8 0.332621 0.12284 0.0296704 0.0244816
68 0.496589 0.482719 0.98537 0.352535
67 0.496589 0.482719 0.98537 0.352535
111 0.49737 0.460541 0.98537 0.394585
84 0.495418 0.478399 0.98615 0.361175
109 0.49737 0.453629 0.98537 0.410714
53 0.496589 0.482719 0.98537 0.352535
77 0.49737 0.453629 0.98537 0.410714
7 0.333011 0.11924 0.0320128 0.014977
110 0.49737 0.453629 0.98537 0.410714
95 0.495418 0.478399 0.98615 0.361175
6 0.333011 0.11924 0.0320128 0.014977
32 0.333011 0.11924 0.0320128 0.014977
67 0.502054 0.457373 0.960384 0.406682
68 0.493466 0.485599 0.977562 0.353687
111 0.504397 0.460829 0.955699 0.403226
77 0.504397 0.460829 0.955699 0.403226
53 0.493466 0.485599 0.977562 0.353687
84 0.504397 0.460829 0.955699 0.403226
56 0.491514 0.485599 0.983027 0.349078
109 0.504397 0.460829 0.955699 0.403226
95 0.491514 0.485599 0.983027 0.349078
67 0.500493 0.453629 0.965069 0.410714
68 0.491123 0.472926 0.972877 0.375576
111 0.501274 0.454493 0.965069 0.408986
84 0.501274 0.454493 0.965069 0.408986
53 0.494637 0.472926 0.978342 0.374424
77 0.501274 0.454493 0.965069 0.408986
0 0.332426 0.118664 0.033184 0.0167051
32 0.332426 0.118664 0.033184 0.0167051
6 0.332426 0.118664 0.033184 0.0167051
109 0.501274 0.454493 0.965069 0.408986
68 0.492685 0.487039 0.98537 0.345046
67 0.489171 0.480415 0.962726 0.361751
111 0.501664 0.474078 0.958042 0.373272
77 0.500102 0.479839 0.958041 0.359447
84 0.491904 0.483007 0.972877 0.353111
53 0.501664 0.474078 0.958042 0.373272
48 0.500102 0.479839 0.958041 0.359447
109 0.500102 0.479839 0.958041 0.359447
0 0.332621 0.120104 0.0327936 0.0207373
56 0.488781 0.482143 0.965069 0.357143
102 0.492685 0.487039 0.98537 0.345046
7 0.332621 0.120104 0.0327936 0.0207373
101 0.501664 0.474078 0.958042 0.373272
16 0.982246 0.792627 0.0343552 0.170507
52 0.491904 0.483007 0.972877 0.353111
16 0.980685 0.828917 0.0374784 0.240783
67 0.49737 0.483871 0.982246 0.35023
111 0.493466 0.488479 0.980685 0.342166
77 0.495808 0.487903 0.983808 0.343318
68 0.496979 0.486175 0.983027 0.346774
84 0.493466 0.488479 0.980685 0.342166
53 0.495808 0.487903 0.983808 0.343318
109 0.493466 0.488479 0.980685 0.342166
0 0.08845 0.0560916 0.0428952 0.0188652
56 0.493466 0.488479 0.980685 0.342166
52 0.495808 0.487903 0.983808 0.343318
67 0.503616 0.464286 0.958822 0.389401
68 0.491514 0.485599 0.964288 0.347926
111 0.491123 0.483871 0.982246 0.352535
77 0.491123 0.483871 0.982246 0.352535
84 0.502835 0.467454 0.958822 0.386521
0 0.332621 0.119672 0.0324032 0.0164171
109 0.491123 0.483871 0.982246 0.352535
32 0.332621 0.119672 0.0324032 0.0164171
53 0.491123 0.483871 0.982246 0.352535
20 0.331645 0.119672 0.0324032 0.0190092
33 0.331645 0.119672 0.0324032 0.0190092
95 0.49737 0.485599 0.971315 0.349078
32 0.330669 0.116071 0.0445056 0.0213134
5 0.332621 0.119672 0.0324032 0.0164171
6 0.332621 0.119672 0.0324032 0.0164171
0 0.0896944 0.062356 0.0470432 0.0259217
0 0.090402 0.0581797 0.0483608 0.0224654
16 0.979123 0.821429 0.0374784 0.258065
3 0.332621 0.119672 0.0324032 0.0164171
14 0.331645 0.119672 0.0324032 0.0190092
7 0.332621 0.119672 0.0324032 0.0164171
25 0.332621 0.119672 0.0324032 0.0164171
67 0.505958 0.462558 0.965069 0.390553
68 0.496589 0.485023 0.980685 0.34447
111 0.504397 0.467454 0.96663 0.384217
0 0.33184 0.11924 0.0320128 0.0172811
77 0.493856 0.476959 0.983027 0.361751
32 0.33184 0.11924 0.0320128 0.0172811
6 0.33184 0.11924 0.0320128 0.0172811
33 0.330864 0.119816 0.0324032 0.0178571
8 0.33223 0.120104 0.0335744 0.015553
109 0.505568 0.466014 0.962726 0.385945
7 0.33184 0.11924 0.0320128 0.0172811
20 0.330864 0.119816 0.0324032 0.0178571
84 0.496589 0.483583 0.980685 0.351959
25 0.33184 0.11924 0.0320128 0.0172811
95 0.496589 0.483583 0.980685 0.351959
3 0.33184 0.11924 0.0320128 0.0172811
5 0.33184 0.11924 0.0320128 0.0172811
14 0.330864 0.119816 0.0324032 0.0178571
32 0.338282 0.112039 0.0815936 0.0336982
53 0.496589 0.483583 0.980685 0.351959
4 0.33184 0.11924 0.0320128 0.0172811
16 0.33184 0.11924 0.0320128 0.0172811
7 0.0891088 0.061924 0.0474336 0.0250576
67 0.505178 0.47523 0.96663 0.367512
68 0.495027 0.488191 0.982246 0.34159
111 0.504397 0.476094 0.961946 0.365783
77 0.496979 0.484447 0.968973 0.349078
0 0.33223 0.11924 0.031232 0.0201613
6 0.33223 0.11924 0.031232 0.0201613
32 0.33223 0.11924 0.031232 0.0201613
20 0.33184 0.119528 0.0320128 0.0184332
7 0.33223 0.11924 0.031232 0.0201613
5 0.33223 0.11924 0.031232 0.0201613
3 0.33223 0.11924 0.031232 0.0201613
8 0.33184 0.119528 0.0320128 0.0184332
25 0.33223 0.11924 0.031232 0.0201613
33 0.33184 0.119528 0.0320128 0.0184332
4 0.33223 0.11924 0.031232 0.0201613
14 0.33184 0.119528 0.0320128 0.0184332
84 0.494246 0.482431 0.979123 0.353111
109 0.504397 0.476094 0.961946 0.365783
7 0.0895968 0.06322 0.0482144 0.0277938
67 0.495027 0.483583 0.980685 0.351959
68 0.489952 0.482719 0.972096 0.354839
111 0.502835 0.477535 0.968192 0.367512
84 0.500493 0.47523 0.96663 0.368664
20 0.33184 0.12068 0.0327936 0.0184332
0 0.33223 0.119528 0.0320128 0.0201613
32 0.33223 0.119528 0.0320128 0.0201613
3 0.33223 0.119528 0.0320128 0.0201613
5 0.33223 0.119528 0.0320128 0.0201613
14 0.33184 0.12068 0.0327936 0.0184332
33 0.333206 0.120968 0.0327936 0.0195853
6 0.33223 0.119528 0.0320128 0.0201613
56 0.500493 0.47523 0.96663 0.368664
7 0.33223 0.119528 0.0320128 0.0201613
12 0.33184 0.12068 0.0327936 0.0184332
8 0.333206 0.120968 0.0327936 0.0195853
53 0.495027 0.483583 0.980685 0.351959
16 0.33184 0.12068 0.0327936 0.0184332
4 0.33223 0.119528 0.0320128 0.0201613
77 0.502835 0.477535 0.968192 0.367512
95 0.502835 0.477535 0.968192 0.367512
18 0.33184 0.12068 0.0327936 0.0184332
109 0.495418 0.485023 0.98615 0.351382
21 0.33184 0.12068 0.0327936 0.0184332
25 0.33223 0.119528 0.0320128 0.0201613
67 0.496589 0.486751 0.974438 0.345622
68 0.492685 0.491071 0.96663 0.338134
111 0.502054 0.478975 0.961946 0.362327
77 0.502054 0.478975 0.961946 0.362327
0 0.333011 0.119816 0.0327936 0.0207373
20 0.33223 0.121688 0.0343552 0.0184332
84 0.496589 0.484735 0.969754 0.350806
33 0.333402 0.121256 0.0327936 0.0207373
6 0.333011 0.119816 0.0327936 0.0207373
32 0.333402 0.121256 0.0327936 0.0207373
95 0.502054 0.478975 0.961946 0.362327
5 0.333011 0.119816 0.0327936 0.0207373
7 0.333011 0.119816 0.0327936 0.0207373
8 0.333011 0.119816 0.0327936 0.0207373
53 0.496589 0.484735 0.969754 0.350806
56 0.502054 0.478975 0.961946 0.362327
67 0.502445 0.479839 0.959603 0.358295
111 0.501664 0.482431 0.961165 0.354263
68 0.491904 0.488191 0.983808 0.345046
77 0.491904 0.488191 0.983808 0.345046
84 0.504006 0.481567 0.959603 0.357143
109 0.491904 0.488191 0.983808 0.345046
95 0.491904 0.488191 0.983808 0.345046
56 0.491904 0.488191 0.983808 0.345046
33 0.333792 0.139545 0.0366976 0.0832373
33 0.332816 0.122696 0.035136 0.0190092
33 0.333206 0.123992 0.0324032 0.0279378
32 0.333206 0.122984 0.033184 0.0276498
53 0.494246 0.487039 0.977562 0.346198
32 0.332816 0.122696 0.035136 0.0190092
67 0.504397 0.478975 0.968192 0.360023
68 0.498931 0.487903 0.98537 0.343318
111 0.503616 0.478111 0.969754 0.362903
84 0.49815 0.483295 0.980685 0.351382
32 0.332621 0.120968 0.0320128 0.0236175
33 0.332621 0.122984 0.0316224 0.0256336
0 0.332621 0.120968 0.0320128 0.0236175
6 0.332621 0.120968 0.0320128 0.0236175
77 0.49776 0.488191 0.981466 0.343894
7 0.332621 0.120968 0.0320128 0.0236175
20 0.33223 0.1214 0.0335744 0.0198733
33 0.332816 0.139113 0.0327936 0.0673963
95 0.498541 0.488191 0.983027 0.345046
109 0.503616 0.478111 0.969754 0.362903
25 0.332621 0.120968 0.0320128 0.0236175
67 0.499712 0.480127 0.983808 0.356567
68 0.498931 0.484447 0.982246 0.349078
111 0.506349 0.476094 0.970534 0.366935
109 0.506349 0.476094 0.970534 0.366935
77 0.500493 0.485887 0.979123 0.346198
84 0.506349 0.476094 0.970534 0.366935
0 0.332621 0.119528 0.031232 0.0216014
20 0.33145 0.12068 0.0335744 0.0195852
95 0.499712 0.480127 0.983808 0.356567
7 0.332621 0.119528 0.031232 0.0216014
3 0.332621 0.119528 0.031232 0.0216014
32 0.33145 0.12068 0.0335744 0.0195852
14 0.33145 0.12068 0.0335744 0.0195852
6 0.506349 0.476094 0.970534 0.366935
25 0.332621 0.119528 0.031232 0.0216014
6 0.332621 0.119528 0.031232 0.0216014
8 0.332426 0.123272 0.0308416 0.0247696
67 0.49737 0.489919 0.979123 0.34159
68 0.504397 0.484447 0.961946 0.353687
111 0.504787 0.483295 0.964288 0.352535
77 0.496589 0.487903 0.983808 0.347926
109 0.496589 0.487903 0.983808 0.347926
84 0.504787 0.483295 0.964288 0.352535
20 0.33184 0.121256 0.0339648 0.016129
0 0.33223 0.119384 0.031232 0.0187212
95 0.504397 0.484447 0.961946 0.353687
32 0.33184 0.121256 0.0339648 0.016129
0 0.491123 0.106855 0.0374784 0.0184332
7 0.0901824 0.0671083 0.0484096 0.0332661
14 0.33184 0.121256 0.0339648 0.016129
3 0.33184 0.121256 0.0339648 0.016129
7 0.0904752 0.0599078 0.047824 0.0270737
33 0.33184 0.121256 0.0339648 0.016129
33 0.332621 0.142137 0.035136 0.0769009
25 0.33223 0.119384 0.031232 0.0187212
67 0.496979 0.484447 0.976781 0.349078
68 0.503616 0.484735 0.963507 0.350806
111 0.502835 0.484447 0.965069 0.35023
77 0.495808 0.488479 0.983808 0.341014
109 0.49737 0.486751 0.983808 0.34447
20 0.332621 0.119816 0.031232 0.0201613
32 0.332621 0.119816 0.031232 0.0201613
33 0.0998448 0.0760369 0.0601216 0.0515553
0 0.332621 0.119816 0.031232 0.0201613
33 0.100821 0.094182 0.0603168 0.0884217
33 0.33223 0.140841 0.035136 0.0760369
3 0.332621 0.119816 0.031232 0.0201613
84 0.503616 0.484735 0.963507 0.350806
6 0.332621 0.119816 0.031232 0.0201613
6 0.498541 0.489343 0.981466 0.34159
0 0.491904 0.108151 0.03904 0.0204493
33 0.332621 0.122984 0.0308416 0.0224654
25 0.332621 0.119816 0.031232 0.0201613
33 0.33184 0.121544 0.0335744 0.0167051
7 0.0905484 0.0675403 0.0484584 0.0336982
14 0.33184 0.121544 0.0335744 0.0167051
32 0.332816 0.123848 0.0347456 0.031106
7 0.332621 0.119816 0.031232 0.0201613
95 0.49737 0.486751 0.983808 0.34447
33 0.332816 0.123848 0.0347456 0.031106
32 0.100821 0.094182 0.0603168 0.0884217
33 0.491514 0.109879 0.0359168 0.0218894
8 0.33184 0.121544 0.0335744 0.0167051
5 0.33184 0.121544 0.0335744 0.0167051
67 0.491904 0.484447 0.965069 0.345622
111 0.502835 0.470622 0.96663 0.375576
68 0.49815 0.483871 0.980685 0.347926
77 0.506349 0.46371 0.964288 0.388249
109 0.506349 0.46371 0.964288 0.388249
84 0.496589 0.482431 0.977562 0.350806
56 0.502835 0.470622 0.96663 0.375576
20 0.332621 0.11924 0.0304512 0.0184332
33 0.100626 0.0826613 0.0612928 0.0665323
32 0.332621 0.11924 0.0304512 0.0184332
33 0.103261 0.0973862 0.0581696 0.0961261
95 0.506349 0.46371 0.964288 0.388249
6 0.496589 0.484447 0.983808 0.349078
0 0.332621 0.11924 0.0304512 0.0184332
6 0.332621 0.11924 0.0304512 0.0184332
32 0.333792 0.119816 0.0359168 0.0270737
25 0.332621 0.11924 0.0304512 0.0184332
33 0.33184 0.12068 0.0320128 0.016129
67 0.491123 0.479551 0.96663 0.360023
111 0.504397 0.46947 0.965069 0.380184
68 0.499712 0.477535 0.980685 0.364055
109 0.499712 0.477535 0.980685 0.364055
84 0.505958 0.466014 0.961946 0.387097
77 0.499712 0.477535 0.980685 0.364055
20 0.332621 0.119528 0.031232 0.0175691
33 0.0981856 0.0718606 0.0562176 0.0455069
33 0.101016 0.0915899 0.0560224 0.0846774
56 0.499712 0.477535 0.980685 0.364055
95 0.499712 0.477535 0.980685 0.364055
32 0.332621 0.119528 0.031232 0.0175691
0 0.332621 0.119528 0.031232 0.0175691
32 0.332816 0.117656 0.0324032 0.0256336
6 0.332621 0.119528 0.031232 0.0175691
33 0.332621 0.12068 0.0304512 0.0164171
7 0.0904752 0.0671803 0.047824 0.0326901
7 0.0900848 0.0603399 0.0474336 0.0270737
25 0.332621 0.119528 0.031232 0.0175691
33 0.0887184 0.0640841 0.044896 0.0290899
3 0.332621 0.119528 0.031232 0.0175691
6 0.499322 0.482143 0.981466 0.355991
8 0.089182 0.0663882 0.0488488 0.03197
67 0.500102 0.482143 0.984589 0.354839
68 0.503616 0.486751 0.982246 0.34447
111 0.50752 0.485311 0.971315 0.348502
77 0.501274 0.485887 0.980685 0.346198
109 0.503616 0.486751 0.982246 0.34447
20 0.332426 0.120392 0.0316224 0.0184332
84 0.50752 0.485311 0.971315 0.348502
32 0.333402 0.12284 0.0320128 0.031394
33 0.0993568 0.0754608 0.0581696 0.0535714
6 0.332426 0.120392 0.0316224 0.0184332
0 0.332621 0.120968 0.031232 0.0172811
7 0.0903776 0.0669643 0.0470432 0.0336982
25 0.332426 0.120392 0.0316224 0.0184332
5 0.332426 0.120392 0.0316224 0.0184332
33 0.102285 0.0953701 0.056608 0.093822
32 0.33145 0.120968 0.0320128 0.0172811
33 0.333402 0.12284 0.0320128 0.031394
3 0.332426 0.120392 0.0316224 0.0184332
8 0.332621 0.120968 0.031232 0.0172811
7 0.332426 0.120392 0.0316224 0.0184332
53 0.500102 0.482143 0.984589 0.354839
33 0.33145 0.120968 0.0320128 0.0172811
95 0.503616 0.486751 0.982246 0.34447
6 0.512986 0.485599 0.963507 0.345622
8 0.0903776 0.0669643 0.0470432 0.0336982
67 0.500493 0.480703 0.983808 0.355415
68 0.501274 0.486751 0.982246 0.343318
111 0.500883 0.483295 0.984589 0.35023
77 0.501274 0.486751 0.982246 0.343318
7 0.091256 0.0659562 0.0480192 0.03197
33 0.0993568 0.0685484 0.0587552 0.0374424
53 0.500883 0.483295 0.984589 0.35023
20 0.333011 0.120968 0.0320128 0.0175691
109 0.501274 0.486751 0.982246 0.343318
33 0.101284 0.0750288 0.0574376 0.0515553
8 0.091256 0.0659562 0.0480192 0.03197
7 0.091256 0.0607719 0.0484096 0.0273617
0 0.333011 0.120968 0.0320128 0.0175691
6 0.332621 0.119816 0.0320128 0.0184332
84 0.500883 0.483295 0.984589 0.35023
32 0.334573 0.124424 0.0359168 0.031682
101 0.501274 0.486751 0.982246 0.343318
25 0.332621 0.119816 0.0320128 0.0184332
7 0.332621 0.119816 0.0320128 0.0184332
102 0.501274 0.486751 0.982246 0.343318
32 0.333011 0.120968 0.0320128 0.0175691
8 0.333011 0.120968 0.0320128 0.0175691
67 0.49815 0.481279 0.982246 0.354263
68 0.49815 0.485599 0.983808 0.34447
111 0.505178 0.482143 0.96663 0.351382
77 0.49776 0.486175 0.981466 0.343318
7 0.0911584 0.0655242 0.0472384 0.031106
53 0.49815 0.481279 0.982246 0.354263
0 0.332621 0.11924 0.031232 0.0181452
6 0.332621 0.11924 0.031232 0.0181452
109 0.49815 0.485599 0.983808 0.34447
20 0.332621 0.11924 0.031232 0.0181452
84 0.49815 0.481279 0.982246 0.354263
8 0.0911584 0.0655242 0.0472384 0.031106
33 0.0992592 0.0704925 0.059536 0.0406106
7 0.0908656 0.0594758 0.0480192 0.0250576
7 0.332621 0.11924 0.031232 0.0181452
8 0.333402 0.120968 0.0320128 0.0172811
0 0.0906704 0.0646601 0.0464576 0.031394
68 0.49815 0.485599 0.983808 0.34447
67 0.498931 0.482143 0.982246 0.353687
111 0.505178 0.481567 0.965069 0.352535
109 0.49815 0.485599 0.983808 0.34447
77 0.505178 0.481855 0.969754 0.353111
53 0.498931 0.482143 0.982246 0.353687
84 0.505178 0.481567 0.965069 0.352535
7 0.332816 0.119528 0.031232 0.0190092
102 0.49815 0.485599 0.983808 0.34447
68 0.496589 0.485311 0.98537 0.346198
67 0.499712 0.486175 0.980685 0.345622
109 0.496589 0.485311 0.98537 0.346198
77 0.505178 0.483583 0.969754 0.350806
111 0.505178 0.483583 0.969754 0.350806
53 0.499712 0.486175 0.980685 0.345622
95 0.496589 0.485311 0.98537 0.346198
7 0.332621 0.119816 0.031232 0.0190092
67 0.499322 0.485599 0.978342 0.345622
68 0.505568 0.483295 0.96585 0.351382
111 0.505178 0.483295 0.969754 0.352535
109 0.49815 0.487039 0.983808 0.343894
77 0.49815 0.487039 0.983808 0.343894
95 0.49815 0.487039 0.983808 0.343894
84 0.499712 0.484735 0.979123 0.349654
23 0.856538 0.265625 0.148352 0.0735887
7 0.0911828 0.0653082 0.04758 0.0292339
67 0.498931 0.485599 0.979123 0.345622
68 0.505958 0.485599 0.965069 0.346774
111 0.505958 0.485599 0.965069 0.346774
77 0.498931 0.487327 0.980685 0.343318
109 0.498931 0.487327 0.983808 0.343318
95 0.498931 0.487327 0.983808 0.343318
84 0.499712 0.484447 0.977562 0.35023
7 0.0908656 0.0655242 0.0476288 0.0293779
33 0.0974048 0.0746688 0.0642208 0.0508352
53 0.499712 0.484447 0.977562 0.35023
23 0.847949 0.265265 0.171776 0.0771889
67 0.508301 0.486751 0.969754 0.345622
68 0.50752 0.479839 0.965069 0.358295
111 0.499712 0.485311 0.983808 0.348502
77 0.499712 0.485311 0.983808 0.348502
33 0.0979904 0.0798531 0.0677344 0.062356
109 0.499712 0.485311 0.983808 0.348502
95 0.499712 0.485311 0.983808 0.348502
7 0.0904752 0.0649482 0.0474336 0.0288018
23 0.84463 0.265265 0.17529 0.078917
53 0.501274 0.483295 0.977562 0.355991
32 0.332621 0.119816 0.0320128 0.015553
84 0.501274 0.483295 0.977562 0.355991
8 0.090768 0.0656682 0.0491904 0.03053
20 0.332621 0.119816 0.0320128 0.015553
33 0.333011 0.120968 0.0320128 0.0172811
67 0.505958 0.474366 0.965069 0.36924
68 0.506739 0.47523 0.963507 0.367512
111 0.498931 0.480991 0.983808 0.355991
77 0.498931 0.480991 0.983808 0.355991
33 0.0997472 0.0879896 0.0675392 0.078917
7 0.0900116 0.0650202 0.0471896 0.0286578
8 0.0905972 0.0659562 0.049532 0.03125
109 0.498931 0.480991 0.983808 0.355991
20 0.332621 0.119816 0.0320128 0.015553
84 0.499712 0.480991 0.977562 0.359447
32 0.332621 0.119816 0.0320128 0.015553
53 0.499712 0.480991 0.977562 0.359447
0 0.332621 0.119816 0.0320128 0.015553
33 0.332621 0.12068 0.0320128 0.0172811
95 0.498931 0.480991 0.983808 0.355991
33 0.0905972 0.0659562 0.049532 0.03125
7 0.0904752 0.0602679 0.0470432 0.0263537
67 0.505178 0.47379 0.963507 0.370392
68 0.500102 0.482719 0.976781 0.353687
111 0.496589 0.482143 0.983808 0.355991
77 0.496589 0.482143 0.983808 0.355991
7 0.0898164 0.0653802 0.04758 0.0293779
8 0.0907924 0.0663882 0.0507032 0.031394
33 0.100308 0.101382 0.0671976 0.105991
20 0.332035 0.11924 0.0316224 0.016129
84 0.499712 0.479263 0.974438 0.361751
109 0.496589 0.482143 0.983808 0.355991
53 0.499712 0.479263 0.974438 0.361751
32 0.332035 0.11924 0.0316224 0.016129
0 0.332035 0.11924 0.0316224 0.016129
23 0.842483 0.264689 0.190515 0.0766129
95 0.496589 0.482143 0.983808 0.355991
33 0.332426 0.12068 0.0324032 0.0178571
67 0.495027 0.483583 0.965069 0.353111
68 0.505958 0.478687 0.963507 0.361751
111 0.505958 0.478687 0.963507 0.361751
77 0.496198 0.484447 0.984589 0.35023
33 0.10043 0.0985383 0.0685152 0.100158
7 0.089792 0.0662442 0.0470432 0.0302419
8 0.0905972 0.0670363 0.0499224 0.031826
20 0.33223 0.119816 0.031232 0.0167051
32 0.33223 0.119816 0.031232 0.0167051
84 0.499322 0.480415 0.978342 0.359447
23 0.842483 0.264905 0.188954 0.0761809
20 0.33145 0.12212 0.0343552 0.016129
0 0.33223 0.119816 0.031232 0.0167051
109 0.496198 0.484447 0.984589 0.35023
53 0.498931 0.483295 0.979123 0.352535
33 0.332426 0.1214 0.0320128 0.0181452
67 0.500102 0.483295 0.983027 0.351382
68 0.50713 0.480991 0.96585 0.355991
77 0.498541 0.485599 0.984589 0.346774
111 0.498541 0.485599 0.984589 0.346774
33 0.101114 0.103111 0.0694912 0.108871
7 0.0896212 0.0662442 0.0467992 0.031106
8 0.0899872 0.0673243 0.0501664 0.0322581
20 0.332426 0.119096 0.0316224 0.0169931
109 0.498541 0.485599 0.984589 0.346774
84 0.499712 0.482143 0.982246 0.357143
20 0.33145 0.121544 0.0343552 0.016129
32 0.332426 0.119096 0.0316224 0.0169931
0 0.332426 0.119096 0.0316224 0.0169931
95 0.498541 0.485599 0.984589 0.346774
23 0.837798 0.265553 0.199885 0.077765
53 0.499712 0.483871 0.980685 0.35023
67 0.498931 0.481855 0.982246 0.356567
68 0.50713 0.481855 0.96585 0.354263
77 0.49815 0.485599 0.983808 0.346774
111 0.506739 0.482719 0.96663 0.354839
7 0.0896212 0.0666763 0.0467992 0.031394
33 0.100821 0.0970622 0.0689056 0.0964862
109 0.49815 0.485599 0.983808 0.346774
84 0.506739 0.482719 0.96663 0.354839
8 0.089182 0.0672523 0.0496296 0.031826
20 0.33223 0.118952 0.0316224 0.0167051
23 0.83936 0.265553 0.193638 0.078341
53 0.498931 0.481855 0.982246 0.356567
32 0.33223 0.118952 0.0316224 0.0167051
95 0.49815 0.485599 0.983808 0.346774
67 0.498931 0.483295 0.982246 0.353687
68 0.50713 0.485023 0.96585 0.347926
77 0.49815 0.486175 0.983808 0.345622
111 0.506739 0.484159 0.96663 0.350806
109 0.49815 0.486175 0.983808 0.345622
102 0.49815 0.486175 0.983808 0.345622
33 0.101309 0.0957661 0.0675392 0.094182
7 0.0895724 0.0661002 0.0465064 0.03053
53 0.499712 0.483871 0.983808 0.349078
101 0.49815 0.486175 0.983808 0.345622
23 0.845021 0.266417 0.177632 0.078917
84 0.498931 0.483295 0.982246 0.353687
8 0.0892308 0.0668203 0.0487512 0.031394
23 0.789389 0.266201 0.30295 0.0805011
67 0.496979 0.482719 0.983027 0.353687
68 0.506739 0.483583 0.965069 0.348502
77 0.49737 0.485023 0.983808 0.345622
111 0.49737 0.485023 0.983808 0.345622
101 0.49737 0.485023 0.983808 0.345622
102 0.49737 0.485023 0.983808 0.345622
109 0.49737 0.485023 0.983808 0.345622
53 0.496979 0.482719 0.983027 0.353687
7 0.0895968 0.0661002 0.0466528 0.030818
23 0.845021 0.265841 0.180755 0.0800691
84 0.496979 0.482719 0.983027 0.353687
33 0.101309 0.0947221 0.0677344 0.0916619
23 0.782166 0.266057 0.32208 0.0819412
8 0.0891088 0.0662442 0.0484096 0.03053
67 0.496979 0.482431 0.983027 0.354263
68 0.505958 0.483007 0.965069 0.348502
77 0.496589 0.485023 0.983808 0.34447
111 0.496589 0.485023 0.983808 0.34447
109 0.496589 0.485023 0.983808 0.34447
7 0.0894992 0.0658842 0.0464576 0.030818
101 0.496589 0.485023 0.983808 0.34447
23 0.837018 0.265481 0.203008 0.0807892
53 0.496979 0.482431 0.983027 0.354263
102 0.496589 0.485023 0.983808 0.34447
84 0.496979 0.482431 0.983027 0.354263
33 0.101114 0.100482 0.065392 0.103759
67 0.49815 0.482143 0.982246 0.354839
68 0.505958 0.483871 0.965069 0.347926
77 0.496198 0.486463 0.983027 0.345046
109 0.496589 0.485599 0.983808 0.343318
111 0.496589 0.485599 0.983808 0.343318
7 0.0895724 0.0662442 0.0465064 0.030818
23 0.840141 0.265049 0.198323 0.0793491
101 0.496589 0.485599 0.983808 0.343318
53 0.49815 0.482143 0.982246 0.354839
32 0.33223 0.118376 0.0304512 0.016129
20 0.33223 0.118376 0.0304512 0.016129
33 0.100894 0.093462 0.0668072 0.0889977
84 0.49815 0.482143 0.982246 0.354839
67 0.49737 0.481855 0.982246 0.356567
68 0.506349 0.483295 0.964288 0.349078
77 0.496589 0.486463 0.982246 0.345046
109 0.496589 0.485599 0.983808 0.34447
111 0.496589 0.485599 0.983808 0.34447
23 0.841507 0.264977 0.194029 0.078917
32 0.33223 0.118664 0.0304512 0.014977
20 0.33223 0.118664 0.0304512 0.014977
33 0.10043 0.0871976 0.064416 0.0756048
53 0.49737 0.481855 0.982246 0.356567
7 0.0896944 0.0661002 0.0464576 0.0299539
101 0.496589 0.485599 0.983808 0.34447
67 0.49815 0.481855 0.982246 0.356567
68 0.505958 0.483007 0.965069 0.350806
77 0.49737 0.486751 0.982246 0.345622
20 0.33223 0.118952 0.0304512 0.0144009
109 0.49737 0.485023 0.983808 0.345622
111 0.49737 0.485023 0.983808 0.345622
32 0.33223 0.118952 0.0304512 0.0144009
23 0.844045 0.265481 0.182707 0.078485
33 0.0999424 0.0849654 0.064416 0.0708525
53 0.49815 0.481855 0.982246 0.356567
101 0.49737 0.485023 0.983808 0.345622
0 0.33223 0.118952 0.0304512 0.0144009
7 0.0898896 0.0662442 0.046848 0.0296659
8 0.0898896 0.0662442 0.047824 0.0299539
95 0.49737 0.485023 0.983808 0.345622
67 0.49737 0.481567 0.982246 0.355991
68 0.505958 0.484447 0.965069 0.347926
77 0.49737 0.486751 0.982246 0.345622
109 0.496589 0.485887 0.983808 0.345046
20 0.33223 0.118952 0.0300608 0.0138249
111 0.505568 0.484447 0.96585 0.35023
23 0.846387 0.265841 0.174899 0.0794931
32 0.33223 0.118952 0.0300608 0.0138249
53 0.49737 0.481567 0.982246 0.355991
33 0.0986736 0.0789891 0.0630496 0.0594758
101 0.496589 0.485887 0.983808 0.345046
0 0.33223 0.118952 0.0300608 0.0138249
95 0.496589 0.485887 0.983808 0.345046
84 0.49737 0.481567 0.982246 0.355991
67 0.49815 0.482719 0.982246 0.354839
68 0.505958 0.485599 0.965069 0.346774
77 0.49776 0.487039 0.981466 0.346198
109 0.496979 0.486751 0.983027 0.34447
111 0.505958 0.485599 0.96663 0.349078
23 0.847168 0.265841 0.168653 0.0794931
20 0.33223 0.118952 0.0304512 0.0138249
32 0.33223 0.118952 0.0304512 0.0138249
95 0.496979 0.486751 0.983027 0.34447
53 0.49815 0.482719 0.982246 0.354839
84 0.49815 0.482719 0.982246 0.354839
101 0.496979 0.486751 0.983027 0.34447
0 0.33223 0.118952 0.0304512 0.0138249
33 0.0983808 0.0765409 0.06344 0.0563076
67 0.49815 0.482431 0.983808 0.355415
68 0.505958 0.486175 0.965069 0.345622
77 0.498541 0.487039 0.981466 0.346198
111 0.506739 0.485599 0.96663 0.349078
109 0.49737 0.486751 0.982246 0.34447
95 0.49737 0.486751 0.982246 0.34447
23 0.84873 0.265841 0.16553 0.078917
84 0.49815 0.482431 0.983808 0.355415
32 0.33223 0.118808 0.0304512 0.014977
53 0.49815 0.482431 0.983808 0.355415
20 0.33223 0.118808 0.0304512 0.014977
67 0.49776 0.482431 0.984589 0.355415
68 0.505568 0.485887 0.96585 0.345046
111 0.506739 0.485599 0.96663 0.347926
77 0.49815 0.487039 0.980685 0.345046
109 0.496979 0.487039 0.983027 0.343894
95 0.496979 0.487039 0.983027 0.343894
84 0.49776 0.482431 0.984589 0.355415
23 0.84951 0.265841 0.162406 0.078917
32 0.33223 0.118664 0.031232 0.015553
53 0.49776 0.482431 0.984589 0.355415
67 0.49815 0.482143 0.98537 0.355991
68 0.505178 0.485887 0.96663 0.345046
77 0.49815 0.486751 0.980685 0.345622
111 0.506739 0.485599 0.968192 0.347926
109 0.496589 0.486751 0.982246 0.343318
84 0.49815 0.482143 0.98537 0.355991
23 0.84951 0.266129 0.163968 0.078917
95 0.496589 0.486751 0.982246 0.343318
53 0.49815 0.482143 0.98537 0.355991
32 0.33223 0.118952 0.031232 0.015553
67 0.505958 0.485023 0.968192 0.346774
68 0.505178 0.485599 0.96663 0.34447
77 0.49815 0.487039 0.980685 0.345046
111 0.50752 0.485311 0.968192 0.348502
109 0.496589 0.486751 0.982246 0.342166
23 0.84873 0.266417 0.163968 0.0800691
84 0.498541 0.482431 0.98615 0.355415
53 0.498541 0.482431 0.98615 0.355415
95 0.505178 0.485599 0.96663 0.34447
67 0.49737 0.486463 0.980685 0.343894
68 0.505958 0.485599 0.96663 0.34447
111 0.50752 0.485023 0.968192 0.349078
77 0.49815 0.486751 0.980685 0.345622
84 0.498541 0.482719 0.98615 0.354839
109 0.496198 0.486751 0.983027 0.342166
23 0.847168 0.266777 0.16553 0.0805011
53 0.498541 0.482719 0.98615 0.354839
95 0.505958 0.485599 0.96663 0.34447
67 0.496589 0.486751 0.980685 0.343318
68 0.505178 0.485887 0.96663 0.343894
111 0.506739 0.485023 0.968192 0.347926
77 0.49815 0.487327 0.980685 0.34447
84 0.498931 0.483295 0.98537 0.352535
109 0.495808 0.486751 0.982246 0.342166
53 0.498931 0.483295 0.98537 0.352535
95 0.505178 0.485887 0.96663 0.343894
23 0.845606 0.266705 0.168653 0.0800691
67 0.496589 0.486751 0.980685 0.343318
68 0.505178 0.486175 0.96663 0.343318
77 0.49737 0.487039 0.982246 0.343894
111 0.506739 0.485311 0.968192 0.34735
84 0.498931 0.483295 0.98537 0.352535
109 0.495027 0.487327 0.983808 0.341014
53 0.498931 0.483295 0.98537 0.352535
67 0.496198 0.487039 0.981466 0.342742
68 0.504397 0.486175 0.965069 0.343318
77 0.496589 0.487039 0.980685 0.343894
111 0.506739 0.485311 0.96663 0.34735
84 0.498541 0.483295 0.984589 0.352535
109 0.495027 0.487327 0.983808 0.341014
53 0.498541 0.483295 0.984589 0.352535
67 0.496589 0.487039 0.980685 0.342742
68 0.505178 0.486175 0.96663 0.34447
77 0.49737 0.487327 0.980685 0.343318
111 0.50713 0.485023 0.967411 0.347926
109 0.495808 0.487327 0.983808 0.341014
84 0.498931 0.483007 0.98537 0.353111
67 0.496589 0.487327 0.980685 0.342166
68 0.505178 0.486463 0.96663 0.343894
77 0.49737 0.487327 0.980685 0.343318
111 0.505178 0.486463 0.96663 0.343894
109 0.495808 0.487903 0.983808 0.341014
84 0.505178 0.486463 0.96663 0.343894
53 0.498931 0.483295 0.98537 0.352535
67 0.496589 0.487615 0.982246 0.34159
68 0.505178 0.486751 0.96663 0.343318
77 0.49737 0.487615 0.980685 0.342742
111 0.505178 0.486751 0.96663 0.343318
109 0.495808 0.487903 0.98537 0.341014
53 0.498931 0.483871 0.98537 0.351382
67 0.49737 0.487615 0.982246 0.34159
68 0.505178 0.487039 0.96663 0.342742
77 0.49815 0.487903 0.980685 0.342166
111 0.505178 0.487039 0.96663 0.342742
53 0.498931 0.483871 0.98537 0.351382
109 0.496198 0.488191 0.984589 0.340438
67 0.49737 0.487327 0.982246 0.342166
68 0.505178 0.486751 0.96663 0.343318
77 0.49815 0.487615 0.980685 0.342742
111 0.505178 0.486751 0.96663 0.343318
53 0.499322 0.483871 0.98615 0.351382
109 0.496589 0.487903 0.98537 0.341014
67 0.49815 0.487327 0.982246 0.342166
68 0.505958 0.486751 0.968192 0.343318
77 0.498931 0.487327 0.980685 0.343318
111 0.505958 0.486751 0.968192 0.343318
53 0.499712 0.483583 0.986931 0.351959
67 0.49815 0.487039 0.982246 0.342742
68 0.505958 0.486463 0.968192 0.343894
77 0.498931 0.487327 0.980685 0.343318
111 0.505958 0.486463 0.968192 0.343894
53 0.499712 0.483295 0.986931 0.352535
67 0.498931 0.486751 0.982246 0.343318
68 0.505958 0.486175 0.968192 0.34447
77 0.499712 0.487039 0.980685 0.343894
53 0.499712 0.482719 0.986931 0.353687
77 0.413434 0.00568836 0.826867 0.0113767
111 0.505958 0.486175 0.968192 0.34447
67 0.499712 0.486751 0.980685 0.343318
68 0.505958 0.486175 0.968192 0.34447
77 0.499712 0.487039 0.980685 0.343894
77 0.413824 0.00543635 0.827648 0.0108727
53 0.499712 0.482431 0.986931 0.354263
67 0.499712 0.486751 0.980685 0.343318
68 0.505958 0.486175 0.969754 0.34447
77 0.500493 0.487039 0.980685 0.343894
53 0.500493 0.482431 0.986931 0.354263
77 0.414605 0.00514833 0.82921 0.0102967
67 0.500102 0.486751 0.981466 0.343318
68 0.506739 0.486175 0.969754 0.34447
77 0.500493 0.486751 0.980685 0.34447
53 0.500102 0.482719 0.987712 0.354839
77 0.414605 0.00504032 0.82921 0.0100806
7 0.0895968 0.0658122 0.0495808 0.030818
67 0.500102 0.486751 0.981466 0.343318
68 0.506739 0.485887 0.969754 0.345046
77 0.500493 0.486751 0.980685 0.34447
53 0.500102 0.482719 0.987712 0.354839
7 0.0895968 0.0659562 0.0495808 0.031106
77 0.414605 0.00511233 0.82921 0.0102247
67 0.500102 0.486751 0.981466 0.343318
68 0.505958 0.486175 0.969754 0.345622
77 0.500493 0.486751 0.980685 0.34447
7 0.0894992 0.0661002 0.0495808 0.031394
53 0.500493 0.482431 0.986931 0.355415
77 0.414605 0.00500432 0.82921 0.0100086
67 0.500102 0.486751 0.981466 0.343318
68 0.506349 0.486175 0.970534 0.345622
77 0.500493 0.486751 0.980685 0.34447
53 0.500493 0.482431 0.986931 0.355415
7 0.0895968 0.0661002 0.0495808 0.031394
77 0.414605 0.00522033 0.82921 0.0104407
67 0.499712 0.486751 0.982246 0.343318
68 0.506739 0.486175 0.969754 0.345622
77 0.500493 0.486751 0.980685 0.34447
53 0.500493 0.482143 0.986931 0.355991
7 0.0895968 0.0661002 0.0495808 0.031394
77 0.414605 0.00525634 0.82921 0.0105127
67 0.499712 0.486751 0.982246 0.34447
68 0.505958 0.486175 0.969754 0.345622
77 0.499712 0.486751 0.980685 0.34447
53 0.499712 0.482431 0.986931 0.355415
7 0.0895968 0.0661002 0.0495808 0.031682
77 0.374979 0.00633641 0.749958 0.0126728
67 0.499712 0.486751 0.980685 0.343318
68 0.505958 0.486175 0.969754 0.345622
77 0.499712 0.487039 0.980685 0.345046
7 0.0895968 0.0661002 0.049776 0.031682
53 0.499712 0.482143 0.986931 0.355991
77 0.374784 0.00612039 0.749568 0.0122408
8 0.0895968 0.0661002 0.049776 0.031682
67 0.500102 0.487039 0.981466 0.343894
68 0.505958 0.486175 0.969754 0.345622
7 0.0895724 0.0661722 0.0496296 0.031682
77 0.500493 0.486751 0.980685 0.34447
77 0.374589 0.0062284 0.749178 0.0124568
53 0.500493 0.482143 0.986931 0.355991
8 0.0895724 0.0661722 0.0496296 0.031682
67 0.500493 0.487039 0.980685 0.343894
68 0.506739 0.486175 0.969754 0.345622
7 0.0894992 0.0661722 0.049776 0.031682
8 0.0894992 0.0661722 0.049776 0.031682
77 0.500493 0.486751 0.980685 0.345622
77 0.373808 0.00604839 0.747616 0.0120968
53 0.500493 0.482431 0.986931 0.356567
32 0.333011 0.11924 0.0327936 0.0184332
67 0.500493 0.487039 0.980685 0.343894
68 0.506349 0.486175 0.968973 0.345622
7 0.0894992 0.0661002 0.049776 0.031682
8 0.0894992 0.0661002 0.049776 0.031682
77 0.373222 0.00601238 0.746445 0.0120248
77 0.500493 0.486751 0.980685 0.345622
32 0.333011 0.119384 0.0327936 0.0184332
53 0.500493 0.482719 0.986931 0.355991
67 0.500493 0.487039 0.980685 0.343894
68 0.505958 0.486175 0.969754 0.345622
7 0.0894992 0.0661002 0.049776 0.031682
8 0.0894992 0.0661002 0.049776 0.031682
77 0.372832 0.00597638 0.745664 0.0119528
32 0.333011 0.119384 0.0327936 0.0184332
77 0.500493 0.486751 0.980685 0.345622
53 0.500493 0.482719 0.986931 0.355991
67 0.500493 0.487039 0.980685 0.343894
68 0.506349 0.486463 0.968973 0.346198
7 0.089426 0.0661002 0.0499224 0.031538
8 0.089426 0.0661002 0.0499224 0.031538
77 0.372637 0.00608439 0.745274 0.0121688
32 0.333011 0.119528 0.0327936 0.0184332
77 0.500493 0.486751 0.980685 0.345622
67 0.500493 0.487039 0.980685 0.343894
68 0.506739 0.486751 0.969754 0.345622
7 0.0894992 0.0661002 0.049776 0.031394
8 0.0894992 0.0661002 0.049776 0.031394
77 0.372246 0.00617439 0.744493 0.0123488
32 0.333011 0.119384 0.0327936 0.0181452
77 0.500493 0.486751 0.980685 0.345622
67 0.499712 0.487039 0.980685 0.343894
68 0.506349 0.486751 0.968973 0.345622
7 0.0895968 0.0661002 0.049776 0.031394
8 0.0895968 0.0661002 0.049776 0.031394
32 0.333011 0.119528 0.0327936 0.0184332
77 0.372051 0.00637241 0.744102 0.0127448
77 0.500493 0.486751 0.980685 0.345622
67 0.499712 0.487039 0.980685 0.343894
68 0.506739 0.486751 0.968192 0.345622
7 0.0894992 0.0661002 0.049776 0.031394
8 0.0894992 0.0661002 0.049776 0.031394
32 0.333011 0.119528 0.0327936 0.0178571
77 0.372051 0.00640841 0.744102 0.0128168
77 0.500493 0.486751 0.980685 0.345622
20 0.333011 0.119528 0.0327936 0.0178571
67 0.499712 0.487039 0.980685 0.343894
68 0.505958 0.486751 0.968192 0.345622
7 0.0894992 0.0661722 0.049776 0.031538
8 0.0894992 0.0661722 0.049776 0.031538
32 0.333011 0.119528 0.0327936 0.0178571
77 0.372051 0.00649842 0.744102 0.0129968
20 0.333011 0.119528 0.0327936 0.0178571
77 0.500493 0.486751 0.980685 0.345622
67 0.499712 0.487039 0.980685 0.343894
68 0.505958 0.486751 0.968192 0.345622
7 0.0894992 0.0661722 0.049776 0.031538
8 0.0894992 0.0661722 0.049776 0.031538
32 0.333011 0.119528 0.0327936 0.0178571
77 0.372051 0.00651642 0.744102 0.0130328
20 0.333011 0.119528 0.0327936 0.0178571
77 0.500102 0.486751 0.979904 0.345622
67 0.499712 0.487039 0.980685 0.343894
68 0.505958 0.486751 0.968192 0.345622
7 0.0894992 0.0661002 0.049776 0.031394
8 0.0894992 0.0661002 0.049776 0.031394
32 0.333011 0.119528 0.0327936 0.0178571
77 0.372246 0.00658842 0.744493 0.0131768
20 0.333011 0.119528 0.0327936 0.0178571
77 0.500102 0.486751 0.979904 0.345622
67 0.499712 0.487039 0.980685 0.343894
68 0.505958 0.486751 0.968192 0.345622
7 0.0894992 0.0662442 0.049776 0.031394
8 0.0894992 0.0662442 0.049776 0.031394
32 0.333011 0.119528 0.0327936 0.0178571
20 0.333011 0.119528 0.0327936 0.0178571
77 0.499712 0.486751 0.980685 0.345622
77 0.372246 0.00655242 0.744493 0.0131048
67 0.499712 0.487039 0.980685 0.343894
68 0.505958 0.486751 0.968192 0.345622
7 0.0894992 0.0662442 0.049776 0.031394
8 0.0894992 0.0662442 0.049776 0.031394
32 0.333011 0.119528 0.0327936 0.0178571
20 0.333011 0.119528 0.0327936 0.0178571
77 0.499712 0.486751 0.980685 0.345622
77 0.372246 0.00648041 0.744493 0.0129608
67 0.499712 0.487039 0.980685 0.343894
68 0.505958 0.487039 0.968192 0.345046
7 0.0896212 0.0662442 0.0499224 0.031538
8 0.0896212 0.0662442 0.0499224 0.031538
32 0.333011 0.119528 0.0327936 0.0178571
20 0.333011 0.119528 0.0327936 0.0178571
77 0.499712 0.486751 0.980685 0.345622
77 0.372051 0.00637241 0.744102 0.0127448
67 0.499322 0.487039 0.979904 0.343894
68 0.505958 0.487039 0.968192 0.345046
7 0.0894992 0.0662442 0.049776 0.031682
8 0.0894992 0.0662442 0.049776 0.031682
32 0.333011 0.119528 0.0327936 0.0178571
20 0.333011 0.119528 0.0327936 0.0178571
77 0.499712 0.486751 0.980685 0.345622
67 0.498931 0.487039 0.980685 0.343894
68 0.505958 0.486751 0.968192 0.345622
7 0.0895968 0.0662442 0.049776 0.031682
8 0.0895968 0.0662442 0.049776 0.031682
32 0.333011 0.119528 0.0327936 0.0178571
20 0.333011 0.119528 0.0327936 0.0178571
77 0.499712 0.486751 0.980685 0.345622
67 0.499322 0.487039 0.979904 0.343894
68 0.505958 0.486751 0.968192 0.345622
7 0.0895968 0.0662442 0.049776 0.031682
8 0.0895968 0.0662442 0.049776 0.031682
32 0.333011 0.119528 0.0327936 0.0178571
20 0.333011 0.119528 0.0327936 0.0178571
77 0.499712 0.486751 0.980685 0.345622
67 0.498931 0.487039 0.980685 0.343894
68 0.505958 0.486751 0.968192 0.345622
7 0.0895968 0.0662442 0.049776 0.031682
8 0.0895968 0.0662442 0.049776 0.031682
32 0.333011 0.119528 0.0327936 0.0178571
77 0.499712 0.486751 0.980685 0.345622
20 0.333011 0.119528 0.0327936 0.0178571
67 0.498931 0.487039 0.980685 0.343894
68 0.505958 0.486751 0.968192 0.345622
7 0.0896944 0.0662442 0.049776 0.031682
8 0.0896944 0.0662442 0.049776 0.031682
32 0.333011 0.119528 0.0327936 0.0178571
77 0.499712 0.486751 0.980685 0.345622
20 0.333011 0.119528 0.0327936 0.0178571
67 0.498931 0.487039 0.980685 0.343894
68 0.505958 0.486751 0.968192 0.345622
7 0.0896212 0.0662442 0.0499224 0.031826
8 0.0896212 0.0662442 0.0499224 0.031826
32 0.333011 0.119672 0.0327936 0.0175691
20 0.333011 0.119672 0.0327936 0.0175691
77 0.499712 0.486751 0.980685 0.345622
67 0.505958 0.484735 0.971315 0.349654
68 0.505958 0.486751 0.968192 0.345622
7 0.0896944 0.0662442 0.049776 0.031682
8 0.0896944 0.0662442 0.049776 0.031682
32 0.333011 0.119672 0.0327936 0.0175691
20 0.333011 0.119672 0.0327936 0.0175691
77 0.499712 0.486751 0.979123 0.345622
67 0.505958 0.484447 0.971315 0.35023
68 0.505958 0.486751 0.968192 0.345622
7 0.0895724 0.0662442 0.0496296 0.031682
8 0.0895724 0.0662442 0.0496296 0.031682
32 0.333011 0.119672 0.0327936 0.0175691
20 0.333011 0.119672 0.0327936 0.0175691
77 0.499712 0.486751 0.980685 0.345622
67 0.505958 0.484447 0.971315 0.35023
68 0.505958 0.486463 0.968192 0.346198
7 0.0896944 0.0662442 0.049776 0.0319701
8 0.0896944 0.0662442 0.049776 0.0319701
32 0.333011 0.119672 0.0327936 0.0175691
77 0.499712 0.486751 0.980685 0.345622
20 0.333011 0.119672 0.0327936 0.0175691
67 0.505958 0.484447 0.971315 0.35023
68 0.505958 0.486751 0.968192 0.346774
7 0.0896944 0.0662442 0.049776 0.0319701
8 0.0896944 0.0662442 0.049776 0.0319701
32 0.333011 0.119816 0.0327936 0.0178571
20 0.333011 0.119816 0.0327936 0.0178571
77 0.499322 0.486751 0.979904 0.345622
67 0.505958 0.484447 0.971315 0.35023
68 0.505958 0.486175 0.968192 0.346774
7 0.0897676 0.0662442 0.0496296 0.0319701
8 0.0897676 0.0662442 0.0496296 0.0319701
32 0.333011 0.119816 0.0327936 0.0175691
20 0.333011 0.119816 0.0327936 0.0175691
77 0.499322 0.486751 0.979904 0.345622
67 0.505958 0.484447 0.971315 0.35023
68 0.505958 0.486175 0.968192 0.346774
7 0.0897676 0.0662442 0.0496296 0.0319701
8 0.0897676 0.0662442 0.0496296 0.0319701
32 0.333011 0.119816 0.0327936 0.0175691
20 0.333011 0.119816 0.0327936 0.0175691
77 0.499322 0.486463 0.979904 0.346198
67 0.505958 0.484447 0.971315 0.35023
68 0.505958 0.486751 0.968192 0.346774
7 0.089792 0.0662442 0.049776 0.0319701
8 0.089792 0.0662442 0.049776 0.0319701
32 0.333011 0.119816 0.0327936 0.0178571
20 0.333011 0.119816 0.0327936 0.0178571
77 0.499322 0.486751 0.979904 0.345622
67 0.505958 0.483871 0.971315 0.35023
68 0.505958 0.486751 0.968192 0.346774
7 0.089792 0.0662442 0.0495808 0.0319701
8 0.089792 0.0662442 0.0495808 0.0319701
32 0.333011 0.11996 0.0327936 0.0175691
20 0.333011 0.11996 0.0327936 0.0175691
77 0.499712 0.486463 0.980685 0.346198
30 0.242634 0.99424 0.297094 0.0115208
67 0.505958 0.484447 0.971315 0.35023
68 0.505958 0.486751 0.968192 0.346774
7 0.0897676 0.0663162 0.0496296 0.0321141
8 0.0897676 0.0663162 0.0496296 0.0321141
32 0.333011 0.11996 0.0327936 0.0175691
20 0.333011 0.11996 0.0327936 0.0175691
77 0.499712 0.486463 0.980685 0.346198
30 0.242438 0.99424 0.296704 0.0115208
67 0.505958 0.484447 0.971315 0.35023
68 0.505958 0.486751 0.968192 0.346774
7 0.089792 0.0663882 0.049776 0.03197
8 0.089792 0.0663882 0.049776 0.03197
32 0.333011 0.11996 0.0327936 0.0175691
20 0.333011 0.11996 0.0327936 0.0175691
77 0.500102 0.486751 0.979904 0.345622
30 0.242829 0.99424 0.295142 0.0115208
67 0.505958 0.484447 0.971315 0.35023
68 0.506349 0.486751 0.968973 0.346774
7 0.089792 0.0663882 0.049776 0.0321141
8 0.089792 0.0663882 0.049776 0.0321141
32 0.333011 0.11996 0.0327936 0.0175691
20 0.333011 0.11996 0.0327936 0.0175691
77 0.500102 0.486751 0.979904 0.345622
30 0.242438 0.99424 0.295142 0.0115208
67 0.505958 0.484447 0.971315 0.35023
68 0.506349 0.486751 0.968973 0.346774
7 0.089792 0.0663882 0.049776 0.0321141
8 0.089792 0.0663882 0.049776 0.0321141
32 0.333011 0.120104 0.033184 0.0178571
20 0.333011 0.120104 0.033184 0.0178571
77 0.500102 0.486463 0.979904 0.346198
30 0.242243 0.99424 0.294752 0.0115208
67 0.505958 0.483871 0.971315 0.35023
68 0.506349 0.486463 0.968973 0.34735
7 0.0897676 0.0663882 0.0496296 0.03197
8 0.0897676 0.0663882 0.0496296 0.03197
32 0.333011 0.120104 0.033184 0.0178571
20 0.333011 0.120104 0.033184 0.0178571
77 0.500102 0.486463 0.979904 0.346198
30 0.242048 0.99424 0.295923 0.0115208
67 0.505958 0.484447 0.971315 0.35023
68 0.506349 0.486463 0.968973 0.34735
7 0.089792 0.0663882 0.049776 0.03197
8 0.089792 0.0663882 0.049776 0.03197
32 0.333011 0.120104 0.033184 0.0178571
20 0.333011 0.120104 0.033184 0.0178571
77 0.500493 0.486463 0.979123 0.346198
30 0.241853 0.99424 0.294752 0.0115208
67 0.505568 0.484447 0.972096 0.35023
68 0.505958 0.486463 0.969754 0.34735
7 0.0897676 0.0663882 0.0496296 0.03197
8 0.0897676 0.0663882 0.0496296 0.03197
32 0.333011 0.120104 0.033184 0.0178571
77 0.500102 0.486463 0.979904 0.346198
20 0.333011 0.120104 0.033184 0.0178571
30 0.242048 0.99424 0.294362 0.0115208
67 0.505958 0.483871 0.971315 0.35023
68 0.506349 0.486463 0.968973 0.34735
7 0.0897676 0.0663882 0.0496296 0.03197
8 0.0897676 0.0663882 0.0496296 0.03197
32 0.333011 0.120104 0.033184 0.0178571
77 0.500493 0.486751 0.979123 0.345622
20 0.333011 0.120104 0.033184 0.0178571
67 0.505958 0.484159 0.971315 0.350806
68 0.505958 0.486463 0.969754 0.34735
7 0.0898896 0.0663882 0.0495808 0.03197
8 0.0898896 0.0663882 0.0495808 0.03197
32 0.333011 0.120104 0.033184 0.0178571
77 0.500493 0.486463 0.979123 0.346198
20 0.333011 0.120104 0.033184 0.0178571
67 0.505958 0.484159 0.972877 0.350806
68 0.506349 0.486175 0.968973 0.347926
7 0.0898896 0.0662442 0.0495808 0.0319701
8 0.0898896 0.0662442 0.0495808 0.0319701
32 0.333011 0.120104 0.033184 0.0178571
77 0.500493 0.486463 0.979123 0.346198
20 0.333011 0.120104 0.033184 0.0178571
67 0.505958 0.484159 0.972877 0.350806
68 0.506349 0.486175 0.968973 0.347926
7 0.0898164 0.0662442 0.049532 0.0319701
8 0.0898164 0.0662442 0.049532 0.0319701
32 0.333011 0.120104 0.033184 0.0178571
77 0.500493 0.486463 0.979123 0.346198
20 0.333011 0.120104 0.033184 0.0178571
67 0.505958 0.483871 0.972877 0.351382
68 0.506739 0.486175 0.969754 0.347926
7 0.0898164 0.0663162 0.049532 0.0321141
8 0.0898164 0.0663162 0.049532 0.0321141
32 0.333011 0.120104 0.033184 0.0178571
77 0.501274 0.486463 0.979123 0.346198
20 0.333011 0.120104 0.033184 0.0178571
0 0.333011 0.120104 0.033184 0.0178571
67 0.505958 0.483871 0.972877 0.351382
68 0.506739 0.486175 0.969754 0.347926
7 0.0898164 0.0663162 0.049532 0.0321141
8 0.0898164 0.0663162 0.049532 0.0321141
32 0.333011 0.120104 0.033184 0.0178571
77 0.501274 0.486751 0.979123 0.346774
0 0.333011 0.120104 0.033184 0.0178571
20 0.333011 0.120104 0.033184 0.0178571
67 0.505958 0.483583 0.972877 0.351959
68 0.506739 0.485887 0.969754 0.348502
7 0.0898164 0.0662442 0.049532 0.0321141
8 0.0898164 0.0662442 0.049532 0.0321141
32 0.333011 0.120104 0.033184 0.0178571
77 0.501274 0.486751 0.979123 0.346774
0 0.333011 0.120104 0.033184 0.0178571
20 0.333011 0.120104 0.033184 0.0178571
67 0.505958 0.483583 0.972877 0.351959
68 0.506739 0.485887 0.969754 0.348502
7 0.0898164 0.0662442 0.049532 0.0321141
8 0.0898164 0.0662442 0.049532 0.0321141
32 0.333011 0.120248 0.033184 0.0181452
77 0.501274 0.486751 0.979123 0.346774
0 0.333011 0.120248 0.033184 0.0181452
67 0.506349 0.483583 0.973658 0.351959
68 0.506739 0.485887 0.969754 0.348502
7 0.0898164 0.0661722 0.049532 0.0321141
8 0.0898164 0.0661722 0.049532 0.0321141
32 0.333011 0.120248 0.033184 0.0181452
77 0.501274 0.486751 0.979123 0.346774
0 0.333011 0.120248 0.033184 0.0181452
