48 0.475372 0.506021 0.944499 0.504014
49 0.4863 0.508888 0.963233 0.50172
53 0.500351 0.504587 0.947622 0.5
79 0.475372 0.506021 0.944499 0.504014
56 0.4863 0.508888 0.963233 0.50172
54 0.500351 0.504587 0.947622 0.5
109 0.500351 0.504587 0.947622 0.5
103 0.4863 0.508888 0.963233 0.50172
95 0.475372 0.506021 0.944499 0.504014
77 0.502692 0.507167 0.946061 0.499427
67 0.475372 0.506021 0.944499 0.504014
104 0.4863 0.508888 0.963233 0.50172
101 0.4863 0.508888 0.963233 0.50172
68 0.4863 0.508888 0.963233 0.50172
50 0.4863 0.508888 0.963233 0.50172
105 0.4863 0.508888 0.963233 0.50172
73 0.4863 0.508888 0.963233 0.50172
46 0.4863 0.508888 0.963233 0.50172
84 0.475372 0.506021 0.944499 0.504014
17 0.4863 0.508888 0.963233 0.50172
111 0.4863 0.508888 0.963233 0.50172
81 0.500351 0.504587 0.947622 0.5
76 0.500351 0.504587 0.947622 0.5
97 0.475372 0.506021 0.944499 0.504014
75 0.4863 0.508888 0.963233 0.50172
74 0.4863 0.508888 0.963233 0.50172
110 0.475372 0.506021 0.944499 0.504014
66 0.4863 0.508888 0.963233 0.50172
100 0.4863 0.508888 0.963233 0.50172
51 0.500351 0.504587 0.947622 0.5
47 0.500351 0.504587 0.947622 0.5
42 0.475372 0.506021 0.944499 0.504014
41 0.500351 0.504587 0.947622 0.5
108 0.502692 0.507167 0.946061 0.499427
99 0.500351 0.504587 0.947622 0.5
14 0.500351 0.504587 0.947622 0.5
102 0.502692 0.507167 0.946061 0.499427
31 0.500351 0.504587 0.947622 0.5
33 0.4863 0.508888 0.963233 0.50172
5 0.4863 0.508888 0.963233 0.50172
78 0.4863 0.508888 0.963233 0.50172
34 0.4863 0.508888 0.963233 0.50172
80 0.475372 0.506021 0.944499 0.504014
0 0.475372 0.506021 0.944499 0.504014
16 0.4863 0.508888 0.963233 0.50172
11 0.502692 0.507167 0.946061 0.499427
15 0.500351 0.504587 0.947622 0.5
38 0.475372 0.506021 0.944499 0.504014
21 0.500351 0.504587 0.947622 0.5
54 0.469127 0.571101 0.928888 0.377294
12 0.475372 0.506021 0.944499 0.504014
28 0.502692 0.507167 0.946061 0.499427
49 0.412145 0.566514 0.813362 0.387615
65 0.502692 0.507167 0.946061 0.499427
104 0.412145 0.566514 0.813362 0.387615
68 0.412145 0.566514 0.813362 0.387615
79 0.412145 0.566514 0.813362 0.387615
53 0.469127 0.571101 0.928888 0.377294
50 0.412145 0.566514 0.813362 0.387615
48 0.412145 0.566514 0.813362 0.387615
72 0.500351 0.504587 0.947622 0.5
48 0.507376 0.495413 0.967917 0.525229
111 0.507376 0.495413 0.967917 0.525229
46 0.507376 0.495413 0.967917 0.525229
56 0.507376 0.495413 0.967917 0.525229
54 0.507376 0.495413 0.967917 0.525229
103 0.507376 0.495413 0.967917 0.525229
99 0.509717 0.504014 0.960111 0.509174
110 0.507376 0.495413 0.967917 0.525229
109 0.497228 0.488245 0.952305 0.540711
75 0.509717 0.504014 0.960111 0.509174
101 0.507376 0.495413 0.967917 0.525229
68 0.507376 0.495413 0.967917 0.525229
50 0.507376 0.495413 0.967917 0.525229
95 0.497228 0.488245 0.952305 0.540711
53 0.507376 0.495413 0.967917 0.525229
67 0.507376 0.495413 0.967917 0.525229
102 0.497228 0.488245 0.952305 0.540711
84 0.507376 0.495413 0.967917 0.525229
80 0.507376 0.495413 0.967917 0.525229
77 0.509717 0.504014 0.960111 0.509174
66 0.497228 0.488245 0.952305 0.540711
100 0.507376 0.495413 0.967917 0.525229
52 0.505034 0.504014 0.969478 0.516055
104 0.507376 0.495413 0.967917 0.525229
105 0.507376 0.495413 0.967917 0.525229
81 0.507376 0.495413 0.967917 0.525229
73 0.507376 0.495413 0.967917 0.525229
108 0.507376 0.495413 0.967917 0.525229
76 0.507376 0.495413 0.967917 0.525229
47 0.509717 0.504014 0.960111 0.509174
49 0.509717 0.504014 0.960111 0.509174
41 0.509717 0.504014 0.960111 0.509174
42 0.507376 0.495413 0.967917 0.525229
74 0.507376 0.495413 0.967917 0.525229
97 0.505034 0.504014 0.969478 0.516055
51 0.509717 0.504014 0.960111 0.509174
78 0.507376 0.495413 0.967917 0.525229
17 0.497228 0.488245 0.952305 0.540711
79 0.505034 0.504014 0.969478 0.516055
48 0.434392 0.556766 0.842244 0.404817
33 0.507376 0.495413 0.967917 0.525229
50 0.506205 0.47986 0.984309 0.566657
48 0.505424 0.49656 0.981187 0.534404
48 0.500351 0.384461 0.983528 0.768922
49 0.506205 0.47986 0.984309 0.566657
46 0.500351 0.384461 0.983528 0.768922
51 0.500351 0.384461 0.983528 0.768922
50 0.501912 0.367546 0.978845 0.735092
100 0.505424 0.49656 0.981187 0.534404
46 0.505424 0.49656 0.981187 0.534404
100 0.500351 0.384461 0.983528 0.768922
51 0.505424 0.49656 0.981187 0.534404
99 0.505424 0.49656 0.981187 0.534404
49 0.501912 0.367546 0.978845 0.735092
99 0.500351 0.384461 0.983528 0.768922
73 0.500351 0.384461 0.983528 0.768922
76 0.505424 0.49656 0.981187 0.534404
47 0.500351 0.384461 0.983528 0.768922
73 0.505424 0.49656 0.981187 0.534404
75 0.500351 0.384461 0.983528 0.768922
76 0.500351 0.384461 0.983528 0.768922
75 0.505424 0.49656 0.981187 0.534404
47 0.505424 0.49656 0.981187 0.534404
50 0.501521 0.576978 0.988992 0.362099
68 0.498009 0.355505 0.978845 0.711009
68 0.506205 0.47986 0.984309 0.566657
101 0.506205 0.47986 0.984309 0.566657
49 0.483958 0.576978 0.963233 0.359805
48 0.483958 0.576978 0.963233 0.359805
50 0.495277 0.255734 0.990554 0.511468
97 0.500351 0.384461 0.983528 0.768922
48 0.495277 0.255734 0.990554 0.511468
49 0.495277 0.255734 0.990554 0.511468
100 0.483958 0.576978 0.963233 0.359805
100 0.495277 0.255734 0.990554 0.511468
77 0.505424 0.49656 0.981187 0.534404
84 0.500351 0.384461 0.983528 0.768922
101 0.498009 0.355505 0.978845 0.711009
68 0.494886 0.232368 0.986651 0.464736
53 0.498009 0.355505 0.978845 0.711009
51 0.495277 0.255734 0.990554 0.511468
53 0.505424 0.49656 0.981187 0.534404
109 0.505424 0.49656 0.981187 0.534404
52 0.500351 0.384461 0.983528 0.768922
109 0.500351 0.384461 0.983528 0.768922
52 0.505424 0.49656 0.981187 0.534404
76 0.495277 0.255734 0.990554 0.511468
99 0.483958 0.576978 0.963233 0.359805
111 0.505424 0.49656 0.981187 0.534404
77 0.500351 0.384461 0.983528 0.768922
84 0.505424 0.49656 0.981187 0.534404
97 0.505424 0.49656 0.981187 0.534404
51 0.491374 0.575115 0.981187 0.370413
46 0.495277 0.255734 0.990554 0.511468
111 0.500351 0.384461 0.983528 0.768922
68 0.505034 0.575115 0.981967 0.372706
46 0.491374 0.575115 0.981187 0.370413
110 0.498009 0.355505 0.978845 0.711009
110 0.506205 0.47986 0.984309 0.566657
102 0.505424 0.49656 0.981187 0.534404
17 0.500351 0.384461 0.983528 0.768922
102 0.496448 0.284117 0.992895 0.568234
47 0.491374 0.575115 0.981187 0.370413
101 0.501521 0.576978 0.988992 0.362099
47 0.495277 0.255734 0.990554 0.511468
68 0.498399 0.8125 0.995237 0.375
73 0.495277 0.255734 0.990554 0.511468
76 0.483958 0.576978 0.963233 0.359805
99 0.495277 0.255734 0.990554 0.511468
48 0.498399 0.8125 0.995237 0.375
6 0.500351 0.384461 0.983528 0.768922
75 0.495277 0.255734 0.990554 0.511468
102 0.501521 0.576978 0.988992 0.362099
67 0.505424 0.49656 0.981187 0.534404
67 0.498009 0.355505 0.978845 0.711009
109 0.495277 0.255734 0.990554 0.511468
33 0.497228 0.386468 0.994456 0.754587
25 0.505424 0.49656 0.981187 0.534404
6 0.505424 0.49656 0.981187 0.534404
73 0.491374 0.575115 0.981187 0.370413
101 0.494886 0.232368 0.986651 0.464736
48 0.49957 0.185636 0.974161 0.371273
17 0.498789 0.503727 0.996018 0.522362
77 0.495277 0.255734 0.990554 0.511468
50 0.494106 0.179042 0.985089 0.358085
77 0.501521 0.576978 0.988992 0.362099
52 0.483958 0.576978 0.963233 0.359805
2 0.500351 0.384461 0.983528 0.768922
53 0.498399 0.8125 0.995237 0.375
25 0.500351 0.384461 0.983528 0.768922
50 0.505034 0.727638 0.981967 0.544725
97 0.495277 0.255734 0.990554 0.511468
53 0.494886 0.232368 0.986651 0.464736
111 0.495277 0.255734 0.990554 0.511468
102 0.503473 0.402523 0.983528 0.805046
102 0.498399 0.8125 0.995237 0.375
33 0.498789 0.503727 0.996018 0.522362
84 0.495277 0.255734 0.990554 0.511468
48 0.505034 0.671445 0.981967 0.65711
110 0.494886 0.232368 0.986651 0.464736
95 0.501521 0.262901 0.973381 0.525803
52 0.495277 0.255734 0.990554 0.511468
49 0.49957 0.185636 0.974161 0.371273
50 0.559675 0.608945 0.863319 0.286697
48 0.474982 0.870986 0.949964 0.258027
48 0.309694 0.869266 0.619389 0.261468
97 0.491374 0.575115 0.981187 0.370413
97 0.505034 0.487672 0.974161 0.529243
48 0.505034 0.487672 0.974161 0.529243
73 0.505034 0.487672 0.974161 0.529243
100 0.507376 0.463016 0.969478 0.569381
76 0.507376 0.463016 0.969478 0.569381
75 0.498009 0.484232 0.936694 0.553326
103 0.505034 0.487672 0.974161 0.529243
42 0.507376 0.463016 0.969478 0.569381
84 0.505034 0.487672 0.974161 0.529243
47 0.505034 0.487672 0.974161 0.529243
50 0.507376 0.463016 0.969478 0.569381
68 0.505034 0.505734 0.956989 0.505734
46 0.505034 0.487672 0.974161 0.529243
54 0.507376 0.463016 0.969478 0.569381
80 0.507376 0.463016 0.969478 0.569381
53 0.505034 0.505734 0.956989 0.505734
111 0.505034 0.505734 0.956989 0.505734
74 0.498009 0.484232 0.936694 0.553326
99 0.505034 0.487672 0.974161 0.529243
49 0.505034 0.505734 0.956989 0.505734
33 0.498009 0.484232 0.936694 0.553326
109 0.505034 0.487672 0.974161 0.529243
52 0.505034 0.505734 0.956989 0.505734
95 0.505034 0.487672 0.974161 0.529243
77 0.505034 0.505734 0.956989 0.505734
101 0.505034 0.487672 0.974161 0.529243
66 0.498009 0.484232 0.936694 0.553326
110 0.505034 0.505734 0.956989 0.505734
17 0.498009 0.484232 0.936694 0.553326
67 0.505034 0.508601 0.9726 0.516055
56 0.498009 0.484232 0.936694 0.553326
41 0.507376 0.463016 0.969478 0.569381
51 0.505034 0.487672 0.974161 0.529243
105 0.498009 0.484232 0.936694 0.553326
104 0.498009 0.484232 0.936694 0.553326
28 0.505034 0.487672 0.974161 0.529243
56 0.498789 0.504659 0.9726 0.523939
95 0.498789 0.504659 0.9726 0.523939
68 0.498789 0.504659 0.9726 0.523939
111 0.498789 0.504659 0.9726 0.523939
67 0.498789 0.504659 0.9726 0.523939
78 0.502692 0.486812 0.961672 0.567661
109 0.498789 0.504659 0.9726 0.523939
84 0.498789 0.504659 0.9726 0.523939
53 0.498789 0.504659 0.9726 0.523939
103 0.498789 0.504659 0.9726 0.523939
101 0.498789 0.504659 0.9726 0.523939
77 0.498789 0.504659 0.9726 0.523939
97 0.498789 0.504659 0.9726 0.523939
104 0.498789 0.504659 0.9726 0.523939
110 0.498789 0.504659 0.9726 0.523939
54 0.501131 0.479644 0.971039 0.56594
48 0.498789 0.504659 0.9726 0.523939
79 0.498789 0.504659 0.9726 0.523939
108 0.498789 0.504659 0.9726 0.523939
76 0.498789 0.504659 0.9726 0.523939
66 0.498789 0.504659 0.9726 0.523939
49 0.498789 0.504659 0.9726 0.523939
74 0.498789 0.504659 0.9726 0.523939
52 0.496838 0.486884 0.984309 0.564077
80 0.501131 0.479644 0.971039 0.56594
81 0.496838 0.486884 0.984309 0.564077
102 0.498789 0.504659 0.9726 0.523939
47 0.496838 0.486884 0.984309 0.564077
105 0.498789 0.504659 0.9726 0.523939
73 0.498789 0.504659 0.9726 0.523939
78 0.502302 0.37242 0.962453 0.366399
100 0.498789 0.504659 0.9726 0.523939
75 0.498789 0.504659 0.9726 0.523939
17 0.498789 0.504659 0.9726 0.523939
50 0.498789 0.504659 0.9726 0.523939
42 0.497228 0.479645 0.9726 0.556766
99 0.498789 0.504659 0.9726 0.523939
33 0.498789 0.504659 0.9726 0.523939
41 0.498789 0.504659 0.9726 0.523939
77 0.509327 0.506881 0.979625 0.508027
101 0.509327 0.506881 0.979625 0.508027
102 0.509327 0.506881 0.979625 0.508027
48 0.501912 0.5043 0.989773 0.52695
67 0.501912 0.5043 0.989773 0.52695
68 0.509327 0.506881 0.979625 0.508027
50 0.501912 0.5043 0.989773 0.52695
49 0.501912 0.5043 0.989773 0.52695
110 0.509327 0.506881 0.979625 0.508027
111 0.501912 0.5043 0.989773 0.52695
102 0.503473 0.405963 0.989773 0.71789
99 0.501912 0.5043 0.989773 0.52695
101 0.503473 0.405963 0.989773 0.71789
77 0.503473 0.405963 0.989773 0.71789
53 0.501912 0.5043 0.989773 0.52695
51 0.501912 0.5043 0.989773 0.52695
109 0.509327 0.506881 0.979625 0.508027
47 0.501912 0.5043 0.989773 0.52695
68 0.503473 0.405963 0.989773 0.71789
73 0.504253 0.502007 0.985089 0.518922
84 0.505034 0.506594 0.981967 0.506307
100 0.501912 0.5043 0.989773 0.52695
102 0.503473 0.615969 0.975723 0.288704
110 0.503473 0.405963 0.989773 0.71789
102 0.511709 0.121201 0.976583 0.242403
76 0.509327 0.506881 0.979625 0.508027
52 0.501912 0.5043 0.989773 0.52695
101 0.500351 0.584719 0.992895 0.358085
68 0.511709 0.121201 0.976583 0.242403
68 0.500351 0.584719 0.992895 0.358085
46 0.501912 0.5043 0.989773 0.52695
101 0.511709 0.121201 0.976583 0.242403
77 0.511709 0.121201 0.976583 0.242403
48 0.502302 0.503154 0.973381 0.495986
47 0.502302 0.503154 0.973381 0.495986
49 0.502302 0.503154 0.973381 0.495986
51 0.502692 0.493406 0.975723 0.538417
50 0.502302 0.503154 0.973381 0.495986
73 0.502692 0.493406 0.975723 0.538417
46 0.507376 0.503154 0.955428 0.491399
99 0.507376 0.503154 0.955428 0.491399
111 0.492935 0.504874 0.940597 0.489106
100 0.507376 0.503154 0.955428 0.491399
52 0.502692 0.493406 0.975723 0.538417
101 0.492935 0.504874 0.940597 0.489106
48 0.35087 0.462443 0.6752 0.604931
53 0.507376 0.503154 0.956989 0.516628
101 0.503473 0.506594 0.981967 0.508601
68 0.503473 0.506594 0.981967 0.508601
111 0.508156 0.506307 0.971039 0.502294
48 0.495277 0.504587 0.960892 0.50344
67 0.503473 0.506594 0.981967 0.508601
77 0.503473 0.506594 0.981967 0.508601
52 0.498789 0.510894 0.964795 0.498853
53 0.505034 0.511755 0.964794 0.50172
84 0.506985 0.510608 0.95933 0.497133
102 0.503473 0.506594 0.981967 0.508601
109 0.508156 0.506307 0.971039 0.502294
49 0.495277 0.504587 0.960892 0.50344
110 0.508156 0.506307 0.971039 0.502294
47 0.495277 0.504587 0.960892 0.50344
56 0.506985 0.510608 0.95933 0.497133
97 0.506985 0.510608 0.95933 0.497133
50 0.495277 0.504587 0.960892 0.50344
99 0.503473 0.506594 0.981967 0.508601
48 0.508156 0.482798 0.963233 0.566514
47 0.511279 0.475344 0.956989 0.579128
73 0.578408 0.489966 0.814923 0.547592
99 0.519084 0.474771 0.947622 0.579128
111 0.510498 0.497706 0.964795 0.534404
103 0.578408 0.489966 0.814923 0.547592
68 0.510498 0.497706 0.964795 0.534404
84 0.510498 0.497706 0.964795 0.534404
56 0.510498 0.497706 0.964795 0.534404
53 0.510498 0.497706 0.964795 0.534404
100 0.578408 0.489966 0.814923 0.547592
49 0.560455 0.489679 0.847708 0.544725
101 0.510498 0.497706 0.964795 0.534404
51 0.560455 0.489679 0.847708 0.544725
67 0.510498 0.497706 0.964795 0.534404
50 0.560455 0.489679 0.847708 0.544725
46 0.560455 0.489679 0.847708 0.544725
76 0.560455 0.489679 0.847708 0.544725
77 0.510498 0.497706 0.964795 0.534404
54 0.519084 0.474771 0.947622 0.579128
52 0.508156 0.482798 0.963233 0.566514
75 0.578408 0.489966 0.814923 0.547592
41 0.578408 0.489966 0.814923 0.547592
102 0.510498 0.497706 0.964795 0.534404
109 0.578408 0.489966 0.814923 0.547592
111 0.508156 0.503154 0.974161 0.512041
101 0.51323 0.506881 0.964014 0.513761
48 0.507376 0.5 0.935133 0.533257
77 0.508156 0.503154 0.974161 0.512041
110 0.508156 0.503154 0.974161 0.512041
47 0.507376 0.5 0.935133 0.533257
102 0.508156 0.503154 0.974161 0.512041
49 0.507376 0.5 0.935133 0.533257
67 0.51323 0.506881 0.964014 0.513761
73 0.508156 0.503154 0.974161 0.512041
99 0.508156 0.503154 0.974161 0.512041
68 0.508156 0.503154 0.974161 0.512041
51 0.508156 0.503154 0.974161 0.512041
50 0.508937 0.504587 0.969478 0.513761
84 0.495667 0.501147 0.985089 0.509174
109 0.508156 0.503154 0.974161 0.512041
100 0.509717 0.505161 0.969478 0.513761
53 0.508156 0.503154 0.974161 0.512041
46 0.51323 0.506881 0.964014 0.513761
77 0.497228 0.510894 0.944499 0.501147
99 0.506595 0.509461 0.967917 0.505161
110 0.506205 0.508314 0.964014 0.506307
101 0.497228 0.510894 0.944499 0.501147
111 0.506595 0.509461 0.967917 0.505161
109 0.506595 0.509461 0.967917 0.505161
48 0.492545 0.505734 0.938255 0.493119
73 0.506595 0.509461 0.967917 0.505161
102 0.492545 0.505734 0.938255 0.493119
51 0.492545 0.505734 0.938255 0.493119
100 0.506595 0.509461 0.967917 0.505161
47 0.492545 0.505734 0.938255 0.493119
84 0.506595 0.509461 0.967917 0.505161
49 0.492545 0.505734 0.938255 0.493119
67 0.492545 0.505734 0.938255 0.493119
76 0.506595 0.509461 0.967917 0.505161
50 0.492545 0.505734 0.938255 0.493119
68 0.497228 0.510894 0.944499 0.501147
75 0.504644 0.510895 0.951525 0.512615
46 0.506595 0.509461 0.967917 0.505161
101 0.511279 0.508028 0.971039 0.506881
111 0.506985 0.507454 0.981187 0.517202
48 0.506985 0.507454 0.981187 0.517202
77 0.511279 0.508028 0.971039 0.506881
67 0.506985 0.507454 0.981187 0.517202
102 0.509717 0.512041 0.974161 0.512615
49 0.506985 0.507454 0.981187 0.517202
47 0.508156 0.510895 0.978845 0.510321
68 0.506985 0.507454 0.981187 0.517202
110 0.509717 0.512041 0.974161 0.512615
99 0.506985 0.507454 0.981187 0.517202
50 0.508156 0.510895 0.978845 0.510321
53 0.508156 0.510895 0.978845 0.510321
51 0.509717 0.512041 0.974161 0.512615
100 0.506985 0.507454 0.981187 0.517202
73 0.508156 0.510895 0.978845 0.510321
84 0.508156 0.510895 0.978845 0.510321
52 0.508156 0.510895 0.978845 0.510321
46 0.506985 0.507454 0.981187 0.517202
56 0.506985 0.507454 0.981187 0.517202
109 0.506985 0.507454 0.981187 0.517202
77 0.498789 0.495986 0.944499 0.52867
101 0.498789 0.495986 0.944499 0.52867
48 0.503473 0.448968 0.956989 0.635321
102 0.498789 0.495986 0.944499 0.52867
67 0.505815 0.472477 0.955428 0.586009
111 0.504644 0.461296 0.951525 0.618693
68 0.495667 0.482726 0.941377 0.55863
49 0.504644 0.461296 0.951525 0.618693
47 0.504644 0.461296 0.951525 0.618693
53 0.502692 0.459289 0.960111 0.614679
52 0.503473 0.448968 0.956989 0.635321
110 0.498789 0.495986 0.944499 0.52867
50 0.505815 0.472477 0.955428 0.586009
73 0.504644 0.461296 0.951525 0.618693
51 0.502692 0.459289 0.960111 0.614679
99 0.504644 0.461296 0.951525 0.618693
100 0.504644 0.461296 0.951525 0.618693
46 0.504644 0.461296 0.951525 0.618693
56 0.504644 0.461296 0.951525 0.618693
48 0.511318 0.456422 0.977363 0.614679
101 0.502692 0.479645 0.952305 0.551032
77 0.501521 0.462156 0.951525 0.598624
102 0.502692 0.479645 0.952305 0.551032
49 0.511318 0.456422 0.977363 0.614679
51 0.506985 0.443234 0.967136 0.638761
47 0.511318 0.456422 0.977363 0.614679
111 0.500741 0.448968 0.953086 0.622706
53 0.507766 0.460436 0.970259 0.602064
50 0.507766 0.460436 0.970259 0.602064
67 0.501521 0.462156 0.951525 0.598624
73 0.506985 0.443234 0.967136 0.638761
52 0.506985 0.443234 0.967136 0.638761
68 0.507766 0.460436 0.970259 0.602064
99 0.507766 0.460436 0.970259 0.602064
110 0.502692 0.479645 0.952305 0.551032
48 0.504253 0.495341 0.989773 0.525373
101 0.512059 0.49914 0.964795 0.508601
77 0.512059 0.49914 0.964795 0.508601
102 0.521426 0.5 0.947622 0.511468
49 0.504253 0.495341 0.989773 0.525373
51 0.512059 0.50172 0.974161 0.511468
47 0.504253 0.495341 0.989773 0.525373
99 0.512059 0.50172 0.974161 0.511468
73 0.512059 0.50172 0.974161 0.511468
110 0.515962 0.499427 0.961672 0.505734
8 0.515962 0.499427 0.961672 0.505734
111 0.512059 0.50172 0.974161 0.511468
100 0.504253 0.495341 0.989773 0.525373
50 0.512059 0.50172 0.974161 0.511468
67 0.511279 0.500573 0.9726 0.510321
6 0.515962 0.499427 0.961672 0.505734
101 0.512099 0.469108 0.975802 0.587013
77 0.518694 0.4957 0.960892 0.52695
102 0.516743 0.492259 0.961672 0.520069
48 0.512099 0.469108 0.975802 0.587013
110 0.52689 0.502007 0.922643 0.499427
67 0.512099 0.469108 0.975802 0.587013
49 0.512099 0.469108 0.975802 0.587013
111 0.512099 0.469108 0.975802 0.587013
68 0.516743 0.492259 0.961672 0.520069
50 0.516743 0.492259 0.961672 0.520069
6 0.520255 0.497993 0.929668 0.508601
53 0.516743 0.492259 0.961672 0.520069
47 0.512099 0.469108 0.975802 0.587013
100 0.512099 0.469108 0.975802 0.587013
99 0.516743 0.492259 0.961672 0.520069
51 0.516743 0.492259 0.961672 0.520069
8 0.52689 0.502007 0.922643 0.499427
73 0.512099 0.469108 0.975802 0.587013
111 0.516743 0.490252 0.93201 0.533257
77 0.515182 0.499427 0.914837 0.512615
48 0.520646 0.486525 0.928888 0.549885
73 0.521036 0.481006 0.924985 0.554042
99 0.521036 0.481006 0.924985 0.554042
110 0.524158 0.494266 0.898445 0.520642
101 0.52611 0.500573 0.894542 0.511468
100 0.521036 0.481006 0.924985 0.554042
47 0.521036 0.481006 0.924985 0.554042
102 0.52611 0.500573 0.894542 0.511468
51 0.516743 0.490252 0.93201 0.533257
67 0.52611 0.500573 0.894542 0.511468
6 0.514401 0.50086 0.913276 0.507454
46 0.521036 0.481006 0.924985 0.554042
8 0.514401 0.50086 0.913276 0.507454
68 0.52611 0.500573 0.894542 0.511468
49 0.520646 0.486525 0.928888 0.549885
84 0.516743 0.490252 0.93201 0.533257
76 0.521036 0.481006 0.924985 0.554042
109 0.514401 0.50086 0.913276 0.507454
50 0.516743 0.490252 0.93201 0.533257
9 0.514401 0.50086 0.913276 0.507454
52 0.516743 0.490252 0.93201 0.533257
101 0.57997 0.499713 0.816485 0.513188
77 0.519865 0.491471 0.942938 0.541141
102 0.57997 0.493191 0.816485 0.522792
48 0.514401 0.504587 0.956989 0.518349
111 0.514401 0.504587 0.956989 0.518349
67 0.514401 0.504587 0.956989 0.518349
68 0.514401 0.504587 0.956989 0.518349
49 0.576067 0.5 0.825852 0.513762
110 0.57997 0.497061 0.825852 0.515052
6 0.518694 0.494553 0.940597 0.529243
99 0.521426 0.484232 0.942938 0.548739
68 0.510498 0.0149799 0.977284 0.0299599
47 0.518694 0.494553 0.940597 0.529243
67 0.510498 0.0149799 0.977284 0.0299599
8 0.518694 0.494553 0.940597 0.529243
101 0.510498 0.0149799 0.977284 0.0299599
51 0.518694 0.494553 0.940597 0.529243
13 0.57997 0.493191 0.816485 0.522792
101 0.575286 0.454702 0.830535 0.611238
77 0.583482 0.454989 0.815704 0.612959
102 0.530403 0.493191 0.91874 0.52738
67 0.570603 0.44094 0.841463 0.647936
111 0.583482 0.454989 0.815704 0.612959
68 0.583482 0.454989 0.815704 0.612959
110 0.583482 0.454989 0.815704 0.612959
48 0.570603 0.44094 0.841463 0.647936
6 0.583482 0.454989 0.815704 0.612959
49 0.570603 0.44094 0.841463 0.647936
53 0.570603 0.44094 0.841463 0.647936
51 0.570603 0.44094 0.841463 0.647936
52 0.570603 0.44094 0.841463 0.647936
109 0.583482 0.454989 0.815704 0.612959
101 0.586214 0.489106 0.816485 0.538991
102 0.586604 0.510895 0.818826 0.491973
48 0.595581 0.452982 0.807118 0.616972
77 0.586995 0.46875 0.816485 0.577408
49 0.595581 0.452982 0.807118 0.616972
47 0.595581 0.452982 0.807118 0.616972
51 0.587775 0.452122 0.819607 0.616399
50 0.587775 0.452122 0.819607 0.616399
111 0.595581 0.452982 0.807118 0.616972
67 0.587775 0.452122 0.819607 0.616399
100 0.587775 0.452122 0.819607 0.616399
99 0.587775 0.452122 0.819607 0.616399
53 0.587775 0.452122 0.819607 0.616399
68 0.587775 0.452122 0.819607 0.616399
110 0.586995 0.46875 0.816485 0.577408
101 0.585043 0.571244 0.815704 0.371273
102 0.651002 0.581565 0.68847 0.34375
101 0.509717 0.478283 0.978845 0.575545
102 0.512059 0.484017 0.971039 0.548022
77 0.51284 0.477064 0.969478 0.565367
102 0.551869 0.59633 0.885176 0.322248
110 0.511279 0.480791 0.971039 0.556766
67 0.508156 0.47219 0.981967 0.578555
49 0.509717 0.478283 0.978845 0.575545
102 0.517523 0.643205 0.953866 0.238819
6 0.51284 0.477064 0.969478 0.565367
48 0.508156 0.47219 0.981967 0.578555
77 0.575676 0.489966 0.815704 0.547592
101 0.579579 0.48459 0.814143 0.55949
102 0.574115 0.485378 0.832877 0.553326
48 0.585434 0.484017 0.802434 0.564077
68 0.519475 0.484232 0.942158 0.540711
49 0.585434 0.484017 0.802434 0.564077
110 0.585434 0.484017 0.802434 0.564077
6 0.585434 0.484017 0.802434 0.564077
67 0.585434 0.484017 0.802434 0.564077
73 0.585434 0.484017 0.802434 0.564077
111 0.585434 0.484017 0.802434 0.564077
99 0.585434 0.484017 0.802434 0.564077
101 0.591288 0.495986 0.812582 0.543578
102 0.588556 0.499427 0.808679 0.514908
77 0.588556 0.491399 0.811801 0.551606
68 0.591288 0.495986 0.812582 0.543578
48 0.588556 0.491399 0.811801 0.551606
110 0.591288 0.495986 0.812582 0.543578
53 0.588556 0.491399 0.811801 0.551606
67 0.588556 0.491399 0.811801 0.551606
49 0.588556 0.491399 0.811801 0.551606
101 0.590898 0.499713 0.794628 0.521216
77 0.590898 0.499713 0.794628 0.521216
102 0.592459 0.5043 0.79619 0.50172
48 0.589336 0.5 0.788384 0.522936
99 0.592849 0.5043 0.790726 0.510894
101 0.587775 0.590453 0.799312 0.332856
68 0.544843 0.504014 0.905471 0.510321
77 0.593239 0.510321 0.811801 0.512615
101 0.593239 0.510321 0.811801 0.512615
102 0.599133 0.507454 0.801733 0.510321
67 0.570603 0.502867 0.841463 0.514908
48 0.593239 0.510321 0.811801 0.512615
110 0.593239 0.510321 0.811801 0.512615
53 0.582311 0.501433 0.818046 0.517775
6 0.570603 0.502867 0.841463 0.514908
48 0.55421 0.508314 0.874247 0.52695
101 0.586214 0.507454 0.813362 0.513761
102 0.58114 0.509748 0.817265 0.510321
77 0.55421 0.508314 0.874247 0.52695
68 0.58114 0.509748 0.817265 0.510321
49 0.572164 0.510608 0.835219 0.518922
53 0.578408 0.506021 0.816485 0.517775
50 0.578408 0.506021 0.816485 0.517775
67 0.574115 0.509174 0.831316 0.517202
51 0.53977 0.504874 0.896884 0.53039
47 0.55421 0.508314 0.874247 0.52695
101 0.584653 0.507454 0.81024 0.498853
102 0.590117 0.504874 0.805557 0.517775
77 0.583482 0.508028 0.818826 0.513761
68 0.581531 0.505734 0.814923 0.5
67 0.583482 0.508028 0.818826 0.513761
48 0.569041 0.506881 0.835218 0.50344
24 0.583482 0.508028 0.818826 0.513761
28 0.58075 0.508888 0.814923 0.505161
18 0.58075 0.508888 0.814923 0.505161
30 0.932791 0.990826 0.132698 0.0183486
20 0.58075 0.508888 0.814923 0.505161
13 0.58075 0.508888 0.814923 0.505161
17 0.583482 0.508028 0.818826 0.513761
30 0.894542 0.991686 0.206073 0.0166284
6 0.583482 0.508028 0.818826 0.513761
30 0.858636 0.992546 0.140504 0.0149083
49 0.583482 0.508028 0.818826 0.513761
30 0.957769 0.989106 0.0843024 0.0217889
101 0.584653 0.508601 0.814924 0.508027
102 0.586604 0.504014 0.815704 0.510321
77 0.589336 0.508601 0.805557 0.510321
48 0.590898 0.494194 0.803995 0.542575
6 0.590898 0.494194 0.803995 0.542575
68 0.593239 0.50172 0.803995 0.52867
67 0.589336 0.508601 0.805557 0.510321
0 0.590898 0.494194 0.803995 0.542575
51 0.590898 0.494194 0.803995 0.542575
53 0.589336 0.508601 0.805557 0.510321
49 0.590898 0.494194 0.803995 0.542575
101 0.597142 0.50172 0.800873 0.512615
102 0.587385 0.50344 0.815704 0.506881
77 0.592068 0.508028 0.79697 0.50344
68 0.5948 0.511181 0.797751 0.50172
67 0.5948 0.511181 0.797751 0.50172
48 0.5948 0.511181 0.797751 0.50172
6 0.5948 0.511181 0.797751 0.50172
102 0.102256 0.572248 0.191242 0.357798
110 0.591678 0.505734 0.802434 0.508027
101 0.102256 0.572248 0.191242 0.357798
99 0.592068 0.508028 0.79697 0.50344
100 0.5948 0.511181 0.797751 0.50172
17 0.5948 0.511181 0.797751 0.50172
19 0.5948 0.511181 0.797751 0.50172
101 0.533135 0.50258 0.913276 0.513188
77 0.571773 0.5043 0.839121 0.514335
102 0.568261 0.499498 0.858636 0.519352
68 0.507376 0.503154 0.977284 0.514335
67 0.585434 0.510321 0.803995 0.50344
48 0.585434 0.510321 0.803995 0.50344
53 0.571773 0.5043 0.839121 0.514335
6 0.591678 0.510321 0.805557 0.506881
24 0.591678 0.510321 0.805557 0.506881
101 0.569822 0.507454 0.852391 0.505734
77 0.567871 0.506881 0.850049 0.506881
102 0.525759 0.508314 0.948482 0.497133
6 0.562797 0.513475 0.864881 0.505161
68 0.525759 0.508314 0.948482 0.497133
48 0.562797 0.513475 0.864881 0.505161
67 0.567871 0.506881 0.850049 0.506881
24 0.562797 0.513475 0.864881 0.505161
53 0.567871 0.506881 0.850049 0.506881
101 0.591678 0.508028 0.811801 0.502294
102 0.59484 0.507167 0.81032 0.497133
77 0.591288 0.509461 0.812582 0.506307
48 0.591288 0.509461 0.812582 0.506307
67 0.591288 0.509461 0.812582 0.506307
49 0.585824 0.507167 0.826632 0.510894
6 0.585824 0.507167 0.826632 0.510894
102 0.614315 0.595183 0.763405 0.324541
68 0.59484 0.507167 0.81032 0.497133
51 0.591288 0.509461 0.812582 0.506307
100 0.585824 0.507167 0.826632 0.510894
99 0.591288 0.509461 0.812582 0.506307
50 0.59484 0.507167 0.81032 0.497133
110 0.591288 0.509461 0.812582 0.506307
101 0.561236 0.510608 0.866442 0.506307
102 0.545624 0.506881 0.905471 0.5
77 0.540941 0.509174 0.903909 0.508027
48 0.510498 0.506881 0.967917 0.516055
68 0.51362 0.505161 0.966356 0.516055
67 0.510498 0.506881 0.967917 0.516055
49 0.510498 0.506881 0.967917 0.516055
110 0.589336 0.508028 0.821168 0.502294
53 0.510498 0.506881 0.967917 0.516055
6 0.51362 0.505161 0.966356 0.516055
73 0.51362 0.505161 0.966356 0.516055
100 0.51362 0.505161 0.966356 0.516055
51 0.510498 0.506881 0.967917 0.516055
101 0.508156 0.505734 0.975723 0.511468
102 0.508156 0.505734 0.975723 0.511468
68 0.514791 0.5043 0.967136 0.504014
48 0.511279 0.509174 0.975723 0.518349
77 0.510498 0.506881 0.971039 0.518349
67 0.510888 0.512615 0.976503 0.512615
53 0.510498 0.506881 0.971039 0.518349
100 0.510888 0.512615 0.976503 0.512615
49 0.510888 0.512615 0.976503 0.512615
6 0.510888 0.512615 0.976503 0.512615
51 0.510888 0.512615 0.976503 0.512615
110 0.509717 0.507454 0.978845 0.517202
111 0.511279 0.509174 0.975723 0.518349
52 0.511279 0.509174 0.975723 0.518349
73 0.510888 0.512615 0.976503 0.512615
17 0.511279 0.509174 0.975723 0.518349
50 0.509717 0.507454 0.978845 0.517202
76 0.511279 0.509174 0.975723 0.518349
108 0.511279 0.509174 0.975723 0.518349
19 0.509327 0.507741 0.970259 0.513188
99 0.510888 0.512615 0.976503 0.512615
95 0.511279 0.509174 0.975723 0.518349
102 0.564748 0.504014 0.854733 0.502294
101 0.574115 0.504014 0.835999 0.510321
77 0.574115 0.504014 0.835999 0.510321
68 0.564358 0.505734 0.852391 0.506881
6 0.592849 0.498853 0.812582 0.530963
48 0.592849 0.498853 0.812582 0.530963
67 0.592849 0.498853 0.812582 0.530963
101 0.581531 0.507741 0.825852 0.509748
102 0.581531 0.507741 0.825852 0.509748
68 0.577628 0.509174 0.83678 0.511468
77 0.581531 0.507741 0.825852 0.509748
53 0.545624 0.506881 0.907032 0.516055
48 0.545624 0.506881 0.907032 0.516055
6 0.545624 0.506881 0.907032 0.516055
67 0.545624 0.506881 0.907032 0.516055
19 0.548746 0.506881 0.900787 0.518349
17 0.548746 0.506881 0.900787 0.518349
108 0.545624 0.506881 0.907032 0.516055
14 0.548746 0.506881 0.900787 0.518349
24 0.548746 0.506881 0.900787 0.518349
76 0.545624 0.506881 0.907032 0.516055
110 0.587775 0.508028 0.813362 0.511468
100 0.548746 0.506881 0.900787 0.518349
101 0.521426 0.504587 0.946061 0.506881
102 0.521426 0.504587 0.946061 0.506881
77 0.531574 0.507454 0.922643 0.511468
48 0.527281 0.502867 0.934352 0.514908
6 0.530793 0.506881 0.928888 0.516055
53 0.527281 0.502867 0.934352 0.514908
100 0.527281 0.502867 0.934352 0.514908
68 0.518304 0.5043 0.946061 0.502867
67 0.527281 0.502867 0.934352 0.514908
51 0.527281 0.502867 0.934352 0.514908
24 0.530793 0.506881 0.928888 0.516055
76 0.527281 0.502867 0.934352 0.514908
49 0.527281 0.502867 0.934352 0.514908
52 0.527281 0.502867 0.934352 0.514908
110 0.522597 0.505161 0.940597 0.508028
99 0.530793 0.506881 0.928888 0.516055
8 0.533915 0.505161 0.922643 0.514908
73 0.527281 0.502867 0.934352 0.514908
108 0.527281 0.502867 0.934352 0.514908
50 0.518304 0.5043 0.946061 0.502867
19 0.527281 0.502867 0.934352 0.514908
0 0.527281 0.502867 0.934352 0.514908
111 0.527281 0.502867 0.934352 0.514908
77 0.509367 0.506021 0.981266 0.523509
101 0.512059 0.509748 0.964795 0.517202
102 0.508547 0.506881 0.97182 0.514908
68 0.514441 0.508028 0.971119 0.510321
48 0.509717 0.496846 0.978845 0.541858
53 0.509717 0.496846 0.978845 0.541858
67 0.509367 0.506021 0.981266 0.523509
6 0.509367 0.506021 0.981266 0.523509
52 0.509717 0.496846 0.978845 0.541858
51 0.509717 0.496846 0.978845 0.541858
24 0.509367 0.506021 0.981266 0.523509
49 0.509717 0.496846 0.978845 0.541858
8 0.509367 0.505161 0.981266 0.520642
108 0.509717 0.496846 0.978845 0.541858
111 0.509717 0.496846 0.978845 0.541858
101 0.588986 0.508601 0.822028 0.520642
102 0.515962 0.504587 0.966356 0.508028
77 0.588986 0.508601 0.822028 0.520642
68 0.527671 0.505447 0.939816 0.513188
48 0.577628 0.507454 0.839902 0.512615
53 0.577628 0.507454 0.839902 0.512615
6 0.588986 0.508601 0.822028 0.520642
67 0.577628 0.507454 0.839902 0.512615
77 0.588596 0.50172 0.822809 0.519495
102 0.522207 0.502294 0.955428 0.510321
101 0.588986 0.505734 0.822028 0.519495
6 0.562446 0.5043 0.875108 0.525803
48 0.588596 0.50172 0.822809 0.519495
53 0.588596 0.50172 0.822809 0.519495
67 0.588596 0.50172 0.822809 0.519495
68 0.544883 0.49828 0.910233 0.521789
110 0.531223 0.50344 0.937554 0.511468
8 0.562446 0.5043 0.875108 0.525803
24 0.562446 0.5043 0.875108 0.525803
101 0.560885 0.500072 0.87823 0.528526
102 0.548746 0.501075 0.900787 0.518492
77 0.544063 0.5043 0.899226 0.514335
68 0.560885 0.500072 0.87823 0.528526
53 0.576067 0.500502 0.839902 0.520786
6 0.576067 0.500502 0.839902 0.520786
67 0.544063 0.5043 0.899226 0.514335
48 0.576067 0.500502 0.839902 0.520786
24 0.560885 0.500072 0.87823 0.528526
48 0.0836926 0.460149 0.158116 0.586583
108 0.0836926 0.460149 0.158116 0.586583
52 0.576067 0.500502 0.839902 0.520786
108 0.576067 0.500502 0.839902 0.520786
52 0.0821314 0.46531 0.155384 0.569381
110 0.537818 0.506881 0.919521 0.505734
50 0.0836926 0.460149 0.158116 0.586583
53 0.0836926 0.460149 0.158116 0.586583
51 0.0836926 0.460149 0.158116 0.586583
101 0.51284 0.508028 0.966356 0.512615
102 0.517133 0.505161 0.964014 0.519495
77 0.520646 0.504874 0.942938 0.510894
68 0.517133 0.505161 0.964014 0.519495
6 0.520646 0.504874 0.942938 0.510894
30 0.847708 0.994266 0.112403 0.0114679
105 0.26364 0.0625 0.527281 0.125
53 0.51362 0.50172 0.956989 0.519495
102 0.516743 0.508888 0.95855 0.506307
101 0.509327 0.505734 0.976503 0.518349
77 0.509327 0.505734 0.976503 0.518349
68 0.516743 0.508888 0.95855 0.506307
48 0.519084 0.508601 0.953866 0.509174
74 0.515962 0.509174 0.963233 0.506881
76 0.509327 0.505734 0.976503 0.518349
6 0.509327 0.505734 0.976503 0.518349
67 0.509327 0.505734 0.976503 0.518349
99 0.519084 0.508601 0.953866 0.509174
102 0.51362 0.504014 0.95855 0.512615
101 0.508937 0.484518 0.977284 0.556193
77 0.508156 0.476778 0.974161 0.571674
51 0.508156 0.476778 0.974161 0.571674
48 0.508156 0.476778 0.974161 0.571674
99 0.508156 0.476778 0.974161 0.571674
50 0.508156 0.476778 0.974161 0.571674
76 0.508156 0.476778 0.974161 0.571674
100 0.508156 0.476778 0.974161 0.571674
68 0.51284 0.50172 0.969478 0.516055
49 0.508156 0.476778 0.974161 0.571674
74 0.51362 0.504014 0.95855 0.512615
6 0.49957 0.463303 0.93201 0.598624
110 0.508937 0.484518 0.977284 0.556193
53 0.508156 0.476778 0.974161 0.571674
19 0.508156 0.476778 0.974161 0.571674
48 0.0854001 0.506881 0.163287 0.502294
73 0.508156 0.476778 0.974161 0.571674
102 0.522987 0.506021 0.941377 0.508601
101 0.519084 0.495413 0.956989 0.53211
77 0.519084 0.495413 0.956989 0.53211
48 0.515181 0.490897 0.963233 0.541141
51 0.515962 0.462729 0.960111 0.598624
68 0.511279 0.507167 0.9726 0.508601
53 0.515181 0.490897 0.963233 0.541141
99 0.515181 0.490897 0.963233 0.541141
6 0.515181 0.490897 0.963233 0.541141
76 0.515181 0.490897 0.963233 0.541141
50 0.515962 0.462729 0.960111 0.598624
74 0.511279 0.507167 0.9726 0.508601
77 0.549527 0.505161 0.886737 0.512615
101 0.534306 0.506307 0.920302 0.508027
102 0.524548 0.506881 0.939816 0.505734
48 0.523768 0.49914 0.947622 0.524656
51 0.55343 0.506021 0.878931 0.513188
110 0.534306 0.506307 0.920302 0.508027
99 0.52611 0.506307 0.938255 0.505734
6 0.525329 0.505161 0.938255 0.510321
68 0.52611 0.506307 0.938255 0.505734
76 0.55343 0.506021 0.878931 0.513188
67 0.525329 0.505161 0.938255 0.510321
8 0.55343 0.506021 0.878931 0.513188
50 0.52611 0.506307 0.938255 0.505734
52 0.55343 0.506021 0.878931 0.513188
47 0.523768 0.49914 0.947622 0.524656
100 0.52611 0.506307 0.938255 0.505734
49 0.55343 0.506021 0.878931 0.513188
53 0.55343 0.506021 0.878931 0.513188
101 0.561275 0.495485 0.877449 0.531967
102 0.515182 0.497993 0.966356 0.521216
77 0.571773 0.489106 0.851611 0.536697
49 0.561275 0.495485 0.877449 0.531967
76 0.561275 0.495485 0.877449 0.531967
51 0.571773 0.489106 0.851611 0.536697
48 0.561275 0.495485 0.877449 0.531967
100 0.561275 0.495485 0.877449 0.531967
48 0.0841073 0.506021 0.157286 0.517775
99 0.561275 0.495485 0.877449 0.531967
110 0.571773 0.489106 0.851611 0.536697
19 0.561275 0.495485 0.877449 0.531967
6 0.541331 0.497133 0.909373 0.524083
50 0.571773 0.489106 0.851611 0.536697
48 0.119428 0.508028 0.226368 0.517202
101 0.507376 0.494839 0.977284 0.533257
102 0.509717 0.496058 0.977284 0.520499
77 0.508547 0.490324 0.978064 0.539994
48 0.508937 0.494266 0.971039 0.53211
51 0.508937 0.494266 0.971039 0.53211
6 0.508937 0.494266 0.971039 0.53211
48 0.0794238 0.506307 0.153579 0.498853
99 0.508937 0.494266 0.971039 0.53211
68 0.508547 0.490324 0.978064 0.539994
48 0.105963 0.493406 0.197877 0.540711
8 0.508937 0.494266 0.971039 0.53211
100 0.508937 0.494266 0.971039 0.53211
76 0.508937 0.494266 0.971039 0.53211
27 0.507376 0.494839 0.977284 0.533257
24 0.507376 0.494839 0.977284 0.533257
101 0.512059 0.4957 0.974161 0.537271
102 0.537038 0.499427 0.924204 0.518349
77 0.512059 0.491471 0.974161 0.542288
6 0.512059 0.491471 0.974161 0.542288
24 0.512059 0.4957 0.974161 0.537271
68 0.512059 0.491471 0.974161 0.542288
48 0.0955964 0.521502 0.180362 0.461583
27 0.512059 0.4957 0.974161 0.537271
101 0.523768 0.501147 0.950744 0.521789
102 0.521856 0.5043 0.956288 0.510894
77 0.52689 0.5 0.946061 0.522936
48 0.0819851 0.507167 0.149822 0.478784
6 0.530403 0.502294 0.93123 0.513762
24 0.523768 0.501147 0.950744 0.521789
48 0.118355 0.478498 0.217586 0.549885
48 0.0576164 0.49656 0.115233 0.505734
27 0.52689 0.5 0.946061 0.522936
101 0.550308 0.504587 0.894542 0.520642
102 0.531574 0.501648 0.93201 0.519639
77 0.556552 0.502007 0.882053 0.522362
6 0.556552 0.502007 0.882053 0.522362
48 0.0858636 0.512041 0.163726 0.481651
48 0.123917 0.476993 0.2291 0.555189
102 0.535867 0.506881 0.923424 0.509174
101 0.549176 0.506881 0.901647 0.516055
77 0.546444 0.507167 0.907111 0.512041
6 0.546444 0.507167 0.907111 0.512041
27 0.549176 0.506881 0.901647 0.516055
102 0.515221 0.505734 0.969557 0.504587
101 0.515221 0.505734 0.969557 0.504587
77 0.553079 0.507454 0.893841 0.508027
6 0.553079 0.507454 0.893841 0.508027
68 0.553079 0.507454 0.893841 0.508027
27 0.546054 0.507454 0.907892 0.509174
48 0.545274 0.507167 0.909453 0.508601
110 0.515221 0.505734 0.969557 0.504587
51 0.545274 0.507167 0.909453 0.508601
102 0.51362 0.504587 0.971039 0.509174
101 0.51362 0.5043 0.964795 0.514335
77 0.531613 0.505161 0.936773 0.513761
6 0.535516 0.502867 0.928967 0.514908
48 0.528101 0.505447 0.943798 0.512041
51 0.528101 0.505447 0.943798 0.512041
68 0.535516 0.502867 0.928967 0.514908
110 0.51362 0.504587 0.971039 0.509174
8 0.528101 0.505447 0.943798 0.512041
99 0.528101 0.505447 0.943798 0.512041
27 0.531613 0.505161 0.936773 0.513761
67 0.535516 0.502867 0.928967 0.514908
101 0.555772 0.505734 0.885176 0.514908
102 0.514401 0.502294 0.966356 0.512615
77 0.544843 0.505161 0.903909 0.514908
6 0.555772 0.50344 0.888298 0.514908
48 0.544843 0.505161 0.903909 0.514908
51 0.544843 0.505161 0.903909 0.514908
48 0.0808874 0.49742 0.149676 0.525803
8 0.544843 0.505161 0.903909 0.514908
102 0.511669 0.502867 0.974942 0.511468
101 0.543673 0.506594 0.90469 0.513188
77 0.538599 0.506881 0.910154 0.516055
6 0.54016 0.505161 0.91796 0.511468
48 0.538599 0.506881 0.910154 0.516055
67 0.538599 0.506881 0.910154 0.516055
51 0.538599 0.506881 0.910154 0.516055
53 0.538599 0.506881 0.910154 0.516055
52 0.538599 0.506881 0.910154 0.516055
68 0.54016 0.505161 0.91796 0.511468
102 0.518304 0.502007 0.963233 0.512041
101 0.578408 0.504587 0.838341 0.514908
77 0.570993 0.502867 0.856294 0.514908
6 0.570993 0.502867 0.856294 0.514908
48 0.576847 0.505161 0.841463 0.516055
48 0.114452 0.477064 0.208219 0.576835
67 0.570993 0.502867 0.856294 0.514908
53 0.576847 0.505161 0.841463 0.516055
68 0.570993 0.502867 0.856294 0.514908
101 0.569822 0.5043 0.858636 0.516628
102 0.524198 0.502867 0.951604 0.510321
77 0.569822 0.5043 0.858636 0.516628
6 0.569432 0.502007 0.859416 0.516628
48 0.569822 0.5043 0.858636 0.516628
68 0.569432 0.502007 0.859416 0.516628
24 0.569822 0.5043 0.858636 0.516628
101 0.548396 0.500573 0.903208 0.526376
102 0.517953 0.50172 0.964093 0.514908
77 0.548396 0.500573 0.903208 0.526376
48 0.543712 0.492546 0.912575 0.542431
68 0.55386 0.497778 0.89228 0.526233
51 0.543712 0.492546 0.912575 0.542431
24 0.548396 0.500573 0.903208 0.526376
6 0.55386 0.497778 0.89228 0.526233
53 0.543712 0.492546 0.912575 0.542431
102 0.515612 0.50344 0.968777 0.511468
101 0.556592 0.49742 0.886816 0.53039
77 0.556592 0.49742 0.886816 0.53039
48 0.556592 0.49742 0.886816 0.53039
51 0.546054 0.496488 0.907892 0.532253
48 0.121673 0.468463 0.224221 0.59289
6 0.556592 0.49742 0.886816 0.53039
68 0.532394 0.50172 0.935212 0.517202
24 0.556592 0.49742 0.886816 0.53039
110 0.532394 0.50172 0.935212 0.517202
76 0.546054 0.496488 0.907892 0.532253
102 0.522637 0.501147 0.954726 0.517202
101 0.537038 0.494768 0.921082 0.537987
77 0.543282 0.492618 0.903909 0.537701
48 0.528451 0.486525 0.938255 0.555619
51 0.528451 0.486525 0.938255 0.555619
68 0.543282 0.492618 0.903909 0.537701
76 0.528451 0.486525 0.938255 0.555619
99 0.528451 0.486525 0.938255 0.555619
24 0.537038 0.494768 0.921082 0.537987
110 0.52654 0.501648 0.946921 0.519639
6 0.543282 0.492618 0.903909 0.537701
49 0.528451 0.486525 0.938255 0.555619
27 0.537038 0.494768 0.921082 0.537987
100 0.528451 0.486525 0.938255 0.555619
102 0.517914 0.502867 0.962453 0.512615
101 0.554991 0.499928 0.882053 0.527666
77 0.552259 0.498782 0.884395 0.525373
48 0.544843 0.496273 0.905471 0.536124
51 0.544843 0.496273 0.905471 0.536124
6 0.552259 0.498782 0.884395 0.525373
68 0.552259 0.498782 0.884395 0.525373
99 0.544843 0.496273 0.905471 0.536124
76 0.544843 0.496273 0.905471 0.536124
24 0.554991 0.499928 0.882053 0.527666
110 0.550308 0.500502 0.888298 0.524226
27 0.554991 0.499928 0.882053 0.527666
102 0.511279 0.502867 0.9726 0.510321
101 0.542502 0.500573 0.903909 0.524083
77 0.533135 0.495986 0.922643 0.53555
48 0.533135 0.495986 0.922643 0.53555
6 0.537818 0.499713 0.910154 0.521216
68 0.537818 0.499713 0.910154 0.521216
27 0.542502 0.500573 0.903909 0.524083
51 0.533135 0.495986 0.922643 0.53555
76 0.533135 0.495986 0.922643 0.53555
99 0.533135 0.495986 0.922643 0.53555
24 0.542502 0.500573 0.903909 0.524083
102 0.516743 0.504014 0.961672 0.511468
101 0.536257 0.498853 0.922643 0.529817
77 0.536257 0.498853 0.922643 0.529817
6 0.536257 0.498853 0.922643 0.529817
48 0.536257 0.498853 0.922643 0.529817
68 0.534696 0.502294 0.919521 0.516055
27 0.536257 0.498853 0.922643 0.529817
102 0.519084 0.504874 0.955428 0.508601
101 0.532354 0.506307 0.927327 0.513761
77 0.534696 0.502867 0.925766 0.519495
68 0.5265 0.5043 0.935913 0.512041
6 0.534696 0.502867 0.925766 0.519495
48 0.534696 0.502867 0.925766 0.519495
53 0.534696 0.502867 0.925766 0.519495
24 0.532354 0.506307 0.927327 0.513761
102 0.511279 0.505447 0.969478 0.508601
101 0.522987 0.506307 0.946061 0.513761
77 0.52689 0.502795 0.941377 0.519639
6 0.519865 0.504587 0.950744 0.511468
68 0.519865 0.504587 0.950744 0.511468
48 0.52689 0.502795 0.941377 0.519639
101 0.518694 0.505734 0.957769 0.513761
102 0.512059 0.505447 0.971039 0.508601
77 0.519865 0.50172 0.955428 0.521789
6 0.516743 0.5043 0.95855 0.512041
48 0.519865 0.50172 0.955428 0.521789
68 0.516743 0.5043 0.95855 0.512041
101 0.517914 0.505734 0.956208 0.512615
102 0.510108 0.505734 0.97182 0.508027
77 0.518304 0.50258 0.956989 0.520069
6 0.517523 0.503154 0.953866 0.513188
48 0.518304 0.50258 0.956989 0.520069
68 0.517523 0.503154 0.953866 0.513188
27 0.518304 0.50258 0.956989 0.520069
101 0.518304 0.505734 0.955428 0.513761
102 0.509717 0.506307 0.9726 0.508027
77 0.518304 0.50344 0.956989 0.518349
6 0.520646 0.502867 0.950744 0.513761
48 0.518304 0.50344 0.956989 0.518349
67 0.518304 0.50344 0.956989 0.518349
68 0.520646 0.502867 0.950744 0.513761
27 0.518304 0.50344 0.956989 0.518349
101 0.51284 0.504014 0.966356 0.519495
102 0.510498 0.506021 0.971039 0.509748
77 0.51284 0.504014 0.966356 0.519495
6 0.515572 0.50258 0.960892 0.515482
48 0.51284 0.504014 0.966356 0.519495
67 0.515572 0.50258 0.960892 0.515482
68 0.512059 0.505161 0.974161 0.505734
27 0.51284 0.504014 0.966356 0.519495
101 0.515181 0.505447 0.964794 0.517775
102 0.51323 0.505734 0.967136 0.511468
77 0.515181 0.505447 0.964794 0.517775
6 0.514401 0.506881 0.960111 0.506881
48 0.515181 0.505447 0.964794 0.517775
67 0.515962 0.50344 0.960111 0.513761
68 0.51323 0.504874 0.97182 0.506307
27 0.515181 0.505447 0.964794 0.517775
101 0.515572 0.506307 0.964014 0.517202
102 0.51284 0.506594 0.966356 0.512041
77 0.515572 0.506307 0.964014 0.517202
6 0.51284 0.506881 0.961672 0.506881
48 0.515572 0.506307 0.964014 0.517202
68 0.512059 0.504587 0.9726 0.506881
67 0.516352 0.504014 0.95933 0.513761
27 0.515572 0.506307 0.964014 0.517202
101 0.517914 0.507741 0.956208 0.512041
102 0.51323 0.506881 0.964014 0.512615
77 0.517914 0.508028 0.957769 0.516055
68 0.521426 0.505161 0.949183 0.511468
6 0.515182 0.507167 0.955428 0.507454
48 0.517914 0.508028 0.957769 0.516055
67 0.521426 0.505161 0.949183 0.511468
101 0.518694 0.507167 0.954647 0.512041
102 0.51284 0.507167 0.964795 0.513188
77 0.518304 0.508028 0.955428 0.516055
68 0.522987 0.504587 0.944499 0.511468
6 0.515962 0.506594 0.953866 0.507454
48 0.518304 0.508028 0.955428 0.516055
67 0.518304 0.508028 0.955428 0.516055
101 0.522207 0.507454 0.947622 0.511468
102 0.51362 0.507167 0.963233 0.513188
77 0.521426 0.508028 0.949183 0.516055
68 0.528842 0.504587 0.932791 0.511468
6 0.528842 0.504587 0.932791 0.511468
48 0.521426 0.508028 0.949183 0.516055
67 0.521426 0.508028 0.949183 0.516055
101 0.528451 0.507167 0.93201 0.512041
102 0.515572 0.507454 0.957769 0.512615
77 0.52611 0.507454 0.936694 0.517202
68 0.52611 0.507454 0.936694 0.517202
6 0.52611 0.507454 0.936694 0.517202
67 0.52611 0.507454 0.936694 0.517202
48 0.52611 0.507454 0.936694 0.517202
101 0.531964 0.507167 0.924985 0.512041
102 0.517523 0.507454 0.953866 0.512615
77 0.528451 0.506881 0.93201 0.518349
68 0.544063 0.504587 0.900787 0.511468
6 0.544063 0.504587 0.900787 0.511468
24 0.531964 0.507167 0.924985 0.512041
101 0.530793 0.508028 0.930449 0.511468
102 0.518694 0.507741 0.954647 0.512041
77 0.527671 0.507167 0.936694 0.517775
68 0.54016 0.505161 0.908593 0.510321
6 0.543282 0.506594 0.899226 0.507454
24 0.530793 0.508028 0.930449 0.511468
101 0.531574 0.508028 0.925766 0.511468
102 0.521816 0.507454 0.948402 0.512615
77 0.528451 0.507454 0.933571 0.518349
68 0.541331 0.505161 0.906251 0.511468
101 0.532354 0.508601 0.924204 0.510321
102 0.528451 0.507167 0.935133 0.513188
77 0.528451 0.508601 0.933571 0.516055
68 0.542892 0.506307 0.903129 0.510321
101 0.536257 0.509461 0.916399 0.509748
102 0.533135 0.507167 0.925766 0.513188
77 0.548746 0.504587 0.889859 0.522936
68 0.547966 0.506307 0.89142 0.510321
6 0.548746 0.504587 0.889859 0.522936
101 0.533525 0.509748 0.921863 0.509174
102 0.535477 0.507167 0.924204 0.512041
77 0.547966 0.505161 0.892981 0.520642
68 0.545234 0.506594 0.895323 0.509748
6 0.547966 0.505161 0.892981 0.520642
101 0.533135 0.510321 0.922643 0.509174
102 0.541721 0.506881 0.911715 0.511468
77 0.551869 0.505161 0.885176 0.519495
68 0.540941 0.506881 0.916399 0.506881
101 0.534696 0.510034 0.919521 0.508601
102 0.548746 0.506881 0.899226 0.511468
77 0.558504 0.505161 0.871906 0.519495
68 0.547966 0.506881 0.902348 0.505734
101 0.534696 0.510034 0.919521 0.508601
102 0.549527 0.506594 0.897665 0.512041
77 0.562016 0.5043 0.866442 0.521216
68 0.549917 0.506307 0.898445 0.506881
101 0.53977 0.510321 0.909373 0.508027
102 0.557333 0.506881 0.882053 0.511468
77 0.568261 0.504587 0.855514 0.520642
68 0.558504 0.506594 0.881273 0.506307
6 0.568261 0.504587 0.855514 0.520642
101 0.541721 0.510034 0.905471 0.508601
102 0.558504 0.506881 0.87815 0.511468
77 0.570603 0.5043 0.849269 0.521216
68 0.559674 0.506307 0.878931 0.505734
6 0.570603 0.5043 0.849269 0.521216
24 0.541721 0.510034 0.905471 0.508601
101 0.537428 0.510321 0.915618 0.509174
102 0.552649 0.506881 0.89142 0.511468
77 0.537428 0.510321 0.915618 0.509174
68 0.519084 0.505447 0.961672 0.507454
6 0.569822 0.507167 0.843024 0.508601
24 0.537428 0.510321 0.915618 0.509174
101 0.531574 0.510034 0.928888 0.508601
102 0.544843 0.506881 0.907032 0.511468
77 0.531574 0.510034 0.928888 0.508601
68 0.518304 0.505734 0.963233 0.508027
6 0.562406 0.506881 0.857855 0.509174
24 0.531574 0.510034 0.928888 0.508601
101 0.528061 0.510034 0.935913 0.509748
102 0.536647 0.507167 0.923424 0.510894
77 0.528061 0.510034 0.935913 0.509748
68 0.517914 0.505734 0.964014 0.506881
6 0.557333 0.507454 0.868003 0.509174
24 0.528061 0.510034 0.935913 0.509748
48 0.0895713 0.476419 0.167239 0.549455
101 0.528451 0.509748 0.935133 0.510321
102 0.533525 0.507167 0.929668 0.510894
77 0.528451 0.509748 0.935133 0.510321
68 0.517523 0.505734 0.963233 0.506881
6 0.554991 0.506881 0.872686 0.509174
48 0.0897909 0.473624 0.167775 0.557339
24 0.528451 0.509748 0.935133 0.510321
101 0.527281 0.509748 0.937474 0.509174
102 0.517173 0.508028 0.965655 0.509174
77 0.527281 0.509748 0.937474 0.509174
68 0.534696 0.506307 0.930449 0.505734
48 0.0900836 0.472405 0.168361 0.560923
6 0.552649 0.507167 0.880492 0.508601
24 0.527281 0.509748 0.937474 0.509174
101 0.524939 0.509748 0.942158 0.510321
102 0.516392 0.508028 0.967216 0.509174
77 0.524939 0.509748 0.942158 0.510321
68 0.533135 0.506307 0.93201 0.505734
48 0.0898641 0.471259 0.167824 0.564364
6 0.549527 0.506881 0.886737 0.509174
24 0.524939 0.509748 0.942158 0.510321
101 0.521426 0.509461 0.949183 0.510894
102 0.516392 0.508028 0.967216 0.509174
77 0.521426 0.509461 0.949183 0.510894
68 0.529232 0.506307 0.939816 0.506881
48 0.0893762 0.469897 0.167044 0.567087
6 0.543282 0.506881 0.897665 0.509174
101 0.519084 0.509174 0.952305 0.511468
102 0.524548 0.506881 0.946061 0.511468
77 0.519084 0.509174 0.952305 0.511468
48 0.0889859 0.470112 0.166068 0.566657
68 0.52689 0.506307 0.944499 0.506881
6 0.538209 0.507167 0.906251 0.509748
101 0.517523 0.509174 0.953866 0.511468
102 0.523768 0.506881 0.947622 0.511468
77 0.517523 0.509174 0.953866 0.511468
68 0.521426 0.505734 0.942938 0.511468
48 0.0887664 0.469323 0.165922 0.569381
6 0.536257 0.507454 0.910154 0.509174
101 0.516743 0.509174 0.955428 0.511468
102 0.523768 0.506881 0.947622 0.511468
77 0.520646 0.506021 0.944499 0.512041
68 0.520646 0.506021 0.944499 0.512041
48 0.0885956 0.468463 0.165678 0.571101
6 0.534306 0.507454 0.914057 0.510321
101 0.515962 0.509174 0.956989 0.511468
102 0.522597 0.506881 0.949963 0.511468
77 0.519475 0.506307 0.946841 0.512615
68 0.519475 0.506307 0.946841 0.512615
48 0.0882053 0.470183 0.165092 0.567661
101 0.514401 0.509174 0.960111 0.511468
102 0.522987 0.506881 0.949183 0.511468
77 0.517914 0.506307 0.949964 0.512615
68 0.517914 0.506307 0.949964 0.512615
48 0.0877175 0.47047 0.164117 0.567087
101 0.51323 0.509174 0.962453 0.511468
102 0.521816 0.506881 0.951525 0.511468
77 0.515962 0.506307 0.953866 0.512615
68 0.515962 0.506307 0.953866 0.512615
48 0.087132 0.469682 0.162946 0.569811
101 0.51284 0.508888 0.963233 0.512041
102 0.521426 0.506881 0.952305 0.511468
77 0.515182 0.506307 0.953866 0.512615
68 0.515182 0.506307 0.953866 0.512615
48 0.0869125 0.470757 0.162604 0.568807
101 0.51284 0.508888 0.963233 0.512041
102 0.522207 0.506881 0.950744 0.511468
77 0.515182 0.506307 0.953866 0.512615
68 0.515182 0.506307 0.953866 0.512615
48 0.0867661 0.471975 0.162116 0.56637
101 0.51245 0.508601 0.964014 0.512615
102 0.522207 0.506594 0.950744 0.512041
77 0.515182 0.506021 0.953866 0.513188
68 0.515182 0.506021 0.953866 0.513188
48 0.086449 0.473122 0.16158 0.56293
101 0.512059 0.508601 0.964795 0.512615
102 0.521426 0.506594 0.952305 0.512041
77 0.515182 0.506021 0.955428 0.513188
68 0.515182 0.506021 0.955428 0.513188
48 0.0863514 0.473337 0.161385 0.5625
101 0.511669 0.508601 0.965575 0.512615
102 0.520646 0.506594 0.953866 0.512041
77 0.51362 0.506307 0.956989 0.512615
68 0.51362 0.506307 0.956989 0.512615
48 0.0862539 0.474126 0.161189 0.560923
101 0.511279 0.508888 0.966356 0.512041
102 0.520646 0.507167 0.953866 0.512041
77 0.51362 0.506307 0.95855 0.512615
68 0.51362 0.506307 0.95855 0.512615
48 0.0860587 0.474197 0.160799 0.56078
101 0.511279 0.508888 0.966356 0.512041
102 0.520646 0.506881 0.953866 0.511468
77 0.51362 0.506307 0.95855 0.512615
68 0.51362 0.506307 0.95855 0.512615
48 0.0860587 0.474484 0.160604 0.561353
101 0.511279 0.509174 0.966356 0.511468
102 0.520646 0.507167 0.953866 0.512041
77 0.514011 0.506307 0.957769 0.512615
68 0.514011 0.506307 0.957769 0.512615
48 0.0860587 0.474842 0.160799 0.561783
101 0.511279 0.509174 0.966356 0.511468
102 0.520646 0.507167 0.953866 0.512041
77 0.51362 0.506307 0.95855 0.512615
68 0.51362 0.506307 0.95855 0.512615
101 0.511279 0.509174 0.966356 0.511468
102 0.519865 0.506881 0.955428 0.511468
77 0.51362 0.506307 0.95855 0.512615
68 0.51362 0.506307 0.95855 0.512615
101 0.511279 0.509174 0.966356 0.511468
102 0.519084 0.507454 0.956989 0.511468
77 0.514011 0.506307 0.957769 0.512615
68 0.514011 0.506307 0.957769 0.512615
101 0.511669 0.509174 0.967136 0.511468
102 0.518694 0.507454 0.957769 0.511468
77 0.514011 0.506307 0.957769 0.512615
68 0.514011 0.506307 0.957769 0.512615
101 0.512059 0.509174 0.967917 0.511468
102 0.517914 0.507454 0.95933 0.511468
77 0.514401 0.505734 0.95855 0.512615
68 0.514401 0.505734 0.95855 0.512615
101 0.511279 0.509174 0.969478 0.511468
102 0.517523 0.507454 0.960111 0.511468
77 0.51362 0.505734 0.960111 0.512615
68 0.51362 0.505734 0.960111 0.512615
101 0.511279 0.508888 0.969478 0.512041
102 0.517133 0.507167 0.962453 0.510894
77 0.51362 0.505734 0.960111 0.512615
68 0.51362 0.505734 0.960111 0.512615
101 0.511279 0.508888 0.969478 0.512041
102 0.516743 0.507167 0.963233 0.510894
77 0.51362 0.505734 0.960111 0.512615
68 0.51362 0.505734 0.960111 0.512615
101 0.511279 0.508888 0.969478 0.512041
102 0.516743 0.507167 0.963233 0.510894
77 0.51362 0.506307 0.960111 0.512615
68 0.51362 0.506307 0.960111 0.512615
101 0.511279 0.508888 0.969478 0.512041
102 0.517133 0.507167 0.962453 0.510894
77 0.51362 0.506021 0.960111 0.513188
68 0.51362 0.506021 0.960111 0.513188
101 0.518694 0.506307 0.962453 0.508027
102 0.517133 0.507167 0.962453 0.510894
77 0.51362 0.505734 0.960111 0.512615
68 0.51362 0.505734 0.960111 0.512615
101 0.519084 0.506307 0.961672 0.508027
102 0.517133 0.507167 0.962453 0.510894
77 0.51362 0.506021 0.960111 0.513188
68 0.51362 0.506021 0.960111 0.513188
101 0.519084 0.506307 0.961672 0.508027
102 0.517523 0.507167 0.961672 0.510894
77 0.51362 0.505734 0.960111 0.512615
68 0.51362 0.505734 0.960111 0.512615
101 0.519865 0.506307 0.960111 0.508027
102 0.517523 0.507167 0.961672 0.510894
77 0.51362 0.506021 0.960111 0.513188
68 0.51362 0.506021 0.960111 0.513188
101 0.519865 0.506307 0.960111 0.508027
102 0.517523 0.507167 0.961672 0.510894
77 0.51362 0.506021 0.95855 0.513188
68 0.51362 0.506021 0.95855 0.513188
101 0.519905 0.506307 0.960191 0.508027
102 0.517914 0.507454 0.962453 0.511468
77 0.514011 0.505734 0.95933 0.512615
68 0.514011 0.505734 0.95933 0.512615
101 0.520295 0.506307 0.95941 0.508027
102 0.518304 0.507454 0.961672 0.511468
77 0.51362 0.506307 0.960111 0.512615
68 0.51362 0.506307 0.960111 0.512615
101 0.520295 0.506307 0.95941 0.508027
102 0.518304 0.507454 0.961672 0.511468
77 0.51362 0.506021 0.95855 0.512041
68 0.51362 0.506021 0.95855 0.512041
101 0.520295 0.506307 0.95941 0.508027
102 0.518304 0.507454 0.961672 0.511468
77 0.514011 0.506021 0.95933 0.512041
68 0.514011 0.506021 0.95933 0.512041
101 0.520295 0.506307 0.95941 0.508027
102 0.518304 0.507454 0.961672 0.511468
77 0.514401 0.506307 0.95855 0.512615
68 0.514401 0.506307 0.95855 0.512615
101 0.520295 0.506307 0.95941 0.508027
102 0.518304 0.507454 0.961672 0.511468
77 0.514401 0.506307 0.960111 0.512615
68 0.514401 0.506307 0.960111 0.512615
101 0.520295 0.506307 0.95941 0.508027
102 0.518304 0.508028 0.961672 0.511468
77 0.514791 0.506307 0.95933 0.512615
68 0.514791 0.506307 0.95933 0.512615
101 0.520295 0.506307 0.95941 0.508027
102 0.518304 0.508028 0.961672 0.511468
77 0.515182 0.506021 0.95855 0.512041
68 0.515182 0.506021 0.95855 0.512041
101 0.520295 0.506307 0.95941 0.508027
102 0.518304 0.508028 0.961672 0.511468
77 0.515182 0.506021 0.95855 0.512041
68 0.515182 0.506021 0.95855 0.512041
101 0.521076 0.506307 0.957849 0.508027
102 0.518304 0.508028 0.961672 0.511468
77 0.515962 0.505734 0.956989 0.512615
68 0.515962 0.505734 0.956989 0.512615
101 0.521076 0.506307 0.957849 0.508027
102 0.518694 0.508028 0.960892 0.511468
77 0.515962 0.506307 0.956989 0.512615
68 0.515962 0.506307 0.956989 0.512615
101 0.521466 0.506307 0.957068 0.508027
102 0.519084 0.507741 0.960111 0.512041
77 0.516743 0.505734 0.955428 0.512615
68 0.516743 0.505734 0.955428 0.512615
101 0.521856 0.506594 0.956288 0.508601
102 0.519084 0.507741 0.960111 0.512041
77 0.517133 0.505734 0.954647 0.512615
68 0.517133 0.505734 0.954647 0.512615
101 0.522637 0.506307 0.954726 0.508027
102 0.519865 0.507741 0.95855 0.512041
77 0.517523 0.506021 0.952305 0.513188
68 0.517523 0.506021 0.952305 0.513188
101 0.523417 0.506307 0.953165 0.509174
102 0.520646 0.507454 0.956989 0.511468
77 0.518304 0.506021 0.952305 0.513188
68 0.518304 0.506021 0.952305 0.513188
101 0.523417 0.506307 0.953165 0.508027
102 0.520646 0.507454 0.956989 0.511468
77 0.518304 0.505734 0.952305 0.512615
68 0.518304 0.505734 0.952305 0.512615
101 0.523417 0.506307 0.953165 0.508027
102 0.520646 0.507454 0.956989 0.511468
77 0.518304 0.505734 0.950744 0.512615
68 0.518304 0.505734 0.950744 0.512615
101 0.523808 0.506307 0.952385 0.509174
102 0.520646 0.507454 0.956989 0.511468
77 0.518304 0.505734 0.950744 0.513761
68 0.518304 0.505734 0.950744 0.513761
101 0.524198 0.506307 0.951604 0.508027
102 0.520646 0.507454 0.956989 0.512615
77 0.518304 0.505734 0.950744 0.513761
68 0.518304 0.505734 0.950744 0.513761
48 0.518304 0.505734 0.950744 0.513761
