48 0.499282 0.532759 0.948635 0.443678
95 0.495771 0.531609 0.949415 0.437931
56 0.495771 0.531609 0.949415 0.437931
50 0.499282 0.532759 0.948635 0.443678
79 0.495771 0.531609 0.949415 0.437931
103 0.499282 0.532759 0.948635 0.443678
111 0.499282 0.532759 0.948635 0.443678
49 0.499282 0.532759 0.948635 0.443678
68 0.499282 0.532759 0.948635 0.443678
53 0.496941 0.535057 0.951756 0.436782
17 0.499282 0.532759 0.948635 0.443678
67 0.495771 0.531609 0.949415 0.437931
101 0.499282 0.532759 0.948635 0.443678
74 0.499282 0.532759 0.948635 0.443678
84 0.499282 0.532759 0.948635 0.443678
104 0.499282 0.532759 0.948635 0.443678
77 0.499282 0.532759 0.948635 0.443678
105 0.495771 0.531609 0.949415 0.437931
73 0.499282 0.532759 0.948635 0.443678
81 0.498501 0.537356 0.953316 0.441379
97 0.495771 0.531609 0.949415 0.437931
54 0.498501 0.537356 0.953316 0.441379
109 0.499282 0.532759 0.948635 0.443678
33 0.495771 0.531609 0.949415 0.437931
66 0.499282 0.532759 0.948635 0.443678
110 0.495771 0.531609 0.949415 0.437931
42 0.495771 0.531609 0.949415 0.437931
75 0.4868 0.533333 0.942394 0.437931
46 0.498501 0.537356 0.953316 0.441379
76 0.499282 0.532759 0.948635 0.443678
14 0.496941 0.535057 0.951756 0.436782
100 0.495771 0.531609 0.949415 0.437931
16 0.498501 0.537356 0.953316 0.441379
5 0.499282 0.532759 0.948635 0.443678
15 0.498501 0.537356 0.953316 0.441379
21 0.496941 0.535057 0.951756 0.436782
31 0.498501 0.537356 0.953316 0.441379
108 0.499282 0.532759 0.948635 0.443678
11 0.495771 0.531609 0.949415 0.437931
78 0.497721 0.534483 0.945515 0.44023
47 0.497331 0.53592 0.949415 0.435057
102 0.499282 0.532759 0.948635 0.443678
80 0.499282 0.532759 0.948635 0.443678
99 0.497331 0.53592 0.949415 0.435057
41 0.496941 0.535057 0.951756 0.436782
28 0.495771 0.531609 0.949415 0.437931
51 0.499282 0.532759 0.948635 0.443678
38 0.496941 0.535057 0.951756 0.436782
34 0.495771 0.531609 0.949415 0.437931
7 0.495771 0.531609 0.949415 0.437931
0 0.496941 0.535057 0.951756 0.436782
12 0.49148 0.536207 0.948635 0.434483
13 0.4868 0.533333 0.942394 0.437931
19 0.4868 0.533333 0.942394 0.437931
94 0.496941 0.535057 0.951756 0.436782
4 0.498501 0.537356 0.953316 0.441379
72 0.498501 0.537356 0.953316 0.441379
36 0.495771 0.531609 0.949415 0.437931
8 0.4868 0.533333 0.942394 0.437931
6 0.496941 0.535057 0.951756 0.436782
26 0.495771 0.531609 0.949415 0.437931
52 0.498502 0.521839 0.937713 0.478161
24 0.495771 0.531609 0.949415 0.437931
22 0.499282 0.532759 0.948635 0.443678
92 0.496941 0.535057 0.951756 0.436782
65 0.499282 0.532759 0.948635 0.443678
71 0.49031 0.536782 0.944734 0.437931
29 0.495771 0.531609 0.949415 0.437931
55 0.49031 0.536782 0.944734 0.437931
78 0.497721 0.513506 0.951756 0.525862
108 0.497721 0.513506 0.951756 0.525862
104 0.497721 0.513506 0.951756 0.525862
81 0.497721 0.513506 0.951756 0.525862
79 0.497721 0.513506 0.951756 0.525862
33 0.497721 0.513506 0.951756 0.525862
105 0.497721 0.513506 0.951756 0.525862
74 0.497721 0.513506 0.951756 0.525862
80 0.507863 0.513506 0.964238 0.513218
56 0.497721 0.513506 0.951756 0.525862
54 0.497721 0.513506 0.951756 0.525862
66 0.497721 0.513506 0.951756 0.525862
17 0.497721 0.513506 0.951756 0.525862
75 0.497721 0.513506 0.951756 0.525862
41 0.497721 0.513506 0.951756 0.525862
95 0.497721 0.513506 0.951756 0.525862
111 0.507863 0.513506 0.964238 0.513218
84 0.497721 0.513506 0.951756 0.525862
42 0.497721 0.513506 0.951756 0.525862
103 0.507863 0.513506 0.964238 0.513218
110 0.497721 0.513506 0.951756 0.525862
46 0.497721 0.513506 0.951756 0.525862
109 0.497721 0.513506 0.951756 0.525862
78 0.509033 0.406322 0.969699 0.693103
99 0.497721 0.513506 0.951756 0.525862
108 0.509033 0.406322 0.969699 0.693103
53 0.497721 0.513506 0.951756 0.525862
52 0.497721 0.513506 0.951756 0.525862
97 0.497721 0.513506 0.951756 0.525862
21 0.497721 0.513506 0.951756 0.525862
101 0.507863 0.513506 0.964238 0.513218
68 0.497721 0.513506 0.951756 0.525862
48 0.507863 0.513506 0.964238 0.513218
35 0.497721 0.513506 0.951756 0.525862
33 0.509033 0.406322 0.969699 0.693103
28 0.496161 0.470115 0.945515 0.586207
56 0.509033 0.406322 0.969699 0.693103
73 0.507863 0.513506 0.964238 0.513218
67 0.497721 0.513506 0.951756 0.525862
16 0.497721 0.513506 0.951756 0.525862
47 0.497721 0.513506 0.951756 0.525862
76 0.497721 0.513506 0.951756 0.525862
31 0.497721 0.513506 0.951756 0.525862
81 0.509033 0.406322 0.969699 0.693103
77 0.496161 0.470115 0.945515 0.586207
50 0.386066 0.0362069 0.710111 0.0724138
14 0.497721 0.513506 0.951756 0.525862
79 0.509033 0.406322 0.969699 0.693103
50 0.497721 0.513506 0.951756 0.525862
80 0.509033 0.406322 0.969699 0.693103
72 0.498111 0.511494 0.969699 0.54023
48 0.386066 0.0362069 0.710111 0.0724138
104 0.509033 0.406322 0.969699 0.693103
74 0.509033 0.406322 0.969699 0.693103
66 0.509033 0.406322 0.969699 0.693103
84 0.509033 0.406322 0.969699 0.693103
75 0.509033 0.406322 0.969699 0.693103
105 0.509033 0.406322 0.969699 0.693103
34 0.507863 0.513506 0.964238 0.513218
45 0.496941 0.533046 0.953316 0.499425
17 0.509033 0.406322 0.969699 0.693103
50 0.506303 0.0399784 0.9814 0.0799569
52 0.509033 0.406322 0.969699 0.693103
100 0.496161 0.470115 0.945515 0.586207
46 0.386066 0.0362069 0.710111 0.0724138
99 0.496551 0.0388649 0.960337 0.0777299
21 0.509033 0.406322 0.969699 0.693103
54 0.509033 0.406322 0.969699 0.693103
101 0.386066 0.0362069 0.710111 0.0724138
49 0.386066 0.0362069 0.710111 0.0724138
103 0.484459 0.422701 0.943954 0.641954
41 0.509033 0.406322 0.969699 0.693103
111 0.386066 0.0362069 0.710111 0.0724138
95 0.509033 0.406322 0.969699 0.693103
81 0.499282 0.582759 0.992322 0.522988
108 0.499282 0.582759 0.992322 0.522988
79 0.499282 0.582759 0.992322 0.522988
68 0.500062 0.0467672 0.97828 0.0935345
104 0.502402 0.581034 0.97828 0.513793
78 0.497721 0.57342 0.990762 0.485345
68 0.496551 0.104885 0.985301 0.20977
56 0.499282 0.582759 0.992322 0.522988
48 0.498892 0.0411279 0.983741 0.0822558
95 0.499282 0.582759 0.992322 0.522988
105 0.499282 0.582759 0.992322 0.522988
53 0.498892 0.0411279 0.983741 0.0822558
108 0.496941 0.471264 0.987642 0.652874
80 0.499282 0.582759 0.992322 0.522988
68 0.484069 0.159483 0.957216 0.318966
78 0.496941 0.471264 0.987642 0.652874
52 0.499282 0.582759 0.992322 0.522988
74 0.499282 0.582759 0.992322 0.522988
81 0.496941 0.471264 0.987642 0.652874
101 0.500062 0.0467672 0.97828 0.0935345
102 0.500062 0.0467672 0.97828 0.0935345
84 0.499282 0.582759 0.992322 0.522988
50 0.503962 0.0415589 0.972039 0.0831178
79 0.496941 0.471264 0.987642 0.652874
101 0.496551 0.104885 0.985301 0.20977
53 0.499282 0.582759 0.992322 0.522988
49 0.498892 0.0411279 0.983741 0.0822558
102 0.496551 0.104885 0.985301 0.20977
109 0.498892 0.0411279 0.983741 0.0822558
53 0.496551 0.104885 0.985301 0.20977
104 0.496941 0.471264 0.987642 0.652874
52 0.498892 0.0411279 0.983741 0.0822558
48 0.496551 0.104885 0.985301 0.20977
66 0.499282 0.582759 0.992322 0.522988
95 0.500062 0.0467672 0.97828 0.0935345
95 0.496551 0.104885 0.985301 0.20977
54 0.499282 0.582759 0.992322 0.522988
76 0.498892 0.0411279 0.983741 0.0822558
77 0.500062 0.0467672 0.97828 0.0935345
100 0.498892 0.0411279 0.983741 0.0822558
101 0.484069 0.159483 0.957216 0.318966
17 0.499282 0.582759 0.992322 0.522988
80 0.496941 0.471264 0.987642 0.652874
77 0.496551 0.104885 0.985301 0.20977
75 0.499282 0.582759 0.992322 0.522988
67 0.498892 0.0411279 0.983741 0.0822558
81 0.501622 0.690517 0.990762 0.618966
111 0.498892 0.0411279 0.983741 0.0822558
67 0.496551 0.104885 0.985301 0.20977
99 0.503962 0.0415589 0.972039 0.0831178
50 0.496551 0.104885 0.985301 0.20977
110 0.498892 0.0411279 0.983741 0.0822558
51 0.498892 0.0411279 0.983741 0.0822558
33 0.499282 0.582759 0.992322 0.522988
68 0.502402 0.581034 0.97828 0.513793
84 0.498892 0.0411279 0.983741 0.0822558
95 0.484069 0.159483 0.957216 0.318966
75 0.503962 0.0415589 0.972039 0.0831178
56 0.503182 0.687069 0.984521 0.625862
53 0.484069 0.159483 0.957216 0.318966
104 0.503182 0.687069 0.984521 0.625862
49 0.496551 0.104885 0.985301 0.20977
56 0.496941 0.471264 0.987642 0.652874
105 0.496941 0.471264 0.987642 0.652874
109 0.496551 0.104885 0.985301 0.20977
110 0.496551 0.104885 0.985301 0.20977
79 0.501622 0.690517 0.990762 0.618966
109 0.499282 0.582759 0.992322 0.522988
53 0.499672 0.783333 0.991542 0.433333
102 0.484069 0.159483 0.957216 0.318966
52 0.496941 0.471264 0.987642 0.652874
105 0.503182 0.687069 0.984521 0.625862
46 0.503962 0.0415589 0.972039 0.0831178
48 0.484069 0.159483 0.957216 0.318966
41 0.499282 0.582759 0.992322 0.522988
68 0.499672 0.783333 0.991542 0.433333
47 0.503962 0.0415589 0.972039 0.0831178
95 0.498111 0.452874 0.972819 0.677011
108 0.501622 0.690517 0.990762 0.618966
48 0.499282 0.582759 0.992322 0.522988
74 0.496941 0.471264 0.987642 0.652874
111 0.496551 0.104885 0.985301 0.20977
78 0.501622 0.690517 0.990762 0.618966
100 0.496551 0.104885 0.985301 0.20977
84 0.496551 0.104885 0.985301 0.20977
95 0.48836 0.704454 0.961117 0.591092
67 0.484069 0.159483 0.957216 0.318966
80 0.501622 0.690517 0.990762 0.618966
52 0.496551 0.104885 0.985301 0.20977
52 0.501622 0.690517 0.990762 0.618966
111 0.502402 0.581034 0.97828 0.513793
56 0.503182 0.788506 0.982961 0.422988
108 0.494601 0.429885 0.984521 0.85977
77 0.484069 0.159483 0.957216 0.318966
48 0.499672 0.783333 0.991542 0.433333
50 0.484069 0.159483 0.957216 0.318966
76 0.496551 0.104885 0.985301 0.20977
109 0.484069 0.159483 0.957216 0.318966
101 0.502402 0.581034 0.97828 0.513793
84 0.501622 0.690517 0.990762 0.618966
104 0.503182 0.788506 0.982961 0.422988
75 0.496551 0.104885 0.985301 0.20977
110 0.484069 0.159483 0.957216 0.318966
84 0.496941 0.471264 0.987642 0.652874
84 0.48758 0.795977 0.961117 0.408046
14 0.499282 0.582759 0.992322 0.522988
52 0.48758 0.795977 0.961117 0.408046
81 0.494601 0.429885 0.984521 0.85977
49 0.484069 0.159483 0.957216 0.318966
99 0.496551 0.104885 0.985301 0.20977
67 0.499282 0.582759 0.992322 0.522988
103 0.499282 0.582759 0.992322 0.522988
73 0.498892 0.0411279 0.983741 0.0822558
52 0.484069 0.159483 0.957216 0.318966
84 0.484069 0.159483 0.957216 0.318966
53 0.498111 0.452874 0.972819 0.677011
81 0.48758 0.795977 0.961117 0.408046
56 0.498892 0.0411279 0.983741 0.0822558
54 0.496941 0.471264 0.987642 0.652874
105 0.503182 0.788506 0.982961 0.422988
100 0.484069 0.159483 0.957216 0.318966
68 0.501232 0.333621 0.974379 0.667241
46 0.496551 0.104885 0.985301 0.20977
66 0.496941 0.471264 0.987642 0.652874
104 0.494601 0.429885 0.984521 0.85977
97 0.499282 0.582759 0.992322 0.522988
78 0.494601 0.429885 0.984521 0.85977
79 0.48758 0.795977 0.961117 0.408046
67 0.499672 0.783333 0.991542 0.433333
54 0.498892 0.0411279 0.983741 0.0822558
111 0.484069 0.159483 0.957216 0.318966
33 0.496941 0.471264 0.987642 0.652874
76 0.499282 0.582759 0.992322 0.522988
68 0.485239 0.93046 0.957997 0.13908
95 0.497721 0.8 0.989202 0.4
109 0.48758 0.795977 0.961117 0.408046
74 0.501622 0.690517 0.990762 0.618966
10 0.499282 0.582759 0.992322 0.522988
79 0.494601 0.429885 0.984521 0.85977
68 0.496941 0.471264 0.987642 0.652874
51 0.496551 0.104885 0.985301 0.20977
80 0.494601 0.429885 0.984521 0.85977
17 0.496941 0.471264 0.987642 0.652874
56 0.496551 0.104885 0.985301 0.20977
95 0.501232 0.333621 0.974379 0.667241
80 0.48758 0.795977 0.961117 0.408046
75 0.484069 0.159483 0.957216 0.318966
110 0.499282 0.582759 0.992322 0.522988
109 0.501622 0.690517 0.990762 0.618966
6 0.499282 0.582759 0.992322 0.522988
103 0.498892 0.0411279 0.983741 0.0822558
80 0.496551 0.104885 0.985301 0.20977
80 0.498892 0.0411279 0.983741 0.0822558
78 0.48758 0.795977 0.961117 0.408046
74 0.496551 0.104885 0.985301 0.20977
95 0.485239 0.93046 0.957997 0.13908
111 0.48758 0.795977 0.961117 0.408046
76 0.484069 0.159483 0.957216 0.318966
74 0.500062 0.0467672 0.97828 0.0935345
53 0.504352 0.674856 0.97906 0.650287
56 0.496941 0.448563 0.972039 0.897126
48 0.498111 0.452874 0.972819 0.677011
2 0.499282 0.582759 0.992322 0.522988
54 0.501622 0.690517 0.990762 0.618966
80 0.484069 0.159483 0.957216 0.318966
99 0.484069 0.159483 0.957216 0.318966
47 0.496551 0.104885 0.985301 0.20977
111 0.503182 0.687069 0.984521 0.625862
46 0.484069 0.159483 0.957216 0.318966
105 0.496941 0.448563 0.972039 0.897126
101 0.48758 0.795977 0.961117 0.408046
56 0.484069 0.159483 0.957216 0.318966
53 0.501232 0.333621 0.974379 0.667241
74 0.484069 0.159483 0.957216 0.318966
74 0.494601 0.429885 0.984521 0.85977
78 0.495771 0.270402 0.982181 0.540805
73 0.496551 0.104885 0.985301 0.20977
75 0.503182 0.687069 0.984521 0.625862
103 0.496551 0.104885 0.985301 0.20977
103 0.501622 0.690517 0.990762 0.618966
101 0.503182 0.687069 0.984521 0.625862
67 0.495771 0.270402 0.982181 0.540805
108 0.48758 0.795977 0.961117 0.408046
53 0.498892 0.901724 0.986861 0.196552
68 0.504352 0.674856 0.97906 0.650287
103 0.496941 0.471264 0.987642 0.652874
78 0.496551 0.104885 0.985301 0.20977
101 0.501232 0.333621 0.974379 0.667241
53 0.480168 0.937356 0.952536 0.125287
97 0.498892 0.0411279 0.983741 0.0822558
75 0.496941 0.471264 0.987642 0.652874
52 0.494601 0.429885 0.984521 0.85977
77 0.502402 0.581034 0.97828 0.513793
48 0.621859 0.0474856 0.740926 0.0949713
53 0.621859 0.0474856 0.740926 0.0949713
102 0.503182 0.788506 0.982961 0.422988
51 0.484069 0.159483 0.957216 0.318966
104 0.500062 0.0467672 0.97828 0.0935345
48 0.471977 0.947989 0.943954 0.104023
67 0.498111 0.452874 0.972819 0.677011
111 0.498111 0.452874 0.972819 0.677011
108 0.496551 0.104885 0.985301 0.20977
47 0.484069 0.159483 0.957216 0.318966
84 0.494601 0.429885 0.984521 0.85977
78 0.500062 0.0467672 0.97828 0.0935345
104 0.496551 0.104885 0.985301 0.20977
21 0.499282 0.582759 0.992322 0.522988
16 0.497721 0.57342 0.990762 0.485345
101 0.498111 0.452874 0.972819 0.677011
95 0.499282 0.676006 0.992322 0.647988
110 0.48758 0.795977 0.961117 0.408046
54 0.48758 0.795977 0.961117 0.408046
74 0.508643 0.538506 0.964238 0.444828
33 0.496161 0.542385 0.942394 0.450862
41 0.508643 0.538506 0.964238 0.444828
17 0.496161 0.542385 0.942394 0.450862
97 0.508643 0.538506 0.964238 0.444828
108 0.508643 0.538506 0.964238 0.444828
66 0.496161 0.542385 0.942394 0.450862
75 0.508643 0.538506 0.964238 0.444828
74 0.414638 0.488506 0.807432 0.422988
80 0.508643 0.538506 0.964238 0.444828
79 0.496161 0.542385 0.942394 0.450862
32 0.508643 0.538506 0.964238 0.444828
28 0.508643 0.538506 0.964238 0.444828
42 0.508643 0.538506 0.964238 0.444828
104 0.507083 0.542529 0.957997 0.444828
105 0.507083 0.542529 0.957997 0.444828
21 0.508643 0.538506 0.964238 0.444828
95 0.510203 0.538506 0.957997 0.447126
14 0.508643 0.538506 0.964238 0.444828
84 0.508643 0.538506 0.964238 0.444828
76 0.509423 0.531034 0.965798 0.451724
66 0.414638 0.488506 0.807432 0.422988
74 0.500452 0.451437 0.961897 0.540805
33 0.414638 0.488506 0.807432 0.422988
41 0.500452 0.451437 0.961897 0.540805
17 0.414638 0.488506 0.807432 0.422988
41 0.414638 0.488506 0.807432 0.422988
103 0.510203 0.538506 0.957997 0.447126
79 0.414638 0.488506 0.807432 0.422988
16 0.496161 0.542385 0.942394 0.450862
108 0.500452 0.451437 0.961897 0.540805
54 0.508643 0.538506 0.964238 0.444828
23 0.508643 0.538506 0.964238 0.444828
26 0.508643 0.538506 0.964238 0.444828
100 0.509423 0.531034 0.965798 0.451724
75 0.414638 0.488506 0.807432 0.422988
33 0.500452 0.451437 0.961897 0.540805
81 0.507083 0.542529 0.957997 0.444828
6 0.508643 0.538506 0.964238 0.444828
108 0.414638 0.488506 0.807432 0.422988
13 0.508643 0.538506 0.964238 0.444828
24 0.496161 0.542385 0.942394 0.450862
67 0.510203 0.538506 0.957997 0.447126
104 0.414638 0.488506 0.807432 0.422988
78 0.503962 0.540805 0.973599 0.439081
3 0.508643 0.538506 0.964238 0.444828
97 0.414638 0.488506 0.807432 0.422988
35 0.508643 0.538506 0.964238 0.444828
15 0.508643 0.538506 0.964238 0.444828
56 0.507083 0.542529 0.957997 0.444828
42 0.500452 0.451437 0.961897 0.540805
10 0.508643 0.538506 0.964238 0.444828
19 0.508643 0.538506 0.964238 0.444828
80 0.500452 0.451437 0.961897 0.540805
109 0.510203 0.538506 0.957997 0.447126
18 0.508643 0.538506 0.964238 0.444828
42 0.414638 0.488506 0.807432 0.422988
73 0.508643 0.538506 0.964238 0.444828
54 0.414638 0.488506 0.807432 0.422988
101 0.510203 0.538506 0.957997 0.447126
68 0.510203 0.538506 0.957997 0.447126
28 0.414638 0.488506 0.807432 0.422988
17 0.500452 0.451437 0.961897 0.540805
75 0.500452 0.451437 0.961897 0.540805
97 0.500452 0.451437 0.961897 0.540805
66 0.500452 0.451437 0.961897 0.540805
80 0.414638 0.488506 0.807432 0.422988
74 0.393184 0.419468 0.773887 0.416236
53 0.507083 0.542529 0.957997 0.444828
21 0.500452 0.451437 0.961897 0.540805
77 0.510203 0.538506 0.957997 0.447126
50 0.509423 0.531034 0.965798 0.451724
105 0.414638 0.488506 0.807432 0.422988
28 0.500452 0.451437 0.961897 0.540805
99 0.509423 0.531034 0.965798 0.451724
2 0.508643 0.538506 0.964238 0.444828
84 0.414638 0.488506 0.807432 0.422988
21 0.414638 0.488506 0.807432 0.422988
52 0.507083 0.542529 0.957997 0.444828
46 0.496161 0.542385 0.942394 0.450862
79 0.500452 0.451437 0.961897 0.540805
41 0.393184 0.419468 0.773887 0.416236
12 0.508643 0.538506 0.964238 0.444828
32 0.414638 0.488506 0.807432 0.422988
9 0.508643 0.538506 0.964238 0.444828
95 0.411225 0.0659483 0.769011 0.131897
29 0.508643 0.538506 0.964238 0.444828
110 0.513714 0.525287 0.958777 0.450575
78 0.414638 0.488506 0.807432 0.422988
79 0.506303 0.555747 0.954876 0.522989
104 0.506303 0.555747 0.954876 0.522989
74 0.503962 0.554598 0.950195 0.526437
95 0.499282 0.55158 0.961117 0.51523
66 0.503962 0.554598 0.950195 0.526437
56 0.499282 0.55158 0.961117 0.51523
78 0.508643 0.561494 0.954876 0.511494
108 0.506303 0.555747 0.954876 0.522989
81 0.506303 0.555747 0.954876 0.522989
17 0.503962 0.554598 0.950195 0.526437
33 0.503962 0.554598 0.950195 0.526437
105 0.506303 0.555747 0.954876 0.522989
97 0.498892 0.549425 0.961897 0.517241
109 0.499282 0.55158 0.961117 0.51523
84 0.499282 0.55158 0.961117 0.51523
68 0.498892 0.549425 0.961897 0.517241
80 0.506303 0.555747 0.954876 0.522989
41 0.503962 0.554598 0.950195 0.526437
101 0.498892 0.549425 0.961897 0.517241
75 0.503962 0.554598 0.950195 0.526437
67 0.499282 0.55158 0.961117 0.51523
103 0.506303 0.555747 0.954876 0.522989
110 0.498892 0.549425 0.961897 0.517241
77 0.498892 0.549425 0.961897 0.517241
76 0.498892 0.549425 0.961897 0.517241
53 0.502012 0.555172 0.958777 0.514943
54 0.502012 0.555172 0.958777 0.514943
111 0.498892 0.549425 0.961897 0.517241
14 0.503962 0.554598 0.950195 0.526437
49 0.498892 0.549425 0.961897 0.517241
78 0.494601 0.431609 0.97672 0.803448
50 0.498892 0.549425 0.961897 0.517241
27 0.503962 0.554598 0.950195 0.526437
6 0.503962 0.554598 0.950195 0.526437
108 0.506303 0.43477 0.962677 0.793678
12 0.503962 0.554598 0.950195 0.526437
16 0.503962 0.554598 0.950195 0.526437
21 0.503962 0.554598 0.950195 0.526437
11 0.503962 0.554598 0.950195 0.526437
29 0.503962 0.554598 0.950195 0.526437
48 0.504743 0.512069 0.959557 0.610345
100 0.498892 0.549425 0.961897 0.517241
28 0.503962 0.554598 0.950195 0.526437
42 0.504743 0.512069 0.959557 0.610345
3 0.503962 0.554598 0.950195 0.526437
34 0.503962 0.554598 0.950195 0.526437
13 0.498502 0.553448 0.956436 0.513793
52 0.504743 0.512069 0.959557 0.610345
20 0.503962 0.554598 0.950195 0.526437
73 0.498892 0.549425 0.961897 0.517241
15 0.498502 0.553448 0.956436 0.513793
41 0.498502 0.556466 0.947075 0.459483
95 0.502402 0.562644 0.964238 0.444828
56 0.502402 0.575287 0.964238 0.477012
104 0.502402 0.562644 0.964238 0.444828
41 0.501622 0.465517 0.965798 0.613793
66 0.500062 0.57069 0.962677 0.475862
17 0.500062 0.57069 0.962677 0.475862
79 0.502402 0.562644 0.964238 0.444828
33 0.500062 0.57069 0.962677 0.475862
103 0.500062 0.57069 0.962677 0.475862
84 0.502402 0.575287 0.964238 0.477012
74 0.500062 0.57069 0.962677 0.475862
108 0.500062 0.57069 0.962677 0.475862
95 0.501622 0.465517 0.965798 0.613793
75 0.500062 0.57069 0.962677 0.475862
105 0.502402 0.562644 0.964238 0.444828
81 0.502402 0.562644 0.964238 0.444828
104 0.501622 0.465517 0.965798 0.613793
97 0.502402 0.575287 0.964238 0.477012
56 0.501622 0.465517 0.965798 0.613793
108 0.501622 0.465517 0.965798 0.613793
79 0.501622 0.465517 0.965798 0.613793
109 0.502402 0.562644 0.964238 0.444828
41 0.439212 0.455172 0.873743 0.425287
103 0.501622 0.465517 0.965798 0.613793
80 0.500062 0.57069 0.962677 0.475862
14 0.500062 0.57069 0.962677 0.475862
19 0.498502 0.556466 0.947075 0.459483
17 0.501622 0.465517 0.965798 0.613793
84 0.501622 0.465517 0.965798 0.613793
21 0.500842 0.557471 0.962677 0.452874
109 0.496941 0.024102 0.959557 0.048204
68 0.496941 0.024102 0.959557 0.048204
11 0.500062 0.57069 0.962677 0.475862
16 0.266414 0.575287 0.116239 0.155172
105 0.501622 0.465517 0.965798 0.613793
33 0.501622 0.465517 0.965798 0.613793
81 0.501622 0.465517 0.965798 0.613793
101 0.496941 0.024102 0.959557 0.048204
68 0.502402 0.562644 0.964238 0.444828
67 0.502402 0.562644 0.964238 0.444828
54 0.500062 0.57069 0.962677 0.475862
28 0.500062 0.57069 0.962677 0.475862
77 0.496941 0.024102 0.959557 0.048204
95 0.513652 0.0168463 0.972696 0.0336925
76 0.500062 0.57069 0.962677 0.475862
102 0.496941 0.024102 0.959557 0.048204
68 0.504743 0.054023 0.97828 0.108046
66 0.501622 0.465517 0.965798 0.613793
67 0.496941 0.024102 0.959557 0.048204
101 0.502402 0.562644 0.964238 0.444828
15 0.498502 0.556466 0.947075 0.459483
74 0.501622 0.465517 0.965798 0.613793
50 0.496941 0.024102 0.959557 0.048204
95 0.504743 0.054023 0.97828 0.108046
84 0.496941 0.024102 0.959557 0.048204
109 0.504743 0.054023 0.97828 0.108046
16 0.498502 0.556466 0.947075 0.459483
103 0.513652 0.0168463 0.972696 0.0336925
75 0.501622 0.465517 0.965798 0.613793
20 0.500842 0.557471 0.962677 0.452874
76 0.496941 0.024102 0.959557 0.048204
80 0.501622 0.465517 0.965798 0.613793
0 0.266414 0.575287 0.116239 0.155172
53 0.482899 0.579167 0.959557 0.480747
102 0.504743 0.054023 0.97828 0.108046
99 0.500062 0.57069 0.962677 0.475862
109 0.501622 0.465517 0.965798 0.613793
6 0.502402 0.575287 0.964238 0.477012
11 0.501622 0.465517 0.965798 0.613793
77 0.504743 0.054023 0.97828 0.108046
15 0.266414 0.575287 0.116239 0.155172
78 0.502402 0.562644 0.964238 0.444828
111 0.502402 0.575287 0.964238 0.477012
110 0.502402 0.562644 0.964238 0.444828
28 0.501622 0.465517 0.965798 0.613793
3 0.500842 0.557471 0.962677 0.452874
101 0.504743 0.054023 0.97828 0.108046
41 0.403326 0.523563 0.801971 0.382759
14 0.501622 0.465517 0.965798 0.613793
29 0.500842 0.557471 0.962677 0.452874
49 0.496941 0.024102 0.959557 0.048204
67 0.504743 0.054023 0.97828 0.108046
111 0.496941 0.024102 0.959557 0.048204
16 0.501622 0.465517 0.965798 0.613793
73 0.500062 0.57069 0.962677 0.475862
19 0.501622 0.465517 0.965798 0.613793
50 0.500062 0.57069 0.962677 0.475862
100 0.500062 0.57069 0.962677 0.475862
16 0.972039 0.49023 0.0530487 0.0850575
24 0.498502 0.556466 0.947075 0.459483
97 0.501622 0.465517 0.965798 0.613793
15 0.486019 0.475575 0.964238 0.467241
21 0.486019 0.475575 0.964238 0.467241
56 0.513652 0.0168463 0.972696 0.0336925
77 0.502402 0.562644 0.964238 0.444828
66 0.507863 0.556897 0.962677 0.456322
74 0.507863 0.556897 0.962677 0.456322
17 0.507863 0.556897 0.962677 0.456322
104 0.507863 0.556897 0.962677 0.456322
79 0.507863 0.556897 0.962677 0.456322
41 0.507863 0.556897 0.962677 0.456322
33 0.507863 0.556897 0.962677 0.456322
75 0.507863 0.556897 0.962677 0.456322
56 0.502012 0.56681 0.971259 0.480172
95 0.502402 0.54023 0.970479 0.48046
108 0.507863 0.556897 0.962677 0.456322
54 0.494601 0.562069 0.951756 0.48046
103 0.507863 0.556897 0.962677 0.456322
100 0.494601 0.562069 0.951756 0.48046
97 0.494601 0.562069 0.951756 0.48046
80 0.508643 0.538506 0.961117 0.466667
81 0.507863 0.556897 0.962677 0.456322
84 0.507863 0.556897 0.962677 0.456322
109 0.502012 0.56681 0.971259 0.480172
105 0.507863 0.556897 0.962677 0.456322
28 0.507863 0.556897 0.962677 0.456322
66 0.492651 0.469828 0.963458 0.463793
76 0.508643 0.538506 0.961117 0.466667
41 0.492651 0.469828 0.963458 0.463793
78 0.502402 0.499928 0.970479 0.574856
46 0.494601 0.562069 0.951756 0.48046
74 0.492651 0.469828 0.963458 0.463793
17 0.492651 0.469828 0.963458 0.463793
68 0.494601 0.562069 0.951756 0.48046
108 0.492651 0.469828 0.963458 0.463793
108 0.500452 0.443103 0.968138 0.672414
73 0.494601 0.562069 0.951756 0.48046
99 0.494601 0.562069 0.951756 0.48046
48 0.494601 0.562069 0.951756 0.48046
101 0.494601 0.562069 0.951756 0.48046
50 0.494601 0.562069 0.951756 0.48046
42 0.502402 0.499928 0.970479 0.574856
111 0.494601 0.562069 0.951756 0.48046
54 0.492651 0.469828 0.963458 0.463793
33 0.492651 0.469828 0.963458 0.463793
66 0.865161 0.499425 0.255882 0.333333
33 0.503572 0.578736 0.965018 0.493103
79 0.503572 0.578736 0.965018 0.493103
17 0.507863 0.58046 0.962677 0.490805
66 0.503572 0.578736 0.965018 0.493103
108 0.503572 0.578736 0.965018 0.493103
80 0.507863 0.58046 0.962677 0.490805
33 0.506241 0.472989 0.987518 0.472414
74 0.503572 0.578736 0.965018 0.493103
41 0.507863 0.58046 0.962677 0.490805
75 0.496161 0.571121 0.954876 0.49454
105 0.507863 0.58046 0.962677 0.490805
42 0.503572 0.578736 0.965018 0.493103
17 0.506241 0.472989 0.987518 0.472414
54 0.507863 0.58046 0.962677 0.490805
81 0.507863 0.58046 0.962677 0.490805
84 0.507863 0.58046 0.962677 0.490805
103 0.507863 0.58046 0.962677 0.490805
14 0.507863 0.58046 0.962677 0.490805
104 0.507863 0.58046 0.962677 0.490805
79 0.506241 0.472989 0.987518 0.472414
78 0.501622 0.579454 0.965798 0.500862
108 0.506241 0.472989 0.987518 0.472414
95 0.507863 0.58046 0.962677 0.490805
41 0.506241 0.472989 0.987518 0.472414
66 0.506241 0.472989 0.987518 0.472414
56 0.507863 0.58046 0.962677 0.490805
76 0.496161 0.571121 0.954876 0.49454
16 0.507863 0.58046 0.962677 0.490805
10 0.507863 0.58046 0.962677 0.490805
74 0.506241 0.472989 0.987518 0.472414
21 0.507863 0.58046 0.962677 0.490805
80 0.506241 0.472989 0.987518 0.472414
50 0.503572 0.578736 0.965018 0.493103
7 0.503572 0.578736 0.965018 0.493103
13 0.507863 0.58046 0.962677 0.490805
75 0.506241 0.472989 0.987518 0.472414
15 0.507863 0.58046 0.962677 0.490805
2 0.507863 0.58046 0.962677 0.490805
73 0.507863 0.58046 0.962677 0.490805
11 0.507863 0.58046 0.962677 0.490805
28 0.507863 0.58046 0.962677 0.490805
97 0.507863 0.58046 0.962677 0.490805
23 0.507863 0.58046 0.962677 0.490805
6 0.507863 0.58046 0.962677 0.490805
99 0.503572 0.578736 0.965018 0.493103
34 0.496161 0.571121 0.954876 0.49454
48 0.507863 0.58046 0.962677 0.490805
18 0.507863 0.58046 0.962677 0.490805
19 0.507863 0.58046 0.962677 0.490805
100 0.496161 0.571121 0.954876 0.49454
52 0.507863 0.58046 0.962677 0.490805
8 0.507863 0.58046 0.962677 0.490805
33 0.505913 0.539224 0.944734 0.457184
17 0.507473 0.541523 0.941614 0.450287
108 0.507473 0.541523 0.941614 0.450287
41 0.505913 0.539224 0.944734 0.457184
79 0.507473 0.541523 0.941614 0.450287
104 0.505913 0.539224 0.944734 0.457184
74 0.507473 0.541523 0.941614 0.450287
66 0.507473 0.541523 0.941614 0.450287
80 0.507473 0.541523 0.941614 0.450287
95 0.505913 0.539224 0.944734 0.457184
56 0.505913 0.539224 0.944734 0.457184
108 0.500062 0.425862 0.957997 0.654023
75 0.498501 0.521839 0.953316 0.482759
54 0.507473 0.541523 0.941614 0.450287
103 0.505913 0.539224 0.944734 0.457184
28 0.507473 0.541523 0.941614 0.450287
21 0.507473 0.541523 0.941614 0.450287
19 0.507473 0.541523 0.941614 0.450287
15 0.507473 0.541523 0.941614 0.450287
33 0.500062 0.425862 0.957997 0.654023
84 0.505913 0.539224 0.944734 0.457184
16 0.507473 0.541523 0.941614 0.450287
14 0.507473 0.541523 0.941614 0.450287
78 0.507473 0.541523 0.941614 0.450287
26 0.507473 0.541523 0.941614 0.450287
41 0.500062 0.425862 0.957997 0.654023
79 0.500062 0.425862 0.957997 0.654023
18 0.507473 0.541523 0.941614 0.450287
33 0.508643 0.572414 0.970479 0.522988
17 0.503182 0.563793 0.975159 0.536782
108 0.508643 0.572414 0.970479 0.522988
41 0.503182 0.563793 0.975159 0.536782
80 0.508643 0.572414 0.970479 0.522988
79 0.506693 0.572557 0.971259 0.523851
74 0.506693 0.572557 0.971259 0.523851
54 0.508643 0.572414 0.970479 0.522988
95 0.506693 0.572557 0.971259 0.523851
66 0.506693 0.572557 0.971259 0.523851
104 0.506693 0.572557 0.971259 0.523851
84 0.506693 0.572557 0.971259 0.523851
75 0.508643 0.572414 0.970479 0.522988
16 0.514982 0.495402 0.544334 0.298851
108 0.506631 0.436782 0.986738 0.714943
56 0.506693 0.572557 0.971259 0.523851
103 0.506693 0.572557 0.971259 0.523851
42 0.508643 0.572414 0.970479 0.522988
14 0.503182 0.563793 0.975159 0.536782
15 0.514982 0.495402 0.544334 0.298851
15 0.503182 0.563793 0.975159 0.536782
109 0.506693 0.572557 0.971259 0.523851
53 0.494601 0.577012 0.97984 0.511494
19 0.503182 0.563793 0.975159 0.536782
23 0.503182 0.563793 0.975159 0.536782
78 0.496161 0.541523 0.973599 0.556035
52 0.494601 0.577012 0.97984 0.511494
14 0.514982 0.495402 0.544334 0.298851
21 0.496161 0.541523 0.973599 0.556035
13 0.500062 0.557615 0.973599 0.537644
16 0.503182 0.563793 0.975159 0.536782
28 0.503182 0.563793 0.975159 0.536782
80 0.503182 0.431035 0.982961 0.733333
33 0.506631 0.436782 0.986738 0.714943
97 0.494601 0.577012 0.97984 0.511494
13 0.514982 0.495402 0.544334 0.298851
11 0.503182 0.563793 0.975159 0.536782
26 0.514982 0.495402 0.544334 0.298851
105 0.506693 0.572557 0.971259 0.523851
17 0.485239 0.553879 0.91743 0.443966
74 0.485239 0.553879 0.91743 0.443966
41 0.4907 0.555172 0.940834 0.435632
75 0.485239 0.553879 0.91743 0.443966
33 0.485239 0.553879 0.91743 0.443966
66 0.485239 0.553879 0.91743 0.443966
79 0.485239 0.553879 0.91743 0.443966
108 0.49148 0.551149 0.91899 0.44023
103 0.485239 0.553879 0.91743 0.443966
80 0.49148 0.551149 0.91899 0.44023
104 0.485239 0.553879 0.91743 0.443966
99 0.485239 0.553879 0.91743 0.443966
42 0.49148 0.551149 0.91899 0.44023
100 0.485239 0.553879 0.91743 0.443966
73 0.485239 0.553879 0.91743 0.443966
54 0.49148 0.551149 0.91899 0.44023
76 0.49148 0.550718 0.940834 0.434195
21 0.49109 0.549425 0.943174 0.427586
109 0.485239 0.553879 0.91743 0.443966
16 0.265633 0.350575 0.156025 0.058046
13 0.485239 0.553879 0.91743 0.443966
84 0.485239 0.553879 0.91743 0.443966
81 0.485239 0.553879 0.91743 0.443966
46 0.485239 0.553879 0.91743 0.443966
33 0.503182 0.547701 0.9814 0.437931
41 0.496941 0.537356 0.967358 0.42069
17 0.510203 0.55273 0.968918 0.432471
14 0.509813 0.550718 0.965018 0.434195
79 0.510203 0.55273 0.968918 0.432471
108 0.503182 0.547701 0.9814 0.437931
21 0.509813 0.550718 0.965018 0.434195
15 0.509813 0.550718 0.965018 0.434195
13 0.509813 0.550718 0.965018 0.434195
18 0.509813 0.550718 0.965018 0.434195
24 0.509813 0.550718 0.965018 0.434195
19 0.509813 0.550718 0.965018 0.434195
41 0.498111 0.45977 0.966578 0.632184
28 0.509813 0.550718 0.965018 0.434195
11 0.509813 0.550718 0.965018 0.434195
74 0.503182 0.547126 0.982961 0.436782
33 0.502792 0.464368 0.982181 0.666667
75 0.496941 0.537356 0.967358 0.42069
16 0.509813 0.550718 0.965018 0.434195
41 0.484069 0.460345 0.963458 0.42069
54 0.496161 0.544828 0.957997 0.444828
26 0.509813 0.550718 0.965018 0.434195
108 0.502792 0.464368 0.982181 0.666667
23 0.509813 0.550718 0.965018 0.434195
41 0.378362 0.409195 0.748142 0.516092
80 0.503182 0.547701 0.9814 0.437931
66 0.503182 0.547126 0.982961 0.436782
17 0.499282 0.551868 0.939274 0.418103
41 0.499282 0.552299 0.936153 0.421839
74 0.500062 0.55158 0.940834 0.425575
56 0.499282 0.552299 0.936153 0.421839
104 0.499282 0.552299 0.936153 0.421839
33 0.502792 0.554023 0.947855 0.421839
28 0.500842 0.553448 0.937713 0.424138
66 0.500062 0.55158 0.940834 0.425575
79 0.500842 0.554023 0.945515 0.425287
13 0.499282 0.551868 0.939274 0.418103
21 0.500842 0.553448 0.937713 0.424138
15 0.500842 0.553448 0.937713 0.424138
95 0.499282 0.552299 0.936153 0.421839
108 0.499282 0.552299 0.936153 0.421839
20 0.500842 0.553448 0.937713 0.424138
11 0.500842 0.553448 0.937713 0.424138
18 0.499282 0.551868 0.939274 0.418103
100 0.500062 0.55158 0.940834 0.425575
14 0.500842 0.553448 0.937713 0.424138
16 0.500842 0.553448 0.937713 0.424138
99 0.500062 0.55158 0.940834 0.425575
27 0.499282 0.552299 0.936153 0.421839
75 0.500062 0.55158 0.940834 0.425575
73 0.500062 0.55158 0.940834 0.425575
35 0.500062 0.55158 0.940834 0.425575
26 0.500842 0.553448 0.937713 0.424138
19 0.500842 0.553448 0.937713 0.424138
29 0.500842 0.553448 0.937713 0.424138
24 0.500842 0.553448 0.937713 0.424138
105 0.498501 0.550431 0.931472 0.416379
12 0.500062 0.55158 0.940834 0.425575
81 0.499282 0.552299 0.936153 0.421839
76 0.500842 0.539081 0.939274 0.405747
17 0.502402 0.551149 0.945515 0.436782
41 0.497721 0.539655 0.945515 0.428736
28 0.503182 0.555747 0.948635 0.435632
56 0.503182 0.555747 0.948635 0.435632
20 0.503182 0.555747 0.948635 0.435632
14 0.503182 0.555747 0.948635 0.435632
19 0.502402 0.551149 0.945515 0.436782
15 0.503182 0.555747 0.948635 0.435632
33 0.502402 0.551149 0.945515 0.436782
21 0.503182 0.555747 0.948635 0.435632
100 0.502402 0.551149 0.945515 0.436782
18 0.503182 0.555747 0.948635 0.435632
35 0.503182 0.555747 0.948635 0.435632
26 0.503182 0.555747 0.948635 0.435632
11 0.503182 0.555747 0.948635 0.435632
12 0.503182 0.555747 0.948635 0.435632
104 0.502402 0.551149 0.945515 0.436782
73 0.497721 0.539655 0.945515 0.428736
13 0.502402 0.551149 0.945515 0.436782
48 0.501622 0.545833 0.953316 0.439368
24 0.503182 0.555747 0.948635 0.435632
99 0.502402 0.551149 0.945515 0.436782
27 0.503182 0.555747 0.948635 0.435632
74 0.502402 0.551149 0.945515 0.436782
16 0.503182 0.555747 0.948635 0.435632
29 0.503182 0.555747 0.948635 0.435632
66 0.502402 0.551149 0.945515 0.436782
95 0.503182 0.555747 0.948635 0.435632
23 0.503182 0.555747 0.948635 0.435632
108 0.503182 0.555747 0.948635 0.435632
3 0.503182 0.555747 0.948635 0.435632
6 0.503182 0.555747 0.948635 0.435632
101 0.503182 0.555747 0.948635 0.435632
17 0.48758 0.543103 0.965798 0.449425
41 0.48758 0.543103 0.965798 0.449425
104 0.497721 0.551724 0.945515 0.45977
56 0.498501 0.551149 0.950195 0.458621
95 0.497721 0.551724 0.945515 0.45977
74 0.48836 0.543822 0.967358 0.452586
33 0.497721 0.551724 0.945515 0.45977
79 0.497721 0.551724 0.945515 0.45977
28 0.498501 0.551149 0.950195 0.458621
14 0.498501 0.551149 0.950195 0.458621
19 0.495771 0.560345 0.9775 0.474713
100 0.48758 0.543103 0.965798 0.449425
20 0.498501 0.551149 0.950195 0.458621
21 0.498501 0.551149 0.950195 0.458621
15 0.498501 0.551149 0.950195 0.458621
99 0.48953 0.54023 0.971259 0.445977
16 0.498501 0.551149 0.950195 0.458621
109 0.497721 0.551724 0.945515 0.45977
18 0.498501 0.551149 0.950195 0.458621
29 0.498501 0.551149 0.950195 0.458621
73 0.48758 0.543103 0.965798 0.449425
101 0.497721 0.551724 0.945515 0.45977
66 0.48836 0.543822 0.967358 0.452586
26 0.495771 0.560345 0.9775 0.474713
27 0.498501 0.551149 0.950195 0.458621
6 0.495771 0.560345 0.9775 0.474713
24 0.495771 0.560345 0.9775 0.474713
11 0.498501 0.551149 0.950195 0.458621
12 0.498501 0.551149 0.950195 0.458621
103 0.48836 0.543822 0.967358 0.452586
13 0.498501 0.551149 0.950195 0.458621
77 0.497721 0.551724 0.945515 0.45977
23 0.495771 0.560345 0.9775 0.474713
17 0.49226 0.535057 0.954876 0.424138
74 0.495381 0.55158 0.943954 0.439368
41 0.49226 0.535057 0.954876 0.424138
66 0.495381 0.55158 0.943954 0.439368
33 0.49226 0.535057 0.954876 0.424138
79 0.495381 0.55158 0.943954 0.439368
108 0.48992 0.555029 0.964238 0.439368
75 0.48914 0.521839 0.956436 0.382759
104 0.48914 0.521839 0.956436 0.382759
54 0.496161 0.54842 0.953316 0.443391
80 0.496161 0.54842 0.953316 0.443391
42 0.496161 0.54842 0.953316 0.443391
73 0.48953 0.50431 0.957217 0.347701
100 0.48914 0.521839 0.956436 0.382759
99 0.48953 0.50431 0.957217 0.347701
18 0.49226 0.535057 0.954876 0.424138
15 0.48914 0.498276 0.964238 0.332184
41 0.49109 0.546552 0.949415 0.447126
17 0.49226 0.545977 0.925231 0.436782
33 0.500062 0.535632 0.953316 0.425287
15 0.500062 0.535632 0.953316 0.425287
100 0.4907 0.540805 0.947075 0.428736
73 0.4907 0.540805 0.947075 0.428736
99 0.501622 0.531034 0.953316 0.412644
28 0.500062 0.535632 0.953316 0.425287
21 0.501622 0.531034 0.953316 0.412644
48 0.49109 0.546552 0.949415 0.447126
17 0.504352 0.549569 0.960337 0.427299
41 0.502402 0.556897 0.962677 0.445977
74 0.497721 0.539655 0.964238 0.421839
66 0.497721 0.539655 0.964238 0.421839
33 0.502402 0.556897 0.962677 0.445977
100 0.497721 0.541523 0.964238 0.425
79 0.504352 0.549569 0.960337 0.427299
104 0.502402 0.556897 0.962677 0.445977
28 0.502402 0.556897 0.962677 0.445977
108 0.502402 0.556897 0.962677 0.445977
56 0.497721 0.541523 0.964238 0.425
18 0.502402 0.556897 0.962677 0.445977
14 0.502402 0.556897 0.962677 0.445977
75 0.497721 0.539655 0.964238 0.421839
21 0.502402 0.556897 0.962677 0.445977
15 0.502402 0.556897 0.962677 0.445977
35 0.502402 0.556897 0.962677 0.445977
54 0.497721 0.541523 0.964238 0.425
12 0.497721 0.541523 0.964238 0.425
46 0.497721 0.541523 0.964238 0.425
20 0.502402 0.556897 0.962677 0.445977
99 0.497721 0.539655 0.964238 0.421839
19 0.504352 0.549569 0.960337 0.427299
81 0.502402 0.556897 0.962677 0.445977
48 0.497721 0.541523 0.964238 0.425
95 0.497721 0.541523 0.964238 0.425
3 0.497721 0.541523 0.964238 0.425
73 0.497721 0.541523 0.964238 0.425
76 0.497721 0.541523 0.964238 0.425
15 0.9814 0.49023 0.0343256 0.0862069
49 0.497721 0.541523 0.964238 0.425
42 0.497721 0.541523 0.964238 0.425
16 0.502402 0.556897 0.962677 0.445977
13 0.504352 0.549569 0.960337 0.427299
15 0.968918 0.495402 0.0561692 0.0885058
23 0.502402 0.556897 0.962677 0.445977
47 0.497721 0.541523 0.964238 0.425
16 0.9814 0.49023 0.0343256 0.0862069
11 0.502402 0.556897 0.962677 0.445977
18 0.969699 0.489655 0.0561692 0.0839081
16 0.968918 0.495402 0.0561692 0.0885058
14 0.968918 0.495402 0.0561692 0.0885058
80 0.502402 0.556897 0.962677 0.445977
50 0.497721 0.541523 0.964238 0.425
101 0.497721 0.541523 0.964238 0.425
17 0.484459 0.544253 0.968918 0.449425
41 0.484459 0.544253 0.968918 0.449425
33 0.484459 0.544253 0.968918 0.449425
79 0.497721 0.555747 0.954876 0.45977
74 0.48914 0.541379 0.968918 0.442529
14 0.484459 0.544253 0.968918 0.449425
108 0.497721 0.553448 0.953316 0.45977
14 0.965798 0.497701 0.0624102 0.0988506
19 0.484459 0.544253 0.968918 0.449425
15 0.484459 0.544253 0.968918 0.449425
104 0.497721 0.555747 0.954876 0.45977
21 0.484459 0.544253 0.968918 0.449425
66 0.48914 0.541379 0.968918 0.442529
18 0.497721 0.553448 0.953316 0.45977
23 0.497721 0.553448 0.953316 0.45977
28 0.48836 0.548851 0.968918 0.45977
14 0.967358 0.518678 0.06085 0.131609
16 0.965798 0.497701 0.0624102 0.0988506
16 0.484459 0.544253 0.968918 0.449425
18 0.965798 0.491954 0.0624102 0.0965517
17 0.965798 0.497701 0.0624102 0.0988506
17 0.380605 0.0449353 0.752238 0.0898707
101 0.380605 0.0449353 0.752238 0.0898707
15 0.965798 0.497701 0.0624102 0.0988506
13 0.484459 0.544253 0.968918 0.449425
5 0.967358 0.495115 0.06085 0.100575
75 0.484459 0.544253 0.968918 0.449425
80 0.497721 0.555747 0.954876 0.45977
7 0.967358 0.496552 0.0624102 0.0942529
24 0.965798 0.497701 0.0624102 0.0988506
26 0.965798 0.497701 0.0624102 0.0988506
77 0.380605 0.0449353 0.752238 0.0898707
23 0.965798 0.491954 0.0624102 0.0965517
8 0.967358 0.496552 0.0624102 0.0942529
21 0.965798 0.491954 0.0624102 0.0965517
109 0.377582 0.0510057 0.755163 0.102011
81 0.497721 0.555747 0.954876 0.45977
56 0.48836 0.548851 0.968918 0.45977
24 0.500062 0.548851 0.947075 0.450575
18 0.967358 0.518678 0.06085 0.131609
19 0.380605 0.0449353 0.752238 0.0898707
17 0.967358 0.518678 0.06085 0.131609
20 0.48836 0.548851 0.968918 0.45977
16 0.967358 0.518678 0.06085 0.131609
41 0.380605 0.0449353 0.752238 0.0898707
16 0.647896 0.0300467 0.18489 0.0559986
76 0.380605 0.0449353 0.752238 0.0898707
73 0.380605 0.0449353 0.752238 0.0898707
17 0.506303 0.552299 0.928352 0.44023
41 0.481729 0.547701 0.930692 0.429885
13 0.506303 0.552299 0.928352 0.44023
74 0.478608 0.540805 0.921331 0.417241
18 0.506303 0.554167 0.933033 0.438793
33 0.481729 0.547701 0.930692 0.429885
14 0.506303 0.554167 0.933033 0.438793
15 0.481729 0.547701 0.930692 0.429885
19 0.506303 0.552299 0.928352 0.44023
23 0.506303 0.554167 0.933033 0.438793
79 0.506303 0.552299 0.928352 0.44023
16 0.506303 0.554167 0.933033 0.438793
4 0.601868 0.0298491 0.287867 0.0596983
4 0.552233 0.0295618 0.391819 0.0591236
99 0.484849 0.540086 0.936933 0.416379
75 0.478608 0.540805 0.921331 0.417241
21 0.506303 0.554167 0.933033 0.438793
28 0.506303 0.554167 0.933033 0.438793
66 0.478608 0.540805 0.921331 0.417241
100 0.484849 0.540086 0.936933 0.416379
103 0.484849 0.540086 0.936933 0.416379
4 0.512934 0.0315374 0.478218 0.0630747
20 0.506303 0.554167 0.933033 0.438793
20 0.601868 0.0298491 0.287867 0.0596983
26 0.493041 0.550575 0.939274 0.435632
76 0.478608 0.540805 0.921331 0.417241
24 0.506303 0.554167 0.933033 0.438793
108 0.526976 0.559195 0.876083 0.448276
73 0.484849 0.540086 0.936933 0.416379
27 0.506303 0.552299 0.928352 0.44023
41 0.48758 0.55 0.961117 0.452874
17 0.497721 0.564512 0.951756 0.475575
28 0.48992 0.553879 0.967358 0.469253
15 0.48758 0.55 0.961117 0.452874
21 0.496161 0.557615 0.957997 0.464081
20 0.496161 0.557615 0.957997 0.464081
18 0.496161 0.557615 0.957997 0.464081
104 0.497721 0.564512 0.951756 0.475575
35 0.496161 0.557615 0.957997 0.464081
14 0.496161 0.557615 0.957997 0.464081
56 0.483679 0.543822 0.962677 0.441092
13 0.496161 0.557615 0.957997 0.464081
74 0.497721 0.564512 0.951756 0.475575
33 0.48914 0.55977 0.968918 0.47931
16 0.752823 0.548276 0.285527 0.47931
16 0.496161 0.557615 0.957997 0.464081
11 0.48992 0.553879 0.967358 0.469253
29 0.496161 0.557615 0.957997 0.464081
12 0.496161 0.557615 0.957997 0.464081
100 0.48836 0.554023 0.957997 0.45977
19 0.496161 0.557615 0.957997 0.464081
27 0.496161 0.557615 0.957997 0.464081
23 0.496161 0.557615 0.957997 0.464081
26 0.48992 0.553879 0.967358 0.469253
17 0.484069 0.545977 0.91977 0.431034
41 0.482119 0.540086 0.950195 0.443966
14 0.485239 0.546552 0.923671 0.431034
79 0.484069 0.545977 0.91977 0.431034
18 0.485239 0.546552 0.923671 0.431034
21 0.482899 0.542672 0.953316 0.443391
28 0.480559 0.541523 0.948635 0.44569
74 0.478998 0.537356 0.953316 0.44023
15 0.480559 0.541523 0.948635 0.44569
18 0.966578 0.49023 0.0624102 0.0850575
104 0.481339 0.541954 0.954876 0.44023
20 0.480559 0.541523 0.948635 0.44569
19 0.485239 0.546552 0.923671 0.431034
14 0.97672 0.489655 0.0436871 0.0839081
33 0.482899 0.542672 0.953316 0.443391
14 0.966578 0.491092 0.0624102 0.0850575
13 0.485239 0.546552 0.923671 0.431034
4 0.966578 0.486207 0.0624102 0.0908046
3 0.966578 0.49023 0.0624102 0.0850575
17 0.966578 0.486207 0.0624102 0.0908046
16 0.964238 0.539655 0.0655307 0.202299
27 0.966578 0.49023 0.0624102 0.0850575
23 0.966578 0.49023 0.0624102 0.0850575
15 0.966578 0.486207 0.0624102 0.0908046
18 0.97672 0.489655 0.0436871 0.0839081
16 0.485239 0.546552 0.923671 0.431034
5 0.966578 0.49023 0.0624102 0.0850575
13 0.97672 0.489655 0.0436871 0.0839081
15 0.97672 0.489655 0.0436871 0.0839081
13 0.966578 0.486207 0.0624102 0.0908046
15 0.964238 0.539655 0.0655307 0.202299
7 0.966578 0.49023 0.0624102 0.0850575
26 0.485239 0.546552 0.923671 0.431034
16 0.964238 0.499425 0.0639704 0.162069
23 0.485239 0.546552 0.923671 0.431034
26 0.97672 0.489655 0.0436871 0.0839081
17 0.500452 0.556178 0.955656 0.466954
41 0.485239 0.542672 0.970479 0.459483
79 0.48992 0.532184 0.973599 0.436782
74 0.48992 0.532184 0.973599 0.436782
21 0.48992 0.532184 0.973599 0.436782
28 0.500452 0.556178 0.955656 0.466954
18 0.500452 0.556178 0.955656 0.466954
33 0.485239 0.542672 0.970479 0.459483
13 0.500452 0.556178 0.955656 0.466954
104 0.48992 0.532184 0.973599 0.436782
19 0.48992 0.532184 0.973599 0.436782
14 0.500452 0.556178 0.955656 0.466954
66 0.48992 0.532184 0.973599 0.436782
20 0.500452 0.556178 0.955656 0.466954
35 0.500452 0.556178 0.955656 0.466954
81 0.48992 0.532184 0.973599 0.436782
15 0.48758 0.518391 0.972039 0.402299
17 0.496551 0.546552 0.954096 0.431034
74 0.478998 0.538506 0.951756 0.431035
41 0.48797 0.543822 0.972819 0.438793
33 0.478998 0.538506 0.951756 0.431035
79 0.496551 0.546552 0.954096 0.431034
66 0.478998 0.538506 0.951756 0.431035
100 0.48797 0.543822 0.972819 0.438793
101 0.376899 0.0274425 0.733125 0.0548851
18 0.496551 0.546552 0.954096 0.431034
17 0.48875 0.567241 0.97594 0.496552
74 0.480559 0.564224 0.961117 0.485345
79 0.495381 0.580316 0.956436 0.51523
41 0.48875 0.567241 0.97594 0.496552
33 0.48875 0.567241 0.97594 0.496552
66 0.480559 0.564224 0.961117 0.485345
13 0.495381 0.580316 0.956436 0.51523
108 0.480559 0.564224 0.961117 0.485345
14 0.48875 0.567241 0.97594 0.496552
75 0.48875 0.567241 0.97594 0.496552
18 0.495381 0.580316 0.956436 0.51523
17 0.496941 0.546121 0.956436 0.438793
41 0.485239 0.532184 0.970479 0.418391
74 0.48758 0.52069 0.968918 0.388506
33 0.48758 0.52069 0.968918 0.388506
14 0.496941 0.546121 0.956436 0.438793
104 0.48953 0.543535 0.974379 0.439368
79 0.498501 0.541236 0.953316 0.425575
66 0.48758 0.52069 0.968918 0.388506
18 0.496941 0.546121 0.956436 0.438793
28 0.496941 0.546121 0.956436 0.438793
18 0.968918 0.493678 0.0592897 0.0942529
17 0.49148 0.549425 0.973599 0.450575
41 0.4868 0.548851 0.964238 0.445977
79 0.500062 0.553448 0.954876 0.444828
104 0.4868 0.548851 0.964238 0.445977
13 0.500062 0.553448 0.954876 0.444828
74 0.48992 0.546552 0.970479 0.44023
33 0.48992 0.546552 0.970479 0.44023
23 0.499282 0.555172 0.956436 0.443678
14 0.500062 0.553448 0.954876 0.444828
18 0.499282 0.555172 0.956436 0.443678
28 0.499282 0.555172 0.956436 0.443678
16 0.499282 0.555172 0.956436 0.443678
19 0.500062 0.553448 0.954876 0.444828
21 0.48992 0.546552 0.970479 0.44023
20 0.499282 0.555172 0.956436 0.443678
66 0.48992 0.546552 0.970479 0.44023
81 0.48992 0.546552 0.970479 0.44023
15 0.48992 0.546552 0.970479 0.44023
17 0.496941 0.545977 0.943954 0.448276
74 0.4868 0.535057 0.961117 0.424138
33 0.486019 0.531034 0.959557 0.413793
41 0.48836 0.542385 0.954876 0.443966
79 0.496941 0.545977 0.943954 0.448276
66 0.4868 0.535057 0.961117 0.424138
13 0.496941 0.545977 0.943954 0.448276
14 0.496941 0.545977 0.943954 0.448276
19 0.4868 0.535057 0.961117 0.424138
18 0.496941 0.545977 0.943954 0.448276
23 0.496941 0.545977 0.943954 0.448276
21 0.486019 0.531034 0.959557 0.413793
75 0.48836 0.542385 0.954876 0.443966
17 0.486019 0.53908 0.954876 0.441379
74 0.482899 0.536782 0.953316 0.434483
66 0.482899 0.536782 0.953316 0.434483
41 0.48797 0.54023 0.965018 0.43908
75 0.480949 0.538506 0.950975 0.436782
100 0.48758 0.537356 0.962677 0.44023
79 0.480949 0.538506 0.950975 0.436782
18 0.48992 0.540086 0.923671 0.437069
33 0.482899 0.53908 0.948635 0.441379
35 0.48992 0.540086 0.923671 0.437069
14 0.486019 0.53908 0.954876 0.441379
28 0.48797 0.54023 0.965018 0.43908
104 0.49148 0.536207 0.970479 0.433333
13 0.48992 0.540086 0.923671 0.437069
12 0.483679 0.539224 0.953316 0.441092
19 0.482899 0.536782 0.953316 0.434483
54 0.48797 0.54023 0.965018 0.43908
17 0.480949 0.545833 0.955656 0.437069
33 0.466126 0.538506 0.91821 0.437931
41 0.466126 0.538506 0.91821 0.437931
74 0.475878 0.539224 0.945515 0.436494
66 0.475878 0.539224 0.945515 0.436494
79 0.477048 0.542529 0.949415 0.435632
14 0.480949 0.545833 0.955656 0.437069
13 0.480949 0.545833 0.955656 0.437069
75 0.466126 0.538506 0.91821 0.437931
18 0.480949 0.545833 0.955656 0.437069
17 0.716547 0.55 0.512544 0.421839
17 0.477438 0.54023 0.951756 0.435632
74 0.475878 0.537931 0.948635 0.436782
33 0.473537 0.54023 0.947075 0.437931
66 0.475878 0.537931 0.948635 0.436782
41 0.473537 0.54023 0.947075 0.437931
14 0.4907 0.541379 0.931472 0.432184
19 0.475878 0.537931 0.948635 0.436782
18 0.4907 0.541379 0.931472 0.432184
101 0.493041 0.00657328 0.962677 0.0131466
79 0.48641 0.538506 0.924451 0.431035
75 0.473537 0.54023 0.947075 0.437931
13 0.4907 0.541379 0.931472 0.432184
23 0.4907 0.541379 0.931472 0.432184
17 0.497721 0.545833 0.945515 0.443966
41 0.49226 0.541236 0.965798 0.446264
74 0.48914 0.53908 0.965798 0.439081
33 0.496161 0.544828 0.948635 0.443678
18 0.497721 0.545833 0.945515 0.443966
66 0.48914 0.53908 0.965798 0.439081
14 0.496161 0.544828 0.948635 0.443678
17 0.500842 0.543678 0.940834 0.436782
74 0.48758 0.539224 0.951756 0.441092
66 0.48758 0.539224 0.951756 0.441092
33 0.484459 0.539081 0.943954 0.437931
41 0.484459 0.539081 0.943954 0.437931
18 0.500842 0.543678 0.940834 0.436782
75 0.484459 0.539081 0.943954 0.437931
14 0.500842 0.543678 0.940834 0.436782
79 0.495381 0.541954 0.940834 0.44023
54 0.484459 0.539081 0.943954 0.437931
97 0.484459 0.539081 0.943954 0.437931
19 0.495381 0.541954 0.940834 0.44023
13 0.497721 0.542529 0.942394 0.441379
17 0.48992 0.543822 0.936153 0.431897
41 0.481729 0.541379 0.946295 0.436782
33 0.481729 0.541379 0.946295 0.436782
18 0.48992 0.543822 0.936153 0.431897
74 0.481729 0.538937 0.950975 0.432471
17 0.499282 0.55158 0.953316 0.448563
74 0.4868 0.54727 0.972039 0.452586
33 0.484069 0.544253 0.965018 0.444828
18 0.500842 0.55 0.947075 0.450575
66 0.4868 0.54727 0.972039 0.452586
41 0.484069 0.544253 0.965018 0.444828
14 0.500842 0.55 0.947075 0.450575
13 0.500842 0.55 0.947075 0.450575
19 0.500842 0.55 0.947075 0.450575
17 0.48953 0.551149 0.97906 0.448276
41 0.484069 0.539224 0.961897 0.427299
74 0.486019 0.545402 0.970479 0.436782
33 0.48758 0.548132 0.972039 0.441667
18 0.498501 0.555172 0.962677 0.448276
14 0.498501 0.555172 0.962677 0.448276
66 0.486019 0.545402 0.970479 0.436782
13 0.498501 0.555172 0.962677 0.448276
17 0.486019 0.547701 0.968918 0.439081
74 0.484459 0.542385 0.965798 0.432471
33 0.486019 0.542529 0.967358 0.436782
14 0.48836 0.544684 0.972039 0.43477
41 0.486019 0.542529 0.967358 0.436782
18 0.48836 0.544684 0.972039 0.43477
66 0.484459 0.542385 0.965798 0.432471
13 0.499672 0.545977 0.952536 0.435632
19 0.484459 0.542385 0.965798 0.432471
75 0.486019 0.542529 0.967358 0.436782
17 0.482899 0.543678 0.959557 0.445977
41 0.48875 0.541954 0.969698 0.437931
18 0.497331 0.548276 0.943174 0.449425
74 0.476658 0.541379 0.950195 0.439081
33 0.476658 0.541379 0.950195 0.439081
28 0.48875 0.541954 0.969698 0.437931
14 0.498111 0.547701 0.944734 0.442529
79 0.497331 0.548276 0.943174 0.449425
13 0.497331 0.548276 0.943174 0.449425
17 0.482119 0.546983 0.957997 0.425575
33 0.471587 0.543678 0.940054 0.426437
74 0.471587 0.543678 0.940054 0.426437
41 0.475098 0.543678 0.943954 0.428736
14 0.471587 0.543678 0.940054 0.426437
18 0.471587 0.543678 0.940054 0.426437
66 0.471587 0.543678 0.940054 0.426437
17 0.484069 0.546983 0.965018 0.425575
74 0.478218 0.541954 0.956436 0.418391
14 0.498502 0.548851 0.954876 0.42069
33 0.481339 0.545402 0.957997 0.426437
41 0.481339 0.545402 0.957997 0.426437
17 0.481729 0.548276 0.960337 0.424138
74 0.477828 0.547701 0.954096 0.425287
14 0.477828 0.547701 0.954096 0.425287
33 0.475878 0.54727 0.951756 0.425
41 0.474708 0.548851 0.941614 0.425287
18 0.477828 0.547701 0.954096 0.425287
101 0.532047 0.0311782 0.929912 0.0623563
66 0.477828 0.547701 0.954096 0.425287
17 0.478218 0.544253 0.953316 0.434483
33 0.475878 0.545977 0.950195 0.432184
74 0.476658 0.543678 0.948635 0.434483
14 0.475878 0.545977 0.950195 0.432184
41 0.481339 0.543678 0.953316 0.435632
79 0.486019 0.543103 0.964238 0.437931
23 0.486019 0.543103 0.964238 0.437931
18 0.478218 0.544253 0.953316 0.434483
18 0.968918 0.490805 0.0561692 0.0844828
17 0.474318 0.543103 0.948635 0.435632
74 0.474318 0.543103 0.948635 0.435632
41 0.475878 0.541954 0.948635 0.44023
14 0.475488 0.544684 0.950975 0.43477
33 0.475488 0.544684 0.950975 0.43477
18 0.466906 0.540805 0.933813 0.435632
17 0.497721 0.549282 0.943954 0.43477
74 0.482899 0.54842 0.964238 0.436494
33 0.484069 0.548851 0.968138 0.432184
14 0.482899 0.54842 0.964238 0.436494
18 0.482899 0.54842 0.964238 0.436494
17 0.496551 0.549282 0.946295 0.437069
33 0.484849 0.548276 0.961897 0.436782
74 0.48758 0.54842 0.962677 0.438793
14 0.484849 0.548276 0.961897 0.436782
41 0.484849 0.548276 0.961897 0.436782
17 0.48758 0.545833 0.928352 0.425575
33 0.479778 0.545977 0.950195 0.431034
74 0.480559 0.546121 0.948635 0.427299
41 0.482119 0.545402 0.948635 0.428736
14 0.482119 0.545402 0.948635 0.428736
17 0.49148 0.547126 0.972039 0.435632
74 0.49148 0.547126 0.972039 0.435632
33 0.482899 0.545402 0.956436 0.435632
14 0.48992 0.545977 0.970479 0.437931
41 0.479778 0.544253 0.943954 0.445977
17 0.502012 0.54727 0.958777 0.427299
74 0.48875 0.546121 0.969698 0.431897
33 0.483679 0.546983 0.957997 0.425575
14 0.502012 0.54727 0.958777 0.427299
66 0.483679 0.546983 0.957997 0.425575
17 0.48758 0.548276 0.968918 0.434483
74 0.485239 0.550718 0.967358 0.438793
14 0.48758 0.548276 0.968918 0.433333
33 0.485629 0.546983 0.963458 0.43477
23 0.48758 0.548276 0.968918 0.433333
18 0.48758 0.548276 0.968918 0.433333
66 0.48758 0.548276 0.968918 0.433333
17 0.4907 0.545977 0.975159 0.434483
14 0.4907 0.545977 0.972039 0.434483
74 0.48797 0.545977 0.974379 0.435632
33 0.4907 0.545977 0.972039 0.434483
18 0.4907 0.545977 0.972039 0.434483
79 0.499282 0.547701 0.957997 0.433333
17 0.480949 0.546983 0.957217 0.430172
14 0.484459 0.545977 0.956436 0.428736
74 0.480949 0.546983 0.957217 0.430172
18 0.484459 0.545977 0.956436 0.428736
33 0.481339 0.545977 0.954876 0.431034
23 0.484459 0.545977 0.956436 0.428736
17 0.481339 0.550431 0.959557 0.430172
14 0.49031 0.551724 0.936933 0.431034
74 0.479778 0.550575 0.956436 0.432184
33 0.482119 0.548851 0.957997 0.429885
41 0.482119 0.548851 0.957997 0.429885
23 0.482119 0.548851 0.957997 0.429885
17 0.484459 0.547126 0.965798 0.429885
14 0.484069 0.547126 0.963458 0.428736
33 0.482899 0.545833 0.965798 0.430172
41 0.482119 0.54727 0.964238 0.429598
74 0.483289 0.546552 0.965018 0.431034
17 0.500062 0.544253 0.947075 0.431034
41 0.4868 0.542672 0.970479 0.434195
33 0.4868 0.542672 0.970479 0.434195
14 0.498501 0.545833 0.953316 0.430172
74 0.500062 0.544253 0.947075 0.431034
16 0.655307 0.0300108 0.174749 0.0503233
23 0.498501 0.545833 0.953316 0.430172
17 0.501232 0.545402 0.954096 0.432184
41 0.48719 0.544971 0.974379 0.434195
14 0.4907 0.54727 0.975159 0.429598
33 0.4907 0.54727 0.975159 0.429598
74 0.48992 0.544828 0.97672 0.433333
75 0.4907 0.54727 0.975159 0.429598
66 0.4907 0.54727 0.975159 0.429598
17 0.500452 0.545402 0.952536 0.432184
33 0.485239 0.544971 0.970479 0.436494
41 0.48992 0.548132 0.973599 0.430172
14 0.48992 0.548132 0.973599 0.430172
74 0.48836 0.544971 0.973599 0.436494
75 0.48992 0.548132 0.973599 0.430172
66 0.48992 0.548132 0.973599 0.430172
54 0.48992 0.548132 0.973599 0.430172
17 0.498501 0.545402 0.945515 0.441379
41 0.484459 0.544684 0.965798 0.443966
33 0.484459 0.544684 0.965798 0.443966
14 0.48875 0.547701 0.969698 0.439081
75 0.48875 0.547701 0.969698 0.439081
74 0.486019 0.543822 0.967358 0.44569
54 0.48875 0.547701 0.969698 0.439081
66 0.48875 0.547701 0.969698 0.439081
17 0.49148 0.546552 0.936153 0.44023
41 0.477438 0.545402 0.951756 0.44023
14 0.483679 0.547701 0.959557 0.437931
74 0.480559 0.544253 0.956436 0.444828
33 0.483679 0.547701 0.959557 0.437931
75 0.483679 0.547701 0.959557 0.437931
66 0.483679 0.547701 0.959557 0.437931
54 0.483679 0.547701 0.959557 0.437931
108 0.483679 0.547701 0.959557 0.437931
18 0.483679 0.547701 0.959557 0.437931
17 0.497721 0.544684 0.948635 0.437069
41 0.480168 0.545402 0.960337 0.435632
74 0.484459 0.543103 0.965798 0.441379
14 0.4868 0.545977 0.968918 0.434483
33 0.480168 0.545402 0.960337 0.435632
75 0.4868 0.545977 0.968918 0.434483
66 0.4868 0.545977 0.968918 0.434483
54 0.480168 0.545402 0.960337 0.435632
108 0.4868 0.545977 0.968918 0.434483
18 0.4868 0.545977 0.968918 0.434483
79 0.495381 0.547701 0.959557 0.433333
17 0.498501 0.546552 0.953316 0.43908
74 0.48758 0.544828 0.970479 0.441379
41 0.48992 0.54727 0.970479 0.436494
14 0.48992 0.54727 0.970479 0.436494
33 0.48992 0.54727 0.970479 0.436494
75 0.48992 0.54727 0.970479 0.436494
66 0.48992 0.54727 0.970479 0.436494
54 0.48992 0.54727 0.970479 0.436494
17 0.497331 0.547126 0.952536 0.44023
74 0.4868 0.545402 0.970479 0.441379
14 0.48914 0.548132 0.965798 0.43477
33 0.48914 0.548132 0.965798 0.43477
41 0.48914 0.548132 0.965798 0.43477
75 0.48914 0.548132 0.965798 0.43477
66 0.48914 0.548132 0.965798 0.43477
18 0.48914 0.548132 0.965798 0.43477
54 0.48914 0.548132 0.965798 0.43477
17 0.497331 0.54842 0.955656 0.436494
74 0.48758 0.545833 0.968918 0.439368
14 0.48992 0.547701 0.965798 0.434483
75 0.48992 0.547701 0.965798 0.434483
33 0.48992 0.547701 0.965798 0.434483
66 0.48992 0.547701 0.965798 0.434483
17 0.973599 0.48908 0.0468077 0.0816092
41 0.485239 0.547126 0.964238 0.435632
79 0.496941 0.54842 0.956436 0.434195
18 0.48992 0.547701 0.965798 0.434483
17 0.485239 0.546552 0.967358 0.433333
74 0.484459 0.545402 0.965798 0.435632
14 0.4868 0.548132 0.965798 0.430172
33 0.4868 0.548132 0.965798 0.430172
79 0.4868 0.548132 0.965798 0.430172
75 0.4868 0.548132 0.965798 0.430172
66 0.482899 0.546552 0.965798 0.432184
17 0.972039 0.48908 0.0499282 0.0781609
17 0.482509 0.545977 0.961897 0.432184
74 0.481339 0.544828 0.959557 0.435632
14 0.49187 0.548132 0.946295 0.430172
33 0.483679 0.547701 0.961117 0.429885
66 0.478608 0.545833 0.957217 0.432471
75 0.483679 0.547701 0.961117 0.429885
17 0.479778 0.545402 0.956436 0.433333
74 0.478998 0.543535 0.954876 0.437069
14 0.480559 0.546552 0.957997 0.431034
75 0.480559 0.546552 0.957997 0.431034
66 0.480559 0.546552 0.957997 0.431034
18 0.480559 0.546552 0.957997 0.431034
79 0.480559 0.546552 0.957997 0.431034
33 0.480559 0.546552 0.957997 0.431034
17 0.480559 0.544253 0.957997 0.434483
74 0.480559 0.543678 0.956436 0.44023
14 0.481729 0.545977 0.958777 0.429885
75 0.481729 0.545977 0.958777 0.429885
18 0.481729 0.545977 0.958777 0.429885
66 0.481729 0.545977 0.958777 0.429885
33 0.481729 0.545977 0.958777 0.429885
17 0.481339 0.543678 0.957997 0.434483
74 0.480949 0.543103 0.957217 0.44023
14 0.480949 0.543103 0.957217 0.44023
66 0.475488 0.543678 0.950975 0.434483
17 0.478608 0.543678 0.954096 0.434483
74 0.477438 0.542385 0.951756 0.437069
14 0.477438 0.542385 0.951756 0.437069
66 0.474318 0.543535 0.948635 0.43477
17 0.475098 0.543103 0.950195 0.434483
74 0.473927 0.543103 0.947855 0.436782
14 0.473927 0.543103 0.947855 0.436782
17 0.476268 0.543535 0.952536 0.432471
74 0.475098 0.543535 0.950195 0.43477
14 0.475098 0.543535 0.950195 0.43477
17 0.474318 0.544253 0.947075 0.433333
74 0.472757 0.544253 0.945515 0.434483
14 0.472757 0.544253 0.945515 0.434483
33 0.475878 0.545402 0.945515 0.428736
17 0.473537 0.543822 0.945515 0.434195
74 0.472757 0.543822 0.945515 0.436494
14 0.481729 0.545402 0.91821 0.432184
33 0.475098 0.544828 0.943954 0.429885
23 0.475098 0.544828 0.943954 0.429885
17 0.472757 0.543678 0.945515 0.434483
74 0.474318 0.542385 0.948635 0.437069
14 0.482119 0.544828 0.91899 0.432184
33 0.476658 0.543678 0.945515 0.431034
23 0.476658 0.543678 0.945515 0.431034
66 0.476658 0.543678 0.945515 0.431034
75 0.476658 0.543678 0.945515 0.431034
18 0.476658 0.543678 0.945515 0.431034
17 0.473537 0.542385 0.947075 0.43477
74 0.475878 0.542529 0.951756 0.437931
14 0.483679 0.544253 0.92055 0.432184
33 0.477048 0.542529 0.947855 0.432184
23 0.477048 0.542529 0.947855 0.432184
66 0.477048 0.542529 0.947855 0.432184
17 0.473927 0.542529 0.947855 0.435632
74 0.475878 0.542529 0.951756 0.43908
14 0.484459 0.544971 0.922111 0.434195
33 0.477828 0.542529 0.947855 0.433333
66 0.477828 0.542529 0.947855 0.433333
23 0.477828 0.542529 0.947855 0.433333
75 0.477828 0.542529 0.947855 0.433333
17 0.478218 0.541523 0.951756 0.436494
74 0.48641 0.542529 0.922891 0.436782
14 0.486019 0.543822 0.925231 0.434195
33 0.479388 0.542529 0.947855 0.434483
66 0.479388 0.542529 0.947855 0.434483
23 0.479388 0.542529 0.947855 0.434483
75 0.479388 0.542529 0.947855 0.434483
17 0.478998 0.541236 0.950195 0.437069
74 0.486019 0.542529 0.922111 0.436782
14 0.484069 0.544253 0.924451 0.432184
33 0.480168 0.542529 0.947855 0.434483
66 0.480168 0.542529 0.947855 0.434483
23 0.480168 0.542529 0.947855 0.434483
75 0.480168 0.542529 0.947855 0.434483
17 0.480168 0.540805 0.952536 0.437931
74 0.478218 0.54023 0.953316 0.43908
14 0.485239 0.544253 0.925231 0.433333
33 0.481729 0.541954 0.949415 0.435632
66 0.481729 0.541954 0.949415 0.435632
75 0.481729 0.541954 0.949415 0.435632
23 0.481729 0.541954 0.949415 0.435632
17 0.480949 0.540805 0.954096 0.439081
74 0.478998 0.540086 0.954876 0.439368
14 0.486019 0.544253 0.928352 0.433333
33 0.482119 0.541954 0.950195 0.435632
66 0.482119 0.541954 0.950195 0.435632
75 0.482119 0.541954 0.950195 0.435632
23 0.482119 0.541954 0.950195 0.435632
15 0.972039 0.483621 0.0499282 0.0908046
13 0.972039 0.483621 0.0499282 0.0908046
79 0.486019 0.544253 0.928352 0.433333
17 0.482509 0.540805 0.957217 0.439081
74 0.480559 0.54023 0.956436 0.44023
14 0.48719 0.543822 0.930692 0.434195
66 0.482899 0.541954 0.953316 0.435632
33 0.482899 0.541954 0.953316 0.435632
75 0.482899 0.541954 0.953316 0.435632
15 0.972039 0.484483 0.0514884 0.0896552
23 0.482899 0.541954 0.953316 0.435632
13 0.972039 0.484483 0.0514884 0.0896552
17 0.483679 0.540805 0.961117 0.439081
74 0.482119 0.540086 0.961117 0.439368
14 0.48953 0.543535 0.935373 0.43477
66 0.484459 0.541954 0.954876 0.435632
33 0.484459 0.541954 0.954876 0.435632
75 0.484459 0.541954 0.954876 0.435632
15 0.972039 0.484195 0.0499282 0.0890805
23 0.484459 0.541954 0.954876 0.435632
79 0.48953 0.543535 0.935373 0.43477
17 0.483679 0.541236 0.961117 0.439368
74 0.482119 0.540805 0.961117 0.44023
66 0.484459 0.541954 0.956436 0.436782
14 0.48992 0.543535 0.936153 0.43477
33 0.484459 0.541954 0.956436 0.436782
75 0.484459 0.541954 0.956436 0.436782
15 0.972039 0.483908 0.0499282 0.0896552
23 0.484459 0.541954 0.956436 0.436782
79 0.48992 0.543535 0.936153 0.43477
17 0.484459 0.541379 0.962677 0.44023
74 0.482899 0.540805 0.962677 0.44023
66 0.484459 0.542529 0.956436 0.436782
33 0.484459 0.542529 0.956436 0.436782
14 0.4907 0.544253 0.937713 0.435632
15 0.972819 0.484483 0.0499282 0.0885058
75 0.484459 0.542529 0.956436 0.436782
23 0.484459 0.542529 0.956436 0.436782
79 0.4907 0.544253 0.937713 0.435632
17 0.484459 0.541379 0.962677 0.439081
74 0.482899 0.541523 0.962677 0.441092
33 0.485239 0.542529 0.957997 0.436782
66 0.485239 0.542529 0.957997 0.436782
14 0.49226 0.544253 0.939274 0.435632
15 0.972819 0.485058 0.0499282 0.0873563
75 0.485239 0.542529 0.957997 0.436782
23 0.485239 0.542529 0.957997 0.436782
17 0.485239 0.541379 0.964238 0.439081
74 0.483679 0.540805 0.964238 0.44023
33 0.486019 0.542529 0.959557 0.435632
14 0.493431 0.544253 0.941614 0.435632
66 0.486019 0.542529 0.959557 0.435632
15 0.973599 0.485345 0.0499281 0.087931
75 0.486019 0.542529 0.959557 0.435632
23 0.486019 0.542529 0.959557 0.435632
79 0.493431 0.544253 0.941614 0.435632
17 0.485239 0.541379 0.964238 0.439081
74 0.483679 0.540805 0.964238 0.441379
33 0.485239 0.542672 0.959557 0.436494
14 0.493431 0.544971 0.941614 0.436494
66 0.485239 0.542672 0.959557 0.436494
15 0.973599 0.48477 0.0483679 0.0890805
75 0.485239 0.542672 0.959557 0.436494
23 0.485239 0.542672 0.959557 0.436494
17 0.484849 0.541379 0.965018 0.439081
74 0.483679 0.540805 0.964238 0.44023
33 0.485239 0.542529 0.959557 0.436782
14 0.493041 0.544253 0.942394 0.436782
66 0.485239 0.542529 0.959557 0.436782
15 0.973599 0.484483 0.0483679 0.0902299
75 0.485239 0.542529 0.959557 0.436782
23 0.485239 0.542529 0.959557 0.436782
17 0.484849 0.541379 0.965018 0.439081
74 0.483679 0.541523 0.965798 0.441092
33 0.486019 0.542672 0.959557 0.436494
14 0.493821 0.544971 0.943954 0.436494
66 0.486019 0.542672 0.959557 0.436494
15 0.973599 0.485057 0.0499281 0.0896552
75 0.486019 0.542672 0.959557 0.436494
23 0.486019 0.542672 0.959557 0.436494
17 0.478998 0.540805 0.957997 0.441379
74 0.484459 0.541379 0.965798 0.44023
33 0.486019 0.542672 0.959557 0.436494
14 0.493821 0.544828 0.943954 0.435632
66 0.486019 0.542672 0.959557 0.436494
15 0.973599 0.486207 0.0499281 0.0873563
75 0.486019 0.542672 0.959557 0.436494
23 0.486019 0.542672 0.959557 0.436494
17 0.486019 0.541236 0.965798 0.439368
74 0.484459 0.541523 0.965798 0.441092
33 0.486019 0.542672 0.959557 0.436494
14 0.494991 0.544828 0.944734 0.435632
66 0.486019 0.542672 0.959557 0.436494
15 0.972819 0.486207 0.0499282 0.0873563
75 0.486019 0.542672 0.959557 0.436494
23 0.486019 0.542672 0.959557 0.436494
17 0.486019 0.541954 0.965798 0.439081
74 0.485239 0.541523 0.965798 0.441092
33 0.4868 0.542672 0.961117 0.436494
14 0.495771 0.544828 0.946295 0.435632
66 0.4868 0.542672 0.961117 0.436494
15 0.972819 0.486782 0.0499282 0.0873563
75 0.4868 0.542672 0.961117 0.436494
23 0.4868 0.542672 0.961117 0.436494
17 0.4868 0.541236 0.965798 0.439368
74 0.485239 0.541379 0.967358 0.441379
33 0.48758 0.543103 0.962677 0.436782
14 0.496161 0.544828 0.947075 0.435632
66 0.48758 0.543103 0.962677 0.436782
15 0.972819 0.487069 0.0499282 0.0862069
75 0.48758 0.543103 0.962677 0.436782
23 0.48758 0.543103 0.962677 0.436782
17 0.486019 0.541954 0.965798 0.44023
74 0.484849 0.541379 0.965018 0.441379
33 0.48758 0.542385 0.961117 0.437069
14 0.495771 0.544828 0.946295 0.435632
66 0.48758 0.542385 0.961117 0.437069
15 0.973599 0.487069 0.0499281 0.0862069
23 0.48758 0.542385 0.961117 0.437069
75 0.48758 0.542385 0.961117 0.437069
17 0.4868 0.541954 0.965798 0.44023
74 0.497721 0.543678 0.945515 0.43908
33 0.48797 0.542385 0.961897 0.437069
14 0.496161 0.544828 0.947075 0.435632
66 0.48797 0.542385 0.961897 0.437069
15 0.973599 0.486782 0.0499281 0.0862069
23 0.48797 0.542385 0.961897 0.437069
75 0.48797 0.542385 0.961897 0.437069
17 0.4868 0.541236 0.967358 0.439368
74 0.497721 0.543678 0.945515 0.43908
33 0.48836 0.542385 0.961117 0.437069
14 0.48836 0.542385 0.961117 0.437069
66 0.48836 0.542385 0.961117 0.437069
23 0.48836 0.542385 0.961117 0.437069
15 0.973599 0.487069 0.0483679 0.0862069
75 0.48836 0.542385 0.961117 0.437069
17 0.4868 0.541954 0.965798 0.44023
74 0.497721 0.543678 0.943954 0.43908
33 0.48758 0.542385 0.961117 0.437069
14 0.48758 0.542385 0.961117 0.437069
23 0.48758 0.542385 0.961117 0.437069
66 0.48758 0.542385 0.961117 0.437069
15 0.973599 0.487356 0.0483679 0.0862069
17 0.4868 0.541954 0.965798 0.439081
74 0.497721 0.543678 0.943954 0.43908
33 0.48758 0.542385 0.961117 0.437069
14 0.48758 0.542385 0.961117 0.437069
23 0.48758 0.542385 0.961117 0.437069
66 0.48758 0.542385 0.961117 0.437069
15 0.973599 0.487356 0.0483679 0.0862069
17 0.48641 0.541236 0.965018 0.439368
74 0.497331 0.543678 0.943174 0.43908
33 0.48758 0.542529 0.961117 0.436782
14 0.48758 0.542529 0.961117 0.436782
23 0.48758 0.542529 0.961117 0.436782
66 0.48758 0.542529 0.961117 0.436782
15 0.973599 0.487356 0.0499281 0.0862069
17 0.48641 0.541236 0.965018 0.439368
74 0.496941 0.543678 0.943954 0.43908
33 0.48758 0.542529 0.959557 0.436782
14 0.497331 0.544828 0.944734 0.436782
23 0.48758 0.542529 0.959557 0.436782
66 0.48758 0.542529 0.959557 0.436782
15 0.973599 0.487356 0.0499281 0.0873563
17 0.4868 0.541236 0.964238 0.439368
74 0.496941 0.543678 0.943954 0.43908
33 0.48797 0.542529 0.960337 0.436782
14 0.497721 0.544684 0.945515 0.437069
66 0.48797 0.542529 0.960337 0.436782
23 0.48797 0.542529 0.960337 0.436782
15 0.973599 0.487644 0.0483679 0.0867816
17 0.48641 0.541236 0.965018 0.439368
74 0.496941 0.543678 0.943954 0.43908
33 0.48836 0.542529 0.961117 0.436782
14 0.497721 0.544684 0.945515 0.437069
15 0.973599 0.487644 0.0483679 0.0867816
66 0.48836 0.542529 0.961117 0.436782
23 0.48836 0.542529 0.961117 0.436782
17 0.4868 0.541236 0.964238 0.439368
74 0.496941 0.543678 0.943954 0.43908
33 0.480168 0.541523 0.960337 0.441092
14 0.497721 0.544684 0.945515 0.437069
15 0.973599 0.487931 0.0483679 0.0856322
17 0.48641 0.541236 0.965018 0.439368
74 0.496941 0.543678 0.943954 0.43908
33 0.480168 0.541523 0.960337 0.441092
14 0.497721 0.544684 0.945515 0.437069
15 0.973599 0.488506 0.0499281 0.0850575
17 0.4868 0.541379 0.964238 0.439081
74 0.496941 0.543678 0.943954 0.43908
33 0.480559 0.541379 0.961117 0.44023
14 0.497721 0.544684 0.945515 0.437069
101 0.525026 0.0645833 0.940834 0.129167
15 0.973599 0.488506 0.0499281 0.0850575
17 0.4868 0.541379 0.964238 0.439081
74 0.496941 0.543822 0.943954 0.438793
33 0.480559 0.541379 0.961117 0.44023
14 0.497721 0.544684 0.945515 0.437069
101 0.524636 0.0643678 0.941614 0.128736
15 0.973599 0.488506 0.0499281 0.0850575
17 0.4868 0.541379 0.964238 0.439081
74 0.496941 0.543678 0.943954 0.437931
33 0.480949 0.541236 0.960337 0.439368
101 0.524246 0.0640086 0.942394 0.128017
14 0.497721 0.544828 0.945515 0.436782
17 0.4868 0.541379 0.964238 0.439081
74 0.496941 0.543678 0.943954 0.437931
33 0.480949 0.541236 0.960337 0.439368
101 0.524246 0.0642241 0.942394 0.128448
14 0.497721 0.544828 0.945515 0.436782
17 0.4868 0.541523 0.964238 0.438793
74 0.496941 0.543678 0.943954 0.437931
33 0.481339 0.541236 0.959557 0.439368
101 0.524246 0.0649425 0.942394 0.129885
14 0.497331 0.544971 0.944734 0.436494
17 0.4868 0.541523 0.964238 0.438793
74 0.484459 0.541379 0.962677 0.44023
33 0.481339 0.541379 0.959557 0.439081
101 0.524246 0.0642241 0.942394 0.128448
17 0.4868 0.541523 0.964238 0.438793
74 0.484459 0.541379 0.962677 0.44023
33 0.481339 0.541236 0.959557 0.439368
101 0.524246 0.0641523 0.942394 0.128305
17 0.4868 0.541523 0.964238 0.438793
74 0.484459 0.541379 0.962677 0.44023
33 0.481339 0.541379 0.959557 0.439081
101 0.523466 0.0645115 0.943954 0.129023
17 0.4868 0.541523 0.964238 0.438793
74 0.484459 0.541379 0.962677 0.44023
33 0.482119 0.541379 0.961117 0.439081
101 0.523856 0.0644397 0.943174 0.128879
17 0.4868 0.541523 0.964238 0.438793
74 0.482509 0.540805 0.961897 0.437931
33 0.482119 0.541379 0.961117 0.439081
101 0.523856 0.0642241 0.943174 0.128448
17 0.4868 0.541523 0.964238 0.438793
74 0.482509 0.540805 0.961897 0.437931
33 0.482119 0.541379 0.961117 0.439081
101 0.523856 0.0640805 0.943174 0.128161
17 0.4868 0.541523 0.964238 0.438793
74 0.482119 0.540805 0.961117 0.437931
33 0.482119 0.541379 0.961117 0.439081
101 0.524246 0.0633621 0.942394 0.126724
17 0.4868 0.541523 0.964238 0.438793
74 0.482119 0.540805 0.961117 0.437931
33 0.482119 0.541379 0.961117 0.439081
101 0.524636 0.0626437 0.943174 0.125287
14 0.482119 0.540805 0.961117 0.437931
17 0.486019 0.541523 0.964238 0.438793
74 0.482119 0.540805 0.961117 0.437931
33 0.482119 0.541379 0.961117 0.439081
101 0.525026 0.0624282 0.942394 0.124856
14 0.482119 0.540805 0.961117 0.437931
17 0.486019 0.541523 0.962677 0.438793
74 0.482119 0.540805 0.961117 0.437931
33 0.482119 0.541379 0.959557 0.439081
101 0.525026 0.0628592 0.942394 0.125718
14 0.482119 0.540805 0.961117 0.437931
17 0.486019 0.541523 0.962677 0.438793
74 0.481729 0.540805 0.960337 0.437931
33 0.481339 0.541379 0.959557 0.439081
101 0.524636 0.0635776 0.943174 0.127155
14 0.481729 0.540805 0.960337 0.437931
17 0.486019 0.541523 0.962677 0.438793
74 0.481339 0.540805 0.959557 0.437931
33 0.481339 0.541236 0.959557 0.439368
101 0.525026 0.0635776 0.943954 0.127155
14 0.481339 0.540805 0.959557 0.437931
17 0.485239 0.541523 0.962677 0.438793
74 0.481339 0.540805 0.959557 0.437931
33 0.481339 0.541379 0.959557 0.439081
101 0.525026 0.0639368 0.943954 0.127874
14 0.481339 0.540805 0.959557 0.437931
17 0.485239 0.541523 0.961117 0.438793
74 0.480559 0.540805 0.957997 0.437931
33 0.480949 0.541236 0.957217 0.439368
101 0.525026 0.0638649 0.943954 0.12773
14 0.480559 0.540805 0.957997 0.437931
17 0.484459 0.541379 0.961117 0.439081
74 0.480559 0.540805 0.957997 0.437931
33 0.480559 0.541379 0.957997 0.44023
101 0.525416 0.064296 0.943174 0.128592
14 0.480559 0.540805 0.957997 0.437931
17 0.484459 0.541379 0.959557 0.439081
74 0.480559 0.540805 0.957997 0.437931
33 0.480559 0.541236 0.957997 0.439368
101 0.525806 0.064727 0.942394 0.129454
14 0.480559 0.540805 0.957997 0.437931
17 0.484459 0.541379 0.959557 0.439081
74 0.480559 0.540805 0.956436 0.437931
101 0.525806 0.0650862 0.942394 0.130172
33 0.480559 0.541236 0.957997 0.439368
14 0.480559 0.540805 0.956436 0.437931
17 0.484459 0.541236 0.959557 0.439368
74 0.479778 0.540805 0.956436 0.437931
101 0.525806 0.0653017 0.942394 0.130603
33 0.480559 0.541379 0.957997 0.44023
14 0.479778 0.540805 0.956436 0.437931
17 0.484459 0.541236 0.959557 0.439368
74 0.479778 0.541379 0.956436 0.437931
101 0.525806 0.0653017 0.942394 0.130603
33 0.480559 0.541379 0.957997 0.44023
14 0.479778 0.541379 0.956436 0.437931
17 0.483679 0.541236 0.959557 0.439368
74 0.479778 0.541236 0.956436 0.437069
101 0.526586 0.0650862 0.940834 0.130172
33 0.480559 0.541379 0.957997 0.44023
14 0.479778 0.541236 0.956436 0.437069
17 0.483679 0.541954 0.959557 0.439081
74 0.479778 0.541236 0.956436 0.437069
101 0.526586 0.0647989 0.940834 0.129598
33 0.480949 0.541379 0.957217 0.44023
14 0.479778 0.541236 0.956436 0.437069
17 0.484069 0.541954 0.958777 0.439081
74 0.480168 0.541236 0.955656 0.437069
101 0.527366 0.0644397 0.939274 0.128879
33 0.480559 0.541236 0.957997 0.439368
14 0.480168 0.541236 0.955656 0.437069
17 0.483679 0.541954 0.959557 0.439081
74 0.479778 0.541236 0.956436 0.437069
101 0.526976 0.0646552 0.940054 0.12931
33 0.481729 0.541236 0.958777 0.439368
14 0.479778 0.541236 0.956436 0.437069
17 0.484459 0.541954 0.959557 0.439081
74 0.480559 0.541379 0.956436 0.437931
101 0.527366 0.0647989 0.939274 0.129598
33 0.481729 0.541236 0.958777 0.439368
14 0.480559 0.541379 0.956436 0.437931
17 0.484069 0.542385 0.958777 0.439368
74 0.480949 0.541379 0.957217 0.437931
101 0.527366 0.0648707 0.939274 0.129741
33 0.481729 0.541236 0.958777 0.439368
14 0.480949 0.541379 0.957217 0.437931
17 0.484069 0.541954 0.958777 0.44023
74 0.480559 0.541379 0.956436 0.437931
101 0.527366 0.0657328 0.939274 0.131466
33 0.482119 0.541954 0.957997 0.44023
14 0.480559 0.541379 0.956436 0.437931
17 0.484069 0.542385 0.958777 0.439368
74 0.481339 0.541379 0.956436 0.437931
101 0.527366 0.0660201 0.940834 0.13204
33 0.482119 0.541954 0.957997 0.44023
14 0.481339 0.541379 0.956436 0.437931
17 0.484459 0.542385 0.957997 0.439368
74 0.481339 0.541379 0.956436 0.437931
101 0.527366 0.0664512 0.940834 0.132902
33 0.482509 0.541954 0.958777 0.44023
14 0.481339 0.541379 0.956436 0.437931
17 0.484459 0.542385 0.957997 0.439368
74 0.481339 0.541379 0.956436 0.437931
101 0.527366 0.0670977 0.940834 0.134195
33 0.482509 0.541954 0.958777 0.44023
14 0.481339 0.541379 0.956436 0.437931
17 0.483679 0.542385 0.957997 0.439368
74 0.481339 0.541379 0.956436 0.437931
101 0.527366 0.0673851 0.940834 0.13477
33 0.482899 0.541954 0.959557 0.44023
17 0.483679 0.542385 0.957997 0.439368
74 0.481339 0.541379 0.956436 0.437931
101 0.527756 0.0674569 0.940054 0.134914
33 0.482899 0.541954 0.959557 0.44023
17 0.483679 0.542385 0.957997 0.439368
74 0.481339 0.541379 0.956436 0.436782
101 0.528146 0.0673851 0.939274 0.13477
33 0.483289 0.541954 0.958777 0.44023
17 0.483289 0.542385 0.955656 0.439368
74 0.480559 0.541379 0.954876 0.436782
101 0.528926 0.0676724 0.939274 0.135345
33 0.482899 0.541954 0.957997 0.44023
17 0.483289 0.542529 0.955656 0.44023
74 0.480559 0.541379 0.954876 0.436782
101 0.528926 0.0675287 0.939274 0.135057
33 0.482899 0.542385 0.957997 0.439368
17 0.483289 0.542529 0.955656 0.44023
74 0.480559 0.541379 0.954876 0.436782
101 0.528926 0.0677443 0.939274 0.135489
33 0.482899 0.541954 0.956436 0.44023
17 0.482899 0.542529 0.954876 0.44023
74 0.480168 0.541379 0.954096 0.436782
101 0.528926 0.0676724 0.939274 0.135345
33 0.482899 0.541954 0.956436 0.44023
17 0.482899 0.542529 0.954876 0.44023
74 0.480559 0.541236 0.953316 0.437069
101 0.528926 0.0676006 0.939274 0.135201
33 0.482899 0.541954 0.956436 0.44023
17 0.482899 0.542529 0.954876 0.44023
74 0.479778 0.541379 0.953316 0.437931
101 0.529707 0.0678161 0.937713 0.135632
33 0.482899 0.541954 0.956436 0.44023
17 0.482899 0.542529 0.954876 0.44023
74 0.480168 0.541379 0.954096 0.437931
101 0.529707 0.0681034 0.937713 0.136207
33 0.482899 0.542672 0.956436 0.441092
17 0.482899 0.542529 0.954876 0.44023
74 0.479778 0.541379 0.953316 0.437931
101 0.530097 0.0682471 0.936933 0.136494
33 0.482899 0.542672 0.956436 0.441092
17 0.482899 0.542672 0.954876 0.441092
74 0.480559 0.541379 0.953316 0.437931
101 0.530487 0.0689655 0.936153 0.137931
33 0.482899 0.542672 0.956436 0.441092
17 0.482899 0.542529 0.954876 0.441379
74 0.480559 0.541379 0.953316 0.437931
101 0.530487 0.0693966 0.936153 0.138793
33 0.482899 0.542672 0.956436 0.441092
17 0.482899 0.542529 0.954876 0.441379
74 0.480559 0.541523 0.953316 0.438793
101 0.531267 0.0699713 0.934593 0.139943
33 0.482899 0.542672 0.956436 0.441092
17 0.482899 0.542529 0.954876 0.441379
74 0.480559 0.541523 0.954876 0.438793
101 0.531267 0.070546 0.934593 0.141092
33 0.482899 0.542672 0.956436 0.441092
17 0.482899 0.542529 0.954876 0.441379
74 0.480559 0.541523 0.954876 0.438793
101 0.531267 0.070977 0.934593 0.141954
33 0.483289 0.542529 0.957217 0.441379
17 0.483289 0.542529 0.955656 0.441379
74 0.480559 0.541523 0.954876 0.438793
101 0.531657 0.0711207 0.935373 0.142241
33 0.483289 0.541954 0.957217 0.441379
17 0.483289 0.542529 0.955656 0.441379
74 0.480559 0.541379 0.954876 0.439081
101 0.531267 0.0712644 0.936153 0.142529
33 0.483289 0.541954 0.957217 0.441379
17 0.483289 0.542385 0.955656 0.441667
74 0.480949 0.541379 0.954096 0.439081
101 0.531267 0.0713362 0.936153 0.142672
33 0.483289 0.541954 0.957217 0.441379
17 0.483679 0.542385 0.954876 0.441667
74 0.480949 0.541379 0.954096 0.439081
101 0.530487 0.070977 0.937713 0.141954
33 0.483679 0.542385 0.957997 0.441667
17 0.483679 0.542385 0.956436 0.441667
74 0.481339 0.541379 0.954876 0.439081
101 0.530487 0.0713362 0.937713 0.142672
33 0.483679 0.542385 0.957997 0.441667
17 0.484069 0.542385 0.957216 0.441667
74 0.481339 0.541379 0.956436 0.439081
101 0.531205 0.0716954 0.93759 0.143391
33 0.483679 0.542385 0.957997 0.441667
17 0.484069 0.541954 0.957216 0.442529
74 0.481339 0.541379 0.956436 0.439081
101 0.531205 0.0728448 0.93759 0.14569
33 0.483679 0.541954 0.957997 0.442529
17 0.484069 0.541954 0.957216 0.442529
74 0.481729 0.541379 0.955656 0.439081
101 0.531205 0.0737787 0.93759 0.147557
33 0.483679 0.542385 0.957997 0.441667
17 0.484459 0.542385 0.957997 0.441667
74 0.482119 0.541379 0.956436 0.439081
101 0.530815 0.0741379 0.93837 0.148276
33 0.484069 0.542385 0.958777 0.441667
17 0.484459 0.541954 0.957997 0.442529
74 0.482119 0.541379 0.956436 0.439081
101 0.530425 0.0747845 0.93915 0.149569
33 0.484069 0.542385 0.958777 0.441667
17 0.484459 0.541954 0.957997 0.442529
74 0.482119 0.541379 0.956436 0.439081
101 0.530815 0.0760057 0.93837 0.152011
33 0.484459 0.541954 0.959557 0.442529
17 0.484849 0.541954 0.958777 0.442529
74 0.482509 0.541379 0.957217 0.439081
101 0.531205 0.076796 0.93759 0.153592
33 0.484459 0.542385 0.959557 0.441667
17 0.484849 0.541954 0.958777 0.442529
74 0.482509 0.541379 0.957217 0.439081
101 0.531205 0.0778736 0.93759 0.155747
33 0.484459 0.541954 0.959557 0.442529
17 0.485239 0.541954 0.957997 0.442529
74 0.482509 0.541379 0.957217 0.439081
101 0.531205 0.079023 0.93759 0.158046
33 0.484459 0.541954 0.959557 0.442529
17 0.484849 0.541954 0.958777 0.442529
74 0.482509 0.541379 0.957217 0.439081
101 0.531595 0.0797414 0.93681 0.159483
33 0.484459 0.541954 0.959557 0.442529
17 0.485239 0.541954 0.959557 0.442529
74 0.482899 0.541379 0.957997 0.439081
101 0.531985 0.0796695 0.93603 0.159339
33 0.484459 0.541954 0.959557 0.442529
17 0.485239 0.541954 0.959557 0.442529
74 0.482899 0.541379 0.957997 0.439081
101 0.532765 0.079454 0.934469 0.158908
33 0.484459 0.541236 0.959557 0.441667
17 0.485629 0.541954 0.960337 0.442529
74 0.483289 0.541379 0.958777 0.439081
101 0.532765 0.0795259 0.934469 0.159052
33 0.484459 0.541236 0.961117 0.441667
17 0.485629 0.541954 0.960337 0.442529
74 0.482899 0.541379 0.959557 0.439081
101 0.532765 0.0803161 0.934469 0.160632
33 0.484459 0.541236 0.961117 0.441667
17 0.485629 0.541954 0.960337 0.442529
74 0.482899 0.541379 0.959557 0.439081
101 0.533155 0.0806035 0.933689 0.161207
33 0.484459 0.541954 0.961117 0.442529
17 0.485629 0.541954 0.960337 0.442529
74 0.482899 0.541379 0.959557 0.439081
101 0.533155 0.08125 0.933689 0.1625
33 0.484459 0.541954 0.961117 0.442529
17 0.485629 0.541954 0.960337 0.442529
74 0.482899 0.541379 0.959557 0.439081
101 0.532765 0.0817529 0.934469 0.163506
33 0.484459 0.541954 0.961117 0.442529
17 0.485239 0.541954 0.961117 0.442529
74 0.482899 0.541236 0.959557 0.439368
101 0.532765 0.0831178 0.934469 0.166236
33 0.484459 0.541236 0.961117 0.441667
17 0.486019 0.541954 0.961117 0.442529
74 0.483679 0.541379 0.959557 0.439081
101 0.532375 0.0846264 0.935249 0.169253
17 0.486019 0.541954 0.961117 0.442529
74 0.483679 0.541379 0.959557 0.44023
101 0.532375 0.0862069 0.935249 0.172414
17 0.486019 0.541954 0.961117 0.442529
74 0.483679 0.541236 0.959557 0.439368
101 0.532375 0.0872126 0.935249 0.174425
17 0.486019 0.541954 0.962677 0.442529
74 0.483679 0.541379 0.959557 0.439081
101 0.532375 0.0875 0.935249 0.175
17 0.486019 0.541954 0.962677 0.442529
74 0.483679 0.541236 0.961117 0.439368
101 0.531985 0.0885058 0.93603 0.177012
17 0.486019 0.541954 0.962677 0.442529
74 0.483289 0.541236 0.960337 0.439368
101 0.531985 0.089727 0.93603 0.179454
17 0.486019 0.541954 0.962677 0.442529
74 0.483679 0.541236 0.959557 0.439368
101 0.531985 0.0896552 0.93603 0.17931
17 0.486019 0.541954 0.961117 0.442529
74 0.482899 0.541379 0.959557 0.439081
101 0.531985 0.0897989 0.93603 0.179598
17 0.486019 0.541954 0.961117 0.442529
74 0.482899 0.541379 0.959557 0.439081
101 0.532375 0.0899425 0.935249 0.179885
17 0.485239 0.541954 0.961117 0.442529
74 0.482899 0.541379 0.959557 0.439081
101 0.532375 0.0892241 0.935249 0.178448
17 0.485239 0.541236 0.961117 0.441667
74 0.482899 0.541379 0.959557 0.439081
101 0.531985 0.0900862 0.93603 0.180172
17 0.485239 0.541236 0.961117 0.441667
74 0.482899 0.541379 0.959557 0.439081
101 0.531985 0.0916667 0.93603 0.183333
17 0.485239 0.541236 0.961117 0.441667
74 0.482899 0.541379 0.959557 0.439081
101 0.531985 0.0918822 0.93603 0.183764
17 0.485239 0.541236 0.961117 0.441667
74 0.482899 0.541379 0.959557 0.439081
101 0.531985 0.0925287 0.93603 0.185057
17 0.485239 0.541236 0.961117 0.441667
74 0.482899 0.541379 0.957997 0.439081
101 0.531985 0.0933908 0.93603 0.186782
17 0.485239 0.541236 0.961117 0.441667
74 0.482899 0.541379 0.957997 0.439081
101 0.531985 0.0925287 0.93603 0.185057
17 0.485239 0.541236 0.961117 0.441667
74 0.482899 0.541379 0.957997 0.439081
101 0.532375 0.0920977 0.935249 0.184195
17 0.485239 0.541236 0.961117 0.441667
74 0.482899 0.541379 0.957997 0.439081
101 0.532765 0.0905891 0.934469 0.181178
17 0.485239 0.541236 0.961117 0.441667
74 0.482899 0.541379 0.957997 0.439081
101 0.532765 0.0897989 0.934469 0.179598
17 0.485239 0.541236 0.961117 0.441667
74 0.482899 0.541379 0.959557 0.439081
101 0.532765 0.0897989 0.934469 0.179598
17 0.485239 0.541236 0.961117 0.441667
74 0.482899 0.541379 0.959557 0.439081
101 0.532765 0.0905891 0.934469 0.181178
17 0.485239 0.541236 0.961117 0.441667
74 0.482899 0.541379 0.959557 0.439081
101 0.532765 0.091092 0.934469 0.182184
17 0.485629 0.541236 0.961897 0.441667
74 0.482899 0.541379 0.959557 0.439081
101 0.531985 0.0922414 0.93603 0.184483
17 0.485629 0.541236 0.961897 0.441667
74 0.482899 0.541379 0.959557 0.439081
101 0.531985 0.0928879 0.93603 0.185776
17 0.485629 0.541236 0.961897 0.441667
74 0.482899 0.541523 0.959557 0.438793
101 0.531985 0.0929598 0.93603 0.18592
17 0.486019 0.541236 0.961117 0.441667
74 0.483679 0.541523 0.959557 0.438793
101 0.531205 0.0936782 0.93759 0.187356
17 0.486019 0.541379 0.961117 0.441379
74 0.484069 0.541379 0.960337 0.439081
101 0.531205 0.0939655 0.93759 0.187931
17 0.486019 0.541236 0.962677 0.441667
74 0.484069 0.541379 0.960337 0.439081
101 0.531205 0.0942529 0.93759 0.188506
17 0.486019 0.541236 0.962677 0.441667
74 0.484069 0.541379 0.960337 0.439081
101 0.531205 0.0951149 0.93759 0.19023
17 0.486019 0.541379 0.962677 0.442529
74 0.484069 0.541379 0.960337 0.439081
101 0.530815 0.095546 0.93837 0.191092
17 0.48641 0.541379 0.961897 0.441379
74 0.484069 0.541379 0.960337 0.439081
101 0.530425 0.0956897 0.93915 0.191379
17 0.48641 0.541379 0.961897 0.441379
74 0.484069 0.541379 0.960337 0.439081
101 0.530035 0.0960489 0.93993 0.192098
17 0.486019 0.541379 0.962677 0.441379
74 0.484069 0.541379 0.960337 0.439081
101 0.529645 0.0979885 0.94071 0.195977
17 0.48641 0.541379 0.961897 0.441379
74 0.484459 0.541379 0.959557 0.439081
17 0.4868 0.541379 0.962677 0.441379
74 0.484459 0.541379 0.961117 0.439081
17 0.4868 0.541379 0.962677 0.441379
74 0.484459 0.541379 0.961117 0.439081
17 0.4868 0.541379 0.962677 0.441379
74 0.484849 0.541379 0.961897 0.439081
17 0.48719 0.541379 0.963457 0.441379
74 0.485239 0.541379 0.961117 0.439081
17 0.4868 0.541379 0.964238 0.441379
74 0.484849 0.541379 0.961897 0.439081
17 0.4868 0.541379 0.964238 0.441379
74 0.485239 0.541523 0.961117 0.438793
34 0.493821 0.543103 0.945515 0.435632
17 0.4868 0.541379 0.964238 0.441379
74 0.484849 0.541523 0.961897 0.438793
34 0.494601 0.543103 0.945515 0.435632
17 0.4868 0.541379 0.964238 0.441379
74 0.484849 0.541523 0.961897 0.438793
34 0.494601 0.543103 0.945515 0.435632
17 0.4868 0.541379 0.964238 0.441379
74 0.484849 0.541523 0.961897 0.438793
34 0.494211 0.543103 0.946295 0.435632
17 0.4868 0.541379 0.964238 0.441379
74 0.484849 0.541523 0.961897 0.438793
34 0.494211 0.543103 0.946295 0.435632
17 0.4868 0.541379 0.964238 0.441379
74 0.484849 0.541523 0.961897 0.438793
34 0.494211 0.543103 0.946295 0.435632
17 0.4868 0.541379 0.964238 0.441379
74 0.484849 0.541236 0.961897 0.437069
34 0.494211 0.543103 0.946295 0.435632
33 0.479778 0.541379 0.956436 0.437931
17 0.4868 0.541379 0.964238 0.441379
74 0.484849 0.541236 0.961897 0.437069
34 0.494601 0.543103 0.945515 0.435632
33 0.479778 0.541954 0.956436 0.437931
17 0.4868 0.541523 0.964238 0.441092
74 0.484849 0.541236 0.961897 0.437069
34 0.494211 0.543103 0.946295 0.435632
33 0.479778 0.541954 0.954876 0.437931
17 0.4868 0.541523 0.964238 0.441092
74 0.484849 0.541954 0.961897 0.437931
34 0.494601 0.543103 0.945515 0.435632
33 0.479778 0.541236 0.954876 0.437069
17 0.4868 0.541379 0.964238 0.441379
74 0.484849 0.541236 0.961897 0.437069
33 0.479778 0.541236 0.954876 0.437069
34 0.494211 0.543103 0.946295 0.435632
17 0.4868 0.541523 0.964238 0.441092
74 0.485239 0.541954 0.961117 0.436782
33 0.479778 0.541236 0.954876 0.437069
34 0.494211 0.543103 0.946295 0.435632
17 0.4868 0.541523 0.964238 0.441092
74 0.484849 0.541954 0.961897 0.436782
33 0.478998 0.541236 0.954876 0.437069
34 0.494601 0.543103 0.945515 0.435632
17 0.4868 0.541523 0.964238 0.441092
74 0.485239 0.541954 0.961117 0.436782
33 0.479778 0.541379 0.954876 0.436782
34 0.494211 0.543103 0.946295 0.435632
17 0.4868 0.541523 0.964238 0.441092
74 0.485239 0.541379 0.961117 0.436782
33 0.479778 0.541379 0.954876 0.436782
34 0.494211 0.543103 0.946295 0.435632
17 0.4868 0.541379 0.964238 0.441379
74 0.485239 0.541379 0.961117 0.436782
33 0.478998 0.541379 0.954876 0.436782
34 0.494211 0.543103 0.946295 0.435632
17 0.4868 0.541523 0.964238 0.441092
74 0.485239 0.541379 0.961117 0.436782
33 0.478998 0.541379 0.954876 0.436782
34 0.494601 0.543103 0.945515 0.435632
17 0.4868 0.541523 0.964238 0.441092
74 0.484849 0.541379 0.961897 0.436782
33 0.478998 0.541379 0.954876 0.436782
34 0.494601 0.543103 0.945515 0.435632
17 0.4868 0.541379 0.964238 0.441379
74 0.485239 0.541379 0.961117 0.436782
34 0.494601 0.543103 0.945515 0.435632
33 0.478998 0.541379 0.954876 0.436782
17 0.4868 0.541523 0.964238 0.441092
74 0.485239 0.541379 0.961117 0.436782
34 0.494601 0.543103 0.945515 0.435632
33 0.478998 0.541379 0.954876 0.436782
17 0.4868 0.541523 0.964238 0.441092
74 0.485239 0.541379 0.961117 0.436782
34 0.494211 0.543103 0.944734 0.435632
33 0.478998 0.541379 0.954876 0.436782
17 0.4868 0.541379 0.964238 0.441379
74 0.485239 0.541379 0.961117 0.436782
34 0.494211 0.543103 0.944734 0.435632
33 0.478998 0.541379 0.953316 0.436782
17 0.4868 0.541379 0.962677 0.441379
74 0.484459 0.541379 0.961117 0.436782
34 0.493821 0.543103 0.943954 0.435632
33 0.478608 0.541379 0.954096 0.436782
17 0.4868 0.541379 0.962677 0.441379
74 0.484459 0.541379 0.961117 0.436782
34 0.493821 0.543103 0.943954 0.435632
33 0.478218 0.541379 0.953316 0.436782
17 0.48641 0.541523 0.963458 0.441092
74 0.484459 0.541379 0.961117 0.436782
34 0.493821 0.543103 0.943954 0.435632
33 0.478218 0.541379 0.953316 0.436782
17 0.486019 0.541379 0.962677 0.441379
74 0.484459 0.541379 0.961117 0.436782
34 0.493821 0.543103 0.943954 0.435632
33 0.478218 0.541379 0.953316 0.436782
17 0.486019 0.541523 0.962677 0.441092
74 0.484459 0.541379 0.959557 0.436782
34 0.493821 0.543103 0.943954 0.435632
33 0.478218 0.541379 0.953316 0.436782
17 0.486019 0.541523 0.962677 0.441092
74 0.484459 0.541379 0.959557 0.436782
34 0.493821 0.543103 0.943954 0.435632
33 0.478218 0.541379 0.953316 0.436782
17 0.486019 0.541523 0.962677 0.441092
74 0.484459 0.541379 0.959557 0.436782
34 0.493821 0.543103 0.943954 0.435632
33 0.478218 0.541379 0.953316 0.436782
17 0.486019 0.541523 0.962677 0.441092
74 0.484459 0.541379 0.959557 0.436782
34 0.493821 0.543103 0.942394 0.435632
33 0.478218 0.541379 0.953316 0.436782
17 0.486019 0.541523 0.962677 0.441092
74 0.484459 0.541379 0.959557 0.436782
33 0.478218 0.541379 0.953316 0.436782
34 0.493821 0.543103 0.942394 0.435632
17 0.486019 0.541523 0.962677 0.441092
74 0.484459 0.541379 0.959557 0.436782
33 0.478608 0.541379 0.952536 0.436782
34 0.493821 0.543103 0.942394 0.435632
17 0.486019 0.541523 0.962677 0.441092
74 0.484459 0.541379 0.959557 0.436782
33 0.478218 0.541379 0.953316 0.436782
34 0.493821 0.543103 0.942394 0.435632
17 0.486019 0.541954 0.962677 0.441379
74 0.484459 0.541379 0.959557 0.436782
33 0.478218 0.541379 0.953316 0.436782
34 0.493821 0.543535 0.942394 0.43477
17 0.486019 0.541954 0.962677 0.441379
74 0.484459 0.541379 0.959557 0.436782
33 0.478218 0.541379 0.953316 0.436782
34 0.493041 0.543535 0.942394 0.43477
17 0.486019 0.541954 0.962677 0.441379
74 0.484459 0.541379 0.959557 0.436782
33 0.478218 0.541379 0.953316 0.436782
34 0.493041 0.543103 0.942394 0.435632
17 0.486019 0.541954 0.962677 0.441379
74 0.484459 0.541379 0.959557 0.436782
33 0.478608 0.541379 0.952536 0.436782
34 0.493041 0.543535 0.942394 0.43477
17 0.486019 0.541954 0.962677 0.441379
74 0.483679 0.541379 0.959557 0.436782
33 0.478608 0.541379 0.952536 0.436782
34 0.493041 0.543535 0.942394 0.43477
17 0.486019 0.541954 0.962677 0.441379
74 0.484459 0.541379 0.959557 0.436782
33 0.478218 0.541236 0.953316 0.437069
17 0.486019 0.541954 0.962677 0.441379
74 0.484459 0.541379 0.959557 0.436782
33 0.478608 0.541379 0.952536 0.436782
17 0.486019 0.541954 0.962677 0.441379
74 0.483679 0.541523 0.959557 0.436494
33 0.478608 0.541379 0.952536 0.436782
17 0.486019 0.541954 0.962677 0.441379
74 0.483679 0.541523 0.959557 0.436494
33 0.478218 0.541379 0.953316 0.436782
17 0.486019 0.541954 0.962677 0.441379
74 0.484459 0.541523 0.959557 0.436494
33 0.478218 0.541379 0.953316 0.436782
17 0.486019 0.541954 0.962677 0.441379
74 0.484459 0.541523 0.959557 0.436494
33 0.478608 0.541379 0.952536 0.436782
17 0.486019 0.541954 0.962677 0.441379
74 0.483679 0.541523 0.959557 0.436494
33 0.478218 0.541379 0.953316 0.436782
17 0.486019 0.541954 0.962677 0.441379
74 0.483679 0.541523 0.959557 0.436494
33 0.478218 0.541954 0.953316 0.436782
17 0.486019 0.541954 0.962677 0.441379
74 0.483679 0.541523 0.959557 0.436494
33 0.478218 0.541379 0.953316 0.436782
17 0.485629 0.541954 0.961897 0.441379
74 0.483679 0.541523 0.959557 0.436494
33 0.478608 0.541379 0.952536 0.436782
17 0.486019 0.542385 0.962677 0.441667
74 0.483289 0.541523 0.958777 0.436494
33 0.478608 0.541379 0.952536 0.436782
17 0.486019 0.541954 0.961117 0.442529
74 0.483289 0.541523 0.958777 0.436494
33 0.478218 0.541379 0.951756 0.436782
17 0.486019 0.541954 0.962677 0.441379
74 0.483289 0.541523 0.958777 0.436494
33 0.478218 0.541236 0.951756 0.437069
17 0.485629 0.542385 0.961897 0.441667
74 0.483289 0.541523 0.958777 0.436494
33 0.477828 0.541954 0.950975 0.436782
17 0.485629 0.542385 0.961897 0.441667
74 0.483289 0.541523 0.958777 0.436494
33 0.477828 0.541954 0.950975 0.436782
17 0.485239 0.542385 0.961117 0.441667
74 0.482899 0.541523 0.959557 0.436494
33 0.477828 0.541236 0.950975 0.437069
17 0.485239 0.542385 0.961117 0.441667
74 0.483289 0.541523 0.958777 0.436494
33 0.477828 0.541236 0.950975 0.437069
17 0.485239 0.542385 0.961117 0.441667
74 0.483289 0.541954 0.958777 0.436782
33 0.477828 0.541236 0.950975 0.437069
17 0.485239 0.542385 0.961117 0.441667
74 0.483289 0.541523 0.958777 0.436494
33 0.477828 0.541236 0.950975 0.437069
17 0.485239 0.542385 0.961117 0.441667
74 0.482899 0.541954 0.959557 0.436782
33 0.477828 0.541236 0.950975 0.437069
17 0.485239 0.542385 0.961117 0.441667
74 0.483289 0.541954 0.958777 0.436782
33 0.477828 0.541236 0.950975 0.437069
17 0.485239 0.542385 0.961117 0.441667
74 0.482899 0.541954 0.959557 0.436782
33 0.477828 0.541236 0.950975 0.437069
17 0.485239 0.542385 0.961117 0.441667
74 0.482899 0.541954 0.957997 0.436782
33 0.477828 0.541954 0.950975 0.436782
17 0.485239 0.542385 0.961117 0.441667
74 0.482119 0.541954 0.957997 0.436782
33 0.477438 0.541954 0.950195 0.437931
17 0.484849 0.542385 0.960337 0.441667
74 0.482119 0.541954 0.957997 0.436782
33 0.477438 0.541236 0.950195 0.437069
17 0.484849 0.542385 0.960337 0.441667
74 0.482119 0.541954 0.957997 0.436782
33 0.477438 0.541954 0.948635 0.437931
17 0.484849 0.542385 0.960337 0.441667
74 0.482119 0.541954 0.957997 0.436782
33 0.477438 0.541236 0.948635 0.437069
17 0.484459 0.542385 0.959557 0.441667
74 0.482509 0.541954 0.957217 0.436782
33 0.477438 0.541236 0.948635 0.437069
17 0.484459 0.542529 0.959557 0.441379
74 0.482509 0.541954 0.957217 0.436782
33 0.477438 0.541236 0.948635 0.437069
17 0.484459 0.542385 0.959557 0.441667
74 0.482119 0.541954 0.956436 0.436782
33 0.477438 0.541954 0.948635 0.437931
17 0.483679 0.543678 0.957997 0.441379
74 0.482119 0.541954 0.956436 0.436782
33 0.477438 0.541954 0.948635 0.437931
17 0.483679 0.543678 0.957997 0.441379
74 0.482119 0.541954 0.956436 0.436782
33 0.476658 0.541954 0.948635 0.437931
17 0.483679 0.543678 0.957997 0.441379
74 0.482119 0.541954 0.956436 0.436782
33 0.477438 0.541236 0.948635 0.437069
17 0.483289 0.543678 0.957217 0.441379
74 0.481729 0.541954 0.955656 0.436782
33 0.477048 0.541954 0.947855 0.437931
17 0.483289 0.543678 0.957217 0.441379
74 0.481729 0.541954 0.955656 0.436782
33 0.477048 0.541236 0.947855 0.437069
17 0.483679 0.543822 0.957997 0.441092
74 0.481729 0.541954 0.955656 0.436782
33 0.477048 0.541379 0.947855 0.437931
17 0.483289 0.543103 0.957217 0.441379
74 0.481729 0.541954 0.955656 0.436782
33 0.476658 0.541379 0.948635 0.437931
17 0.483679 0.543822 0.956436 0.441092
74 0.482119 0.541954 0.956436 0.436782
33 0.477438 0.541954 0.948635 0.437931
17 0.483679 0.543678 0.957997 0.441379
74 0.482119 0.541954 0.956436 0.437931
33 0.477438 0.541954 0.948635 0.437931
17 0.483679 0.543678 0.957997 0.441379
74 0.482119 0.541954 0.956436 0.437931
33 0.477438 0.541954 0.948635 0.437931
17 0.483679 0.543678 0.957997 0.441379
74 0.482119 0.541954 0.956436 0.437931
33 0.477438 0.541954 0.948635 0.437931
17 0.483679 0.543678 0.957997 0.441379
74 0.482509 0.541954 0.957217 0.437931
33 0.477438 0.541954 0.948635 0.437931
17 0.483679 0.543678 0.957997 0.441379
74 0.482119 0.541954 0.957997 0.437931
33 0.476658 0.541954 0.948635 0.437931
17 0.483679 0.543678 0.957997 0.441379
74 0.482509 0.541954 0.957217 0.437931
33 0.477438 0.541954 0.948635 0.437931
17 0.483679 0.543678 0.957997 0.441379
74 0.477438 0.541954 0.948635 0.439081
33 0.477438 0.541954 0.948635 0.439081
17 0.483679 0.543678 0.957997 0.441379
74 0.477438 0.541954 0.948635 0.439081
33 0.477438 0.541954 0.948635 0.439081
17 0.483679 0.543678 0.957997 0.441379
74 0.477438 0.541954 0.948635 0.439081
33 0.477438 0.541954 0.948635 0.439081
17 0.486019 0.541236 0.962677 0.441667
74 0.483679 0.541523 0.959557 0.438793
101 0.531205 0.0935345 0.93759 0.187069
