48 0.498437 0.46542 0.971875 0.462585
49 0.498437 0.46542 0.971875 0.462585
50 0.498437 0.46542 0.971875 0.462585
68 0.495313 0.4589 0.970312 0.459751
109 0.503125 0.463152 0.976562 0.459184
79 0.498437 0.46542 0.971875 0.462585
53 0.498437 0.46542 0.971875 0.462585
104 0.503125 0.463152 0.976562 0.459184
54 0.503125 0.463152 0.976562 0.459184
84 0.498437 0.46542 0.971875 0.462585
103 0.501562 0.461168 0.970312 0.454082
67 0.498437 0.46542 0.971875 0.462585
74 0.498437 0.46542 0.971875 0.462585
81 0.498437 0.46542 0.971875 0.462585
111 0.498437 0.46542 0.971875 0.462585
76 0.503125 0.463152 0.976562 0.459184
101 0.498437 0.46542 0.971875 0.462585
17 0.498437 0.46542 0.971875 0.462585
46 0.503125 0.463152 0.976562 0.459184
110 0.498437 0.46542 0.971875 0.462585
56 0.498437 0.46542 0.971875 0.462585
95 0.501562 0.461168 0.970312 0.454082
73 0.495313 0.4589 0.970312 0.459751
97 0.503125 0.463152 0.976562 0.459184
42 0.503125 0.463152 0.976562 0.459184
77 0.498437 0.46542 0.971875 0.462585
66 0.498437 0.46542 0.971875 0.462585
75 0.501562 0.461168 0.970312 0.454082
80 0.498437 0.46542 0.971875 0.462585
16 0.503125 0.463152 0.976562 0.459184
100 0.501562 0.461168 0.970312 0.454082
33 0.503125 0.463152 0.976562 0.459184
99 0.505859 0.463223 0.975781 0.453373
108 0.503125 0.463152 0.976562 0.459184
14 0.503125 0.463152 0.976562 0.459184
51 0.498437 0.46542 0.971875 0.462585
47 0.505859 0.463223 0.975781 0.453373
38 0.498437 0.46542 0.971875 0.462585
11 0.503125 0.463152 0.976562 0.459184
0 0.498437 0.46542 0.971875 0.462585
41 0.503125 0.463152 0.976562 0.459184
102 0.503125 0.463152 0.976562 0.459184
7 0.498437 0.46542 0.971875 0.462585
31 0.498437 0.46542 0.971875 0.462585
78 0.498437 0.46542 0.971875 0.462585
105 0.501562 0.461168 0.970312 0.454082
21 0.503125 0.463152 0.976562 0.459184
5 0.501562 0.461168 0.970312 0.454082
15 0.498437 0.46542 0.971875 0.462585
4 0.503125 0.463152 0.976562 0.459184
52 0.503125 0.470805 0.978125 0.457483
94 0.503125 0.463152 0.976562 0.459184
65 0.498437 0.46542 0.971875 0.462585
34 0.501562 0.461168 0.970312 0.454082
6 0.503125 0.463152 0.976562 0.459184
28 0.498437 0.46542 0.971875 0.462585
12 0.497656 0.464286 0.951563 0.44898
48 0.532812 0.523243 0.925 0.325397
13 0.503125 0.463152 0.976562 0.459184
22 0.498437 0.46542 0.971875 0.462585
55 0.503125 0.463152 0.976562 0.459184
92 0.503125 0.463152 0.976562 0.459184
26 0.497656 0.464286 0.951563 0.44898
50 0.532812 0.523243 0.925 0.325397
72 0.505859 0.463223 0.975781 0.453373
84 0.532812 0.523243 0.925 0.325397
54 0.53125 0.519274 0.925 0.331066
8 0.503125 0.463152 0.976562 0.459184
104 0.496094 0.463719 0.954687 0.478458
81 0.496094 0.463719 0.954687 0.478458
78 0.496094 0.463719 0.954687 0.478458
33 0.508984 0.468183 0.974219 0.469529
79 0.508984 0.468183 0.974219 0.469529
41 0.496094 0.463719 0.954687 0.478458
54 0.496094 0.463719 0.954687 0.478458
80 0.496094 0.463719 0.954687 0.478458
74 0.496094 0.463719 0.954687 0.478458
108 0.496094 0.463719 0.954687 0.478458
56 0.496094 0.463719 0.954687 0.478458
75 0.496094 0.463719 0.954687 0.478458
105 0.496094 0.463719 0.954687 0.478458
17 0.496094 0.463719 0.954687 0.478458
66 0.496094 0.463719 0.954687 0.478458
42 0.508984 0.468183 0.974219 0.469529
99 0.496094 0.463719 0.954687 0.478458
109 0.49375 0.446145 0.954687 0.502268
95 0.496094 0.463719 0.954687 0.478458
103 0.49375 0.446145 0.954687 0.502268
111 0.49375 0.446145 0.954687 0.502268
110 0.496094 0.463719 0.954687 0.478458
84 0.496094 0.463719 0.954687 0.478458
46 0.496094 0.463719 0.954687 0.478458
52 0.508984 0.468183 0.974219 0.469529
48 0.49375 0.446145 0.954687 0.502268
97 0.496094 0.463719 0.954687 0.478458
53 0.49375 0.446145 0.954687 0.502268
21 0.496094 0.463719 0.954687 0.478458
67 0.496094 0.463719 0.954687 0.478458
101 0.496094 0.463719 0.954687 0.478458
50 0.508984 0.468183 0.974219 0.469529
31 0.496094 0.463719 0.954687 0.478458
68 0.49375 0.446145 0.954687 0.502268
28 0.496094 0.463719 0.954687 0.478458
35 0.496094 0.463719 0.954687 0.478458
73 0.49375 0.446145 0.954687 0.502268
76 0.49375 0.446145 0.954687 0.502268
77 0.49375 0.446145 0.954687 0.502268
6 0.496094 0.463719 0.954687 0.478458
100 0.49375 0.446145 0.954687 0.502268
14 0.496094 0.463719 0.954687 0.478458
33 0.327539 0.463435 0.616797 0.472222
34 0.49375 0.446145 0.954687 0.502268
16 0.496094 0.463719 0.954687 0.478458
47 0.49375 0.470592 0.95 0.448838
41 0.489062 0.551162 0.935938 0.287698
108 0.327539 0.463435 0.616797 0.472222
32 0.496094 0.463719 0.954687 0.478458
78 0.509375 0.530045 0.970312 0.334467
49 0.49375 0.446145 0.954687 0.502268
19 0.49375 0.470592 0.95 0.448838
81 0.268164 0.464569 0.499609 0.472222
78 0.327539 0.463435 0.616797 0.472222
72 0.492188 0.447775 0.9625 0.489938
79 0.268164 0.464569 0.499609 0.472222
2 0.496094 0.463719 0.954687 0.478458
51 0.49375 0.446145 0.954687 0.502268
102 0.496094 0.463719 0.954687 0.478458
11 0.496094 0.463719 0.954687 0.478458
17 0.509375 0.530045 0.970312 0.334467
111 0.507031 0.520125 0.98125 0.345238
104 0.509375 0.530045 0.970312 0.334467
79 0.489062 0.551162 0.935938 0.287698
1 0.492578 0.460317 0.961719 0.480726
13 0.496094 0.463719 0.954687 0.478458
56 0.509375 0.530045 0.970312 0.334467
80 0.509375 0.530045 0.970312 0.334467
66 0.327539 0.463435 0.616797 0.472222
9 0.508984 0.468183 0.974219 0.469529
5 0.508984 0.468183 0.974219 0.469529
108 0.489062 0.551162 0.935938 0.287698
15 0.479297 0.459751 0.922656 0.477324
99 0.509375 0.530045 0.970312 0.334467
33 0.489062 0.551162 0.935938 0.287698
105 0.268164 0.464569 0.499609 0.472222
17 0.268164 0.464569 0.499609 0.472222
81 0.489062 0.551162 0.935938 0.287698
0 0.479297 0.459751 0.922656 0.477324
75 0.327539 0.463435 0.616797 0.472222
42 0.268164 0.464569 0.499609 0.472222
74 0.509375 0.530045 0.970312 0.334467
50 0.489062 0.442177 0.964063 0.50907
48 0.499219 0.378685 0.990625 0.643991
100 0.489062 0.442177 0.964063 0.50907
49 0.499219 0.378685 0.990625 0.643991
68 0.504687 0.370748 0.975 0.65873
100 0.498047 0.349773 0.991406 0.699546
50 0.498047 0.349773 0.991406 0.699546
76 0.499219 0.378685 0.990625 0.643991
99 0.499219 0.378685 0.990625 0.643991
49 0.488281 0.47449 0.957812 0.44898
75 0.504687 0.370748 0.975 0.65873
51 0.498047 0.349773 0.991406 0.699546
51 0.489062 0.442177 0.964063 0.50907
48 0.488281 0.47449 0.957812 0.44898
46 0.499219 0.378685 0.990625 0.643991
97 0.498047 0.349773 0.991406 0.699546
48 0.498437 0.273243 0.992188 0.546485
73 0.498047 0.349773 0.991406 0.699546
99 0.488281 0.47449 0.957812 0.44898
52 0.499219 0.350907 0.976562 0.701814
47 0.499219 0.378685 0.990625 0.643991
53 0.499219 0.350907 0.976562 0.701814
68 0.498437 0.273243 0.992188 0.546485
84 0.499219 0.350907 0.976562 0.701814
76 0.488281 0.47449 0.957812 0.44898
97 0.489062 0.442177 0.964063 0.50907
73 0.489062 0.442177 0.964063 0.50907
68 0.497656 0.476757 0.984375 0.439909
101 0.504687 0.370748 0.975 0.65873
50 0.485156 0.530045 0.945312 0.379819
109 0.504687 0.370748 0.975 0.65873
77 0.504687 0.370748 0.975 0.65873
75 0.492578 0.463719 0.980469 0.461451
50 0.498828 0.229875 0.989844 0.459751
47 0.488281 0.47449 0.957812 0.44898
68 0.497656 0.179705 0.9875 0.35941
111 0.499219 0.350907 0.976562 0.701814
110 0.499219 0.350907 0.976562 0.701814
49 0.498828 0.229875 0.989844 0.459751
53 0.508203 0.462514 0.967969 0.472931
95 0.499219 0.348639 0.989062 0.697279
76 0.498437 0.273243 0.992188 0.546485
46 0.488281 0.47449 0.957812 0.44898
75 0.498437 0.273243 0.992188 0.546485
48 0.497656 0.179705 0.9875 0.35941
102 0.504687 0.370748 0.975 0.65873
51 0.498828 0.229875 0.989844 0.459751
33 0.498047 0.349773 0.991406 0.699546
100 0.498828 0.229875 0.989844 0.459751
46 0.498437 0.273243 0.992188 0.546485
42 0.489062 0.442177 0.964063 0.50907
52 0.508203 0.462514 0.967969 0.472931
101 0.498828 0.229875 0.989844 0.459751
109 0.498437 0.273243 0.992188 0.546485
53 0.498828 0.229875 0.989844 0.459751
74 0.504687 0.370748 0.975 0.65873
17 0.498047 0.349773 0.991406 0.699546
50 0.413281 0.529478 0.823438 0.311791
77 0.498828 0.229875 0.989844 0.459751
67 0.504687 0.370748 0.975 0.65873
95 0.498437 0.440193 0.984375 0.502834
56 0.499219 0.348639 0.989062 0.697279
50 0.501562 0.0893566 0.98125 0.178713
100 0.485156 0.530045 0.945312 0.379819
84 0.489062 0.442177 0.964063 0.50907
49 0.411719 0.514172 0.804688 0.336735
50 0.507812 0.0567602 0.9625 0.11352
99 0.498437 0.273243 0.992188 0.546485
2 0.498437 0.273243 0.992188 0.546485
48 0.501562 0.0893566 0.98125 0.178713
101 0.497656 0.476757 0.984375 0.439909
33 0.489062 0.442177 0.964063 0.50907
80 0.499219 0.414399 0.979688 0.828798
74 0.498437 0.273243 0.992188 0.546485
110 0.508203 0.462514 0.967969 0.472931
50 0.505469 0.154195 0.985937 0.30839
95 0.498828 0.229875 0.989844 0.459751
42 0.498047 0.349773 0.991406 0.699546
50 0.319531 0.468254 0.619531 0.376417
102 0.497656 0.476757 0.984375 0.439909
68 0.501562 0.0893566 0.98125 0.178713
80 0.498437 0.273243 0.992188 0.546485
102 0.505469 0.25326 0.973437 0.506519
48 0.507812 0.0567602 0.9625 0.11352
108 0.498437 0.273243 0.992188 0.546485
109 0.488281 0.47449 0.957812 0.44898
47 0.498437 0.273243 0.992188 0.546485
108 0.499219 0.414399 0.979688 0.828798
49 0.501562 0.0893566 0.98125 0.178713
102 0.504687 0.171769 0.975 0.343537
46 0.504687 0.171769 0.975 0.343537
67 0.498828 0.229875 0.989844 0.459751
73 0.498828 0.229875 0.989844 0.459751
110 0.498828 0.229875 0.989844 0.459751
68 0.507812 0.0567602 0.9625 0.11352
104 0.499219 0.348639 0.989062 0.697279
25 0.489062 0.442177 0.964063 0.50907
77 0.497656 0.476757 0.984375 0.439909
49 0.507812 0.0567602 0.9625 0.11352
17 0.489062 0.442177 0.964063 0.50907
78 0.498828 0.229875 0.989844 0.459751
48 0.411719 0.514172 0.804688 0.336735
81 0.499219 0.348639 0.989062 0.697279
54 0.499219 0.350907 0.976562 0.701814
80 0.496484 0.392857 0.989844 0.612245
84 0.498828 0.229875 0.989844 0.459751
6 0.498047 0.349773 0.991406 0.699546
49 0.505469 0.154195 0.985937 0.30839
47 0.485156 0.180839 0.964063 0.361678
111 0.489062 0.442177 0.964063 0.50907
78 0.501562 0.353741 0.979688 0.707483
76 0.497656 0.179705 0.9875 0.35941
68 0.411719 0.514172 0.804688 0.336735
100 0.501562 0.0893566 0.98125 0.178713
8 0.498437 0.273243 0.992188 0.546485
2 0.499219 0.378685 0.990625 0.643991
101 0.501562 0.0893566 0.98125 0.178713
49 0.319531 0.468254 0.619531 0.376417
101 0.507812 0.0567602 0.9625 0.11352
67 0.497656 0.476757 0.984375 0.439909
100 0.507812 0.0567602 0.9625 0.11352
56 0.498437 0.440193 0.984375 0.502834
17 0.486719 0.235686 0.964063 0.471372
99 0.411719 0.514172 0.804688 0.336735
111 0.498828 0.229875 0.989844 0.459751
6 0.489062 0.442177 0.964063 0.50907
0 0.348633 0.582766 0.308984 0.204082
33 0.498828 0.229875 0.989844 0.459751
52 0.498828 0.229875 0.989844 0.459751
50 0.403125 0.453798 0.790625 0.430272
66 0.499219 0.350907 0.976562 0.701814
109 0.497656 0.179705 0.9875 0.35941
50 0.375 0.571287 0.736719 0.236111
15 0.498437 0.273243 0.992188 0.546485
79 0.499219 0.348639 0.989062 0.697279
104 0.498437 0.440193 0.984375 0.502834
25 0.498047 0.349773 0.991406 0.699546
101 0.505469 0.154195 0.985937 0.30839
100 0.505469 0.154195 0.985937 0.30839
51 0.507812 0.0567602 0.9625 0.11352
51 0.501562 0.0893566 0.98125 0.178713
46 0.507812 0.0567602 0.9625 0.11352
108 0.496484 0.392857 0.989844 0.612245
47 0.411719 0.514172 0.804688 0.336735
102 0.501562 0.0893566 0.98125 0.178713
100 0.413281 0.529478 0.823438 0.311791
75 0.497656 0.179705 0.9875 0.35941
46 0.411719 0.514172 0.804688 0.336735
76 0.501562 0.0893566 0.98125 0.178713
51 0.505469 0.154195 0.985937 0.30839
99 0.497656 0.179705 0.9875 0.35941
102 0.507812 0.0567602 0.9625 0.11352
74 0.497656 0.476757 0.984375 0.439909
76 0.507812 0.0567602 0.9625 0.11352
74 0.506641 0.48271 0.955469 0.446145
97 0.514063 0.479592 0.95625 0.435374
33 0.514844 0.477891 0.957812 0.45805
75 0.514063 0.479592 0.95625 0.435374
41 0.514063 0.479592 0.95625 0.435374
42 0.507422 0.477608 0.950781 0.448413
66 0.506641 0.48271 0.955469 0.446145
17 0.514844 0.477891 0.957812 0.45805
76 0.510156 0.480159 0.953125 0.444444
80 0.507422 0.477608 0.950781 0.448413
100 0.514063 0.479592 0.95625 0.435374
54 0.514844 0.477891 0.957812 0.45805
84 0.514063 0.479592 0.95625 0.435374
108 0.514844 0.477891 0.957812 0.45805
103 0.514063 0.479592 0.95625 0.435374
32 0.514063 0.479592 0.95625 0.435374
104 0.514844 0.477891 0.957812 0.45805
50 0.506641 0.48271 0.955469 0.446145
28 0.514844 0.477891 0.957812 0.45805
79 0.514844 0.477891 0.957812 0.45805
73 0.514063 0.479592 0.95625 0.435374
105 0.514844 0.477891 0.957812 0.45805
74 0.388965 0.464002 0.750195 0.430272
74 0.614746 0.449476 0.733008 0.489938
95 0.514844 0.477891 0.957812 0.45805
75 0.614746 0.449476 0.733008 0.489938
46 0.514844 0.477891 0.957812 0.45805
33 0.614746 0.449476 0.733008 0.489938
97 0.388965 0.464002 0.750195 0.430272
48 0.507422 0.477608 0.950781 0.448413
41 0.553516 0.410714 0.860156 0.541383
97 0.614746 0.449476 0.733008 0.489938
33 0.388965 0.464002 0.750195 0.430272
21 0.514063 0.479592 0.95625 0.435374
99 0.514063 0.479592 0.95625 0.435374
23 0.514063 0.479592 0.95625 0.435374
41 0.388965 0.464002 0.750195 0.430272
14 0.514844 0.477891 0.957812 0.45805
68 0.506641 0.48271 0.955469 0.446145
75 0.388965 0.464002 0.750195 0.430272
52 0.508594 0.472718 0.946875 0.467262
42 0.614746 0.449476 0.733008 0.489938
47 0.514844 0.477891 0.957812 0.45805
16 0.521875 0.477041 0.95625 0.45068
6 0.508594 0.472718 0.946875 0.467262
17 0.388965 0.464002 0.750195 0.430272
66 0.388965 0.464002 0.750195 0.430272
26 0.517969 0.473356 0.942187 0.454649
76 0.614746 0.449476 0.733008 0.489938
17 0.614746 0.449476 0.733008 0.489938
24 0.521875 0.477041 0.95625 0.45068
101 0.506641 0.48271 0.955469 0.446145
67 0.514844 0.477891 0.957812 0.45805
108 0.553516 0.410714 0.860156 0.541383
100 0.614746 0.449476 0.733008 0.489938
78 0.514063 0.508503 0.946875 0.395692
3 0.514063 0.479592 0.95625 0.435374
2 0.517969 0.473356 0.942187 0.454649
54 0.388965 0.464002 0.750195 0.430272
66 0.614746 0.449476 0.733008 0.489938
49 0.510156 0.480159 0.953125 0.444444
109 0.506641 0.48271 0.955469 0.446145
9 0.521875 0.477041 0.95625 0.45068
81 0.514844 0.477891 0.957812 0.45805
56 0.514844 0.477891 0.957812 0.45805
77 0.506641 0.48271 0.955469 0.446145
32 0.614746 0.449476 0.733008 0.489938
13 0.517969 0.473356 0.942187 0.454649
80 0.614746 0.449476 0.733008 0.489938
54 0.614746 0.449476 0.733008 0.489938
84 0.388965 0.464002 0.750195 0.430272
53 0.508594 0.472718 0.946875 0.467262
48 0.508594 0.0713577 0.967188 0.142715
35 0.514844 0.477891 0.957812 0.45805
10 0.514063 0.479592 0.95625 0.435374
5 0.514063 0.479592 0.95625 0.435374
42 0.507031 0.386621 0.940625 0.329932
28 0.553516 0.410714 0.860156 0.541383
100 0.388965 0.464002 0.750195 0.430272
108 0.388965 0.464002 0.750195 0.430272
8 0.514063 0.479592 0.95625 0.435374
15 0.521875 0.477041 0.95625 0.45068
84 0.614746 0.449476 0.733008 0.489938
41 0.507031 0.386621 0.940625 0.329932
73 0.508594 0.0713577 0.967188 0.142715
76 0.508594 0.0713577 0.967188 0.142715
19 0.517969 0.473356 0.942187 0.454649
33 0.505469 0.451531 0.976562 0.505102
41 0.505469 0.451531 0.976562 0.505102
17 0.505469 0.451531 0.976562 0.505102
74 0.510938 0.449546 0.965625 0.49093
66 0.510938 0.449546 0.965625 0.49093
108 0.505469 0.451531 0.976562 0.505102
80 0.505469 0.451531 0.976562 0.505102
79 0.510938 0.449546 0.965625 0.49093
75 0.505469 0.451531 0.976562 0.505102
97 0.503906 0.393141 0.976562 0.606009
54 0.505469 0.451531 0.976562 0.505102
42 0.508984 0.460601 0.966406 0.477891
76 0.503906 0.393141 0.976562 0.606009
56 0.508984 0.460601 0.966406 0.477891
104 0.508594 0.444728 0.960938 0.510771
84 0.508984 0.460601 0.966406 0.477891
100 0.503906 0.393141 0.976562 0.606009
103 0.505469 0.451531 0.976562 0.505102
95 0.505469 0.451531 0.976562 0.505102
16 0.505469 0.451531 0.976562 0.505102
53 0.511719 0.455782 0.964063 0.488662
78 0.508594 0.938776 0.973437 0.122449
14 0.511719 0.455782 0.964063 0.488662
79 0.507812 0.966837 0.96875 0.0663265
79 0.508594 0.938776 0.973437 0.122449
104 0.507812 0.966837 0.96875 0.0663265
78 0.510938 0.449546 0.965625 0.49093
48 0.514844 0.465986 0.970312 0.464853
81 0.507812 0.966837 0.96875 0.0663265
104 0.508594 0.938776 0.973437 0.122449
46 0.503906 0.393141 0.976562 0.606009
28 0.505469 0.451531 0.976562 0.505102
81 0.510938 0.449546 0.965625 0.49093
73 0.503906 0.393141 0.976562 0.606009
52 0.508984 0.460601 0.966406 0.477891
21 0.505469 0.451531 0.976562 0.505102
81 0.508594 0.938776 0.973437 0.122449
15 0.511719 0.463435 0.976562 0.477891
108 0.508594 0.938776 0.973437 0.122449
99 0.503906 0.393141 0.976562 0.606009
49 0.503906 0.393141 0.976562 0.606009
47 0.508984 0.460601 0.966406 0.477891
41 0.508984 0.369048 0.966406 0.738095
105 0.507812 0.966837 0.96875 0.0663265
108 0.508984 0.369048 0.966406 0.738095
6 0.505469 0.451531 0.976562 0.505102
42 0.508984 0.369048 0.966406 0.738095
80 0.508984 0.369048 0.966406 0.738095
3 0.505469 0.451531 0.976562 0.505102
50 0.503906 0.393141 0.976562 0.606009
78 0.507031 0.890873 0.970312 0.218254
41 0.504297 0.477253 0.938281 0.461593
75 0.508594 0.478458 0.970312 0.460317
84 0.496875 0.477891 0.940625 0.456916
33 0.500781 0.478458 0.948438 0.459184
103 0.510156 0.475624 0.967188 0.456916
66 0.508594 0.478458 0.970312 0.460317
54 0.500781 0.478458 0.948438 0.459184
74 0.508594 0.478458 0.970312 0.460317
95 0.510156 0.475624 0.967188 0.456916
97 0.496875 0.477891 0.940625 0.456916
80 0.500781 0.478458 0.948438 0.459184
76 0.510156 0.475624 0.967188 0.456916
108 0.508594 0.478458 0.970312 0.460317
79 0.508594 0.478458 0.970312 0.460317
109 0.510156 0.475624 0.967188 0.456916
17 0.500781 0.478458 0.948438 0.459184
99 0.496875 0.477891 0.940625 0.456916
56 0.510156 0.475624 0.967188 0.456916
73 0.496875 0.477891 0.940625 0.456916
42 0.500781 0.478458 0.948438 0.459184
100 0.496875 0.477891 0.940625 0.456916
105 0.510156 0.475624 0.967188 0.456916
50 0.510156 0.475624 0.967188 0.456916
111 0.500781 0.479592 0.93125 0.451247
68 0.510156 0.475624 0.967188 0.456916
41 0.342578 0.478458 0.630469 0.464853
104 0.508594 0.478458 0.970312 0.460317
46 0.496875 0.477891 0.940625 0.456916
19 0.480469 0.478458 0.878125 0.460317
67 0.510156 0.475624 0.967188 0.456916
77 0.500781 0.479592 0.93125 0.451247
47 0.496875 0.477891 0.940625 0.456916
110 0.512109 0.453019 0.958594 0.508929
81 0.510156 0.475624 0.967188 0.456916
49 0.510156 0.475624 0.967188 0.456916
15 0.504297 0.477253 0.938281 0.461593
41 0.503125 0.459821 0.965625 0.464711
17 0.503125 0.467404 0.965625 0.45068
33 0.503125 0.467404 0.965625 0.45068
54 0.505469 0.46542 0.964063 0.461451
97 0.503125 0.459821 0.965625 0.464711
28 0.503125 0.459821 0.965625 0.464711
15 0.503125 0.459821 0.965625 0.464711
108 0.503125 0.459821 0.965625 0.464711
66 0.50625 0.46542 0.95625 0.454649
42 0.503125 0.459821 0.965625 0.464711
75 0.50625 0.46542 0.95625 0.454649
80 0.503125 0.459821 0.965625 0.464711
56 0.503125 0.459821 0.965625 0.464711
100 0.503125 0.459821 0.965625 0.464711
74 0.505469 0.472789 0.957812 0.456916
73 0.503125 0.459821 0.965625 0.464711
24 0.503125 0.459821 0.965625 0.464711
6 0.503125 0.459821 0.965625 0.464711
14 0.503125 0.459821 0.965625 0.464711
99 0.503125 0.459821 0.965625 0.464711
76 0.503125 0.459821 0.965625 0.464711
46 0.503125 0.459821 0.965625 0.464711
84 0.503125 0.459821 0.965625 0.464711
19 0.503125 0.459821 0.965625 0.464711
20 0.504687 0.460601 0.967188 0.458617
103 0.496484 0.471088 0.982031 0.444444
21 0.503125 0.459821 0.965625 0.464711
16 0.503125 0.459821 0.965625 0.464711
51 0.503125 0.459821 0.965625 0.464711
23 0.503125 0.459821 0.965625 0.464711
17 0.509375 0.542517 0.934375 0.321995
79 0.50625 0.46542 0.95625 0.454649
52 0.503125 0.459821 0.965625 0.464711
104 0.50625 0.46542 0.95625 0.454649
11 0.503125 0.459821 0.965625 0.464711
95 0.50625 0.46542 0.95625 0.454649
41 0.509375 0.542517 0.934375 0.321995
3 0.504687 0.460601 0.967188 0.458617
1 0.504687 0.460601 0.967188 0.458617
33 0.5125 0.467191 0.96875 0.464711
41 0.5125 0.467191 0.96875 0.464711
17 0.5125 0.467191 0.96875 0.464711
75 0.510156 0.475624 0.971875 0.453515
97 0.512109 0.468892 0.969531 0.454507
79 0.521875 0.462868 0.951563 0.471088
66 0.514063 0.47619 0.96875 0.446712
80 0.512109 0.468892 0.969531 0.454507
42 0.510938 0.466837 0.971875 0.451814
76 0.510938 0.466837 0.971875 0.451814
54 0.5125 0.467191 0.96875 0.464711
74 0.514063 0.47619 0.96875 0.446712
108 0.512109 0.468892 0.969531 0.454507
15 0.512109 0.468892 0.969531 0.454507
100 0.5125 0.467191 0.96875 0.464711
73 0.512109 0.468892 0.969531 0.454507
33 0.503516 0.473923 0.958594 0.45805
42 0.513672 0.476757 0.972656 0.453515
75 0.500391 0.476757 0.953906 0.452381
54 0.501953 0.46712 0.957031 0.456916
80 0.501953 0.46712 0.957031 0.456916
108 0.501172 0.465916 0.958594 0.462727
41 0.503516 0.473923 0.958594 0.45805
17 0.501172 0.465916 0.958594 0.462727
66 0.500391 0.473427 0.953906 0.471514
74 0.500391 0.473427 0.953906 0.471514
75 0.297656 0.478458 0.550781 0.454649
97 0.503516 0.473923 0.958594 0.45805
33 0.715625 0.444728 0.553125 0.491497
79 0.500391 0.473427 0.953906 0.471514
74 0.498047 0.553146 0.947656 0.306406
66 0.498047 0.553146 0.947656 0.306406
75 0.498047 0.553146 0.947656 0.306406
76 0.513672 0.476757 0.972656 0.453515
33 0.500781 0.46712 0.951563 0.471655
41 0.500781 0.462302 0.953125 0.479025
17 0.503906 0.462868 0.951563 0.477891
75 0.500781 0.462302 0.953125 0.479025
54 0.503906 0.462868 0.951563 0.477891
80 0.500781 0.46712 0.951563 0.471655
108 0.503906 0.462868 0.951563 0.477891
74 0.503906 0.462868 0.951563 0.477891
42 0.503125 0.469317 0.95 0.468396
66 0.503906 0.462868 0.951563 0.477891
33 0.501172 0.479025 0.941406 0.444444
41 0.501172 0.479025 0.941406 0.444444
17 0.501172 0.479025 0.941406 0.444444
75 0.5 0.47449 0.953125 0.454649
21 0.512109 0.480726 0.952344 0.452381
15 0.512109 0.480726 0.952344 0.452381
19 0.512109 0.480726 0.952344 0.452381
5 0.512109 0.480726 0.952344 0.452381
76 0.495313 0.478175 0.93125 0.449546
97 0.5 0.47449 0.953125 0.454649
42 0.5 0.47449 0.953125 0.454649
28 0.512109 0.480726 0.952344 0.452381
13 0.512109 0.480726 0.952344 0.452381
3 0.512109 0.480726 0.952344 0.452381
16 0.512109 0.480726 0.952344 0.452381
80 0.501172 0.479025 0.941406 0.444444
74 0.5 0.477324 0.946875 0.444444
14 0.501172 0.479025 0.941406 0.444444
23 0.512109 0.480726 0.952344 0.452381
26 0.512109 0.480726 0.952344 0.452381
33 0.502344 0.470522 0.954687 0.455782
41 0.510156 0.471655 0.971875 0.450113
17 0.510547 0.470238 0.978906 0.458617
75 0.510156 0.471655 0.971875 0.450113
76 0.498437 0.473356 0.940625 0.441043
66 0.510156 0.844671 0.976562 0.310658
80 0.502344 0.470522 0.954687 0.455782
75 0.510156 0.844671 0.976562 0.310658
74 0.510156 0.471655 0.971875 0.450113
74 0.510156 0.844671 0.976562 0.310658
54 0.510547 0.467687 0.972656 0.45805
103 0.510156 0.844671 0.976562 0.310658
50 0.510156 0.844671 0.976562 0.310658
76 0.510156 0.844671 0.976562 0.310658
15 0.496875 0.475624 0.953125 0.459184
66 0.510156 0.471655 0.971875 0.450113
108 0.512109 0.840703 0.969531 0.318594
97 0.510547 0.467687 0.972656 0.45805
79 0.510156 0.844671 0.976562 0.310658
13 0.496875 0.475624 0.953125 0.459184
33 0.516016 0.47449 0.967969 0.444444
41 0.512891 0.472789 0.955469 0.446712
17 0.50625 0.478458 0.95 0.439909
15 0.504297 0.471372 0.941406 0.454082
21 0.504297 0.471372 0.941406 0.454082
97 0.516016 0.47449 0.967969 0.444444
16 0.504297 0.471372 0.941406 0.454082
11 0.504297 0.471372 0.941406 0.454082
13 0.511719 0.479875 0.957812 0.433673
42 0.504297 0.471372 0.941406 0.454082
28 0.512891 0.472789 0.955469 0.446712
80 0.512891 0.472789 0.955469 0.446712
16 0.329736 0.37415 0.338965 0.198413
6 0.504297 0.471372 0.941406 0.454082
14 0.504297 0.471372 0.941406 0.454082
76 0.512891 0.472789 0.955469 0.446712
19 0.511719 0.479875 0.957812 0.433673
16 0.272852 0.472789 0.465234 0.231293
26 0.504297 0.471372 0.941406 0.454082
3 0.504297 0.471372 0.941406 0.454082
24 0.504297 0.471372 0.941406 0.454082
41 0.505469 0.461735 0.967188 0.480159
33 0.505469 0.461735 0.967188 0.480159
17 0.505469 0.464286 0.967188 0.469388
80 0.500391 0.414683 0.983594 0.568594
15 0.505859 0.443311 0.966406 0.513605
41 0.515234 0.361111 0.960156 0.670068
108 0.507812 0.423186 0.9625 0.550454
21 0.505859 0.443311 0.966406 0.513605
56 0.507812 0.423186 0.9625 0.550454
41 0.513281 0.471655 0.973437 0.456916
17 0.507812 0.469671 0.979688 0.462018
33 0.509375 0.469955 0.975 0.456916
79 0.507812 0.469671 0.979688 0.462018
74 0.507812 0.469671 0.979688 0.462018
80 0.513281 0.471655 0.973437 0.456916
16 0.511719 0.471584 0.976562 0.452523
15 0.511719 0.471584 0.976562 0.452523
104 0.507812 0.469671 0.979688 0.462018
17 0.486719 0.564626 0.926562 0.270975
21 0.511719 0.474206 0.975 0.455215
108 0.513281 0.471655 0.973437 0.456916
19 0.507812 0.469671 0.979688 0.462018
41 0.507031 0.473073 0.971875 0.455215
33 0.50625 0.468892 0.965625 0.463577
17 0.505078 0.470026 0.974219 0.457908
80 0.507031 0.473073 0.971875 0.455215
17 0.502734 0.566893 0.966406 0.265306
41 0.505859 0.557965 0.964844 0.280896
15 0.507031 0.469459 0.964063 0.454507
33 0.515234 0.474773 0.969531 0.462018
41 0.507812 0.47534 0.964063 0.457483
17 0.507812 0.47534 0.964063 0.457483
15 0.516016 0.478175 0.967969 0.451814
21 0.507812 0.47534 0.964063 0.457483
41 0.509766 0.471655 0.971094 0.45805
33 0.515234 0.473639 0.969531 0.458617
17 0.509766 0.471655 0.971094 0.45805
15 0.509766 0.471655 0.971094 0.45805
100 0.509766 0.471655 0.971094 0.45805
76 0.510938 0.472506 0.970312 0.460884
68 0.509375 0.051729 0.976562 0.103458
67 0.509375 0.051729 0.976562 0.103458
101 0.509375 0.051729 0.976562 0.103458
73 0.510938 0.472506 0.970312 0.460884
97 0.510938 0.472506 0.970312 0.460884
33 0.510938 0.47286 0.978125 0.453373
97 0.502344 0.472151 0.973437 0.458192
41 0.501172 0.46549 0.972656 0.472647
17 0.501172 0.46549 0.972656 0.472647
33 0.314453 0.472506 0.575781 0.449546
54 0.502344 0.472151 0.973437 0.458192
80 0.510938 0.47286 0.978125 0.453373
41 0.514453 0.471726 0.971094 0.451105
33 0.50625 0.472151 0.953125 0.453656
17 0.507031 0.469459 0.964063 0.456774
15 0.514453 0.471726 0.971094 0.451105
97 0.510938 0.473073 0.960938 0.452948
41 0.632715 0.451885 0.66582 0.485119
56 0.509375 0.467758 0.9625 0.463577
41 0.510156 0.474206 0.967188 0.451814
33 0.508594 0.471655 0.960938 0.453515
17 0.507812 0.471655 0.970312 0.452381
15 0.508594 0.471655 0.960938 0.453515
80 0.510156 0.461947 0.970312 0.482001
21 0.507812 0.471655 0.970312 0.452381
28 0.507812 0.471655 0.970312 0.452381
13 0.509766 0.472789 0.966406 0.455782
41 0.507422 0.471372 0.950781 0.448413
33 0.505469 0.472789 0.957812 0.446712
17 0.507031 0.474206 0.957812 0.45068
15 0.503125 0.469671 0.954687 0.45068
17 0.499219 0.0636338 0.978125 0.127268
73 0.503125 0.469671 0.954687 0.45068
28 0.499219 0.0636338 0.978125 0.127268
15 0.499219 0.0636338 0.978125 0.127268
20 0.499219 0.0636338 0.978125 0.127268
18 0.499219 0.0636338 0.978125 0.127268
33 0.514453 0.470805 0.971094 0.452948
41 0.508984 0.471088 0.975781 0.456916
17 0.508984 0.471088 0.975781 0.456916
15 0.514453 0.469671 0.971094 0.449546
33 0.511328 0.472506 0.977344 0.447279
41 0.501172 0.467687 0.972656 0.461451
17 0.501172 0.467687 0.972656 0.461451
33 0.496094 0.470805 0.964063 0.457483
41 0.496875 0.472222 0.9625 0.459184
17 0.496875 0.465703 0.964063 0.463152
80 0.49375 0.453515 0.978125 0.484127
33 0.513281 0.473285 0.973437 0.458192
41 0.504687 0.47449 0.954687 0.454649
17 0.503906 0.468821 0.951563 0.461451
97 0.513281 0.473285 0.973437 0.458192
33 0.509766 0.470805 0.980469 0.446145
41 0.507031 0.471018 0.964063 0.449121
17 0.505469 0.468537 0.967188 0.45068
15 0.498828 0.469671 0.961719 0.447279
33 0.508984 0.472222 0.972656 0.451247
41 0.508984 0.472222 0.972656 0.451247
17 0.503906 0.472789 0.976562 0.447846
97 0.508984 0.472222 0.972656 0.451247
41 0.505078 0.470522 0.974219 0.456916
33 0.509375 0.47534 0.98125 0.448413
17 0.503516 0.473994 0.967969 0.454507
101 0.490625 0.00648384 0.960938 0.0129677
33 0.496875 0.469459 0.95625 0.452239
41 0.498828 0.465703 0.958594 0.457483
17 0.499219 0.467191 0.960938 0.455641
15 0.498828 0.465703 0.958594 0.457483
33 0.497656 0.469388 0.954687 0.453515
41 0.501953 0.466624 0.967969 0.456774
17 0.504687 0.466837 0.9625 0.454082
101 0.504297 0.0571854 0.988281 0.114371
77 0.504297 0.0571854 0.988281 0.114371
28 0.504297 0.0571854 0.988281 0.114371
27 0.504297 0.0571854 0.988281 0.114371
24 0.504297 0.0571854 0.988281 0.114371
18 0.504297 0.0571854 0.988281 0.114371
6 0.504297 0.0571854 0.988281 0.114371
15 0.503125 0.46712 0.967188 0.460317
20 0.504297 0.0571854 0.988281 0.114371
17 0.504297 0.0571854 0.988281 0.114371
67 0.504297 0.0571854 0.988281 0.114371
41 0.504297 0.461451 0.974219 0.465986
33 0.501562 0.468821 0.95 0.454649
17 0.503906 0.459255 0.973437 0.474915
101 0.495703 0.0192035 0.964844 0.038407
33 0.508594 0.470805 0.982813 0.448413
41 0.503125 0.468821 0.978125 0.453515
17 0.505078 0.470592 0.971094 0.448838
97 0.499219 0.471655 0.960938 0.444444
15 0.505078 0.470592 0.971094 0.448838
41 0.502734 0.473073 0.957031 0.448413
33 0.510938 0.475057 0.978125 0.447846
17 0.504687 0.473923 0.95625 0.446712
48 0.50625 0.0603741 0.96875 0.120748
33 0.496875 0.472789 0.946875 0.44898
41 0.508594 0.46712 0.9625 0.456916
17 0.504297 0.471584 0.971094 0.450255
15 0.496875 0.472789 0.946875 0.44898
33 0.498828 0.473923 0.953906 0.452381
41 0.503516 0.47449 0.969531 0.450113
17 0.503125 0.475057 0.96875 0.452381
97 0.498828 0.473923 0.953906 0.452381
41 0.500391 0.471655 0.952344 0.44898
33 0.50625 0.468537 0.946875 0.452948
17 0.501562 0.473923 0.95625 0.44898
97 0.501172 0.472506 0.957031 0.449546
75 0.500391 0.471655 0.952344 0.44898
41 0.507031 0.467971 0.954687 0.458617
33 0.509375 0.473427 0.98125 0.453373
17 0.504687 0.471159 0.9625 0.452239
33 0.510938 0.477324 0.978125 0.451247
41 0.502734 0.473639 0.960156 0.448413
17 0.499219 0.475907 0.954687 0.445011
97 0.500781 0.47534 0.954687 0.448413
80 0.499219 0.475907 0.954687 0.445011
33 0.508594 0.473356 0.973437 0.453515
41 0.502344 0.471655 0.957812 0.453515
17 0.502344 0.471655 0.957812 0.453515
33 0.512891 0.47619 0.974219 0.450113
41 0.496094 0.472789 0.945312 0.453515
101 0.492969 0.0513039 0.973437 0.102608
17 0.496094 0.472789 0.945312 0.453515
27 0.492969 0.0513039 0.973437 0.102608
97 0.501172 0.472293 0.946094 0.451105
33 0.504687 0.47449 0.9625 0.450113
41 0.503516 0.471939 0.961719 0.449546
17 0.503516 0.471939 0.961719 0.449546
101 0.494141 0.0352891 0.977344 0.0705782
33 0.504687 0.473923 0.964063 0.453515
41 0.5 0.472506 0.95625 0.449546
17 0.5 0.472506 0.95625 0.449546
101 0.489453 0.0725624 0.961719 0.145125
27 0.489453 0.0725624 0.961719 0.145125
33 0.502344 0.473285 0.954687 0.452523
41 0.504687 0.473923 0.959375 0.450113
17 0.50625 0.471655 0.959375 0.451247
97 0.504687 0.473923 0.959375 0.450113
80 0.507031 0.47449 0.960938 0.447846
33 0.508203 0.474773 0.967969 0.451814
41 0.510547 0.474206 0.969531 0.449546
17 0.510547 0.474206 0.969531 0.449546
97 0.501562 0.473923 0.946875 0.453515
33 0.510547 0.473356 0.971094 0.443311
41 0.501953 0.471655 0.946094 0.444444
97 0.500781 0.472222 0.945312 0.445578
17 0.504687 0.472789 0.953125 0.443311
33 0.502344 0.472222 0.948438 0.452381
41 0.508594 0.471655 0.9625 0.452381
17 0.508203 0.471939 0.964844 0.45068
97 0.501172 0.470805 0.947656 0.454082
33 0.5 0.473639 0.946875 0.445011
41 0.504687 0.475057 0.959375 0.442177
97 0.500391 0.473923 0.947656 0.446712
33 0.510547 0.475057 0.974219 0.444444
41 0.503906 0.475624 0.960938 0.441043
97 0.500391 0.472789 0.949219 0.444444
101 0.510156 0.0642007 0.973437 0.128401
17 0.503906 0.475624 0.960938 0.441043
77 0.510156 0.0642007 0.973437 0.128401
15 0.50625 0.47449 0.9625 0.443311
33 0.501562 0.473073 0.95 0.446145
101 0.502344 0.0676729 0.970312 0.135346
41 0.505469 0.47619 0.960938 0.439909
77 0.502344 0.0676729 0.970312 0.135346
102 0.502344 0.0676729 0.970312 0.135346
97 0.499219 0.471655 0.948438 0.445578
17 0.505469 0.47619 0.960938 0.439909
33 0.513281 0.472506 0.973437 0.44161
41 0.503906 0.471088 0.964063 0.443311
97 0.500781 0.46875 0.948438 0.447988
33 0.50625 0.472789 0.95625 0.445578
41 0.507031 0.474773 0.967188 0.442744
97 0.500781 0.471939 0.951563 0.448413
33 0.510547 0.473923 0.972656 0.443311
41 0.509375 0.475907 0.970312 0.442744
97 0.509375 0.475907 0.970312 0.442744
33 0.508203 0.47449 0.971094 0.443311
41 0.508594 0.475057 0.964063 0.443311
17 0.508594 0.475057 0.964063 0.443311
97 0.503125 0.472222 0.954687 0.445578
33 0.508594 0.472789 0.976562 0.444444
41 0.503125 0.473923 0.960938 0.446712
97 0.505469 0.472789 0.964063 0.446712
17 0.503125 0.473923 0.960938 0.446712
33 0.511719 0.471655 0.976562 0.445578
41 0.503125 0.471655 0.957812 0.446712
17 0.503125 0.471655 0.957812 0.446712
97 0.502734 0.470805 0.957031 0.449546
80 0.506641 0.471655 0.964844 0.44898
33 0.5125 0.472222 0.975 0.447846
41 0.503906 0.472506 0.957812 0.446145
97 0.503906 0.472506 0.957812 0.446145
80 0.507031 0.471372 0.964063 0.45068
33 0.50625 0.471088 0.965625 0.451247
41 0.505859 0.471655 0.963281 0.446712
17 0.505859 0.471655 0.963281 0.446712
97 0.505859 0.471655 0.963281 0.446712
80 0.507812 0.471939 0.967188 0.451814
33 0.507812 0.473073 0.965625 0.451814
41 0.508594 0.473073 0.965625 0.447279
97 0.508594 0.473073 0.965625 0.447279
80 0.509375 0.473639 0.970312 0.449546
17 0.508594 0.473073 0.965625 0.447279
33 0.509375 0.473356 0.965625 0.451247
41 0.508594 0.473073 0.960938 0.447279
97 0.508594 0.473073 0.960938 0.447279
17 0.508594 0.473073 0.960938 0.447279
80 0.508984 0.473356 0.964844 0.450113
33 0.507031 0.472789 0.960938 0.44898
41 0.507812 0.472506 0.959375 0.447279
97 0.507812 0.472506 0.959375 0.447279
80 0.508203 0.473356 0.963281 0.447846
17 0.507812 0.472506 0.959375 0.447279
33 0.506641 0.472151 0.961719 0.451389
41 0.507031 0.472506 0.957812 0.449546
97 0.507031 0.472506 0.957812 0.449546
80 0.507812 0.472789 0.9625 0.450113
33 0.5125 0.473356 0.975 0.450113
41 0.505859 0.472506 0.960156 0.451814
97 0.507031 0.471088 0.9625 0.453515
80 0.507031 0.471088 0.9625 0.453515
17 0.505859 0.472506 0.960156 0.451814
101 0.479297 0.0956633 0.952344 0.191327
33 0.512109 0.473073 0.975781 0.45068
41 0.50625 0.472789 0.965625 0.450113
80 0.508203 0.472293 0.966406 0.451105
17 0.50625 0.472789 0.965625 0.450113
97 0.508203 0.472293 0.966406 0.451105
33 0.504687 0.471372 0.959375 0.452948
41 0.50625 0.471726 0.967188 0.451105
97 0.508594 0.471088 0.96875 0.451247
80 0.508594 0.471088 0.96875 0.451247
17 0.50625 0.471726 0.967188 0.451105
33 0.513281 0.472506 0.973437 0.449546
41 0.50625 0.471655 0.964063 0.451247
97 0.509375 0.470451 0.967188 0.451389
80 0.509375 0.470451 0.967188 0.451389
17 0.50625 0.471655 0.964063 0.451247
33 0.512891 0.472506 0.974219 0.449546
41 0.507031 0.472293 0.965625 0.452239
17 0.507031 0.472293 0.965625 0.452239
97 0.510156 0.469955 0.967188 0.452381
80 0.510156 0.469955 0.967188 0.452381
33 0.50625 0.471939 0.959375 0.45068
41 0.507031 0.473073 0.964063 0.449546
17 0.507031 0.473073 0.964063 0.449546
97 0.509766 0.471088 0.966406 0.450113
80 0.509766 0.471088 0.966406 0.450113
33 0.29668 0.477041 0.543359 0.449546
33 0.50625 0.473356 0.959375 0.44898
41 0.505469 0.473073 0.964063 0.449546
17 0.505469 0.473073 0.964063 0.449546
97 0.508594 0.472789 0.964063 0.446712
33 0.282422 0.477041 0.514844 0.449546
80 0.508594 0.472789 0.964063 0.446712
33 0.505469 0.473356 0.957812 0.44898
41 0.504687 0.473639 0.965625 0.448413
17 0.504687 0.473639 0.965625 0.448413
97 0.508594 0.473356 0.964063 0.445578
80 0.508594 0.473356 0.964063 0.445578
33 0.282617 0.47619 0.516016 0.450113
101 0.481641 0.0904904 0.950781 0.180981
33 0.50625 0.473639 0.959375 0.449546
41 0.503906 0.474206 0.964063 0.448413
17 0.50625 0.472506 0.9625 0.448413
101 0.48125 0.0926871 0.95 0.185374
97 0.508203 0.473639 0.963281 0.446145
80 0.508203 0.473639 0.963281 0.446145
33 0.281641 0.47619 0.516406 0.451247
33 0.504687 0.474773 0.95625 0.449546
41 0.503125 0.474206 0.9625 0.448413
17 0.505469 0.472789 0.960938 0.44898
101 0.483203 0.0936083 0.952344 0.187217
97 0.507422 0.474206 0.960156 0.446145
33 0.309961 0.473073 0.569141 0.448413
80 0.507422 0.474206 0.960156 0.446145
33 0.503516 0.474773 0.953906 0.449546
41 0.503516 0.47449 0.961719 0.447846
17 0.505469 0.472789 0.960938 0.44898
101 0.484375 0.0938209 0.954687 0.187642
33 0.316016 0.473073 0.579687 0.448413
97 0.506641 0.47449 0.958594 0.445578
33 0.503125 0.47449 0.953125 0.44898
41 0.503125 0.47449 0.959375 0.446712
17 0.505078 0.473356 0.958594 0.447846
101 0.482031 0.0927579 0.953125 0.185516
33 0.341797 0.472789 0.629687 0.44898
97 0.50625 0.47449 0.957812 0.444444
33 0.503125 0.47449 0.953125 0.447846
41 0.505469 0.473639 0.957812 0.447279
17 0.505469 0.473639 0.957812 0.447279
101 0.481641 0.0927579 0.952344 0.185516
33 0.353125 0.472789 0.652344 0.44898
97 0.50625 0.473923 0.957812 0.445578
33 0.503125 0.47449 0.951563 0.447846
41 0.504687 0.473923 0.957812 0.446712
17 0.504687 0.473923 0.957812 0.446712
101 0.483203 0.0936791 0.955469 0.187358
97 0.505859 0.473923 0.957031 0.445578
33 0.348437 0.473356 0.642187 0.447846
33 0.502344 0.474206 0.953125 0.448413
41 0.504687 0.473073 0.959375 0.448413
101 0.482812 0.0938917 0.954687 0.187783
17 0.504687 0.473073 0.959375 0.448413
97 0.505469 0.473356 0.95625 0.446712
33 0.323633 0.473923 0.593359 0.447846
33 0.502344 0.473923 0.951563 0.44898
41 0.504687 0.472789 0.959375 0.447846
97 0.505078 0.473356 0.957031 0.446712
101 0.482812 0.0923328 0.954687 0.184666
17 0.504687 0.472789 0.959375 0.447846
33 0.323047 0.474206 0.592188 0.446145
33 0.501562 0.473923 0.953125 0.44898
41 0.504297 0.472506 0.958594 0.448413
97 0.504687 0.473356 0.95625 0.446712
17 0.504297 0.472506 0.958594 0.448413
33 0.323828 0.473923 0.594531 0.446712
101 0.483594 0.0921202 0.95625 0.18424
33 0.501562 0.474206 0.953125 0.448413
41 0.504687 0.472506 0.959375 0.448413
97 0.504687 0.473356 0.95625 0.446712
17 0.504687 0.472506 0.959375 0.448413
33 0.333203 0.473923 0.6125 0.446712
101 0.484375 0.0922619 0.95625 0.184524
80 0.885938 0.284014 0.228125 0.568027
33 0.222852 0.476757 0.391797 0.453515
33 0.501562 0.473923 0.953125 0.447846
41 0.504687 0.472506 0.959375 0.448413
17 0.504687 0.472506 0.959375 0.448413
97 0.504687 0.473356 0.957812 0.446712
33 0.331055 0.473356 0.608984 0.446712
101 0.485156 0.0931122 0.957812 0.186224
80 0.884375 0.287415 0.23125 0.57483
33 0.223242 0.477324 0.392578 0.452381
33 0.501562 0.473923 0.953125 0.447846
41 0.502734 0.47449 0.960156 0.445578
97 0.505469 0.473356 0.957812 0.446712
33 0.338672 0.473356 0.623438 0.446712
101 0.485156 0.0936791 0.957812 0.187358
17 0.504687 0.472222 0.959375 0.447846
80 0.881641 0.288549 0.236719 0.577098
33 0.22583 0.477324 0.397559 0.451247
33 0.501172 0.473923 0.952344 0.44898
41 0.503125 0.474206 0.959375 0.446145
101 0.485938 0.0939626 0.95625 0.187925
33 0.351172 0.473639 0.649219 0.447279
97 0.505469 0.473356 0.957812 0.446712
17 0.503125 0.474206 0.959375 0.446145
80 0.880273 0.288549 0.239453 0.577098
33 0.228516 0.477324 0.402344 0.451247
33 0.500781 0.473356 0.951563 0.44898
41 0.503125 0.473923 0.959375 0.446712
101 0.485938 0.0936083 0.95625 0.187217
97 0.505469 0.472789 0.957812 0.446712
17 0.503125 0.473923 0.959375 0.446712
80 0.876953 0.291383 0.246094 0.582766
33 0.289844 0.475624 0.526563 0.44898
33 0.500781 0.473073 0.951563 0.448413
101 0.486719 0.0928997 0.957812 0.185799
97 0.50625 0.472789 0.959375 0.446712
41 0.503906 0.473639 0.960938 0.447279
17 0.503516 0.472222 0.961719 0.450113
80 0.863281 0.294501 0.273438 0.589002
33 0.294336 0.475624 0.534766 0.44898
33 0.500781 0.473073 0.951563 0.448413
101 0.486719 0.0919076 0.959375 0.183815
17 0.503906 0.472222 0.9625 0.44898
97 0.50625 0.472506 0.959375 0.447279
80 0.851172 0.297052 0.297656 0.594104
33 0.299219 0.475624 0.54375 0.447846
41 0.505469 0.474206 0.959375 0.446145
33 0.500781 0.473073 0.951563 0.448413
17 0.504687 0.472222 0.9625 0.44898
101 0.486328 0.0915533 0.958594 0.183107
97 0.506641 0.472506 0.960156 0.447279
80 0.843164 0.298753 0.313672 0.597506
41 0.504687 0.472222 0.9625 0.44898
33 0.303516 0.475057 0.553125 0.447846
33 0.500781 0.472789 0.951563 0.447846
17 0.504687 0.472222 0.9625 0.44898
80 0.826563 0.300454 0.346875 0.600907
101 0.486719 0.0904904 0.959375 0.180981
97 0.507031 0.472222 0.960938 0.446712
41 0.504687 0.472222 0.9625 0.44898
33 0.309766 0.475057 0.565625 0.447846
33 0.512109 0.473356 0.975781 0.444444
17 0.504687 0.472222 0.9625 0.44898
80 0.804688 0.302154 0.390625 0.604308
41 0.504687 0.472222 0.9625 0.44898
97 0.507031 0.472506 0.960938 0.446145
101 0.486328 0.0893566 0.958594 0.178713
33 0.317383 0.475057 0.580859 0.447846
33 0.512109 0.473356 0.975781 0.444444
17 0.505078 0.472506 0.961719 0.448413
80 0.789062 0.302154 0.421875 0.604308
41 0.505078 0.472506 0.961719 0.448413
101 0.486719 0.0892149 0.959375 0.17843
97 0.507031 0.472789 0.960938 0.445578
33 0.325391 0.47534 0.596875 0.448413
33 0.512109 0.473639 0.975781 0.445011
17 0.505078 0.472222 0.961719 0.447846
80 0.782812 0.302154 0.434375 0.604308
41 0.507031 0.472789 0.960938 0.445578
101 0.487109 0.0895692 0.960156 0.179138
97 0.507031 0.472789 0.960938 0.445578
33 0.512109 0.473356 0.975781 0.444444
17 0.505469 0.472222 0.960938 0.447846
80 0.785937 0.302438 0.428125 0.604875
41 0.507031 0.472789 0.960938 0.445578
101 0.487109 0.0894983 0.960156 0.178997
97 0.507031 0.472789 0.960938 0.445578
33 0.512109 0.473923 0.975781 0.444444
17 0.505859 0.472506 0.961719 0.448413
80 0.794141 0.302721 0.411719 0.605442
41 0.507031 0.472789 0.960938 0.445578
101 0.487109 0.0887897 0.960156 0.177579
97 0.507031 0.472789 0.960938 0.445578
33 0.511719 0.473639 0.975 0.445011
17 0.50625 0.472506 0.960938 0.448413
80 0.797461 0.302721 0.405078 0.605442
41 0.507422 0.472789 0.961719 0.445578
101 0.487109 0.0887188 0.960156 0.177438
97 0.507422 0.472789 0.961719 0.445578
33 0.510938 0.473923 0.975 0.444444
17 0.50625 0.472222 0.9625 0.44898
80 0.800391 0.302721 0.399219 0.605442
41 0.507812 0.472789 0.9625 0.445578
101 0.487109 0.0881519 0.960156 0.176304
97 0.507812 0.472789 0.9625 0.445578
33 0.510938 0.473923 0.975 0.444444
17 0.506641 0.472222 0.961719 0.44898
80 0.795508 0.303288 0.408984 0.606576
101 0.4875 0.0882936 0.959375 0.176587
41 0.507812 0.472789 0.9625 0.445578
97 0.507812 0.472789 0.9625 0.445578
33 0.510938 0.473923 0.975 0.444444
17 0.506641 0.472222 0.961719 0.44898
80 0.798828 0.303288 0.402344 0.606576
101 0.4875 0.0883645 0.959375 0.176729
41 0.507812 0.472789 0.9625 0.445578
97 0.507812 0.472789 0.9625 0.445578
33 0.510938 0.473923 0.975 0.444444
17 0.506641 0.472506 0.961719 0.448413
80 0.801953 0.303288 0.396094 0.606576
101 0.4875 0.0883645 0.959375 0.176729
41 0.506641 0.472506 0.961719 0.448413
97 0.507812 0.472789 0.964063 0.445578
33 0.510938 0.473639 0.975 0.443878
17 0.507031 0.472222 0.9625 0.44898
80 0.802148 0.302721 0.395703 0.605442
101 0.4875 0.0883645 0.959375 0.176729
41 0.507031 0.472222 0.9625 0.44898
97 0.508203 0.472789 0.964844 0.445578
33 0.510547 0.473923 0.974219 0.443311
17 0.507031 0.472222 0.9625 0.44898
80 0.805078 0.30102 0.389844 0.602041
41 0.507031 0.472222 0.9625 0.44898
97 0.508203 0.472789 0.964844 0.445578
101 0.487891 0.0882936 0.958594 0.176587
33 0.510547 0.473923 0.974219 0.443311
17 0.507031 0.472506 0.9625 0.448413
80 0.801953 0.300737 0.396094 0.601474
41 0.507031 0.472506 0.9625 0.448413
97 0.508203 0.472789 0.964844 0.445578
101 0.487891 0.0881519 0.958594 0.176304
33 0.510547 0.473923 0.974219 0.443311
17 0.506641 0.472222 0.963281 0.447846
80 0.804883 0.29932 0.390234 0.598639
41 0.506641 0.472222 0.963281 0.447846
97 0.507812 0.472789 0.965625 0.445578
101 0.487891 0.0875142 0.958594 0.175028
80 0.892187 0.0600907 0.215625 0.120181
33 0.510156 0.473923 0.973437 0.443311
17 0.506641 0.472222 0.963281 0.447846
80 0.80918 0.297619 0.381641 0.595238
41 0.506641 0.472222 0.963281 0.447846
97 0.507812 0.472789 0.965625 0.445578
101 0.487891 0.0874433 0.958594 0.174887
80 0.894141 0.0596655 0.211719 0.119331
33 0.510156 0.473639 0.973437 0.442744
17 0.506641 0.472222 0.963281 0.447846
80 0.810938 0.297052 0.378125 0.594104
41 0.506641 0.472222 0.963281 0.447846
97 0.507812 0.473073 0.965625 0.445011
101 0.487891 0.0871599 0.958594 0.17432
80 0.894531 0.0590986 0.210938 0.118197
33 0.510156 0.473639 0.973437 0.442744
80 0.814062 0.296485 0.371875 0.592971
17 0.507031 0.472222 0.964063 0.447846
41 0.507031 0.472222 0.964063 0.447846
97 0.507812 0.473073 0.965625 0.445011
101 0.487891 0.0872307 0.958594 0.174461
80 0.895312 0.0595238 0.209375 0.119048
33 0.510156 0.473639 0.973437 0.442744
80 0.819727 0.295918 0.360547 0.591837
17 0.507812 0.472789 0.965625 0.444444
41 0.507031 0.472506 0.964063 0.447279
97 0.507812 0.472789 0.965625 0.444444
101 0.487891 0.0873016 0.958594 0.174603
80 0.896094 0.0595947 0.207813 0.119189
33 0.510156 0.473923 0.973437 0.442177
80 0.822266 0.295351 0.355469 0.590703
17 0.507812 0.473073 0.965625 0.445011
41 0.507031 0.472222 0.964063 0.447846
97 0.507812 0.473073 0.965625 0.445011
101 0.488281 0.0872307 0.959375 0.174461
80 0.896875 0.0594529 0.20625 0.118906
33 0.510156 0.473923 0.973437 0.442177
80 0.824414 0.294218 0.351172 0.588435
17 0.507812 0.472789 0.965625 0.444444
41 0.50625 0.474206 0.9625 0.442744
97 0.507812 0.472789 0.965625 0.444444
80 0.897656 0.0592404 0.204688 0.118481
101 0.487891 0.0868764 0.958594 0.173753
33 0.510156 0.473923 0.973437 0.442177
80 0.826172 0.293367 0.347656 0.586735
17 0.507812 0.472789 0.965625 0.444444
41 0.50625 0.474206 0.9625 0.442744
80 0.898438 0.0596655 0.203125 0.119331
97 0.507812 0.472789 0.965625 0.444444
101 0.487891 0.0867347 0.958594 0.173469
33 0.510156 0.473923 0.973437 0.442177
80 0.829687 0.292234 0.340625 0.584467
17 0.507812 0.472789 0.965625 0.444444
41 0.507812 0.472789 0.965625 0.444444
80 0.899609 0.0595238 0.200781 0.119048
97 0.507812 0.472789 0.965625 0.444444
101 0.497656 0.0834751 0.973437 0.16695
33 0.510156 0.473923 0.973437 0.442177
80 0.832227 0.291383 0.335547 0.582766
17 0.507812 0.472789 0.965625 0.444444
41 0.507812 0.472789 0.965625 0.444444
80 0.900781 0.0592404 0.198437 0.118481
97 0.507812 0.472789 0.965625 0.444444
101 0.497656 0.0836168 0.973437 0.167234
33 0.510156 0.473639 0.973437 0.44161
80 0.832812 0.2911 0.334375 0.5822
17 0.507812 0.472789 0.965625 0.444444
41 0.507812 0.472789 0.965625 0.444444
80 0.901563 0.0589569 0.196875 0.117914
97 0.507812 0.472789 0.965625 0.444444
101 0.497656 0.0833333 0.973437 0.166667
33 0.510156 0.473639 0.973437 0.44161
80 0.834375 0.290533 0.33125 0.581066
17 0.507812 0.472789 0.965625 0.444444
41 0.507812 0.472789 0.965625 0.444444
80 0.901563 0.0586735 0.196875 0.117347
97 0.507812 0.472789 0.965625 0.444444
101 0.497656 0.0827664 0.973437 0.165533
33 0.510156 0.473639 0.973437 0.44161
80 0.835156 0.289399 0.329688 0.578798
17 0.507812 0.472789 0.965625 0.444444
41 0.507812 0.472789 0.965625 0.444444
80 0.901563 0.0589569 0.196875 0.117914
97 0.507812 0.472789 0.965625 0.444444
33 0.510156 0.473639 0.975 0.44161
80 0.8375 0.288265 0.325 0.576531
17 0.507812 0.472789 0.965625 0.444444
41 0.507812 0.472789 0.965625 0.444444
80 0.901563 0.0592404 0.196875 0.118481
97 0.507812 0.472789 0.965625 0.444444
33 0.510156 0.473639 0.975 0.44161
80 0.837891 0.287982 0.324219 0.575964
17 0.507812 0.472789 0.965625 0.444444
41 0.507812 0.472789 0.965625 0.444444
80 0.901563 0.0595238 0.196875 0.119048
97 0.507812 0.472789 0.965625 0.444444
33 0.510156 0.473639 0.975 0.44161
80 0.84082 0.285998 0.318359 0.571995
17 0.507812 0.473073 0.965625 0.443878
41 0.507812 0.473073 0.965625 0.443878
80 0.901953 0.0595238 0.196094 0.119048
97 0.507812 0.473073 0.965625 0.443878
33 0.510156 0.473639 0.975 0.44161
17 0.507812 0.473073 0.965625 0.443878
80 0.84375 0.28373 0.3125 0.56746
41 0.507812 0.473073 0.965625 0.443878
80 0.902344 0.0593821 0.195312 0.118764
97 0.507812 0.473073 0.965625 0.443878
33 0.510156 0.473639 0.973437 0.44161
17 0.507812 0.473073 0.965625 0.443878
80 0.84707 0.281746 0.305859 0.563492
41 0.507812 0.473073 0.965625 0.443878
80 0.903125 0.0592404 0.19375 0.118481
97 0.507812 0.473073 0.965625 0.443878
33 0.509766 0.473639 0.974219 0.44161
17 0.507812 0.473073 0.965625 0.443878
80 0.850781 0.279478 0.298438 0.558957
41 0.507812 0.473073 0.965625 0.443878
80 0.903906 0.0590986 0.192188 0.118197
97 0.507812 0.473073 0.965625 0.443878
33 0.510156 0.473639 0.973437 0.44161
80 0.851367 0.278628 0.297266 0.557256
17 0.507812 0.472789 0.965625 0.444444
41 0.507812 0.472789 0.965625 0.444444
80 0.903906 0.0593821 0.192188 0.118764
97 0.507812 0.472789 0.965625 0.444444
33 0.509766 0.473639 0.974219 0.44161
80 0.854883 0.27551 0.290234 0.55102
17 0.507812 0.473073 0.965625 0.443878
41 0.507812 0.473073 0.965625 0.443878
80 0.904688 0.0590986 0.190625 0.118197
97 0.507812 0.473073 0.965625 0.443878
33 0.510156 0.473639 0.973437 0.44161
80 0.859375 0.270975 0.28125 0.54195
17 0.507812 0.472789 0.965625 0.444444
41 0.507812 0.472789 0.965625 0.444444
80 0.905469 0.0588152 0.189063 0.11763
97 0.507812 0.472789 0.965625 0.444444
33 0.510156 0.473356 0.973437 0.442177
80 0.862305 0.268424 0.275391 0.536848
17 0.507812 0.472789 0.965625 0.444444
41 0.507812 0.472789 0.965625 0.444444
80 0.90625 0.05839 0.1875 0.11678
97 0.507812 0.472789 0.965625 0.444444
33 0.509766 0.473356 0.974219 0.441043
80 0.866016 0.26559 0.267969 0.531179
17 0.507812 0.472789 0.965625 0.444444
41 0.507812 0.472789 0.965625 0.444444
80 0.907031 0.0578231 0.185937 0.115646
97 0.507812 0.472789 0.965625 0.444444
33 0.509766 0.473356 0.974219 0.441043
80 0.868555 0.263889 0.262891 0.527778
17 0.507812 0.472789 0.965625 0.444444
41 0.507812 0.472789 0.965625 0.444444
80 0.907812 0.0575397 0.184375 0.115079
97 0.507812 0.472789 0.965625 0.444444
33 0.509766 0.473356 0.974219 0.441043
80 0.870703 0.26148 0.258594 0.522959
17 0.507812 0.472789 0.965625 0.444444
41 0.507812 0.472789 0.965625 0.444444
80 0.908203 0.057398 0.183594 0.114796
97 0.507812 0.472789 0.965625 0.444444
33 0.508984 0.473356 0.972656 0.441043
80 0.87168 0.256094 0.256641 0.512188
17 0.507812 0.472789 0.965625 0.444444
41 0.507812 0.472789 0.965625 0.444444
80 0.908594 0.0572562 0.182812 0.114512
97 0.507812 0.472789 0.965625 0.444444
33 0.508984 0.473356 0.972656 0.441043
17 0.507812 0.472789 0.965625 0.444444
80 0.872266 0.251417 0.255469 0.502834
41 0.507812 0.472789 0.965625 0.444444
80 0.908594 0.0571145 0.182812 0.114229
97 0.507812 0.472789 0.965625 0.444444
33 0.508984 0.473356 0.972656 0.441043
17 0.507812 0.473073 0.965625 0.443878
80 0.873242 0.24674 0.253516 0.493481
41 0.507812 0.473073 0.965625 0.443878
80 0.908594 0.0572562 0.182812 0.114512
97 0.507812 0.473073 0.965625 0.443878
33 0.508594 0.473356 0.971875 0.441043
80 0.873828 0.244473 0.252344 0.488946
17 0.507812 0.473073 0.965625 0.443878
41 0.507812 0.473073 0.965625 0.443878
80 0.908984 0.0572562 0.182031 0.114512
97 0.507812 0.473073 0.965625 0.443878
33 0.508594 0.473356 0.971875 0.441043
80 0.875391 0.242063 0.249219 0.484127
17 0.507031 0.473073 0.965625 0.443878
41 0.507031 0.473073 0.965625 0.443878
80 0.909375 0.0572562 0.18125 0.114512
97 0.507031 0.473073 0.965625 0.443878
33 0.508203 0.473356 0.971094 0.441043
80 0.877539 0.238095 0.244922 0.47619
17 0.507031 0.473073 0.965625 0.443878
41 0.507031 0.473073 0.965625 0.443878
80 0.909375 0.0570436 0.18125 0.114087
97 0.507031 0.473073 0.965625 0.443878
33 0.508203 0.473356 0.971094 0.441043
80 0.878906 0.236678 0.242188 0.473356
17 0.507031 0.473073 0.965625 0.443878
80 0.909375 0.0571145 0.18125 0.114229
41 0.507031 0.473073 0.965625 0.443878
97 0.507031 0.473073 0.965625 0.443878
80 0.917578 0.170351 0.164844 0.340703
33 0.508203 0.473356 0.971094 0.441043
80 0.880469 0.229734 0.239063 0.459467
17 0.507031 0.473073 0.965625 0.443878
80 0.910156 0.0571145 0.179688 0.114229
41 0.507031 0.473073 0.965625 0.443878
97 0.507031 0.473073 0.965625 0.443878
80 0.917578 0.165533 0.164844 0.331066
33 0.507812 0.473356 0.970312 0.441043
80 0.88125 0.226616 0.2375 0.453231
17 0.507031 0.473073 0.964063 0.443878
80 0.909766 0.0569728 0.180469 0.113946
41 0.507031 0.473073 0.964063 0.443878
97 0.507031 0.473073 0.964063 0.443878
80 0.917969 0.163832 0.164062 0.327664
33 0.507422 0.473356 0.969531 0.441043
80 0.882031 0.225198 0.235938 0.450397
17 0.507031 0.473073 0.964063 0.443878
80 0.910156 0.0566893 0.179688 0.113379
41 0.507031 0.473073 0.964063 0.443878
97 0.507031 0.473073 0.964063 0.443878
80 0.917969 0.163124 0.164062 0.326247
33 0.507422 0.473923 0.969531 0.441043
17 0.507031 0.473073 0.964063 0.443878
80 0.882422 0.22208 0.235156 0.444161
80 0.910547 0.0565476 0.178906 0.113095
41 0.507031 0.473073 0.964063 0.443878
97 0.507031 0.473073 0.964063 0.443878
80 0.917969 0.161706 0.164062 0.323413
33 0.506641 0.473356 0.967969 0.441043
17 0.507031 0.473073 0.964063 0.443878
80 0.883203 0.212868 0.233594 0.425737
80 0.910937 0.0565476 0.178125 0.113095
41 0.507031 0.473073 0.964063 0.443878
97 0.507031 0.473073 0.964063 0.443878
80 0.91875 0.156746 0.1625 0.313492
33 0.506641 0.473923 0.967969 0.441043
17 0.507031 0.473356 0.964063 0.443311
80 0.883008 0.210034 0.233984 0.420068
80 0.910937 0.0564059 0.178125 0.112812
41 0.507031 0.473356 0.964063 0.443311
97 0.507031 0.473356 0.964063 0.443311
80 0.91875 0.155329 0.1625 0.310658
33 0.506641 0.473923 0.967969 0.441043
17 0.507031 0.473073 0.964063 0.443878
80 0.883398 0.205782 0.233203 0.411565
80 0.910937 0.0562642 0.178125 0.112528
41 0.507031 0.473073 0.964063 0.443878
97 0.507031 0.473073 0.964063 0.443878
80 0.91875 0.153203 0.1625 0.306406
33 0.50625 0.473923 0.967188 0.441043
17 0.507031 0.473356 0.964063 0.443311
80 0.883594 0.202098 0.232812 0.404195
80 0.910937 0.056335 0.178125 0.11267
41 0.507031 0.473356 0.964063 0.443311
97 0.507031 0.473356 0.964063 0.443311
80 0.91875 0.151361 0.1625 0.302721
33 0.505469 0.473356 0.967188 0.441043
17 0.507031 0.473073 0.964063 0.443878
80 0.88418 0.196712 0.231641 0.393424
80 0.911328 0.0561224 0.177344 0.112245
41 0.507031 0.473073 0.964063 0.443878
97 0.507031 0.473073 0.964063 0.443878
80 0.918359 0.149093 0.163281 0.298186
33 0.505469 0.473923 0.967188 0.441043
17 0.507031 0.473073 0.964063 0.443878
80 0.885156 0.19161 0.229687 0.38322
80 0.911719 0.0559099 0.176563 0.11182
41 0.507031 0.473073 0.964063 0.443878
97 0.507031 0.473073 0.964063 0.443878
80 0.918359 0.147251 0.163281 0.294501
33 0.505469 0.473923 0.967188 0.441043
17 0.50625 0.473073 0.964063 0.443878
80 0.886328 0.184524 0.227344 0.369048
80 0.911719 0.055839 0.176563 0.111678
41 0.50625 0.473073 0.964063 0.443878
97 0.50625 0.473073 0.964063 0.443878
80 0.91875 0.1447 0.1625 0.289399
33 0.504687 0.473923 0.965625 0.441043
17 0.50625 0.473356 0.964063 0.443311
80 0.886914 0.178997 0.226172 0.357993
80 0.9125 0.0555556 0.175 0.111111
41 0.50625 0.473356 0.964063 0.443311
97 0.50625 0.473356 0.964063 0.443311
80 0.91875 0.142857 0.1625 0.285714
33 0.504687 0.473923 0.965625 0.441043
17 0.50625 0.473073 0.9625 0.443878
80 0.888281 0.176871 0.223438 0.353741
80 0.9125 0.0555556 0.175 0.111111
41 0.50625 0.473073 0.9625 0.443878
97 0.50625 0.473073 0.9625 0.443878
80 0.91875 0.142149 0.1625 0.284297
33 0.504687 0.473923 0.965625 0.441043
17 0.50625 0.473073 0.9625 0.443878
80 0.888281 0.173328 0.223438 0.346655
80 0.9125 0.055343 0.175 0.110686
41 0.50625 0.473073 0.9625 0.443878
97 0.50625 0.473073 0.9625 0.443878
80 0.919531 0.141298 0.160938 0.282596
33 0.502344 0.473356 0.959375 0.445578
17 0.50625 0.473356 0.9625 0.443311
80 0.889844 0.1678 0.220313 0.335601
80 0.9125 0.0549887 0.175 0.109977
41 0.50625 0.473356 0.9625 0.443311
97 0.50625 0.473356 0.9625 0.443311
80 0.919531 0.139314 0.160938 0.278628
33 0.502344 0.473639 0.959375 0.445011
17 0.50625 0.473356 0.9625 0.443311
80 0.890625 0.162132 0.21875 0.324263
80 0.9125 0.0552012 0.175 0.110402
41 0.50625 0.473356 0.9625 0.443311
97 0.501562 0.472789 0.95625 0.443311
80 0.919531 0.137472 0.160938 0.274943
33 0.501953 0.473639 0.958594 0.445011
17 0.50625 0.473356 0.9625 0.443311
80 0.892187 0.158872 0.215625 0.317744
80 0.9125 0.0549887 0.175 0.109977
41 0.50625 0.473356 0.9625 0.443311
97 0.501562 0.473073 0.95625 0.443878
80 0.919531 0.13648 0.160938 0.272959
33 0.501953 0.473356 0.958594 0.445578
17 0.50625 0.473356 0.9625 0.443311
80 0.892187 0.157738 0.215625 0.315476
41 0.50625 0.473356 0.9625 0.443311
80 0.912109 0.0549887 0.175781 0.109977
97 0.501562 0.472789 0.95625 0.443311
80 0.919922 0.136196 0.160156 0.272392
33 0.501953 0.473356 0.958594 0.445578
17 0.50625 0.473356 0.9625 0.443311
80 0.892578 0.155045 0.214844 0.310091
41 0.50625 0.473356 0.9625 0.443311
80 0.912109 0.0549887 0.175781 0.109977
97 0.501562 0.472789 0.95625 0.443311
80 0.919922 0.135204 0.160156 0.270408
33 0.501562 0.473639 0.959375 0.445011
17 0.505859 0.473356 0.963281 0.443311
80 0.892969 0.153628 0.214062 0.307256
41 0.505859 0.473356 0.963281 0.443311
80 0.9125 0.0547052 0.175 0.10941
97 0.501562 0.472789 0.95625 0.443311
80 0.920313 0.135062 0.159375 0.270125
33 0.501562 0.473639 0.957812 0.445011
17 0.50625 0.473356 0.9625 0.443311
80 0.892969 0.152778 0.214062 0.305556
41 0.50625 0.473356 0.9625 0.443311
80 0.9125 0.0545635 0.175 0.109127
97 0.501562 0.472789 0.95625 0.443311
80 0.920313 0.135062 0.159375 0.270125
33 0.500781 0.473356 0.957812 0.445578
17 0.505859 0.473356 0.963281 0.443311
80 0.89375 0.150085 0.2125 0.30017
41 0.505859 0.473356 0.963281 0.443311
80 0.9125 0.0544926 0.175 0.108985
97 0.501562 0.473356 0.954687 0.443311
80 0.920313 0.134354 0.159375 0.268707
33 0.500781 0.473639 0.957812 0.445011
17 0.50625 0.473356 0.9625 0.443311
80 0.89375 0.147251 0.2125 0.294501
41 0.50625 0.473356 0.9625 0.443311
80 0.9125 0.05428 0.175 0.10856
97 0.500781 0.473356 0.954687 0.443311
80 0.920313 0.13322 0.159375 0.26644
33 0.500781 0.473639 0.957812 0.445011
17 0.505859 0.473356 0.963281 0.443311
41 0.505859 0.473356 0.963281 0.443311
80 0.894531 0.145125 0.210938 0.290249
80 0.9125 0.0539966 0.175 0.107993
97 0.501562 0.473073 0.954687 0.443878
33 0.500781 0.473639 0.957812 0.445011
17 0.50625 0.473356 0.9625 0.443311
41 0.50625 0.473356 0.9625 0.443311
80 0.894141 0.143141 0.211719 0.286281
80 0.9125 0.0539257 0.175 0.107851
97 0.501562 0.473073 0.95625 0.443878
33 0.500781 0.473639 0.957812 0.445011
17 0.50625 0.473356 0.9625 0.443311
41 0.50625 0.473356 0.9625 0.443311
80 0.894141 0.142149 0.211719 0.284297
80 0.9125 0.0537132 0.175 0.107426
97 0.501562 0.473073 0.95625 0.443878
33 0.500781 0.473356 0.957812 0.445578
17 0.505859 0.473356 0.963281 0.443311
41 0.505859 0.473356 0.963281 0.443311
80 0.89375 0.142999 0.2125 0.285998
80 0.912891 0.0534297 0.174219 0.106859
97 0.501562 0.473073 0.95625 0.443878
33 0.500781 0.473356 0.957812 0.445578
17 0.505859 0.473356 0.963281 0.443311
41 0.505859 0.473356 0.963281 0.443311
80 0.89375 0.14229 0.2125 0.28458
80 0.912891 0.0531463 0.174219 0.106293
97 0.501562 0.473073 0.95625 0.443878
33 0.500781 0.473356 0.95625 0.445578
17 0.505859 0.473356 0.963281 0.443311
41 0.505859 0.473356 0.963281 0.443311
80 0.89375 0.140306 0.2125 0.280612
80 0.912891 0.0530045 0.174219 0.106009
97 0.501562 0.473073 0.95625 0.443878
33 0.500781 0.473356 0.95625 0.445578
17 0.50625 0.473356 0.9625 0.443311
41 0.50625 0.473356 0.9625 0.443311
80 0.894531 0.139598 0.210938 0.279195
80 0.913281 0.0528628 0.173438 0.105726
97 0.501953 0.473073 0.955469 0.443878
33 0.500781 0.473356 0.95625 0.445578
17 0.505859 0.473356 0.963281 0.443311
41 0.505859 0.473356 0.963281 0.443311
80 0.894531 0.138039 0.210938 0.276077
80 0.913281 0.0527211 0.173438 0.105442
97 0.501953 0.473073 0.955469 0.443878
33 0.5 0.473356 0.95625 0.445578
17 0.505859 0.473073 0.963281 0.443878
41 0.505859 0.473073 0.963281 0.443878
80 0.913281 0.0526502 0.173438 0.1053
80 0.894531 0.137755 0.210938 0.27551
97 0.501562 0.472789 0.95625 0.444444
33 0.5 0.473356 0.95625 0.445578
17 0.505859 0.473073 0.963281 0.443878
41 0.505859 0.473073 0.963281 0.443878
80 0.913281 0.0522251 0.173438 0.10445
80 0.894531 0.139172 0.210938 0.278345
97 0.501562 0.472789 0.95625 0.444444
33 0.5 0.473356 0.95625 0.445578
17 0.505859 0.472789 0.963281 0.444444
41 0.505859 0.472789 0.963281 0.444444
80 0.913281 0.0520833 0.173438 0.104167
80 0.894141 0.138889 0.211719 0.277778
97 0.501562 0.472789 0.95625 0.444444
33 0.5 0.473356 0.95625 0.445578
17 0.50625 0.473073 0.964063 0.443878
41 0.50625 0.473073 0.964063 0.443878
80 0.913672 0.051729 0.172656 0.103458
80 0.894141 0.139172 0.211719 0.278345
97 0.501562 0.472789 0.95625 0.444444
33 0.5 0.473356 0.95625 0.445578
17 0.50625 0.473073 0.964063 0.443878
41 0.50625 0.473073 0.964063 0.443878
80 0.913672 0.051729 0.172656 0.103458
80 0.894531 0.13818 0.210938 0.276361
97 0.501953 0.472506 0.955469 0.443878
33 0.5 0.473356 0.95625 0.445578
17 0.50625 0.472789 0.964063 0.444444
41 0.50625 0.472789 0.964063 0.444444
80 0.913672 0.0514456 0.172656 0.102891
80 0.894141 0.138322 0.211719 0.276644
97 0.501562 0.472506 0.954687 0.443878
33 0.5 0.473356 0.95625 0.445578
17 0.50625 0.472789 0.964063 0.444444
41 0.50625 0.472789 0.964063 0.444444
80 0.913672 0.0514456 0.172656 0.102891
80 0.894531 0.13818 0.210938 0.276361
97 0.501953 0.472506 0.955469 0.443878
33 0.5 0.473356 0.95625 0.445578
17 0.50625 0.472789 0.964063 0.444444
41 0.50625 0.472789 0.964063 0.444444
80 0.914062 0.0511621 0.171875 0.102324
80 0.894531 0.139456 0.210938 0.278912
97 0.501562 0.472506 0.954687 0.443878
33 0.500391 0.473356 0.955469 0.445578
17 0.507031 0.472789 0.964063 0.444444
41 0.507031 0.472789 0.964063 0.444444
80 0.914062 0.050737 0.171875 0.101474
80 0.894141 0.140023 0.211719 0.280045
97 0.501562 0.472506 0.954687 0.443878
33 0.500391 0.473356 0.955469 0.445578
17 0.507031 0.472789 0.964063 0.444444
41 0.507031 0.472789 0.964063 0.444444
80 0.914062 0.0504535 0.171875 0.100907
80 0.89375 0.14059 0.2125 0.281179
97 0.501562 0.472506 0.95625 0.443878
33 0.5 0.473356 0.954687 0.445578
17 0.507031 0.473073 0.964063 0.443878
41 0.507031 0.473073 0.964063 0.443878
80 0.914062 0.0498512 0.171875 0.0997024
80 0.89375 0.142999 0.2125 0.285998
97 0.501562 0.472506 0.954687 0.443878
33 0.5 0.473356 0.954687 0.445578
17 0.507031 0.473073 0.964063 0.443878
41 0.507031 0.473073 0.964063 0.443878
80 0.914453 0.0495323 0.171094 0.0990646
80 0.894531 0.143707 0.210938 0.287415
97 0.501562 0.472506 0.954687 0.443878
33 0.5 0.473356 0.954687 0.445578
17 0.507031 0.473073 0.964063 0.443878
41 0.507031 0.473073 0.964063 0.443878
80 0.914453 0.0495323 0.171094 0.0990646
80 0.920313 0.135629 0.159375 0.271259
97 0.501562 0.472506 0.95625 0.443878
33 0.5 0.473356 0.954687 0.445578
17 0.507031 0.473073 0.964063 0.443878
41 0.507031 0.473073 0.964063 0.443878
80 0.914453 0.0493906 0.171094 0.0987812
80 0.920313 0.135629 0.159375 0.271259
97 0.501953 0.472506 0.955469 0.443878
33 0.499609 0.473356 0.953906 0.445578
17 0.507031 0.473073 0.964063 0.443878
41 0.507031 0.473073 0.964063 0.443878
80 0.914453 0.0493906 0.171094 0.0987812
80 0.920313 0.135346 0.159375 0.270692
97 0.501953 0.472506 0.955469 0.443878
33 0.499609 0.473356 0.953906 0.445578
17 0.507031 0.473073 0.964063 0.443878
41 0.507031 0.473073 0.964063 0.443878
80 0.914844 0.0490717 0.170312 0.0981434
80 0.920313 0.135771 0.159375 0.271542
97 0.501953 0.472506 0.955469 0.443878
33 0.5 0.473356 0.954687 0.445578
17 0.507031 0.473356 0.964063 0.443311
41 0.507031 0.473356 0.964063 0.443311
80 0.914844 0.0487883 0.170312 0.0975765
80 0.920313 0.135771 0.159375 0.271542
97 0.501953 0.472506 0.955469 0.443878
33 0.5 0.473356 0.954687 0.445578
17 0.507031 0.473356 0.965625 0.443311
41 0.507031 0.473356 0.965625 0.443311
80 0.920703 0.136054 0.158594 0.272109
80 0.915625 0.0484694 0.16875 0.0969388
97 0.501953 0.472789 0.955469 0.443311
33 0.5 0.473356 0.954687 0.445578
17 0.507812 0.473356 0.965625 0.443311
41 0.507812 0.473356 0.965625 0.443311
80 0.920313 0.136054 0.159375 0.272109
80 0.915625 0.0481859 0.16875 0.0963719
97 0.502344 0.472789 0.95625 0.443311
33 0.500391 0.473356 0.955469 0.445578
17 0.507812 0.473356 0.965625 0.443311
41 0.507812 0.473356 0.965625 0.443311
80 0.920703 0.136621 0.158594 0.273243
80 0.915625 0.0479379 0.16875 0.0958759
97 0.503125 0.472789 0.95625 0.443311
33 0.500391 0.473356 0.955469 0.445578
17 0.507812 0.473356 0.965625 0.443311
41 0.507812 0.473356 0.965625 0.443311
80 0.920703 0.137755 0.158594 0.27551
80 0.915625 0.0477608 0.16875 0.0955215
97 0.502734 0.472789 0.957031 0.443311
33 0.500391 0.473356 0.955469 0.445578
17 0.507812 0.473356 0.965625 0.443311
41 0.507812 0.473356 0.965625 0.443311
80 0.920313 0.138605 0.159375 0.277211
80 0.915625 0.0475128 0.16875 0.0950255
97 0.502734 0.472789 0.957031 0.443311
33 0.500391 0.473356 0.955469 0.445578
17 0.507812 0.473356 0.965625 0.443311
41 0.507812 0.473356 0.965625 0.443311
80 0.920313 0.138889 0.159375 0.277778
80 0.915625 0.0471939 0.16875 0.0943878
97 0.502734 0.472789 0.957031 0.443311
33 0.500391 0.473356 0.955469 0.445578
17 0.507812 0.473356 0.965625 0.443311
41 0.507812 0.473356 0.965625 0.443311
80 0.920313 0.139172 0.159375 0.278345
80 0.915625 0.0470522 0.16875 0.0941043
97 0.503125 0.472789 0.957812 0.443311
33 0.500391 0.473639 0.955469 0.445011
17 0.507812 0.473356 0.965625 0.443311
41 0.507812 0.473356 0.965625 0.443311
80 0.921094 0.139456 0.157813 0.278912
80 0.915625 0.0469104 0.16875 0.0938209
97 0.503125 0.472789 0.957812 0.443311
33 0.500391 0.473639 0.955469 0.445011
17 0.507812 0.473356 0.965625 0.443311
41 0.507812 0.473356 0.965625 0.443311
80 0.921094 0.140448 0.157813 0.280896
80 0.915625 0.046627 0.16875 0.093254
97 0.503516 0.472789 0.958594 0.443311
33 0.5 0.473639 0.954687 0.445011
17 0.507422 0.473356 0.966406 0.443311
41 0.507422 0.473356 0.966406 0.443311
80 0.921094 0.141015 0.157813 0.282029
80 0.915625 0.0464853 0.16875 0.0929705
97 0.503125 0.472506 0.957812 0.442744
33 0.5 0.473639 0.954687 0.445011
17 0.507812 0.473356 0.965625 0.443311
41 0.507812 0.473356 0.965625 0.443311
80 0.920703 0.141582 0.158594 0.283163
80 0.915625 0.0462018 0.16875 0.0924036
97 0.503516 0.472222 0.958594 0.443311
33 0.5 0.473639 0.954687 0.445011
17 0.507812 0.473356 0.965625 0.443311
41 0.507812 0.473356 0.965625 0.443311
80 0.920703 0.142149 0.158594 0.284297
97 0.503125 0.472789 0.957812 0.443311
80 0.916406 0.0458121 0.167187 0.0916241
33 0.500391 0.473639 0.955469 0.445011
17 0.507812 0.473356 0.965625 0.443311
41 0.507812 0.473356 0.965625 0.443311
80 0.920703 0.142432 0.158594 0.284864
97 0.503906 0.472789 0.957812 0.443311
80 0.916406 0.0458121 0.167187 0.0916241
33 0.5 0.473639 0.95625 0.445011
17 0.507812 0.473639 0.965625 0.442744
41 0.507812 0.473639 0.965625 0.442744
80 0.921094 0.142574 0.157813 0.285147
97 0.503906 0.472789 0.957812 0.443311
80 0.916406 0.0456704 0.167187 0.0913407
33 0.5 0.473639 0.954687 0.445011
17 0.507812 0.473639 0.965625 0.442744
41 0.507812 0.473639 0.965625 0.442744
80 0.921094 0.142857 0.157813 0.285714
97 0.503906 0.472789 0.957812 0.443311
33 0.5 0.473639 0.954687 0.445011
17 0.507812 0.473356 0.965625 0.442177
41 0.507812 0.473356 0.965625 0.442177
80 0.921094 0.143424 0.157813 0.286848
97 0.503906 0.472789 0.957812 0.443311
33 0.5 0.473639 0.95625 0.445011
17 0.507812 0.473356 0.965625 0.442177
41 0.507812 0.473356 0.965625 0.442177
80 0.921094 0.144558 0.157813 0.289116
97 0.503516 0.472506 0.958594 0.442744
33 0.5 0.473639 0.95625 0.445011
17 0.507812 0.473923 0.967188 0.442177
41 0.507812 0.473923 0.967188 0.442177
80 0.921094 0.144274 0.157813 0.288549
97 0.503516 0.472789 0.958594 0.443311
33 0.5 0.473639 0.95625 0.445011
17 0.507812 0.473356 0.967188 0.442177
41 0.507812 0.473356 0.967188 0.442177
97 0.503516 0.472789 0.958594 0.443311
80 0.921094 0.1447 0.157813 0.289399
33 0.5 0.473639 0.95625 0.445011
17 0.507812 0.473356 0.967188 0.442177
41 0.507812 0.473356 0.967188 0.442177
97 0.503516 0.472789 0.958594 0.443311
80 0.920313 0.144983 0.159375 0.289966
33 0.5 0.473639 0.954687 0.445011
17 0.507812 0.473356 0.967188 0.442177
41 0.507812 0.473356 0.967188 0.442177
97 0.503906 0.472506 0.957812 0.442744
80 0.920313 0.145125 0.159375 0.290249
33 0.499219 0.473639 0.954687 0.445011
17 0.507812 0.473356 0.967188 0.442177
41 0.507812 0.473356 0.967188 0.442177
97 0.503906 0.472789 0.957812 0.443311
80 0.920313 0.144558 0.159375 0.289116
33 0.499219 0.473639 0.954687 0.445011
17 0.507812 0.473923 0.967188 0.442177
41 0.507812 0.473923 0.967188 0.442177
97 0.503906 0.472789 0.957812 0.443311
80 0.920313 0.143991 0.159375 0.287982
33 0.499609 0.473639 0.953906 0.445011
17 0.507812 0.473356 0.967188 0.442177
41 0.507812 0.473356 0.967188 0.442177
97 0.503516 0.472506 0.958594 0.442744
33 0.499219 0.473923 0.954687 0.444444
17 0.507812 0.473356 0.967188 0.442177
41 0.507812 0.473356 0.967188 0.442177
97 0.503516 0.472506 0.958594 0.442744
33 0.499219 0.473923 0.954687 0.444444
17 0.508594 0.473356 0.967188 0.442177
41 0.508594 0.473356 0.967188 0.442177
97 0.503125 0.472506 0.957812 0.442744
33 0.499219 0.473923 0.954687 0.444444
17 0.508594 0.473356 0.967188 0.442177
41 0.508594 0.473356 0.967188 0.442177
97 0.503125 0.472789 0.957812 0.443311
33 0.499219 0.473923 0.954687 0.444444
17 0.507812 0.473356 0.967188 0.442177
41 0.507812 0.473356 0.967188 0.442177
97 0.502734 0.472506 0.957031 0.442744
33 0.499219 0.473923 0.954687 0.444444
17 0.507812 0.473356 0.967188 0.442177
41 0.507812 0.473356 0.967188 0.442177
97 0.502734 0.472789 0.957031 0.443311
33 0.499219 0.473923 0.954687 0.444444
17 0.507812 0.473356 0.967188 0.442177
41 0.507812 0.473356 0.967188 0.442177
97 0.502734 0.472789 0.957031 0.443311
33 0.499219 0.473923 0.954687 0.444444
17 0.507812 0.473356 0.967188 0.442177
41 0.507812 0.473356 0.967188 0.442177
97 0.502734 0.472222 0.957031 0.443311
33 0.498437 0.473923 0.953125 0.444444
17 0.507422 0.473356 0.966406 0.442177
41 0.507422 0.473356 0.966406 0.442177
97 0.502344 0.472506 0.95625 0.442744
33 0.498437 0.473923 0.953125 0.444444
17 0.507812 0.476474 0.965625 0.439342
41 0.507812 0.473356 0.967188 0.442177
33 0.498437 0.473923 0.953125 0.444444
17 0.507812 0.476757 0.965625 0.438776
41 0.507422 0.473356 0.966406 0.442177
33 0.498437 0.473923 0.953125 0.444444
17 0.507812 0.476757 0.965625 0.438776
41 0.507422 0.473356 0.966406 0.442177
33 0.498437 0.473923 0.953125 0.444444
17 0.507812 0.476757 0.965625 0.438776
41 0.507422 0.473639 0.966406 0.44161
33 0.498437 0.473923 0.953125 0.444444
17 0.507812 0.476757 0.965625 0.438776
41 0.507422 0.473639 0.966406 0.44161
33 0.498437 0.473923 0.953125 0.444444
17 0.507812 0.476757 0.965625 0.438776
41 0.507422 0.473639 0.966406 0.44161
33 0.498437 0.473923 0.953125 0.444444
17 0.507812 0.476474 0.965625 0.438209
41 0.507422 0.473639 0.966406 0.44161
33 0.498437 0.473923 0.953125 0.444444
17 0.507812 0.476757 0.965625 0.438776
41 0.507422 0.473639 0.966406 0.44161
33 0.498437 0.473923 0.953125 0.443311
17 0.507812 0.47619 0.965625 0.438776
41 0.507422 0.473639 0.966406 0.44161
97 0.501172 0.472506 0.953906 0.442744
33 0.498047 0.474206 0.953906 0.443878
17 0.507812 0.47619 0.965625 0.438776
41 0.507031 0.473639 0.967188 0.44161
97 0.501172 0.472506 0.953906 0.442744
33 0.498047 0.474206 0.953906 0.443878
17 0.507812 0.47619 0.965625 0.438776
41 0.507031 0.473356 0.967188 0.441043
97 0.501172 0.472506 0.953906 0.442744
33 0.498047 0.474206 0.953906 0.443878
17 0.507812 0.47619 0.965625 0.438776
41 0.507031 0.473356 0.967188 0.441043
97 0.501172 0.472506 0.953906 0.442744
33 0.498047 0.474206 0.953906 0.443878
17 0.507812 0.47619 0.965625 0.438776
41 0.507031 0.473356 0.967188 0.442177
97 0.501172 0.472506 0.953906 0.442744
33 0.497656 0.474206 0.953125 0.443878
17 0.507812 0.47619 0.965625 0.438776
41 0.507422 0.473356 0.966406 0.442177
97 0.501172 0.472506 0.953906 0.442744
33 0.497266 0.474206 0.952344 0.443878
17 0.507812 0.47619 0.965625 0.438776
41 0.507031 0.473356 0.967188 0.441043
97 0.500781 0.472506 0.954687 0.442744
33 0.496875 0.474206 0.953125 0.443878
17 0.507812 0.47619 0.965625 0.438776
41 0.507031 0.473356 0.967188 0.441043
97 0.500781 0.472506 0.954687 0.442744
33 0.496875 0.473923 0.953125 0.443311
17 0.507812 0.476474 0.965625 0.438209
41 0.507031 0.473923 0.967188 0.441043
97 0.500781 0.472789 0.954687 0.442177
33 0.496875 0.473923 0.953125 0.443311
17 0.507812 0.476474 0.967188 0.438209
41 0.507031 0.473356 0.967188 0.441043
97 0.500781 0.472789 0.954687 0.442177
33 0.496875 0.473923 0.953125 0.443311
17 0.507812 0.476474 0.967188 0.438209
41 0.507031 0.473923 0.967188 0.441043
97 0.501562 0.472506 0.954687 0.442744
33 0.496875 0.473923 0.953125 0.443311
17 0.507812 0.476474 0.967188 0.438209
41 0.507031 0.473356 0.967188 0.441043
97 0.500781 0.472789 0.954687 0.442177
33 0.496094 0.473923 0.953125 0.443311
17 0.507812 0.476474 0.967188 0.438209
41 0.507031 0.473356 0.967188 0.441043
97 0.500781 0.472789 0.954687 0.442177
33 0.496094 0.473923 0.951563 0.443311
17 0.507812 0.476474 0.967188 0.438209
41 0.507031 0.473356 0.967188 0.441043
97 0.500781 0.472789 0.954687 0.442177
33 0.495703 0.473923 0.952344 0.443311
17 0.508203 0.476474 0.967969 0.438209
41 0.507031 0.473356 0.967188 0.441043
97 0.500781 0.472789 0.954687 0.442177
33 0.496094 0.473923 0.953125 0.443311
17 0.508203 0.476474 0.967969 0.438209
41 0.507031 0.473356 0.967188 0.441043
97 0.501172 0.472789 0.955469 0.442177
33 0.495703 0.473923 0.952344 0.443311
17 0.507812 0.476474 0.96875 0.438209
41 0.507031 0.473356 0.967188 0.441043
97 0.501172 0.472789 0.955469 0.442177
33 0.495703 0.473923 0.952344 0.443311
17 0.507812 0.476757 0.96875 0.437642
41 0.507031 0.473356 0.967188 0.441043
97 0.501172 0.472789 0.955469 0.442177
33 0.495703 0.473923 0.952344 0.443311
17 0.507812 0.476757 0.96875 0.437642
41 0.507031 0.473639 0.967188 0.440476
97 0.501172 0.472789 0.955469 0.442177
33 0.495703 0.473923 0.952344 0.443311
17 0.507812 0.476757 0.96875 0.437642
41 0.507031 0.473639 0.967188 0.440476
33 0.495703 0.473923 0.952344 0.443311
17 0.507812 0.476757 0.96875 0.437642
41 0.507031 0.473639 0.967188 0.440476
33 0.495313 0.474206 0.953125 0.442744
17 0.507812 0.476757 0.96875 0.437642
41 0.507031 0.473356 0.967188 0.441043
33 0.495313 0.474206 0.953125 0.442744
17 0.507812 0.476757 0.96875 0.437642
41 0.506641 0.473356 0.967969 0.441043
33 0.495313 0.474206 0.953125 0.442744
17 0.508203 0.476757 0.967969 0.437642
41 0.506641 0.473923 0.967969 0.441043
33 0.495313 0.474206 0.953125 0.442744
17 0.508203 0.476757 0.967969 0.437642
41 0.507031 0.473356 0.96875 0.441043
33 0.495313 0.474206 0.953125 0.442744
17 0.507812 0.476757 0.96875 0.437642
41 0.507031 0.473639 0.96875 0.440476
33 0.495703 0.474206 0.953906 0.442744
17 0.507812 0.476757 0.96875 0.437642
41 0.507031 0.473639 0.96875 0.440476
33 0.495703 0.474206 0.953906 0.442744
17 0.507812 0.476757 0.96875 0.437642
41 0.507031 0.473639 0.96875 0.440476
33 0.495703 0.474206 0.953906 0.442744
17 0.507812 0.476757 0.96875 0.437642
41 0.507031 0.473923 0.96875 0.439909
33 0.495313 0.474206 0.953125 0.442744
17 0.508203 0.477041 0.967969 0.437075
41 0.507031 0.473923 0.96875 0.439909
33 0.495313 0.473923 0.954687 0.442177
17 0.508203 0.477041 0.967969 0.437075
41 0.507031 0.473923 0.970312 0.439909
33 0.495313 0.473923 0.954687 0.442177
17 0.508203 0.476757 0.967969 0.437642
41 0.507031 0.473923 0.970312 0.439909
33 0.495313 0.473923 0.954687 0.442177
17 0.508203 0.476757 0.967969 0.437642
41 0.507031 0.473923 0.970312 0.439909
33 0.495313 0.473923 0.954687 0.442177
17 0.508594 0.476757 0.96875 0.437642
41 0.507031 0.473923 0.96875 0.439909
33 0.495313 0.473923 0.954687 0.442177
17 0.508594 0.476757 0.96875 0.437642
41 0.507031 0.473923 0.970312 0.439909
33 0.495313 0.473923 0.954687 0.442177
17 0.507812 0.476757 0.96875 0.437642
41 0.507031 0.473923 0.970312 0.439909
33 0.495313 0.473923 0.954687 0.442177
17 0.508594 0.476757 0.96875 0.437642
41 0.507031 0.473923 0.96875 0.439909
33 0.494922 0.473923 0.953906 0.442177
17 0.508594 0.477041 0.96875 0.437075
41 0.507031 0.473923 0.96875 0.439909
33 0.495313 0.473923 0.954687 0.442177
17 0.508594 0.476757 0.96875 0.437642
41 0.507031 0.473923 0.96875 0.439909
33 0.494922 0.473923 0.953906 0.442177
17 0.508203 0.477041 0.967969 0.437075
41 0.506641 0.473923 0.969531 0.439909
33 0.494922 0.473923 0.953906 0.442177
17 0.508203 0.477041 0.967969 0.437075
41 0.506641 0.473923 0.969531 0.439909
33 0.494531 0.473923 0.954687 0.442177
17 0.508203 0.477041 0.967969 0.437075
41 0.506641 0.473923 0.969531 0.439909
33 0.494531 0.474206 0.954687 0.44161
17 0.508203 0.477041 0.967969 0.437075
41 0.506641 0.473923 0.969531 0.439909
33 0.494531 0.474206 0.954687 0.44161
17 0.508203 0.477041 0.967969 0.437075
41 0.50625 0.473923 0.96875 0.439909
33 0.494141 0.474206 0.953906 0.44161
17 0.508203 0.477041 0.967969 0.437075
41 0.506641 0.473923 0.969531 0.439909
33 0.494141 0.474206 0.953906 0.44161
17 0.508203 0.477324 0.967969 0.436508
41 0.50625 0.473923 0.96875 0.439909
33 0.494531 0.474206 0.954687 0.44161
17 0.508203 0.477324 0.967969 0.436508
41 0.506641 0.473923 0.969531 0.439909
33 0.494141 0.473923 0.953906 0.441043
17 0.508594 0.477324 0.96875 0.436508
41 0.50625 0.473923 0.96875 0.439909
33 0.494141 0.474206 0.953906 0.44161
17 0.508203 0.477324 0.967969 0.436508
41 0.50625 0.473923 0.96875 0.439909
33 0.494531 0.473923 0.954687 0.441043
17 0.508203 0.477324 0.967969 0.436508
41 0.50625 0.473923 0.970312 0.439909
33 0.494531 0.474206 0.954687 0.44161
17 0.508203 0.477324 0.967969 0.436508
41 0.50625 0.473923 0.96875 0.439909
33 0.494141 0.473923 0.953906 0.441043
17 0.507812 0.477324 0.96875 0.436508
41 0.50625 0.473923 0.96875 0.439909
33 0.494141 0.473923 0.953906 0.441043
17 0.508203 0.477324 0.967969 0.436508
41 0.50625 0.473923 0.96875 0.439909
33 0.49375 0.474206 0.954687 0.44161
17 0.508594 0.477324 0.96875 0.436508
41 0.50625 0.473923 0.970312 0.439909
33 0.49375 0.47449 0.954687 0.441043
17 0.508594 0.477324 0.96875 0.436508
41 0.50625 0.473923 0.970312 0.439909
33 0.494531 0.473923 0.954687 0.441043
17 0.508594 0.477324 0.96875 0.436508
41 0.505859 0.473923 0.969531 0.439909
33 0.49375 0.474206 0.954687 0.44161
17 0.508594 0.477324 0.96875 0.436508
41 0.50625 0.473923 0.970312 0.439909
33 0.494141 0.473923 0.955469 0.441043
17 0.508594 0.477324 0.96875 0.436508
41 0.50625 0.473923 0.970312 0.439909
33 0.494141 0.473923 0.955469 0.441043
17 0.508594 0.477608 0.96875 0.435941
41 0.50625 0.473923 0.970312 0.439909
33 0.494141 0.473923 0.955469 0.441043
17 0.508594 0.477608 0.970312 0.435941
41 0.50625 0.473923 0.970312 0.439909
33 0.494141 0.473923 0.955469 0.441043
17 0.508594 0.477608 0.970312 0.435941
41 0.50625 0.473923 0.970312 0.439909
33 0.494141 0.473923 0.955469 0.441043
17 0.508594 0.477608 0.970312 0.435941
41 0.50625 0.473923 0.970312 0.439909
33 0.49375 0.473923 0.954687 0.441043
17 0.508594 0.477608 0.970312 0.435941
41 0.50625 0.473923 0.970312 0.439909
33 0.494141 0.473923 0.955469 0.441043
17 0.508594 0.477608 0.96875 0.435941
41 0.50625 0.473923 0.970312 0.439909
33 0.494141 0.473923 0.955469 0.441043
17 0.508203 0.477608 0.969531 0.435941
41 0.50625 0.474206 0.970312 0.439342
33 0.494141 0.473923 0.955469 0.441043
17 0.508594 0.477608 0.970312 0.435941
41 0.50625 0.474206 0.970312 0.439342
33 0.494141 0.473923 0.955469 0.441043
17 0.508203 0.477608 0.969531 0.435941
41 0.50625 0.474206 0.970312 0.439342
33 0.494141 0.473923 0.955469 0.441043
17 0.508594 0.477608 0.970312 0.435941
41 0.50625 0.474206 0.970312 0.439342
33 0.494141 0.473923 0.955469 0.441043
17 0.508594 0.477608 0.970312 0.435941
41 0.50625 0.474206 0.970312 0.439342
33 0.494141 0.473923 0.955469 0.441043
17 0.508594 0.477324 0.970312 0.435374
41 0.50625 0.474206 0.970312 0.439342
33 0.494141 0.473923 0.955469 0.441043
17 0.508594 0.477324 0.970312 0.435374
41 0.50625 0.474206 0.970312 0.439342
33 0.494141 0.473923 0.955469 0.441043
17 0.508594 0.477324 0.970312 0.435374
41 0.50625 0.47449 0.970312 0.438776
33 0.49375 0.473923 0.95625 0.441043
17 0.508594 0.477324 0.970312 0.435374
41 0.50625 0.47449 0.971875 0.438776
33 0.49375 0.473923 0.95625 0.441043
17 0.508594 0.477324 0.970312 0.435374
41 0.50625 0.47449 0.971875 0.438776
33 0.49375 0.473923 0.95625 0.441043
17 0.508594 0.477324 0.970312 0.435374
41 0.50625 0.47449 0.971875 0.438776
33 0.49375 0.473923 0.95625 0.441043
17 0.508594 0.477324 0.970312 0.435374
41 0.50625 0.47449 0.970312 0.438776
33 0.49375 0.473923 0.95625 0.441043
17 0.508594 0.477324 0.970312 0.435374
41 0.50625 0.47449 0.971875 0.438776
33 0.49375 0.473923 0.95625 0.441043
17 0.508594 0.477324 0.970312 0.435374
41 0.50625 0.47449 0.971875 0.438776
33 0.5 0.473639 0.95625 0.445011
17 0.507812 0.473356 0.967188 0.442177
41 0.507812 0.473356 0.967188 0.442177
97 0.503516 0.472789 0.958594 0.443311
80 0.920313 0.144841 0.159375 0.289683
