17 0.502512 0.503161 0.962921 0.504023
48 0.496275 0.539081 0.980075 0.452874
49 0.504462 0.528736 0.971498 0.464368
103 0.504462 0.528736 0.971498 0.464368
109 0.500563 0.506322 0.962142 0.5
67 0.502123 0.530172 0.974617 0.456897
68 0.504462 0.528736 0.971498 0.464368
79 0.502512 0.503161 0.962921 0.504023
95 0.502512 0.503161 0.962921 0.504023
50 0.504462 0.528736 0.971498 0.464368
56 0.502512 0.503161 0.962921 0.504023
33 0.502512 0.503161 0.962921 0.504023
53 0.500563 0.506322 0.962142 0.5
104 0.502123 0.530172 0.974617 0.456897
74 0.502512 0.503161 0.962921 0.504023
54 0.503682 0.533333 0.963701 0.465517
77 0.502512 0.503161 0.962921 0.504023
81 0.502123 0.530172 0.974617 0.456897
110 0.502512 0.503161 0.962921 0.504023
84 0.502512 0.503161 0.962921 0.504023
101 0.504462 0.528736 0.971498 0.464368
46 0.502512 0.503161 0.962921 0.504023
73 0.504462 0.528736 0.971498 0.464368
14 0.502512 0.503161 0.962921 0.504023
111 0.504462 0.528736 0.971498 0.464368
97 0.502123 0.530172 0.974617 0.456897
28 0.504462 0.528736 0.971498 0.464368
76 0.504462 0.528736 0.971498 0.464368
16 0.502123 0.530172 0.974617 0.456897
100 0.504462 0.528736 0.971498 0.464368
75 0.504462 0.528736 0.971498 0.464368
78 0.502512 0.503161 0.962921 0.504023
66 0.506411 0.5 0.978515 0.517241
31 0.502123 0.530172 0.974617 0.456897
42 0.502512 0.503161 0.962921 0.504023
51 0.502512 0.503161 0.962921 0.504023
105 0.502512 0.503161 0.962921 0.504023
47 0.496275 0.508621 0.959803 0.482759
34 0.506411 0.5 0.978515 0.517241
11 0.506411 0.5 0.978515 0.517241
99 0.502123 0.529885 0.969939 0.447126
21 0.502512 0.503161 0.962921 0.504023
108 0.505631 0.533333 0.962921 0.465517
0 0.502512 0.503161 0.962921 0.504023
5 0.504462 0.528736 0.971498 0.464368
102 0.503682 0.533333 0.963701 0.465517
80 0.502512 0.503161 0.962921 0.504023
15 0.500563 0.506322 0.962142 0.5
41 0.502123 0.530172 0.974617 0.456897
7 0.500563 0.506322 0.962142 0.5
12 0.502512 0.503161 0.962921 0.504023
13 0.506411 0.5 0.978515 0.517241
6 0.502512 0.503161 0.962921 0.504023
4 0.500563 0.506322 0.962142 0.5
38 0.500563 0.506322 0.962142 0.5
50 0.615178 0.564224 0.729793 0.356609
55 0.502123 0.530172 0.974617 0.456897
52 0.507191 0.537069 0.962922 0.413218
8 0.500563 0.506322 0.962142 0.5
48 0.615178 0.564224 0.729793 0.356609
22 0.502512 0.503161 0.962921 0.504023
72 0.496275 0.508621 0.959803 0.482759
66 0.526293 0.555172 0.913801 0.374713
19 0.504852 0.504598 0.973837 0.508046
26 0.504462 0.528736 0.971498 0.464368
94 0.500563 0.506322 0.962142 0.5
24 0.502512 0.503161 0.962921 0.504023
65 0.504462 0.528736 0.971498 0.464368
101 0.615178 0.564224 0.729793 0.356609
92 0.503682 0.533333 0.963701 0.465517
49 0.615178 0.564224 0.729793 0.356609
36 0.500563 0.506322 0.962142 0.5
78 0.493546 0.48908 0.949667 0.537931
104 0.493546 0.48908 0.949667 0.537931
108 0.486919 0.461494 0.933293 0.596552
79 0.493546 0.48908 0.949667 0.537931
81 0.493546 0.48908 0.949667 0.537931
105 0.486919 0.461494 0.933293 0.596552
33 0.493546 0.48908 0.949667 0.537931
80 0.493546 0.48908 0.949667 0.537931
74 0.493546 0.48908 0.949667 0.537931
66 0.493546 0.48908 0.949667 0.537931
56 0.493546 0.48908 0.949667 0.537931
75 0.48341 0.450575 0.921598 0.613793
54 0.493546 0.48908 0.949667 0.537931
17 0.493546 0.48908 0.949667 0.537931
95 0.486919 0.461494 0.933293 0.596552
111 0.48341 0.450575 0.921598 0.613793
103 0.504462 0.493966 0.968379 0.535057
84 0.48341 0.450575 0.921598 0.613793
41 0.493546 0.48908 0.949667 0.537931
109 0.48341 0.450575 0.921598 0.613793
48 0.48224 0.450575 0.897427 0.611494
46 0.493546 0.48908 0.949667 0.537931
53 0.48341 0.450575 0.921598 0.613793
78 0.366456 0.46092 0.674435 0.601149
108 0.35671 0.438793 0.649485 0.616667
110 0.493546 0.48908 0.949667 0.537931
99 0.493546 0.48908 0.949667 0.537931
73 0.48341 0.450575 0.921598 0.613793
42 0.493546 0.48908 0.949667 0.537931
68 0.48341 0.450575 0.921598 0.613793
79 0.366456 0.46092 0.674435 0.601149
105 0.490427 0.55273 0.943429 0.407184
104 0.366456 0.46092 0.674435 0.601149
79 0.420255 0.559195 0.815559 0.391954
52 0.48341 0.450575 0.921598 0.613793
33 0.366456 0.46092 0.674435 0.601149
78 0.420255 0.559195 0.815559 0.391954
101 0.493546 0.48908 0.949667 0.537931
108 0.186737 0.452874 0.301352 0.606897
78 0.186737 0.452874 0.301352 0.606897
21 0.493546 0.48908 0.949667 0.537931
47 0.48341 0.450575 0.921598 0.613793
81 0.366456 0.46092 0.674435 0.601149
77 0.48341 0.450575 0.921598 0.613793
97 0.486919 0.461494 0.933293 0.596552
105 0.349498 0.553017 0.66157 0.402011
78 0.506801 0.419253 0.969939 0.778736
67 0.48341 0.450575 0.921598 0.613793
66 0.366456 0.46092 0.674435 0.601149
104 0.420255 0.559195 0.815559 0.391954
16 0.493546 0.48908 0.949667 0.537931
108 0.490427 0.55273 0.943429 0.407184
103 0.401152 0.452586 0.742268 0.608621
74 0.366456 0.46092 0.674435 0.601149
31 0.492766 0.512069 0.948107 0.497701
17 0.366456 0.46092 0.674435 0.601149
80 0.366456 0.46092 0.674435 0.601149
75 0.35671 0.438793 0.649485 0.616667
50 0.490427 0.461782 0.949667 0.591379
56 0.35671 0.438793 0.649485 0.616667
104 0.186737 0.452874 0.301352 0.606897
76 0.48341 0.450575 0.921598 0.613793
105 0.28069 0.461494 0.499004 0.593103
81 0.420255 0.559195 0.815559 0.391954
72 0.48341 0.450575 0.921598 0.613793
28 0.493546 0.48908 0.949667 0.537931
95 0.35671 0.438793 0.649485 0.616667
105 0.186737 0.452874 0.301352 0.606897
33 0.186737 0.452874 0.301352 0.606897
79 0.186737 0.452874 0.301352 0.606897
35 0.490427 0.461782 0.949667 0.591379
14 0.493546 0.48908 0.949667 0.537931
102 0.48224 0.450575 0.897427 0.611494
84 0.35671 0.438793 0.649485 0.616667
111 0.35671 0.438793 0.649485 0.616667
66 0.186737 0.452874 0.301352 0.606897
97 0.490427 0.55273 0.943429 0.407184
17 0.420255 0.559195 0.815559 0.391954
33 0.506801 0.419253 0.969939 0.778736
74 0.420255 0.559195 0.815559 0.391954
45 0.468596 0.467313 0.91536 0.580316
48 0.35671 0.438793 0.649485 0.616667
33 0.420255 0.559195 0.815559 0.391954
95 0.490427 0.55273 0.943429 0.407184
110 0.35671 0.438793 0.649485 0.616667
80 0.420255 0.559195 0.815559 0.391954
81 0.186737 0.452874 0.301352 0.606897
41 0.420255 0.559195 0.815559 0.391954
111 0.490427 0.55273 0.943429 0.407184
46 0.366456 0.46092 0.674435 0.601149
95 0.186737 0.452874 0.301352 0.606897
34 0.504462 0.493966 0.968379 0.535057
73 0.35671 0.438793 0.649485 0.616667
66 0.420255 0.559195 0.815559 0.391954
80 0.186737 0.452874 0.301352 0.606897
74 0.186737 0.452874 0.301352 0.606897
56 0.420255 0.559195 0.815559 0.391954
68 0.35671 0.438793 0.649485 0.616667
104 0.506801 0.419253 0.969939 0.778736
108 0.504072 0.413793 0.969159 0.827586
79 0.506801 0.419253 0.969939 0.778736
79 0.273283 0.558764 0.487308 0.392816
75 0.186737 0.452874 0.301352 0.606897
108 0.136057 0.456035 0.208178 0.608621
111 0.186737 0.452874 0.301352 0.606897
80 0.506801 0.419253 0.969939 0.778736
108 0.349498 0.553017 0.66157 0.402011
66 0.506801 0.419253 0.969939 0.778736
74 0.506801 0.419253 0.969939 0.778736
56 0.186737 0.452874 0.301352 0.606897
17 0.186737 0.452874 0.301352 0.606897
54 0.35671 0.438793 0.649485 0.616667
84 0.186737 0.452874 0.301352 0.606897
100 0.504462 0.493966 0.968379 0.535057
48 0.186737 0.452874 0.301352 0.606897
84 0.490427 0.55273 0.943429 0.407184
47 0.420255 0.559195 0.815559 0.391954
78 0.136057 0.456035 0.208178 0.608621
81 0.506801 0.419253 0.969939 0.778736
46 0.420255 0.559195 0.815559 0.391954
53 0.490427 0.55273 0.943429 0.407184
78 0.273283 0.558764 0.487308 0.392816
108 0.495105 0.499425 0.987092 0.545977
81 0.495105 0.499425 0.987092 0.545977
78 0.495105 0.499425 0.987092 0.545977
79 0.495105 0.499425 0.987092 0.545977
104 0.495105 0.499425 0.987092 0.545977
95 0.499784 0.518966 0.968379 0.497701
108 0.496665 0.38908 0.990211 0.708046
78 0.496665 0.38908 0.990211 0.708046
56 0.494326 0.47069 0.976176 0.594253
81 0.496665 0.38908 0.990211 0.708046
68 0.491597 0.522414 0.983194 0.490805
80 0.495105 0.499425 0.987092 0.545977
79 0.491597 0.382759 0.978515 0.726437
53 0.494326 0.47069 0.976176 0.594253
105 0.495105 0.499425 0.987092 0.545977
74 0.494326 0.47069 0.976176 0.594253
52 0.494326 0.47069 0.976176 0.594253
104 0.491597 0.382759 0.978515 0.726437
84 0.494326 0.47069 0.976176 0.594253
101 0.491597 0.522414 0.983194 0.490805
95 0.493546 0.385057 0.987092 0.758621
105 0.491597 0.382759 0.978515 0.726437
80 0.491597 0.382759 0.978515 0.726437
67 0.499784 0.518966 0.968379 0.497701
75 0.494326 0.47069 0.976176 0.594253
66 0.495105 0.499425 0.987092 0.545977
109 0.499784 0.518966 0.968379 0.497701
54 0.494326 0.47069 0.976176 0.594253
68 0.497834 0.794828 0.981634 0.410345
108 0.550464 0.582759 0.868579 0.357471
110 0.491597 0.522414 0.983194 0.490805
77 0.491597 0.522414 0.983194 0.490805
78 0.550464 0.582759 0.868579 0.357471
53 0.499004 0.721264 0.980854 0.557471
48 0.494326 0.47069 0.976176 0.594253
95 0.494326 0.70704 0.988651 0.585919
17 0.495105 0.499425 0.987092 0.545977
111 0.494326 0.47069 0.976176 0.594253
33 0.495105 0.499425 0.987092 0.545977
78 0.675897 0.597701 0.619272 0.312644
56 0.499004 0.721264 0.980854 0.557471
56 0.489258 0.450575 0.976956 0.901149
102 0.491597 0.522414 0.983194 0.490805
53 0.494326 0.558621 0.969939 0.410345
104 0.550464 0.582759 0.868579 0.357471
48 0.499004 0.721264 0.980854 0.557471
68 0.491597 0.382759 0.978515 0.726437
81 0.550464 0.582759 0.868579 0.357471
104 0.494326 0.70704 0.988651 0.585919
53 0.496665 0.810345 0.990211 0.37931
108 0.675897 0.597701 0.619272 0.312644
81 0.675897 0.597701 0.619272 0.312644
95 0.529802 0.587931 0.905224 0.335632
84 0.499004 0.721264 0.980854 0.557471
66 0.491597 0.382759 0.978515 0.726437
68 0.484969 0.86523 0.959023 0.26954
52 0.499004 0.721264 0.980854 0.557471
78 0.771117 0.596408 0.43195 0.310632
76 0.491597 0.522414 0.983194 0.490805
56 0.529412 0.540374 0.910682 0.434195
74 0.494326 0.558621 0.969939 0.410345
79 0.529802 0.587931 0.905224 0.335632
95 0.496665 0.810345 0.990211 0.37931
104 0.675897 0.597701 0.619272 0.312644
41 0.494326 0.47069 0.976176 0.594253
68 0.529802 0.587931 0.905224 0.335632
79 0.499004 0.721264 0.980854 0.557471
84 0.494326 0.558621 0.969939 0.410345
108 0.771117 0.596408 0.43195 0.310632
103 0.495105 0.499425 0.987092 0.545977
78 0.499004 0.682184 0.985533 0.635632
79 0.675897 0.597701 0.619272 0.312644
101 0.497834 0.794828 0.981634 0.410345
52 0.489258 0.450575 0.976956 0.901149
81 0.498614 0.725287 0.989431 0.549425
105 0.499004 0.721264 0.980854 0.557471
68 0.500173 0.68046 0.970719 0.63908
109 0.499004 0.721264 0.980854 0.557471
102 0.497834 0.794828 0.981634 0.410345
48 0.496665 0.810345 0.990211 0.37931
80 0.498614 0.725287 0.989431 0.549425
81 0.771117 0.596408 0.43195 0.310632
67 0.499004 0.721264 0.980854 0.557471
14 0.495105 0.499425 0.987092 0.545977
111 0.499004 0.721264 0.980854 0.557471
68 0.494716 0.131753 0.975397 0.263506
68 0.495105 0.925287 0.985533 0.149425
33 0.491597 0.382759 0.978515 0.726437
67 0.496665 0.810345 0.990211 0.37931
17 0.496665 0.38908 0.990211 0.708046
53 0.489258 0.450575 0.976956 0.901149
68 0.494326 0.197414 0.969939 0.394828
74 0.489258 0.450575 0.976956 0.901149
95 0.489258 0.872414 0.978515 0.255172
108 0.499004 0.721264 0.980854 0.557471
84 0.496665 0.810345 0.990211 0.37931
52 0.494326 0.558621 0.969939 0.410345
109 0.491597 0.382759 0.978515 0.726437
84 0.489258 0.450575 0.976956 0.901149
104 0.771117 0.596408 0.43195 0.310632
52 0.496665 0.810345 0.990211 0.37931
105 0.550464 0.582759 0.868579 0.357471
101 0.491597 0.382759 0.978515 0.726437
105 0.675897 0.597701 0.619272 0.312644
56 0.496665 0.810345 0.990211 0.37931
46 0.491597 0.522414 0.983194 0.490805
79 0.771117 0.596408 0.43195 0.310632
109 0.496665 0.810345 0.990211 0.37931
77 0.499004 0.721264 0.980854 0.557471
75 0.499004 0.721264 0.980854 0.557471
104 0.496275 0.815517 0.976956 0.368965
50 0.491597 0.522414 0.983194 0.490805
74 0.499004 0.721264 0.980854 0.557471
78 0.494326 0.197414 0.969939 0.394828
67 0.491597 0.382759 0.978515 0.726437
103 0.491597 0.382759 0.978515 0.726437
47 0.491597 0.522414 0.983194 0.490805
10 0.495105 0.499425 0.987092 0.545977
110 0.493546 0.801149 0.987092 0.397701
53 0.496275 0.888793 0.975397 0.222414
101 0.529802 0.587931 0.905224 0.335632
48 0.493546 0.443678 0.987092 0.887356
54 0.494326 0.558621 0.969939 0.410345
97 0.493156 0.458046 0.986312 0.594253
54 0.499004 0.721264 0.980854 0.557471
101 0.484969 0.86523 0.959023 0.26954
54 0.489258 0.450575 0.976956 0.901149
78 0.493546 0.801149 0.987092 0.397701
50 0.494716 0.131753 0.975397 0.263506
101 0.494716 0.131753 0.975397 0.263506
110 0.493546 0.385057 0.987092 0.758621
67 0.529802 0.587931 0.905224 0.335632
111 0.496665 0.810345 0.990211 0.37931
74 0.485749 0.198851 0.959023 0.397701
102 0.494716 0.131753 0.975397 0.263506
67 0.496275 0.888793 0.975397 0.222414
73 0.494326 0.47069 0.976176 0.594253
95 0.495105 0.925287 0.985533 0.149425
16 0.488868 0.524713 0.965261 0.489655
6 0.495105 0.499425 0.987092 0.545977
56 0.640226 0.596552 0.693732 0.316092
77 0.494716 0.131753 0.975397 0.263506
101 0.500173 0.68046 0.970719 0.63908
2 0.495105 0.527586 0.983973 0.482759
78 0.495885 0.519828 0.952786 0.479885
79 0.495885 0.519828 0.952786 0.479885
104 0.495885 0.519828 0.952786 0.479885
108 0.495885 0.519828 0.952786 0.479885
74 0.495885 0.519828 0.952786 0.479885
105 0.497055 0.523563 0.952006 0.488506
81 0.495885 0.519828 0.952786 0.479885
78 0.495495 0.591954 0.976956 0.347126
80 0.510916 0.467529 0.978169 0.571839
33 0.510916 0.467529 0.978169 0.571839
79 0.495495 0.591954 0.976956 0.347126
66 0.495885 0.519828 0.952786 0.479885
104 0.495495 0.591954 0.976956 0.347126
42 0.50914 0.451724 0.960582 0.611494
105 0.495495 0.591954 0.976956 0.347126
21 0.495885 0.519828 0.952786 0.479885
41 0.50914 0.451724 0.960582 0.611494
74 0.495495 0.591954 0.976956 0.347126
108 0.495495 0.591954 0.976956 0.347126
75 0.510916 0.467529 0.978169 0.571839
81 0.495495 0.591954 0.976956 0.347126
52 0.50914 0.451724 0.960582 0.611494
17 0.512865 0.476509 0.97427 0.57342
95 0.495885 0.519828 0.952786 0.479885
54 0.510916 0.467529 0.978169 0.571839
66 0.495495 0.591954 0.976956 0.347126
10 0.495885 0.519828 0.952786 0.479885
74 0.550464 0.468966 0.874816 0.796552
97 0.50914 0.451724 0.960582 0.611494
108 0.481461 0.385345 0.930174 0.45
74 0.481461 0.385345 0.930174 0.45
32 0.495885 0.519828 0.952786 0.479885
84 0.510916 0.467529 0.978169 0.571839
103 0.510916 0.467529 0.978169 0.571839
105 0.50992 0.437284 0.960582 0.543822
42 0.481461 0.385345 0.930174 0.45
78 0.481461 0.385345 0.930174 0.45
76 0.506021 0.0533046 0.952785 0.106609
80 0.481461 0.385345 0.930174 0.45
80 0.495885 0.563362 0.979295 0.397414
33 0.495885 0.563362 0.979295 0.397414
97 0.506801 0.0622126 0.952786 0.124425
67 0.495885 0.519828 0.952786 0.479885
74 0.600191 0.5 0.799619 1
56 0.495885 0.519828 0.952786 0.479885
79 0.481461 0.385345 0.930174 0.45
33 0.481461 0.385345 0.930174 0.45
108 0.550464 0.468966 0.874816 0.796552
50 0.506021 0.0533046 0.952785 0.106609
78 0.550464 0.468966 0.874816 0.796552
48 0.502123 0.0564655 0.963701 0.112931
41 0.481461 0.385345 0.930174 0.45
95 0.495495 0.591954 0.976956 0.347126
28 0.495495 0.510632 0.952006 0.483333
109 0.502123 0.517816 0.969939 0.47931
73 0.506021 0.0533046 0.952785 0.106609
78 0.499784 0.494253 0.971498 0.541379
78 0.50836 0.411494 0.960582 0.772414
79 0.499784 0.494253 0.971498 0.541379
108 0.497834 0.453736 0.975397 0.612069
104 0.499784 0.494253 0.971498 0.541379
81 0.499784 0.494253 0.971498 0.541379
66 0.499784 0.494253 0.971498 0.541379
79 0.50992 0.576437 0.930954 0.386207
78 0.50992 0.576437 0.930954 0.386207
81 0.50992 0.576437 0.930954 0.386207
74 0.499784 0.494253 0.971498 0.541379
108 0.555142 0.538506 0.842069 0.44023
104 0.50992 0.576437 0.930954 0.386207
79 0.50836 0.411494 0.960582 0.772414
50 0.495885 0.445977 0.954345 0.632184
78 0.643637 0.583908 0.694707 0.352874
33 0.497834 0.453736 0.975397 0.612069
66 0.50836 0.411494 0.960582 0.772414
79 0.643637 0.583908 0.694707 0.352874
75 0.495885 0.48398 0.960582 0.556178
81 0.510699 0.524425 0.957464 0.472989
104 0.510699 0.524425 0.957464 0.472989
78 0.495105 0.576006 0.976176 0.374425
104 0.50797 0.378736 0.964481 0.757471
78 0.50836 0.436207 0.963701 0.665517
79 0.510699 0.524425 0.957464 0.472989
108 0.50797 0.378736 0.964481 0.757471
81 0.50797 0.378736 0.964481 0.757471
105 0.510699 0.524425 0.957464 0.472989
81 0.499784 0.596552 0.955904 0.331034
79 0.50797 0.378736 0.964481 0.757471
104 0.499784 0.596552 0.955904 0.331034
105 0.50797 0.378736 0.964481 0.757471
108 0.499784 0.519253 0.944989 0.46954
95 0.506021 0.381897 0.971498 0.763793
105 0.486529 0.592098 0.973058 0.349138
56 0.506021 0.382184 0.971498 0.764368
103 0.507581 0.383333 0.962142 0.766667
84 0.507581 0.383333 0.962142 0.766667
80 0.507581 0.383333 0.962142 0.766667
79 0.520056 0.588362 0.921598 0.342816
78 0.17777 0.46092 0.313827 0.596552
67 0.506021 0.381897 0.971498 0.763793
78 0.588669 0.597126 0.803084 0.311494
68 0.506021 0.381897 0.971498 0.763793
53 0.506021 0.381897 0.971498 0.763793
108 0.520056 0.588362 0.921598 0.342816
79 0.502123 0.537069 0.943429 0.437356
108 0.497834 0.51408 0.962921 0.47069
78 0.497834 0.51408 0.962921 0.47069
104 0.502123 0.537069 0.943429 0.437356
66 0.495885 0.536782 0.952786 0.443678
81 0.502123 0.537069 0.943429 0.437356
74 0.494716 0.53592 0.958243 0.436207
33 0.497834 0.51408 0.962921 0.47069
79 0.589351 0.587356 0.77677 0.331035
79 0.511479 0.456035 0.973058 0.614368
108 0.504462 0.420977 0.952786 0.695977
80 0.504462 0.510345 0.946548 0.478161
17 0.495885 0.512356 0.960582 0.467241
54 0.503292 0.448563 0.944209 0.615517
79 0.681062 0.568391 0.608941 0.374713
74 0.511479 0.456035 0.973058 0.614368
79 0.499784 0.544828 0.969939 0.428736
79 0.509356 0.446839 0.981287 0.633908
108 0.495885 0.484411 0.960582 0.562213
33 0.506238 0.468678 0.987525 0.582184
81 0.499784 0.544828 0.969939 0.428736
78 0.501343 0.533621 0.971498 0.443103
17 0.506238 0.468678 0.987525 0.582184
104 0.499784 0.544828 0.969939 0.428736
105 0.499784 0.544828 0.969939 0.428736
66 0.491987 0.543534 0.959023 0.437069
74 0.491987 0.543534 0.959023 0.437069
80 0.512649 0.450575 0.950446 0.625287
78 0.509356 0.446839 0.981287 0.633908
41 0.506238 0.468678 0.987525 0.582184
14 0.506238 0.468678 0.987525 0.582184
15 0.512649 0.450575 0.950446 0.625287
16 0.512649 0.450575 0.950446 0.625287
13 0.491987 0.543534 0.959023 0.437069
21 0.491987 0.543534 0.959023 0.437069
79 0.530971 0.598851 0.896648 0.314943
66 0.509356 0.446839 0.981287 0.633908
79 0.497834 0.496049 0.947328 0.53204
78 0.497834 0.496049 0.947328 0.53204
79 0.546565 0.582184 0.868579 0.364368
108 0.497834 0.496049 0.947328 0.53204
79 0.720047 0.593678 0.538768 0.333333
81 0.573854 0.589512 0.826475 0.345115
81 0.506021 0.502012 0.965261 0.501724
81 0.745777 0.598994 0.487308 0.328448
104 0.505241 0.502586 0.963701 0.52931
66 0.497834 0.497988 0.950446 0.504023
78 0.546565 0.582184 0.868579 0.364368
79 0.498224 0.488506 0.979295 0.541379
108 0.492376 0.45546 0.976956 0.608621
78 0.492376 0.45546 0.976956 0.608621
81 0.498224 0.488506 0.979295 0.541379
104 0.490427 0.455747 0.968379 0.6
79 0.527463 0.558621 0.91458 0.397701
80 0.494716 0.456322 0.975397 0.606897
108 0.500953 0.489655 0.972278 0.51954
79 0.503682 0.589799 0.969939 0.326149
79 0.500563 0.511494 0.968379 0.485057
108 0.781253 0.598276 0.408559 0.312644
74 0.503682 0.589799 0.969939 0.326149
108 0.516937 0.573563 0.932514 0.354023
66 0.503682 0.589799 0.969939 0.326149
108 0.780473 0.49569 0.417916 0.53046
66 0.500953 0.489655 0.972278 0.51954
79 0.793533 0.602299 0.383999 0.302299
74 0.500953 0.489655 0.972278 0.51954
108 0.500173 0.37931 0.970719 0.756322
78 0.500953 0.489655 0.972278 0.51954
108 0.869943 0.47931 0.249892 0.558621
108 0.655332 0.593678 0.663519 0.317241
108 0.421814 0.425287 0.793728 0.57931
79 0.501343 0.396839 0.971498 0.714368
104 0.500563 0.511494 0.968379 0.485057
108 0.680672 0.48556 0.612839 0.54727
78 0.503682 0.589799 0.969939 0.326149
79 0.655625 0.602874 0.661375 0.296552
74 0.793533 0.602299 0.383999 0.302299
66 0.793533 0.602299 0.383999 0.302299
108 0.502512 0.453736 0.955125 0.614368
79 0.505241 0.491882 0.952785 0.549569
80 0.508966 0.453736 0.982067 0.627011
33 0.508966 0.453736 0.982067 0.627011
78 0.502902 0.459483 0.955904 0.605172
66 0.502512 0.453736 0.955125 0.614368
74 0.502512 0.453736 0.955125 0.614368
108 0.507581 0.571408 0.94031 0.388218
79 0.495105 0.587931 0.971498 0.370115
13 0.505241 0.491882 0.952785 0.549569
14 0.0360121 0.450862 0.0664689 0.0448276
7 0.0360121 0.450862 0.0664689 0.0448276
17 0.500953 0.482687 0.955125 0.570259
16 0.0360121 0.450862 0.0664689 0.0448276
104 0.503682 0.469828 0.954345 0.591379
108 0.800745 0.494828 0.377372 0.506896
14 0.503682 0.469828 0.954345 0.591379
79 0.753184 0.596552 0.469376 0.309195
108 0.838171 0.472414 0.299402 0.685057
108 0.495885 0.458908 0.943429 0.592529
79 0.502902 0.525287 0.946548 0.465517
78 0.504462 0.513506 0.957464 0.492529
108 0.535649 0.542385 0.901326 0.437069
74 0.502902 0.525287 0.946548 0.465517
80 0.493546 0.457184 0.94031 0.605172
33 0.493546 0.457184 0.94031 0.605172
79 0.55982 0.584483 0.842069 0.355172
104 0.50836 0.504598 0.954345 0.512644
17 0.500563 0.526724 0.948107 0.462644
66 0.495885 0.458908 0.943429 0.592529
108 0.691978 0.544684 0.602703 0.402586
108 0.7641 0.576437 0.45846 0.342529
108 0.759811 0.46954 0.468596 0.566667
108 0.531751 0.398851 0.913801 0.797701
108 0.659621 0.463793 0.670536 0.573563
13 0.502902 0.525287 0.946548 0.465517
54 0.493546 0.457184 0.94031 0.605172
108 0.836611 0.468391 0.316556 0.594253
108 0.502123 0.459195 0.954345 0.598851
79 0.501343 0.489655 0.955904 0.551724
78 0.501343 0.489655 0.955904 0.551724
108 0.529412 0.537931 0.912241 0.425287
80 0.502123 0.459195 0.954345 0.598851
66 0.501343 0.489655 0.955904 0.551724
79 0.53409 0.573563 0.899766 0.36092
74 0.502123 0.459195 0.954345 0.598851
108 0.736031 0.425 0.505241 0.667241
33 0.502123 0.459195 0.954345 0.598851
108 0.548514 0.384483 0.895868 0.768966
104 0.501343 0.489655 0.955904 0.551724
108 0.499004 0.47069 0.968379 0.586207
78 0.504462 0.488506 0.963701 0.547126
79 0.499004 0.47069 0.968379 0.586207
33 0.498224 0.459195 0.987092 0.602299
74 0.506627 0.461782 0.986745 0.60977
108 0.793728 0.480172 0.385169 0.55
80 0.495885 0.461207 0.976176 0.608621
108 0.657672 0.477299 0.655722 0.548851
66 0.506627 0.461782 0.986745 0.60977
108 0.8639 0.49023 0.247943 0.53908
54 0.495885 0.461207 0.976176 0.608621
79 0.868384 0.582759 0.240535 0.344828
108 0.497834 0.443103 0.96604 0.624138
79 0.496665 0.49569 0.952786 0.523563
78 0.50914 0.498276 0.962142 0.532184
108 0.30642 0.448851 0.548904 0.610345
66 0.496665 0.49569 0.952786 0.523563
78 0.385851 0.448276 0.697241 0.616092
74 0.496665 0.49569 0.952786 0.523563
80 0.497834 0.443103 0.96604 0.624138
79 0.88205 0.484483 0.2359 0.55977
108 0.88205 0.484483 0.2359 0.55977
79 0.385851 0.448276 0.697241 0.616092
79 0.824721 0.476437 0.33098 0.565517
79 0.803864 0.577586 0.361778 0.341379
108 0.824721 0.476437 0.33098 0.565517
53 0.495105 0.436782 0.949667 0.627586
108 0.940137 0.486207 0.119726 0.572414
79 0.940137 0.486207 0.119726 0.572414
79 0.693148 0.57931 0.58477 0.33908
33 0.497834 0.443103 0.96604 0.624138
108 0.502512 0.444828 0.969159 0.639081
79 0.505241 0.48046 0.96682 0.549425
78 0.505241 0.48046 0.96682 0.549425
66 0.505241 0.48046 0.96682 0.549425
74 0.505241 0.48046 0.96682 0.549425
33 0.476393 0.453161 0.902885 0.624713
108 0.506021 0.558046 0.94187 0.386207
108 0.356905 0.452874 0.66157 0.625287
17 0.467816 0.449425 0.887291 0.616092
75 0.505241 0.456609 0.963701 0.613218
80 0.476393 0.453161 0.902885 0.624713
79 0.506021 0.558046 0.94187 0.386207
23 0.476393 0.453161 0.902885 0.624713
108 0.676774 0.514368 0.615958 0.472414
104 0.505241 0.456609 0.963701 0.613218
108 0.784372 0.531035 0.400762 0.450575
108 0.511869 0.500503 0.969159 0.515086
79 0.502123 0.517241 0.962142 0.48046
78 0.511869 0.500503 0.969159 0.515086
66 0.511869 0.500503 0.969159 0.515086
74 0.511869 0.500503 0.969159 0.515086
108 0.77638 0.480172 0.427662 0.539655
33 0.511869 0.500503 0.969159 0.515086
80 0.511869 0.500503 0.969159 0.515086
108 0.766829 0.555747 0.445205 0.389655
104 0.50992 0.507184 0.968379 0.505172
48 0.511869 0.500503 0.969159 0.515086
17 0.511869 0.500503 0.969159 0.515086
108 0.586719 0.541523 0.803864 0.418103
53 0.511869 0.500503 0.969159 0.515086
108 0.489648 0.448276 0.963701 0.610345
79 0.501733 0.496624 0.978515 0.522845
78 0.504462 0.472917 0.976176 0.56681
66 0.504462 0.472917 0.976176 0.56681
108 0.344235 0.44569 0.654163 0.592529
33 0.489648 0.439655 0.960582 0.634483
74 0.502902 0.450287 0.977736 0.614368
108 0.247358 0.461207 0.45807 0.587931
108 0.505631 0.445115 0.962921 0.617816
79 0.510309 0.45977 0.958243 0.590805
78 0.500563 0.444828 0.948107 0.612644
74 0.510309 0.45977 0.958243 0.590805
108 0.721606 0.487644 0.53409 0.533908
108 0.601241 0.532184 0.781058 0.444828
53 0.505631 0.445115 0.962921 0.617816
66 0.510309 0.45977 0.958243 0.590805
108 0.856104 0.5 0.263536 0.52069
79 0.505241 0.522989 0.968379 0.475862
78 0.496665 0.450575 0.952786 0.611494
108 0.496665 0.450575 0.952786 0.611494
104 0.503682 0.507471 0.96682 0.503448
81 0.504072 0.498563 0.962922 0.520115
74 0.499784 0.521264 0.959023 0.475862
53 0.496665 0.450575 0.952786 0.611494
80 0.496665 0.450575 0.952786 0.611494
66 0.504072 0.498563 0.962922 0.520115
108 0.86468 0.479382 0.251061 0.556178
105 0.504072 0.498563 0.962922 0.520115
79 0.506021 0.594397 0.962142 0.333046
33 0.496665 0.450575 0.952786 0.611494
108 0.757082 0.493678 0.45846 0.521839
108 0.490037 0.450575 0.953565 0.609195
78 0.503292 0.48046 0.964481 0.56092
79 0.506801 0.495115 0.963701 0.525862
66 0.503292 0.48046 0.964481 0.56092
53 0.503292 0.48046 0.964481 0.56092
108 0.7641 0.528736 0.450663 0.44023
74 0.503292 0.48046 0.964481 0.56092
108 0.732912 0.47579 0.514598 0.554167
52 0.497444 0.458908 0.954345 0.599425
108 0.495885 0.450862 0.960582 0.620115
78 0.502123 0.456322 0.973058 0.61954
79 0.502902 0.45431 0.971498 0.615517
66 0.502123 0.456322 0.973058 0.61954
80 0.488868 0.454023 0.952786 0.606897
33 0.488868 0.454023 0.952786 0.606897
74 0.502123 0.456322 0.973058 0.61954
54 0.488868 0.454023 0.952786 0.606897
48 0.488868 0.454023 0.952786 0.606897
108 0.505458 0.453448 0.989084 0.608046
78 0.495885 0.469612 0.963701 0.571121
79 0.501733 0.490517 0.952006 0.527012
74 0.495885 0.469612 0.963701 0.571121
66 0.495885 0.469612 0.963701 0.571121
33 0.491987 0.453161 0.949667 0.61092
108 0.496665 0.455172 0.957464 0.602299
79 0.502123 0.477012 0.959023 0.566667
78 0.502123 0.477012 0.959023 0.566667
108 0.898207 0.481322 0.187126 0.646552
66 0.498224 0.456897 0.965261 0.598851
108 0.240925 0.461782 0.436628 0.582184
79 0.898207 0.481322 0.187126 0.646552
53 0.498224 0.456897 0.965261 0.598851
108 0.495105 0.451149 0.951226 0.610345
79 0.497444 0.461207 0.959023 0.599425
108 0.272113 0.451724 0.474833 0.605747
78 0.493936 0.448851 0.947328 0.606897
108 0.497055 0.450575 0.952006 0.61954
78 0.494326 0.451149 0.951226 0.608046
79 0.494326 0.451149 0.951226 0.608046
17 0.497055 0.450575 0.952006 0.61954
33 0.504462 0.460345 0.965261 0.594253
66 0.505241 0.486207 0.960582 0.542529
108 0.50836 0.450862 0.96682 0.601724
79 0.497055 0.455747 0.945768 0.617241
78 0.497055 0.455747 0.945768 0.617241
108 0.428831 0.397198 0.815559 0.486063
108 0.502123 0.450862 0.960582 0.615517
78 0.491987 0.447414 0.959023 0.625862
108 0.339751 0.451149 0.615568 0.605747
108 0.201551 0.462356 0.336828 0.589081
66 0.491987 0.447414 0.959023 0.625862
108 0.470155 0.375934 0.898207 0.459626
108 0.876376 0.489727 0.218314 0.543534
79 0.491987 0.447414 0.959023 0.625862
53 0.495105 0.445977 0.959023 0.62069
108 0.501733 0.449425 0.956684 0.606897
79 0.490427 0.449713 0.963701 0.621264
66 0.490037 0.444828 0.962921 0.616092
78 0.490037 0.444828 0.962921 0.616092
108 0.387898 0.427586 0.735251 0.554023
108 0.504852 0.449425 0.983194 0.618391
79 0.500563 0.462644 0.977736 0.596552
78 0.500563 0.462644 0.977736 0.596552
66 0.500563 0.462644 0.977736 0.596552
108 0.499784 0.447989 0.980855 0.618966
79 0.50914 0.487356 0.968379 0.541379
74 0.50914 0.487356 0.968379 0.541379
66 0.506021 0.477586 0.974617 0.56092
108 0.365481 0.45 0.679503 0.617241
78 0.506021 0.477586 0.974617 0.56092
108 0.500953 0.449138 0.980075 0.621264
79 0.503292 0.461494 0.976956 0.589655
108 0.812441 0.516092 0.347743 0.470115
79 0.818873 0.564224 0.333319 0.365805
108 0.884172 0.493175 0.205839 0.55158
108 0.765659 0.481537 0.447544 0.556466
78 0.503682 0.455172 0.974617 0.601149
108 0.505241 0.450575 0.983973 0.611494
79 0.502902 0.47579 0.969939 0.558764
53 0.504462 0.456897 0.965261 0.608046
48 0.503682 0.0520115 0.969939 0.104023
108 0.494326 0.458621 0.948107 0.594253
79 0.506801 0.467888 0.963701 0.57227
78 0.502512 0.464296 0.96604 0.582902
66 0.502512 0.464296 0.96604 0.582902
53 0.502512 0.464296 0.96604 0.582902
74 0.502512 0.464296 0.96604 0.582902
108 0.509356 0.450575 0.981287 0.613793
79 0.506411 0.458908 0.970718 0.589081
108 0.909902 0.472701 0.159057 0.577586
53 0.499004 0.450287 0.951226 0.60977
108 0.498224 0.431609 0.954345 0.647126
108 0.907563 0.459483 0.171533 0.607471
79 0.506411 0.462356 0.962922 0.587931
53 0.497444 0.43908 0.954345 0.629885
108 0.495105 0.533621 0.982414 0.447701
108 0.504462 0.446264 0.987092 0.622414
79 0.502123 0.455747 0.971498 0.601149
108 0.908343 0.459195 0.166854 0.581609
78 0.502123 0.455747 0.971498 0.601149
108 0.499784 0.445402 0.952785 0.621839
108 0.904444 0.471552 0.174651 0.583333
78 0.502902 0.463506 0.96682 0.586782
79 0.506021 0.463218 0.960582 0.588506
108 0.862341 0.468391 0.257299 0.6
108 0.493936 0.582759 0.983194 0.351724
108 0.505068 0.454885 0.989864 0.615517
78 0.505241 0.488434 0.963701 0.540374
79 0.505241 0.488434 0.963701 0.540374
108 0.896648 0.482471 0.184008 0.558046
108 0.497055 0.451724 0.948887 0.610345
108 0.909123 0.461207 0.168414 0.597126
108 0.850061 0.468391 0.277181 0.647126
108 0.50914 0.452586 0.965261 0.616667
108 0.91614 0.461782 0.15282 0.583333
108 0.86546 0.464943 0.251061 0.581609
108 0.493936 0.452586 0.953565 0.620115
108 0.881054 0.474713 0.215195 0.590805
108 0.91458 0.445115 0.163736 0.594828
108 0.312267 0.453448 0.544226 0.608046
108 0.488868 0.451149 0.959023 0.611494
108 0.497444 0.448851 0.976176 0.618391
108 0.501343 0.449425 0.943429 0.613793
79 0.504072 0.463147 0.972278 0.586351
108 0.493156 0.455747 0.953565 0.605747
79 0.506801 0.479239 0.957464 0.558764
108 0.502902 0.449425 0.974617 0.618391
108 0.904444 0.453736 0.165295 0.597126
108 0.926492 0.430747 0.147015 0.601724
108 0.977952 0.448851 0.0440958 0.596552
108 0.497834 0.454023 0.936412 0.614943
108 0.905224 0.444253 0.17777 0.598851
108 0.501343 0.580316 0.965261 0.35431
79 0.504072 0.453448 0.969159 0.609195
108 0.95768 0.441954 0.0846398 0.596552
108 0.503682 0.452586 0.949667 0.612069
108 0.913801 0.43908 0.159058 0.621839
108 0.967816 0.418678 0.0643678 0.639655
108 0.87813 0.441667 0.224162 0.63046
79 0.501733 0.456035 0.964481 0.601724
108 0.480681 0.451724 0.905224 0.616092
79 0.499784 0.449713 0.965261 0.615517
108 0.912241 0.427586 0.162176 0.634483
108 0.488478 0.451149 0.91614 0.614943
108 0.910682 0.442529 0.163736 0.624138
108 0.873257 0.443391 0.232349 0.632759
108 0.956121 0.43908 0.0877586 0.627586
108 0.796067 0.461422 0.378931 0.584052
108 0.497834 0.450862 0.934853 0.613218
108 0.904444 0.432184 0.174651 0.62069
108 0.496665 0.450575 0.926276 0.611494
108 0.901326 0.431322 0.184008 0.628161
108 0.0925886 0.451724 0.126895 0.629885
108 0.496275 0.45 0.928615 0.608046
108 0.892749 0.440805 0.194923 0.603448
108 0.0855957 0.458046 0.125092 0.642529
108 0.516374 0.448276 0.967253 0.613793
108 0.891969 0.439152 0.194923 0.586063
79 0.498224 0.450575 0.946548 0.610345
108 0.0883247 0.458908 0.120804 0.633908
108 0.517543 0.451149 0.964914 0.610345
79 0.507581 0.448563 0.962142 0.613218
108 0.893529 0.443032 0.191805 0.572557
108 0.501343 0.454023 0.943429 0.602299
79 0.507191 0.455747 0.962922 0.597701
108 0.513255 0.449425 0.97349 0.614943
79 0.50914 0.456322 0.962142 0.598851
78 0.50914 0.456322 0.962142 0.598851
66 0.50914 0.456322 0.962142 0.598851
108 0.514814 0.449713 0.970372 0.615517
79 0.50992 0.456035 0.959023 0.602874
78 0.50992 0.456035 0.959023 0.602874
108 0.514814 0.448851 0.970372 0.617241
79 0.50992 0.453448 0.955904 0.605747
78 0.50992 0.453448 0.955904 0.605747
108 0.351252 0.450575 0.632331 0.611494
108 0.515204 0.447126 0.969592 0.618391
79 0.50797 0.457759 0.952006 0.595977
108 0.365286 0.450287 0.658061 0.612069
108 0.514034 0.446264 0.971931 0.618966
108 0.499784 0.448276 0.944989 0.611494
108 0.499394 0.449713 0.944209 0.60977
108 0.500173 0.449713 0.942649 0.61092
108 0.500563 0.448276 0.94187 0.613793
108 0.500953 0.447126 0.94109 0.616092
108 0.50914 0.449425 0.952786 0.613793
108 0.50875 0.448563 0.953565 0.616667
108 0.515204 0.449713 0.969592 0.615517
108 0.514598 0.449713 0.969939 0.615517
108 0.511869 0.45 0.9676 0.614943
108 0.50992 0.449713 0.963701 0.615517
108 0.510699 0.449138 0.963701 0.616667
108 0.511869 0.448851 0.969159 0.617241
108 0.512648 0.448563 0.970719 0.617816
108 0.498614 0.447126 0.948887 0.621839
108 0.505241 0.447126 0.963701 0.622989
108 0.505631 0.448276 0.962921 0.621839
79 0.506801 0.447126 0.963701 0.622989
108 0.506801 0.448851 0.962142 0.621839
79 0.506801 0.447701 0.963701 0.621839
108 0.507581 0.447126 0.962142 0.622989
79 0.50797 0.446552 0.962921 0.622989
108 0.50758 0.447126 0.960582 0.622989
108 0.500563 0.448563 0.944989 0.617816
108 0.500953 0.449138 0.945768 0.616667
108 0.500563 0.448563 0.946548 0.617816
108 0.500563 0.448563 0.946548 0.617816
108 0.499784 0.448276 0.946548 0.618391
108 0.500563 0.452299 0.948107 0.610345
108 0.500563 0.452299 0.948107 0.609195
108 0.514034 0.450575 0.971931 0.614943
108 0.500563 0.453448 0.948107 0.608046
108 0.500563 0.453448 0.948107 0.608046
108 0.500953 0.453161 0.947328 0.608621
108 0.500563 0.452874 0.948107 0.609195
108 0.500953 0.452586 0.947328 0.60977
108 0.500953 0.452299 0.947328 0.610345
108 0.500953 0.452299 0.947328 0.610345
108 0.500953 0.452012 0.947328 0.61092
108 0.500953 0.452299 0.947328 0.610345
108 0.501343 0.452586 0.948107 0.60977
108 0.501343 0.452874 0.948107 0.610345
108 0.500953 0.453448 0.947328 0.609195
108 0.500953 0.453448 0.947328 0.609195
108 0.500953 0.454023 0.947328 0.608046
108 0.500953 0.454023 0.947328 0.608046
108 0.500953 0.454023 0.947328 0.608046
108 0.501343 0.454023 0.948107 0.608046
108 0.500953 0.454023 0.947328 0.608046
108 0.500953 0.454023 0.947328 0.608046
108 0.500953 0.453736 0.947328 0.608621
108 0.500953 0.453736 0.947328 0.608621
108 0.501343 0.453448 0.946548 0.609195
108 0.501343 0.453448 0.946548 0.609195
108 0.501343 0.453448 0.946548 0.608046
108 0.500953 0.453448 0.947328 0.608046
108 0.501343 0.453448 0.946548 0.608046
108 0.501343 0.453448 0.946548 0.608046
108 0.501343 0.453736 0.946548 0.607471
108 0.501343 0.454023 0.946548 0.606897
108 0.501343 0.454023 0.946548 0.606897
108 0.501343 0.454023 0.946548 0.606897
108 0.501343 0.45431 0.946548 0.606322
108 0.501343 0.45431 0.946548 0.606322
108 0.501343 0.45431 0.946548 0.606322
108 0.501343 0.454598 0.946548 0.606897
108 0.501343 0.454598 0.946548 0.606897
108 0.501343 0.454598 0.946548 0.606897
108 0.500953 0.454598 0.947328 0.606897
108 0.500953 0.454598 0.947328 0.606897
108 0.500953 0.454598 0.947328 0.606897
108 0.500953 0.454598 0.947328 0.606897
108 0.500563 0.454598 0.948107 0.606897
108 0.500953 0.454598 0.947328 0.606897
108 0.500563 0.454598 0.948107 0.606897
108 0.500563 0.454598 0.948107 0.606897
108 0.500563 0.45431 0.948107 0.607471
108 0.500563 0.45431 0.948107 0.607471
108 0.500563 0.45431 0.948107 0.607471
108 0.500563 0.454023 0.948107 0.608046
108 0.500563 0.454023 0.948107 0.608046
108 0.500563 0.454023 0.948107 0.608046
108 0.500563 0.454023 0.948107 0.608046
108 0.500563 0.454023 0.948107 0.608046
108 0.500563 0.454023 0.948107 0.608046
108 0.500563 0.453736 0.948107 0.608621
108 0.500563 0.454023 0.948107 0.609195
108 0.500563 0.454023 0.948107 0.609195
108 0.500563 0.454023 0.948107 0.609195
108 0.500563 0.454023 0.948107 0.609195
108 0.500563 0.454023 0.948107 0.609195
108 0.499784 0.454023 0.948107 0.609195
108 0.500173 0.454023 0.947328 0.609195
108 0.500173 0.454023 0.947328 0.609195
48 0.866846 0.0561782 0.266308 0.112356
108 0.500173 0.454023 0.947328 0.609195
48 0.868405 0.0560345 0.26319 0.112069
108 0.500173 0.454598 0.947328 0.609195
48 0.869965 0.0557471 0.260071 0.111494
108 0.499784 0.454598 0.948107 0.609195
48 0.871719 0.0556753 0.256562 0.111351
108 0.499784 0.454598 0.948107 0.609195
48 0.873863 0.0554598 0.252274 0.11092
108 0.499784 0.454598 0.948107 0.609195
48 0.875422 0.0552443 0.249155 0.110489
79 0.506021 0.452874 0.965261 0.611494
108 0.499784 0.454598 0.948107 0.609195
48 0.876982 0.0551724 0.246036 0.110345
79 0.506021 0.452299 0.965261 0.612644
108 0.499784 0.45431 0.946548 0.60977
48 0.878541 0.0550287 0.242918 0.110057
79 0.506021 0.452299 0.965261 0.612644
108 0.499784 0.454023 0.946548 0.610345
79 0.506021 0.452012 0.965261 0.613218
48 0.879321 0.0550287 0.241358 0.110057
108 0.499784 0.454023 0.946548 0.610345
79 0.506021 0.451724 0.965261 0.613793
48 0.880101 0.0551724 0.239799 0.110345
108 0.499394 0.454023 0.947328 0.610345
79 0.506021 0.451724 0.965261 0.613793
48 0.88088 0.0551724 0.238239 0.110345
108 0.499394 0.454598 0.947328 0.610345
79 0.505241 0.451724 0.965261 0.613793
48 0.88205 0.0552443 0.2359 0.110489
108 0.499004 0.454598 0.948107 0.610345
79 0.505631 0.452012 0.96604 0.613218
48 0.883414 0.0553879 0.233171 0.110776
108 0.499004 0.454598 0.948107 0.610345
79 0.505241 0.452012 0.965261 0.613218
48 0.884389 0.0555316 0.231222 0.111063
108 0.499004 0.45431 0.948107 0.61092
79 0.505631 0.452299 0.96604 0.613793
108 0.499004 0.45431 0.948107 0.61092
79 0.505241 0.452012 0.965261 0.614368
108 0.499004 0.454023 0.948107 0.611494
79 0.505241 0.451724 0.96682 0.614943
108 0.499004 0.454023 0.949667 0.611494
79 0.505241 0.451724 0.965261 0.614943
108 0.499004 0.454023 0.949667 0.611494
79 0.505241 0.451724 0.96682 0.614943
108 0.499004 0.454023 0.949667 0.611494
79 0.505241 0.451149 0.965261 0.616092
108 0.499004 0.454023 0.948107 0.611494
79 0.505241 0.451437 0.965261 0.615517
108 0.499004 0.454023 0.948107 0.611494
79 0.505241 0.451724 0.96682 0.616092
108 0.498614 0.454023 0.948887 0.611494
79 0.505241 0.451437 0.965261 0.615517
108 0.499004 0.453736 0.948107 0.612069
79 0.505241 0.451724 0.96682 0.616092
108 0.499004 0.453736 0.948107 0.612069
79 0.505241 0.451724 0.96682 0.616092
108 0.499004 0.454023 0.948107 0.611494
79 0.505241 0.452012 0.965261 0.615517
108 0.499004 0.454023 0.948107 0.611494
79 0.505241 0.452012 0.96682 0.615517
108 0.499004 0.453736 0.949667 0.612069
79 0.505241 0.452012 0.96682 0.615517
108 0.499004 0.453736 0.948107 0.612069
79 0.505241 0.452012 0.96682 0.615517
108 0.499004 0.453448 0.948107 0.612644
79 0.505241 0.452012 0.96682 0.615517
108 0.499004 0.453448 0.948107 0.612644
79 0.505241 0.451724 0.96682 0.616092
108 0.499004 0.454023 0.948107 0.612644
79 0.505241 0.451724 0.96682 0.616092
108 0.499004 0.453736 0.948107 0.613218
79 0.505241 0.451724 0.965261 0.616092
108 0.499004 0.453448 0.948107 0.613793
79 0.505241 0.451437 0.965261 0.616667
108 0.499004 0.453448 0.949667 0.613793
79 0.504852 0.451437 0.96604 0.616667
108 0.499004 0.453448 0.948107 0.613793
79 0.505241 0.451149 0.965261 0.617241
108 0.499004 0.453448 0.949667 0.613793
79 0.499004 0.449425 0.948107 0.62069
108 0.499004 0.453448 0.949667 0.613793
79 0.499004 0.449425 0.948107 0.62069
108 0.499004 0.453736 0.949667 0.614368
79 0.499004 0.449425 0.948107 0.62069
108 0.499004 0.453448 0.949667 0.613793
79 0.499004 0.449425 0.948107 0.62069
108 0.499004 0.453448 0.949667 0.614943
79 0.499004 0.449425 0.948107 0.62069
108 0.499004 0.453448 0.949667 0.614943
79 0.499004 0.449425 0.948107 0.62069
108 0.499004 0.453448 0.949667 0.614943
79 0.499004 0.449425 0.948107 0.62069
108 0.499004 0.453448 0.949667 0.614943
79 0.499004 0.449138 0.948107 0.621264
108 0.499004 0.453448 0.949667 0.614943
79 0.499004 0.449425 0.948107 0.62069
108 0.499004 0.453448 0.949667 0.614943
79 0.499004 0.449425 0.948107 0.62069
108 0.499004 0.453448 0.949667 0.614943
108 0.499004 0.453736 0.949667 0.614368
108 0.499004 0.453448 0.949667 0.614943
108 0.499004 0.453448 0.949667 0.614943
108 0.499004 0.453448 0.949667 0.614943
108 0.499004 0.453448 0.949667 0.614943
108 0.498224 0.453448 0.949667 0.614943
108 0.499004 0.453448 0.949667 0.614943
79 0.498614 0.449425 0.948887 0.62069
108 0.498224 0.453448 0.949667 0.614943
79 0.498614 0.449713 0.948887 0.620115
108 0.498224 0.453448 0.949667 0.614943
79 0.498224 0.449425 0.949667 0.62069
108 0.512475 0.451724 0.97505 0.618391
79 0.498224 0.449713 0.949667 0.620115
108 0.498614 0.453448 0.950446 0.614943
79 0.498224 0.449713 0.949667 0.620115
108 0.512475 0.451149 0.97505 0.618391
108 0.512475 0.451149 0.97505 0.618391
108 0.512475 0.451149 0.97505 0.618391
108 0.512259 0.449138 0.971498 0.618966
108 0.512259 0.449425 0.971498 0.618391
108 0.512259 0.449425 0.971498 0.618391
108 0.512259 0.449425 0.971498 0.618391
108 0.512259 0.449425 0.971498 0.618391
108 0.512259 0.449425 0.971498 0.618391
108 0.512259 0.449138 0.971498 0.617816
108 0.512259 0.448851 0.971498 0.618391
108 0.511479 0.449138 0.971498 0.617816
108 0.511479 0.449138 0.971498 0.617816
108 0.511479 0.449138 0.969939 0.617816
108 0.511479 0.449138 0.971498 0.617816
108 0.511479 0.448851 0.969939 0.617241
108 0.511479 0.449138 0.971498 0.617816
108 0.511479 0.448851 0.971498 0.617241
108 0.511479 0.448851 0.971498 0.617241
108 0.498224 0.453161 0.951226 0.615517
108 0.498224 0.452874 0.951226 0.616092
108 0.498224 0.453161 0.951226 0.615517
108 0.498224 0.453161 0.951226 0.615517
108 0.498224 0.453448 0.951226 0.616092
108 0.498224 0.453448 0.951226 0.614943
108 0.498224 0.453448 0.951226 0.616092
108 0.498224 0.453448 0.951226 0.616092
108 0.498224 0.453448 0.951226 0.616092
108 0.498224 0.453448 0.951226 0.616092
108 0.498224 0.453736 0.951226 0.615517
108 0.498224 0.453736 0.951226 0.615517
108 0.498224 0.454023 0.951226 0.614943
108 0.510309 0.449138 0.969159 0.616667
108 0.510309 0.449138 0.969159 0.616667
108 0.510309 0.449138 0.969159 0.616667
108 0.510309 0.449138 0.969159 0.616667
108 0.510309 0.449138 0.969159 0.616667
108 0.50992 0.449138 0.968379 0.616667
108 0.50953 0.449138 0.9676 0.616667
108 0.50992 0.449138 0.968379 0.616667
108 0.50953 0.449138 0.9676 0.616667
108 0.50953 0.449138 0.9676 0.616667
108 0.50953 0.449138 0.9676 0.616667
108 0.50992 0.449138 0.96682 0.616667
108 0.50992 0.449138 0.96682 0.616667
108 0.50914 0.449138 0.96682 0.616667
108 0.50875 0.449138 0.96604 0.616667
108 0.50875 0.449138 0.96604 0.616667
108 0.50875 0.449138 0.96604 0.616667
108 0.50875 0.449138 0.96604 0.616667
108 0.50875 0.449425 0.96604 0.616092
108 0.50836 0.449138 0.965261 0.616667
108 0.50797 0.449425 0.964481 0.616092
108 0.50797 0.449425 0.964481 0.616092
108 0.50797 0.449425 0.964481 0.616092
108 0.50797 0.449425 0.964481 0.616092
108 0.50797 0.449425 0.964481 0.616092
108 0.50758 0.449425 0.963701 0.616092
108 0.50758 0.449425 0.963701 0.616092
108 0.50758 0.449425 0.963701 0.616092
108 0.507191 0.449425 0.962922 0.616092
108 0.507191 0.449425 0.962922 0.616092
108 0.507191 0.449425 0.962922 0.616092
108 0.507191 0.449425 0.962922 0.616092
108 0.507191 0.449425 0.962922 0.616092
108 0.507191 0.449425 0.962922 0.616092
108 0.506801 0.449425 0.962142 0.616092
108 0.506801 0.449425 0.962142 0.616092
108 0.506801 0.449425 0.962142 0.616092
108 0.506801 0.449425 0.962142 0.616092
108 0.506801 0.449425 0.962142 0.616092
108 0.506411 0.449425 0.961362 0.616092
108 0.506411 0.449425 0.961362 0.616092
108 0.506411 0.449425 0.961362 0.616092
108 0.506411 0.449425 0.961362 0.616092
108 0.506801 0.449138 0.960582 0.616667
108 0.506021 0.449425 0.960582 0.616092
108 0.506021 0.449138 0.960582 0.616667
108 0.506021 0.449138 0.959023 0.616667
108 0.506021 0.449138 0.960582 0.616667
108 0.506021 0.449138 0.959023 0.616667
108 0.506021 0.449138 0.959023 0.616667
108 0.506021 0.449138 0.959023 0.616667
108 0.506021 0.449425 0.959023 0.616092
108 0.506021 0.449138 0.959023 0.616667
108 0.506021 0.449138 0.959023 0.616667
108 0.506021 0.449138 0.959023 0.616667
108 0.506021 0.449138 0.959023 0.616667
108 0.506021 0.449425 0.959023 0.616092
108 0.499004 0.453448 0.949667 0.614943
