48 0.500452 0.407184 0.963458 0.599425
53 0.499282 0.41092 0.964238 0.595402
79 0.500452 0.407184 0.963458 0.599425
104 0.500452 0.407184 0.963458 0.599425
109 0.500452 0.407184 0.963458 0.599425
95 0.500452 0.407184 0.963458 0.599425
84 0.500452 0.407184 0.963458 0.599425
54 0.508191 0.406322 0.983617 0.6
50 0.507083 0.413793 0.97984 0.610345
49 0.500452 0.407184 0.963458 0.599425
74 0.500452 0.407184 0.963458 0.599425
56 0.508191 0.406322 0.983617 0.6
103 0.500452 0.407184 0.963458 0.599425
101 0.500452 0.407184 0.963458 0.599425
67 0.500452 0.407184 0.963458 0.599425
17 0.508191 0.406322 0.983617 0.6
110 0.500452 0.407184 0.963458 0.599425
76 0.508191 0.406322 0.983617 0.6
97 0.500452 0.407184 0.963458 0.599425
46 0.508191 0.406322 0.983617 0.6
111 0.500452 0.407184 0.963458 0.599425
81 0.499282 0.41092 0.964238 0.595402
68 0.507083 0.413793 0.97984 0.610345
105 0.508191 0.406322 0.983617 0.6
77 0.500452 0.407184 0.963458 0.599425
47 0.507801 0.40546 0.984397 0.606322
99 0.499282 0.41092 0.964238 0.595402
66 0.500452 0.407184 0.963458 0.599425
42 0.508191 0.406322 0.983617 0.6
33 0.500452 0.407184 0.963458 0.599425
80 0.500452 0.407184 0.963458 0.599425
75 0.500452 0.407184 0.963458 0.599425
100 0.500452 0.407184 0.963458 0.599425
51 0.500452 0.407184 0.963458 0.599425
73 0.498111 0.405172 0.960337 0.601149
102 0.507083 0.413793 0.97984 0.610345
11 0.508191 0.406322 0.983617 0.6
16 0.500452 0.407184 0.963458 0.599425
14 0.508191 0.406322 0.983617 0.6
34 0.510142 0.404023 0.979717 0.601149
31 0.500452 0.407184 0.963458 0.599425
5 0.507083 0.413793 0.97984 0.610345
41 0.508191 0.406322 0.983617 0.6
7 0.500452 0.407184 0.963458 0.599425
78 0.498111 0.405172 0.960337 0.601149
38 0.499282 0.41092 0.964238 0.595402
15 0.499282 0.41092 0.964238 0.595402
0 0.499282 0.41092 0.964238 0.595402
12 0.498111 0.405172 0.960337 0.601149
21 0.500452 0.407184 0.963458 0.599425
108 0.508191 0.406322 0.983617 0.6
28 0.500452 0.407184 0.963458 0.599425
48 0.539068 0.511494 0.91743 0.42069
4 0.508191 0.406322 0.983617 0.6
94 0.499282 0.41092 0.964238 0.595402
52 0.507083 0.413793 0.97984 0.610345
101 0.537508 0.510058 0.91899 0.421264
8 0.508191 0.406322 0.983617 0.6
50 0.539068 0.511494 0.91743 0.42069
54 0.482509 0.562644 0.954096 0.282759
24 0.507083 0.413793 0.97984 0.610345
53 0.482509 0.562644 0.954096 0.282759
55 0.508191 0.406322 0.983617 0.6
92 0.505523 0.420402 0.982961 0.586782
46 0.482509 0.562644 0.954096 0.282759
48 0.482509 0.562644 0.954096 0.282759
110 0.482509 0.562644 0.954096 0.282759
75 0.539068 0.511494 0.91743 0.42069
65 0.498111 0.405172 0.960337 0.601149
6 0.508191 0.406322 0.983617 0.6
52 0.539068 0.511494 0.91743 0.42069
79 0.482509 0.562644 0.954096 0.282759
36 0.500452 0.407184 0.963458 0.599425
48 0.647603 0.55158 0.690998 0.340517
67 0.482509 0.562644 0.954096 0.282759
72 0.507801 0.40546 0.984397 0.606322
109 0.539068 0.511494 0.91743 0.42069
75 0.647603 0.55158 0.690998 0.340517
13 0.508191 0.406322 0.983617 0.6
62 0.507801 0.40546 0.984397 0.606322
101 0.482509 0.562644 0.954096 0.282759
54 0.462616 0.482759 0.91587 0.450575
49 0.539068 0.511494 0.91743 0.42069
88 0.507083 0.413793 0.97984 0.610345
49 0.482509 0.562644 0.954096 0.282759
74 0.482509 0.562644 0.954096 0.282759
19 0.49226 0.404598 0.97672 0.6
17 0.482509 0.562644 0.954096 0.282759
84 0.537508 0.510058 0.91899 0.421264
42 0.482509 0.562644 0.954096 0.282759
101 0.594067 0.557615 0.799631 0.328448
84 0.482509 0.562644 0.954096 0.282759
47 0.482509 0.562644 0.954096 0.282759
46 0.462616 0.482759 0.91587 0.450575
74 0.462616 0.482759 0.91587 0.450575
53 0.539068 0.511494 0.91743 0.42069
79 0.462616 0.482759 0.91587 0.450575
111 0.493821 0.408621 0.950195 0.608046
54 0.493821 0.408621 0.950195 0.608046
48 0.492651 0.389368 0.943174 0.638506
56 0.493821 0.408621 0.950195 0.608046
109 0.492651 0.389368 0.943174 0.638506
80 0.493821 0.408621 0.950195 0.608046
75 0.493821 0.408621 0.950195 0.608046
46 0.493821 0.408621 0.950195 0.608046
99 0.493821 0.408621 0.950195 0.608046
81 0.493821 0.408621 0.950195 0.608046
104 0.493821 0.408621 0.950195 0.608046
66 0.492651 0.389368 0.943174 0.638506
84 0.492651 0.389368 0.943174 0.638506
95 0.493821 0.408621 0.950195 0.608046
103 0.493821 0.408621 0.950195 0.608046
105 0.493821 0.408621 0.950195 0.608046
110 0.493821 0.408621 0.950195 0.608046
53 0.492651 0.389368 0.943174 0.638506
68 0.493821 0.408621 0.950195 0.608046
101 0.493821 0.408621 0.950195 0.608046
74 0.493821 0.408621 0.950195 0.608046
108 0.493821 0.408621 0.950195 0.608046
78 0.493821 0.408621 0.950195 0.608046
52 0.493821 0.408621 0.950195 0.608046
67 0.493821 0.408621 0.950195 0.608046
79 0.492651 0.389368 0.943174 0.638506
47 0.492651 0.389368 0.943174 0.638506
73 0.492651 0.389368 0.943174 0.638506
102 0.493821 0.408621 0.950195 0.608046
41 0.493821 0.408621 0.950195 0.608046
50 0.492651 0.389368 0.943174 0.638506
77 0.493821 0.408621 0.950195 0.608046
17 0.493821 0.408621 0.950195 0.608046
97 0.493821 0.408621 0.950195 0.608046
42 0.492651 0.389368 0.943174 0.638506
76 0.493821 0.408621 0.950195 0.608046
100 0.493821 0.408621 0.950195 0.608046
111 0.502792 0.896839 0.983741 0.206322
33 0.492651 0.389368 0.943174 0.638506
48 0.341696 0.423276 0.628003 0.846552
49 0.493821 0.408621 0.950195 0.608046
48 0.497721 0.876724 0.964238 0.246552
51 0.492651 0.389368 0.943174 0.638506
68 0.501232 0.919253 0.97906 0.161494
50 0.502402 0.879885 0.986081 0.24023
78 0.331944 0.427299 0.621762 0.854598
75 0.331944 0.427299 0.621762 0.854598
50 0.331944 0.427299 0.621762 0.854598
46 0.331944 0.427299 0.621762 0.854598
109 0.502402 0.879885 0.986081 0.24023
95 0.503182 0.912069 0.987642 0.175862
47 0.331944 0.427299 0.621762 0.854598
80 0.331944 0.427299 0.621762 0.854598
109 0.341696 0.423276 0.628003 0.846552
111 0.507863 0.947701 0.9814 0.104598
46 0.502792 0.896839 0.983741 0.206322
99 0.502792 0.896839 0.983741 0.206322
48 0.507863 0.947701 0.9814 0.104598
101 0.502792 0.896839 0.983741 0.206322
73 0.502402 0.879885 0.986081 0.24023
77 0.502792 0.896839 0.983741 0.206322
111 0.341696 0.423276 0.628003 0.846552
102 0.502792 0.896839 0.983741 0.206322
50 0.502402 0.931035 0.982961 0.137931
75 0.502792 0.896839 0.983741 0.206322
68 0.497721 0.876724 0.964238 0.246552
110 0.502792 0.896839 0.983741 0.206322
52 0.331944 0.427299 0.621762 0.854598
68 0.331944 0.427299 0.621762 0.854598
76 0.502792 0.896839 0.983741 0.206322
53 0.331944 0.427299 0.621762 0.854598
99 0.341696 0.423276 0.628003 0.846552
74 0.501232 0.919253 0.97906 0.161494
67 0.341696 0.423276 0.628003 0.846552
104 0.502792 0.896839 0.983741 0.206322
95 0.507863 0.947701 0.9814 0.104598
67 0.501232 0.919253 0.97906 0.161494
99 0.507863 0.947701 0.9814 0.104598
95 0.331944 0.427299 0.621762 0.854598
35 0.492651 0.389368 0.943174 0.638506
84 0.331944 0.427299 0.621762 0.854598
66 0.331944 0.427299 0.621762 0.854598
73 0.331944 0.427299 0.621762 0.854598
103 0.502402 0.879885 0.986081 0.24023
54 0.502792 0.896839 0.983741 0.206322
54 0.331944 0.427299 0.621762 0.854598
74 0.331944 0.427299 0.621762 0.854598
49 0.502792 0.896839 0.983741 0.206322
101 0.331944 0.427299 0.621762 0.854598
81 0.341696 0.423276 0.628003 0.846552
110 0.341696 0.423276 0.628003 0.846552
100 0.502792 0.896839 0.983741 0.206322
53 0.502792 0.896839 0.983741 0.206322
51 0.502792 0.896839 0.983741 0.206322
66 0.501232 0.919253 0.97906 0.161494
77 0.507863 0.947701 0.9814 0.104598
84 0.502402 0.879885 0.986081 0.24023
56 0.341696 0.423276 0.628003 0.846552
28 0.507863 0.395402 0.968918 0.631034
101 0.507863 0.947701 0.9814 0.104598
48 0.327459 0.412356 0.633854 0.617816
110 0.507863 0.947701 0.9814 0.104598
103 0.331944 0.427299 0.621762 0.854598
46 0.507863 0.947701 0.9814 0.104598
75 0.507863 0.947701 0.9814 0.104598
77 0.331944 0.427299 0.621762 0.854598
56 0.502792 0.896839 0.983741 0.206322
111 0.3337 0.236494 0.601088 0.472989
104 0.331944 0.427299 0.621762 0.854598
108 0.502792 0.896839 0.983741 0.206322
73 0.507863 0.947701 0.9814 0.104598
108 0.500842 0.421839 0.989202 0.843678
81 0.500842 0.421839 0.989202 0.843678
78 0.500842 0.421839 0.989202 0.843678
79 0.500842 0.421839 0.989202 0.843678
104 0.500842 0.421839 0.989202 0.843678
56 0.500842 0.421839 0.989202 0.843678
95 0.500842 0.421839 0.989202 0.843678
105 0.500842 0.421839 0.989202 0.843678
80 0.500842 0.421839 0.989202 0.843678
81 0.4868 0.550575 0.957997 0.606897
78 0.498501 0.525 0.987641 0.579885
95 0.4868 0.550575 0.957997 0.606897
52 0.500842 0.421839 0.989202 0.843678
108 0.4868 0.550575 0.957997 0.606897
81 0.494991 0.441954 0.989982 0.6
53 0.502402 0.426437 0.986081 0.852874
79 0.4868 0.550575 0.957997 0.606897
84 0.500842 0.421839 0.989202 0.843678
104 0.498501 0.525 0.987641 0.579885
48 0.498892 0.452874 0.9775 0.905747
108 0.494991 0.441954 0.989982 0.6
79 0.494991 0.441954 0.989982 0.6
56 0.4868 0.550575 0.957997 0.606897
105 0.498501 0.525 0.987641 0.579885
95 0.494991 0.441954 0.989982 0.6
74 0.500842 0.421839 0.989202 0.843678
56 0.494991 0.441954 0.989982 0.6
53 0.497721 0.486494 0.973599 0.464943
68 0.500062 0.41954 0.982961 0.839081
54 0.502402 0.426437 0.986081 0.852874
84 0.4868 0.550575 0.957997 0.606897
52 0.4868 0.550575 0.957997 0.606897
68 0.498501 0.525 0.987641 0.579885
80 0.4868 0.550575 0.957997 0.606897
75 0.502402 0.426437 0.986081 0.852874
66 0.500842 0.421839 0.989202 0.843678
111 0.502402 0.426437 0.986081 0.852874
17 0.500842 0.421839 0.989202 0.843678
33 0.500842 0.421839 0.989202 0.843678
52 0.494991 0.441954 0.989982 0.6
74 0.498501 0.525 0.987641 0.579885
101 0.499282 0.39569 0.982961 0.664943
67 0.499282 0.39569 0.982961 0.664943
80 0.494991 0.441954 0.989982 0.6
84 0.494991 0.441954 0.989982 0.6
109 0.499282 0.39569 0.982961 0.664943
67 0.498501 0.525 0.987641 0.579885
53 0.48914 0.598276 0.97828 0.534483
41 0.502402 0.426437 0.986081 0.852874
109 0.4868 0.550575 0.957997 0.606897
101 0.498501 0.525 0.987641 0.579885
48 0.48992 0.556178 0.97984 0.632471
110 0.502402 0.426437 0.986081 0.852874
109 0.501232 0.471264 0.98062 0.942529
51 0.498892 0.452874 0.9775 0.905747
104 0.49187 0.544253 0.983741 0.410345
101 0.501232 0.471264 0.98062 0.942529
95 0.49187 0.544253 0.983741 0.410345
46 0.498892 0.452874 0.9775 0.905747
49 0.498892 0.452874 0.9775 0.905747
111 0.4868 0.550575 0.957997 0.606897
76 0.502402 0.426437 0.986081 0.852874
54 0.4868 0.550575 0.957997 0.606897
78 0.49187 0.544253 0.983741 0.410345
103 0.500842 0.421839 0.989202 0.843678
48 0.494991 0.441954 0.989982 0.6
67 0.501232 0.471264 0.98062 0.942529
66 0.4868 0.550575 0.957997 0.606897
81 0.49187 0.544253 0.983741 0.410345
54 0.494991 0.441954 0.989982 0.6
79 0.49187 0.544253 0.983741 0.410345
100 0.498892 0.452874 0.9775 0.905747
68 0.49187 0.544253 0.983741 0.410345
111 0.494991 0.441954 0.989982 0.6
75 0.497721 0.486494 0.973599 0.464943
50 0.500842 0.375287 0.975159 0.750575
97 0.502402 0.426437 0.986081 0.852874
110 0.498501 0.525 0.987641 0.579885
73 0.498892 0.452874 0.9775 0.905747
108 0.49187 0.544253 0.983741 0.410345
77 0.501232 0.471264 0.98062 0.942529
99 0.498892 0.452874 0.9775 0.905747
56 0.49187 0.544253 0.983741 0.410345
68 0.485629 0.288218 0.954096 0.576437
105 0.49187 0.544253 0.983741 0.410345
95 0.485629 0.288218 0.954096 0.576437
17 0.4868 0.550575 0.957997 0.606897
14 0.500842 0.421839 0.989202 0.843678
17 0.494991 0.441954 0.989982 0.6
53 0.485629 0.288218 0.954096 0.576437
6 0.500842 0.421839 0.989202 0.843678
77 0.499282 0.39569 0.982961 0.664943
66 0.494991 0.441954 0.989982 0.6
102 0.497721 0.486494 0.973599 0.464943
68 0.485629 0.185201 0.957217 0.370402
49 0.497721 0.302011 0.9814 0.604023
47 0.500842 0.423563 0.987641 0.847126
103 0.4868 0.550575 0.957997 0.606897
78 0.485629 0.288218 0.954096 0.576437
50 0.499282 0.188649 0.984521 0.377299
95 0.477438 0.656322 0.954876 0.493103
103 0.494991 0.441954 0.989982 0.6
77 0.497721 0.486494 0.973599 0.464943
33 0.498501 0.525 0.987641 0.579885
76 0.497721 0.486494 0.973599 0.464943
48 0.497721 0.302011 0.9814 0.604023
84 0.49187 0.544253 0.983741 0.410345
52 0.485629 0.288218 0.954096 0.576437
102 0.48914 0.598276 0.97828 0.534483
95 0.499672 0.382184 0.955656 0.65977
104 0.503182 0.364943 0.968918 0.703448
105 0.503182 0.364943 0.968918 0.703448
74 0.503182 0.377299 0.957997 0.672989
79 0.497721 0.396839 0.957997 0.640805
97 0.503182 0.377299 0.957997 0.672989
108 0.499672 0.382184 0.955656 0.65977
56 0.503182 0.377299 0.957997 0.672989
80 0.503182 0.377299 0.957997 0.672989
53 0.499672 0.382184 0.955656 0.65977
84 0.503182 0.377299 0.957997 0.672989
103 0.503182 0.377299 0.957997 0.672989
81 0.503182 0.364943 0.968918 0.703448
78 0.499672 0.382184 0.955656 0.65977
42 0.503182 0.377299 0.957997 0.672989
52 0.503182 0.377299 0.957997 0.672989
66 0.503182 0.377299 0.957997 0.672989
17 0.499672 0.382184 0.955656 0.65977
67 0.503182 0.377299 0.957997 0.672989
54 0.503182 0.377299 0.957997 0.672989
41 0.503182 0.372988 0.954876 0.736782
68 0.497721 0.37069 0.962677 0.702299
33 0.503182 0.377299 0.957997 0.672989
74 0.495381 0.261494 0.954876 0.522988
109 0.503182 0.377299 0.957997 0.672989
78 0.495381 0.261494 0.954876 0.522988
76 0.499282 0.36954 0.943954 0.73908
48 0.496161 0.367529 0.956436 0.693678
75 0.503182 0.377299 0.957997 0.672989
111 0.503182 0.377299 0.957997 0.672989
108 0.495381 0.261494 0.954876 0.522988
50 0.499282 0.36954 0.943954 0.73908
73 0.496161 0.367529 0.956436 0.693678
101 0.503182 0.377299 0.957997 0.672989
104 0.495381 0.261494 0.954876 0.522988
104 0.500062 0.468103 0.950195 0.500575
95 0.495381 0.261494 0.954876 0.522988
110 0.498892 0.391954 0.952536 0.654023
100 0.503182 0.372988 0.954876 0.736782
77 0.503182 0.377299 0.957997 0.672989
79 0.495381 0.261494 0.954876 0.522988
66 0.495381 0.261494 0.954876 0.522988
21 0.503182 0.372988 0.954876 0.736782
105 0.500062 0.468103 0.950195 0.500575
52 0.495381 0.261494 0.954876 0.522988
46 0.503182 0.377299 0.957997 0.672989
47 0.503182 0.377299 0.957997 0.672989
49 0.499282 0.36954 0.943954 0.73908
95 0.496941 0.501724 0.982961 0.445977
33 0.502012 0.271839 0.958777 0.543678
97 0.495381 0.261494 0.954876 0.522988
80 0.502012 0.271839 0.958777 0.543678
81 0.495381 0.261494 0.954876 0.522988
99 0.503182 0.377299 0.957997 0.672989
68 0.496941 0.501724 0.982961 0.445977
53 0.495381 0.261494 0.954876 0.522988
105 0.495381 0.261494 0.954876 0.522988
42 0.495381 0.261494 0.954876 0.522988
41 0.502012 0.271839 0.958777 0.543678
6 0.503182 0.372988 0.954876 0.736782
78 0.504743 0.149282 0.959557 0.298563
108 0.504743 0.149282 0.959557 0.298563
17 0.495381 0.261494 0.954876 0.522988
28 0.503182 0.377299 0.957997 0.672989
81 0.500062 0.468103 0.950195 0.500575
14 0.503182 0.372988 0.954876 0.736782
56 0.495381 0.261494 0.954876 0.522988
52 0.504743 0.149282 0.959557 0.298563
104 0.504743 0.149282 0.959557 0.298563
32 0.503182 0.372988 0.954876 0.736782
74 0.504743 0.149282 0.959557 0.298563
21 0.502012 0.271839 0.958777 0.543678
84 0.495381 0.261494 0.954876 0.522988
56 0.503182 0.393678 0.975159 0.601149
95 0.503962 0.403448 0.972039 0.626437
104 0.503962 0.403448 0.972039 0.626437
53 0.503182 0.393678 0.975159 0.601149
108 0.503962 0.403448 0.972039 0.626437
84 0.503182 0.393678 0.975159 0.601149
79 0.503962 0.403448 0.972039 0.626437
78 0.503182 0.393678 0.975159 0.601149
54 0.503182 0.393678 0.975159 0.601149
80 0.503962 0.403448 0.972039 0.626437
111 0.503182 0.393678 0.975159 0.601149
105 0.507863 0.398276 0.962677 0.617241
67 0.503182 0.393678 0.975159 0.601149
103 0.503962 0.403448 0.972039 0.626437
81 0.508643 0.375575 0.962677 0.678736
97 0.503182 0.393678 0.975159 0.601149
104 0.503962 0.504023 0.97984 0.442529
79 0.503962 0.504023 0.97984 0.442529
52 0.503182 0.393678 0.975159 0.601149
68 0.503182 0.393678 0.975159 0.601149
109 0.503182 0.393678 0.975159 0.601149
33 0.503962 0.403448 0.972039 0.626437
48 0.503182 0.393678 0.975159 0.601149
66 0.503182 0.393678 0.975159 0.601149
105 0.503962 0.504023 0.97984 0.442529
78 0.497331 0.29023 0.950975 0.474138
81 0.503962 0.504023 0.97984 0.442529
17 0.503962 0.403448 0.972039 0.626437
42 0.503182 0.393678 0.975159 0.601149
74 0.507083 0.368966 0.964238 0.685058
41 0.503962 0.403448 0.972039 0.626437
49 0.503182 0.393678 0.975159 0.601149
101 0.503182 0.393678 0.975159 0.601149
56 0.503182 0.48908 0.972039 0.451724
110 0.503182 0.393678 0.975159 0.601149
95 0.503962 0.504023 0.97984 0.442529
76 0.507083 0.368966 0.964238 0.685058
56 0.539068 0.407184 0.91587 0.814368
68 0.503182 0.48908 0.972039 0.451724
47 0.503182 0.393678 0.975159 0.601149
77 0.503182 0.393678 0.975159 0.601149
75 0.512154 0.371839 0.971259 0.743678
78 0.503182 0.48908 0.972039 0.451724
78 0.539068 0.407184 0.91587 0.814368
108 0.503962 0.504023 0.97984 0.442529
78 0.493041 0.206466 0.945515 0.412931
66 0.503182 0.48908 0.972039 0.451724
53 0.539068 0.407184 0.91587 0.814368
67 0.503182 0.48908 0.972039 0.451724
6 0.503182 0.393678 0.975159 0.601149
84 0.503182 0.48908 0.972039 0.451724
54 0.539068 0.407184 0.91587 0.814368
95 0.497331 0.29023 0.950975 0.474138
73 0.503182 0.393678 0.975159 0.601149
103 0.503962 0.504023 0.97984 0.442529
74 0.503182 0.48908 0.972039 0.451724
56 0.497331 0.29023 0.950975 0.474138
95 0.509423 0.432471 0.970479 0.566092
56 0.509423 0.432471 0.970479 0.566092
84 0.502402 0.428161 0.942394 0.568966
103 0.509423 0.432471 0.970479 0.566092
104 0.510203 0.439081 0.970479 0.563218
105 0.510203 0.439081 0.970479 0.563218
67 0.502402 0.428161 0.942394 0.568966
109 0.502402 0.428161 0.942394 0.568966
68 0.502402 0.428161 0.942394 0.568966
111 0.501622 0.413218 0.943954 0.605747
97 0.502402 0.428161 0.942394 0.568966
81 0.505523 0.437428 0.984521 0.580316
101 0.500842 0.382471 0.936153 0.698276
53 0.510203 0.373563 0.967358 0.747126
95 0.498892 0.329023 0.929132 0.658046
101 0.501232 0.473276 0.941614 0.478736
41 0.509423 0.432471 0.970479 0.566092
52 0.510203 0.373563 0.967358 0.747126
102 0.498892 0.329023 0.929132 0.658046
68 0.511764 0.514943 0.968918 0.414943
110 0.500842 0.382471 0.936153 0.698276
77 0.500842 0.382471 0.936153 0.698276
79 0.510203 0.439081 0.970479 0.563218
95 0.501622 0.523563 0.982961 0.405747
17 0.509423 0.432471 0.970479 0.566092
108 0.510203 0.439081 0.970479 0.563218
95 0.501622 0.40625 0.962677 0.584052
56 0.501622 0.40625 0.962677 0.584052
67 0.502402 0.407759 0.964238 0.592529
111 0.502402 0.414655 0.959557 0.593678
84 0.502402 0.407759 0.964238 0.592529
103 0.505523 0.410345 0.956436 0.590805
97 0.501622 0.413793 0.962677 0.589655
52 0.502402 0.407759 0.961117 0.595977
101 0.502402 0.414655 0.959557 0.593678
109 0.501622 0.413793 0.962677 0.589655
68 0.502402 0.407759 0.964238 0.592529
56 0.538678 0.483046 0.901047 0.498276
53 0.503962 0.417241 0.954876 0.604598
104 0.501622 0.40625 0.962677 0.584052
95 0.538678 0.483046 0.901047 0.498276
105 0.505523 0.410345 0.956436 0.590805
110 0.502402 0.414655 0.959557 0.593678
77 0.502402 0.414655 0.959557 0.593678
102 0.500062 0.416667 0.959557 0.617241
17 0.502402 0.407759 0.961117 0.595977
48 0.502402 0.407759 0.961117 0.595977
54 0.502402 0.407759 0.961117 0.595977
6 0.501622 0.413793 0.962677 0.589655
28 0.502402 0.414655 0.959557 0.593678
104 0.538678 0.483046 0.901047 0.498276
51 0.502402 0.414655 0.959557 0.593678
67 0.515212 0.307543 0.969575 0.388362
49 0.502402 0.414655 0.959557 0.593678
95 0.49187 0.412356 0.969699 0.612069
56 0.502402 0.414943 0.989202 0.616092
84 0.493041 0.404598 0.967358 0.629885
105 0.509423 0.430172 0.97828 0.599425
67 0.49187 0.412356 0.969699 0.612069
103 0.509423 0.430172 0.97828 0.599425
109 0.49187 0.412356 0.969699 0.612069
68 0.49187 0.412356 0.969699 0.612069
111 0.505071 0.409195 0.989858 0.616092
52 0.501622 0.399138 0.987641 0.65
104 0.502402 0.414943 0.989202 0.616092
97 0.492651 0.416667 0.968138 0.613793
101 0.4907 0.48592 0.968918 0.460345
53 0.501622 0.399138 0.987641 0.65
101 0.501622 0.399138 0.987641 0.65
84 0.512482 0.495115 0.975036 0.476437
56 0.496161 0.404885 0.951756 0.607471
95 0.505133 0.404885 0.9775 0.608621
84 0.496161 0.404885 0.951756 0.607471
67 0.496161 0.411782 0.954876 0.604023
111 0.496161 0.411782 0.954876 0.604023
104 0.505133 0.404885 0.9775 0.608621
103 0.496161 0.404885 0.951756 0.607471
109 0.496161 0.411782 0.954876 0.604023
68 0.504743 0.407471 0.97672 0.609195
41 0.496161 0.404885 0.951756 0.607471
53 0.504743 0.407471 0.97672 0.609195
97 0.505461 0.406897 0.989078 0.608046
101 0.496161 0.411782 0.954876 0.604023
17 0.496161 0.404885 0.951756 0.607471
52 0.504743 0.407471 0.97672 0.609195
33 0.496161 0.404885 0.951756 0.607471
28 0.496161 0.404885 0.951756 0.607471
110 0.496161 0.411782 0.954876 0.604023
108 0.496161 0.404885 0.951756 0.607471
95 0.504743 0.398851 0.973599 0.62069
56 0.500842 0.363218 0.990762 0.726437
84 0.504743 0.398851 0.973599 0.62069
56 0.493821 0.447701 0.950195 0.524138
67 0.500842 0.363218 0.990762 0.726437
52 0.501622 0.36408 0.987641 0.728161
111 0.501622 0.36408 0.987641 0.728161
104 0.507083 0.406609 0.973599 0.623563
109 0.504743 0.398851 0.973599 0.62069
68 0.500842 0.363218 0.990762 0.726437
103 0.500842 0.363218 0.990762 0.726437
95 0.495381 0.527012 0.947075 0.363218
105 0.507083 0.406609 0.973599 0.623563
97 0.501622 0.408333 0.956436 0.592529
80 0.505133 0.370402 0.965018 0.740805
56 0.506303 0.413218 0.97828 0.596552
103 0.508643 0.423635 0.97672 0.586063
84 0.507083 0.415805 0.97828 0.586782
95 0.506303 0.413218 0.97828 0.596552
67 0.508253 0.423851 0.97594 0.587931
109 0.496161 0.411207 0.961117 0.602874
111 0.506303 0.413218 0.97828 0.596552
75 0.507083 0.415805 0.97828 0.586782
104 0.508253 0.423851 0.97594 0.587931
68 0.508253 0.423851 0.97594 0.587931
56 0.495771 0.406897 0.958777 0.601149
95 0.505523 0.406322 0.973599 0.602299
67 0.495771 0.406897 0.958777 0.601149
111 0.495771 0.406897 0.958777 0.601149
68 0.503182 0.408621 0.97828 0.597701
101 0.495771 0.406897 0.958777 0.601149
84 0.503182 0.408621 0.97828 0.597701
109 0.503182 0.408621 0.97828 0.597701
97 0.503182 0.408621 0.97828 0.597701
41 0.506303 0.381609 0.975159 0.652874
52 0.506303 0.381609 0.975159 0.652874
17 0.506303 0.381609 0.975159 0.652874
51 0.506303 0.381609 0.975159 0.652874
77 0.495771 0.406897 0.958777 0.601149
33 0.503182 0.408621 0.97828 0.597701
28 0.495771 0.406897 0.958777 0.601149
53 0.506303 0.381609 0.975159 0.652874
11 0.494991 0.397126 0.954096 0.617241
48 0.510593 0.378161 0.966578 0.675862
21 0.495771 0.406897 0.958777 0.601149
6 0.494991 0.397126 0.954096 0.617241
104 0.506303 0.381609 0.975159 0.652874
100 0.506303 0.381609 0.975159 0.652874
47 0.494991 0.397126 0.954096 0.617241
110 0.494991 0.397126 0.954096 0.617241
20 0.504681 0.408046 0.990638 0.6
54 0.506303 0.381609 0.975159 0.652874
73 0.506303 0.381609 0.975159 0.652874
103 0.510203 0.402586 0.965798 0.617816
15 0.495771 0.406897 0.958777 0.601149
56 0.496941 0.41092 0.957997 0.603448
67 0.496941 0.41092 0.957997 0.603448
95 0.506303 0.403736 0.97828 0.608621
68 0.506303 0.403736 0.97828 0.608621
84 0.495381 0.408046 0.954876 0.606897
111 0.506631 0.40977 0.986738 0.606897
52 0.506303 0.403736 0.97828 0.608621
53 0.506303 0.403736 0.97828 0.608621
109 0.495381 0.408046 0.954876 0.606897
28 0.506631 0.40977 0.986738 0.606897
105 0.508643 0.413793 0.973599 0.606897
77 0.506631 0.40977 0.986738 0.606897
56 0.500842 0.407471 0.982961 0.605747
95 0.501622 0.408621 0.9814 0.608046
67 0.507473 0.41408 0.966578 0.625862
84 0.493041 0.409483 0.97672 0.594828
52 0.493041 0.409483 0.97672 0.594828
109 0.493041 0.409483 0.97672 0.594828
97 0.493041 0.409483 0.97672 0.594828
104 0.501622 0.408621 0.9814 0.608046
68 0.507473 0.41408 0.966578 0.625862
111 0.493041 0.409483 0.97672 0.594828
105 0.499282 0.416092 0.987641 0.634483
95 0.485239 0.406897 0.970479 0.609195
56 0.485239 0.406897 0.970479 0.609195
67 0.501232 0.407759 0.988422 0.637356
68 0.501232 0.407759 0.988422 0.637356
84 0.496551 0.39023 0.982181 0.642529
109 0.486019 0.410057 0.970479 0.587931
111 0.496551 0.39023 0.982181 0.642529
103 0.504743 0.38046 0.967358 0.689655
101 0.496551 0.39023 0.982181 0.642529
52 0.504743 0.38046 0.967358 0.689655
104 0.485239 0.406897 0.970479 0.609195
77 0.496551 0.39023 0.982181 0.642529
56 0.494211 0.432184 0.961897 0.652874
41 0.500452 0.42069 0.974379 0.633333
28 0.493821 0.422414 0.956436 0.651724
111 0.499282 0.391954 0.973599 0.648276
48 0.497331 0.422414 0.97906 0.606897
11 0.493821 0.422414 0.956436 0.651724
67 0.497331 0.422414 0.97906 0.606897
100 0.497331 0.422414 0.97906 0.606897
95 0.494211 0.432184 0.961897 0.652874
68 0.497331 0.422414 0.97906 0.606897
73 0.499282 0.391954 0.973599 0.648276
15 0.493821 0.422414 0.956436 0.651724
26 0.493821 0.422414 0.956436 0.651724
52 0.493821 0.422414 0.956436 0.651724
105 0.505523 0.427012 0.967358 0.61954
103 0.505523 0.427012 0.967358 0.61954
84 0.494211 0.432184 0.961897 0.652874
109 0.499282 0.391954 0.973599 0.648276
20 0.493821 0.422414 0.956436 0.651724
56 0.510984 0.417241 0.965798 0.622989
95 0.510984 0.417241 0.965798 0.622989
28 0.501232 0.406897 0.963458 0.612644
67 0.507083 0.416954 0.973599 0.612069
11 0.501232 0.406897 0.963458 0.612644
41 0.496941 0.414368 0.956436 0.590805
105 0.496941 0.414368 0.956436 0.590805
56 0.502402 0.412931 0.984521 0.587931
95 0.49148 0.40977 0.965798 0.594253
67 0.49148 0.40977 0.965798 0.594253
52 0.505133 0.411494 0.9775 0.589655
68 0.48914 0.412931 0.965798 0.586782
111 0.49226 0.411782 0.961117 0.587931
104 0.503572 0.407759 0.989982 0.601724
105 0.508253 0.417744 0.971259 0.585201
84 0.49226 0.411782 0.961117 0.587931
28 0.506693 0.420977 0.974379 0.581034
48 0.49226 0.411782 0.961117 0.587931
56 0.485239 0.410057 0.967358 0.602874
95 0.502792 0.375 0.966578 0.702874
67 0.484459 0.368391 0.965798 0.709195
111 0.484459 0.368391 0.965798 0.709195
28 0.485239 0.393391 0.967358 0.645402
95 0.499672 0.841954 0.98062 0.316092
101 0.484459 0.368391 0.965798 0.709195
56 0.496161 0.808046 0.986081 0.383908
103 0.496161 0.808046 0.986081 0.383908
20 0.495771 0.414943 0.986861 0.618391
109 0.499672 0.841954 0.98062 0.316092
109 0.496941 0.364943 0.97828 0.718391
52 0.496941 0.364943 0.97828 0.718391
84 0.496941 0.364943 0.97828 0.718391
67 0.499672 0.841954 0.98062 0.316092
41 0.485239 0.410057 0.967358 0.602874
68 0.496941 0.364943 0.97828 0.718391
48 0.48758 0.770115 0.975159 0.45977
95 0.499282 0.761782 0.9814 0.476437
68 0.499672 0.841954 0.98062 0.316092
84 0.496161 0.808046 0.986081 0.383908
6 0.484459 0.368391 0.965798 0.709195
77 0.484459 0.368391 0.965798 0.709195
15 0.485239 0.393391 0.967358 0.645402
101 0.499672 0.841954 0.98062 0.316092
21 0.485239 0.393391 0.967358 0.645402
56 0.511764 0.378736 0.959557 0.691954
95 0.493821 0.38908 0.961117 0.642529
52 0.493821 0.38908 0.961117 0.642529
67 0.493821 0.38908 0.961117 0.642529
97 0.493821 0.38908 0.961117 0.642529
6 0.493821 0.38908 0.961117 0.642529
84 0.493821 0.38908 0.961117 0.642529
111 0.493821 0.38908 0.961117 0.642529
28 0.502402 0.38046 0.982961 0.666667
34 0.493821 0.38908 0.961117 0.642529
56 0.557011 0.464871 0.875303 0.525431
56 0.495771 0.41523 0.9775 0.599425
95 0.496161 0.419828 0.975159 0.621264
67 0.49031 0.416954 0.968138 0.616667
84 0.49031 0.416954 0.968138 0.616667
105 0.502012 0.418966 0.963457 0.616092
28 0.495771 0.41523 0.9775 0.599425
103 0.502012 0.418966 0.963457 0.616092
56 0.509033 0.410345 0.971259 0.613793
95 0.502792 0.416954 0.97594 0.614368
67 0.509033 0.410345 0.971259 0.613793
28 0.48836 0.412069 0.967358 0.602299
41 0.502792 0.416954 0.97594 0.614368
105 0.48758 0.40977 0.968918 0.605747
111 0.502792 0.416954 0.97594 0.614368
56 0.510984 0.415517 0.965798 0.61954
95 0.493821 0.407184 0.970479 0.601724
84 0.503182 0.418103 0.9814 0.614368
52 0.503182 0.418103 0.9814 0.614368
104 0.493821 0.407184 0.970479 0.601724
105 0.510203 0.414368 0.970479 0.614943
67 0.503182 0.418103 0.9814 0.614368
56 0.495381 0.407471 0.984521 0.617241
95 0.494211 0.415517 0.983741 0.610345
105 0.506693 0.420115 0.974379 0.601149
104 0.506693 0.420115 0.974379 0.601149
67 0.494211 0.415517 0.983741 0.610345
56 0.511764 0.418391 0.957997 0.604598
95 0.511764 0.418391 0.957997 0.604598
28 0.48914 0.407184 0.975159 0.602874
67 0.511764 0.418391 0.957997 0.604598
56 0.48719 0.407184 0.965018 0.617816
95 0.494211 0.401724 0.974379 0.628736
67 0.503962 0.422989 0.957997 0.581609
28 0.48719 0.407184 0.965018 0.617816
41 0.48719 0.407184 0.965018 0.617816
56 0.49148 0.408693 0.961117 0.587213
95 0.48836 0.412356 0.959557 0.594828
105 0.500842 0.411207 0.97984 0.593678
104 0.48836 0.412356 0.959557 0.594828
84 0.514104 0.416667 0.956436 0.602299
52 0.49148 0.408693 0.961117 0.587213
28 0.510984 0.416092 0.962677 0.609195
56 0.502012 0.414943 0.982181 0.590805
95 0.501622 0.415517 0.9814 0.603448
28 0.500062 0.410345 0.989202 0.597701
111 0.500062 0.410345 0.989202 0.597701
56 0.494991 0.412644 0.966578 0.609195
95 0.504743 0.422414 0.984521 0.601149
111 0.494991 0.412644 0.966578 0.609195
56 0.48953 0.405172 0.969699 0.626437
95 0.495381 0.417241 0.9814 0.593103
111 0.48953 0.405172 0.969699 0.626437
56 0.506303 0.497126 0.97672 0.450575
84 0.500062 0.389368 0.990762 0.664943
56 0.503962 0.41954 0.959557 0.602299
111 0.494211 0.413218 0.9775 0.614943
67 0.494211 0.413218 0.9775 0.614943
95 0.494211 0.413218 0.9775 0.614943
84 0.494211 0.413218 0.9775 0.614943
28 0.503962 0.41954 0.959557 0.602299
56 0.508643 0.42069 0.964238 0.606897
67 0.498502 0.414943 0.984521 0.618391
111 0.498502 0.414943 0.984521 0.618391
84 0.498502 0.414943 0.984521 0.618391
28 0.508643 0.42069 0.964238 0.606897
95 0.498502 0.414943 0.984521 0.618391
56 0.500062 0.417241 0.989202 0.591954
28 0.494601 0.411782 0.97828 0.598276
111 0.501232 0.41408 0.985301 0.604023
67 0.501232 0.41408 0.985301 0.604023
56 0.507083 0.421264 0.968918 0.605747
67 0.499282 0.412356 0.97984 0.607471
111 0.499282 0.412356 0.97984 0.607471
84 0.499282 0.412356 0.97984 0.607471
95 0.499282 0.412356 0.97984 0.607471
28 0.507083 0.421264 0.968918 0.605747
56 0.499282 0.419828 0.986081 0.593678
111 0.500452 0.416092 0.982181 0.602299
28 0.509423 0.422126 0.967358 0.604023
56 0.500062 0.411494 0.992322 0.606897
28 0.493041 0.410345 0.973599 0.6
56 0.497721 0.411494 0.982961 0.609195
28 0.497721 0.411494 0.982961 0.609195
67 0.498501 0.414368 0.97828 0.614943
56 0.49148 0.412069 0.967358 0.598851
67 0.499282 0.41954 0.973599 0.622989
84 0.499282 0.41954 0.973599 0.622989
28 0.504743 0.416667 0.959557 0.618391
56 0.505523 0.42069 0.961117 0.605747
67 0.498892 0.419253 0.974379 0.612069
111 0.498892 0.419253 0.974379 0.612069
28 0.496941 0.427586 0.9814 0.593103
95 0.505523 0.425 0.961117 0.60977
56 0.510593 0.41954 0.965018 0.610345
95 0.497721 0.427586 0.97984 0.595402
56 0.509813 0.418966 0.965018 0.612644
28 0.499282 0.414943 0.989202 0.605747
56 0.49031 0.414655 0.969698 0.593678
28 0.49031 0.413218 0.968138 0.591954
95 0.508643 0.42069 0.964238 0.609195
56 0.500452 0.416667 0.989982 0.610345
67 0.500842 0.418391 0.989202 0.614943
95 0.500842 0.418391 0.989202 0.614943
28 0.510203 0.421552 0.970479 0.61092
56 0.498501 0.413793 0.987641 0.608046
67 0.499282 0.417816 0.986081 0.609195
95 0.499282 0.417816 0.986081 0.609195
56 0.499282 0.417529 0.986081 0.608621
67 0.500062 0.418966 0.987641 0.613793
111 0.4907 0.415517 0.973599 0.605747
95 0.500062 0.418966 0.987641 0.613793
56 0.502792 0.41954 0.972819 0.616092
95 0.507083 0.420402 0.965798 0.621264
111 0.507083 0.420402 0.965798 0.621264
56 0.502402 0.413793 0.984521 0.606897
111 0.509813 0.420115 0.968138 0.62069
28 0.509423 0.417529 0.968918 0.613218
56 0.508643 0.413218 0.967358 0.621839
111 0.505523 0.418103 0.97672 0.60977
28 0.508643 0.413218 0.967358 0.621839
67 0.509423 0.418678 0.968918 0.617816
95 0.509423 0.418678 0.968918 0.617816
84 0.509423 0.418678 0.968918 0.617816
56 0.507863 0.416954 0.968918 0.613218
28 0.507863 0.416954 0.968918 0.613218
111 0.508643 0.417816 0.970479 0.611494
67 0.503962 0.416954 0.9814 0.613218
56 0.501622 0.41523 0.9814 0.61092
67 0.507473 0.425287 0.969698 0.611494
28 0.499282 0.431034 0.986081 0.591954
95 0.507473 0.425287 0.969698 0.611494
111 0.507473 0.425287 0.969698 0.611494
77 0.504352 0.030783 0.969699 0.0615661
56 0.503962 0.410345 0.97984 0.611494
95 0.510203 0.418966 0.967358 0.610345
67 0.502792 0.415517 0.97906 0.614943
77 0.502402 0.0188218 0.970479 0.0376437
56 0.503962 0.409483 0.9814 0.61092
28 0.510203 0.414943 0.970479 0.616092
56 0.505523 0.412069 0.97984 0.606897
67 0.510203 0.423851 0.970479 0.61092
95 0.510203 0.423851 0.970479 0.61092
28 0.510984 0.418391 0.970479 0.606897
56 0.502792 0.413793 0.982181 0.608046
95 0.507863 0.424138 0.968918 0.606897
67 0.507863 0.424138 0.968918 0.606897
28 0.509423 0.416667 0.967358 0.611494
56 0.503962 0.417241 0.97828 0.604598
67 0.507083 0.422126 0.970479 0.61092
95 0.507083 0.422126 0.970479 0.61092
28 0.509033 0.416379 0.969699 0.613218
56 0.504743 0.416667 0.984521 0.604598
56 0.504743 0.415517 0.987641 0.597701
56 0.504743 0.418966 0.987641 0.594253
56 0.503901 0.415805 0.992199 0.599425
56 0.504352 0.413218 0.985301 0.601149
56 0.505523 0.413218 0.97984 0.6
56 0.505523 0.411494 0.97672 0.606897
56 0.510203 0.415805 0.964238 0.612069
56 0.510203 0.416667 0.961117 0.610345
56 0.500062 0.412069 0.97984 0.604598
56 0.509033 0.412356 0.960337 0.616667
95 0.507083 0.419253 0.961117 0.607471
56 0.509033 0.412069 0.960337 0.61954
95 0.507863 0.420115 0.962677 0.609195
28 0.509033 0.412069 0.960337 0.61954
56 0.510203 0.411494 0.961117 0.621839
105 0.848912 0.0811063 0.302176 0.162213
28 0.510203 0.411494 0.961117 0.621839
56 0.510593 0.412069 0.961897 0.621839
28 0.510593 0.412069 0.961897 0.621839
56 0.509813 0.417529 0.965018 0.607471
28 0.503182 0.425287 0.97828 0.598851
56 0.503182 0.415517 0.97828 0.601149
28 0.503962 0.427012 0.97672 0.594253
56 0.503962 0.416092 0.97672 0.601149
28 0.504352 0.430963 0.9775 0.586351
56 0.503182 0.41523 0.97672 0.607471
28 0.503182 0.43283 0.97828 0.582615
56 0.508643 0.419253 0.964238 0.607471
28 0.502792 0.432471 0.97906 0.583333
56 0.507863 0.420402 0.965798 0.602874
28 0.502402 0.430388 0.97984 0.5875
56 0.502402 0.415805 0.97984 0.604023
28 0.503182 0.430747 0.97984 0.586782
56 0.502402 0.416092 0.97984 0.603448
28 0.503572 0.431322 0.98062 0.585632
56 0.502402 0.416667 0.97984 0.603448
28 0.503962 0.431034 0.97984 0.586207
56 0.502792 0.416667 0.97906 0.601149
28 0.503962 0.429885 0.97984 0.588506
56 0.502792 0.416667 0.9775 0.601149
28 0.502792 0.41954 0.9775 0.602299
56 0.503182 0.416667 0.97672 0.601149
28 0.504743 0.43046 0.97828 0.587356
56 0.503572 0.417241 0.97594 0.601149
28 0.504743 0.429957 0.97828 0.588362
56 0.503182 0.416954 0.975159 0.601724
28 0.505523 0.430532 0.97672 0.587213
56 0.503182 0.416954 0.975159 0.601724
28 0.505523 0.429885 0.97672 0.588506
56 0.502792 0.416954 0.97594 0.601724
28 0.505523 0.430747 0.97672 0.586782
56 0.501622 0.416667 0.975159 0.602299
28 0.504743 0.429885 0.97672 0.588506
56 0.501622 0.416379 0.975159 0.602874
28 0.501622 0.417529 0.975159 0.606322
56 0.500842 0.416667 0.975159 0.603448
28 0.500842 0.417816 0.97672 0.608046
56 0.500452 0.416954 0.97594 0.602874
28 0.500842 0.418391 0.97672 0.606897
56 0.500452 0.417241 0.97594 0.602299
56 0.500062 0.417241 0.975159 0.602299
56 0.499672 0.417241 0.97594 0.602299
56 0.500062 0.417241 0.97672 0.602299
56 0.500062 0.417241 0.97672 0.602299
56 0.500062 0.416954 0.97672 0.602874
56 0.500062 0.416667 0.97672 0.603448
56 0.500062 0.416667 0.97672 0.603448
56 0.500062 0.416667 0.975159 0.603448
56 0.500062 0.416379 0.975159 0.604023
56 0.500062 0.416092 0.975159 0.604598
56 0.500062 0.416092 0.975159 0.604598
56 0.500062 0.415805 0.975159 0.604023
56 0.500062 0.415805 0.975159 0.604023
56 0.500062 0.415805 0.975159 0.604023
56 0.500062 0.416092 0.975159 0.603448
56 0.500062 0.415517 0.975159 0.603448
56 0.500062 0.415805 0.975159 0.602874
56 0.500062 0.415805 0.975159 0.602874
56 0.500062 0.416092 0.975159 0.602299
56 0.500062 0.416092 0.975159 0.602299
56 0.500452 0.416092 0.974379 0.602299
56 0.500452 0.416092 0.974379 0.602299
56 0.500452 0.416092 0.974379 0.602299
28 0.506303 0.421264 0.962677 0.605747
56 0.500452 0.416092 0.974379 0.602299
28 0.506303 0.421839 0.962677 0.604598
56 0.500452 0.416092 0.974379 0.602299
28 0.506303 0.422126 0.962677 0.604023
56 0.500452 0.416379 0.974379 0.601724
28 0.506303 0.422414 0.962677 0.603448
56 0.500452 0.416667 0.974379 0.601149
28 0.506303 0.422414 0.962677 0.603448
56 0.500842 0.416667 0.973599 0.601149
28 0.506303 0.422701 0.962677 0.602874
56 0.500062 0.416667 0.973599 0.601149
28 0.506303 0.422989 0.962677 0.602299
56 0.500062 0.416667 0.973599 0.601149
28 0.506303 0.422989 0.962677 0.602299
56 0.500062 0.416667 0.972039 0.601149
28 0.506303 0.422989 0.962677 0.602299
56 0.500062 0.416667 0.972039 0.601149
28 0.506303 0.423276 0.962677 0.601724
56 0.500062 0.416954 0.973599 0.600575
28 0.506303 0.423276 0.962677 0.601724
56 0.500062 0.416954 0.973599 0.600575
28 0.506303 0.423276 0.962677 0.601724
56 0.500062 0.416954 0.973599 0.600575
28 0.506303 0.423563 0.962677 0.601149
56 0.500062 0.417241 0.973599 0.6
28 0.506303 0.423563 0.962677 0.601149
56 0.495381 0.412644 0.964238 0.594253
28 0.506303 0.423563 0.964238 0.601149
56 0.500842 0.417241 0.973599 0.6
28 0.506303 0.423563 0.964238 0.601149
56 0.495381 0.412644 0.964238 0.594253
28 0.506303 0.423851 0.962677 0.600575
56 0.495381 0.412644 0.964238 0.594253
28 0.506303 0.423851 0.962677 0.600575
56 0.495381 0.412644 0.964238 0.593103
28 0.507473 0.421264 0.963458 0.603448
56 0.495381 0.412644 0.964238 0.593103
28 0.507473 0.421552 0.963458 0.602874
56 0.495771 0.412644 0.965018 0.593103
28 0.507473 0.421839 0.963458 0.602299
56 0.495381 0.412644 0.964238 0.593103
28 0.507473 0.421839 0.963458 0.602299
56 0.495381 0.412644 0.964238 0.593103
28 0.507083 0.421839 0.964238 0.602299
56 0.495381 0.412644 0.964238 0.593103
28 0.507473 0.421839 0.963458 0.602299
56 0.495381 0.412931 0.964238 0.592529
28 0.507473 0.421839 0.963458 0.602299
56 0.495381 0.412931 0.962677 0.592529
28 0.506303 0.423851 0.962677 0.600575
56 0.495381 0.412931 0.964238 0.592529
28 0.506303 0.423563 0.962677 0.601149
56 0.495381 0.413218 0.964238 0.591954
28 0.506303 0.423563 0.962677 0.601149
56 0.495771 0.413218 0.963457 0.591954
28 0.506303 0.423563 0.962677 0.601149
56 0.495771 0.413218 0.963457 0.591954
28 0.506303 0.423276 0.962677 0.601724
