48 0.492159 0.517857 0.976513 0.433673
50 0.483963 0.515873 0.967926 0.426304
53 0.49372 0.518141 0.979635 0.430839
103 0.492159 0.517857 0.976513 0.433673
49 0.492159 0.517857 0.976513 0.433673
95 0.49294 0.510771 0.968707 0.42517
68 0.492159 0.517857 0.976513 0.433673
111 0.492159 0.517857 0.976513 0.433673
79 0.49294 0.510771 0.968707 0.42517
101 0.49294 0.510771 0.968707 0.42517
54 0.49372 0.518141 0.979635 0.430839
67 0.49294 0.510771 0.968707 0.42517
109 0.49372 0.518141 0.979635 0.430839
17 0.492159 0.517857 0.976513 0.433673
104 0.49294 0.510771 0.968707 0.42517
84 0.49294 0.510771 0.968707 0.42517
56 0.492159 0.517857 0.976513 0.433673
81 0.49372 0.518141 0.979635 0.430839
74 0.49294 0.510771 0.968707 0.42517
47 0.495282 0.512755 0.967146 0.421202
73 0.49294 0.510771 0.968707 0.42517
46 0.49294 0.510771 0.968707 0.42517
75 0.492159 0.517857 0.976513 0.433673
66 0.49294 0.510771 0.968707 0.42517
76 0.492159 0.517857 0.976513 0.433673
102 0.492159 0.517857 0.976513 0.433673
77 0.492159 0.517857 0.976513 0.433673
42 0.49294 0.510771 0.968707 0.42517
110 0.49294 0.510771 0.968707 0.42517
100 0.492159 0.517857 0.976513 0.433673
97 0.492159 0.517857 0.976513 0.433673
33 0.49294 0.510771 0.968707 0.42517
80 0.49294 0.510771 0.968707 0.42517
108 0.492159 0.517857 0.976513 0.433673
105 0.49294 0.510771 0.968707 0.42517
16 0.49372 0.518141 0.979635 0.430839
99 0.509332 0.481576 0.967146 0.348639
5 0.483963 0.515873 0.967926 0.426304
38 0.495282 0.512755 0.967146 0.421202
51 0.492159 0.517857 0.976513 0.433673
14 0.492159 0.517857 0.976513 0.433673
11 0.492159 0.517857 0.976513 0.433673
15 0.495282 0.512755 0.967146 0.421202
0 0.495282 0.512755 0.967146 0.421202
41 0.484353 0.517007 0.968707 0.42517
7 0.49294 0.510771 0.968707 0.42517
78 0.49294 0.510771 0.968707 0.42517
31 0.484353 0.517007 0.968707 0.42517
34 0.49294 0.510771 0.968707 0.42517
52 0.495282 0.512755 0.967146 0.421202
21 0.49372 0.518141 0.979635 0.430839
13 0.483963 0.515873 0.967926 0.426304
28 0.49294 0.510771 0.968707 0.42517
65 0.49294 0.510771 0.968707 0.42517
26 0.502307 0.477324 0.984319 0.354875
12 0.49294 0.510771 0.968707 0.42517
75 0.505819 0.408447 0.964804 0.484694
4 0.49372 0.518141 0.979635 0.430839
94 0.495282 0.512755 0.967146 0.421202
64 0.502307 0.477324 0.984319 0.354875
48 0.505819 0.408447 0.964804 0.484694
55 0.49294 0.510771 0.968707 0.42517
6 0.49372 0.518141 0.979635 0.430839
36 0.483963 0.515873 0.967926 0.426304
72 0.484353 0.517007 0.968707 0.42517
22 0.492159 0.517857 0.976513 0.433673
92 0.49294 0.510771 0.968707 0.42517
8 0.492159 0.517857 0.976513 0.433673
108 0.500355 0.426304 0.985099 0.505669
78 0.500355 0.426304 0.985099 0.505669
104 0.501136 0.481293 0.981977 0.452381
56 0.501136 0.481293 0.981977 0.452381
81 0.500355 0.426304 0.985099 0.505669
111 0.49255 0.493835 0.964804 0.499858
54 0.501136 0.481293 0.981977 0.452381
105 0.499575 0.481293 0.98666 0.403628
79 0.502697 0.488946 0.991344 0.384921
74 0.501136 0.481293 0.981977 0.452381
103 0.49255 0.493835 0.964804 0.499858
66 0.501136 0.481293 0.981977 0.452381
33 0.501136 0.423186 0.983538 0.520975
75 0.501136 0.423186 0.983538 0.520975
80 0.501136 0.481293 0.981977 0.452381
95 0.501136 0.481293 0.981977 0.452381
109 0.49255 0.493835 0.964804 0.499858
48 0.49255 0.493835 0.964804 0.499858
68 0.49255 0.493835 0.964804 0.499858
17 0.501136 0.481293 0.981977 0.452381
84 0.501136 0.481293 0.981977 0.452381
41 0.500355 0.426304 0.985099 0.505669
42 0.501136 0.423186 0.983538 0.520975
110 0.501136 0.481293 0.981977 0.452381
101 0.501136 0.481293 0.981977 0.452381
46 0.501136 0.423186 0.983538 0.520975
79 0.489427 0.452381 0.96012 0.562358
104 0.502697 0.34127 0.983538 0.648526
79 0.502697 0.34127 0.983538 0.648526
78 0.501526 0.516156 0.978074 0.410998
56 0.502697 0.34127 0.983538 0.648526
74 0.502697 0.34127 0.983538 0.648526
53 0.49255 0.493835 0.964804 0.499858
99 0.49255 0.493835 0.964804 0.499858
67 0.49255 0.493835 0.964804 0.499858
79 0.358289 0.496599 0.70643 0.469388
78 0.358289 0.496599 0.70643 0.469388
108 0.358289 0.496599 0.70643 0.469388
80 0.502697 0.34127 0.983538 0.648526
54 0.502697 0.34127 0.983538 0.648526
105 0.502697 0.34127 0.983538 0.648526
104 0.358289 0.496599 0.70643 0.469388
73 0.49255 0.493835 0.964804 0.499858
102 0.49255 0.493835 0.964804 0.499858
56 0.358289 0.496599 0.70643 0.469388
52 0.501136 0.481293 0.981977 0.452381
50 0.49255 0.493835 0.964804 0.499858
66 0.502697 0.34127 0.983538 0.648526
105 0.358289 0.496599 0.70643 0.469388
111 0.331554 0.526644 0.649838 0.413832
77 0.49255 0.493835 0.964804 0.499858
75 0.481231 0.518991 0.951534 0.435941
66 0.358289 0.496599 0.70643 0.469388
78 0.504258 0.332766 0.977293 0.665533
95 0.331554 0.526644 0.649838 0.413832
99 0.502697 0.34127 0.983538 0.648526
17 0.502697 0.34127 0.983538 0.648526
108 0.504258 0.332766 0.977293 0.665533
76 0.49255 0.493835 0.964804 0.499858
33 0.504258 0.332766 0.977293 0.665533
108 0.501526 0.516156 0.978074 0.410998
46 0.501526 0.516156 0.978074 0.410998
111 0.501917 0.863946 0.980416 0.272109
103 0.358289 0.496599 0.70643 0.469388
84 0.502697 0.34127 0.983538 0.648526
17 0.358289 0.496599 0.70643 0.469388
75 0.358289 0.496599 0.70643 0.469388
111 0.502697 0.34127 0.983538 0.648526
48 0.331554 0.526644 0.649838 0.413832
33 0.358289 0.496599 0.70643 0.469388
80 0.358289 0.496599 0.70643 0.469388
81 0.358289 0.496599 0.70643 0.469388
33 0.501526 0.516156 0.978074 0.410998
47 0.481231 0.518991 0.951534 0.435941
95 0.502697 0.34127 0.983538 0.648526
74 0.358289 0.496599 0.70643 0.469388
84 0.358289 0.496599 0.70643 0.469388
103 0.501136 0.346372 0.983538 0.631519
109 0.502697 0.34127 0.983538 0.648526
110 0.502697 0.34127 0.983538 0.648526
104 0.256813 0.527211 0.501136 0.409297
100 0.501136 0.423186 0.983538 0.520975
48 0.505039 0.854875 0.989783 0.290249
21 0.500355 0.426304 0.985099 0.505669
97 0.501136 0.481293 0.981977 0.452381
81 0.501526 0.516156 0.978074 0.410998
54 0.358289 0.496599 0.70643 0.469388
79 0.256813 0.527211 0.501136 0.409297
108 0.256813 0.527211 0.501136 0.409297
81 0.504258 0.332766 0.977293 0.665533
78 0.256813 0.527211 0.501136 0.409297
105 0.256813 0.527211 0.501136 0.409297
42 0.501526 0.516156 0.978074 0.410998
41 0.481231 0.518991 0.951534 0.435941
52 0.502697 0.349206 0.989783 0.650794
53 0.331554 0.526644 0.649838 0.413832
49 0.501136 0.423186 0.983538 0.520975
46 0.331554 0.526644 0.649838 0.413832
68 0.49294 0.894558 0.971829 0.210884
56 0.256813 0.527211 0.501136 0.409297
108 0.295257 0.420068 0.57256 0.62585
72 0.501136 0.423186 0.983538 0.520975
50 0.505039 0.854875 0.989783 0.290249
68 0.358289 0.496599 0.70643 0.469388
48 0.465229 0.895125 0.930458 0.209751
48 0.508942 0.358277 0.978854 0.641723
41 0.331554 0.526644 0.649838 0.413832
67 0.331554 0.526644 0.649838 0.413832
28 0.501136 0.423186 0.983538 0.520975
34 0.501136 0.423186 0.983538 0.520975
110 0.376633 0.534014 0.739995 0.396825
75 0.504258 0.332766 0.977293 0.665533
31 0.499575 0.481293 0.98666 0.403628
109 0.501917 0.863946 0.980416 0.272109
78 0.295257 0.420068 0.57256 0.62585
35 0.500355 0.426304 0.985099 0.505669
99 0.331554 0.526644 0.649838 0.413832
95 0.379365 0.445011 0.745459 0.577097
42 0.358289 0.496599 0.70643 0.469388
66 0.256813 0.527211 0.501136 0.409297
101 0.331554 0.526644 0.649838 0.413832
50 0.514831 0.926871 0.970338 0.146259
102 0.483183 0.897959 0.966365 0.204082
53 0.502697 0.34127 0.983538 0.648526
105 0.457423 0.434807 0.902357 0.597506
73 0.505039 0.854875 0.989783 0.290249
50 0.502697 0.34127 0.983538 0.648526
99 0.504683 0.875283 0.990633 0.249433
47 0.501917 0.44161 0.991344 0.472789
95 0.505039 0.854875 0.989783 0.290249
46 0.504683 0.875283 0.990633 0.249433
95 0.505039 0.459255 0.981977 0.532738
78 0.503087 0.392574 0.98588 0.677438
108 0.503087 0.392574 0.98588 0.677438
81 0.503087 0.392574 0.98588 0.677438
79 0.503087 0.392574 0.98588 0.677438
104 0.500355 0.368764 0.978854 0.664966
68 0.505039 0.459255 0.981977 0.532738
56 0.505039 0.459255 0.981977 0.532738
53 0.502697 0.437146 0.977293 0.499858
78 0.494111 0.445507 0.988221 0.46953
78 0.49372 0.447279 0.987441 0.894558
81 0.494111 0.445507 0.988221 0.46953
105 0.500355 0.368764 0.978854 0.664966
108 0.490988 0.506803 0.953876 0.487528
104 0.494111 0.445507 0.988221 0.46953
80 0.503087 0.392574 0.98588 0.677438
79 0.494111 0.445507 0.988221 0.46953
74 0.505039 0.459255 0.981977 0.532738
108 0.49372 0.447279 0.987441 0.894558
84 0.505039 0.459255 0.981977 0.532738
52 0.503087 0.392574 0.98588 0.677438
101 0.505039 0.459255 0.981977 0.532738
78 0.490988 0.298753 0.964804 0.597506
81 0.49372 0.447279 0.987441 0.894558
108 0.490988 0.298753 0.964804 0.597506
105 0.490988 0.506803 0.953876 0.487528
67 0.505039 0.459255 0.981977 0.532738
52 0.490988 0.506803 0.953876 0.487528
95 0.501136 0.393424 0.98666 0.786848
79 0.49372 0.447279 0.987441 0.894558
56 0.501136 0.393424 0.98666 0.786848
104 0.49372 0.447279 0.987441 0.894558
110 0.505039 0.459255 0.981977 0.532738
80 0.490988 0.506803 0.953876 0.487528
68 0.495672 0.192035 0.978854 0.38407
109 0.505039 0.459255 0.981977 0.532738
81 0.490988 0.298753 0.964804 0.597506
53 0.489427 0.517574 0.953876 0.454649
54 0.502697 0.437146 0.977293 0.499858
74 0.498014 0.39881 0.977293 0.797619
75 0.502697 0.437146 0.977293 0.499858
66 0.502697 0.437146 0.977293 0.499858
78 0.487085 0.524093 0.955437 0.423469
80 0.490988 0.298753 0.964804 0.597506
79 0.490988 0.298753 0.964804 0.597506
84 0.501136 0.393424 0.98666 0.786848
68 0.501136 0.0972222 0.974171 0.194444
53 0.498014 0.39881 0.977293 0.797619
68 0.496843 0.313492 0.979635 0.626984
77 0.502697 0.437146 0.977293 0.499858
95 0.487866 0.273526 0.96012 0.547052
80 0.49372 0.447279 0.987441 0.894558
111 0.502697 0.437146 0.977293 0.499858
105 0.49372 0.447279 0.987441 0.894558
17 0.505039 0.459255 0.981977 0.532738
68 0.503478 0.0615788 0.96012 0.123158
48 0.501136 0.0972222 0.974171 0.194444
102 0.507381 0.494615 0.974171 0.468821
48 0.502697 0.437146 0.977293 0.499858
81 0.412149 0.522392 0.807126 0.423469
53 0.501136 0.0972222 0.974171 0.194444
76 0.505039 0.459255 0.981977 0.532738
101 0.495672 0.192035 0.978854 0.38407
53 0.495672 0.192035 0.978854 0.38407
66 0.501136 0.393424 0.98666 0.786848
52 0.49372 0.447279 0.987441 0.894558
74 0.487866 0.273526 0.96012 0.547052
95 0.495672 0.192035 0.978854 0.38407
78 0.495672 0.192035 0.978854 0.38407
54 0.498014 0.39881 0.977293 0.797619
48 0.503478 0.0615788 0.96012 0.123158
104 0.487085 0.524093 0.955437 0.423469
101 0.501136 0.0972222 0.974171 0.194444
79 0.487085 0.524093 0.955437 0.423469
101 0.496843 0.313492 0.979635 0.626984
33 0.500355 0.368764 0.978854 0.664966
102 0.495672 0.192035 0.978854 0.38407
77 0.495672 0.192035 0.978854 0.38407
53 0.503478 0.0615788 0.96012 0.123158
101 0.503478 0.0615788 0.96012 0.123158
102 0.501136 0.0972222 0.974171 0.194444
52 0.490988 0.298753 0.964804 0.597506
102 0.503478 0.0615788 0.96012 0.123158
53 0.487866 0.273526 0.96012 0.547052
109 0.501136 0.0972222 0.974171 0.194444
67 0.495672 0.192035 0.978854 0.38407
109 0.496843 0.313492 0.979635 0.626984
17 0.498014 0.39881 0.977293 0.797619
68 0.49372 0.447279 0.987441 0.894558
50 0.501136 0.0972222 0.974171 0.194444
103 0.503087 0.392574 0.98588 0.677438
68 0.499575 0.862812 0.98666 0.274376
109 0.495672 0.192035 0.978854 0.38407
77 0.496843 0.313492 0.979635 0.626984
75 0.498014 0.39881 0.977293 0.797619
48 0.495672 0.192035 0.978854 0.38407
67 0.496843 0.313492 0.979635 0.626984
50 0.503478 0.0615788 0.96012 0.123158
104 0.487866 0.273526 0.96012 0.547052
84 0.487866 0.273526 0.96012 0.547052
56 0.487866 0.273526 0.96012 0.547052
48 0.498014 0.39881 0.977293 0.797619
77 0.489427 0.517574 0.953876 0.454649
68 0.485524 0.534014 0.939825 0.424036
110 0.495672 0.192035 0.978854 0.38407
77 0.501136 0.0972222 0.974171 0.194444
111 0.498014 0.39881 0.977293 0.797619
80 0.495672 0.192035 0.978854 0.38407
50 0.495672 0.192035 0.978854 0.38407
78 0.30638 0.520125 0.594806 0.4178
74 0.485524 0.185091 0.958559 0.370181
111 0.489427 0.517574 0.953876 0.454649
109 0.503478 0.0615788 0.96012 0.123158
78 0.612857 0.475624 0.769462 0.414966
108 0.30638 0.520125 0.594806 0.4178
110 0.496843 0.313492 0.979635 0.626984
103 0.490988 0.506803 0.953876 0.487528
84 0.495672 0.192035 0.978854 0.38407
100 0.501136 0.0972222 0.974171 0.194444
52 0.485524 0.185091 0.958559 0.370181
52 0.490598 0.11019 0.964023 0.22038
67 0.501136 0.0972222 0.974171 0.194444
33 0.494111 0.445507 0.988221 0.46953
53 0.499575 0.862812 0.98666 0.274376
14 0.503087 0.392574 0.98588 0.677438
101 0.49372 0.447279 0.987441 0.894558
81 0.274766 0.520975 0.536262 0.429705
49 0.501136 0.0972222 0.974171 0.194444
108 0.612857 0.475624 0.769462 0.414966
68 0.502307 0.778345 0.984319 0.443311
76 0.501136 0.0972222 0.974171 0.194444
66 0.487866 0.273526 0.96012 0.547052
77 0.503478 0.0615788 0.96012 0.123158
100 0.503478 0.0615788 0.96012 0.123158
48 0.487866 0.273526 0.96012 0.547052
97 0.505039 0.459255 0.981977 0.532738
48 0.499575 0.862812 0.98666 0.274376
110 0.501136 0.0972222 0.974171 0.194444
95 0.507381 0.584467 0.971049 0.558957
47 0.502697 0.437146 0.977293 0.499858
2 0.498794 0.319444 0.985099 0.638889
111 0.501136 0.0972222 0.974171 0.194444
76 0.503478 0.0615788 0.96012 0.123158
49 0.503478 0.0615788 0.96012 0.123158
54 0.498404 0.525794 0.97339 0.435941
104 0.30638 0.520125 0.594806 0.4178
78 0.511284 0.466837 0.97261 0.442744
104 0.501136 0.535147 0.966365 0.391156
79 0.501136 0.535147 0.966365 0.391156
105 0.501136 0.535147 0.966365 0.391156
108 0.512455 0.46627 0.967146 0.44161
74 0.512455 0.46627 0.967146 0.44161
81 0.501136 0.535147 0.966365 0.391156
78 0.509367 0.544359 0.981266 0.410147
95 0.501136 0.535147 0.966365 0.391156
79 0.523773 0.464569 0.950753 0.445011
108 0.509367 0.544359 0.981266 0.410147
104 0.523773 0.464569 0.950753 0.445011
74 0.509367 0.544359 0.981266 0.410147
78 0.511674 0.362812 0.962462 0.614513
108 0.511674 0.362812 0.962462 0.614513
74 0.511674 0.362812 0.962462 0.614513
81 0.523773 0.464569 0.950753 0.445011
67 0.501136 0.535147 0.966365 0.391156
66 0.512455 0.46627 0.967146 0.44161
105 0.523773 0.464569 0.950753 0.445011
21 0.512455 0.46627 0.967146 0.44161
56 0.501136 0.535147 0.966365 0.391156
66 0.509367 0.544359 0.981266 0.410147
33 0.512455 0.46627 0.967146 0.44161
80 0.501136 0.535147 0.966365 0.391156
79 0.511674 0.362812 0.962462 0.614513
109 0.501136 0.535147 0.966365 0.391156
84 0.509367 0.544359 0.981266 0.410147
104 0.511674 0.362812 0.962462 0.614513
103 0.509367 0.544359 0.981266 0.410147
80 0.512845 0.424532 0.963243 0.493339
10 0.511284 0.466837 0.97261 0.442744
17 0.501136 0.535147 0.966365 0.391156
52 0.501136 0.535147 0.966365 0.391156
53 0.501136 0.535147 0.966365 0.391156
33 0.511674 0.362812 0.962462 0.614513
66 0.511674 0.362812 0.962462 0.614513
33 0.509367 0.544359 0.981266 0.410147
32 0.512455 0.46627 0.967146 0.44161
68 0.509367 0.544359 0.981266 0.410147
21 0.511674 0.362812 0.962462 0.614513
81 0.511674 0.362812 0.962462 0.614513
21 0.509367 0.544359 0.981266 0.410147
33 0.0271375 0.867347 0.0360777 0.0453515
77 0.501136 0.535147 0.966365 0.391156
52 0.523773 0.464569 0.950753 0.445011
41 0.511674 0.362812 0.962462 0.614513
42 0.511674 0.362812 0.962462 0.614513
42 0.512455 0.46627 0.967146 0.44161
78 0.50582 0.475624 0.977293 0.468254
79 0.507381 0.469671 0.966365 0.45068
108 0.50582 0.475624 0.977293 0.468254
104 0.507381 0.469671 0.966365 0.45068
81 0.507381 0.469671 0.966365 0.45068
66 0.504258 0.484977 0.955437 0.481293
104 0.509722 0.962585 0.97261 0.0748299
79 0.509722 0.962585 0.97261 0.0748299
78 0.507381 0.946145 0.980416 0.10771
105 0.503868 0.483844 0.967146 0.445011
78 0.503087 0.397109 0.970268 0.74093
81 0.509722 0.962585 0.97261 0.0748299
105 0.50699 0.962585 0.978074 0.0748299
108 0.507381 0.946145 0.980416 0.10771
108 0.503087 0.397109 0.970268 0.74093
79 0.496453 0.412698 0.942948 0.632653
78 0.507771 0.905896 0.979635 0.188209
74 0.50582 0.475624 0.977293 0.468254
95 0.509722 0.962585 0.97261 0.0748299
108 0.507771 0.905896 0.979635 0.188209
66 0.509722 0.962585 0.97261 0.0748299
104 0.496453 0.412698 0.942948 0.632653
50 0.50582 0.475624 0.977293 0.468254
56 0.509722 0.962585 0.97261 0.0748299
104 0.508942 0.505102 0.964804 0.447846
78 0.50699 0.489229 0.965584 0.444444
81 0.508942 0.505102 0.964804 0.447846
79 0.50699 0.489229 0.965584 0.444444
105 0.499575 0.511338 0.938264 0.451247
95 0.508161 0.484977 0.96012 0.448413
108 0.50699 0.489229 0.965584 0.444444
56 0.525334 0.519274 0.942948 0.430839
78 0.508552 0.328515 0.974952 0.657029
104 0.512845 0.409368 0.963243 0.573554
68 0.508161 0.484977 0.96012 0.448413
74 0.50699 0.489229 0.965584 0.444444
108 0.508552 0.328515 0.974952 0.657029
66 0.50699 0.489229 0.965584 0.444444
81 0.512845 0.409368 0.963243 0.573554
103 0.499575 0.511338 0.938264 0.451247
17 0.50699 0.489229 0.965584 0.444444
33 0.50699 0.489229 0.965584 0.444444
78 0.505819 0.467687 0.956998 0.384354
108 0.505039 0.454932 0.963243 0.409864
79 0.505039 0.454932 0.963243 0.409864
78 0.526115 0.388605 0.924213 0.560658
66 0.515967 0.460034 0.938264 0.393991
74 0.515967 0.460034 0.938264 0.393991
104 0.505819 0.467687 0.956998 0.384354
108 0.515577 0.343254 0.94685 0.626417
33 0.505039 0.454932 0.963243 0.409864
17 0.515967 0.460034 0.938264 0.393991
78 0.505039 0.503401 0.97261 0.399093
79 0.510503 0.5 0.967926 0.400227
101 0.496843 0.517574 0.965585 0.4161
68 0.492159 0.525794 0.960901 0.401927
66 0.505039 0.503401 0.97261 0.399093
95 0.496843 0.517574 0.965585 0.4161
67 0.496843 0.517574 0.965585 0.4161
108 0.50582 0.503118 0.977293 0.447279
111 0.496843 0.517574 0.965585 0.4161
56 0.496843 0.517574 0.965585 0.4161
109 0.496843 0.517574 0.965585 0.4161
33 0.503478 0.510771 0.978854 0.411565
74 0.503478 0.510771 0.978854 0.411565
77 0.492159 0.525794 0.960901 0.401927
102 0.492159 0.525794 0.960901 0.401927
104 0.503478 0.510771 0.978854 0.411565
17 0.503478 0.510771 0.978854 0.411565
84 0.496843 0.517574 0.965585 0.4161
81 0.505039 0.503401 0.97261 0.399093
105 0.503478 0.510771 0.978854 0.411565
52 0.496843 0.517574 0.965585 0.4161
50 0.501526 0.515873 0.976513 0.394558
48 0.496843 0.517574 0.965585 0.4161
49 0.501526 0.515873 0.976513 0.394558
110 0.492159 0.525794 0.960901 0.401927
53 0.496843 0.517574 0.965585 0.4161
79 0.495672 0.498299 0.94607 0.472789
78 0.514406 0.482993 0.953876 0.433107
81 0.495672 0.498299 0.94607 0.472789
79 0.290378 0.504819 0.568266 0.468821
108 0.501526 0.488662 0.964023 0.473923
79 0.675304 0.482993 0.649252 0.421769
104 0.495672 0.498299 0.94607 0.472789
79 0.780586 0.487245 0.437128 0.414399
108 0.498014 0.461168 0.96012 0.685374
66 0.505039 0.489796 0.969487 0.446712
79 0.854741 0.488379 0.285694 0.407596
108 0.285109 0.492063 0.570218 0.970522
108 0.174461 0.476757 0.348922 0.871882
79 0.508942 0.498583 0.977293 0.421202
81 0.508942 0.498583 0.977293 0.421202
104 0.485524 0.509354 0.941386 0.421202
108 0.485524 0.509354 0.941386 0.421202
78 0.509722 0.481293 0.971049 0.43424
79 0.375071 0.522676 0.729848 0.430839
78 0.405514 0.520408 0.793856 0.424036
108 0.501526 0.406179 0.964023 0.619615
79 0.154166 0.515306 0.29272 0.43424
79 0.515967 0.518424 0.956998 0.396259
108 0.523773 0.500283 0.947631 0.37585
108 0.515187 0.443948 0.953876 0.573554
78 0.523773 0.500283 0.947631 0.37585
66 0.515967 0.518424 0.956998 0.396259
74 0.515967 0.518424 0.956998 0.396259
108 0.649872 0.454082 0.700255 0.45805
79 0.515967 0.434736 0.956998 0.527353
108 0.597148 0.368481 0.79932 0.606576
66 0.515967 0.434736 0.956998 0.527353
104 0.501136 0.526077 0.936703 0.407029
78 0.515187 0.443948 0.953876 0.573554
74 0.515967 0.434736 0.956998 0.527353
0 0.130943 0.321995 0.0288817 0.0323129
108 0.764193 0.412982 0.463668 0.543651
81 0.500355 0.530329 0.938264 0.414399
33 0.130943 0.321995 0.0288817 0.0323129
108 0.726335 0.491497 0.544068 0.379819
108 0.41332 0.388605 0.806345 0.662698
108 0.282572 0.392857 0.544068 0.672336
16 0.130943 0.321995 0.0288817 0.0323129
108 0.140213 0.388889 0.269107 0.713152
17 0.130943 0.321995 0.0288817 0.0323129
8 0.130943 0.321995 0.0288817 0.0323129
79 0.355166 0.530612 0.683793 0.412698
108 0.835227 0.356576 0.327846 0.660998
66 0.629089 0.498583 0.741821 0.376984
21 0.130943 0.321995 0.0288817 0.0323129
78 0.514796 0.46627 0.965585 0.44161
108 0.509722 0.487528 0.947631 0.453515
79 0.509722 0.487528 0.947631 0.453515
66 0.509722 0.487528 0.947631 0.453515
74 0.46601 0.504819 0.869572 0.459751
108 0.515089 0.446145 0.790148 0.602041
104 0.509722 0.487528 0.947631 0.453515
79 0.5066 0.505102 0.96012 0.391156
78 0.510503 0.529762 0.974171 0.434807
108 0.510503 0.529762 0.974171 0.434807
104 0.508942 0.518708 0.956998 0.402494
81 0.508942 0.518708 0.956998 0.402494
108 0.505039 0.429422 0.953876 0.520975
78 0.505039 0.429422 0.953876 0.520975
74 0.502697 0.531463 0.942948 0.420068
66 0.510503 0.529762 0.974171 0.434807
68 0.502697 0.531463 0.942948 0.420068
108 0.569828 0.410714 0.830543 0.725057
105 0.502697 0.52551 0.944509 0.420635
108 0.790733 0.380386 0.415272 0.620181
79 0.507771 0.49263 0.956217 0.418367
108 0.505039 0.511905 0.956998 0.428571
78 0.502697 0.52466 0.958559 0.460884
104 0.502697 0.52466 0.958559 0.460884
81 0.507771 0.49263 0.956217 0.418367
108 0.510503 0.422903 0.96012 0.524943
66 0.502697 0.520692 0.956998 0.44161
74 0.502697 0.520692 0.956998 0.44161
78 0.510503 0.422903 0.96012 0.524943
79 0.508942 0.50085 0.967926 0.425737
78 0.515612 0.453444 0.968777 0.462727
104 0.508942 0.50085 0.967926 0.425737
108 0.514016 0.377551 0.967146 0.609977
74 0.506635 0.520408 0.98673 0.441043
108 0.504258 0.519841 0.969487 0.443311
66 0.506635 0.520408 0.98673 0.441043
95 0.506635 0.520408 0.98673 0.441043
68 0.508161 0.511054 0.969487 0.420068
79 0.513625 0.396259 0.961682 0.590703
103 0.506635 0.520408 0.98673 0.441043
101 0.508161 0.511054 0.969487 0.420068
33 0.129187 0.319728 0.0321992 0.0226757
17 0.508161 0.511054 0.969487 0.420068
81 0.508942 0.50085 0.967926 0.425737
79 0.504258 0.522676 0.974171 0.435374
108 0.522602 0.48441 0.937483 0.44161
78 0.522602 0.48441 0.937483 0.44161
66 0.500355 0.527494 0.978854 0.429138
74 0.500355 0.527494 0.978854 0.429138
104 0.500355 0.527494 0.978854 0.429138
108 0.132797 0.444728 0.265594 0.607143
79 0.55968 0.465136 0.87894 0.429138
108 0.191634 0.451176 0.380145 0.563634
108 0.503478 0.465986 0.97261 0.614512
79 0.101671 0.5 0.191634 0.463719
79 0.151824 0.503401 0.286475 0.424036
79 0.501136 0.503118 0.942948 0.413265
104 0.50582 0.520408 0.950753 0.428571
78 0.501917 0.530045 0.978854 0.420635
108 0.497233 0.469388 0.947631 0.431973
78 0.501136 0.443027 0.949192 0.519841
66 0.503478 0.507086 0.949192 0.398526
74 0.503478 0.507086 0.949192 0.398526
81 0.50582 0.520408 0.950753 0.428571
108 0.501917 0.424887 0.944509 0.613946
17 0.50582 0.520408 0.950753 0.428571
79 0.5066 0.527211 0.963243 0.430839
78 0.508942 0.510204 0.966365 0.385488
104 0.509722 0.518991 0.963243 0.415533
66 0.508942 0.510204 0.966365 0.385488
74 0.508942 0.510204 0.966365 0.385488
81 0.508942 0.510204 0.966365 0.385488
108 0.509367 0.496599 0.981266 0.384354
78 0.508942 0.484127 0.975732 0.433107
79 0.5066 0.520975 0.966365 0.452381
66 0.512845 0.512472 0.969487 0.437642
104 0.5066 0.520975 0.966365 0.452381
81 0.5066 0.520975 0.966365 0.452381
74 0.512845 0.512472 0.969487 0.437642
79 0.512455 0.492914 0.970268 0.460884
78 0.512845 0.462585 0.97261 0.444444
108 0.514406 0.45805 0.967926 0.47619
74 0.512455 0.492914 0.970268 0.460884
81 0.514406 0.49093 0.969487 0.469388
104 0.514406 0.49093 0.969487 0.469388
66 0.514406 0.49093 0.969487 0.469388
79 0.514406 0.514739 0.971049 0.436508
104 0.511284 0.516156 0.966365 0.463152
78 0.512489 0.503118 0.975021 0.407596
81 0.513235 0.502268 0.971829 0.444444
74 0.512489 0.503118 0.975021 0.407596
66 0.512489 0.503118 0.975021 0.407596
79 0.509332 0.496599 0.964023 0.447846
78 0.505039 0.475907 0.981977 0.434807
74 0.505039 0.535431 0.969487 0.434807
104 0.507771 0.522676 0.970268 0.451247
66 0.502697 0.530045 0.961682 0.441043
108 0.505039 0.471088 0.981977 0.431973
81 0.510503 0.497166 0.964804 0.426304
79 0.524554 0.469104 0.949192 0.445011
104 0.524554 0.501134 0.94607 0.442177
78 0.522212 0.511905 0.950753 0.430839
81 0.524554 0.501134 0.94607 0.442177
108 0.517528 0.461451 0.958559 0.455782
66 0.522212 0.511905 0.950753 0.430839
74 0.524554 0.501134 0.94607 0.442177
79 0.5066 0.476757 0.978854 0.418367
81 0.5066 0.476757 0.978854 0.418367
104 0.5066 0.476757 0.978854 0.418367
74 0.5066 0.521258 0.967926 0.428004
78 0.5066 0.521258 0.967926 0.428004
108 0.505039 0.517574 0.963243 0.427438
66 0.508161 0.513889 0.97261 0.401927
17 0.508942 0.489796 0.964804 0.417234
108 0.508942 0.402211 0.967926 0.564059
79 0.517528 0.468537 0.944509 0.45068
104 0.517138 0.485757 0.954656 0.493339
81 0.516748 0.465916 0.950753 0.485402
81 0.504258 0.0790816 0.967926 0.158163
74 0.515187 0.501134 0.956998 0.446712
78 0.515187 0.501134 0.956998 0.446712
79 0.520651 0.468183 0.94607 0.444586
104 0.504258 0.488733 0.949192 0.490788
108 0.510893 0.467404 0.960901 0.513039
78 0.504258 0.488733 0.949192 0.490788
81 0.504258 0.488733 0.949192 0.490788
66 0.504258 0.488733 0.949192 0.490788
74 0.504258 0.488733 0.949192 0.490788
79 0.522637 0.469388 0.954726 0.439909
104 0.508161 0.521542 0.938264 0.426304
74 0.510503 0.521259 0.952315 0.435941
66 0.510503 0.521259 0.952315 0.435941
81 0.508161 0.521542 0.938264 0.426304
78 0.508161 0.521542 0.938264 0.426304
17 0.508161 0.521542 0.938264 0.426304
108 0.508161 0.521542 0.938264 0.426304
108 0.518309 0.427934 0.963243 0.556831
79 0.512064 0.502551 0.96012 0.464286
104 0.503478 0.520692 0.944509 0.425737
78 0.503478 0.520692 0.944509 0.425737
108 0.515187 0.461168 0.961682 0.473356
66 0.503478 0.520692 0.944509 0.425737
81 0.503478 0.520692 0.944509 0.425737
74 0.503478 0.520692 0.944509 0.425737
17 0.503478 0.520692 0.944509 0.425737
79 0.512455 0.469955 0.967146 0.436508
74 0.512489 0.525794 0.975021 0.443878
66 0.512489 0.525794 0.975021 0.443878
81 0.513625 0.47534 0.967926 0.44161
78 0.512455 0.482993 0.970268 0.420635
104 0.512455 0.482993 0.970268 0.420635
17 0.512455 0.482993 0.970268 0.420635
108 0.509722 0.513605 0.966365 0.453515
79 0.510928 0.462656 0.978144 0.451105
66 0.514831 0.487528 0.970338 0.442177
74 0.514831 0.487528 0.970338 0.442177
104 0.514831 0.488662 0.970338 0.470522
108 0.514831 0.469104 0.970338 0.476757
78 0.512845 0.501984 0.969487 0.456349
81 0.514831 0.488662 0.970338 0.470522
79 0.512845 0.464002 0.97261 0.435941
81 0.511284 0.498299 0.969487 0.429705
104 0.511284 0.498299 0.969487 0.429705
66 0.510893 0.515306 0.970268 0.401361
108 0.513625 0.453586 0.971049 0.476049
78 0.511284 0.498299 0.969487 0.429705
74 0.50699 0.522109 0.956217 0.431973
79 0.525369 0.459751 0.949262 0.454649
104 0.517953 0.495181 0.964093 0.468821
81 0.517953 0.495181 0.964093 0.468821
108 0.522637 0.464357 0.954726 0.483985
78 0.52654 0.461168 0.94692 0.455215
74 0.517953 0.495181 0.964093 0.468821
66 0.518344 0.5 0.963312 0.456916
79 0.518734 0.49915 0.962532 0.395125
104 0.503478 0.526644 0.935142 0.42517
66 0.506635 0.527494 0.98673 0.418934
81 0.517173 0.511621 0.965654 0.393991
108 0.517173 0.424887 0.965654 0.506236
78 0.506635 0.527494 0.98673 0.418934
74 0.506635 0.527494 0.98673 0.418934
79 0.517528 0.4178 0.96012 0.515873
79 0.522212 0.513889 0.94607 0.398526
81 0.524163 0.513039 0.940606 0.400227
104 0.524163 0.513039 0.940606 0.400227
74 0.524944 0.49263 0.945289 0.399093
66 0.524944 0.49263 0.945289 0.399093
81 0.523418 0.0592404 0.953165 0.118481
78 0.522212 0.513889 0.94607 0.398526
17 0.524944 0.49263 0.945289 0.399093
108 0.528491 0.453231 0.943017 0.466553
79 0.51327 0.498299 0.97346 0.451247
74 0.512099 0.494898 0.975802 0.443311
104 0.516392 0.476474 0.967215 0.448413
66 0.512099 0.494898 0.975802 0.443311
81 0.513625 0.069657 0.94607 0.139314
78 0.516783 0.465136 0.966435 0.443878
81 0.51327 0.498299 0.97346 0.451247
108 0.516783 0.465136 0.966435 0.443878
17 0.515612 0.484977 0.968777 0.430272
79 0.514796 0.496315 0.968707 0.466553
104 0.504258 0.51729 0.963243 0.455215
81 0.504258 0.51729 0.963243 0.455215
78 0.508942 0.480159 0.977293 0.437642
66 0.511284 0.513889 0.975732 0.457483
74 0.504258 0.51729 0.963243 0.455215
17 0.511284 0.513889 0.975732 0.457483
79 0.512455 0.473923 0.968707 0.452381
104 0.505429 0.512755 0.956217 0.459751
81 0.508942 0.506236 0.966365 0.462585
78 0.513625 0.476757 0.969487 0.43424
66 0.508942 0.506236 0.966365 0.462585
74 0.505429 0.512755 0.956217 0.459751
17 0.508942 0.506236 0.966365 0.462585
108 0.513625 0.476757 0.969487 0.43424
79 0.516392 0.468537 0.967215 0.45068
104 0.514051 0.483277 0.971899 0.456349
81 0.514051 0.483277 0.971899 0.456349
78 0.514441 0.473356 0.971118 0.439909
17 0.514051 0.483277 0.971899 0.456349
74 0.512099 0.5 0.975802 0.452381
79 0.513235 0.479096 0.967146 0.465845
78 0.512064 0.517857 0.974171 0.439342
104 0.511284 0.51559 0.974171 0.463152
108 0.511284 0.51559 0.974171 0.463152
81 0.513625 0.501417 0.969487 0.438209
66 0.508161 0.524376 0.966365 0.428571
74 0.508161 0.524376 0.966365 0.428571
108 0.513625 0.39966 0.971049 0.606576
79 0.51987 0.480442 0.952315 0.43254
78 0.518309 0.482993 0.953876 0.426304
104 0.512064 0.508787 0.966365 0.447279
81 0.513625 0.496032 0.961682 0.43424
74 0.512845 0.508787 0.966365 0.434807
66 0.512845 0.508787 0.966365 0.434807
79 0.515187 0.487245 0.958559 0.445011
104 0.514406 0.509354 0.969487 0.443878
78 0.515187 0.487245 0.958559 0.445011
66 0.511674 0.502268 0.965585 0.437642
74 0.511674 0.502268 0.965585 0.437642
81 0.515187 0.487245 0.958559 0.445011
79 0.514051 0.494898 0.971899 0.447846
104 0.514441 0.502268 0.971118 0.464853
81 0.517953 0.480726 0.964093 0.437642
78 0.517953 0.480726 0.964093 0.437642
74 0.514051 0.494898 0.971899 0.447846
17 0.517953 0.480726 0.964093 0.437642
66 0.514051 0.494898 0.971899 0.447846
79 0.519515 0.494048 0.960971 0.421202
104 0.505429 0.524093 0.976513 0.434807
81 0.515612 0.514172 0.968777 0.410431
74 0.507771 0.521258 0.957779 0.426871
17 0.519515 0.494048 0.960971 0.421202
66 0.507771 0.521258 0.957779 0.426871
79 0.521431 0.489796 0.955437 0.428571
81 0.521431 0.489796 0.955437 0.428571
74 0.516783 0.51729 0.966435 0.423469
79 0.499575 0.512755 0.942948 0.457483
78 0.512064 0.5 0.971049 0.451247
104 0.501526 0.511054 0.945289 0.460884
81 0.512064 0.5 0.971049 0.451247
108 0.512845 0.499717 0.97261 0.560658
79 0.515187 0.491213 0.967926 0.451814
104 0.503087 0.50737 0.942167 0.438776
78 0.513625 0.490646 0.964804 0.435941
81 0.503087 0.50737 0.942167 0.438776
66 0.50621 0.51559 0.979635 0.429138
74 0.50621 0.51559 0.979635 0.429138
79 0.512064 0.499717 0.974171 0.447279
104 0.498794 0.509921 0.944509 0.440476
81 0.512845 0.486961 0.969487 0.441043
78 0.512845 0.486961 0.969487 0.441043
74 0.499575 0.506803 0.94607 0.446712
66 0.499575 0.506803 0.94607 0.446712
81 0.140213 0.298753 0.280425 0.597506
79 0.514051 0.491497 0.971899 0.456916
104 0.500746 0.510204 0.962462 0.453515
81 0.501917 0.503968 0.950753 0.460317
78 0.514831 0.490646 0.970338 0.445011
66 0.501917 0.503968 0.950753 0.460317
74 0.499185 0.510204 0.956217 0.453515
79 0.514406 0.477324 0.969487 0.473923
104 0.503868 0.512188 0.974952 0.447279
78 0.515612 0.478458 0.968777 0.455782
81 0.515612 0.478458 0.968777 0.455782
66 0.5066 0.506236 0.956998 0.450113
79 0.515967 0.486961 0.964804 0.470522
104 0.508196 0.513889 0.983608 0.44161
78 0.516748 0.486961 0.966365 0.451247
81 0.515612 0.507653 0.968777 0.433673
66 0.508552 0.514172 0.95934 0.437642
74 0.508552 0.514172 0.95934 0.437642
79 0.51327 0.515023 0.97346 0.422336
104 0.483183 0.518708 0.907041 0.431973
74 0.489427 0.523243 0.944509 0.42517
66 0.489427 0.523243 0.944509 0.42517
78 0.51327 0.515023 0.97346 0.422336
81 0.51327 0.515023 0.97346 0.422336
17 0.489427 0.523243 0.944509 0.42517
79 0.51288 0.512755 0.974241 0.423469
104 0.480841 0.515873 0.89299 0.437642
74 0.484353 0.521825 0.926555 0.430272
66 0.484353 0.521825 0.926555 0.430272
81 0.51288 0.512755 0.974241 0.423469
78 0.51288 0.512755 0.974241 0.423469
81 0.840726 0.0617914 0.318549 0.123583
79 0.512489 0.505102 0.975021 0.43424
104 0.505429 0.513322 0.971829 0.445011
78 0.510928 0.471655 0.978144 0.439909
66 0.5066 0.517007 0.97261 0.439909
74 0.5066 0.517007 0.97261 0.439909
81 0.512489 0.505102 0.975021 0.43424
79 0.512489 0.496599 0.975021 0.455782
104 0.514051 0.491497 0.971899 0.480726
78 0.510928 0.464853 0.978144 0.453515
66 0.51288 0.485261 0.974241 0.447846
81 0.51288 0.485261 0.974241 0.447846
74 0.505039 0.506236 0.956998 0.459184
79 0.512489 0.498866 0.975021 0.442177
104 0.51288 0.498299 0.974241 0.461451
78 0.512489 0.485828 0.975021 0.433107
66 0.512489 0.498866 0.975021 0.442177
81 0.507381 0.476474 0.981977 0.428005
79 0.51327 0.489229 0.97346 0.455782
104 0.501917 0.498016 0.947631 0.452948
81 0.51327 0.477608 0.97346 0.443878
78 0.51327 0.477608 0.97346 0.443878
66 0.51327 0.489229 0.97346 0.455782
79 0.51288 0.505386 0.974241 0.430272
104 0.500355 0.508787 0.947631 0.442744
66 0.51288 0.505386 0.974241 0.430272
81 0.51288 0.505386 0.974241 0.430272
17 0.500355 0.508787 0.947631 0.442744
79 0.51327 0.502551 0.97346 0.437075
104 0.51327 0.501134 0.97346 0.453515
66 0.504649 0.508503 0.957779 0.44898
81 0.514051 0.495748 0.971899 0.421202
74 0.504649 0.508503 0.957779 0.44898
78 0.514051 0.495748 0.971899 0.421202
79 0.51288 0.504819 0.974241 0.434807
104 0.51327 0.503401 0.97346 0.453515
66 0.508161 0.515873 0.963243 0.435374
81 0.51327 0.503401 0.97346 0.453515
74 0.510928 0.515306 0.978144 0.441043
17 0.51288 0.504819 0.974241 0.434807
79 0.51366 0.507937 0.972679 0.42517
104 0.512489 0.486678 0.975021 0.403061
66 0.511319 0.516156 0.977363 0.440476
74 0.511319 0.516156 0.977363 0.440476
81 0.514051 0.498299 0.971899 0.412698
78 0.514051 0.498299 0.971899 0.412698
17 0.51366 0.507937 0.972679 0.42517
79 0.514831 0.50822 0.970338 0.424603
104 0.515612 0.497166 0.968777 0.4161
66 0.511319 0.513605 0.977363 0.442177
74 0.511319 0.513605 0.977363 0.442177
81 0.515612 0.497166 0.968777 0.4161
17 0.514831 0.50822 0.970338 0.424603
79 0.514831 0.505385 0.970338 0.451814
66 0.511319 0.507936 0.977363 0.454648
104 0.514831 0.505385 0.970338 0.451814
74 0.511319 0.507936 0.977363 0.454648
81 0.514831 0.489229 0.970338 0.43424
78 0.514831 0.489229 0.970338 0.43424
17 0.514831 0.489229 0.970338 0.43424
79 0.514051 0.502551 0.971899 0.45068
104 0.514051 0.502551 0.971899 0.45068
66 0.510928 0.505385 0.978144 0.457483
81 0.514441 0.487812 0.971118 0.430272
74 0.510928 0.505385 0.978144 0.457483
78 0.514441 0.487812 0.971118 0.430272
79 0.51327 0.499433 0.97346 0.446712
104 0.51327 0.499433 0.97346 0.446712
66 0.510893 0.503968 0.971829 0.44898
78 0.51366 0.485261 0.972679 0.433107
81 0.51327 0.499433 0.97346 0.446712
74 0.510928 0.506236 0.978144 0.452381
17 0.512489 0.497732 0.975021 0.436508
79 0.512489 0.501984 0.975021 0.442744
104 0.509757 0.507937 0.980485 0.447846
66 0.509722 0.507653 0.969487 0.443878
81 0.51327 0.486395 0.97346 0.437642
78 0.51327 0.486395 0.97346 0.437642
79 0.512099 0.505102 0.975802 0.436508
104 0.512099 0.506519 0.975802 0.442744
81 0.512099 0.505102 0.975802 0.436508
66 0.509722 0.511905 0.971049 0.441043
17 0.508586 0.510771 0.982827 0.443311
78 0.512099 0.505102 0.975802 0.436508
74 0.509722 0.511905 0.971049 0.441043
79 0.511709 0.50822 0.976582 0.43254
104 0.511319 0.509354 0.977363 0.44161
81 0.511709 0.50822 0.976582 0.43254
17 0.508977 0.515306 0.982047 0.43424
66 0.511709 0.50822 0.976582 0.43254
74 0.508977 0.515306 0.982047 0.43424
79 0.512099 0.509921 0.975802 0.426871
104 0.510538 0.518708 0.978924 0.429705
17 0.499575 0.51644 0.967926 0.427438
81 0.512099 0.509921 0.975802 0.426871
66 0.502697 0.517007 0.955437 0.430839
74 0.510538 0.518708 0.978924 0.429705
79 0.51288 0.510771 0.974241 0.417234
104 0.510148 0.519841 0.979705 0.427438
17 0.509367 0.519558 0.981266 0.430272
81 0.51288 0.510771 0.974241 0.417234
66 0.510148 0.519841 0.979705 0.427438
79 0.512489 0.509921 0.975021 0.410998
104 0.509757 0.520408 0.980485 0.427438
17 0.50699 0.519841 0.978074 0.429705
81 0.512489 0.509921 0.975021 0.410998
66 0.509757 0.520408 0.980485 0.427438
79 0.512489 0.509637 0.975021 0.411565
104 0.508977 0.520125 0.982047 0.430272
81 0.512099 0.511905 0.975802 0.427438
17 0.5066 0.519274 0.978854 0.433107
66 0.508977 0.520125 0.982047 0.430272
79 0.512099 0.510204 0.975802 0.413832
104 0.5066 0.520125 0.978854 0.433673
66 0.5066 0.520125 0.978854 0.433673
81 0.511709 0.512755 0.976582 0.428005
17 0.503478 0.519274 0.974171 0.435374
79 0.512099 0.510771 0.975802 0.414966
104 0.504649 0.519558 0.976513 0.433674
66 0.50699 0.520125 0.981196 0.43254
81 0.511709 0.514456 0.976582 0.426871
17 0.504649 0.519558 0.976513 0.433674
79 0.512099 0.509637 0.975802 0.413832
104 0.505039 0.518141 0.978854 0.436508
66 0.507771 0.518708 0.982757 0.43424
81 0.511709 0.513605 0.976582 0.426304
17 0.505039 0.518141 0.978854 0.436508
78 0.512099 0.509637 0.975802 0.413832
79 0.512099 0.509921 0.975802 0.415533
104 0.498014 0.51644 0.94607 0.427438
66 0.498794 0.51729 0.947631 0.428004
81 0.511709 0.513322 0.976582 0.425737
17 0.507381 0.517007 0.980416 0.436508
78 0.512099 0.509921 0.975802 0.415533
79 0.512099 0.510204 0.975802 0.413832
104 0.500355 0.515873 0.950753 0.42517
66 0.500355 0.517574 0.952314 0.426304
81 0.500355 0.515873 0.950753 0.42517
17 0.508586 0.517007 0.982827 0.43424
78 0.512099 0.510204 0.975802 0.413832
79 0.512099 0.509921 0.975802 0.412132
104 0.502697 0.51644 0.953876 0.422902
66 0.502307 0.517574 0.956217 0.424036
17 0.508977 0.517574 0.982047 0.431973
78 0.512099 0.509921 0.975802 0.412132
81 0.502697 0.51644 0.953876 0.422902
79 0.512489 0.509637 0.975021 0.410431
104 0.504649 0.51644 0.957779 0.422902
66 0.503868 0.51729 0.95934 0.422336
17 0.509367 0.517574 0.981266 0.431973
78 0.512845 0.498866 0.974171 0.408163
81 0.504649 0.51644 0.957779 0.422902
79 0.512064 0.498866 0.974171 0.419501
104 0.505039 0.516723 0.958559 0.422336
66 0.503868 0.517574 0.95934 0.421769
17 0.509367 0.51729 0.981266 0.43254
78 0.512064 0.49915 0.974171 0.40873
81 0.505039 0.516723 0.958559 0.422336
79 0.511284 0.498299 0.97261 0.422902
104 0.504649 0.517007 0.957779 0.421769
66 0.504258 0.517574 0.96012 0.421769
17 0.509367 0.517007 0.981266 0.431973
78 0.511284 0.49915 0.97261 0.412132
79 0.511284 0.499717 0.97261 0.423469
104 0.505819 0.517007 0.958559 0.421769
66 0.505039 0.518141 0.96012 0.421769
17 0.509757 0.517574 0.980485 0.430839
78 0.512064 0.510488 0.975732 0.412132
79 0.511674 0.498866 0.971829 0.427438
104 0.505819 0.51644 0.96012 0.422902
66 0.505819 0.518424 0.961682 0.422336
17 0.505819 0.51644 0.96012 0.422902
78 0.512064 0.511054 0.975732 0.413265
79 0.511284 0.498866 0.97261 0.428571
104 0.5066 0.516723 0.96012 0.422336
66 0.505819 0.518991 0.961682 0.421202
17 0.5066 0.516723 0.96012 0.422336
78 0.512064 0.511905 0.975732 0.412698
81 0.5066 0.516723 0.96012 0.422336
79 0.512489 0.512472 0.975021 0.410431
104 0.508161 0.51729 0.963243 0.421202
66 0.5066 0.519274 0.964804 0.420635
17 0.508161 0.51729 0.963243 0.421202
81 0.508161 0.51729 0.963243 0.421202
79 0.511674 0.501134 0.971829 0.424036
104 0.508942 0.517857 0.963243 0.420068
66 0.507771 0.519841 0.965584 0.419501
17 0.508942 0.517857 0.963243 0.420068
81 0.508942 0.517857 0.963243 0.420068
79 0.511674 0.501701 0.971829 0.421769
104 0.508552 0.518141 0.962462 0.419501
66 0.507771 0.519841 0.965584 0.418367
17 0.508552 0.518141 0.962462 0.419501
81 0.508552 0.518141 0.962462 0.419501
79 0.511284 0.502268 0.97261 0.419501
104 0.508552 0.518141 0.962462 0.418367
66 0.507771 0.519841 0.965584 0.418367
17 0.508552 0.518141 0.962462 0.418367
81 0.508552 0.518141 0.962462 0.418367
79 0.511284 0.503401 0.97261 0.4161
104 0.508161 0.518141 0.961682 0.417234
66 0.507771 0.519841 0.965584 0.418367
17 0.508161 0.518141 0.961682 0.417234
79 0.511284 0.504535 0.97261 0.413832
104 0.507771 0.518708 0.960901 0.4161
17 0.507771 0.518708 0.960901 0.4161
66 0.507381 0.520408 0.964804 0.417234
79 0.511284 0.505102 0.97261 0.412698
104 0.507381 0.518708 0.96012 0.4161
17 0.507381 0.518708 0.96012 0.4161
66 0.507381 0.520408 0.964804 0.417234
79 0.511284 0.506236 0.97261 0.411565
104 0.5066 0.518708 0.96012 0.4161
17 0.5066 0.518708 0.96012 0.4161
66 0.507381 0.520692 0.964804 0.416667
79 0.512489 0.514456 0.975021 0.404195
104 0.5066 0.518991 0.96012 0.415533
17 0.5066 0.518991 0.96012 0.415533
66 0.507381 0.520692 0.964804 0.416667
79 0.512099 0.514456 0.975802 0.404195
104 0.5066 0.518991 0.96012 0.415533
17 0.5066 0.518991 0.96012 0.415533
66 0.507381 0.520692 0.964804 0.416667
79 0.512099 0.514739 0.975802 0.403628
104 0.507381 0.518708 0.961682 0.4161
17 0.507381 0.518708 0.961682 0.4161
79 0.512099 0.514739 0.975802 0.403628
104 0.507381 0.518991 0.961682 0.415533
17 0.507381 0.518991 0.961682 0.415533
79 0.511709 0.514739 0.976582 0.403628
104 0.5066 0.518708 0.961682 0.4161
17 0.5066 0.518708 0.961682 0.4161
79 0.511709 0.514739 0.976582 0.403628
104 0.5066 0.518708 0.961682 0.4161
17 0.5066 0.518708 0.961682 0.4161
79 0.511709 0.514739 0.976582 0.403628
104 0.50621 0.518708 0.960901 0.4161
17 0.50621 0.518708 0.960901 0.4161
79 0.511709 0.514739 0.976582 0.404762
104 0.50621 0.518991 0.960901 0.415533
17 0.50621 0.518991 0.960901 0.415533
79 0.511709 0.514739 0.976582 0.404762
104 0.50621 0.518708 0.960901 0.4161
17 0.50621 0.518708 0.960901 0.4161
79 0.511709 0.514739 0.976582 0.404762
104 0.50621 0.518708 0.960901 0.4161
79 0.511709 0.514739 0.976582 0.404762
104 0.505429 0.518991 0.95934 0.416667
79 0.507381 0.521258 0.966365 0.4178
104 0.505039 0.519274 0.96012 0.417234
79 0.507381 0.521258 0.967926 0.4178
104 0.505429 0.519274 0.95934 0.417234
79 0.507381 0.521258 0.966365 0.4178
104 0.505429 0.519274 0.95934 0.417234
79 0.507771 0.521258 0.967146 0.4178
104 0.505039 0.519274 0.958559 0.417234
79 0.507381 0.521258 0.966365 0.4178
104 0.504649 0.519274 0.957779 0.417234
79 0.507381 0.521258 0.966365 0.4178
104 0.505039 0.519274 0.956998 0.417234
79 0.50699 0.521258 0.965584 0.4178
104 0.505039 0.518991 0.956998 0.416667
79 0.50699 0.521258 0.965584 0.4178
104 0.504258 0.518991 0.956998 0.416667
79 0.50699 0.520975 0.965584 0.418367
104 0.504258 0.518991 0.955437 0.416667
79 0.507381 0.520975 0.964804 0.418367
104 0.504258 0.518991 0.955437 0.416667
79 0.507381 0.520975 0.964804 0.418367
104 0.504258 0.518708 0.955437 0.4161
79 0.5066 0.520975 0.964804 0.418367
104 0.503868 0.518708 0.954656 0.4161
79 0.507381 0.520975 0.964804 0.418367
104 0.503868 0.518708 0.954656 0.4161
79 0.5066 0.520692 0.964804 0.4178
104 0.503868 0.518708 0.954656 0.4161
79 0.5066 0.520692 0.964804 0.4178
104 0.503868 0.518424 0.954656 0.416667
79 0.507381 0.520692 0.964804 0.4178
104 0.503868 0.518424 0.954656 0.416667
79 0.5066 0.520408 0.964804 0.417234
104 0.503868 0.518424 0.954656 0.416667
79 0.507381 0.520408 0.964804 0.417234
104 0.503478 0.518141 0.955437 0.4161
79 0.507381 0.520408 0.964804 0.417234
104 0.503868 0.518141 0.954656 0.4161
79 0.507381 0.520408 0.964804 0.417234
104 0.503868 0.518141 0.954656 0.4161
79 0.507381 0.520408 0.964804 0.417234
104 0.508161 0.519841 0.981977 0.42517
79 0.507381 0.520408 0.964804 0.417234
104 0.507771 0.519841 0.982757 0.42517
79 0.507381 0.520408 0.964804 0.417234
104 0.507771 0.519841 0.982757 0.42517
79 0.507381 0.520408 0.964804 0.417234
104 0.507771 0.519841 0.982757 0.42517
17 0.507771 0.519841 0.982757 0.42517
79 0.507381 0.520408 0.964804 0.417234
104 0.507771 0.519841 0.982757 0.42517
79 0.507381 0.520692 0.964804 0.416667
104 0.507771 0.519841 0.982757 0.42517
79 0.507381 0.520408 0.964804 0.4161
104 0.507381 0.519841 0.981977 0.42517
79 0.507381 0.520408 0.964804 0.4161
104 0.507381 0.519841 0.981977 0.424036
79 0.507381 0.520408 0.964804 0.4161
104 0.507381 0.519841 0.983538 0.424036
79 0.507381 0.520408 0.964804 0.414966
104 0.507381 0.519841 0.983538 0.424036
17 0.507381 0.519841 0.983538 0.424036
79 0.507381 0.520408 0.964804 0.414966
104 0.50699 0.519558 0.982757 0.423469
17 0.50699 0.519558 0.982757 0.423469
79 0.507381 0.520408 0.964804 0.414966
104 0.50699 0.519558 0.982757 0.423469
17 0.50699 0.519558 0.982757 0.423469
79 0.507381 0.520408 0.964804 0.414966
104 0.5066 0.519558 0.981977 0.423469
17 0.5066 0.519558 0.981977 0.423469
79 0.507381 0.520408 0.964804 0.414966
104 0.5066 0.519558 0.981977 0.423469
17 0.5066 0.519558 0.981977 0.423469
79 0.5066 0.520408 0.964804 0.414966
104 0.5066 0.519558 0.981977 0.423469
17 0.5066 0.519558 0.981977 0.423469
79 0.5066 0.520408 0.964804 0.414966
104 0.5066 0.519274 0.981977 0.422902
79 0.50621 0.520125 0.964023 0.415533
104 0.50582 0.519274 0.981977 0.422902
79 0.5066 0.520125 0.964804 0.415533
104 0.50582 0.519274 0.981977 0.422902
17 0.50582 0.519274 0.981977 0.422902
79 0.50621 0.520125 0.964023 0.415533
104 0.50582 0.518991 0.980416 0.423469
17 0.50582 0.518991 0.980416 0.423469
79 0.50621 0.520125 0.964023 0.415533
104 0.50582 0.518708 0.980416 0.422902
17 0.50582 0.518708 0.980416 0.422902
