48 0.508283 0.502294 0.969719 0.610092
49 0.499694 0.517775 0.965034 0.646789
79 0.499694 0.517775 0.965034 0.646789
53 0.504379 0.518922 0.98065 0.626147
95 0.499694 0.517775 0.965034 0.646789
74 0.506721 0.508314 0.975965 0.637041
56 0.506721 0.508314 0.975965 0.637041
50 0.506721 0.508314 0.975965 0.637041
54 0.506721 0.508314 0.975965 0.637041
110 0.499694 0.517775 0.965034 0.646789
109 0.504379 0.518922 0.98065 0.626147
68 0.506721 0.508314 0.975965 0.637041
104 0.499694 0.517775 0.965034 0.646789
84 0.506721 0.508314 0.975965 0.637041
67 0.499694 0.517775 0.965034 0.646789
17 0.499694 0.517775 0.965034 0.646789
101 0.506721 0.508314 0.975965 0.637041
46 0.499694 0.517775 0.965034 0.646789
103 0.506721 0.508314 0.975965 0.637041
105 0.499694 0.517775 0.965034 0.646789
33 0.499694 0.517775 0.965034 0.646789
111 0.506721 0.508314 0.975965 0.637041
42 0.499694 0.517775 0.965034 0.646789
76 0.499694 0.517775 0.965034 0.646789
97 0.506721 0.508314 0.975965 0.637041
77 0.506721 0.508314 0.975965 0.637041
81 0.504379 0.518922 0.98065 0.626147
75 0.508283 0.502294 0.969719 0.610092
78 0.504379 0.509174 0.974404 0.622706
47 0.504379 0.518922 0.98065 0.626147
73 0.506721 0.508314 0.975965 0.637041
100 0.499694 0.517775 0.965034 0.646789
16 0.504379 0.518922 0.98065 0.626147
11 0.499694 0.517775 0.965034 0.646789
66 0.499694 0.517775 0.965034 0.646789
34 0.504379 0.509174 0.974404 0.622706
14 0.499694 0.517775 0.965034 0.646789
80 0.504379 0.518922 0.98065 0.626147
102 0.508283 0.502294 0.969719 0.610092
51 0.499694 0.517775 0.965034 0.646789
108 0.506721 0.508314 0.975965 0.637041
21 0.499694 0.517775 0.965034 0.646789
0 0.499694 0.517775 0.965034 0.646789
31 0.506721 0.508314 0.975965 0.637041
41 0.498133 0.523796 0.968157 0.645069
38 0.506721 0.508314 0.975965 0.637041
15 0.504379 0.518922 0.98065 0.626147
28 0.506721 0.508314 0.975965 0.637041
99 0.503598 0.540138 0.982211 0.607798
12 0.497742 0.514908 0.962692 0.637615
13 0.50594 0.521789 0.983773 0.651376
5 0.506721 0.508314 0.975965 0.637041
72 0.504379 0.518922 0.98065 0.626147
7 0.499694 0.517775 0.965034 0.646789
52 0.504379 0.509174 0.974404 0.622706
19 0.50594 0.521789 0.983773 0.651376
4 0.504379 0.518922 0.98065 0.626147
65 0.504379 0.509174 0.974404 0.622706
26 0.508283 0.502294 0.969719 0.610092
6 0.499694 0.517775 0.965034 0.646789
92 0.506721 0.508314 0.975965 0.637041
94 0.499694 0.517775 0.965034 0.646789
55 0.50594 0.521789 0.983773 0.651376
45 0.498133 0.523796 0.968157 0.645069
48 0.64765 0.523509 0.700353 0.512615
62 0.498133 0.523796 0.968157 0.645069
71 0.50594 0.521789 0.983773 0.651376
88 0.503598 0.503154 0.982211 0.581995
54 0.496571 0.504874 0.961911 0.627867
80 0.496571 0.504874 0.961911 0.627867
111 0.496571 0.504874 0.961911 0.627867
48 0.496571 0.504874 0.961911 0.627867
56 0.496571 0.504874 0.961911 0.627867
104 0.496571 0.504874 0.961911 0.627867
81 0.496571 0.504874 0.961911 0.627867
109 0.496571 0.504874 0.961911 0.627867
103 0.496571 0.504874 0.961911 0.627867
46 0.496571 0.504874 0.961911 0.627867
110 0.496571 0.504874 0.961911 0.627867
75 0.496571 0.504874 0.961911 0.627867
99 0.496571 0.504874 0.961911 0.627867
74 0.496571 0.504874 0.961911 0.627867
101 0.496571 0.504874 0.961911 0.627867
84 0.496571 0.504874 0.961911 0.627867
108 0.493448 0.496273 0.965034 0.627867
105 0.496571 0.504874 0.961911 0.627867
95 0.496571 0.504874 0.961911 0.627867
42 0.496571 0.504874 0.961911 0.627867
66 0.496571 0.504874 0.961911 0.627867
78 0.493448 0.496273 0.965034 0.627867
68 0.496571 0.504874 0.961911 0.627867
79 0.496571 0.504874 0.961911 0.627867
52 0.496571 0.504874 0.961911 0.627867
50 0.496571 0.504874 0.961911 0.627867
17 0.496571 0.504874 0.961911 0.627867
41 0.496571 0.504874 0.961911 0.627867
67 0.496571 0.504874 0.961911 0.627867
53 0.496571 0.504874 0.961911 0.627867
33 0.496571 0.504874 0.961911 0.627867
47 0.496571 0.504874 0.961911 0.627867
97 0.496571 0.504874 0.961911 0.627867
73 0.496571 0.504874 0.961911 0.627867
77 0.493448 0.496273 0.965034 0.627867
76 0.496571 0.504874 0.961911 0.627867
102 0.496571 0.504874 0.961911 0.627867
100 0.496571 0.504874 0.961911 0.627867
49 0.496571 0.504874 0.961911 0.627867
35 0.496571 0.504874 0.961911 0.627867
31 0.496571 0.504874 0.961911 0.627867
51 0.504379 0.5 0.972842 0.635321
105 0.332023 0.512615 0.646089 0.643349
34 0.496571 0.504874 0.961911 0.627867
28 0.493448 0.496273 0.965034 0.627867
6 0.493838 0.510608 0.976746 0.631307
108 0.332023 0.512615 0.646089 0.643349
78 0.332023 0.512615 0.646089 0.643349
78 0.498133 0.495986 0.996265 0.991972
79 0.323825 0.512041 0.633597 0.638761
48 0.332023 0.512615 0.646089 0.643349
9 0.496571 0.504874 0.961911 0.627867
21 0.493448 0.496273 0.965034 0.627867
104 0.332023 0.512615 0.646089 0.643349
108 0.498133 0.495986 0.996265 0.991972
56 0.332023 0.512615 0.646089 0.643349
105 0.222325 0.508888 0.431377 0.638188
14 0.493448 0.496273 0.965034 0.627867
108 0.499304 0.504587 0.998608 0.639908
81 0.499304 0.504587 0.998608 0.639908
78 0.499304 0.504587 0.998608 0.639908
79 0.499304 0.504587 0.998608 0.639908
104 0.496181 0.512328 0.992361 0.627867
105 0.496181 0.512328 0.992361 0.627867
56 0.496181 0.512328 0.992361 0.627867
78 0.496571 0.457282 0.993142 0.914564
108 0.496571 0.457282 0.993142 0.914564
80 0.499304 0.504587 0.998608 0.639908
53 0.496181 0.512328 0.992361 0.627867
81 0.496571 0.457282 0.993142 0.914564
95 0.496571 0.518635 0.993142 0.665711
52 0.499304 0.504587 0.998608 0.639908
104 0.496571 0.457282 0.993142 0.914564
79 0.496571 0.457282 0.993142 0.914564
84 0.496181 0.512328 0.992361 0.627867
74 0.499304 0.504587 0.998608 0.639908
95 0.498913 0.28383 0.994704 0.567661
17 0.499304 0.504587 0.998608 0.639908
105 0.496571 0.457282 0.993142 0.914564
78 0.500085 0.290711 0.992361 0.581422
54 0.496181 0.512328 0.992361 0.627867
48 0.496571 0.518635 0.993142 0.665711
108 0.500085 0.290711 0.992361 0.581422
68 0.499304 0.504587 0.998608 0.639908
80 0.496571 0.457282 0.993142 0.914564
56 0.496571 0.457282 0.993142 0.914564
111 0.496571 0.518635 0.993142 0.665711
68 0.498913 0.28383 0.994704 0.567661
66 0.499304 0.504587 0.998608 0.639908
53 0.502037 0.0487385 0.985334 0.0974771
104 0.500085 0.290711 0.992361 0.581422
81 0.365792 0.53211 0.730803 0.68578
68 0.502037 0.0487385 0.985334 0.0974771
33 0.499304 0.504587 0.998608 0.639908
75 0.496181 0.512328 0.992361 0.627867
56 0.500085 0.290711 0.992361 0.581422
53 0.498913 0.28383 0.994704 0.567661
79 0.500085 0.290711 0.992361 0.581422
81 0.500085 0.290711 0.992361 0.581422
95 0.502037 0.0487385 0.985334 0.0974771
108 0.365792 0.53211 0.730803 0.68578
109 0.496571 0.518635 0.993142 0.665711
78 0.492667 0.377867 0.985334 0.631881
52 0.496571 0.457282 0.993142 0.914564
105 0.498913 0.28383 0.994704 0.567661
108 0.492667 0.377867 0.985334 0.631881
78 0.502037 0.605505 0.990019 0.488532
74 0.496571 0.457282 0.993142 0.914564
81 0.502037 0.605505 0.990019 0.488532
103 0.499304 0.504587 0.998608 0.639908
56 0.502037 0.0487385 0.985334 0.0974771
104 0.365792 0.53211 0.730803 0.68578
41 0.496181 0.512328 0.992361 0.627867
104 0.499304 0.619839 0.9908 0.518349
48 0.499304 0.0559776 0.9908 0.111955
84 0.498913 0.28383 0.994704 0.567661
67 0.498913 0.28383 0.994704 0.567661
78 0.502037 0.0487385 0.985334 0.0974771
80 0.500085 0.290711 0.992361 0.581422
108 0.502037 0.0487385 0.985334 0.0974771
53 0.496571 0.457282 0.993142 0.914564
10 0.499304 0.504587 0.998608 0.639908
14 0.499304 0.504587 0.998608 0.639908
81 0.251409 0.538991 0.502817 0.700688
101 0.498913 0.28383 0.994704 0.567661
81 0.169916 0.565224 0.339831 0.750287
108 0.502037 0.605505 0.990019 0.488532
79 0.502037 0.605505 0.990019 0.488532
84 0.496571 0.457282 0.993142 0.914564
52 0.498913 0.28383 0.994704 0.567661
52 0.499304 0.0559776 0.9908 0.111955
95 0.503988 0.128727 0.984554 0.257454
74 0.500085 0.290711 0.992361 0.581422
81 0.492667 0.377867 0.985334 0.631881
104 0.502037 0.0487385 0.985334 0.0974771
78 0.316603 0.538991 0.633206 0.690367
67 0.496571 0.518635 0.993142 0.665711
101 0.502037 0.0487385 0.985334 0.0974771
79 0.502037 0.0487385 0.985334 0.0974771
2 0.496181 0.512328 0.992361 0.627867
84 0.502037 0.0487385 0.985334 0.0974771
105 0.499304 0.619839 0.9908 0.518349
68 0.496571 0.457282 0.993142 0.914564
108 0.169916 0.565224 0.339831 0.750287
79 0.365792 0.53211 0.730803 0.68578
81 0.499304 0.0559776 0.9908 0.111955
80 0.502037 0.0487385 0.985334 0.0974771
78 0.503988 0.128727 0.984554 0.257454
101 0.499304 0.504587 0.998608 0.639908
16 0.499304 0.504587 0.998608 0.639908
67 0.502037 0.0487385 0.985334 0.0974771
17 0.496571 0.457282 0.993142 0.914564
109 0.502037 0.0487385 0.985334 0.0974771
109 0.498913 0.28383 0.994704 0.567661
104 0.503988 0.128727 0.984554 0.257454
104 0.492667 0.377867 0.985334 0.631881
54 0.496571 0.457282 0.993142 0.914564
56 0.499304 0.619839 0.9908 0.518349
68 0.503988 0.128727 0.984554 0.257454
105 0.502037 0.0487385 0.985334 0.0974771
79 0.492667 0.377867 0.985334 0.631881
105 0.365792 0.53211 0.730803 0.68578
108 0.251409 0.538991 0.502817 0.700688
81 0.688251 0.508027 0.605098 0.631881
21 0.498913 0.524083 0.997827 0.665138
110 0.498913 0.28383 0.994704 0.567661
104 0.251409 0.538991 0.502817 0.700688
104 0.169916 0.565224 0.339831 0.750287
104 0.688251 0.508027 0.605098 0.631881
74 0.502037 0.0487385 0.985334 0.0974771
97 0.498913 0.524083 0.997827 0.665138
102 0.502037 0.0487385 0.985334 0.0974771
111 0.499304 0.0559776 0.9908 0.111955
76 0.496571 0.518635 0.993142 0.665711
66 0.496571 0.457282 0.993142 0.914564
78 0.169916 0.565224 0.339831 0.750287
77 0.502037 0.0487385 0.985334 0.0974771
48 0.498913 0.28383 0.994704 0.567661
108 0.688251 0.508027 0.605098 0.631881
104 0.501256 0.731651 0.988457 0.536697
103 0.499304 0.0559776 0.9908 0.111955
54 0.502037 0.0487385 0.985334 0.0974771
81 0.503988 0.128727 0.984554 0.257454
77 0.498913 0.28383 0.994704 0.567661
102 0.498913 0.28383 0.994704 0.567661
79 0.169916 0.565224 0.339831 0.750287
110 0.499304 0.0559776 0.9908 0.111955
25 0.496181 0.512328 0.992361 0.627867
78 0.500475 0.680619 0.990019 0.638762
6 0.496181 0.512328 0.992361 0.627867
111 0.498913 0.28383 0.994704 0.567661
101 0.496571 0.457282 0.993142 0.914564
4 0.302744 0.808486 0.210418 0.133028
79 0.503988 0.128727 0.984554 0.257454
105 0.251409 0.538991 0.502817 0.700688
56 0.365792 0.53211 0.730803 0.68578
0 0.700353 0.696101 0.107747 0.162844
46 0.486811 0.515482 0.972061 0.647936
75 0.502037 0.0487385 0.985334 0.0974771
78 0.507502 0.523509 0.979088 0.705275
79 0.504379 0.566514 0.986896 0.795871
104 0.504379 0.566514 0.986896 0.795871
74 0.502427 0.520642 0.978307 0.678899
108 0.507502 0.523509 0.979088 0.705275
105 0.503598 0.557913 0.988457 0.884174
81 0.504379 0.566514 0.986896 0.795871
78 0.511406 0.350631 0.958788 0.635894
66 0.502427 0.520642 0.978307 0.678899
74 0.511406 0.350631 0.958788 0.635894
108 0.509063 0.395069 0.971281 0.659404
80 0.502427 0.520642 0.978307 0.678899
78 0.511015 0.267202 0.96113 0.534404
52 0.497352 0.567661 0.993142 0.807339
33 0.507502 0.523509 0.979088 0.705275
108 0.497352 0.385894 0.944734 0.470183
74 0.511015 0.267202 0.96113 0.534404
21 0.507502 0.523509 0.979088 0.705275
108 0.511015 0.267202 0.96113 0.534404
79 0.503988 0.468463 0.978307 0.540138
95 0.502037 0.571101 0.98065 0.808486
104 0.509063 0.395069 0.971281 0.659404
66 0.511406 0.350631 0.958788 0.635894
79 0.511406 0.350631 0.958788 0.635894
42 0.502427 0.520642 0.978307 0.678899
79 0.511015 0.267202 0.96113 0.534404
10 0.504379 0.566514 0.986896 0.795871
78 0.493058 0.440654 0.9502 0.481078
78 0.519994 0.359805 0.94005 0.342317
66 0.511015 0.267202 0.96113 0.534404
105 0.497742 0.821101 0.967377 0.357798
104 0.511015 0.267202 0.96113 0.534404
75 0.497352 0.567661 0.993142 0.807339
104 0.497352 0.385894 0.944734 0.470183
53 0.497352 0.567661 0.993142 0.807339
81 0.509063 0.395069 0.971281 0.659404
105 0.49579 0.484232 0.95098 0.578555
104 0.497742 0.821101 0.967377 0.357798
105 0.498913 0.943807 0.958788 0.112385
17 0.502037 0.571101 0.98065 0.808486
105 0.499694 0.984518 0.950981 0.0309634
78 0.504379 0.938647 0.965034 0.122707
32 0.507502 0.523509 0.979088 0.705275
33 0.509063 0.395069 0.971281 0.659404
105 0.498523 0.661124 0.947076 0.641055
79 0.497742 0.821101 0.967377 0.357798
67 0.498523 0.519209 0.989238 0.670298
78 0.500865 0.81422 0.975184 0.37156
21 0.509063 0.395069 0.971281 0.659404
81 0.511406 0.268922 0.966596 0.537844
56 0.503598 0.557913 0.988457 0.884174
104 0.504379 0.938647 0.965034 0.122707
104 0.499694 0.984518 0.950981 0.0309634
80 0.511406 0.350631 0.958788 0.635894
81 0.500865 0.81422 0.975184 0.37156
78 0.519213 0.0712443 0.947857 0.142489
78 0.535219 0.456995 0.926777 0.913991
79 0.499694 0.984518 0.950981 0.0309634
79 0.498913 0.943807 0.958788 0.112385
33 0.511015 0.267202 0.96113 0.534404
84 0.497352 0.567661 0.993142 0.807339
81 0.497352 0.385894 0.944734 0.470183
78 0.498523 0.661124 0.947076 0.641055
108 0.519994 0.359805 0.94005 0.342317
50 0.500085 0.46617 0.986115 0.65711
81 0.498913 0.977064 0.958788 0.0458716
81 0.504379 0.938647 0.965034 0.122707
78 0.446602 0.523509 0.886957 0.549312
41 0.497352 0.567661 0.993142 0.807339
80 0.511015 0.267202 0.96113 0.534404
52 0.49579 0.484232 0.95098 0.578555
21 0.511015 0.267202 0.96113 0.534404
108 0.519213 0.0712443 0.947857 0.142489
105 0.507892 0.497993 0.964254 0.638188
104 0.50594 0.497133 0.974404 0.643349
81 0.507892 0.497993 0.964254 0.638188
79 0.50594 0.497133 0.974404 0.643349
78 0.509063 0.467316 0.971281 0.777523
108 0.50594 0.497133 0.974404 0.643349
56 0.50594 0.497133 0.974404 0.643349
78 0.542637 0.508673 0.904134 0.580132
105 0.580894 0.547018 0.821372 0.482798
79 0.513748 0.624427 0.924434 0.487385
108 0.544979 0.425459 0.896326 0.850917
81 0.513748 0.624427 0.924434 0.487385
81 0.580894 0.547018 0.821372 0.482798
78 0.651567 0.420872 0.696865 0.841743
78 0.59096 0.291858 0.81808 0.583716
79 0.580894 0.547018 0.821372 0.482798
95 0.507892 0.497993 0.964254 0.638188
80 0.507892 0.497993 0.964254 0.638188
103 0.507892 0.497993 0.964254 0.638188
81 0.509454 0.500573 0.975184 0.662844
105 0.509454 0.500573 0.975184 0.662844
104 0.509454 0.500573 0.975184 0.662844
79 0.509454 0.500573 0.975184 0.662844
78 0.510625 0.506307 0.974404 0.659404
56 0.506721 0.498566 0.982211 0.649656
108 0.510625 0.512615 0.974404 0.706422
78 0.511406 0.445241 0.975965 0.890482
103 0.512187 0.516055 0.968157 0.623853
81 0.51054 0.0884461 0.978919 0.176892
104 0.511406 0.445241 0.975965 0.890482
95 0.506721 0.498566 0.982211 0.649656
81 0.511406 0.445241 0.975965 0.890482
105 0.509063 0.0938933 0.977527 0.187787
81 0.508588 0.328842 0.982823 0.657683
81 0.6578 0.493119 0.683176 0.614679
104 0.509063 0.0938933 0.977527 0.187787
105 0.644235 0.530963 0.707184 0.568807
105 0.512187 0.0034762 0.969719 0.00695241
81 0.515225 0.00166643 0.96955 0.00333286
104 0.508588 0.328842 0.982823 0.657683
105 0.508588 0.328842 0.982823 0.657683
104 0.6578 0.493119 0.683176 0.614679
80 0.510625 0.512615 0.974404 0.706422
105 0.511406 0.445241 0.975965 0.890482
105 0.4954 0.596904 0.951761 0.474771
81 0.4954 0.596904 0.951761 0.474771
104 0.512187 0.0034762 0.969719 0.00695241
81 0.507808 0.207855 0.984385 0.415711
53 0.50594 0.504014 0.985334 0.637615
81 0.494229 0.517202 0.966596 0.669725
104 0.494229 0.517202 0.966596 0.669725
105 0.498913 0.525229 0.957227 0.68578
79 0.494229 0.517202 0.966596 0.669725
78 0.491886 0.519782 0.963473 0.666858
108 0.491886 0.519782 0.963473 0.666858
56 0.491106 0.516055 0.955665 0.674312
80 0.49501 0.520642 0.968157 0.66055
103 0.49579 0.524656 0.982211 0.686927
48 0.49579 0.524656 0.982211 0.686927
104 0.512967 0.00894137 0.938488 0.0178827
95 0.49501 0.520642 0.968157 0.66055
17 0.49501 0.520642 0.968157 0.66055
33 0.494229 0.517202 0.966596 0.669725
67 0.512967 0.00894137 0.938488 0.0178827
46 0.49579 0.524656 0.982211 0.686927
95 0.512967 0.00894137 0.938488 0.0178827
105 0.512967 0.00894137 0.938488 0.0178827
104 0.509844 0.0936067 0.954103 0.187213
68 0.512967 0.00894137 0.938488 0.0178827
81 0.512967 0.00894137 0.938488 0.0178827
105 0.502817 0.497993 0.98065 0.671445
81 0.503598 0.5 0.979088 0.690367
79 0.502817 0.497993 0.98065 0.671445
104 0.502817 0.497993 0.98065 0.671445
78 0.500475 0.422018 0.979088 0.844037
105 0.490325 0.602064 0.965034 0.46789
81 0.500475 0.59418 0.982211 0.479071
108 0.500475 0.422018 0.979088 0.844037
79 0.490325 0.602064 0.965034 0.46789
81 0.506331 0.506881 0.973623 0.644495
104 0.506331 0.506881 0.973623 0.644495
79 0.506331 0.506881 0.973623 0.644495
105 0.514138 0.513188 0.9705 0.641055
81 0.511796 0.0864392 0.972061 0.172878
81 0.511406 0.0139048 0.966596 0.0278096
81 0.771012 0.500072 0.450506 0.582425
81 0.360717 0.529817 0.701914 0.605505
105 0.511796 0.0864392 0.972061 0.172878
105 0.499694 0.012758 0.974404 0.0255161
81 0.507892 0.604358 0.939269 0.440367
10 0.506331 0.506881 0.973623 0.644495
81 0.504379 0.508027 0.990019 0.627293
79 0.502036 0.501147 0.991581 0.634174
104 0.504379 0.508027 0.990019 0.627293
105 0.504379 0.512901 0.988458 0.639335
10 0.502036 0.501147 0.991581 0.634174
80 0.503598 0.529243 0.990019 0.667431
108 0.502036 0.501147 0.991581 0.634174
78 0.502036 0.501147 0.991581 0.634174
17 0.502036 0.501147 0.991581 0.634174
104 0.506721 0.517775 0.979088 0.633027
79 0.498913 0.513761 0.961911 0.630734
81 0.506721 0.517775 0.979088 0.633027
105 0.506721 0.517775 0.979088 0.633027
108 0.506721 0.518349 0.977527 0.626147
78 0.506721 0.518349 0.977527 0.626147
80 0.506721 0.518349 0.977527 0.626147
108 0.508283 0.418076 0.972842 0.43793
17 0.507502 0.522362 0.98065 0.647936
74 0.498913 0.513761 0.961911 0.630734
95 0.506721 0.518349 0.977527 0.626147
56 0.506721 0.517775 0.979088 0.633027
103 0.498913 0.513761 0.961911 0.630734
81 0.50594 0.53125 0.983773 0.648509
104 0.50594 0.518922 0.983773 0.641055
79 0.50594 0.518922 0.983773 0.641055
105 0.504379 0.521216 0.986896 0.647936
78 0.50594 0.518922 0.983773 0.641055
108 0.50594 0.518922 0.983773 0.641055
10 0.50516 0.531537 0.985334 0.652523
80 0.50594 0.518922 0.983773 0.641055
2 0.512967 0.525803 0.969719 0.652523
21 0.50594 0.518922 0.983773 0.641055
32 0.512186 0.525803 0.971281 0.66055
17 0.50594 0.518922 0.983773 0.641055
81 0.50516 0.528383 0.988458 0.661124
105 0.50516 0.528383 0.988458 0.661124
104 0.50516 0.528383 0.988458 0.661124
80 0.50516 0.527236 0.985334 0.661124
18 0.044992 0.372993 0.0888128 0.12844
10 0.503123 0.52695 0.993754 0.659404
79 0.50516 0.527236 0.985334 0.661124
81 0.50516 0.525229 0.98065 0.667431
105 0.507502 0.518349 0.974404 0.634174
104 0.50516 0.525229 0.98065 0.667431
105 0.50594 0.0117546 0.968157 0.0235092
81 0.499694 0.512615 0.983773 0.642202
104 0.499694 0.512615 0.983773 0.642202
105 0.499694 0.512615 0.983773 0.642202
105 0.502037 0.209002 0.988458 0.418005
104 0.502037 0.209002 0.988458 0.418005
105 0.509063 0.0852924 0.98065 0.170585
81 0.502037 0.209002 0.988458 0.418005
81 0.504379 0.530963 0.983773 0.672018
105 0.489934 0.521502 0.962692 0.646216
104 0.511406 0.529243 0.96035 0.682339
80 0.48525 0.514908 0.956446 0.644495
81 0.502427 0.514048 0.978307 0.643922
104 0.502427 0.514048 0.978307 0.643922
105 0.510625 0.514335 0.961911 0.642202
81 0.510235 0.523509 0.968938 0.636468
104 0.488763 0.520642 0.961911 0.639908
105 0.509844 0.527523 0.971281 0.639908
79 0.503598 0.530963 0.983773 0.619266
81 0.50516 0.510894 0.972842 0.634174
104 0.50516 0.510894 0.972842 0.634174
79 0.48486 0.509174 0.96035 0.642202
81 0.50594 0.779816 0.977527 0.432339
81 0.50516 0.506881 0.985334 0.629587
104 0.50594 0.518922 0.979088 0.647936
10 0.50516 0.506881 0.985334 0.629587
79 0.50516 0.506881 0.985334 0.629587
81 0.0584603 0.525516 0.111065 0.71961
22 0.506721 0.509174 0.985334 0.644495
81 0.502817 0.518062 0.98065 0.646215
104 0.489544 0.508601 0.954103 0.638761
105 0.503598 0.517202 0.982211 0.644495
22 0.502817 0.518062 0.98065 0.646215
10 0.503598 0.517202 0.982211 0.644495
81 0.50516 0.521216 0.965034 0.631881
79 0.503598 0.516055 0.979088 0.619266
104 0.503208 0.522649 0.986115 0.633601
10 0.502817 0.513761 0.977527 0.616972
22 0.502817 0.513761 0.977527 0.616972
32 0.502817 0.513761 0.977527 0.616972
105 0.502036 0.522362 0.986896 0.634174
81 0.502037 0.523509 0.994704 0.661697
104 0.502427 0.515195 0.993923 0.633601
105 0.502037 0.521502 0.994704 0.638188
81 0.509063 0.525516 0.965034 0.641628
105 0.502036 0.513761 0.982211 0.630734
104 0.509063 0.519209 0.966596 0.638188
81 0.571441 0.52867 0.857119 0.658257
81 0.508283 0.521216 0.966596 0.644495
104 0.502817 0.508601 0.975965 0.625
105 0.492667 0.516915 0.96035 0.638188
81 0.510625 0.525229 0.968157 0.639908
104 0.502817 0.524083 0.983773 0.639908
105 0.502037 0.520929 0.985334 0.641628
5 0.311138 0.850917 0.0687079 0.0298165
16 0.311138 0.850917 0.0687079 0.0298165
16 0.326753 0.853784 0.0359155 0.0252294
81 0.50594 0.53125 0.977527 0.65883
104 0.502036 0.521789 0.982211 0.642202
79 0.502036 0.521789 0.982211 0.642202
108 0.500475 0.362385 0.982211 0.724771
78 0.500475 0.362385 0.982211 0.724771
81 0.512577 0.518922 0.967377 0.641055
104 0.501256 0.515482 0.990019 0.641055
79 0.501256 0.515482 0.990019 0.641055
78 0.500865 0.517489 0.987677 0.641628
10 0.512577 0.518922 0.967377 0.641055
81 0.506721 0.527523 0.974404 0.658257
81 0.500475 0.880161 0.972842 0.239679
81 0.503598 0.928899 0.972842 0.142202
104 0.487202 0.515482 0.963473 0.651376
105 0.506721 0.526376 0.975965 0.672018
81 0.511406 0.522076 0.966596 0.634748
105 0.488763 0.511468 0.968157 0.642202
104 0.489544 0.514335 0.971281 0.642202
81 0.502817 0.511755 0.990019 0.641628
105 0.502037 0.511468 0.988458 0.643349
81 0.510625 0.522649 0.961911 0.639335
81 0.502037 0.892202 0.985334 0.215596
81 0.500475 0.933773 0.975965 0.132454
104 0.509844 0.517775 0.965034 0.627293
81 0.511015 0.529817 0.96113 0.665138
47 0.498913 0.515482 0.985334 0.635321
104 0.502036 0.513761 0.986896 0.630734
81 0.508283 0.523796 0.966596 0.643922
81 0.496571 0.993119 0.946296 0.0137615
81 0.50555 0.920585 0.975184 0.15883
81 0.499694 0.513188 0.986896 0.620413
81 0.502037 0.524656 0.969719 0.650229
47 0.503598 0.521216 0.969719 0.651376
104 0.487983 0.513188 0.966596 0.631881
81 0.507502 0.511755 0.965034 0.625573
81 0.507502 0.513475 0.968157 0.637041
81 0.503988 0.887615 0.987677 0.224771
81 0.512187 0.943807 0.974404 0.112385
81 0.511406 0.818234 0.975965 0.363532
81 0.511015 0.516342 0.968938 0.643922
81 0.503208 0.864679 0.982992 0.270642
81 0.508283 0.520069 0.966596 0.645642
25 0.49501 0.508314 0.965034 0.643922
81 0.508283 0.517775 0.966596 0.649083
81 0.502427 0.888761 0.989238 0.222477
81 0.509454 0.519209 0.967377 0.635894
81 0.500085 0.953268 0.973623 0.0934634
81 0.500865 0.90711 0.986115 0.18578
81 0.508283 0.522362 0.971281 0.644495
81 0.497352 0.913417 0.985334 0.173165
81 0.496571 0.986812 0.974404 0.0263762
81 0.444259 0.993979 0.882273 0.0120413
81 0.504379 0.511181 0.983773 0.642775
47 0.502037 0.519495 0.985334 0.644495
81 0.500475 0.924885 0.983773 0.150229
81 0.506721 0.517202 0.975965 0.641055
81 0.506331 0.517775 0.978307 0.641055
81 0.509063 0.513475 0.974404 0.62672
81 0.506721 0.986812 0.965034 0.0263762
81 0.510235 0.524656 0.968938 0.650229
81 0.511406 0.522362 0.972842 0.647936
81 0.506721 0.987672 0.975965 0.024656
81 0.50594 0.932913 0.983773 0.134174
81 0.50594 0.810206 0.983773 0.379587
81 0.0536781 0.844037 0.107356 0.311927
81 0.509844 0.520355 0.972842 0.642775
81 0.0559716 0.846904 0.111943 0.306193
81 0.0544101 0.899083 0.10882 0.201835
81 0.0821275 0.84461 0.164255 0.31078
81 0.16894 0.970183 0.337879 0.0596331
81 0.508673 0.518062 0.975184 0.641628
81 0.508283 0.516628 0.972842 0.638761
81 0.510625 0.514335 0.971281 0.645642
81 0.512967 0.516055 0.969719 0.637615
81 0.507502 0.512328 0.98065 0.635894
81 0.507502 0.514335 0.98065 0.637615
81 0.511796 0.519209 0.968938 0.642775
81 0.511796 0.519782 0.972061 0.643922
47 0.506721 0.513188 0.983773 0.630734
81 0.512186 0.521216 0.971281 0.650229
47 0.506721 0.514335 0.982211 0.638761
81 0.511406 0.522649 0.972842 0.651949
81 0.511015 0.519495 0.972061 0.647936
81 0.510625 0.518349 0.972842 0.642202
81 0.506721 0.513761 0.982211 0.639908
81 0.507892 0.517775 0.979869 0.644495
81 0.507502 0.515195 0.979088 0.646216
81 0.509063 0.517202 0.974404 0.645642
81 0.510625 0.518635 0.974404 0.646216
81 0.511015 0.520355 0.973623 0.647362
81 0.511406 0.520929 0.974404 0.647362
25 0.503598 0.511468 0.972842 0.644495
81 0.511406 0.521502 0.975965 0.648509
25 0.504379 0.512901 0.974404 0.646216
81 0.511406 0.522362 0.975965 0.647936
25 0.503988 0.512901 0.975184 0.646216
81 0.511406 0.522076 0.975965 0.647362
25 0.503598 0.513188 0.974404 0.647936
81 0.510625 0.521789 0.974404 0.644495
25 0.502037 0.513761 0.969719 0.644495
81 0.510625 0.521216 0.974404 0.643349
25 0.501646 0.514621 0.9705 0.641628
81 0.510625 0.521789 0.972842 0.642202
25 0.501256 0.515482 0.971281 0.641055
81 0.510235 0.521789 0.973623 0.642202
25 0.508283 0.513475 0.982211 0.624427
81 0.509454 0.521789 0.973623 0.639908
25 0.508283 0.517775 0.982211 0.634174
81 0.504379 0.889908 0.985334 0.220184
81 0.508673 0.521789 0.975184 0.639908
25 0.507502 0.517775 0.983773 0.634174
81 0.504379 0.884174 0.985334 0.231651
81 0.508673 0.521789 0.975184 0.638761
81 0.50516 0.887041 0.983773 0.225917
25 0.507502 0.517775 0.983773 0.631881
81 0.508673 0.522076 0.975184 0.639335
81 0.50594 0.882454 0.983773 0.235092
25 0.507502 0.517775 0.983773 0.631881
81 0.509063 0.522076 0.975965 0.639335
81 0.506721 0.87328 0.983773 0.25344
25 0.508198 0.517202 0.983604 0.631881
81 0.509063 0.521789 0.975965 0.639908
81 0.507111 0.879014 0.984554 0.241972
25 0.507808 0.516915 0.984385 0.631307
81 0.0762229 0.896216 0.152446 0.207569
81 0.509844 0.521789 0.975965 0.638761
25 0.507808 0.516628 0.984385 0.631881
81 0.0760765 0.896502 0.152153 0.206995
81 0.506721 0.882454 0.983773 0.235092
81 0.510625 0.521216 0.974404 0.638761
81 0.507502 0.869266 0.983773 0.261468
25 0.507808 0.516055 0.984385 0.630734
81 0.0760277 0.896216 0.152055 0.207569
81 0.510625 0.521216 0.974404 0.638761
81 0.506721 0.876147 0.983773 0.247706
25 0.507417 0.516055 0.985165 0.630734
81 0.0758813 0.896216 0.151763 0.207569
81 0.510625 0.520642 0.974404 0.637615
81 0.507111 0.87414 0.984554 0.25172
81 0.0759301 0.896216 0.15186 0.207569
25 0.507417 0.516055 0.985165 0.630734
81 0.510625 0.520069 0.974404 0.636468
81 0.0758813 0.896216 0.151763 0.207569
81 0.510625 0.519495 0.974404 0.636468
81 0.0759789 0.896216 0.151958 0.207569
81 0.510625 0.519495 0.972842 0.636468
81 0.0759301 0.896216 0.15186 0.207569
81 0.509844 0.519495 0.972842 0.636468
81 0.0758325 0.896216 0.151665 0.207569
81 0.510235 0.519782 0.972061 0.637041
81 0.0758325 0.896216 0.151665 0.207569
81 0.510235 0.519782 0.972061 0.637041
81 0.0758325 0.896216 0.151665 0.207569
81 0.0757349 0.827408 0.15147 0.345184
81 0.510235 0.519209 0.972061 0.635894
81 0.0758325 0.895642 0.151665 0.208716
81 0.0757349 0.826835 0.15147 0.34633
81 0.510235 0.519495 0.972061 0.636468
81 0.0758325 0.895929 0.151665 0.208142
81 0.0757349 0.826835 0.15147 0.34633
81 0.510235 0.519209 0.972061 0.635894
81 0.0758813 0.895929 0.151763 0.208142
81 0.0757349 0.826261 0.15147 0.347477
81 0.510235 0.519209 0.972061 0.635894
81 0.0759301 0.895642 0.15186 0.208716
81 0.0757349 0.825975 0.15147 0.34805
25 0.506721 0.514335 0.982211 0.627293
81 0.50594 0.512041 0.983773 0.625
81 0.0759301 0.895642 0.15186 0.208716
81 0.0757349 0.825975 0.15147 0.34805
25 0.506721 0.513761 0.982211 0.626147
81 0.506721 0.513761 0.982211 0.626147
81 0.0759301 0.895642 0.15186 0.208716
81 0.0756861 0.825688 0.151372 0.348624
25 0.506721 0.513761 0.982211 0.626147
81 0.506721 0.513761 0.982211 0.626147
81 0.0759789 0.895642 0.151958 0.208716
81 0.0757349 0.825975 0.15147 0.34805
25 0.506721 0.513761 0.982211 0.626147
81 0.506721 0.513761 0.982211 0.626147
81 0.0760277 0.895069 0.152055 0.209862
81 0.0757349 0.825688 0.15147 0.348624
25 0.506721 0.513761 0.982211 0.626147
81 0.507111 0.513761 0.981431 0.626147
81 0.0761741 0.895069 0.152348 0.209862
81 0.0757837 0.825401 0.151567 0.349197
25 0.507111 0.513761 0.981431 0.626147
81 0.507111 0.513761 0.981431 0.626147
81 0.0762717 0.895069 0.152543 0.209862
81 0.0758325 0.825115 0.151665 0.349771
25 0.507111 0.513761 0.981431 0.626147
81 0.507111 0.513761 0.981431 0.626147
81 0.0761741 0.895069 0.152348 0.209862
81 0.0757837 0.825115 0.151567 0.349771
25 0.507111 0.513761 0.981431 0.626147
81 0.506721 0.513761 0.982211 0.626147
81 0.0761741 0.894782 0.152348 0.210436
81 0.0757349 0.825115 0.15147 0.349771
25 0.506721 0.513761 0.982211 0.626147
81 0.506721 0.513475 0.982211 0.625573
81 0.0761741 0.894782 0.152348 0.210436
81 0.0757349 0.825115 0.15147 0.349771
25 0.506721 0.513475 0.982211 0.625573
81 0.50594 0.511468 0.982211 0.623853
81 0.0760765 0.894782 0.152153 0.210436
81 0.0756373 0.825115 0.151275 0.349771
25 0.506721 0.513475 0.982211 0.625573
81 0.506721 0.513188 0.98065 0.626147
81 0.0760277 0.895069 0.152055 0.209862
81 0.0756373 0.825115 0.151275 0.349771
25 0.506721 0.513188 0.98065 0.626147
81 0.506721 0.513761 0.98065 0.626147
81 0.0759789 0.895069 0.151958 0.209862
81 0.0756373 0.825115 0.151275 0.349771
25 0.506721 0.513761 0.98065 0.626147
81 0.506721 0.513761 0.98065 0.626147
81 0.0759789 0.895069 0.151958 0.209862
81 0.0755885 0.825115 0.151177 0.349771
81 0.051043 0.834289 0.102086 0.331422
25 0.506721 0.513761 0.98065 0.626147
81 0.506721 0.513761 0.98065 0.626147
81 0.0759301 0.894495 0.15186 0.211009
81 0.0755885 0.824828 0.151177 0.350344
81 0.051043 0.833716 0.102086 0.332569
25 0.506721 0.513761 0.98065 0.626147
81 0.506721 0.513475 0.98065 0.62672
81 0.0759301 0.894495 0.15186 0.211009
81 0.0756373 0.824828 0.151275 0.350344
81 0.051043 0.833716 0.102086 0.332569
25 0.506721 0.513475 0.98065 0.62672
81 0.506721 0.513475 0.98065 0.62672
81 0.0759301 0.894495 0.15186 0.211009
81 0.0756373 0.824541 0.151275 0.350917
81 0.051043 0.833716 0.102086 0.332569
81 0.506721 0.513475 0.98065 0.62672
81 0.0759789 0.894209 0.151958 0.211583
81 0.0756373 0.824541 0.151275 0.350917
81 0.0508966 0.833716 0.101793 0.332569
81 0.506721 0.513475 0.98065 0.62672
81 0.0760765 0.893922 0.152153 0.212156
81 0.0756373 0.824541 0.151275 0.350917
81 0.0509454 0.833716 0.101891 0.332569
81 0.506721 0.513475 0.98065 0.62672
81 0.0761253 0.893922 0.152251 0.212156
81 0.0756861 0.824541 0.151372 0.350917
81 0.506721 0.513475 0.98065 0.62672
81 0.0762717 0.893922 0.152543 0.212156
81 0.0757837 0.824541 0.151567 0.350917
81 0.506721 0.513475 0.98065 0.62672
81 0.0763205 0.893922 0.152641 0.212156
81 0.0757837 0.824541 0.151567 0.350917
81 0.506721 0.513475 0.98065 0.62672
81 0.0763693 0.893922 0.152739 0.212156
81 0.0757837 0.824541 0.151567 0.350917
81 0.506721 0.513475 0.98065 0.62672
81 0.0764181 0.893922 0.152836 0.212156
81 0.0757349 0.824541 0.15147 0.350917
81 0.506721 0.513475 0.98065 0.62672
81 0.0764669 0.893922 0.152934 0.212156
81 0.0758325 0.824541 0.151665 0.350917
81 0.506721 0.513475 0.98065 0.62672
81 0.0765157 0.893922 0.153031 0.212156
81 0.0758325 0.823968 0.151665 0.352064
81 0.507502 0.513475 0.98065 0.62672
81 0.0766133 0.893922 0.153227 0.212156
81 0.0759301 0.823968 0.15186 0.352064
81 0.507111 0.513475 0.981431 0.62672
81 0.0768085 0.893349 0.153617 0.213303
81 0.0759301 0.823968 0.15186 0.352064
81 0.507111 0.513475 0.981431 0.62672
81 0.0768085 0.893922 0.153617 0.212156
81 0.0759789 0.823394 0.151958 0.353211
81 0.507111 0.513475 0.981431 0.62672
81 0.0768085 0.893635 0.153617 0.212729
81 0.0759789 0.823394 0.151958 0.353211
81 0.507111 0.513475 0.981431 0.62672
81 0.0769549 0.893349 0.15391 0.213303
81 0.0760277 0.823394 0.152055 0.353211
81 0.507111 0.513475 0.981431 0.62672
81 0.0770524 0.893062 0.154105 0.213876
81 0.0760277 0.823394 0.152055 0.353211
81 0.507111 0.513475 0.981431 0.62672
81 0.0771013 0.892775 0.154203 0.21445
81 0.0760277 0.823394 0.152055 0.353211
81 0.507111 0.513475 0.981431 0.62672
81 0.0772476 0.892488 0.154495 0.215023
81 0.0760765 0.823394 0.152153 0.353211
81 0.507111 0.513475 0.981431 0.62672
81 0.0772964 0.892202 0.154593 0.215596
81 0.0761253 0.823394 0.152251 0.353211
81 0.507111 0.513761 0.981431 0.627293
81 0.077394 0.891628 0.154788 0.216743
81 0.0761253 0.822821 0.152251 0.354358
81 0.507111 0.514048 0.981431 0.627867
81 0.0772964 0.891628 0.154593 0.216743
81 0.0760765 0.823394 0.152153 0.353211
81 0.507111 0.514048 0.981431 0.627867
81 0.0772964 0.891628 0.154593 0.216743
81 0.0760277 0.823394 0.152055 0.353211
81 0.507111 0.514048 0.981431 0.627867
81 0.0772964 0.891628 0.154593 0.216743
81 0.0760277 0.823394 0.152055 0.353211
81 0.506721 0.514048 0.982211 0.627867
81 0.0773452 0.891628 0.15469 0.216743
81 0.0760277 0.823394 0.152055 0.353211
81 0.506721 0.514048 0.982211 0.627867
81 0.0773452 0.891628 0.15469 0.216743
81 0.0760277 0.823394 0.152055 0.353211
81 0.506721 0.513761 0.982211 0.627293
81 0.0775404 0.891055 0.155081 0.21789
81 0.0761253 0.823394 0.152251 0.353211
81 0.506721 0.513475 0.982211 0.62672
81 0.0777356 0.891055 0.155471 0.21789
81 0.0762229 0.823394 0.152446 0.353211
81 0.506721 0.513761 0.982211 0.626147
81 0.0779308 0.890482 0.155862 0.219037
81 0.0763205 0.822821 0.152641 0.354358
81 0.506721 0.513761 0.982211 0.627293
81 0.0780772 0.890482 0.156154 0.219037
81 0.0763205 0.823394 0.152641 0.353211
81 0.506721 0.513761 0.982211 0.627293
81 0.0781748 0.890482 0.15635 0.219037
81 0.0764181 0.822821 0.152836 0.354358
