48 0.495381 0.485632 0.964238 0.478161
79 0.493041 0.511782 0.956436 0.424713
95 0.493041 0.511782 0.956436 0.424713
53 0.493041 0.511782 0.956436 0.424713
109 0.493041 0.511782 0.956436 0.424713
56 0.493041 0.511782 0.956436 0.424713
50 0.495381 0.485632 0.964238 0.478161
84 0.493041 0.511782 0.956436 0.424713
67 0.493041 0.511782 0.956436 0.424713
49 0.493041 0.511782 0.956436 0.424713
74 0.493041 0.511782 0.956436 0.424713
111 0.493041 0.511782 0.956436 0.424713
103 0.49109 0.499713 0.955656 0.455747
104 0.493041 0.511782 0.956436 0.424713
17 0.493041 0.511782 0.956436 0.424713
97 0.493041 0.511782 0.956436 0.424713
101 0.49109 0.499713 0.955656 0.455747
73 0.496161 0.483908 0.964238 0.486207
54 0.493041 0.511782 0.956436 0.424713
75 0.493041 0.511782 0.956436 0.424713
76 0.493041 0.511782 0.956436 0.424713
68 0.49109 0.499713 0.955656 0.455747
77 0.496161 0.483908 0.964238 0.486207
81 0.493041 0.511782 0.956436 0.424713
110 0.493041 0.511782 0.956436 0.424713
105 0.493041 0.511782 0.956436 0.424713
33 0.493041 0.511782 0.956436 0.424713
80 0.493041 0.511782 0.956436 0.424713
42 0.48641 0.520115 0.949415 0.408046
66 0.49109 0.499713 0.955656 0.455747
46 0.493041 0.511782 0.956436 0.424713
51 0.493041 0.511782 0.956436 0.424713
47 0.493431 0.51092 0.955656 0.424138
100 0.49109 0.499713 0.955656 0.455747
16 0.493041 0.511782 0.956436 0.424713
99 0.493431 0.51092 0.955656 0.424138
28 0.49109 0.499713 0.955656 0.455747
11 0.493041 0.511782 0.956436 0.424713
14 0.493041 0.511782 0.956436 0.424713
0 0.493041 0.511782 0.956436 0.424713
108 0.493041 0.511782 0.956436 0.424713
102 0.496161 0.483908 0.964238 0.486207
21 0.493041 0.511782 0.956436 0.424713
31 0.493431 0.51092 0.955656 0.424138
78 0.493041 0.511782 0.956436 0.424713
38 0.49109 0.499713 0.955656 0.455747
41 0.493041 0.511782 0.956436 0.424713
12 0.49109 0.499713 0.955656 0.455747
5 0.495381 0.485632 0.964238 0.478161
15 0.493041 0.511782 0.956436 0.424713
7 0.49109 0.499713 0.955656 0.455747
34 0.48758 0.511782 0.953316 0.431609
13 0.48641 0.520115 0.949415 0.408046
94 0.493041 0.511782 0.956436 0.424713
4 0.493041 0.511782 0.956436 0.424713
52 0.498892 0.491954 0.955656 0.467816
75 0.48758 0.435057 0.964238 0.42069
72 0.493431 0.51092 0.955656 0.424138
36 0.48641 0.520115 0.949415 0.408046
8 0.493041 0.511782 0.956436 0.424713
92 0.493041 0.511782 0.956436 0.424713
48 0.518785 0.455747 0.903388 0.341379
65 0.496161 0.483908 0.964238 0.486207
88 0.482899 0.48908 0.965798 0.425287
26 0.496161 0.483908 0.964238 0.486207
24 0.48641 0.520115 0.949415 0.408046
104 0.510984 0.461207 0.965798 0.533908
56 0.510984 0.461207 0.965798 0.533908
78 0.510984 0.461207 0.965798 0.533908
108 0.510984 0.436494 0.962677 0.581034
111 0.510984 0.461207 0.965798 0.533908
105 0.496161 0.464368 0.945515 0.526437
81 0.496161 0.435057 0.945515 0.585057
79 0.510984 0.461207 0.965798 0.533908
95 0.496161 0.464368 0.945515 0.526437
54 0.510984 0.436494 0.962677 0.581034
103 0.510984 0.436494 0.962677 0.581034
66 0.496161 0.464368 0.945515 0.526437
80 0.510984 0.461207 0.965798 0.533908
75 0.496161 0.435057 0.945515 0.585057
74 0.510984 0.461207 0.965798 0.533908
48 0.510984 0.461207 0.965798 0.533908
84 0.496161 0.435057 0.945515 0.585057
46 0.510984 0.461207 0.965798 0.533908
17 0.510984 0.461207 0.965798 0.533908
33 0.510984 0.461207 0.965798 0.533908
68 0.510984 0.461207 0.965798 0.533908
99 0.496161 0.435057 0.945515 0.585057
109 0.496161 0.435057 0.945515 0.585057
110 0.510984 0.436494 0.962677 0.581034
53 0.510984 0.461207 0.965798 0.533908
67 0.510984 0.461207 0.965798 0.533908
41 0.496161 0.464368 0.945515 0.526437
101 0.510984 0.461207 0.965798 0.533908
52 0.510984 0.461207 0.965798 0.533908
77 0.496161 0.435057 0.945515 0.585057
73 0.510984 0.436494 0.962677 0.581034
42 0.510984 0.461207 0.965798 0.533908
97 0.510984 0.461207 0.965798 0.533908
76 0.510984 0.436494 0.962677 0.581034
102 0.502012 0.422414 0.968138 0.610345
50 0.510984 0.461207 0.965798 0.533908
47 0.496161 0.435057 0.945515 0.585057
105 0.358469 0.439655 0.678711 0.570115
100 0.510984 0.436494 0.962677 0.581034
111 0.358859 0.412356 0.678711 0.628161
108 0.358469 0.439655 0.678711 0.570115
48 0.358859 0.412356 0.678711 0.628161
79 0.358469 0.439655 0.678711 0.570115
104 0.358469 0.439655 0.678711 0.570115
31 0.510984 0.461207 0.965798 0.533908
95 0.358469 0.439655 0.678711 0.570115
56 0.358469 0.439655 0.678711 0.570115
111 0.511374 0.868103 0.971259 0.263793
49 0.510984 0.436494 0.962677 0.581034
103 0.358859 0.412356 0.678711 0.628161
66 0.358469 0.439655 0.678711 0.570115
78 0.358469 0.439655 0.678711 0.570115
48 0.507473 0.867816 0.960337 0.264368
51 0.511374 0.443391 0.966578 0.553448
111 0.18177 0.415517 0.324143 0.61954
84 0.358859 0.412356 0.678711 0.628161
28 0.496161 0.435057 0.945515 0.585057
111 0.4907 0.370977 0.940834 0.741954
48 0.18177 0.415517 0.324143 0.61954
81 0.358469 0.439655 0.678711 0.570115
68 0.358859 0.412356 0.678711 0.628161
56 0.4907 0.370977 0.940834 0.741954
75 0.358859 0.412356 0.678711 0.628161
111 0.505523 0.921264 0.982961 0.157471
50 0.615069 0.951149 0.769862 0.0977011
73 0.358859 0.412356 0.678711 0.628161
108 0.199518 0.440158 0.361589 0.571408
48 0.602587 0.954885 0.794826 0.0902299
68 0.507863 0.898851 0.961117 0.202299
95 0.18177 0.415517 0.324143 0.61954
74 0.358469 0.439655 0.678711 0.570115
46 0.358859 0.412356 0.678711 0.628161
78 0.508643 0.373851 0.965798 0.747701
50 0.511374 0.868103 0.971259 0.263793
72 0.496161 0.435057 0.945515 0.585057
104 0.199518 0.440158 0.361589 0.571408
14 0.496161 0.464368 0.945515 0.526437
48 0.4907 0.370977 0.940834 0.741954
105 0.199518 0.440158 0.361589 0.571408
50 0.505523 0.921264 0.982961 0.157471
80 0.358859 0.412356 0.678711 0.628161
48 0.505523 0.921264 0.982961 0.157471
109 0.511374 0.868103 0.971259 0.263793
108 0.499282 0.367241 0.992322 0.734483
81 0.499282 0.367241 0.992322 0.734483
78 0.493821 0.366667 0.984521 0.733333
79 0.493821 0.366667 0.984521 0.733333
104 0.493821 0.366667 0.984521 0.733333
81 0.495381 0.478089 0.990762 0.54842
105 0.493821 0.366667 0.984521 0.733333
56 0.493821 0.366667 0.984521 0.733333
95 0.495771 0.394828 0.986861 0.716092
80 0.499282 0.367241 0.992322 0.734483
79 0.495381 0.478089 0.990762 0.54842
78 0.495381 0.478089 0.990762 0.54842
104 0.495381 0.478089 0.990762 0.54842
108 0.501622 0.497701 0.986081 0.482759
53 0.495771 0.394828 0.986861 0.716092
52 0.499282 0.367241 0.992322 0.734483
56 0.495381 0.478089 0.990762 0.54842
74 0.499672 0.383046 0.991542 0.725862
95 0.498501 0.504023 0.982961 0.478161
84 0.499672 0.383046 0.991542 0.725862
105 0.495381 0.478089 0.990762 0.54842
68 0.495771 0.394828 0.986861 0.716092
53 0.498501 0.504023 0.982961 0.478161
52 0.495381 0.478089 0.990762 0.54842
66 0.499282 0.367241 0.992322 0.734483
80 0.495381 0.478089 0.990762 0.54842
75 0.499672 0.383046 0.991542 0.725862
74 0.48836 0.502874 0.954876 0.466667
54 0.499672 0.383046 0.991542 0.725862
33 0.499282 0.367241 0.992322 0.734483
48 0.493821 0.366667 0.984521 0.733333
68 0.498501 0.504023 0.982961 0.478161
84 0.498501 0.504023 0.982961 0.478161
68 0.498501 0.808621 0.990762 0.382759
109 0.495771 0.394828 0.986861 0.716092
17 0.499282 0.367241 0.992322 0.734483
101 0.495771 0.394828 0.986861 0.716092
67 0.495771 0.394828 0.986861 0.716092
111 0.495771 0.394828 0.986861 0.716092
67 0.498501 0.504023 0.982961 0.478161
53 0.500842 0.804023 0.9814 0.391954
68 0.498892 0.917816 0.974379 0.164368
101 0.498501 0.504023 0.982961 0.478161
48 0.500842 0.804023 0.9814 0.391954
78 0.496161 0.25158 0.97984 0.503161
48 0.495381 0.478089 0.990762 0.54842
78 0.505523 0.65431 0.97984 0.691379
104 0.500842 0.643822 0.97984 0.712356
66 0.501622 0.497701 0.986081 0.482759
109 0.498501 0.504023 0.982961 0.478161
54 0.48836 0.502874 0.954876 0.466667
101 0.500842 0.804023 0.9814 0.391954
102 0.500842 0.804023 0.9814 0.391954
81 0.505523 0.65431 0.97984 0.691379
17 0.495381 0.478089 0.990762 0.54842
103 0.499282 0.367241 0.992322 0.734483
78 0.520345 0.451437 0.909629 0.375287
111 0.498501 0.504023 0.982961 0.478161
41 0.499282 0.367241 0.992322 0.734483
75 0.501622 0.497701 0.986081 0.482759
56 0.500842 0.643822 0.97984 0.712356
110 0.499672 0.383046 0.991542 0.725862
108 0.505523 0.65431 0.97984 0.691379
95 0.500842 0.643822 0.97984 0.712356
33 0.48836 0.502874 0.954876 0.466667
52 0.500842 0.730316 0.987641 0.539368
81 0.520345 0.451437 0.909629 0.375287
76 0.495771 0.394828 0.986861 0.716092
79 0.505523 0.65431 0.97984 0.691379
110 0.501622 0.497701 0.986081 0.482759
95 0.498501 0.808621 0.990762 0.382759
104 0.520345 0.451437 0.909629 0.375287
14 0.499282 0.367241 0.992322 0.734483
67 0.498501 0.808621 0.990762 0.382759
105 0.500842 0.643822 0.97984 0.712356
97 0.499672 0.383046 0.991542 0.725862
53 0.500842 0.643822 0.97984 0.712356
108 0.496161 0.25158 0.97984 0.503161
109 0.498501 0.808621 0.990762 0.382759
56 0.4868 0.744109 0.954876 0.511782
52 0.48641 0.85431 0.958777 0.291379
68 0.500842 0.643822 0.97984 0.712356
50 0.500842 0.804023 0.9814 0.391954
10 0.499282 0.367241 0.992322 0.734483
101 0.498892 0.917816 0.974379 0.164368
102 0.498892 0.917816 0.974379 0.164368
77 0.495771 0.394828 0.986861 0.716092
79 0.519565 0.447701 0.908068 0.373563
104 0.4868 0.744109 0.954876 0.511782
53 0.498892 0.917816 0.974379 0.164368
84 0.498501 0.808621 0.990762 0.382759
68 0.498502 0.299425 0.968918 0.598851
48 0.498892 0.917816 0.974379 0.164368
95 0.498892 0.917816 0.974379 0.164368
67 0.498892 0.917816 0.974379 0.164368
80 0.4868 0.744109 0.954876 0.511782
111 0.48641 0.85431 0.958777 0.291379
73 0.499282 0.367241 0.992322 0.734483
77 0.500842 0.804023 0.9814 0.391954
77 0.498501 0.504023 0.982961 0.478161
103 0.495381 0.478089 0.990762 0.54842
95 0.496161 0.25158 0.97984 0.503161
56 0.519565 0.447701 0.908068 0.373563
2 0.499282 0.367241 0.992322 0.734483
42 0.499282 0.468391 0.992322 0.544828
74 0.502792 0.502874 0.954096 0.471264
104 0.503572 0.498851 0.969698 0.467816
108 0.502792 0.502874 0.954096 0.471264
66 0.503572 0.498851 0.969698 0.467816
79 0.503572 0.498851 0.969698 0.467816
78 0.502792 0.502874 0.954096 0.471264
97 0.495381 0.484483 0.948635 0.490805
105 0.503572 0.498851 0.969698 0.467816
33 0.502402 0.48908 0.965798 0.486207
95 0.496551 0.478664 0.947855 0.504741
80 0.502402 0.495402 0.953316 0.482759
75 0.495381 0.484483 0.948635 0.490805
42 0.502402 0.48908 0.965798 0.486207
103 0.511702 0.480388 0.976596 0.494397
84 0.495381 0.484483 0.948635 0.490805
81 0.503572 0.498851 0.969698 0.467816
54 0.502402 0.48908 0.965798 0.486207
17 0.495381 0.484483 0.948635 0.490805
41 0.502402 0.48908 0.965798 0.486207
68 0.496551 0.478664 0.947855 0.504741
67 0.503572 0.498851 0.969698 0.467816
56 0.496551 0.478664 0.947855 0.504741
76 0.502402 0.48908 0.965798 0.486207
52 0.501232 0.50546 0.97594 0.472989
109 0.503572 0.498851 0.969698 0.467816
50 0.502402 0.48908 0.965798 0.486207
77 0.503572 0.498851 0.969698 0.467816
100 0.496551 0.441667 0.952536 0.571839
53 0.495381 0.484483 0.948635 0.490805
101 0.496551 0.478664 0.947855 0.504741
48 0.511702 0.480388 0.976596 0.494397
73 0.511702 0.480388 0.976596 0.494397
42 0.500842 0.38908 0.961117 0.709195
97 0.500842 0.38908 0.961117 0.709195
32 0.503572 0.498851 0.969698 0.467816
46 0.511702 0.480388 0.976596 0.494397
74 0.500842 0.38908 0.961117 0.709195
21 0.502402 0.48908 0.965798 0.486207
41 0.500842 0.38908 0.961117 0.709195
99 0.511702 0.480388 0.976596 0.494397
28 0.502402 0.48908 0.965798 0.486207
33 0.500842 0.38908 0.961117 0.709195
47 0.511702 0.480388 0.976596 0.494397
108 0.500842 0.38908 0.961117 0.709195
75 0.500842 0.38908 0.961117 0.709195
80 0.500842 0.38908 0.961117 0.709195
54 0.500842 0.38908 0.961117 0.709195
111 0.511702 0.480388 0.976596 0.494397
110 0.495381 0.484483 0.948635 0.490805
76 0.500842 0.38908 0.961117 0.709195
49 0.496551 0.441667 0.952536 0.571839
79 0.507083 0.477012 0.970479 0.505747
108 0.505523 0.472414 0.970479 0.526437
78 0.507083 0.477012 0.970479 0.505747
104 0.507083 0.477012 0.970479 0.505747
66 0.497331 0.475575 0.958777 0.498276
74 0.497331 0.475575 0.958777 0.498276
81 0.509423 0.484195 0.962677 0.504023
33 0.494601 0.46329 0.961117 0.529741
80 0.505523 0.472414 0.970479 0.526437
17 0.497331 0.475575 0.958777 0.498276
75 0.497331 0.475575 0.958777 0.498276
95 0.494601 0.46329 0.961117 0.529741
56 0.501622 0.465517 0.9814 0.527586
105 0.509423 0.484195 0.962677 0.504023
108 0.536728 0.445402 0.908068 0.390805
41 0.494601 0.46329 0.961117 0.529741
103 0.494601 0.46329 0.961117 0.529741
84 0.494601 0.46329 0.961117 0.529741
54 0.494601 0.46329 0.961117 0.529741
42 0.507863 0.39023 0.965798 0.695402
97 0.494601 0.46329 0.961117 0.529741
79 0.538288 0.462069 0.898707 0.351724
76 0.494601 0.46329 0.961117 0.529741
79 0.54999 0.529023 0.842538 0.408621
68 0.494601 0.46329 0.961117 0.529741
108 0.507863 0.378161 0.968918 0.756322
109 0.497331 0.475575 0.958777 0.498276
103 0.496161 0.427586 0.951756 0.590805
75 0.499672 0.449713 0.949415 0.551149
66 0.500062 0.48908 0.948635 0.478161
95 0.496161 0.427586 0.951756 0.590805
84 0.496161 0.427586 0.951756 0.590805
41 0.496161 0.427586 0.951756 0.590805
74 0.500062 0.48908 0.948635 0.478161
56 0.496161 0.427586 0.951756 0.590805
79 0.493041 0.462141 0.954876 0.526293
109 0.496161 0.427586 0.951756 0.590805
33 0.496161 0.427586 0.951756 0.590805
97 0.496161 0.427586 0.951756 0.590805
54 0.49109 0.482471 0.982181 0.446552
104 0.496161 0.427586 0.951756 0.590805
76 0.499672 0.449713 0.949415 0.551149
108 0.4907 0.498563 0.9814 0.461494
105 0.496161 0.427586 0.951756 0.590805
99 0.499672 0.449713 0.949415 0.551149
81 0.496161 0.427586 0.951756 0.590805
68 0.499672 0.449713 0.949415 0.551149
80 0.49109 0.482471 0.982181 0.446552
50 0.49109 0.482471 0.982181 0.446552
66 0.498892 0.383333 0.950975 0.695402
73 0.498892 0.383333 0.950975 0.695402
17 0.496161 0.427586 0.951756 0.590805
54 0.498892 0.383333 0.950975 0.695402
77 0.499672 0.449713 0.949415 0.551149
111 0.498892 0.383333 0.950975 0.695402
108 0.498892 0.383333 0.950975 0.695402
73 0.49109 0.482471 0.982181 0.446552
67 0.499672 0.449713 0.949415 0.551149
78 0.4907 0.498563 0.9814 0.461494
80 0.498892 0.383333 0.950975 0.695402
100 0.498892 0.383333 0.950975 0.695402
111 0.49109 0.482471 0.982181 0.446552
74 0.498892 0.383333 0.950975 0.695402
49 0.49109 0.482471 0.982181 0.446552
50 0.498892 0.402874 0.952536 0.671264
103 0.503182 0.460345 0.953316 0.390805
49 0.498892 0.402874 0.952536 0.671264
46 0.498892 0.383333 0.950975 0.695402
101 0.499672 0.449713 0.949415 0.551149
100 0.49109 0.482471 0.982181 0.446552
46 0.49109 0.482471 0.982181 0.446552
48 0.498892 0.383333 0.950975 0.695402
47 0.499672 0.449713 0.949415 0.551149
48 0.49109 0.482471 0.982181 0.446552
53 0.49109 0.482471 0.982181 0.446552
42 0.49109 0.482471 0.982181 0.446552
104 0.504743 0.463218 0.953316 0.390805
95 0.503182 0.460345 0.953316 0.390805
66 0.496161 0.498851 0.97984 0.445977
74 0.496161 0.498851 0.97984 0.445977
41 0.502402 0.461782 0.967358 0.53046
17 0.502402 0.461782 0.967358 0.53046
33 0.502402 0.461782 0.967358 0.53046
108 0.502402 0.461782 0.967358 0.53046
75 0.508253 0.492816 0.957217 0.47069
79 0.496161 0.498851 0.97984 0.445977
54 0.502402 0.461782 0.967358 0.53046
97 0.502402 0.461782 0.967358 0.53046
56 0.502402 0.461782 0.967358 0.53046
104 0.499672 0.492529 0.965018 0.474713
100 0.502402 0.461782 0.967358 0.53046
66 0.590557 0.456897 0.787929 0.348276
17 0.500842 0.46092 0.97828 0.362069
74 0.508643 0.403736 0.961117 0.666092
66 0.508643 0.403736 0.961117 0.666092
95 0.502402 0.461782 0.967358 0.53046
46 0.497721 0.45431 0.957997 0.546552
99 0.497721 0.45431 0.957997 0.546552
74 0.61162 0.458621 0.755163 0.355172
108 0.500842 0.46092 0.97828 0.362069
54 0.500842 0.46092 0.97828 0.362069
84 0.502402 0.461782 0.967358 0.53046
42 0.502402 0.461782 0.967358 0.53046
33 0.500842 0.46092 0.97828 0.362069
78 0.506693 0.504598 0.952536 0.465517
76 0.502402 0.461782 0.967358 0.53046
103 0.497721 0.45431 0.957997 0.546552
80 0.502402 0.461782 0.967358 0.53046
73 0.497721 0.45431 0.957997 0.546552
28 0.502402 0.461782 0.967358 0.53046
79 0.590557 0.456897 0.787929 0.348276
50 0.502402 0.461782 0.967358 0.53046
48 0.497721 0.45431 0.957997 0.546552
109 0.502402 0.461782 0.967358 0.53046
75 0.501622 0.392816 0.968918 0.66954
51 0.501622 0.392816 0.968918 0.66954
66 0.499282 0.533621 0.961117 0.401724
79 0.499282 0.504885 0.972039 0.462644
74 0.499282 0.533621 0.961117 0.401724
78 0.504743 0.506322 0.972039 0.46092
75 0.499282 0.533621 0.961117 0.401724
108 0.503962 0.509195 0.968918 0.464368
81 0.504743 0.506322 0.972039 0.46092
33 0.504743 0.513506 0.968918 0.443103
109 0.499282 0.533621 0.961117 0.401724
104 0.504743 0.506322 0.972039 0.46092
17 0.504743 0.513506 0.968918 0.443103
95 0.504743 0.513506 0.968918 0.443103
105 0.504743 0.506322 0.972039 0.46092
76 0.499282 0.533621 0.961117 0.401724
103 0.499282 0.533621 0.961117 0.401724
80 0.504743 0.513506 0.964238 0.459195
50 0.504743 0.513506 0.968918 0.443103
84 0.499282 0.533621 0.961117 0.401724
101 0.503572 0.521552 0.971259 0.444253
68 0.503572 0.521552 0.971259 0.444253
66 0.497331 0.498276 0.952536 0.45977
74 0.497331 0.498276 0.952536 0.45977
75 0.495381 0.498851 0.950195 0.452874
79 0.506303 0.504598 0.937713 0.454023
108 0.504352 0.501149 0.941614 0.452874
33 0.496161 0.498851 0.953316 0.455172
17 0.504352 0.501149 0.941614 0.452874
104 0.504352 0.501149 0.941614 0.452874
54 0.495381 0.498851 0.950195 0.452874
103 0.496161 0.498851 0.953316 0.455172
78 0.506303 0.504598 0.937713 0.454023
41 0.504352 0.501149 0.941614 0.452874
79 0.505133 0.509195 0.961897 0.48046
74 0.497721 0.519828 0.954876 0.433908
66 0.497721 0.519828 0.954876 0.433908
104 0.49109 0.51092 0.982181 0.488506
108 0.48992 0.511782 0.97984 0.49023
81 0.49109 0.51092 0.982181 0.488506
75 0.503182 0.521839 0.973599 0.413793
17 0.49109 0.51092 0.982181 0.488506
78 0.505133 0.509195 0.961897 0.48046
41 0.496551 0.47931 0.968138 0.416092
103 0.496551 0.47931 0.968138 0.416092
33 0.503572 0.503161 0.966578 0.494828
104 0.525026 0.456897 0.92055 0.366667
109 0.502012 0.501149 0.961897 0.45977
74 0.505523 0.505172 0.964238 0.448276
66 0.507863 0.507471 0.965798 0.444828
79 0.505523 0.505172 0.964238 0.448276
75 0.505523 0.505172 0.964238 0.448276
108 0.503962 0.504598 0.967358 0.457471
108 0.786564 0.443103 0.408397 0.370115
108 0.826935 0.362069 0.335455 0.563218
79 0.833176 0.450575 0.315172 0.351724
108 0.500062 0.387356 0.956436 0.678161
66 0.833176 0.450575 0.315172 0.351724
108 0.862821 0.389368 0.262123 0.500575
74 0.833176 0.450575 0.315172 0.351724
108 0.746192 0.345905 0.49226 0.572558
104 0.505523 0.505172 0.964238 0.448276
17 0.505523 0.505172 0.964238 0.448276
66 0.496941 0.515805 0.959557 0.435057
79 0.506303 0.508046 0.959557 0.455172
74 0.496941 0.515805 0.959557 0.435057
108 0.504743 0.510057 0.959557 0.462644
75 0.496941 0.515805 0.959557 0.435057
33 0.504743 0.510057 0.959557 0.462644
104 0.500062 0.510345 0.968918 0.448276
80 0.506303 0.508046 0.959557 0.455172
54 0.496941 0.515805 0.959557 0.435057
103 0.500062 0.510345 0.968918 0.448276
17 0.504743 0.510057 0.959557 0.462644
41 0.500062 0.510345 0.968918 0.448276
78 0.506303 0.508046 0.959557 0.455172
76 0.496941 0.515805 0.959557 0.435057
74 0.498502 0.527012 0.943954 0.405747
108 0.496161 0.512069 0.986081 0.463218
66 0.498502 0.527012 0.943954 0.405747
79 0.501622 0.511207 0.956436 0.447701
78 0.502402 0.516379 0.957997 0.428161
104 0.501622 0.511207 0.956436 0.447701
75 0.496551 0.526724 0.936933 0.401724
33 0.501622 0.511207 0.956436 0.447701
108 0.764135 0.447701 0.470417 0.357471
41 0.501622 0.511207 0.956436 0.447701
54 0.512154 0.531609 0.969699 0.395402
17 0.501622 0.511207 0.956436 0.447701
80 0.501622 0.511207 0.956436 0.447701
81 0.502402 0.516379 0.957997 0.428161
42 0.496551 0.526724 0.936933 0.401724
79 0.759844 0.453448 0.477438 0.351724
108 0.629563 0.443678 0.738001 0.356322
74 0.759844 0.453448 0.477438 0.351724
108 0.858335 0.441379 0.277335 0.393103
68 0.498892 0.530172 0.943174 0.402874
109 0.496551 0.526724 0.936933 0.401724
108 0.767584 0.347198 0.464832 0.569971
50 0.498892 0.530172 0.943174 0.402874
108 0.500452 0.391667 0.946295 0.676437
108 0.502792 0.498851 0.950975 0.457471
104 0.500842 0.501724 0.947075 0.451724
78 0.502792 0.498851 0.950975 0.457471
79 0.494601 0.506322 0.982961 0.45977
95 0.499282 0.500862 0.956436 0.451149
66 0.499282 0.500862 0.956436 0.451149
17 0.499282 0.500862 0.956436 0.451149
56 0.499282 0.500862 0.956436 0.451149
33 0.502792 0.498851 0.950975 0.457471
80 0.502792 0.498851 0.950975 0.457471
74 0.499282 0.500862 0.956436 0.451149
41 0.500062 0.497126 0.956436 0.457471
101 0.499282 0.500862 0.956436 0.451149
105 0.500842 0.500287 0.945515 0.453448
81 0.500842 0.500287 0.945515 0.453448
68 0.499282 0.500862 0.956436 0.451149
84 0.500062 0.497126 0.956436 0.457471
52 0.500062 0.497126 0.956436 0.457471
53 0.499282 0.500862 0.956436 0.451149
67 0.499282 0.500862 0.956436 0.451149
108 0.500452 0.403161 0.958777 0.658046
111 0.499282 0.500862 0.956436 0.451149
109 0.499282 0.500862 0.956436 0.451149
48 0.499282 0.500862 0.956436 0.451149
50 0.499282 0.500862 0.956436 0.451149
21 0.502792 0.498851 0.950975 0.457471
77 0.499282 0.500862 0.956436 0.451149
100 0.499282 0.500862 0.956436 0.451149
103 0.500062 0.497126 0.956436 0.457471
49 0.499282 0.500862 0.956436 0.451149
75 0.499282 0.500862 0.956436 0.451149
74 0.504743 0.512356 0.97828 0.42931
108 0.500842 0.502586 0.986081 0.471839
66 0.504743 0.512356 0.97828 0.42931
79 0.503962 0.501724 0.954876 0.449425
33 0.507863 0.506609 0.959557 0.460345
78 0.499672 0.510345 0.9775 0.44023
108 0.512934 0.395115 0.960337 0.525862
75 0.500842 0.521264 0.97672 0.416092
17 0.499672 0.505172 0.985301 0.466667
108 0.729419 0.37579 0.535168 0.50704
80 0.507863 0.506609 0.959557 0.460345
41 0.507863 0.506609 0.959557 0.460345
54 0.499672 0.510345 0.9775 0.44023
104 0.499672 0.510345 0.9775 0.44023
42 0.499672 0.510345 0.9775 0.44023
66 0.49226 0.513793 0.951756 0.425287
79 0.49226 0.504023 0.984521 0.482759
74 0.49226 0.513793 0.951756 0.425287
75 0.496941 0.51092 0.964238 0.433333
104 0.500842 0.505172 0.956436 0.458621
108 0.49226 0.504023 0.984521 0.482759
103 0.496941 0.51092 0.964238 0.433333
41 0.500842 0.505172 0.956436 0.458621
17 0.500842 0.505172 0.956436 0.458621
81 0.500842 0.505172 0.956436 0.458621
33 0.500842 0.505172 0.956436 0.458621
79 0.848779 0.445402 0.290207 0.368966
109 0.496941 0.51092 0.964238 0.433333
84 0.496941 0.51092 0.964238 0.433333
108 0.830251 0.40431 0.330384 0.501724
99 0.496941 0.51092 0.964238 0.433333
46 0.496941 0.51092 0.964238 0.433333
54 0.496941 0.51092 0.964238 0.433333
76 0.496941 0.51092 0.964238 0.433333
80 0.500842 0.505172 0.956436 0.458621
100 0.496941 0.51092 0.964238 0.433333
79 0.765695 0.44569 0.456375 0.37069
66 0.500842 0.506897 0.948635 0.43908
74 0.500842 0.506897 0.948635 0.43908
108 0.486019 0.503161 0.972039 0.455747
79 0.498892 0.503448 0.949415 0.451724
75 0.500842 0.506897 0.948635 0.43908
17 0.498892 0.503448 0.949415 0.451724
33 0.499282 0.505747 0.948635 0.444828
104 0.498892 0.503448 0.949415 0.451724
41 0.499282 0.505747 0.948635 0.444828
103 0.499282 0.505747 0.948635 0.444828
80 0.499282 0.505747 0.948635 0.444828
78 0.498892 0.503448 0.949415 0.451724
84 0.499282 0.505747 0.948635 0.444828
54 0.497331 0.506609 0.954096 0.441954
95 0.499282 0.505747 0.948635 0.444828
14 0.486019 0.503161 0.972039 0.455747
23 0.486019 0.503161 0.972039 0.455747
81 0.499282 0.505747 0.948635 0.444828
109 0.499282 0.505747 0.948635 0.444828
108 0.587534 0.451724 0.76745 0.357471
66 0.502012 0.514655 0.961897 0.467241
74 0.502012 0.514655 0.961897 0.467241
79 0.496551 0.51408 0.986861 0.47069
108 0.496551 0.51408 0.986861 0.47069
75 0.503182 0.516379 0.953316 0.471839
78 0.503182 0.516379 0.953316 0.471839
74 0.79651 0.452299 0.391624 0.352874
54 0.503182 0.516379 0.953316 0.471839
42 0.503182 0.516379 0.953316 0.471839
17 0.496551 0.51408 0.986861 0.47069
66 0.531267 0.0104526 0.934593 0.0209052
66 0.79651 0.452299 0.391624 0.352874
66 0.496161 0.508908 0.953316 0.435057
79 0.501622 0.508046 0.950195 0.452874
74 0.496161 0.512644 0.953316 0.441379
75 0.499282 0.514655 0.961117 0.433908
108 0.49226 0.507759 0.984521 0.462644
17 0.501622 0.508046 0.950195 0.452874
104 0.501622 0.508046 0.950195 0.452874
33 0.502402 0.51092 0.951756 0.454023
41 0.502402 0.51092 0.951756 0.454023
81 0.501622 0.508046 0.950195 0.452874
103 0.502402 0.51092 0.951756 0.454023
80 0.501622 0.508046 0.950195 0.452874
54 0.501622 0.508046 0.950195 0.452874
74 0.499282 0.52069 0.954876 0.427586
66 0.499282 0.52069 0.954876 0.427586
108 0.498501 0.514368 0.97984 0.470115
79 0.498501 0.514368 0.97984 0.470115
78 0.503182 0.515517 0.953316 0.456322
75 0.502402 0.51523 0.957997 0.436207
108 0.655697 0.44454 0.67481 0.358046
108 0.527366 0.452299 0.911189 0.355172
108 0.755163 0.42579 0.477438 0.397845
12 0.499282 0.52069 0.954876 0.427586
17 0.500062 0.522414 0.953316 0.435632
108 0.641655 0.367816 0.706015 0.496552
33 0.500062 0.516379 0.959557 0.446552
13 0.498501 0.514368 0.97984 0.470115
79 0.655697 0.44454 0.67481 0.358046
74 0.501232 0.518678 0.950975 0.422414
66 0.501232 0.518678 0.950975 0.422414
108 0.49187 0.513506 0.983741 0.468391
79 0.49187 0.511494 0.983741 0.462069
75 0.502012 0.518103 0.950975 0.468391
33 0.502012 0.518103 0.950975 0.468391
78 0.501622 0.513218 0.951756 0.456322
54 0.501622 0.513218 0.951756 0.456322
80 0.502012 0.518103 0.950975 0.468391
53 0.49187 0.511494 0.983741 0.462069
104 0.502012 0.518103 0.950975 0.468391
17 0.502012 0.518103 0.950975 0.468391
42 0.501622 0.513218 0.951756 0.456322
84 0.502012 0.518103 0.950975 0.468391
109 0.501232 0.518678 0.950975 0.422414
103 0.502012 0.518103 0.950975 0.468391
41 0.502012 0.518103 0.950975 0.468391
95 0.502012 0.518103 0.950975 0.468391
81 0.502012 0.518103 0.950975 0.468391
50 0.501622 0.513218 0.951756 0.456322
12 0.501232 0.518678 0.950975 0.422414
76 0.502012 0.518103 0.950975 0.468391
56 0.502012 0.518103 0.950975 0.468391
52 0.49187 0.511494 0.983741 0.462069
99 0.502012 0.518103 0.950975 0.468391
77 0.502012 0.518103 0.950975 0.468391
100 0.502792 0.511782 0.950975 0.454598
74 0.495381 0.518391 0.953316 0.421839
66 0.494601 0.513506 0.948635 0.428161
108 0.493821 0.507184 0.968918 0.464943
79 0.505523 0.51092 0.950195 0.444828
75 0.498892 0.513793 0.955656 0.436782
17 0.499282 0.515517 0.961117 0.426437
104 0.502402 0.511494 0.950195 0.457471
108 0.622542 0.442241 0.713037 0.362644
103 0.498892 0.513793 0.955656 0.436782
78 0.505133 0.508908 0.946295 0.447701
109 0.498892 0.513793 0.955656 0.436782
33 0.498892 0.513793 0.955656 0.436782
80 0.505523 0.51092 0.950195 0.444828
108 0.725909 0.430172 0.523466 0.377586
95 0.498892 0.513793 0.955656 0.436782
41 0.498892 0.513793 0.955656 0.436782
84 0.498892 0.513793 0.955656 0.436782
81 0.502402 0.511494 0.950195 0.457471
108 0.557011 0.370977 0.853459 0.520115
76 0.498892 0.513793 0.955656 0.436782
66 0.48914 0.518391 0.950195 0.416092
74 0.48914 0.518391 0.950195 0.416092
79 0.503962 0.507471 0.956436 0.44023
108 0.503962 0.507471 0.956436 0.44023
78 0.503962 0.507471 0.956436 0.44023
33 0.496941 0.511494 0.965798 0.427586
75 0.49148 0.52069 0.954876 0.409195
109 0.49148 0.52069 0.954876 0.409195
17 0.496941 0.511494 0.965798 0.427586
104 0.503962 0.507471 0.956436 0.44023
80 0.503962 0.507471 0.956436 0.44023
74 0.500062 0.531034 0.953316 0.421839
66 0.498892 0.531322 0.955656 0.424713
79 0.493041 0.51092 0.986081 0.465517
108 0.493041 0.51092 0.986081 0.465517
17 0.503182 0.515805 0.953316 0.454598
48 0.402156 0.9 0.663108 0.2
48 0.435994 0.836207 0.680466 0.327586
33 0.503182 0.515805 0.953316 0.454598
108 0.501232 0.501724 0.966578 0.467816
74 0.499282 0.502299 0.964238 0.454023
79 0.503962 0.502299 0.951756 0.458621
66 0.499282 0.502299 0.964238 0.454023
78 0.499282 0.504023 0.967358 0.447126
33 0.498892 0.503161 0.961897 0.455747
17 0.498892 0.503161 0.961897 0.455747
108 0.526586 0.331897 0.91587 0.618966
108 0.609377 0.429885 0.756529 0.54023
74 0.493041 0.525862 0.951756 0.406897
66 0.493431 0.522988 0.952536 0.411494
79 0.500062 0.508621 0.947075 0.444828
78 0.500062 0.508621 0.947075 0.444828
75 0.493041 0.525862 0.951756 0.406897
33 0.493041 0.525862 0.951756 0.406897
108 0.500062 0.508621 0.947075 0.444828
17 0.493041 0.525862 0.951756 0.406897
109 0.493041 0.525862 0.951756 0.406897
50 0.493431 0.521264 0.954096 0.418391
104 0.500062 0.508621 0.947075 0.444828
17 0.498501 0.522701 0.950195 0.421264
74 0.498501 0.522701 0.950195 0.421264
79 0.503962 0.507471 0.951756 0.449425
66 0.498111 0.514081 0.946295 0.441954
108 0.503962 0.507471 0.951756 0.449425
104 0.503182 0.513218 0.956436 0.437931
33 0.498501 0.522701 0.950195 0.421264
78 0.503182 0.505172 0.954876 0.454023
75 0.498501 0.522701 0.950195 0.421264
95 0.498111 0.514081 0.946295 0.441954
41 0.498501 0.522701 0.950195 0.421264
80 0.503182 0.505172 0.954876 0.454023
81 0.503182 0.513218 0.956436 0.437931
56 0.498111 0.514081 0.946295 0.441954
109 0.498111 0.514081 0.946295 0.441954
79 0.502402 0.506609 0.945515 0.444253
74 0.497721 0.518965 0.943954 0.417241
66 0.497721 0.518965 0.943954 0.417241
108 0.502402 0.506609 0.945515 0.444253
17 0.498111 0.518965 0.947855 0.414943
78 0.502402 0.506609 0.945515 0.444253
33 0.498111 0.518965 0.947855 0.414943
104 0.500842 0.513218 0.950195 0.427586
19 0.498111 0.518965 0.947855 0.414943
108 0.514104 0.410273 0.934593 0.453017
74 0.499282 0.517241 0.948635 0.425287
66 0.499282 0.517241 0.948635 0.425287
79 0.503182 0.508908 0.943954 0.444253
108 0.501622 0.509483 0.947075 0.447701
78 0.503182 0.508908 0.943954 0.444253
75 0.500062 0.520402 0.950195 0.421264
17 0.500062 0.511207 0.950195 0.435057
74 0.493041 0.502874 0.954876 0.455172
79 0.500842 0.506897 0.951756 0.455172
66 0.493041 0.507759 0.953316 0.446552
108 0.49109 0.506322 0.982181 0.458621
78 0.500842 0.506897 0.951756 0.455172
17 0.493041 0.502874 0.954876 0.455172
33 0.493041 0.502874 0.954876 0.455172
75 0.496551 0.507759 0.965018 0.447701
104 0.496551 0.507759 0.965018 0.447701
103 0.496551 0.507759 0.965018 0.447701
66 0.494211 0.518391 0.961897 0.428736
74 0.493041 0.518391 0.957997 0.427586
108 0.496941 0.509483 0.9814 0.461494
79 0.500842 0.508908 0.954876 0.440805
78 0.503962 0.509195 0.954876 0.450575
75 0.495381 0.514081 0.967358 0.42931
33 0.494211 0.518391 0.961897 0.428736
74 0.497721 0.517816 0.951756 0.424138
66 0.501622 0.509483 0.947075 0.443103
79 0.496941 0.509195 0.975159 0.456322
108 0.496941 0.509195 0.975159 0.456322
75 0.501622 0.509483 0.947075 0.443103
78 0.501622 0.509483 0.947075 0.443103
104 0.501622 0.509483 0.947075 0.443103
17 0.501622 0.509483 0.947075 0.443103
81 0.501622 0.509483 0.947075 0.443103
66 0.493821 0.527299 0.953316 0.406322
74 0.493821 0.527299 0.953316 0.406322
79 0.502792 0.51523 0.950975 0.438506
75 0.496941 0.518965 0.959557 0.424138
78 0.504743 0.513218 0.950195 0.444828
104 0.504743 0.513218 0.950195 0.444828
108 0.500842 0.513506 0.951756 0.437356
109 0.493821 0.527299 0.953316 0.406322
17 0.504743 0.513218 0.950195 0.444828
74 0.496941 0.512931 0.950195 0.438506
66 0.496941 0.512931 0.950195 0.438506
79 0.49031 0.505172 0.97906 0.455172
108 0.49031 0.505172 0.97906 0.455172
78 0.501622 0.508621 0.945515 0.450575
75 0.496941 0.51523 0.956436 0.436207
74 0.495381 0.514943 0.967358 0.435632
66 0.495381 0.51408 0.968918 0.432759
79 0.497721 0.507759 0.97984 0.463793
108 0.502402 0.511782 0.951756 0.45
75 0.495381 0.514943 0.967358 0.435632
78 0.502402 0.511207 0.956436 0.446552
33 0.502402 0.511782 0.951756 0.45
17 0.502402 0.511207 0.956436 0.446552
74 0.496551 0.525862 0.958777 0.412644
66 0.496551 0.525862 0.958777 0.412644
79 0.498501 0.503736 0.982961 0.459195
78 0.503962 0.508046 0.957997 0.450575
108 0.498501 0.503736 0.982961 0.459195
33 0.503962 0.508046 0.957997 0.450575
17 0.505133 0.508621 0.958777 0.445977
74 0.502792 0.501149 0.969699 0.450575
66 0.502402 0.49569 0.970479 0.460345
79 0.505913 0.499425 0.960337 0.458621
108 0.499282 0.500862 0.9814 0.463793
78 0.505913 0.499425 0.960337 0.458621
75 0.502792 0.501149 0.969699 0.450575
53 0.505913 0.499425 0.960337 0.458621
74 0.497331 0.512644 0.960337 0.416092
66 0.497331 0.512644 0.960337 0.416092
79 0.508253 0.500575 0.960337 0.455172
108 0.501622 0.501149 0.982961 0.466667
78 0.508253 0.500575 0.960337 0.455172
104 0.502792 0.506897 0.969699 0.433333
17 0.508253 0.500575 0.960337 0.455172
66 0.496161 0.524425 0.961117 0.412069
108 0.503572 0.51092 0.952536 0.447126
74 0.496161 0.524425 0.961117 0.412069
79 0.503572 0.51092 0.952536 0.447126
78 0.503572 0.51092 0.952536 0.447126
75 0.494991 0.527012 0.961897 0.406897
53 0.503572 0.51092 0.952536 0.447126
33 0.503572 0.51092 0.952536 0.447126
66 0.499282 0.516379 0.961117 0.438506
74 0.499282 0.516379 0.961117 0.438506
79 0.499282 0.50977 0.953316 0.451724
108 0.48992 0.508908 0.97984 0.466092
78 0.501232 0.510345 0.954096 0.455172
104 0.499282 0.50977 0.953316 0.451724
33 0.501232 0.510345 0.954096 0.455172
75 0.499282 0.516379 0.961117 0.438506
17 0.501232 0.510345 0.954096 0.455172
74 0.498892 0.52069 0.954096 0.404598
66 0.498892 0.52069 0.954096 0.404598
108 0.49226 0.497989 0.984521 0.462644
79 0.49226 0.497989 0.984521 0.462644
78 0.500452 0.499138 0.952536 0.451149
75 0.498892 0.52069 0.954096 0.404598
101 0.49226 0.0299569 0.968918 0.0599138
74 0.500452 0.516954 0.952536 0.414368
66 0.500452 0.516954 0.952536 0.414368
79 0.502012 0.500287 0.957217 0.452299
108 0.502012 0.500287 0.957217 0.452299
78 0.503962 0.500287 0.956436 0.456897
53 0.503962 0.500287 0.956436 0.456897
75 0.501622 0.507759 0.959557 0.431609
108 0.497331 0.498851 0.974379 0.457471
66 0.497721 0.503448 0.957997 0.441379
74 0.495771 0.504598 0.955656 0.44023
79 0.501622 0.499425 0.950195 0.450575
78 0.501622 0.499425 0.950195 0.450575
75 0.497721 0.503448 0.957997 0.441379
66 0.496941 0.499713 0.961117 0.460345
74 0.493821 0.501724 0.959557 0.452874
108 0.499672 0.497126 0.972819 0.486207
79 0.499672 0.497126 0.972819 0.486207
78 0.503182 0.49454 0.953316 0.479885
75 0.496941 0.49454 0.962677 0.472988
104 0.503182 0.497126 0.953316 0.47931
53 0.499672 0.497126 0.972819 0.486207
42 0.503182 0.49454 0.953316 0.479885
54 0.496941 0.49454 0.962677 0.472988
66 0.498501 0.503448 0.957997 0.445977
74 0.498892 0.499425 0.958777 0.452874
79 0.502792 0.500575 0.950975 0.454023
108 0.498501 0.498851 0.97828 0.466667
75 0.498501 0.503448 0.957997 0.445977
78 0.502792 0.500575 0.950975 0.454023
66 0.496941 0.501149 0.961117 0.448276
74 0.496941 0.501149 0.961117 0.448276
79 0.496941 0.497414 0.9814 0.463793
108 0.496941 0.497414 0.9814 0.463793
78 0.501232 0.497701 0.952536 0.455172
75 0.496941 0.501149 0.961117 0.448276
104 0.501232 0.497701 0.952536 0.455172
81 0.501232 0.497701 0.952536 0.455172
101 0.56202 0.00184986 0.87596 0.00369971
66 0.499282 0.518678 0.950195 0.408621
74 0.499282 0.518678 0.950195 0.408621
79 0.503182 0.502012 0.956436 0.444253
78 0.503182 0.502012 0.956436 0.444253
108 0.503182 0.502012 0.956436 0.444253
104 0.503182 0.502012 0.956436 0.444253
75 0.501622 0.509195 0.961117 0.429885
81 0.503182 0.502012 0.956436 0.444253
66 0.500452 0.507471 0.968138 0.447126
74 0.508581 0.523563 0.982837 0.409195
79 0.502012 0.505172 0.961897 0.457471
78 0.502012 0.505172 0.961897 0.457471
108 0.496161 0.50431 0.97672 0.471839
66 0.500062 0.499713 0.954876 0.461494
74 0.500062 0.499713 0.954876 0.461494
79 0.500842 0.50431 0.951756 0.458046
108 0.493041 0.500575 0.9814 0.463218
78 0.500842 0.50431 0.951756 0.458046
75 0.496941 0.504885 0.956436 0.446552
66 0.497721 0.500287 0.961117 0.453448
79 0.493821 0.500575 0.9814 0.46092
74 0.496941 0.501724 0.959557 0.447126
108 0.493821 0.500575 0.9814 0.46092
78 0.500842 0.500575 0.954876 0.458621
101 0.501232 0.030783 0.961897 0.0615661
77 0.501232 0.030783 0.961897 0.0615661
75 0.496941 0.501724 0.959557 0.447126
101 0.536728 0.00765086 0.91431 0.0153017
66 0.499282 0.5 0.964238 0.451724
74 0.500842 0.510058 0.954876 0.43046
108 0.497331 0.5 0.97906 0.462069
79 0.504743 0.503736 0.956436 0.45
78 0.503962 0.501149 0.956436 0.454023
75 0.500842 0.510058 0.954876 0.43046
101 0.502012 0.0353448 0.960337 0.0706897
66 0.495771 0.497701 0.968138 0.455172
74 0.495771 0.504598 0.957217 0.443678
108 0.494601 0.496839 0.9814 0.464943
79 0.494601 0.496839 0.9814 0.464943
78 0.502402 0.498563 0.954876 0.458046
75 0.498111 0.500575 0.963457 0.451724
104 0.502402 0.498563 0.954876 0.458046
101 0.479778 0.0299569 0.950195 0.0599138
54 0.498111 0.500575 0.963457 0.451724
81 0.502402 0.498563 0.954876 0.458046
66 0.500062 0.501724 0.959557 0.450575
74 0.500452 0.501724 0.958777 0.447126
79 0.496551 0.495977 0.97906 0.458621
108 0.496551 0.495977 0.97906 0.458621
78 0.496551 0.495977 0.97906 0.458621
75 0.500452 0.501724 0.958777 0.447126
66 0.503962 0.505747 0.965798 0.436782
74 0.503182 0.506322 0.962677 0.435632
79 0.500062 0.499138 0.97828 0.454598
108 0.500062 0.499138 0.97828 0.454598
75 0.503182 0.506322 0.962677 0.435632
78 0.506303 0.501724 0.959557 0.448276
66 0.500842 0.505172 0.964238 0.442529
74 0.500842 0.505172 0.964238 0.442529
79 0.493821 0.500575 0.97828 0.455172
108 0.493821 0.500575 0.97828 0.455172
75 0.499282 0.506897 0.957997 0.436782
78 0.503962 0.502299 0.957997 0.450575
104 0.502402 0.503736 0.953316 0.445402
81 0.502402 0.503736 0.953316 0.445402
66 0.499282 0.502299 0.967358 0.447126
79 0.501622 0.501437 0.953316 0.447701
74 0.496941 0.517241 0.953316 0.418391
108 0.501622 0.501437 0.953316 0.447701
78 0.503962 0.501724 0.957997 0.451724
104 0.501622 0.501437 0.953316 0.447701
75 0.497721 0.505172 0.959557 0.44023
81 0.503962 0.501724 0.957997 0.451724
74 0.497721 0.523276 0.954876 0.408621
66 0.499282 0.508333 0.967358 0.436207
79 0.503182 0.506034 0.954876 0.446552
108 0.503182 0.506034 0.954876 0.446552
75 0.498111 0.50977 0.960337 0.433333
78 0.503182 0.506034 0.954876 0.446552
104 0.503182 0.506034 0.954876 0.446552
66 0.497721 0.507471 0.962677 0.439081
74 0.496941 0.520402 0.953316 0.414368
79 0.501622 0.503736 0.956436 0.448851
108 0.502012 0.504023 0.952536 0.448276
75 0.497721 0.507471 0.957997 0.437931
78 0.501622 0.503736 0.956436 0.448851
66 0.496941 0.508333 0.965798 0.439655
74 0.496161 0.512356 0.956436 0.432759
79 0.502792 0.504598 0.957217 0.448276
108 0.501622 0.503448 0.953316 0.448276
75 0.496941 0.508621 0.959557 0.436782
78 0.502792 0.504598 0.957217 0.448276
66 0.499282 0.508046 0.967358 0.44023
74 0.498501 0.512069 0.957997 0.431034
79 0.495381 0.502874 0.982961 0.457471
108 0.495381 0.500575 0.9814 0.458621
75 0.498502 0.508908 0.959557 0.436207
78 0.503962 0.505172 0.957997 0.448276
104 0.501622 0.503736 0.953316 0.45
66 0.499282 0.504885 0.970479 0.443103
74 0.498111 0.509195 0.957217 0.434483
79 0.501622 0.502874 0.956436 0.448276
108 0.495381 0.503736 0.984521 0.453448
78 0.503182 0.502874 0.959557 0.449425
75 0.499282 0.506897 0.962677 0.437931
104 0.501622 0.502874 0.956436 0.448276
53 0.501622 0.502874 0.956436 0.448276
66 0.499672 0.503161 0.972819 0.445402
74 0.497721 0.509195 0.959557 0.434483
108 0.497721 0.503448 0.982961 0.455172
79 0.503182 0.502874 0.959557 0.449425
75 0.499282 0.50546 0.967358 0.441954
78 0.503962 0.502299 0.961117 0.450575
53 0.503182 0.502874 0.959557 0.449425
54 0.499282 0.50546 0.967358 0.441954
17 0.503182 0.502874 0.959557 0.449425
104 0.503182 0.502874 0.959557 0.449425
66 0.500842 0.502586 0.97984 0.45
108 0.501622 0.500575 0.9814 0.45977
74 0.496161 0.502874 0.965798 0.448276
79 0.505133 0.501149 0.965018 0.454023
75 0.500062 0.501149 0.97672 0.451724
78 0.505133 0.501149 0.965018 0.454023
53 0.505133 0.501149 0.965018 0.454023
104 0.505133 0.501149 0.965018 0.454023
54 0.500062 0.501149 0.97672 0.451724
17 0.505133 0.501149 0.965018 0.454023
81 0.505133 0.501149 0.965018 0.454023
108 0.503182 0.498851 0.9814 0.45977
66 0.499282 0.496552 0.982961 0.457471
74 0.494991 0.502874 0.966578 0.447126
79 0.506303 0.499713 0.965798 0.454598
75 0.500062 0.500287 0.97828 0.452299
78 0.507083 0.498851 0.965798 0.456322
81 0.506303 0.499713 0.965798 0.454598
79 0.506693 0.498276 0.965018 0.456322
108 0.503572 0.497414 0.98062 0.460345
66 0.493821 0.504023 0.962677 0.442529
74 0.493821 0.504023 0.962677 0.442529
75 0.500842 0.499425 0.97672 0.451724
78 0.507473 0.498276 0.966578 0.456322
81 0.506693 0.498276 0.965018 0.456322
104 0.500842 0.499425 0.97672 0.451724
79 0.507083 0.499138 0.964238 0.454598
66 0.494601 0.502874 0.961117 0.444828
108 0.503182 0.497989 0.9814 0.459195
74 0.494601 0.502874 0.961117 0.444828
78 0.507473 0.499425 0.966578 0.454023
75 0.501622 0.500575 0.975159 0.449425
81 0.507083 0.499138 0.964238 0.454598
104 0.507083 0.499138 0.964238 0.454598
53 0.507473 0.499425 0.966578 0.454023
17 0.501622 0.500575 0.975159 0.449425
66 0.493821 0.504023 0.959557 0.443678
79 0.506303 0.498851 0.962677 0.457471
74 0.493821 0.504023 0.959557 0.443678
108 0.501622 0.499138 0.9814 0.460345
75 0.500842 0.502012 0.973599 0.447701
78 0.506693 0.499425 0.965018 0.456322
104 0.506303 0.498851 0.962677 0.457471
81 0.506303 0.498851 0.962677 0.457471
53 0.506693 0.499425 0.965018 0.456322
17 0.506303 0.498851 0.962677 0.457471
66 0.499282 0.502299 0.97672 0.445977
79 0.505133 0.499425 0.961897 0.456322
74 0.494601 0.506034 0.961117 0.440805
108 0.500062 0.498276 0.9814 0.463218
75 0.500062 0.503448 0.972039 0.444828
78 0.505523 0.5 0.962677 0.456322
104 0.505133 0.499425 0.961897 0.456322
81 0.505133 0.499425 0.961897 0.456322
66 0.498501 0.501149 0.975159 0.448276
79 0.500062 0.495402 0.9814 0.464368
74 0.494601 0.50431 0.961117 0.441954
108 0.500062 0.495402 0.9814 0.464368
75 0.498892 0.502299 0.971259 0.445977
78 0.505523 0.499138 0.961117 0.456897
104 0.504743 0.498276 0.961117 0.456322
81 0.504743 0.498276 0.961117 0.456322
66 0.493821 0.502874 0.962677 0.445977
79 0.504352 0.498563 0.960337 0.455747
74 0.493821 0.502874 0.962677 0.445977
108 0.500062 0.496552 0.9814 0.465517
75 0.497721 0.501724 0.972039 0.447126
78 0.504743 0.499425 0.961117 0.457471
104 0.504352 0.498563 0.960337 0.455747
81 0.504352 0.498563 0.960337 0.455747
66 0.493041 0.504598 0.964238 0.443678
79 0.500842 0.497701 0.97984 0.458621
74 0.493041 0.504598 0.964238 0.443678
108 0.500842 0.497701 0.97984 0.458621
78 0.504352 0.500287 0.960337 0.456897
75 0.496941 0.502874 0.972039 0.444828
104 0.503182 0.5 0.959557 0.452874
81 0.503182 0.5 0.959557 0.452874
79 0.500452 0.498276 0.98062 0.457471
66 0.49226 0.50546 0.965798 0.441954
74 0.49226 0.50546 0.965798 0.441954
108 0.499282 0.498851 0.9814 0.45977
78 0.503962 0.5 0.959557 0.455172
75 0.496161 0.503448 0.973599 0.443678
104 0.503572 0.500575 0.958777 0.451724
81 0.503572 0.500575 0.958777 0.451724
66 0.4907 0.506034 0.965798 0.440805
79 0.502402 0.500862 0.957997 0.45
74 0.4907 0.506034 0.965798 0.440805
108 0.498502 0.498851 0.9814 0.457471
78 0.503182 0.500575 0.957997 0.452874
75 0.494991 0.504023 0.972819 0.442529
104 0.494991 0.504023 0.972819 0.442529
81 0.502402 0.500862 0.957997 0.45
66 0.4907 0.506897 0.965798 0.43908
79 0.502402 0.502012 0.954876 0.448851
74 0.4907 0.506897 0.965798 0.43908
108 0.500842 0.500575 0.97828 0.455172
78 0.503182 0.500862 0.956436 0.451149
75 0.4907 0.506897 0.965798 0.43908
104 0.494601 0.504885 0.972039 0.440805
81 0.502402 0.502012 0.954876 0.448851
66 0.49109 0.506322 0.965018 0.439081
79 0.502792 0.502012 0.957217 0.447701
74 0.49109 0.506322 0.965018 0.439081
108 0.500842 0.501724 0.97984 0.455172
78 0.503962 0.501149 0.957997 0.450575
75 0.495381 0.505172 0.972039 0.44023
104 0.495381 0.505172 0.972039 0.44023
81 0.502792 0.502012 0.957217 0.447701
79 0.502792 0.502299 0.957217 0.447126
66 0.49148 0.507184 0.964238 0.437356
74 0.49148 0.507184 0.964238 0.437356
108 0.500842 0.502012 0.97984 0.454598
78 0.503962 0.502299 0.957997 0.448276
75 0.495381 0.506034 0.972039 0.438506
104 0.502792 0.502299 0.957217 0.447126
81 0.502792 0.502299 0.957217 0.447126
66 0.49187 0.507759 0.963457 0.436207
79 0.503962 0.502586 0.957997 0.445402
74 0.49226 0.511494 0.962677 0.428736
108 0.501622 0.502299 0.97984 0.452874
78 0.505133 0.502874 0.960337 0.447126
75 0.49226 0.511494 0.962677 0.428736
104 0.503962 0.502586 0.957997 0.445402
81 0.503962 0.502586 0.957997 0.445402
66 0.49187 0.506609 0.963457 0.438506
79 0.503962 0.502299 0.959557 0.445977
74 0.49187 0.506609 0.963457 0.438506
108 0.501622 0.502012 0.97984 0.453448
78 0.505523 0.502874 0.961117 0.447126
75 0.498111 0.505747 0.972819 0.439081
104 0.503962 0.502299 0.959557 0.445977
81 0.503962 0.502299 0.959557 0.445977
66 0.49226 0.506609 0.962677 0.438506
79 0.503572 0.502299 0.958777 0.445977
74 0.49226 0.506609 0.962677 0.438506
108 0.500842 0.501724 0.97984 0.452874
78 0.505523 0.502874 0.961117 0.447126
75 0.49226 0.506609 0.962677 0.438506
104 0.503572 0.502299 0.958777 0.445977
81 0.503572 0.502299 0.958777 0.445977
79 0.503572 0.502299 0.958777 0.445977
66 0.492651 0.506322 0.961897 0.437931
74 0.492651 0.506322 0.961897 0.437931
108 0.500842 0.501724 0.97984 0.452874
78 0.504743 0.502874 0.961117 0.447126
75 0.492651 0.506322 0.961897 0.437931
101 0.681867 0.0425287 0.636266 0.0850575
81 0.503572 0.502299 0.958777 0.445977
104 0.497721 0.505172 0.970479 0.43908
79 0.503572 0.502586 0.958777 0.446552
66 0.493041 0.506034 0.961117 0.438506
74 0.493041 0.506034 0.961117 0.438506
108 0.500842 0.501724 0.97984 0.452874
78 0.505523 0.503448 0.961117 0.445977
75 0.493041 0.506034 0.961117 0.438506
101 0.68099 0.0432471 0.638021 0.0864943
81 0.503572 0.502586 0.958777 0.446552
104 0.503572 0.502586 0.958777 0.446552
79 0.503572 0.502299 0.958777 0.445977
66 0.493041 0.506897 0.959557 0.436782
74 0.493821 0.510058 0.959557 0.431609
108 0.499282 0.501724 0.97984 0.452874
78 0.505523 0.503736 0.961117 0.445402
75 0.493821 0.510058 0.959557 0.431609
101 0.678942 0.044217 0.642116 0.0884339
81 0.503572 0.502299 0.958777 0.445977
104 0.498502 0.505172 0.968918 0.43908
101 0.658756 0.0224497 0.682488 0.0448994
77 0.678942 0.044217 0.642116 0.0884339
101 0.362564 0.0300647 0.725129 0.0601293
79 0.503182 0.502299 0.956436 0.445977
66 0.493041 0.507471 0.957997 0.435632
74 0.493821 0.51092 0.957997 0.429885
108 0.498501 0.501149 0.97828 0.452874
78 0.504743 0.504023 0.959557 0.444828
75 0.493821 0.51092 0.957997 0.429885
101 0.664607 0.0341954 0.670786 0.0683908
81 0.503182 0.502299 0.956436 0.445977
104 0.498502 0.50546 0.967358 0.438506
77 0.677089 0.0443606 0.645822 0.0887213
79 0.502402 0.502012 0.954876 0.446552
66 0.493431 0.508333 0.957217 0.435057
74 0.493821 0.511782 0.956436 0.42931
108 0.496941 0.501437 0.97984 0.453448
75 0.493821 0.511782 0.956436 0.42931
78 0.503962 0.503736 0.957997 0.445402
101 0.663047 0.0336925 0.673907 0.0673851
81 0.502402 0.502012 0.954876 0.446552
104 0.498111 0.505747 0.965018 0.439081
77 0.674846 0.0439655 0.650308 0.087931
79 0.502402 0.501724 0.954876 0.447126
66 0.493821 0.507759 0.956436 0.436207
74 0.494211 0.51092 0.955656 0.431034
108 0.496941 0.501149 0.97984 0.454023
75 0.494211 0.51092 0.955656 0.431034
78 0.503182 0.503736 0.957997 0.446552
101 0.662266 0.0340158 0.675467 0.0680316
81 0.502402 0.501724 0.954876 0.447126
104 0.498502 0.505747 0.964238 0.439081
101 0.497721 0.035273 0.972039 0.070546
77 0.673871 0.0438578 0.652258 0.0877155
79 0.502012 0.502012 0.955656 0.447701
66 0.494601 0.507759 0.956436 0.437356
74 0.494601 0.51092 0.954876 0.431034
108 0.496161 0.501149 0.97984 0.455172
75 0.494601 0.51092 0.954876 0.431034
78 0.502402 0.504023 0.957997 0.447126
101 0.661389 0.0340517 0.677222 0.0681034
81 0.502012 0.502012 0.955656 0.447701
104 0.498502 0.505747 0.964238 0.439081
77 0.672798 0.0438937 0.654404 0.0877874
80 0.502402 0.504023 0.957997 0.447126
33 0.502402 0.504023 0.957997 0.447126
79 0.501622 0.501724 0.956436 0.447126
66 0.494991 0.508046 0.955656 0.436782
74 0.495381 0.51092 0.954876 0.431034
108 0.496161 0.501149 0.97984 0.455172
75 0.495381 0.51092 0.954876 0.431034
78 0.503182 0.503736 0.957997 0.447701
101 0.662169 0.0344468 0.675662 0.0688937
81 0.501622 0.501724 0.956436 0.447126
104 0.499282 0.505747 0.962677 0.439081
33 0.503182 0.503736 0.957997 0.447701
66 0.495771 0.508333 0.955656 0.436207
79 0.502402 0.502299 0.956436 0.447126
74 0.495381 0.511494 0.954876 0.431034
108 0.496551 0.501149 0.98062 0.455172
75 0.495381 0.511494 0.954876 0.431034
78 0.503182 0.503736 0.959557 0.447701
101 0.662657 0.0351652 0.674687 0.0703305
81 0.502402 0.502299 0.956436 0.447126
104 0.499282 0.506034 0.964238 0.438506
77 0.672701 0.0443606 0.654599 0.0887213
33 0.503182 0.503736 0.959557 0.447701
66 0.495381 0.507471 0.956436 0.437931
79 0.502402 0.502012 0.956436 0.446552
74 0.495381 0.51092 0.954876 0.432184
108 0.496941 0.501149 0.97984 0.455172
75 0.495381 0.51092 0.954876 0.432184
78 0.503182 0.503448 0.959557 0.448276
101 0.662657 0.0353808 0.674687 0.0707615
81 0.502402 0.502012 0.956436 0.446552
104 0.502402 0.502012 0.956436 0.446552
66 0.495381 0.506897 0.956436 0.43908
79 0.502402 0.502299 0.956436 0.447126
74 0.495381 0.510632 0.954876 0.432759
108 0.496941 0.501149 0.97984 0.455172
75 0.495381 0.510632 0.954876 0.432759
78 0.503572 0.503161 0.958777 0.447701
101 0.662364 0.035704 0.675272 0.071408
81 0.502402 0.502299 0.956436 0.447126
104 0.502402 0.502299 0.956436 0.447126
33 0.503572 0.503161 0.958777 0.447701
66 0.495381 0.505747 0.956436 0.441379
79 0.502402 0.501724 0.956436 0.447126
74 0.495381 0.509195 0.954876 0.435632
108 0.496941 0.501149 0.97984 0.455172
75 0.495381 0.509195 0.954876 0.435632
78 0.503572 0.502874 0.958777 0.448276
101 0.662657 0.0360991 0.674687 0.0721983
81 0.502402 0.501724 0.956436 0.447126
104 0.502402 0.501724 0.956436 0.447126
33 0.503572 0.502874 0.958777 0.448276
66 0.495381 0.505172 0.956436 0.442529
79 0.502402 0.502012 0.956436 0.447701
74 0.495381 0.508621 0.954876 0.436782
108 0.497331 0.501149 0.98062 0.455172
75 0.495381 0.508621 0.954876 0.436782
78 0.503572 0.502874 0.958777 0.449425
101 0.663827 0.0368535 0.672346 0.0737069
104 0.502402 0.502012 0.956436 0.447701
81 0.502402 0.502012 0.956436 0.447701
33 0.503572 0.502874 0.958777 0.449425
66 0.495381 0.504885 0.954876 0.443103
79 0.502402 0.501724 0.956436 0.448276
74 0.495381 0.508333 0.954876 0.437356
108 0.497331 0.501437 0.98062 0.454598
75 0.495381 0.508333 0.954876 0.437356
78 0.503572 0.502874 0.958777 0.448276
101 0.665387 0.0377155 0.669226 0.075431
104 0.502402 0.501724 0.956436 0.448276
81 0.502402 0.501724 0.956436 0.448276
33 0.503572 0.502874 0.958777 0.448276
66 0.496161 0.50431 0.954876 0.444253
79 0.502402 0.501724 0.954876 0.448276
74 0.495381 0.507759 0.954876 0.438506
108 0.496941 0.501437 0.97984 0.454598
75 0.495381 0.507759 0.954876 0.438506
78 0.503182 0.502874 0.959557 0.448276
101 0.66568 0.0381466 0.668641 0.0762931
104 0.502402 0.501724 0.954876 0.448276
81 0.502402 0.501724 0.954876 0.448276
33 0.503182 0.502874 0.959557 0.448276
17 0.502402 0.501724 0.954876 0.448276
66 0.496161 0.503448 0.954876 0.445977
79 0.502402 0.501724 0.954876 0.448276
74 0.495771 0.506897 0.954096 0.44023
108 0.496551 0.501437 0.98062 0.454598
75 0.495771 0.506897 0.954096 0.44023
78 0.503182 0.502874 0.959557 0.449425
101 0.665094 0.0387213 0.669811 0.0774425
81 0.502402 0.501724 0.954876 0.448276
104 0.502402 0.501724 0.954876 0.448276
33 0.503182 0.502874 0.959557 0.449425
17 0.502402 0.501724 0.954876 0.448276
66 0.496161 0.502874 0.953316 0.447126
79 0.502402 0.502012 0.954876 0.448851
74 0.495771 0.506034 0.952536 0.441954
108 0.496161 0.501437 0.97984 0.454598
75 0.495771 0.506034 0.952536 0.441954
78 0.503182 0.502874 0.959557 0.449425
101 0.665094 0.0398348 0.669811 0.0796695
81 0.502402 0.502012 0.954876 0.448851
104 0.502402 0.502012 0.954876 0.448851
33 0.503182 0.502874 0.959557 0.449425
17 0.502402 0.502012 0.954876 0.448851
66 0.496161 0.500575 0.951756 0.451724
79 0.502402 0.501724 0.954876 0.449425
74 0.496161 0.505747 0.953316 0.442529
108 0.496161 0.501149 0.97984 0.455172
75 0.496161 0.505747 0.953316 0.442529
78 0.503182 0.502874 0.959557 0.449425
101 0.665875 0.0405891 0.668251 0.0811782
81 0.502402 0.501724 0.954876 0.449425
33 0.503182 0.502874 0.959557 0.449425
104 0.502402 0.501724 0.954876 0.449425
17 0.502402 0.501724 0.954876 0.449425
66 0.496551 0.500287 0.950975 0.452299
79 0.502402 0.501724 0.954876 0.449425
74 0.496161 0.505172 0.953316 0.443678
108 0.496161 0.501437 0.97984 0.455747
75 0.496161 0.505172 0.953316 0.443678
78 0.503182 0.502874 0.959557 0.449425
101 0.66685 0.0410201 0.6663 0.0820402
81 0.502402 0.501724 0.954876 0.449425
33 0.503182 0.502874 0.959557 0.449425
17 0.502402 0.501724 0.954876 0.449425
66 0.496161 0.500575 0.951756 0.451724
79 0.502402 0.501724 0.954876 0.449425
74 0.496941 0.505172 0.953316 0.443678
108 0.496161 0.501437 0.97984 0.455747
75 0.496941 0.505172 0.953316 0.443678
78 0.503182 0.502874 0.957997 0.449425
101 0.667337 0.0420618 0.665325 0.0841236
81 0.502402 0.501724 0.954876 0.449425
33 0.503182 0.502874 0.957997 0.449425
66 0.496551 0.5 0.950975 0.452874
79 0.502402 0.501724 0.954876 0.449425
74 0.496161 0.505172 0.953316 0.444828
108 0.496161 0.501437 0.97984 0.455747
75 0.496161 0.505172 0.953316 0.444828
78 0.503182 0.502874 0.957997 0.449425
101 0.667825 0.0430316 0.66435 0.0860632
81 0.502402 0.501724 0.954876 0.449425
33 0.503182 0.502874 0.957997 0.449425
66 0.496551 0.5 0.950975 0.452874
79 0.502012 0.501724 0.955656 0.449425
74 0.496161 0.505172 0.953316 0.444828
108 0.496161 0.501437 0.97984 0.455747
75 0.496161 0.505172 0.953316 0.444828
78 0.503182 0.502874 0.957997 0.449425
101 0.668117 0.0439296 0.663765 0.0878592
81 0.502012 0.501724 0.955656 0.449425
33 0.503182 0.502874 0.957997 0.449425
66 0.496551 0.5 0.950975 0.452874
79 0.502012 0.501724 0.955656 0.449425
74 0.496551 0.505172 0.952536 0.443678
108 0.496161 0.501437 0.97984 0.455747
75 0.496551 0.505172 0.952536 0.443678
78 0.502402 0.502874 0.957997 0.449425
101 0.668508 0.0441092 0.662985 0.0882184
66 0.496941 0.5 0.950195 0.452874
79 0.501622 0.501724 0.954876 0.449425
74 0.496941 0.505172 0.951756 0.443678
108 0.496161 0.501149 0.97984 0.456322
75 0.496941 0.505172 0.951756 0.443678
78 0.502792 0.503161 0.957217 0.45
101 0.675236 0.0533046 0.649528 0.106609
66 0.496941 0.499425 0.950195 0.454023
79 0.501622 0.501724 0.954876 0.449425
74 0.496941 0.504598 0.951756 0.444828
108 0.495771 0.501149 0.98062 0.456322
75 0.496941 0.504598 0.951756 0.444828
78 0.502792 0.502874 0.957217 0.449425
101 0.675139 0.0530172 0.649723 0.106034
66 0.496941 0.498851 0.950195 0.455172
79 0.501622 0.501724 0.954876 0.449425
74 0.496941 0.504023 0.951756 0.444828
108 0.495771 0.501149 0.98062 0.456322
75 0.496941 0.504023 0.951756 0.444828
78 0.502792 0.502874 0.957217 0.449425
101 0.675139 0.0533046 0.649723 0.106609
66 0.496941 0.498563 0.950195 0.455747
79 0.501622 0.501437 0.954876 0.45
74 0.496941 0.503448 0.951756 0.445977
108 0.495771 0.501149 0.98062 0.456322
75 0.496941 0.503448 0.951756 0.445977
78 0.502792 0.502874 0.957217 0.449425
101 0.675139 0.053592 0.649723 0.107184
66 0.496941 0.498563 0.950195 0.455747
79 0.501622 0.501437 0.954876 0.45
74 0.496941 0.503161 0.951756 0.446552
108 0.495771 0.501149 0.98062 0.456322
75 0.496941 0.503161 0.951756 0.446552
78 0.503182 0.502586 0.956436 0.45
101 0.675821 0.054454 0.648358 0.108908
66 0.496941 0.498276 0.950195 0.456322
79 0.501622 0.501437 0.954876 0.45
74 0.496941 0.502874 0.951756 0.447126
108 0.495771 0.501149 0.98062 0.456322
75 0.496941 0.502874 0.951756 0.447126
78 0.502792 0.502586 0.957217 0.45
101 0.675919 0.0556034 0.648162 0.111207
66 0.496941 0.497701 0.950195 0.457471
79 0.501622 0.501437 0.954876 0.45
74 0.497721 0.502299 0.951756 0.448276
108 0.496161 0.501149 0.97984 0.456322
75 0.497721 0.502299 0.951756 0.448276
78 0.503182 0.502586 0.956436 0.45
101 0.676016 0.0564655 0.647967 0.112931
66 0.496941 0.497701 0.950195 0.457471
79 0.501622 0.501437 0.954876 0.45
74 0.497721 0.502299 0.951756 0.448276
108 0.496161 0.501149 0.97984 0.456322
75 0.497721 0.502299 0.951756 0.448276
78 0.503182 0.502586 0.956436 0.45
101 0.676309 0.0568966 0.647382 0.113793
66 0.497721 0.499425 0.951756 0.454023
79 0.502402 0.501149 0.954876 0.450575
74 0.497721 0.502012 0.951756 0.448851
108 0.496161 0.501149 0.97984 0.456322
75 0.497721 0.502012 0.951756 0.448851
78 0.503182 0.502874 0.956436 0.450575
101 0.676016 0.0567529 0.647967 0.113506
66 0.497721 0.499138 0.951756 0.454598
79 0.501622 0.501149 0.954876 0.450575
74 0.497721 0.501724 0.951756 0.449425
108 0.496161 0.501149 0.97984 0.457471
75 0.497721 0.501724 0.951756 0.449425
78 0.502792 0.502874 0.957217 0.450575
101 0.675821 0.0567529 0.648358 0.113506
66 0.497721 0.498851 0.951756 0.455172
79 0.502402 0.501149 0.954876 0.450575
74 0.497721 0.501149 0.951756 0.450575
108 0.496161 0.501149 0.97984 0.457471
75 0.497721 0.501149 0.951756 0.450575
78 0.503182 0.502586 0.956436 0.451149
101 0.675626 0.0572557 0.648748 0.114511
17 0.503182 0.502586 0.956436 0.451149
81 0.503182 0.502586 0.956436 0.451149
66 0.497721 0.498276 0.951756 0.456322
79 0.502402 0.500862 0.954876 0.451149
74 0.497721 0.500575 0.951756 0.451724
108 0.496161 0.501149 0.97984 0.457471
75 0.497721 0.500575 0.951756 0.451724
78 0.503182 0.502299 0.956436 0.451724
101 0.675139 0.0577586 0.649723 0.115517
17 0.503182 0.502299 0.956436 0.451724
81 0.503182 0.502299 0.956436 0.451724
66 0.497721 0.497989 0.951756 0.456897
79 0.502402 0.500862 0.954876 0.451149
74 0.497721 0.500575 0.951756 0.451724
108 0.496161 0.501149 0.97984 0.457471
75 0.497721 0.500575 0.951756 0.451724
78 0.503182 0.502299 0.956436 0.451724
101 0.674456 0.0581897 0.651088 0.116379
17 0.503182 0.502299 0.956436 0.451724
81 0.503182 0.502299 0.956436 0.451724
66 0.497721 0.497989 0.951756 0.458046
79 0.502402 0.500862 0.954876 0.451149
74 0.497721 0.500287 0.951756 0.452299
108 0.496161 0.501149 0.97984 0.457471
75 0.497721 0.500287 0.951756 0.452299
78 0.503182 0.502299 0.956436 0.451724
101 0.674261 0.058477 0.651478 0.116954
17 0.503182 0.502299 0.956436 0.451724
81 0.503182 0.502299 0.956436 0.451724
66 0.497721 0.497701 0.951756 0.458621
79 0.502402 0.500575 0.954876 0.451724
74 0.497721 0.5 0.951756 0.452874
108 0.496161 0.501149 0.97984 0.457471
75 0.497721 0.5 0.951756 0.452874
78 0.503182 0.502299 0.956436 0.451724
101 0.673968 0.0588362 0.652063 0.117672
17 0.503182 0.502299 0.956436 0.451724
81 0.503182 0.502299 0.956436 0.451724
66 0.497721 0.497989 0.951756 0.458046
79 0.502402 0.500862 0.954876 0.451149
74 0.497721 0.5 0.951756 0.452874
108 0.496161 0.501149 0.97984 0.457471
75 0.497721 0.5 0.951756 0.452874
78 0.503182 0.502299 0.956436 0.451724
17 0.503182 0.502299 0.956436 0.451724
101 0.673676 0.059842 0.652648 0.119684
81 0.503182 0.502299 0.956436 0.451724
66 0.497721 0.498276 0.951756 0.457471
79 0.502402 0.500862 0.954876 0.451149
74 0.497721 0.500575 0.951756 0.452874
108 0.496161 0.501149 0.97984 0.457471
75 0.497721 0.500575 0.951756 0.452874
78 0.502792 0.502299 0.957217 0.451724
17 0.502792 0.502299 0.957217 0.451724
101 0.673676 0.0602012 0.652648 0.120402
81 0.502792 0.502299 0.957217 0.451724
66 0.497721 0.498276 0.951756 0.457471
79 0.502012 0.501149 0.955656 0.451724
74 0.498111 0.500287 0.952536 0.452299
108 0.496161 0.501149 0.97984 0.457471
75 0.498111 0.500287 0.952536 0.452299
78 0.503182 0.502874 0.956436 0.451724
17 0.503182 0.502874 0.956436 0.451724
101 0.673968 0.0604885 0.652063 0.120977
81 0.503182 0.502874 0.956436 0.451724
66 0.498111 0.498276 0.952536 0.457471
79 0.502012 0.501149 0.955656 0.451724
74 0.498501 0.500287 0.953316 0.452299
108 0.496161 0.501149 0.97984 0.457471
75 0.498501 0.500287 0.953316 0.452299
78 0.502792 0.502874 0.957217 0.451724
17 0.502792 0.502874 0.957217 0.451724
101 0.673968 0.0612069 0.652063 0.122414
81 0.502792 0.502874 0.957217 0.451724
66 0.498111 0.497989 0.952536 0.456897
79 0.502402 0.501149 0.954876 0.451724
74 0.498111 0.5 0.952536 0.452874
108 0.496161 0.501149 0.97984 0.457471
75 0.498111 0.5 0.952536 0.452874
78 0.502792 0.502586 0.957217 0.452299
17 0.502792 0.502586 0.957217 0.452299
101 0.674261 0.0616379 0.651478 0.123276
81 0.502792 0.502586 0.957217 0.452299
66 0.498111 0.497701 0.952536 0.457471
79 0.502402 0.500575 0.954876 0.451724
74 0.498501 0.5 0.953316 0.452874
108 0.496161 0.501149 0.97984 0.457471
75 0.498501 0.5 0.953316 0.452874
78 0.503182 0.502299 0.956436 0.452874
17 0.503182 0.502299 0.956436 0.452874
101 0.674261 0.0622126 0.651478 0.124425
81 0.503182 0.502299 0.956436 0.452874
66 0.498502 0.497701 0.951756 0.457471
79 0.502402 0.500862 0.954876 0.452299
74 0.498501 0.5 0.953316 0.452874
108 0.496551 0.501149 0.97906 0.457471
75 0.498501 0.5 0.953316 0.452874
78 0.503182 0.502299 0.956436 0.451724
17 0.503182 0.502299 0.956436 0.451724
101 0.674456 0.0622126 0.651088 0.124425
81 0.503182 0.502299 0.956436 0.451724
66 0.498501 0.497989 0.953316 0.456897
79 0.502402 0.500862 0.954876 0.452299
74 0.498501 0.5 0.953316 0.452874
108 0.496941 0.501149 0.97828 0.457471
75 0.498501 0.5 0.953316 0.452874
78 0.503182 0.502011 0.956436 0.452299
17 0.503182 0.502011 0.956436 0.452299
101 0.674749 0.0616379 0.650503 0.123276
81 0.503182 0.502011 0.956436 0.452299
66 0.498501 0.497701 0.953316 0.457471
79 0.502402 0.501149 0.954876 0.451724
74 0.498892 0.5 0.952536 0.452874
108 0.496941 0.501149 0.97828 0.457471
75 0.498892 0.5 0.952536 0.452874
78 0.503182 0.502011 0.956436 0.452299
17 0.503182 0.502011 0.956436 0.452299
101 0.675139 0.0614943 0.649723 0.122989
81 0.503182 0.502011 0.956436 0.452299
66 0.498501 0.497701 0.953316 0.457471
79 0.502012 0.501149 0.955656 0.451724
74 0.498501 0.5 0.953316 0.452874
108 0.496941 0.501149 0.97828 0.457471
75 0.498501 0.5 0.953316 0.452874
78 0.503182 0.502299 0.956436 0.452874
17 0.503182 0.502299 0.956436 0.452874
101 0.675529 0.0618534 0.648943 0.123707
81 0.503182 0.502299 0.956436 0.452874
66 0.498501 0.497701 0.953316 0.457471
79 0.502402 0.500862 0.954876 0.452299
74 0.498501 0.499713 0.953316 0.453448
108 0.496941 0.501149 0.97828 0.457471
75 0.498501 0.499713 0.953316 0.453448
78 0.503182 0.502299 0.957997 0.452874
17 0.503182 0.502299 0.957997 0.452874
101 0.675919 0.0614943 0.648162 0.122989
81 0.503182 0.502299 0.957997 0.452874
66 0.498501 0.497414 0.953316 0.458046
79 0.502402 0.500862 0.956436 0.452299
74 0.498501 0.499425 0.953316 0.454023
108 0.496941 0.501149 0.97828 0.457471
75 0.498501 0.499425 0.953316 0.454023
78 0.503182 0.502299 0.957997 0.452874
17 0.503182 0.502299 0.957997 0.452874
101 0.676406 0.0612069 0.647187 0.122414
81 0.503182 0.502299 0.957997 0.452874
66 0.498501 0.497414 0.953316 0.458046
79 0.502402 0.500862 0.956436 0.452299
74 0.498501 0.499425 0.953316 0.454023
108 0.497721 0.501149 0.97828 0.457471
75 0.498501 0.499425 0.953316 0.454023
78 0.503572 0.502299 0.958777 0.452874
17 0.503572 0.502299 0.958777 0.452874
101 0.676406 0.0611351 0.647187 0.12227
81 0.503572 0.502299 0.958777 0.452874
66 0.498501 0.497126 0.953316 0.458621
79 0.502402 0.500862 0.956436 0.452299
74 0.498501 0.499138 0.953316 0.454598
108 0.497721 0.501149 0.97828 0.457471
75 0.498501 0.499138 0.953316 0.454598
78 0.503572 0.502299 0.958777 0.452874
17 0.503572 0.502299 0.958777 0.452874
101 0.677089 0.0610632 0.645822 0.122126
81 0.503572 0.502299 0.958777 0.452874
33 0.503572 0.502299 0.958777 0.452874
66 0.498501 0.497126 0.953316 0.458621
79 0.502792 0.500862 0.957217 0.452299
74 0.498501 0.498851 0.953316 0.455172
108 0.497721 0.501149 0.97828 0.457471
75 0.498501 0.498851 0.953316 0.455172
78 0.503572 0.502299 0.958777 0.452874
17 0.503572 0.502299 0.958777 0.452874
101 0.677869 0.0616379 0.644262 0.123276
81 0.503572 0.502299 0.958777 0.452874
33 0.503572 0.502299 0.958777 0.452874
66 0.498501 0.497126 0.953316 0.458621
79 0.502792 0.500862 0.957217 0.452299
74 0.501622 0.501724 0.961117 0.449425
108 0.497721 0.501149 0.97828 0.457471
75 0.498501 0.498851 0.953316 0.455172
78 0.503572 0.502011 0.958777 0.452299
17 0.503572 0.502011 0.958777 0.452299
101 0.678649 0.0625 0.642702 0.125
81 0.503572 0.502011 0.958777 0.452299
33 0.503572 0.502011 0.958777 0.452299
66 0.498501 0.497126 0.953316 0.458621
79 0.502792 0.500862 0.957217 0.452299
74 0.501622 0.501724 0.961117 0.449425
108 0.497721 0.501149 0.97828 0.457471
75 0.498501 0.498851 0.953316 0.455172
78 0.503572 0.502299 0.958777 0.452874
17 0.503572 0.502299 0.958777 0.452874
101 0.679332 0.0628592 0.641336 0.125718
81 0.503572 0.502299 0.958777 0.452874
66 0.498501 0.497126 0.953316 0.458621
79 0.502792 0.500862 0.957217 0.452299
74 0.502012 0.501437 0.961897 0.45
108 0.498501 0.501149 0.97828 0.457471
75 0.502012 0.501437 0.961897 0.45
78 0.503572 0.502299 0.958777 0.451724
17 0.503572 0.502299 0.958777 0.451724
101 0.679819 0.0626437 0.640361 0.125287
81 0.503572 0.502299 0.958777 0.451724
66 0.498501 0.497126 0.953316 0.458621
79 0.503182 0.500862 0.956436 0.452299
74 0.502012 0.501437 0.961897 0.45
108 0.498501 0.501149 0.97828 0.457471
75 0.502012 0.501437 0.961897 0.45
78 0.503962 0.502299 0.957997 0.451724
17 0.503962 0.502299 0.957997 0.451724
101 0.680307 0.062931 0.639386 0.125862
81 0.503182 0.500862 0.956436 0.452299
66 0.498501 0.497126 0.953316 0.458621
79 0.503182 0.500862 0.956436 0.452299
74 0.502012 0.501437 0.961897 0.45
108 0.498501 0.501149 0.97828 0.457471
75 0.502012 0.501437 0.961897 0.45
78 0.503962 0.502299 0.957997 0.451724
17 0.503962 0.502299 0.957997 0.451724
101 0.68099 0.0632184 0.638021 0.126437
81 0.503182 0.500862 0.956436 0.452299
66 0.498501 0.496839 0.953316 0.459195
79 0.503182 0.500862 0.956436 0.452299
74 0.502402 0.501149 0.961117 0.450575
108 0.498501 0.501149 0.97828 0.457471
75 0.502402 0.501149 0.961117 0.450575
78 0.503962 0.502299 0.957997 0.451724
17 0.503962 0.502299 0.957997 0.451724
101 0.68099 0.062931 0.638021 0.125862
81 0.503182 0.500862 0.956436 0.452299
66 0.498501 0.496839 0.953316 0.459195
79 0.503182 0.500862 0.956436 0.452299
74 0.502012 0.501149 0.961897 0.450575
108 0.498501 0.501149 0.97828 0.457471
75 0.502012 0.501149 0.961897 0.450575
78 0.503962 0.502299 0.957997 0.451724
17 0.503962 0.502299 0.957997 0.451724
101 0.68099 0.0624282 0.638021 0.124856
81 0.503182 0.500862 0.956436 0.452299
66 0.498501 0.496839 0.953316 0.459195
79 0.503182 0.500862 0.956436 0.452299
74 0.502012 0.501149 0.961897 0.449425
108 0.498892 0.501149 0.9775 0.457471
75 0.502012 0.501149 0.961897 0.449425
78 0.503962 0.502299 0.957997 0.451724
17 0.503962 0.502299 0.957997 0.451724
101 0.681087 0.0623563 0.637826 0.124713
81 0.503182 0.500862 0.956436 0.452299
66 0.498501 0.496839 0.953316 0.459195
79 0.503182 0.500862 0.957997 0.452299
74 0.502402 0.501149 0.961117 0.449425
108 0.499282 0.501149 0.97672 0.457471
75 0.502402 0.501149 0.961117 0.449425
78 0.503962 0.502299 0.957997 0.451724
17 0.503962 0.502299 0.957997 0.451724
101 0.68177 0.0623563 0.636461 0.124713
81 0.503182 0.500862 0.957997 0.452299
66 0.498501 0.496552 0.953316 0.45977
79 0.500062 0.500287 0.97672 0.455747
74 0.502402 0.500862 0.961117 0.45
108 0.499282 0.501149 0.97672 0.457471
75 0.502402 0.500862 0.961117 0.45
78 0.504352 0.502299 0.958777 0.451724
17 0.504352 0.502299 0.958777 0.451724
101 0.682647 0.0621408 0.634705 0.124282
81 0.503572 0.500575 0.957217 0.451724
