49 0.48992 0.441667 0.973599 0.545402
48 0.4907 0.391954 0.97984 0.64023
53 0.49031 0.434411 0.97594 0.54842
50 0.48992 0.441667 0.973599 0.545402
101 0.499282 0.462644 0.992322 0.509195
54 0.49031 0.434411 0.97594 0.54842
95 0.48992 0.441667 0.973599 0.545402
109 0.4907 0.391954 0.97984 0.64023
68 0.48992 0.441667 0.973599 0.545402
79 0.4907 0.391954 0.97984 0.64023
104 0.48992 0.441667 0.973599 0.545402
26 0.886225 0.84023 0.221556 0.26092
74 0.48992 0.441667 0.973599 0.545402
67 0.48992 0.441667 0.973599 0.545402
46 0.48992 0.441667 0.973599 0.545402
56 0.48992 0.441667 0.973599 0.545402
16 0.886225 0.84023 0.221556 0.26092
111 0.4907 0.391954 0.97984 0.64023
29 0.886225 0.84023 0.221556 0.26092
103 0.48992 0.441667 0.973599 0.545402
14 0.886225 0.84023 0.221556 0.26092
5 0.886225 0.84023 0.221556 0.26092
17 0.48992 0.441667 0.973599 0.545402
84 0.48992 0.441667 0.973599 0.545402
28 0.886225 0.84023 0.221556 0.26092
110 0.48992 0.441667 0.973599 0.545402
76 0.4907 0.391954 0.97984 0.64023
77 0.509423 0.464655 0.972039 0.497126
105 0.509423 0.464655 0.972039 0.497126
8 0.886225 0.84023 0.221556 0.26092
32 0.886225 0.84023 0.221556 0.26092
66 0.48992 0.441667 0.973599 0.545402
15 0.886225 0.84023 0.221556 0.26092
16 0.4907 0.391954 0.97984 0.64023
100 0.48992 0.441667 0.973599 0.545402
33 0.499282 0.462644 0.992322 0.509195
81 0.49031 0.434411 0.97594 0.54842
18 0.886225 0.84023 0.221556 0.26092
75 0.509423 0.464655 0.972039 0.497126
97 0.48992 0.441667 0.973599 0.545402
19 0.886225 0.84023 0.221556 0.26092
4 0.886225 0.84023 0.221556 0.26092
95 0.886225 0.824138 0.221556 0.301149
73 0.499282 0.462644 0.992322 0.509195
33 0.886225 0.84023 0.221556 0.26092
13 0.886225 0.84023 0.221556 0.26092
14 0.504743 0.450575 0.9814 0.524138
17 0.886225 0.84023 0.221556 0.26092
101 0.496551 0.355747 0.985301 0.701149
6 0.887785 0.84023 0.221556 0.25977
48 0.469247 0.465445 0.924451 0.472557
22 0.886225 0.84023 0.221556 0.26092
79 0.469247 0.465445 0.924451 0.472557
9 0.886225 0.84023 0.221556 0.26092
42 0.499282 0.462644 0.992322 0.509195
47 0.49031 0.434411 0.97594 0.54842
80 0.4907 0.444828 0.972039 0.535632
67 0.886225 0.84023 0.221556 0.26092
15 0.504743 0.450575 0.9814 0.524138
42 0.496551 0.355747 0.985301 0.701149
7 0.886225 0.84023 0.221556 0.26092
78 0.509423 0.464655 0.972039 0.497126
11 0.509423 0.464655 0.972039 0.497126
7 0.48992 0.441667 0.973599 0.545402
34 0.499282 0.462644 0.992322 0.509195
102 0.509423 0.464655 0.972039 0.497126
3 0.886225 0.84023 0.221556 0.26092
75 0.496551 0.355747 0.985301 0.701149
28 0.499282 0.462644 0.992322 0.509195
41 0.508643 0.451221 0.973599 0.521695
0 0.48992 0.441667 0.973599 0.545402
30 0.887785 0.84023 0.221556 0.25977
48 0.887785 0.84023 0.221556 0.25977
20 0.887785 0.84023 0.221556 0.25977
99 0.49031 0.434411 0.97594 0.54842
31 0.500062 0.452012 0.990762 0.527011
11 0.887785 0.841954 0.221556 0.263218
51 0.499282 0.462644 0.992322 0.509195
24 0.886225 0.84023 0.221556 0.26092
38 0.4907 0.444828 0.972039 0.535632
4 0.504743 0.450575 0.9814 0.524138
77 0.496551 0.355747 0.985301 0.701149
105 0.496551 0.355747 0.985301 0.701149
108 0.509423 0.464655 0.972039 0.497126
101 0.886225 0.824138 0.221556 0.301149
10 0.886225 0.84023 0.221556 0.26092
73 0.496551 0.355747 0.985301 0.701149
81 0.886225 0.84023 0.221556 0.26092
26 0.509423 0.464655 0.972039 0.497126
27 0.886225 0.84023 0.221556 0.26092
21 0.509423 0.464655 0.972039 0.497126
47 0.48836 0.543678 0.964238 0.308046
94 0.48992 0.441667 0.973599 0.545402
23 0.887785 0.84023 0.221556 0.25977
53 0.48836 0.543678 0.964238 0.308046
102 0.496551 0.355747 0.985301 0.701149
5 0.499282 0.462644 0.992322 0.509195
68 0.886225 0.824138 0.221556 0.301149
5 0.496551 0.355747 0.985301 0.701149
12 0.48992 0.441667 0.973599 0.545402
102 0.887785 0.84023 0.221556 0.25977
54 0.48836 0.543678 0.964238 0.308046
52 0.4907 0.444828 0.972039 0.535632
78 0.49187 0.362644 0.97906 0.693103
42 0.887785 0.841954 0.221556 0.263218
11 0.496551 0.355747 0.985301 0.701149
108 0.496551 0.355747 0.985301 0.701149
2 0.887785 0.84023 0.221556 0.25977
25 0.887785 0.837931 0.221556 0.262069
33 0.496551 0.355747 0.985301 0.701149
21 0.887785 0.84023 0.221556 0.25977
110 0.886225 0.84023 0.221556 0.26092
79 0.48836 0.543678 0.964238 0.308046
34 0.886225 0.824138 0.221556 0.301149
53 0.886225 0.84023 0.221556 0.26092
0 0.886225 0.824138 0.221556 0.301149
109 0.469247 0.465445 0.924451 0.472557
111 0.469247 0.465445 0.924451 0.472557
72 0.508643 0.451221 0.973599 0.521695
56 0.887785 0.841954 0.221556 0.263218
8 0.508643 0.451221 0.973599 0.521695
55 0.4907 0.391954 0.97984 0.64023
50 0.442722 0.357184 0.865161 0.68908
109 0.48836 0.543678 0.964238 0.308046
12 0.886225 0.824138 0.221556 0.301149
48 0.406056 0.55 0.787149 0.297701
24 0.508643 0.451221 0.973599 0.521695
67 0.458715 0.547126 0.900267 0.301149
46 0.886225 0.84023 0.221556 0.26092
108 0.886225 0.824138 0.221556 0.301149
22 0.509423 0.464655 0.972039 0.497126
55 0.887785 0.84023 0.221556 0.25977
99 0.887785 0.837931 0.221556 0.262069
54 0.886225 0.84023 0.221556 0.26092
68 0.406056 0.55 0.787149 0.297701
50 0.886225 0.84023 0.218436 0.264368
65 0.48992 0.441667 0.973599 0.545402
5 0.886225 0.767816 0.218436 0.412644
62 0.886225 0.84023 0.221556 0.26092
6 0.48992 0.441667 0.973599 0.545402
49 0.48836 0.543678 0.964238 0.308046
46 0.48836 0.543678 0.964238 0.308046
88 0.48992 0.441667 0.973599 0.545402
51 0.886225 0.84023 0.221556 0.26092
9 0.508643 0.446624 0.970479 0.518247
49 0.442722 0.357184 0.865161 0.68908
49 0.886225 0.84023 0.221556 0.26092
13 0.509423 0.464655 0.972039 0.497126
74 0.48836 0.543678 0.964238 0.308046
99 0.48836 0.543678 0.964238 0.308046
81 0.48836 0.543678 0.964238 0.308046
72 0.48836 0.543678 0.964238 0.308046
105 0.887785 0.841954 0.221556 0.263218
31 0.887785 0.84023 0.221556 0.25977
3 0.879984 0.427874 0.221556 0.498276
28 0.884665 0.675287 0.226237 0.598851
84 0.442722 0.357184 0.865161 0.68908
78 0.464176 0.349713 0.928352 0.699425
111 0.462226 0.387356 0.922891 0.634483
81 0.486019 0.343678 0.972039 0.687356
104 0.486019 0.343678 0.972039 0.687356
108 0.464176 0.349713 0.928352 0.699425
56 0.464176 0.349713 0.928352 0.699425
80 0.486019 0.343678 0.972039 0.687356
105 0.464176 0.349713 0.928352 0.699425
54 0.486019 0.343678 0.972039 0.687356
79 0.464176 0.349713 0.928352 0.699425
74 0.464176 0.349713 0.928352 0.699425
78 0.347547 0.426437 0.695094 0.852874
75 0.486019 0.343678 0.972039 0.687356
66 0.486019 0.343678 0.972039 0.687356
48 0.472757 0.43671 0.942394 0.551868
95 0.462226 0.387356 0.922891 0.634483
109 0.486019 0.343678 0.972039 0.687356
103 0.464176 0.349713 0.928352 0.699425
46 0.462226 0.387356 0.922891 0.634483
56 0.50234 0.459195 0.995319 0.541379
104 0.50234 0.451149 0.995319 0.552874
33 0.464176 0.349713 0.928352 0.699425
84 0.464176 0.349713 0.928352 0.699425
48 0.486019 0.343678 0.972039 0.687356
68 0.462226 0.387356 0.922891 0.634483
80 0.472757 0.43671 0.942394 0.551868
54 0.48836 0.450575 0.97672 0.535632
17 0.464176 0.349713 0.928352 0.699425
78 0.50234 0.459195 0.995319 0.541379
99 0.486019 0.343678 0.972039 0.687356
103 0.50234 0.459195 0.995319 0.541379
53 0.486019 0.343678 0.972039 0.687356
108 0.347547 0.426437 0.695094 0.852874
66 0.48836 0.450575 0.97672 0.535632
81 0.48836 0.450575 0.97672 0.535632
67 0.462226 0.387356 0.922891 0.634483
105 0.48836 0.450575 0.97672 0.535632
79 0.50234 0.451149 0.995319 0.552874
110 0.486019 0.343678 0.972039 0.687356
53 0.48836 0.450575 0.97672 0.535632
52 0.462226 0.387356 0.922891 0.634483
108 0.50234 0.451149 0.995319 0.552874
75 0.50234 0.451149 0.995319 0.552874
47 0.486019 0.343678 0.972039 0.687356
74 0.48836 0.450575 0.97672 0.535632
99 0.48836 0.450575 0.97672 0.535632
111 0.347547 0.426437 0.695094 0.852874
81 0.347547 0.426437 0.695094 0.852874
41 0.486019 0.343678 0.972039 0.687356
110 0.50234 0.459195 0.995319 0.541379
74 0.347547 0.426437 0.695094 0.852874
80 0.347547 0.426437 0.695094 0.852874
101 0.486019 0.402874 0.972039 0.614943
73 0.464176 0.349713 0.928352 0.699425
111 0.505461 0.47069 0.989078 0.501149
109 0.48836 0.450575 0.97672 0.535632
66 0.347547 0.426437 0.695094 0.852874
104 0.347547 0.426437 0.695094 0.852874
47 0.48836 0.450575 0.97672 0.535632
95 0.48914 0.510632 0.97828 0.413218
42 0.464176 0.349713 0.928352 0.699425
79 0.347547 0.426437 0.695094 0.852874
84 0.48836 0.450575 0.97672 0.535632
75 0.347547 0.426437 0.695094 0.852874
111 0.497331 0.426724 0.974379 0.853448
33 0.50234 0.451149 0.995319 0.552874
33 0.347547 0.426437 0.695094 0.852874
105 0.347547 0.426437 0.695094 0.852874
17 0.50234 0.459195 0.995319 0.541379
56 0.347547 0.426437 0.695094 0.852874
77 0.486019 0.343678 0.972039 0.687356
46 0.505461 0.47069 0.989078 0.501149
102 0.486019 0.402874 0.972039 0.614943
76 0.486019 0.402874 0.972039 0.614943
111 0.370951 0.428664 0.73098 0.564511
54 0.354178 0.477586 0.708356 0.955172
95 0.347547 0.426437 0.695094 0.852874
42 0.50234 0.451149 0.995319 0.552874
73 0.50234 0.451149 0.995319 0.552874
109 0.347547 0.426437 0.695094 0.852874
79 0.370951 0.428664 0.73098 0.564511
41 0.50234 0.451149 0.995319 0.552874
97 0.48836 0.450575 0.97672 0.535632
97 0.486019 0.343678 0.972039 0.687356
50 0.48836 0.450575 0.97672 0.535632
68 0.347547 0.426437 0.695094 0.852874
101 0.50234 0.503448 0.995319 0.445977
46 0.466516 0.447989 0.933033 0.895977
50 0.464176 0.349713 0.928352 0.699425
104 0.370951 0.428664 0.73098 0.564511
48 0.50312 0.523276 0.993759 0.407471
48 0.347547 0.426437 0.695094 0.852874
56 0.370951 0.428664 0.73098 0.564511
52 0.466516 0.447989 0.933033 0.895977
77 0.472757 0.43671 0.942394 0.551868
68 0.50312 0.523276 0.993759 0.407471
103 0.347547 0.426437 0.695094 0.852874
95 0.370951 0.428664 0.73098 0.564511
47 0.347547 0.426437 0.695094 0.852874
80 0.50312 0.523276 0.993759 0.407471
53 0.354178 0.477586 0.708356 0.955172
103 0.370951 0.428664 0.73098 0.564511
17 0.347547 0.426437 0.695094 0.852874
67 0.50234 0.503448 0.995319 0.445977
95 0.497331 0.426724 0.974379 0.853448
108 0.370951 0.428664 0.73098 0.564511
84 0.347547 0.426437 0.695094 0.852874
46 0.356518 0.352299 0.700555 0.704598
33 0.709916 0.618247 0.134182 0.179598
102 0.48914 0.510632 0.97828 0.413218
108 0.257442 0.352874 0.504743 0.705747
52 0.50312 0.523276 0.993759 0.407471
75 0.370951 0.428664 0.73098 0.564511
111 0.43063 0.522414 0.845658 0.370115
46 0.292938 0.468103 0.578075 0.936207
67 0.347547 0.426437 0.695094 0.852874
99 0.354178 0.477586 0.708356 0.955172
73 0.347547 0.426437 0.695094 0.852874
110 0.354178 0.477586 0.708356 0.955172
78 0.370951 0.428664 0.73098 0.564511
100 0.50234 0.459195 0.995319 0.541379
104 0.480949 0.506322 0.954096 0.403448
67 0.497331 0.426724 0.974379 0.853448
78 0.232868 0.352299 0.453254 0.704598
100 0.486019 0.343678 0.972039 0.687356
42 0.347547 0.426437 0.695094 0.852874
50 0.347547 0.426437 0.695094 0.852874
68 0.370951 0.428664 0.73098 0.564511
49 0.50234 0.451149 0.995319 0.552874
68 0.497331 0.426724 0.974379 0.853448
52 0.292938 0.468103 0.578075 0.936207
17 0.370951 0.428664 0.73098 0.564511
67 0.370951 0.428664 0.73098 0.564511
77 0.347547 0.426437 0.695094 0.852874
53 0.43063 0.522414 0.845658 0.370115
105 0.257442 0.352874 0.504743 0.705747
33 0.370951 0.428664 0.73098 0.564511
105 0.43063 0.522414 0.845658 0.370115
101 0.466516 0.447989 0.933033 0.895977
46 0.43063 0.522414 0.845658 0.370115
111 0.257442 0.352874 0.504743 0.705747
48 0.352813 0.543103 0.687682 0.324138
17 0.886225 0.841954 0.224677 0.258621
104 0.257442 0.352874 0.504743 0.705747
101 0.381385 0.361782 0.752238 0.681035
17 0.707576 0.621983 0.12482 0.169828
41 0.370951 0.428664 0.73098 0.564511
75 0.480949 0.506322 0.954096 0.403448
73 0.370951 0.428664 0.73098 0.564511
18 0.886225 0.841954 0.224677 0.258621
0 0.0922501 0.672414 0.0895196 0.0551724
41 0.354178 0.477586 0.708356 0.955172
52 0.356518 0.352299 0.700555 0.704598
49 0.464176 0.349713 0.928352 0.699425
95 0.257442 0.352874 0.504743 0.705747
104 0.352813 0.543103 0.687682 0.324138
16 0.707576 0.617816 0.126381 0.171264
76 0.466516 0.447989 0.933033 0.895977
47 0.43063 0.522414 0.845658 0.370115
54 0.43063 0.522414 0.845658 0.370115
95 0.352813 0.543103 0.687682 0.324138
56 0.43063 0.522414 0.845658 0.370115
7 0.886225 0.841954 0.224677 0.258621
33 0.886225 0.841954 0.224677 0.258621
110 0.370951 0.428664 0.73098 0.564511
8 0.707576 0.617816 0.126381 0.171264
13 0.886225 0.841954 0.224677 0.258621
66 0.257442 0.352874 0.504743 0.705747
79 0.259587 0.375 0.507473 0.666092
76 0.50312 0.523276 0.993759 0.407471
102 0.381385 0.361782 0.752238 0.681035
81 0.507863 0.41092 0.9814 0.687356
108 0.507863 0.41092 0.9814 0.687356
78 0.498892 0.414943 0.996223 0.714943
104 0.498892 0.414943 0.996223 0.714943
79 0.507863 0.41092 0.9814 0.687356
105 0.498892 0.414943 0.996223 0.714943
81 0.508643 0.56092 0.97828 0.65977
78 0.508643 0.56092 0.97828 0.65977
108 0.508643 0.56092 0.97828 0.65977
104 0.508643 0.56092 0.97828 0.65977
56 0.507863 0.41092 0.9814 0.687356
79 0.508643 0.56092 0.97828 0.65977
80 0.507863 0.41092 0.9814 0.687356
105 0.508643 0.56092 0.97828 0.65977
108 0.4907 0.298276 0.965798 0.596552
78 0.4907 0.298276 0.965798 0.596552
78 0.4868 0.191092 0.965798 0.382184
56 0.508643 0.56092 0.97828 0.65977
52 0.507863 0.41092 0.9814 0.687356
81 0.4868 0.306897 0.973599 0.613793
13 0.887333 0.841954 0.225333 0.278161
108 0.4868 0.191092 0.965798 0.382184
80 0.508643 0.56092 0.97828 0.65977
95 0.501232 0.482759 0.97594 0.622988
74 0.507863 0.41092 0.9814 0.687356
17 0.498892 0.414943 0.996223 0.714943
104 0.4868 0.306897 0.973599 0.613793
81 0.485629 0.204885 0.971259 0.40977
53 0.508643 0.487356 0.97984 0.632184
104 0.539068 0.428736 0.890906 0.548276
79 0.4868 0.306897 0.973599 0.613793
84 0.501232 0.482759 0.97594 0.622988
78 0.539068 0.428736 0.890906 0.548276
95 0.496941 0.604598 0.990762 0.703448
108 0.738001 0.375287 0.499282 0.7
81 0.710696 0.427011 0.553891 0.564368
4 0.887333 0.841954 0.225333 0.278161
81 0.546869 0.448563 0.876863 0.535057
52 0.508643 0.56092 0.97828 0.65977
78 0.493041 0.675287 0.9814 0.649425
79 0.485629 0.204885 0.971259 0.40977
104 0.485629 0.204885 0.971259 0.40977
79 0.493041 0.675287 0.9814 0.649425
81 0.493041 0.675287 0.9814 0.649425
33 0.507863 0.41092 0.9814 0.687356
74 0.508643 0.56092 0.97828 0.65977
108 0.493041 0.675287 0.9814 0.649425
104 0.493041 0.675287 0.9814 0.649425
108 0.546869 0.448563 0.876863 0.535057
104 0.738001 0.375287 0.499282 0.7
54 0.508643 0.487356 0.97984 0.632184
105 0.4868 0.306897 0.973599 0.613793
16 0.498502 0.412069 0.997003 0.824138
53 0.496941 0.604598 0.990762 0.703448
78 0.738001 0.375287 0.499282 0.7
23 0.887333 0.841954 0.225333 0.278161
18 0.883104 0.83908 0.216875 0.272414
10 0.498892 0.414943 0.996223 0.714943
105 0.539068 0.428736 0.890906 0.548276
56 0.493041 0.675287 0.9814 0.649425
56 0.485629 0.204885 0.971259 0.40977
78 0.748922 0.848276 0.499282 0.303448
12 0.887333 0.841954 0.225333 0.278161
105 0.493041 0.675287 0.9814 0.649425
68 0.499282 0.577586 0.972039 0.663218
84 0.496941 0.604598 0.990762 0.703448
56 0.4868 0.306897 0.973599 0.613793
95 0.485629 0.204885 0.971259 0.40977
48 0.507863 0.41092 0.9814 0.687356
0 0.883104 0.83908 0.216875 0.272414
81 0.33487 0.575287 0.669739 0.389655
111 0.507863 0.41092 0.9814 0.687356
68 0.507863 0.41092 0.9814 0.687356
81 0.361589 0.615517 0.721618 0.543678
78 0.678649 0.848851 0.642702 0.302299
16 0.702895 0.618535 0.1217 0.167529
105 0.485629 0.204885 0.971259 0.40977
80 0.4868 0.191092 0.965798 0.382184
78 0.649456 0.291092 0.693533 0.582184
81 0.678649 0.848851 0.642702 0.302299
95 0.4868 0.306897 0.973599 0.613793
26 0.887333 0.841954 0.225333 0.278161
0 0.704845 0.620115 0.1217 0.165517
66 0.508643 0.487356 0.97984 0.632184
108 0.361589 0.615517 0.721618 0.543678
81 0.440772 0.532759 0.881544 0.378161
79 0.710696 0.427011 0.553891 0.564368
80 0.4907 0.298276 0.965798 0.596552
108 0.649456 0.291092 0.693533 0.582184
108 0.748922 0.848276 0.499282 0.303448
14 0.704845 0.620115 0.1217 0.165517
81 0.748922 0.848276 0.499282 0.303448
2 0.498892 0.414943 0.996223 0.714943
26 0.709136 0.619397 0.1217 0.168103
105 0.738001 0.375287 0.499282 0.7
103 0.507863 0.41092 0.9814 0.687356
81 0.775447 0.38046 0.435311 0.648276
104 0.33487 0.575287 0.669739 0.389655
109 0.499282 0.577586 0.972039 0.663218
17 0.508643 0.56092 0.97828 0.65977
104 0.361589 0.615517 0.721618 0.543678
104 0.748922 0.848276 0.499282 0.303448
14 0.498892 0.414943 0.996223 0.714943
18 0.709136 0.619397 0.1217 0.168103
81 0.434921 0.497701 0.868282 0.887356
79 0.546869 0.448563 0.876863 0.535057
79 0.678649 0.848851 0.642702 0.302299
75 0.500842 0.478161 0.992322 0.612644
108 0.33487 0.575287 0.669739 0.389655
78 0.883299 0.845977 0.230528 0.294253
108 0.79573 0.44023 0.390064 0.534483
78 0.361589 0.615517 0.721618 0.543678
105 0.678649 0.848851 0.642702 0.302299
17 0.709136 0.619397 0.1217 0.168103
52 0.485629 0.204885 0.971259 0.40977
21 0.883104 0.83908 0.216875 0.272414
108 0.678649 0.848851 0.642702 0.302299
68 0.500842 0.783908 0.995443 0.432184
17 0.883104 0.83908 0.216875 0.272414
81 0.230918 0.553448 0.461836 0.343678
79 0.748922 0.848276 0.499282 0.303448
53 0.494601 0.363793 0.989202 0.727586
105 0.33487 0.575287 0.669739 0.389655
109 0.507863 0.41092 0.9814 0.687356
78 0.79573 0.44023 0.390064 0.534483
79 0.33487 0.575287 0.669739 0.389655
79 0.361589 0.615517 0.721618 0.543678
104 0.678649 0.848851 0.642702 0.302299
81 0.825118 0.850575 0.349764 0.298851
111 0.499282 0.577586 0.972039 0.663218
19 0.704845 0.620115 0.1217 0.165517
108 0.440772 0.532759 0.881544 0.378161
81 0.883299 0.845977 0.230528 0.294253
56 0.670945 0.850575 0.658109 0.298851
105 0.748922 0.848276 0.499282 0.303448
15 0.709136 0.619397 0.1217 0.168103
84 0.500842 0.368391 0.9814 0.736782
104 0.42985 0.556322 0.859701 0.333333
21 0.498892 0.414943 0.996223 0.714943
84 0.485629 0.204885 0.971259 0.40977
53 0.670945 0.850575 0.658109 0.298851
25 0.498892 0.414943 0.996223 0.714943
52 0.493041 0.675287 0.9814 0.649425
7 0.88447 0.837931 0.221946 0.268965
11 0.883104 0.83908 0.216875 0.272414
78 0.33487 0.575287 0.669739 0.389655
33 0.508643 0.56092 0.97828 0.65977
16 0.520735 0.427586 0.949415 0.6
108 0.822254 0.839081 0.351057 0.289655
81 0.553049 0.844253 0.893903 0.311494
54 0.496941 0.604598 0.990762 0.703448
108 0.886225 0.844828 0.221556 0.282759
67 0.499282 0.577586 0.972039 0.663218
105 0.42985 0.556322 0.859701 0.333333
108 0.374851 0.552299 0.749703 0.785058
101 0.508643 0.487356 0.97984 0.632184
52 0.4868 0.306897 0.973599 0.613793
74 0.4907 0.298276 0.965798 0.596552
105 0.361589 0.615517 0.721618 0.543678
9 0.498892 0.414943 0.996223 0.714943
78 0.440772 0.532759 0.881544 0.378161
80 0.493041 0.675287 0.9814 0.649425
78 0.553049 0.844253 0.893903 0.311494
95 0.49226 0.700287 0.961117 0.599425
48 0.499282 0.577586 0.972039 0.663218
79 0.886225 0.844828 0.221556 0.282759
81 0.622542 0.47931 0.730199 0.445977
8 0.704845 0.620115 0.1217 0.165517
104 0.779347 0.43477 0.42595 0.56954
53 0.485629 0.204885 0.971259 0.40977
68 0.493821 0.688506 0.962677 0.622988
104 0.825118 0.850575 0.349764 0.298851
3 0.88447 0.837931 0.221946 0.268965
104 0.230918 0.553448 0.461836 0.343678
68 0.4868 0.306897 0.973599 0.613793
23 0.704845 0.620115 0.1217 0.165517
16 0.883104 0.83908 0.216875 0.272414
97 0.507863 0.41092 0.9814 0.687356
78 0.822254 0.839081 0.351057 0.289655
68 0.523794 0.852299 0.952412 0.295402
81 0.312831 0.558046 0.625662 0.78046
104 0.374851 0.552299 0.749703 0.785058
104 0.883299 0.845977 0.230528 0.294253
81 0.649456 0.291092 0.693533 0.582184
104 0.553049 0.844253 0.893903 0.311494
48 0.500842 0.783908 0.995443 0.432184
14 0.883104 0.83908 0.216875 0.272414
13 0.704845 0.620115 0.1217 0.165517
21 0.704845 0.620115 0.1217 0.165517
53 0.507021 0.744253 0.985958 0.511494
74 0.485629 0.204885 0.971259 0.40977
79 0.440772 0.532759 0.881544 0.378161
105 0.230918 0.553448 0.461836 0.343678
108 0.230918 0.553448 0.461836 0.343678
68 0.497331 0.952012 0.986861 0.0959769
81 0.261343 0.491954 0.522685 0.983908
78 0.374851 0.552299 0.749703 0.785058
81 0.327654 0.233764 0.655307 0.467529
68 0.4868 0.191092 0.965798 0.382184
108 0.553049 0.844253 0.893903 0.311494
15 0.883104 0.840805 0.216875 0.283908
16 0.738001 0.375287 0.499282 0.7
27 0.887333 0.841954 0.225333 0.278161
54 0.500842 0.368391 0.9814 0.736782
56 0.361589 0.615517 0.721618 0.543678
9 0.883104 0.83908 0.216875 0.272414
41 0.498892 0.414943 0.996223 0.714943
95 0.670945 0.850575 0.658109 0.298851
68 0.670945 0.850575 0.658109 0.298851
103 0.508643 0.56092 0.97828 0.65977
56 0.33487 0.575287 0.669739 0.389655
101 0.496941 0.665517 0.967358 0.662069
79 0.825118 0.850575 0.349764 0.298851
56 0.738001 0.375287 0.499282 0.7
105 0.553049 0.844253 0.893903 0.311494
111 0.485629 0.204885 0.971259 0.40977
1 0.88447 0.837931 0.221946 0.268965
34 0.88447 0.837931 0.221946 0.268965
78 0.351838 0.309195 0.67559 0.618391
78 0.48992 0.368678 0.961117 0.737356
104 0.50312 0.375575 0.993759 0.704023
79 0.351838 0.309195 0.67559 0.618391
105 0.50312 0.375575 0.993759 0.704023
78 0.327849 0.174713 0.648676 0.349425
74 0.351838 0.309195 0.67559 0.618391
108 0.351838 0.309195 0.67559 0.618391
79 0.50312 0.375575 0.993759 0.704023
104 0.351838 0.309195 0.67559 0.618391
81 0.50312 0.375575 0.993759 0.704023
108 0.48992 0.368678 0.961117 0.737356
74 0.48992 0.368678 0.961117 0.737356
81 0.351838 0.309195 0.67559 0.618391
66 0.351838 0.309195 0.67559 0.618391
108 0.327849 0.174713 0.648676 0.349425
105 0.351838 0.309195 0.67559 0.618391
74 0.327849 0.174713 0.648676 0.349425
95 0.50156 0.381034 0.99688 0.702299
79 0.327849 0.174713 0.648676 0.349425
52 0.352228 0.370115 0.688853 0.74023
66 0.48992 0.368678 0.961117 0.737356
104 0.327849 0.174713 0.648676 0.349425
33 0.351838 0.309195 0.67559 0.618391
80 0.351838 0.309195 0.67559 0.618391
78 0.618189 0.307471 0.763621 0.614943
80 0.535106 0.35546 0.929789 0.71092
21 0.351838 0.309195 0.67559 0.618391
81 0.327849 0.174713 0.648676 0.349425
52 0.5 0.362644 1 0.725287
42 0.352228 0.370115 0.688853 0.74023
78 0.801324 0.339655 0.397352 0.67931
33 0.48992 0.368678 0.961117 0.737356
42 0.535106 0.35546 0.929789 0.71092
108 0.618189 0.307471 0.763621 0.614943
52 0.329409 0.265661 0.651016 0.531322
66 0.327849 0.174713 0.648676 0.349425
74 0.618189 0.307471 0.763621 0.614943
84 0.50156 0.381034 0.99688 0.702299
78 0.366075 0.486207 0.720448 0.393103
78 0.361979 0.137213 0.649846 0.274425
56 0.50156 0.381034 0.99688 0.702299
104 0.441942 0.506034 0.862041 0.418966
21 0.327849 0.174713 0.648676 0.349425
105 0.327849 0.174713 0.648676 0.349425
42 0.329409 0.265661 0.651016 0.531322
95 0.351838 0.309195 0.67559 0.618391
10 0.351838 0.309195 0.67559 0.618391
104 0.82362 0.852299 0.346767 0.26092
81 0.441942 0.506034 0.862041 0.418966
80 0.327849 0.174713 0.648676 0.349425
33 0.327849 0.174713 0.648676 0.349425
103 0.50312 0.375575 0.993759 0.704023
32 0.330774 0.314655 0.650626 0.62931
21 0.535106 0.35546 0.929789 0.71092
105 0.441942 0.506034 0.862041 0.418966
108 0.801324 0.339655 0.397352 0.67931
75 0.351838 0.309195 0.67559 0.618391
79 0.441942 0.506034 0.862041 0.418966
67 0.50234 0.362069 0.995319 0.724138
67 0.345596 0.265517 0.677151 0.531034
74 0.886225 0.785058 0.221556 0.377012
104 0.887785 0.832184 0.218436 0.303448
53 0.330774 0.314655 0.650626 0.62931
52 0.327849 0.174713 0.648676 0.349425
17 0.48992 0.368678 0.961117 0.737356
104 0.595956 0.814368 0.808089 0.334483
17 0.351838 0.309195 0.67559 0.618391
42 0.618189 0.307471 0.763621 0.614943
80 0.618189 0.307471 0.763621 0.614943
104 0.677186 0.848276 0.645627 0.266667
78 0.482119 0.341954 0.964238 0.683908
78 0.516444 0.439655 0.965798 0.518391
79 0.504352 0.36092 0.988422 0.721839
78 0.424779 0.270115 0.841758 0.54023
108 0.502012 0.371839 0.994663 0.743678
104 0.505523 0.412069 0.97984 0.601149
78 0.540177 0.575287 0.919647 0.829885
108 0.516444 0.439655 0.965798 0.518391
81 0.505523 0.412069 0.97984 0.601149
79 0.516444 0.439655 0.965798 0.518391
66 0.482119 0.341954 0.964238 0.683908
79 0.514822 0.56092 0.970355 0.878161
66 0.516444 0.439655 0.965798 0.518391
104 0.514822 0.56092 0.970355 0.878161
108 0.468077 0.256609 0.936153 0.513218
108 0.540177 0.575287 0.919647 0.829885
104 0.484849 0.396552 0.966578 0.793103
81 0.514822 0.56092 0.970355 0.878161
105 0.505523 0.412069 0.97984 0.601149
81 0.484849 0.396552 0.966578 0.793103
17 0.886358 0.839081 0.227284 0.275862
78 0.30815 0.274138 0.594457 0.548276
74 0.516444 0.439655 0.965798 0.518391
13 0.886358 0.839081 0.227284 0.275862
74 0.502012 0.371839 0.994663 0.743678
66 0.540177 0.575287 0.919647 0.829885
79 0.468077 0.256609 0.936153 0.513218
108 0.370756 0.333333 0.725909 0.666667
105 0.514822 0.56092 0.970355 0.878161
80 0.516444 0.439655 0.965798 0.518391
78 0.48914 0.190948 0.97828 0.381897
26 0.886358 0.839081 0.227284 0.275862
15 0.886358 0.839081 0.227284 0.275862
18 0.886358 0.839081 0.227284 0.275862
50 0.482119 0.341954 0.964238 0.683908
33 0.516444 0.439655 0.965798 0.518391
79 0.370756 0.333333 0.725909 0.666667
56 0.512544 0.461207 0.972039 0.59023
53 0.516444 0.439655 0.965798 0.518391
23 0.886358 0.839081 0.227284 0.275862
33 0.475878 0.344828 0.951756 0.689655
74 0.540177 0.575287 0.919647 0.829885
11 0.886358 0.839081 0.227284 0.275862
80 0.504352 0.36092 0.988422 0.721839
17 0.512544 0.461207 0.972039 0.59023
14 0.886358 0.839081 0.227284 0.275862
48 0.505523 0.367241 0.986081 0.687356
75 0.512544 0.461207 0.972039 0.59023
24 0.886358 0.839081 0.227284 0.275862
95 0.512544 0.461207 0.972039 0.59023
12 0.475878 0.344828 0.951756 0.689655
79 0.545637 0.651868 0.908725 0.647989
47 0.482119 0.341954 0.964238 0.683908
16 0.886358 0.839081 0.227284 0.275862
81 0.504681 0.46092 0.990638 0.541379
104 0.504681 0.46092 0.990638 0.541379
105 0.504681 0.46092 0.990638 0.541379
78 0.516383 0.361494 0.967235 0.722989
79 0.504681 0.46092 0.990638 0.541379
108 0.516383 0.361494 0.967235 0.722989
56 0.509752 0.433621 0.980497 0.577586
95 0.509752 0.433621 0.980497 0.577586
78 0.389186 0.342529 0.727274 0.685058
104 0.438042 0.356897 0.85892 0.713793
78 0.48836 0.471911 0.964238 0.520546
81 0.522234 0.378161 0.955533 0.756322
78 0.202833 0.35 0.402546 0.698851
108 0.48836 0.471911 0.964238 0.520546
80 0.504681 0.364943 0.990638 0.729885
103 0.509752 0.433621 0.980497 0.577586
78 0.13896 0.366379 0.27519 0.732759
53 0.510922 0.366092 0.978156 0.705747
95 0.389186 0.342529 0.727274 0.685058
84 0.509752 0.433621 0.980497 0.577586
17 0.513262 0.436494 0.973476 0.562644
68 0.509752 0.528736 0.980497 0.744828
95 0.519113 0.544253 0.961774 0.828736
33 0.513262 0.436494 0.973476 0.562644
79 0.438042 0.356897 0.85892 0.713793
78 0.500452 0.363793 0.989982 0.727586
108 0.500452 0.363793 0.989982 0.727586
79 0.501622 0.362356 0.987641 0.724713
104 0.501622 0.362356 0.987641 0.724713
81 0.48914 0.360057 0.962677 0.720115
66 0.508971 0.393966 0.982057 0.662644
74 0.508971 0.393966 0.982057 0.662644
105 0.504743 0.365517 0.982961 0.689655
80 0.500452 0.363793 0.989982 0.727586
33 0.500452 0.363793 0.989982 0.727586
17 0.507801 0.447773 0.984397 0.550431
56 0.508971 0.393966 0.982057 0.662644
54 0.508971 0.393966 0.982057 0.662644
79 0.531205 0.45 0.93759 0.535632
14 0.500452 0.363793 0.989982 0.727586
108 0.531205 0.45 0.93759 0.535632
41 0.507801 0.447773 0.984397 0.550431
75 0.508971 0.393966 0.982057 0.662644
78 0.531205 0.45 0.93759 0.535632
28 0.500452 0.363793 0.989982 0.727586
22 0.500452 0.363793 0.989982 0.727586
12 0.500452 0.363793 0.989982 0.727586
78 0.507801 0.364943 0.984397 0.726437
79 0.506631 0.415805 0.986738 0.606322
105 0.505461 0.392816 0.989078 0.648851
108 0.507801 0.364943 0.984397 0.726437
52 0.513652 0.428161 0.972696 0.572414
81 0.505461 0.392816 0.989078 0.648851
84 0.512872 0.437428 0.974256 0.546983
33 0.507801 0.364943 0.984397 0.726437
66 0.506631 0.415805 0.986738 0.606322
95 0.508581 0.44533 0.982837 0.539224
97 0.512482 0.443678 0.975036 0.54023
111 0.512872 0.437428 0.974256 0.546983
104 0.506631 0.415805 0.986738 0.606322
80 0.507801 0.364943 0.984397 0.726437
56 0.508581 0.44533 0.982837 0.539224
68 0.508581 0.44533 0.982837 0.539224
53 0.507801 0.364943 0.984397 0.726437
101 0.508581 0.44533 0.982837 0.539224
54 0.512872 0.437428 0.974256 0.546983
109 0.508581 0.44533 0.982837 0.539224
67 0.508581 0.44533 0.982837 0.539224
52 0.450524 0.349713 0.891686 0.699425
42 0.512872 0.437428 0.974256 0.546983
103 0.508581 0.44533 0.982837 0.539224
74 0.506631 0.415805 0.986738 0.606322
48 0.508581 0.44533 0.982837 0.539224
17 0.506631 0.415805 0.986738 0.606322
50 0.506631 0.415805 0.986738 0.606322
77 0.508581 0.44533 0.982837 0.539224
33 0.714597 0.618966 0.135742 0.167816
47 0.507801 0.364943 0.984397 0.726437
75 0.508581 0.44533 0.982837 0.539224
105 0.501232 0.484483 0.982181 0.452874
111 0.450524 0.349713 0.891686 0.699425
78 0.513324 0.430388 0.972039 0.56796
79 0.504743 0.375862 0.970479 0.687356
108 0.511374 0.413793 0.963458 0.608046
78 0.504743 0.397126 0.972039 0.794253
81 0.504743 0.375862 0.970479 0.687356
66 0.509423 0.420977 0.973599 0.581034
104 0.504743 0.375862 0.970479 0.687356
79 0.880179 0.843678 0.230528 0.27931
74 0.511374 0.413793 0.963458 0.608046
79 0.706015 0.848276 0.578855 0.285057
66 0.880179 0.843678 0.230528 0.27931
79 0.830056 0.852874 0.330774 0.294253
79 0.493041 0.511494 0.962677 0.397701
33 0.511374 0.413793 0.963458 0.608046
66 0.706015 0.848276 0.578855 0.285057
108 0.502792 0.42931 0.972819 0.858621
74 0.880179 0.843678 0.230528 0.27931
79 0.616691 0.851149 0.755944 0.297701
74 0.706015 0.848276 0.578855 0.285057
108 0.880179 0.843678 0.230528 0.27931
108 0.706015 0.848276 0.578855 0.285057
79 0.356128 0.545402 0.694314 0.318391
79 0.360029 0.415805 0.708356 0.572989
78 0.880179 0.843678 0.230528 0.27931
17 0.511374 0.413793 0.963458 0.608046
81 0.493041 0.511494 0.962677 0.397701
78 0.512092 0.355747 0.975816 0.711494
79 0.512482 0.357184 0.975036 0.714368
108 0.512092 0.355747 0.975816 0.711494
81 0.501622 0.360345 0.962677 0.716092
74 0.507411 0.355747 0.985178 0.711494
80 0.512092 0.355747 0.975816 0.711494
104 0.512482 0.357184 0.975036 0.714368
66 0.507411 0.355747 0.985178 0.711494
17 0.507411 0.355747 0.985178 0.711494
74 0.363344 0.37069 0.697824 0.741379
33 0.507411 0.355747 0.985178 0.711494
16 0.704455 0.662069 0.113899 0.0827586
66 0.363344 0.37069 0.697824 0.741379
105 0.501622 0.360345 0.962677 0.716092
78 0.363344 0.37069 0.697824 0.741379
79 0.363344 0.37069 0.697824 0.741379
10 0.512482 0.357184 0.975036 0.714368
27 0.507411 0.355747 0.985178 0.711494
33 0.715767 0.62069 0.134962 0.170115
35 0.507411 0.355747 0.985178 0.711494
108 0.363344 0.37069 0.697824 0.741379
66 0.555389 0.444253 0.889222 0.533333
66 0.33604 0.356897 0.640875 0.711494
108 0.516383 0.400862 0.967235 0.643103
108 0.376412 0.356609 0.727859 0.71092
66 0.526976 0.365517 0.944734 0.728736
74 0.33604 0.356897 0.640875 0.711494
74 0.555389 0.444253 0.889222 0.533333
78 0.516383 0.400862 0.967235 0.643103
78 0.340721 0.367816 0.632293 0.735632
79 0.463396 0.52069 0.886225 0.365517
79 0.515212 0.434555 0.969575 0.559626
108 0.615556 0.440517 0.768887 0.544253
74 0.526976 0.365517 0.944734 0.728736
66 0.477536 0.346552 0.505328 0.693103
79 0.33604 0.356897 0.640875 0.711494
66 0.340331 0.236351 0.615911 0.472701
74 0.340331 0.236351 0.615911 0.472701
66 0.862821 0.366379 0.269924 0.397126
108 0.879984 0.841954 0.230918 0.270115
17 0.911189 0.473563 0.0436871 0.091954
79 0.879984 0.841954 0.230918 0.270115
108 0.862626 0.804023 0.265633 0.34023
66 0.707904 0.44023 0.584192 0.531034
74 0.432581 0.318966 0.432971 0.637931
108 0.398743 0.351724 0.506888 0.701149
66 0.879984 0.841954 0.230918 0.270115
75 0.334285 0.319828 0.635024 0.639655
66 0.904168 0.367888 0.188791 0.407902
108 0.413858 0.520115 0.79339 0.364368
78 0.609705 0.441451 0.780589 0.53319
79 0.457545 0.368391 0.840197 0.736782
26 0.911189 0.473563 0.0436871 0.091954
108 0.878424 0.326437 0.24184 0.451724
74 0.862821 0.366379 0.269924 0.397126
108 0.806652 0.842529 0.374461 0.267816
66 0.465346 0.318391 0.369 0.636782
14 0.911189 0.473563 0.0436871 0.091954
66 0.819134 0.404526 0.357298 0.471408
78 0.477536 0.346552 0.505328 0.693103
75 0.555389 0.444253 0.889222 0.533333
108 0.839222 0.56681 0.315562 0.822701
108 0.333505 0.245546 0.643605 0.491092
78 0.879984 0.841954 0.230918 0.270115
74 0.904168 0.367888 0.188791 0.407902
79 0.340331 0.236351 0.615911 0.472701
42 0.555389 0.444253 0.889222 0.533333
42 0.33604 0.356897 0.640875 0.711494
108 0.878424 0.695977 0.234038 0.552874
108 0.911127 0.314943 0.177746 0.502299
66 0.440772 0.24648 0.415028 0.492098
74 0.879984 0.841954 0.230918 0.270115
66 0.591727 0.314368 0.695094 0.628736
20 0.911189 0.475 0.0436871 0.0931035
74 0.707904 0.44023 0.584192 0.531034
108 0.591727 0.314368 0.695094 0.628736
79 0.862821 0.366379 0.269924 0.397126
108 0.74613 0.402012 0.50774 0.476437
78 0.878424 0.326437 0.24184 0.451724
66 0.862626 0.804023 0.265633 0.34023
79 0.432581 0.318966 0.432971 0.637931
108 0.800349 0.299425 0.399302 0.55977
108 0.465346 0.318391 0.369 0.636782
42 0.526976 0.365517 0.944734 0.728736
108 0.82518 0.374641 0.343646 0.419684
108 0.712256 0.84023 0.566373 0.266667
16 0.911189 0.475 0.0436871 0.0931035
11 0.911189 0.473563 0.0436871 0.091954
74 0.819134 0.404526 0.357298 0.471408
21 0.911189 0.473563 0.0436871 0.091954
78 0.911127 0.314943 0.177746 0.502299
79 0.904168 0.367888 0.188791 0.407902
78 0.862626 0.804023 0.265633 0.34023
79 0.862626 0.804023 0.265633 0.34023
66 0.833956 0.324138 0.330774 0.471264
79 0.340526 0.500575 0.647506 0.398851
80 0.33604 0.356897 0.640875 0.711494
74 0.452474 0.541954 0.864381 0.317241
75 0.432581 0.318966 0.432971 0.637931
28 0.911189 0.473563 0.0436871 0.091954
75 0.526976 0.365517 0.944734 0.728736
66 0.413858 0.520115 0.79339 0.364368
75 0.371536 0.235201 0.55116 0.470402
108 0.21122 0.317241 0.410737 0.634483
18 0.911189 0.473563 0.0436871 0.091954
78 0.504681 0.364943 0.990638 0.690805
108 0.504681 0.364943 0.990638 0.690805
66 0.510922 0.4 0.978156 0.62069
79 0.504681 0.364943 0.990638 0.690805
108 0.883884 0.821839 0.219996 0.312644
74 0.510922 0.4 0.978156 0.62069
108 0.875498 0.727586 0.239889 0.502299
79 0.884665 0.838506 0.218436 0.270115
53 0.504681 0.364943 0.990638 0.690805
78 0.883884 0.821839 0.219996 0.312644
78 0.33643 0.361494 0.648676 0.722989
66 0.884665 0.838506 0.218436 0.270115
80 0.504681 0.364943 0.990638 0.690805
52 0.504681 0.364943 0.990638 0.690805
33 0.510532 0.355172 0.978937 0.702299
42 0.510532 0.355172 0.978937 0.702299
108 0.508971 0.361494 0.982057 0.72069
78 0.508971 0.361494 0.982057 0.72069
79 0.510203 0.403161 0.973599 0.620115
80 0.496941 0.36092 0.957997 0.721839
81 0.510984 0.41092 0.97672 0.604598
52 0.496941 0.36092 0.957997 0.721839
105 0.508971 0.361494 0.982057 0.72069
104 0.510203 0.403161 0.973599 0.620115
53 0.508971 0.361494 0.982057 0.72069
66 0.510203 0.403161 0.973599 0.620115
74 0.510203 0.403161 0.973599 0.620115
68 0.508971 0.361494 0.982057 0.72069
33 0.508971 0.361494 0.982057 0.72069
10 0.513262 0.358621 0.973476 0.704598
48 0.508971 0.361494 0.982057 0.72069
42 0.508971 0.361494 0.982057 0.72069
56 0.508971 0.361494 0.982057 0.72069
17 0.510203 0.403161 0.973599 0.620115
95 0.508971 0.361494 0.982057 0.72069
54 0.508971 0.361494 0.982057 0.72069
84 0.508971 0.361494 0.982057 0.72069
41 0.508971 0.361494 0.982057 0.72069
32 0.513262 0.358621 0.973476 0.704598
50 0.510984 0.41092 0.97672 0.604598
13 0.513262 0.358621 0.973476 0.704598
21 0.513262 0.358621 0.973476 0.704598
80 0.301519 0.366092 0.586656 0.704598
2 0.513262 0.358621 0.973476 0.704598
16 0.513262 0.358621 0.973476 0.704598
34 0.513262 0.358621 0.973476 0.704598
77 0.510984 0.41092 0.97672 0.604598
27 0.513262 0.358621 0.973476 0.704598
14 0.513262 0.358621 0.973476 0.704598
11 0.513262 0.358621 0.973476 0.704598
101 0.508971 0.361494 0.982057 0.72069
51 0.508971 0.361494 0.982057 0.72069
75 0.508971 0.361494 0.982057 0.72069
103 0.508971 0.361494 0.982057 0.72069
24 0.513262 0.358621 0.973476 0.704598
78 0.504743 0.444899 0.984521 0.535489
108 0.504743 0.412644 0.972039 0.608046
79 0.504743 0.412644 0.972039 0.608046
81 0.494601 0.377011 0.959557 0.682759
104 0.494601 0.377011 0.959557 0.682759
66 0.504743 0.412644 0.972039 0.608046
80 0.494601 0.377011 0.959557 0.682759
53 0.504743 0.412644 0.972039 0.608046
105 0.494601 0.377011 0.959557 0.682759
74 0.504743 0.412644 0.972039 0.608046
33 0.507083 0.44569 0.968918 0.544253
10 0.507083 0.44569 0.968918 0.544253
78 0.509362 0.422701 0.981277 0.574138
108 0.497721 0.355172 0.97828 0.710345
78 0.443112 0.372989 0.873743 0.745977
79 0.505461 0.378161 0.989078 0.693103
78 0.315172 0.37931 0.619421 0.754023
108 0.315172 0.37931 0.619421 0.754023
79 0.361979 0.362069 0.709136 0.721839
104 0.465736 0.356609 0.91587 0.713218
66 0.443112 0.372989 0.873743 0.745977
74 0.443112 0.372989 0.873743 0.745977
53 0.465736 0.356609 0.91587 0.713218
80 0.465736 0.356609 0.91587 0.713218
66 0.509362 0.422701 0.981277 0.574138
48 0.465736 0.356609 0.91587 0.713218
33 0.465736 0.356609 0.91587 0.713218
81 0.465736 0.356609 0.91587 0.713218
105 0.497721 0.355172 0.97828 0.710345
68 0.465736 0.356609 0.91587 0.713218
74 0.509362 0.422701 0.981277 0.574138
66 0.315172 0.37931 0.619421 0.754023
52 0.465736 0.356609 0.91587 0.713218
42 0.443112 0.372989 0.873743 0.745977
50 0.465736 0.356609 0.91587 0.713218
74 0.315172 0.37931 0.619421 0.754023
101 0.443112 0.372989 0.873743 0.745977
33 0.514822 0.430172 0.970355 0.547701
78 0.504352 0.434195 0.982181 0.575287
108 0.510984 0.438793 0.968918 0.607471
79 0.507083 0.437931 0.97984 0.610345
53 0.510984 0.440302 0.965798 0.582615
66 0.510984 0.440302 0.965798 0.582615
74 0.510984 0.440302 0.965798 0.582615
108 0.507863 0.402874 0.975159 0.622989
78 0.511764 0.433046 0.973599 0.562644
79 0.507863 0.460057 0.970479 0.502874
66 0.510203 0.442816 0.970479 0.537356
10 0.517225 0.445402 0.957997 0.534483
74 0.507863 0.460057 0.970479 0.502874
14 0.517225 0.445402 0.957997 0.534483
23 0.517225 0.445402 0.957997 0.534483
17 0.517225 0.445402 0.957997 0.534483
79 0.513652 0.36092 0.972696 0.721839
42 0.517225 0.445402 0.957997 0.534483
33 0.518005 0.440876 0.953316 0.534339
75 0.517225 0.445402 0.957997 0.534483
33 0.725909 0.601724 0.300349 0.206897
80 0.507863 0.402874 0.975159 0.622989
104 0.507863 0.402874 0.975159 0.622989
48 0.507863 0.402874 0.975159 0.622989
13 0.517225 0.445402 0.957997 0.534483
19 0.517225 0.445402 0.957997 0.534483
66 0.502402 0.377874 0.987641 0.755747
53 0.507863 0.402874 0.975159 0.622989
21 0.517225 0.445402 0.957997 0.534483
16 0.517225 0.445402 0.957997 0.534483
7 0.725909 0.601724 0.300349 0.206897
81 0.517225 0.445402 0.957997 0.534483
0 0.517225 0.445402 0.957997 0.534483
18 0.517225 0.445402 0.957997 0.534483
78 0.506303 0.460345 0.97672 0.508046
108 0.509423 0.462356 0.97828 0.512069
79 0.506303 0.456968 0.97672 0.511351
66 0.507801 0.452227 0.984397 0.517385
108 0.520345 0.845977 0.937713 0.28046
79 0.520345 0.845977 0.937713 0.28046
74 0.509362 0.448851 0.981277 0.528736
48 0.510203 0.849425 0.970479 0.28046
53 0.509423 0.462356 0.97828 0.512069
108 0.503572 0.37069 0.974379 0.741379
66 0.520345 0.845977 0.937713 0.28046
78 0.520345 0.845977 0.937713 0.28046
104 0.520345 0.845977 0.937713 0.28046
42 0.511312 0.439943 0.977376 0.544253
108 0.889345 0.642529 0.218436 0.682759
78 0.506631 0.364368 0.986738 0.728736
81 0.520345 0.845977 0.937713 0.28046
78 0.503962 0.451078 0.97672 0.526581
108 0.497721 0.390805 0.973599 0.648276
79 0.503182 0.43592 0.97828 0.563793
78 0.503182 0.396839 0.984521 0.793678
66 0.503962 0.451078 0.97672 0.526581
10 0.889345 0.841379 0.218436 0.273563
108 0.505523 0.454526 0.97828 0.530029
78 0.510984 0.450575 0.968918 0.533333
79 0.510984 0.450575 0.968918 0.533333
108 0.889345 0.841379 0.218436 0.264368
108 0.498111 0.362644 0.969699 0.725287
13 0.889345 0.841379 0.218436 0.264368
79 0.889345 0.841379 0.218436 0.264368
53 0.510984 0.450575 0.968918 0.533333
19 0.889345 0.841379 0.218436 0.264368
74 0.510984 0.452945 0.968918 0.542385
74 0.889345 0.841379 0.218436 0.264368
10 0.889345 0.841379 0.218436 0.264368
108 0.886225 0.743103 0.223116 0.470115
66 0.510984 0.450575 0.968918 0.533333
24 0.889345 0.841379 0.218436 0.264368
78 0.506303 0.310632 0.9814 0.621264
108 0.503962 0.4 0.97984 0.632184
78 0.505523 0.432184 0.986081 0.56092
53 0.505523 0.432184 0.986081 0.56092
74 0.505523 0.432184 0.986081 0.56092
79 0.508643 0.441954 0.975159 0.544828
10 0.886163 0.851724 0.227674 0.282759
66 0.505523 0.432184 0.986081 0.56092
52 0.505523 0.432184 0.986081 0.56092
42 0.511374 0.410345 0.974379 0.618391
80 0.511374 0.410345 0.974379 0.618391
108 0.484459 0.491379 0.951756 0.424138
78 0.48953 0.379885 0.961897 0.75977
10 0.505523 0.432184 0.986081 0.56092
33 0.745412 0.192529 0.167727 0.385058
108 0.3651 0.379598 0.721618 0.645402
8 0.837857 0.349425 0.312051 0.37931
33 0.511374 0.410345 0.974379 0.618391
48 0.511374 0.410345 0.974379 0.618391
108 0.506303 0.452012 0.972039 0.537356
78 0.506303 0.441307 0.970479 0.54727
53 0.502402 0.445402 0.970479 0.542529
79 0.510984 0.452012 0.965798 0.540805
52 0.507863 0.443103 0.967358 0.550575
66 0.507863 0.443103 0.967358 0.550575
105 0.511764 0.44454 0.968918 0.535057
108 0.503182 0.41954 0.982961 0.6
78 0.510984 0.42931 0.968918 0.58046
79 0.503962 0.418391 0.97984 0.597701
79 0.882909 0.84023 0.225067 0.266667
108 0.882909 0.84023 0.225067 0.266667
66 0.510984 0.42931 0.968918 0.58046
17 0.909629 0.473851 0.0436872 0.0971265
18 0.909629 0.473851 0.0436872 0.0971265
66 0.882909 0.84023 0.225067 0.266667
15 0.909629 0.473851 0.0436872 0.0971265
53 0.503962 0.418391 0.97984 0.597701
13 0.909629 0.473851 0.0436872 0.0971265
16 0.909629 0.473851 0.0436872 0.0971265
108 0.485629 0.302299 0.954096 0.604598
104 0.881544 0.841379 0.227797 0.271264
108 0.881349 0.697126 0.228187 0.562069
81 0.882909 0.84023 0.225067 0.266667
78 0.882909 0.84023 0.225067 0.266667
26 0.909629 0.473851 0.0436872 0.0971265
74 0.882909 0.84023 0.225067 0.266667
108 0.504743 0.437069 0.962677 0.56954
78 0.499672 0.441307 0.983741 0.553017
79 0.503182 0.44023 0.961117 0.554023
48 0.496161 0.392241 0.957997 0.656897
66 0.504743 0.437069 0.962677 0.56954
52 0.498892 0.376437 0.971259 0.727586
53 0.500062 0.447773 0.968918 0.543535
74 0.504743 0.437069 0.962677 0.56954
104 0.503182 0.44023 0.961117 0.554023
105 0.500062 0.447773 0.968918 0.543535
81 0.504743 0.437069 0.962677 0.56954
80 0.496161 0.392241 0.957997 0.656897
17 0.500062 0.428161 0.968918 0.593103
42 0.504743 0.401724 0.965798 0.644828
68 0.496161 0.392241 0.957997 0.656897
33 0.503182 0.44023 0.961117 0.554023
51 0.504743 0.401724 0.965798 0.644828
108 0.507863 0.437356 0.962677 0.557471
79 0.505133 0.439655 0.971259 0.563218
78 0.506303 0.439152 0.97672 0.550431
53 0.506303 0.439152 0.97672 0.550431
10 0.816013 0.383621 0.3651 0.423563
66 0.508643 0.437931 0.964238 0.565517
108 0.506303 0.450072 0.965798 0.53319
78 0.503182 0.462644 0.97828 0.505747
79 0.503182 0.462644 0.97828 0.505747
52 0.494601 0.383621 0.964238 0.658046
105 0.48914 0.452945 0.951756 0.525144
53 0.503182 0.462644 0.97828 0.505747
80 0.494601 0.383621 0.964238 0.658046
66 0.506303 0.450072 0.965798 0.53319
48 0.494601 0.383621 0.964238 0.658046
33 0.494601 0.383621 0.964238 0.658046
108 0.507863 0.45 0.97672 0.532184
78 0.510142 0.443032 0.979717 0.542672
48 0.507863 0.429885 0.975159 0.582759
52 0.507863 0.45 0.97672 0.532184
79 0.507863 0.45 0.97672 0.532184
17 0.507863 0.429885 0.975159 0.582759
66 0.507863 0.45 0.97672 0.532184
53 0.507863 0.45 0.97672 0.532184
105 0.507863 0.45 0.97672 0.532184
108 0.510922 0.412644 0.978156 0.613793
79 0.511702 0.422126 0.976596 0.587931
78 0.512092 0.441882 0.975816 0.541523
108 0.325118 0.354023 0.635414 0.705747
53 0.512872 0.428161 0.974256 0.568966
108 0.544467 0.37694 0.911065 0.388649
79 0.873743 0.84023 0.251201 0.25977
108 0.506693 0.424138 0.965018 0.597701
78 0.514432 0.43046 0.971135 0.558621
66 0.509423 0.416379 0.97672 0.59023
108 0.510203 0.304598 0.973599 0.609195
24 0.506693 0.424138 0.965018 0.597701
53 0.506303 0.416379 0.962677 0.602874
108 0.512482 0.442601 0.975036 0.582615
66 0.504291 0.42931 0.991419 0.58046
79 0.497721 0.412644 0.97672 0.634483
108 0.741901 0.451724 0.514884 0.547126
108 0.440772 0.363218 0.811333 0.726437
53 0.497721 0.412644 0.97672 0.634483
78 0.497721 0.412644 0.97672 0.634483
108 0.410445 0.293678 0.564617 0.587356
108 0.507863 0.400862 0.9814 0.620115
79 0.510984 0.418391 0.975159 0.581609
108 0.532827 0.821839 0.931472 0.31954
66 0.510984 0.418391 0.975159 0.581609
108 0.507801 0.41408 0.984397 0.627012
79 0.507801 0.418966 0.984397 0.608046
78 0.503182 0.411494 0.972039 0.616092
108 0.531205 0.556322 0.93759 0.770115
53 0.500842 0.401149 0.970479 0.643678
108 0.505071 0.43592 0.989858 0.628161
79 0.504681 0.424713 0.990638 0.64023
108 0.588996 0.55977 0.817574 0.822989
108 0.752433 0.563218 0.48758 0.808046
108 0.452474 0.408046 0.886225 0.816092
53 0.504681 0.424713 0.990638 0.64023
79 0.887785 0.832759 0.221556 0.265517
108 0.514822 0.442816 0.970355 0.558046
108 0.495381 0.38046 0.962677 0.76092
78 0.509362 0.446049 0.981277 0.549282
79 0.508581 0.443103 0.982837 0.56092
81 0.738719 0.855172 0.522562 0.289655
108 0.506303 0.437644 0.97828 0.551149
79 0.504352 0.430172 0.9775 0.56954
78 0.508643 0.437356 0.964238 0.548276
66 0.504352 0.430172 0.9775 0.56954
53 0.506303 0.437644 0.97828 0.551149
108 0.505071 0.43592 0.989858 0.552299
53 0.505071 0.43592 0.989858 0.552299
108 0.494601 0.283908 0.957997 0.567816
108 0.505523 0.443175 0.97672 0.534339
53 0.505523 0.443175 0.97672 0.534339
78 0.501232 0.467241 0.983741 0.64023
79 0.507863 0.440517 0.968918 0.597126
108 0.509423 0.46092 0.968918 0.597701
78 0.507083 0.525 0.982961 0.743103
53 0.507083 0.444828 0.975159 0.554023
108 0.504743 0.423276 0.97672 0.846552
79 0.507083 0.444828 0.975159 0.554023
52 0.509423 0.46092 0.968918 0.597701
66 0.507083 0.444828 0.975159 0.554023
108 0.507083 0.432831 0.975159 0.559626
108 0.502402 0.332184 0.97984 0.664368
78 0.506693 0.512644 0.97906 0.73908
79 0.507083 0.432831 0.975159 0.559626
108 0.509362 0.442816 0.981277 0.537356
78 0.505523 0.434483 0.97672 0.53908
79 0.509362 0.442816 0.981277 0.537356
108 0.507411 0.431034 0.985178 0.563218
78 0.510984 0.423635 0.975159 0.580316
108 0.493821 0.391379 0.975159 0.782759
79 0.505071 0.426437 0.989858 0.574713
108 0.505523 0.435057 0.984521 0.551724
78 0.505523 0.435057 0.984521 0.551724
108 0.503962 0.394828 0.982961 0.789655
108 0.506303 0.43046 0.97828 0.568965
108 0.48719 0.327874 0.932252 0.655747
108 0.507863 0.432687 0.97828 0.56681
108 0.48992 0.322414 0.957997 0.644828
108 0.506303 0.430747 0.97828 0.584483
108 0.507863 0.387069 0.972039 0.656897
79 0.505133 0.393678 0.97594 0.647126
108 0.507083 0.433046 0.97672 0.568391
78 0.504352 0.432471 0.97906 0.574138
108 0.504743 0.436279 0.97828 0.557328
78 0.504743 0.436279 0.97828 0.557328
108 0.507083 0.439727 0.972039 0.557328
78 0.508643 0.444253 0.964238 0.551724
108 0.506303 0.443175 0.972039 0.548132
78 0.502402 0.408046 0.973599 0.62069
108 0.510203 0.449425 0.967358 0.521839
78 0.503962 0.433046 0.97672 0.566092
79 0.498892 0.413218 0.952536 0.605747
108 0.484459 0.337356 0.947075 0.674713
108 0.509362 0.452802 0.981277 0.551868
108 0.511374 0.574713 0.97594 0.814943
78 0.509813 0.433621 0.9775 0.568391
108 0.485239 0.348851 0.945515 0.697701
79 0.510984 0.451437 0.975159 0.533908
108 0.512872 0.441307 0.974256 0.539224
78 0.510203 0.396552 0.97828 0.635632
79 0.510203 0.396552 0.97828 0.635632
108 0.512544 0.431897 0.972039 0.561494
78 0.510593 0.383333 0.97594 0.667816
53 0.510593 0.383333 0.97594 0.667816
79 0.510593 0.383333 0.97594 0.667816
108 0.513262 0.433621 0.973476 0.55
78 0.511764 0.433908 0.973599 0.550575
53 0.509423 0.43477 0.97672 0.544253
108 0.510922 0.424425 0.978156 0.562644
78 0.513262 0.42931 0.973476 0.544828
53 0.513262 0.42931 0.973476 0.544828
79 0.513262 0.42931 0.973476 0.544828
108 0.509423 0.434986 0.97828 0.541523
108 0.512092 0.573563 0.975816 0.826437
79 0.509362 0.435345 0.981277 0.546552
53 0.509362 0.501149 0.981277 0.672414
78 0.507473 0.418103 0.9775 0.578736
108 0.509752 0.543678 0.980497 0.731035
108 0.510142 0.431897 0.979717 0.522414
78 0.510203 0.443103 0.972039 0.522988
79 0.510922 0.466739 0.978156 0.586063
53 0.510203 0.443103 0.972039 0.522988
108 0.510984 0.449497 0.975159 0.521695
108 0.508971 0.533333 0.982057 0.763218
78 0.510984 0.441092 0.972039 0.527011
53 0.510984 0.441092 0.972039 0.527011
108 0.510984 0.459842 0.972039 0.57227
78 0.512154 0.435632 0.969699 0.539081
108 0.510593 0.471839 0.969699 0.621839
78 0.511764 0.433046 0.967358 0.543103
108 0.502012 0.358621 0.961897 0.717241
108 0.510984 0.442601 0.968918 0.568822
108 0.510984 0.440302 0.968918 0.561925
78 0.510984 0.44023 0.968918 0.552874
108 0.509033 0.51092 0.97906 0.693103
108 0.508971 0.366092 0.982057 0.703448
108 0.511374 0.441882 0.969698 0.559914
108 0.518785 0.564368 0.961117 0.834483
108 0.510593 0.435057 0.969699 0.557471
108 0.519175 0.566092 0.960337 0.836782
108 0.509423 0.435345 0.968918 0.558046
108 0.518005 0.567241 0.961117 0.833333
108 0.510203 0.43477 0.968918 0.559195
108 0.511374 0.436135 0.969698 0.557615
78 0.506303 0.417816 0.97828 0.61954
108 0.546869 0.554023 0.903388 0.858621
108 0.510984 0.437859 0.968918 0.558764
78 0.506303 0.41954 0.97828 0.62069
108 0.510593 0.439727 0.969699 0.559626
78 0.510984 0.445977 0.970479 0.55977
108 0.546869 0.56954 0.903388 0.827586
108 0.510203 0.442241 0.968918 0.558046
78 0.510593 0.446839 0.969699 0.559195
108 0.545309 0.568965 0.904948 0.828736
108 0.507863 0.428736 0.975159 0.595402
78 0.510984 0.444756 0.968918 0.561063
108 0.546089 0.562213 0.903388 0.841092
108 0.507863 0.429023 0.975159 0.597126
78 0.510984 0.443032 0.968918 0.564512
108 0.546869 0.561925 0.901827 0.837069
108 0.508253 0.43046 0.974379 0.598851
78 0.510593 0.440517 0.968138 0.563793
108 0.518005 0.563793 0.957997 0.837931
108 0.508253 0.434195 0.974379 0.598276
78 0.510203 0.441667 0.967358 0.560345
108 0.519955 0.567241 0.952536 0.827586
108 0.507863 0.433333 0.975159 0.6
108 0.519565 0.57069 0.951756 0.81954
78 0.510593 0.442529 0.966578 0.55977
108 0.507863 0.432759 0.975159 0.598851
78 0.510984 0.442816 0.965798 0.560345
108 0.518785 0.57227 0.953316 0.81408
108 0.510203 0.468103 0.967358 0.622414
78 0.510984 0.443175 0.965798 0.560776
108 0.509423 0.460345 0.967358 0.611494
78 0.510203 0.443103 0.967358 0.563218
108 0.510203 0.468678 0.967358 0.63046
78 0.507863 0.422989 0.975159 0.622989
108 0.510203 0.474138 0.967358 0.642529
78 0.507473 0.424425 0.97594 0.628161
108 0.510203 0.478448 0.967358 0.656897
78 0.507473 0.419253 0.97594 0.640805
108 0.510593 0.48046 0.966578 0.668966
78 0.507473 0.411494 0.97594 0.655172
108 0.510593 0.48477 0.968138 0.676437
108 0.508581 0.367529 0.982837 0.715517
78 0.507863 0.410057 0.97828 0.658046
108 0.510203 0.48908 0.968918 0.687356
108 0.508191 0.367241 0.983617 0.716092
108 0.510203 0.491667 0.968918 0.694828
108 0.499282 0.372989 0.956436 0.706897
108 0.510593 0.496839 0.969699 0.702874
108 0.499282 0.371839 0.956436 0.709195
108 0.510593 0.500862 0.969699 0.70977
108 0.498502 0.372989 0.956436 0.709195
108 0.510593 0.503736 0.969699 0.713218
108 0.498111 0.374713 0.957217 0.705747
108 0.510593 0.507471 0.969699 0.717241
108 0.498501 0.377586 0.957997 0.698851
108 0.510593 0.511207 0.969699 0.724713
108 0.498892 0.378736 0.958777 0.696552
108 0.510593 0.514081 0.969699 0.731609
108 0.498501 0.380172 0.957997 0.694828
108 0.510984 0.513793 0.968918 0.731035
108 0.498892 0.379023 0.958777 0.695977
108 0.510984 0.513793 0.968918 0.728736
108 0.498892 0.378736 0.958777 0.695402
108 0.510984 0.512069 0.968918 0.725287
108 0.499282 0.38046 0.957997 0.690805
108 0.510984 0.513218 0.968918 0.727586
108 0.499282 0.378736 0.957997 0.693103
108 0.510984 0.513218 0.968918 0.727586
108 0.499282 0.378736 0.957997 0.691954
108 0.511374 0.513506 0.969698 0.727012
108 0.498892 0.378736 0.958777 0.691954
108 0.510984 0.514368 0.968918 0.728736
108 0.499282 0.37931 0.957997 0.690805
108 0.510984 0.513793 0.968918 0.726437
108 0.499282 0.381034 0.957997 0.687356
108 0.510984 0.514368 0.968918 0.727586
108 0.499282 0.380747 0.957997 0.687931
108 0.510984 0.512069 0.968918 0.722989
108 0.498892 0.38046 0.957216 0.688506
108 0.510984 0.512069 0.970479 0.718391
108 0.498501 0.381897 0.957997 0.686782
108 0.510984 0.512069 0.968918 0.716092
108 0.498501 0.384195 0.957997 0.682184
108 0.510984 0.512644 0.968918 0.714943
108 0.498501 0.387069 0.957997 0.676437
108 0.510593 0.512356 0.969699 0.713218
108 0.498111 0.38908 0.957217 0.671264
108 0.510593 0.512069 0.969699 0.711494
108 0.498111 0.390805 0.957217 0.666667
108 0.510593 0.512069 0.969699 0.709195
108 0.498111 0.390805 0.957217 0.666667
108 0.510593 0.510632 0.969699 0.706322
108 0.498111 0.392816 0.957217 0.662644
108 0.510593 0.509483 0.969699 0.702874
108 0.498111 0.394828 0.957217 0.658621
108 0.510984 0.508908 0.968918 0.701724
108 0.498501 0.387356 0.957997 0.694253
108 0.510593 0.508908 0.969699 0.701724
108 0.498501 0.389655 0.957997 0.689655
108 0.510984 0.508908 0.968918 0.701724
108 0.498502 0.390805 0.959557 0.687356
108 0.510984 0.508046 0.968918 0.7
108 0.498501 0.390805 0.957997 0.687356
108 0.510593 0.508621 0.969699 0.701149
108 0.498501 0.39023 0.957997 0.690805
108 0.510593 0.506897 0.969699 0.698851
108 0.497721 0.38908 0.957997 0.693103
108 0.510984 0.506034 0.968918 0.698276
108 0.498501 0.389368 0.957997 0.692529
108 0.510984 0.505172 0.968918 0.697701
108 0.498501 0.38908 0.957997 0.693103
108 0.510593 0.504598 0.969699 0.696552
108 0.508191 0.378736 0.983617 0.687356
108 0.510984 0.505747 0.968918 0.697701
108 0.498501 0.39023 0.957997 0.691954
108 0.510984 0.506034 0.968918 0.699425
108 0.498892 0.389368 0.958777 0.693678
108 0.510984 0.506322 0.968918 0.7
108 0.498892 0.388506 0.958777 0.696552
108 0.510984 0.505172 0.968918 0.697701
108 0.498892 0.388506 0.958777 0.696552
108 0.510984 0.503736 0.968918 0.694828
108 0.507801 0.378736 0.984397 0.689655
108 0.510984 0.503448 0.968918 0.694253
108 0.507801 0.37931 0.984397 0.689655
108 0.510984 0.502299 0.968918 0.691954
108 0.507801 0.38046 0.984397 0.687356
108 0.510984 0.502299 0.968918 0.691954
108 0.507801 0.381034 0.984397 0.686207
108 0.510984 0.501149 0.968918 0.689655
108 0.507801 0.380747 0.984397 0.686782
108 0.510984 0.498851 0.968918 0.687356
108 0.507411 0.380747 0.985178 0.686782
108 0.510984 0.498851 0.968918 0.686207
108 0.507411 0.38046 0.985178 0.687356
108 0.510984 0.499425 0.968918 0.688506
108 0.507411 0.379885 0.985178 0.688506
108 0.510984 0.499138 0.968918 0.686782
108 0.507411 0.37931 0.985178 0.689655
108 0.510984 0.499425 0.968918 0.688506
108 0.507411 0.37931 0.985178 0.689655
108 0.510984 0.500575 0.968918 0.689655
108 0.507411 0.378736 0.985178 0.690805
108 0.510984 0.501149 0.968918 0.691954
108 0.507411 0.378736 0.985178 0.690805
108 0.510984 0.501437 0.968918 0.691379
108 0.507411 0.379023 0.985178 0.69023
108 0.510984 0.501149 0.968918 0.690805
108 0.507411 0.37931 0.985178 0.689655
108 0.510984 0.501724 0.968918 0.693103
108 0.507411 0.379885 0.985178 0.688506
108 0.510984 0.501149 0.968918 0.691954
108 0.507411 0.379885 0.985178 0.688506
108 0.510984 0.501724 0.968918 0.693103
108 0.507411 0.38046 0.985178 0.687356
108 0.510984 0.502299 0.968918 0.694253
108 0.507021 0.38046 0.985958 0.686207
108 0.510984 0.502874 0.968918 0.695402
108 0.507021 0.379885 0.985958 0.687356
108 0.510984 0.503448 0.968918 0.697701
108 0.507021 0.379885 0.985958 0.687356
108 0.510984 0.504023 0.968918 0.698851
108 0.507021 0.379885 0.985958 0.687356
