48 0.501622 0.506322 0.940834 0.408046
50 0.501622 0.506322 0.940834 0.408046
79 0.503182 0.506897 0.929912 0.406897
56 0.503182 0.506897 0.929912 0.406897
68 0.501622 0.506322 0.940834 0.408046
54 0.503182 0.506897 0.929912 0.406897
109 0.503182 0.506897 0.929912 0.406897
104 0.503182 0.506897 0.929912 0.406897
49 0.501622 0.506322 0.940834 0.408046
53 0.503182 0.507184 0.931472 0.401724
111 0.501622 0.506322 0.940834 0.408046
103 0.501622 0.506322 0.940834 0.408046
95 0.503182 0.506897 0.929912 0.406897
97 0.503182 0.506897 0.929912 0.406897
84 0.503182 0.506897 0.929912 0.406897
67 0.503182 0.506897 0.929912 0.406897
101 0.501622 0.506322 0.940834 0.408046
74 0.503182 0.506897 0.929912 0.406897
17 0.501622 0.506322 0.940834 0.408046
81 0.503182 0.506897 0.929912 0.406897
76 0.503182 0.506897 0.929912 0.406897
77 0.503182 0.506897 0.929912 0.406897
66 0.501622 0.506322 0.940834 0.408046
47 0.503182 0.507184 0.931472 0.401724
75 0.503182 0.506897 0.929912 0.406897
42 0.503182 0.506897 0.929912 0.406897
46 0.501622 0.506322 0.940834 0.408046
73 0.503182 0.510632 0.940834 0.391379
110 0.503182 0.506897 0.929912 0.406897
100 0.501622 0.506322 0.940834 0.408046
102 0.503182 0.506897 0.929912 0.406897
105 0.503182 0.506897 0.929912 0.406897
108 0.503182 0.506897 0.929912 0.406897
99 0.502402 0.507184 0.939274 0.401724
33 0.503182 0.506897 0.929912 0.406897
11 0.503182 0.506897 0.929912 0.406897
80 0.501622 0.506322 0.940834 0.408046
31 0.501622 0.506322 0.940834 0.408046
41 0.503182 0.506897 0.929912 0.406897
5 0.501622 0.506322 0.940834 0.408046
78 0.500062 0.513218 0.933033 0.390805
14 0.49148 0.51092 0.91899 0.402299
51 0.503182 0.506897 0.929912 0.406897
16 0.501622 0.506322 0.940834 0.408046
7 0.503182 0.506897 0.929912 0.406897
21 0.503182 0.506897 0.929912 0.406897
34 0.500062 0.513218 0.933033 0.390805
13 0.49148 0.51092 0.91899 0.402299
0 0.501622 0.506322 0.940834 0.408046
38 0.501622 0.506322 0.940834 0.408046
52 0.507083 0.50431 0.933033 0.395977
15 0.503182 0.507184 0.931472 0.401724
28 0.500062 0.513218 0.933033 0.390805
92 0.503182 0.506897 0.929912 0.406897
12 0.500062 0.513218 0.933033 0.390805
94 0.503182 0.506897 0.929912 0.406897
48 0.688072 0.505172 0.566373 0.38046
24 0.49148 0.51092 0.91899 0.402299
4 0.503182 0.507184 0.931472 0.401724
50 0.688072 0.505172 0.566373 0.38046
55 0.503182 0.506897 0.929912 0.406897
72 0.503182 0.510632 0.940834 0.391379
65 0.500062 0.513218 0.933033 0.390805
88 0.506303 0.494253 0.936153 0.383908
19 0.49148 0.51092 0.91899 0.402299
108 0.48758 0.455172 0.950195 0.558621
78 0.4907 0.493678 0.951756 0.471264
104 0.4907 0.493678 0.951756 0.471264
33 0.478998 0.491092 0.933033 0.47069
79 0.478998 0.491092 0.933033 0.47069
81 0.4907 0.493678 0.951756 0.471264
105 0.478998 0.491092 0.933033 0.47069
108 0.322583 0.447773 0.596798 0.545833
80 0.4907 0.493678 0.951756 0.471264
56 0.4907 0.493678 0.951756 0.471264
17 0.4907 0.493678 0.951756 0.471264
74 0.478998 0.491092 0.933033 0.47069
66 0.478998 0.491092 0.933033 0.47069
78 0.475488 0.393103 0.936933 0.657471
78 0.322583 0.447773 0.596798 0.545833
75 0.478998 0.491092 0.933033 0.47069
108 0.242425 0.45352 0.424779 0.530891
33 0.322583 0.447773 0.596798 0.545833
105 0.290988 0.482759 0.531267 0.467816
33 0.475488 0.393103 0.936933 0.657471
41 0.4907 0.493678 0.951756 0.471264
78 0.242425 0.45352 0.424779 0.530891
54 0.4907 0.493678 0.951756 0.471264
104 0.322583 0.447773 0.596798 0.545833
95 0.478998 0.491092 0.933033 0.47069
79 0.322583 0.447773 0.596798 0.545833
84 0.4907 0.493678 0.951756 0.471264
111 0.4907 0.493678 0.951756 0.471264
66 0.322583 0.447773 0.596798 0.545833
79 0.475488 0.393103 0.936933 0.657471
74 0.475488 0.393103 0.936933 0.657471
81 0.322583 0.447773 0.596798 0.545833
103 0.4907 0.493678 0.951756 0.471264
108 0.272655 0.38046 0.49226 0.664368
16 0.472757 0.459195 0.923671 0.548276
104 0.475488 0.393103 0.936933 0.657471
81 0.475488 0.393103 0.936933 0.657471
21 0.48758 0.455172 0.950195 0.558621
108 0.175919 0.452371 0.300349 0.541236
104 0.242425 0.45352 0.424779 0.530891
56 0.475488 0.393103 0.936933 0.657471
79 0.242425 0.45352 0.424779 0.530891
46 0.4907 0.493678 0.951756 0.471264
105 0.475488 0.393103 0.936933 0.657471
78 0.175919 0.452371 0.300349 0.541236
33 0.242425 0.45352 0.424779 0.530891
66 0.475488 0.393103 0.936933 0.657471
42 0.4907 0.493678 0.951756 0.471264
74 0.322583 0.447773 0.596798 0.545833
78 0.272655 0.38046 0.49226 0.664368
80 0.322583 0.447773 0.596798 0.545833
110 0.4907 0.493678 0.951756 0.471264
97 0.49187 0.499138 0.950975 0.453448
17 0.322583 0.447773 0.596798 0.545833
66 0.242425 0.45352 0.424779 0.530891
80 0.475488 0.393103 0.936933 0.657471
56 0.322583 0.447773 0.596798 0.545833
108 0.482899 0.418966 0.943954 0.828736
14 0.478998 0.491092 0.933033 0.47069
31 0.4907 0.493678 0.951756 0.471264
72 0.472757 0.459195 0.923671 0.548276
81 0.242425 0.45352 0.424779 0.530891
75 0.322583 0.447773 0.596798 0.545833
95 0.322583 0.447773 0.596798 0.545833
75 0.475488 0.393103 0.936933 0.657471
108 0.42868 0.491954 0.799631 0.445977
28 0.48758 0.455172 0.950195 0.558621
52 0.48758 0.455172 0.950195 0.558621
53 0.4907 0.497126 0.950195 0.447126
79 0.278506 0.503448 0.505523 0.42069
84 0.475488 0.393103 0.936933 0.657471
109 0.4907 0.493678 0.951756 0.471264
104 0.278506 0.503448 0.505523 0.42069
104 0.175919 0.452371 0.300349 0.541236
33 0.175919 0.452371 0.300349 0.541236
105 0.197567 0.510345 0.338965 0.408046
35 0.48758 0.455172 0.950195 0.558621
17 0.475488 0.393103 0.936933 0.657471
79 0.170458 0.490517 0.289037 0.451149
101 0.503182 0.495402 0.975159 0.475862
17 0.242425 0.45352 0.424779 0.530891
74 0.242425 0.45352 0.424779 0.530891
80 0.242425 0.45352 0.424779 0.530891
99 0.4907 0.493678 0.951756 0.471264
78 0.278506 0.503448 0.505523 0.42069
111 0.290988 0.482759 0.531267 0.467816
105 0.342476 0.393103 0.640485 0.648276
84 0.322583 0.447773 0.596798 0.545833
105 0.175919 0.452371 0.300349 0.541236
33 0.272655 0.38046 0.49226 0.664368
95 0.242425 0.45352 0.424779 0.530891
103 0.322583 0.447773 0.596798 0.545833
66 0.175919 0.452371 0.300349 0.541236
54 0.475488 0.393103 0.936933 0.657471
95 0.475488 0.393103 0.936933 0.657471
56 0.242425 0.45352 0.424779 0.530891
68 0.503962 0.498276 0.970479 0.472414
46 0.322583 0.447773 0.596798 0.545833
13 0.472757 0.459195 0.923671 0.548276
67 0.4907 0.493678 0.951756 0.471264
108 0.346572 0.368966 0.658038 0.737931
79 0.272655 0.38046 0.49226 0.664368
45 0.478998 0.491092 0.933033 0.47069
47 0.4907 0.497126 0.950195 0.447126
74 0.175919 0.452371 0.300349 0.541236
16 0.322583 0.447773 0.596798 0.545833
66 0.272655 0.38046 0.49226 0.664368
104 0.197567 0.510345 0.338965 0.408046
81 0.278506 0.503448 0.505523 0.42069
73 0.4907 0.493678 0.951756 0.471264
104 0.272655 0.38046 0.49226 0.664368
75 0.242425 0.45352 0.424779 0.530891
78 0.197567 0.510345 0.338965 0.408046
108 0.278506 0.503448 0.505523 0.42069
78 0.503182 0.489368 0.972039 0.978736
48 0.4907 0.493678 0.951756 0.471264
76 0.4907 0.493678 0.951756 0.471264
81 0.175919 0.452371 0.300349 0.541236
104 0.135645 0.492529 0.224092 0.454023
103 0.461445 0.389655 0.902608 0.65977
41 0.48797 0.39023 0.949415 0.664368
54 0.322583 0.447773 0.596798 0.545833
80 0.175919 0.452371 0.300349 0.541236
41 0.290988 0.482759 0.531267 0.467816
56 0.272655 0.38046 0.49226 0.664368
17 0.278506 0.503448 0.505523 0.42069
34 0.472757 0.459195 0.923671 0.548276
105 0.151345 0.517529 0.253151 0.38908
72 0.322583 0.447773 0.596798 0.545833
108 0.137497 0.387931 0.24301 0.666667
84 0.242425 0.45352 0.424779 0.530891
111 0.506693 0.871264 0.966578 0.257471
46 0.242425 0.45352 0.424779 0.530891
81 0.272655 0.38046 0.49226 0.664368
56 0.175919 0.452371 0.300349 0.541236
80 0.272655 0.38046 0.49226 0.664368
78 0.135645 0.492529 0.224092 0.454023
74 0.272655 0.38046 0.49226 0.664368
17 0.175919 0.452371 0.300349 0.541236
42 0.322583 0.447773 0.596798 0.545833
108 0.135645 0.492529 0.224092 0.454023
46 0.461445 0.389655 0.902608 0.65977
14 0.48797 0.39023 0.949415 0.664368
111 0.434921 0.384483 0.824595 0.665517
48 0.506693 0.871264 0.966578 0.257471
66 0.278506 0.503448 0.505523 0.42069
15 0.472757 0.459195 0.923671 0.548276
103 0.242425 0.45352 0.424779 0.530891
74 0.135645 0.492529 0.224092 0.454023
47 0.42556 0.439943 0.79651 0.56954
101 0.42556 0.439943 0.79651 0.56954
105 0.436091 0.524138 0.816013 0.367816
48 0.322583 0.447773 0.596798 0.545833
56 0.278506 0.503448 0.505523 0.42069
110 0.475488 0.393103 0.936933 0.657471
53 0.42556 0.439943 0.79651 0.56954
68 0.42556 0.439943 0.79651 0.56954
50 0.513652 0.951724 0.972696 0.0965517
78 0.346572 0.368966 0.658038 0.737931
71 0.478998 0.491092 0.933033 0.47069
33 0.503182 0.489368 0.972039 0.978736
2 0.4907 0.493678 0.951756 0.471264
81 0.197567 0.510345 0.338965 0.408046
14 0.322583 0.447773 0.596798 0.545833
80 0.278506 0.503448 0.505523 0.42069
97 0.290988 0.482759 0.531267 0.467816
97 0.42556 0.439943 0.79651 0.56954
81 0.484459 0.502874 0.965798 0.444828
108 0.484459 0.502874 0.965798 0.444828
78 0.484459 0.502874 0.965798 0.444828
104 0.484459 0.502874 0.965798 0.444828
108 0.496941 0.401437 0.993882 0.654598
79 0.493821 0.480747 0.987641 0.502874
78 0.496941 0.401437 0.993882 0.654598
108 0.48875 0.45546 0.9775 0.91092
78 0.48875 0.45546 0.9775 0.91092
81 0.496941 0.401437 0.993882 0.654598
81 0.4907 0.485058 0.9814 0.945977
105 0.493821 0.480747 0.987641 0.502874
104 0.496941 0.401437 0.993882 0.654598
104 0.4907 0.485058 0.9814 0.945977
56 0.493821 0.480747 0.987641 0.502874
79 0.4907 0.485058 0.9814 0.945977
95 0.4907 0.507471 0.9814 0.401149
79 0.497721 0.379598 0.995443 0.676437
105 0.4907 0.485058 0.9814 0.945977
80 0.493821 0.480747 0.987641 0.502874
53 0.493821 0.480747 0.987641 0.502874
52 0.493821 0.480747 0.987641 0.502874
78 0.493821 0.302299 0.9814 0.604598
56 0.4907 0.485058 0.9814 0.945977
84 0.493821 0.480747 0.987641 0.502874
105 0.497721 0.379598 0.995443 0.676437
68 0.4907 0.507471 0.9814 0.401149
80 0.48875 0.45546 0.9775 0.91092
74 0.493041 0.508046 0.986081 0.418391
108 0.493821 0.302299 0.9814 0.604598
56 0.497721 0.379598 0.995443 0.676437
79 0.523856 0.514368 0.893246 0.373563
78 0.403814 0.450575 0.796315 0.517241
17 0.484459 0.502874 0.965798 0.444828
111 0.493821 0.480747 0.987641 0.502874
108 0.403814 0.450575 0.796315 0.517241
48 0.493821 0.480747 0.987641 0.502874
81 0.637364 0.511782 0.661548 0.360345
95 0.49109 0.402874 0.982181 0.665517
54 0.493821 0.480747 0.987641 0.502874
105 0.523856 0.514368 0.893246 0.373563
74 0.48875 0.45546 0.9775 0.91092
81 0.822254 0.513506 0.290207 0.361494
109 0.493041 0.508046 0.986081 0.418391
108 0.637364 0.511782 0.661548 0.360345
56 0.523856 0.514368 0.893246 0.373563
81 0.403814 0.450575 0.796315 0.517241
67 0.493041 0.508046 0.986081 0.418391
78 0.637364 0.511782 0.661548 0.360345
104 0.637364 0.511782 0.661548 0.360345
16 0.48758 0.431537 0.972039 0.586351
53 0.4907 0.485058 0.9814 0.945977
33 0.484459 0.502874 0.965798 0.444828
104 0.403814 0.450575 0.796315 0.517241
52 0.48875 0.45546 0.9775 0.91092
17 0.496941 0.401437 0.993882 0.654598
101 0.4907 0.507471 0.9814 0.401149
75 0.493041 0.508046 0.986081 0.418391
78 0.822254 0.513506 0.290207 0.361494
104 0.822254 0.513506 0.290207 0.361494
17 0.48875 0.45546 0.9775 0.91092
108 0.822254 0.513506 0.290207 0.361494
66 0.496941 0.493966 0.993882 0.483333
81 0.761014 0.510632 0.412687 0.351149
108 0.761014 0.510632 0.412687 0.351149
84 0.4907 0.485058 0.9814 0.945977
74 0.496941 0.401437 0.993882 0.654598
103 0.496941 0.493966 0.993882 0.483333
79 0.822254 0.513506 0.290207 0.361494
81 0.493821 0.302299 0.9814 0.604598
104 0.493821 0.302299 0.9814 0.604598
78 0.761014 0.510632 0.412687 0.351149
53 0.494601 0.826149 0.987641 0.347701
79 0.698604 0.513218 0.537508 0.358621
16 0.496161 0.433333 0.992322 0.851724
68 0.493431 0.824138 0.986861 0.351724
104 0.761014 0.510632 0.412687 0.351149
68 0.48758 0.431537 0.972039 0.586351
14 0.484459 0.502874 0.965798 0.444828
54 0.48875 0.45546 0.9775 0.91092
104 0.494601 0.772414 0.989202 0.455172
53 0.523856 0.514368 0.893246 0.373563
84 0.497721 0.379598 0.995443 0.676437
95 0.494601 0.826149 0.987641 0.347701
56 0.494601 0.772414 0.989202 0.455172
78 0.373486 0.51092 0.739951 0.370115
10 0.48758 0.431537 0.972039 0.586351
105 0.822254 0.513506 0.290207 0.361494
81 0.373486 0.51092 0.739951 0.370115
33 0.48875 0.45546 0.9775 0.91092
104 0.49226 0.656322 0.984521 0.687356
79 0.48758 0.283621 0.962677 0.567241
68 0.48875 0.45546 0.9775 0.91092
111 0.4907 0.485058 0.9814 0.945977
56 0.822254 0.513506 0.290207 0.361494
53 0.497721 0.379598 0.995443 0.676437
105 0.698604 0.513218 0.537508 0.358621
78 0.485239 0.196552 0.959557 0.393103
108 0.373096 0.375 0.739951 0.740805
79 0.401473 0.503161 0.779152 0.41092
78 0.373096 0.375 0.739951 0.740805
80 0.493821 0.302299 0.9814 0.604598
76 0.4907 0.507471 0.9814 0.401149
110 0.4907 0.507471 0.9814 0.401149
10 0.48875 0.45546 0.9775 0.91092
105 0.401473 0.503161 0.779152 0.41092
33 0.496941 0.401437 0.993882 0.654598
66 0.48875 0.45546 0.9775 0.91092
48 0.4907 0.485058 0.9814 0.945977
2 0.484459 0.502874 0.965798 0.444828
48 0.494601 0.772414 0.989202 0.455172
81 0.373096 0.375 0.739951 0.740805
52 0.523856 0.514368 0.893246 0.373563
16 0.482899 0.510345 0.962677 0.413793
78 0.494601 0.494253 0.961117 0.43908
79 0.494601 0.479023 0.959557 0.471839
104 0.494601 0.479023 0.959557 0.471839
108 0.494601 0.494253 0.961117 0.43908
78 0.496551 0.387356 0.960337 0.629885
105 0.494601 0.479023 0.959557 0.471839
74 0.496941 0.464943 0.962677 0.485057
81 0.494601 0.479023 0.959557 0.471839
108 0.496551 0.387356 0.960337 0.629885
74 0.500062 0.35977 0.943954 0.618391
78 0.38314 0.477586 0.744047 0.395402
78 0.501232 0.297989 0.946295 0.595977
108 0.501232 0.297989 0.946295 0.595977
79 0.500062 0.35977 0.943954 0.618391
66 0.495771 0.491667 0.958777 0.427012
104 0.500062 0.35977 0.943954 0.618391
21 0.496941 0.464943 0.962677 0.485057
78 0.447013 0.369828 0.869062 0.413218
104 0.38314 0.477586 0.744047 0.395402
81 0.38314 0.477586 0.744047 0.395402
108 0.38314 0.477586 0.744047 0.395402
79 0.38314 0.477586 0.744047 0.395402
10 0.494601 0.494253 0.961117 0.43908
33 0.494601 0.494253 0.961117 0.43908
21 0.500062 0.35977 0.943954 0.618391
81 0.500062 0.35977 0.943954 0.618391
52 0.48914 0.507184 0.97828 0.395977
80 0.500062 0.449138 0.950195 0.517816
95 0.48992 0.509195 0.97984 0.402299
108 0.447013 0.369828 0.869062 0.413218
33 0.500062 0.35977 0.943954 0.618391
41 0.498501 0.291667 0.962677 0.583333
66 0.500062 0.35977 0.943954 0.618391
41 0.498892 0.17069 0.965018 0.341379
105 0.361199 0.47931 0.702115 0.41954
74 0.38314 0.477586 0.744047 0.395402
74 0.506303 0.191092 0.950195 0.382184
41 0.499282 0.113793 0.972039 0.227586
97 0.498892 0.17069 0.965018 0.341379
32 0.496941 0.464943 0.962677 0.485057
80 0.498501 0.291667 0.962677 0.583333
108 0.498892 0.17069 0.965018 0.341379
42 0.500062 0.449138 0.950195 0.517816
33 0.498892 0.17069 0.965018 0.341379
14 0.496551 0.423491 0.960337 0.539224
75 0.495771 0.491667 0.958777 0.427012
104 0.498892 0.17069 0.965018 0.341379
67 0.48914 0.507184 0.97828 0.395977
80 0.498892 0.17069 0.965018 0.341379
105 0.498892 0.17069 0.965018 0.341379
79 0.447013 0.369828 0.869062 0.413218
32 0.500062 0.35977 0.943954 0.618391
42 0.498892 0.17069 0.965018 0.341379
74 0.499282 0.113793 0.972039 0.227586
78 0.49226 0.434195 0.964238 0.555747
79 0.496941 0.431322 0.97984 0.560345
108 0.496941 0.391667 0.984521 0.618966
104 0.496941 0.431322 0.97984 0.560345
81 0.496941 0.431322 0.97984 0.560345
66 0.49226 0.434195 0.964238 0.555747
74 0.496941 0.431322 0.97984 0.560345
105 0.498892 0.427874 0.98062 0.53046
33 0.496941 0.391667 0.984521 0.618966
50 0.493041 0.391667 0.965798 0.638506
81 0.494601 0.481322 0.954876 0.466092
104 0.495381 0.472126 0.956436 0.482184
105 0.494601 0.481322 0.954876 0.466092
79 0.494601 0.481322 0.954876 0.466092
78 0.496161 0.47069 0.954876 0.486207
81 0.387626 0.507184 0.730394 0.40977
104 0.387626 0.507184 0.730394 0.40977
104 0.496941 0.374713 0.962677 0.749425
108 0.496941 0.413793 0.957997 0.604598
105 0.387626 0.507184 0.730394 0.40977
56 0.48836 0.468966 0.97672 0.477012
81 0.496941 0.374713 0.962677 0.749425
78 0.496941 0.374713 0.962677 0.749425
95 0.48836 0.468966 0.97672 0.477012
105 0.496941 0.374713 0.962677 0.749425
79 0.496941 0.374713 0.962677 0.749425
108 0.443893 0.492529 0.840977 0.44023
103 0.48836 0.468966 0.97672 0.477012
108 0.497721 0.346552 0.970479 0.693103
79 0.387626 0.507184 0.730394 0.40977
79 0.504743 0.49023 0.934593 0.406897
78 0.496161 0.456897 0.964238 0.470115
108 0.505913 0.453161 0.938493 0.474138
66 0.501622 0.476437 0.945515 0.447126
104 0.493041 0.483621 0.961117 0.423563
74 0.501622 0.476437 0.945515 0.447126
81 0.493041 0.483621 0.961117 0.423563
79 0.504743 0.409195 0.947075 0.583908
108 0.505133 0.358046 0.947855 0.689655
33 0.501622 0.476437 0.945515 0.447126
17 0.501622 0.476437 0.945515 0.447126
75 0.501622 0.476437 0.945515 0.447126
80 0.501622 0.476437 0.945515 0.447126
78 0.505133 0.358046 0.947855 0.689655
54 0.501622 0.476437 0.945515 0.447126
79 0.49109 0.482471 0.961897 0.462644
105 0.493821 0.479885 0.962677 0.472414
81 0.493821 0.479885 0.962677 0.472414
104 0.493821 0.479885 0.962677 0.472414
78 0.494601 0.467529 0.964238 0.500575
79 0.497331 0.474138 0.952536 0.472414
78 0.499672 0.47694 0.957217 0.471408
81 0.497331 0.474138 0.952536 0.472414
108 0.500062 0.463793 0.956436 0.502299
79 0.351057 0.467313 0.657647 0.488362
104 0.499672 0.47694 0.957217 0.471408
79 0.48914 0.470115 0.953316 0.47931
81 0.49109 0.48908 0.949415 0.443678
104 0.48914 0.470115 0.953316 0.47931
108 0.495771 0.469828 0.971259 0.478736
78 0.495771 0.469828 0.971259 0.478736
108 0.500842 0.394828 0.961117 0.688506
74 0.495771 0.469828 0.971259 0.478736
79 0.493041 0.514368 0.956436 0.38046
108 0.493041 0.433836 0.951756 0.539224
108 0.497331 0.516954 0.952536 0.381034
79 0.493041 0.433836 0.951756 0.539224
74 0.495381 0.515517 0.953316 0.370115
108 0.749703 0.371552 0.477438 0.704023
66 0.495381 0.515517 0.953316 0.370115
81 0.495381 0.515517 0.953316 0.370115
104 0.496161 0.516092 0.950195 0.37931
108 0.803726 0.398276 0.36471 0.617241
108 0.188011 0.361782 0.350277 0.683333
78 0.496161 0.516092 0.950195 0.37931
108 0.902546 0.378161 0.194908 0.756322
78 0.493041 0.433836 0.951756 0.539224
108 0.716937 0.492241 0.511764 0.421264
108 0.279286 0.362931 0.528926 0.678736
108 0.118384 0.357471 0.228187 0.706897
108 0.6713 0.402586 0.61396 0.592529
108 0.870817 0.390517 0.252371 0.65
79 0.769206 0.495115 0.407227 0.414368
108 0.162071 0.42694 0.285917 0.580603
108 0.805872 0.480172 0.341696 0.45
78 0.749703 0.371552 0.477438 0.704023
66 0.808017 0.373563 0.371731 0.71954
108 0.946233 0.40431 0.107534 0.658046
78 0.803726 0.398276 0.36471 0.617241
78 0.188011 0.361782 0.350277 0.683333
66 0.902546 0.378161 0.194908 0.756322
78 0.902546 0.378161 0.194908 0.756322
79 0.678321 0.50977 0.584316 0.370115
79 0.757504 0.402299 0.438432 0.589655
108 0.342086 0.428161 0.646726 0.564368
66 0.188011 0.361782 0.350277 0.683333
66 0.118384 0.357471 0.228187 0.706897
79 0.501622 0.494828 0.953316 0.435632
108 0.498111 0.494253 0.957217 0.43908
108 0.532047 0.452299 0.886225 0.628736
104 0.501622 0.494828 0.953316 0.435632
78 0.503962 0.503736 0.939274 0.420115
81 0.501622 0.494828 0.953316 0.435632
74 0.503962 0.503736 0.939274 0.420115
66 0.503962 0.503736 0.939274 0.420115
108 0.392794 0.418678 0.750483 0.585632
79 0.500842 0.516667 0.942394 0.395402
104 0.512092 0.498851 0.975816 0.43908
108 0.499282 0.506322 0.945515 0.418391
81 0.500842 0.516667 0.942394 0.395402
74 0.500842 0.516667 0.942394 0.395402
108 0.523466 0.422701 0.91587 0.572989
78 0.499282 0.506322 0.945515 0.418391
108 0.382262 0.374138 0.741121 0.703448
108 0.320242 0.441954 0.606159 0.545977
105 0.505523 0.512069 0.936153 0.409195
66 0.500842 0.516667 0.942394 0.395402
79 0.336235 0.503161 0.626442 0.423563
108 0.59436 0.393678 0.770961 0.787356
79 0.692363 0.509483 0.559351 0.371839
104 0.336235 0.503161 0.626442 0.423563
108 0.681831 0.489943 0.585096 0.407471
17 0.506303 0.518391 0.928352 0.386207
78 0.477828 0.371552 0.924451 0.714368
79 0.49109 0.482759 0.943174 0.455172
104 0.496941 0.478736 0.943954 0.467816
81 0.49109 0.482759 0.943174 0.455172
108 0.496941 0.475287 0.947075 0.487356
78 0.496941 0.478736 0.943954 0.467816
108 0.494601 0.372989 0.936153 0.665517
79 0.458715 0.411566 0.875303 0.464224
79 0.493821 0.468678 0.962677 0.49023
108 0.505461 0.465805 0.989078 0.495977
78 0.493821 0.465445 0.964238 0.496695
104 0.500062 0.468678 0.948635 0.500575
81 0.500062 0.468678 0.948635 0.500575
3 0.807432 0.277658 0.36666 0.0975575
4 0.841758 0.285345 0.313611 0.108621
108 0.500842 0.433333 0.951756 0.698851
79 0.497721 0.491379 0.948635 0.45977
108 0.48836 0.483621 0.964238 0.471839
78 0.48914 0.477299 0.962677 0.475287
81 0.500062 0.475862 0.987641 0.472414
79 0.79573 0.463793 0.36978 0.516092
66 0.48836 0.474784 0.957997 0.475718
108 0.336235 0.454023 0.639705 0.5
79 0.773887 0.501149 0.394745 0.373563
79 0.868282 0.465445 0.24496 0.519684
79 0.502402 0.485632 0.942394 0.468966
108 0.500062 0.482687 0.943954 0.480603
78 0.501622 0.47694 0.940834 0.488649
104 0.501622 0.47694 0.940834 0.488649
74 0.500452 0.508333 0.946295 0.418966
79 0.502012 0.513506 0.946295 0.391379
104 0.499282 0.503736 0.959557 0.420115
74 0.498501 0.516379 0.950195 0.383333
78 0.500062 0.516954 0.954876 0.391379
66 0.498501 0.516379 0.950195 0.383333
81 0.499282 0.503736 0.959557 0.420115
108 0.502402 0.514368 0.942394 0.403448
79 0.502402 0.479885 0.954876 0.468966
108 0.498502 0.483908 0.956436 0.463218
81 0.502402 0.479885 0.954876 0.468966
78 0.498502 0.483908 0.956436 0.463218
108 0.502402 0.366092 0.954876 0.693103
79 0.500062 0.498851 0.931472 0.43908
81 0.497331 0.487069 0.949415 0.452299
108 0.500062 0.493678 0.945515 0.441379
79 0.618544 0.505747 0.708551 0.388506
13 0.500452 0.499425 0.940054 0.432184
104 0.497331 0.487069 0.949415 0.452299
74 0.500062 0.493678 0.945515 0.441379
108 0.54921 0.427586 0.886225 0.512644
78 0.500062 0.493678 0.945515 0.441379
108 0.932971 0.405747 0.134058 0.613793
81 0.496941 0.484195 0.948635 0.453448
79 0.497721 0.476724 0.962677 0.46954
104 0.496941 0.484195 0.948635 0.453448
78 0.498892 0.482184 0.946295 0.45977
27 0.496941 0.484195 0.948635 0.453448
10 0.498111 0.486782 0.960337 0.458621
22 0.496941 0.484195 0.948635 0.453448
79 0.503182 0.501724 0.942394 0.417241
108 0.507083 0.446049 0.948635 0.509052
108 0.532827 0.500287 0.887785 0.374138
78 0.49148 0.503161 0.954876 0.40977
81 0.494991 0.495977 0.972819 0.431034
108 0.729029 0.428233 0.504743 0.53319
74 0.504743 0.50431 0.943954 0.393678
79 0.507083 0.48908 0.945515 0.444828
81 0.502012 0.488218 0.941614 0.443103
104 0.502012 0.488218 0.941614 0.443103
108 0.499282 0.419253 0.964238 0.595977
78 0.508643 0.493103 0.947075 0.436782
79 0.503182 0.497126 0.947075 0.425287
81 0.511312 0.504598 0.977376 0.405747
108 0.493821 0.443678 0.965798 0.518391
104 0.502012 0.501149 0.952536 0.410345
74 0.503182 0.497126 0.947075 0.425287
108 0.740731 0.422701 0.476658 0.537356
78 0.503962 0.508046 0.956436 0.403448
79 0.504352 0.474425 0.941614 0.481034
81 0.502402 0.473276 0.967358 0.481034
104 0.502402 0.473276 0.967358 0.481034
108 0.500842 0.486207 0.951756 0.462069
81 0.496941 0.0249282 0.965798 0.0498563
79 0.495771 0.483333 0.947855 0.454023
108 0.495381 0.403161 0.943954 0.568391
78 0.495381 0.403161 0.943954 0.568391
81 0.495771 0.47931 0.946295 0.45977
79 0.506303 0.515517 0.956436 0.393103
81 0.499672 0.47931 0.950975 0.448276
104 0.499672 0.47931 0.950975 0.448276
79 0.503962 0.430532 0.957997 0.555029
108 0.503962 0.403161 0.956436 0.621264
17 0.499672 0.47931 0.950975 0.448276
78 0.504352 0.491379 0.960337 0.431034
108 0.507473 0.506609 0.955656 0.40977
79 0.503572 0.477012 0.944734 0.474713
108 0.498111 0.420402 0.957217 0.513218
78 0.497721 0.47694 0.948635 0.473707
81 0.497721 0.477299 0.951756 0.47069
79 0.507801 0.485345 0.984397 0.454598
108 0.499282 0.486207 0.954876 0.443678
108 0.4868 0.393966 0.942394 0.648851
78 0.502012 0.485632 0.958777 0.450575
79 0.496551 0.489943 0.968138 0.452299
108 0.500452 0.494253 0.965018 0.43908
81 0.494211 0.487356 0.954096 0.45977
104 0.496941 0.492529 0.965798 0.444828
78 0.500452 0.494253 0.965018 0.43908
66 0.500452 0.494253 0.965018 0.43908
74 0.500452 0.494253 0.965018 0.43908
79 0.49148 0.482471 0.954876 0.455747
108 0.493041 0.489655 0.964238 0.443678
81 0.4907 0.479598 0.953316 0.463793
108 0.496161 0.401149 0.953316 0.556322
78 0.49226 0.491667 0.956436 0.440805
79 0.502402 0.470115 0.945515 0.485058
81 0.49226 0.473635 0.967358 0.481466
104 0.48875 0.47931 0.963458 0.466667
78 0.49148 0.474425 0.967358 0.475287
108 0.501622 0.47306 0.947075 0.471121
79 0.501622 0.492529 0.950195 0.436782
108 0.493041 0.48908 0.965798 0.443678
81 0.49148 0.493103 0.961117 0.435632
108 0.495771 0.393103 0.9775 0.645977
78 0.49148 0.493103 0.961117 0.435632
104 0.49148 0.493103 0.961117 0.435632
79 0.500842 0.487356 0.950195 0.444828
81 0.494601 0.489368 0.945515 0.43046
78 0.493821 0.496552 0.951756 0.431034
81 0.505523 0.0516523 0.967358 0.103305
79 0.79339 0.512644 0.354178 0.375862
108 0.501232 0.486494 0.949415 0.439655
79 0.501232 0.491954 0.943174 0.443678
81 0.496161 0.496264 0.957997 0.432759
79 0.500452 0.497701 0.969699 0.428736
78 0.495381 0.499713 0.965798 0.427012
81 0.502402 0.502012 0.975159 0.421264
108 0.495381 0.499713 0.965798 0.427012
18 0.505133 0.498851 0.986861 0.427586
79 0.495381 0.505747 0.950195 0.422988
108 0.500062 0.500575 0.953316 0.429885
81 0.496941 0.502586 0.953316 0.428161
79 0.494211 0.491667 0.958777 0.446552
104 0.498892 0.5 0.9775 0.425287
81 0.49226 0.496839 0.959557 0.433908
78 0.494211 0.491667 0.958777 0.446552
108 0.501232 0.48592 0.944734 0.459195
17 0.49226 0.496839 0.959557 0.433908
18 0.498501 0.495977 0.97828 0.434483
79 0.501232 0.501149 0.950975 0.421839
108 0.503182 0.500575 0.945515 0.414943
81 0.502402 0.503736 0.953316 0.417816
108 0.503962 0.383621 0.950195 0.638506
78 0.502402 0.503736 0.953316 0.417816
79 0.502402 0.491379 0.962677 0.435632
81 0.502402 0.493966 0.961117 0.43046
79 0.500062 0.498851 0.951756 0.425287
81 0.500062 0.498851 0.951756 0.425287
108 0.496941 0.49454 0.954876 0.432759
78 0.499282 0.495115 0.950195 0.432759
104 0.500062 0.498851 0.951756 0.425287
79 0.501232 0.488506 0.963458 0.449425
81 0.501232 0.488506 0.963458 0.449425
108 0.496941 0.485632 0.962677 0.454023
104 0.501232 0.488506 0.963458 0.449425
108 0.922111 0.40546 0.143543 0.628161
78 0.496941 0.485632 0.962677 0.454023
18 0.506241 0.493391 0.987518 0.438506
108 0.518785 0.378736 0.925231 0.658621
79 0.498892 0.489655 0.952536 0.449425
81 0.498111 0.489655 0.950975 0.447126
79 0.691193 0.505172 0.555451 0.378161
108 0.532827 0.393678 0.890906 0.686207
108 0.496161 0.491379 0.956436 0.445977
18 0.498502 0.491092 0.951756 0.444253
79 0.503572 0.497126 0.949415 0.437931
79 0.721618 0.506897 0.494601 0.37931
104 0.502402 0.493966 0.956436 0.444253
81 0.502792 0.491954 0.952536 0.443678
79 0.501622 0.49454 0.957997 0.439655
81 0.505523 0.495977 0.964238 0.435632
104 0.500062 0.494253 0.959557 0.442529
18 0.510142 0.496839 0.979717 0.43046
78 0.501622 0.49454 0.957997 0.439655
79 0.500842 0.49569 0.951756 0.424713
81 0.502012 0.495115 0.952536 0.424713
104 0.498502 0.495977 0.954876 0.427586
79 0.496161 0.491954 0.953316 0.436782
81 0.505523 0.491092 0.973599 0.439655
79 0.496161 0.492529 0.965798 0.43908
81 0.49187 0.493391 0.950975 0.435057
104 0.49226 0.492816 0.950195 0.437356
79 0.4907 0.489368 0.950195 0.446552
81 0.4907 0.489368 0.950195 0.446552
79 0.493821 0.492529 0.942394 0.437931
78 0.496161 0.490805 0.951756 0.445977
81 0.493821 0.492529 0.942394 0.437931
79 0.507863 0.414368 0.937713 0.612644
79 0.496941 0.493966 0.940834 0.436207
79 0.498111 0.510632 0.947855 0.401724
104 0.496161 0.502874 0.948635 0.422989
108 0.920099 0.407471 0.159803 0.670115
108 0.957935 0.421839 0.0841303 0.698851
79 0.500842 0.502586 0.964238 0.418966
79 0.499282 0.489368 0.964238 0.447701
104 0.500062 0.493103 0.962677 0.443678
79 0.500062 0.488793 0.957997 0.445402
79 0.500842 0.483333 0.957997 0.46092
81 0.503182 0.483908 0.959557 0.457471
79 0.500062 0.486782 0.947075 0.454023
104 0.499282 0.49023 0.942394 0.449425
81 0.505523 0.490517 0.957997 0.446552
18 0.505523 0.490517 0.957997 0.446552
79 0.496161 0.486782 0.942394 0.456322
104 0.495381 0.48908 0.936153 0.454023
81 0.494991 0.489655 0.935373 0.450575
18 0.494991 0.489655 0.935373 0.450575
79 0.500452 0.491954 0.946295 0.444828
104 0.498892 0.493391 0.940054 0.446552
18 0.504743 0.493966 0.953316 0.443103
81 0.504743 0.493966 0.953316 0.443103
79 0.504743 0.491954 0.953316 0.448276
79 0.505523 0.496264 0.957997 0.437356
79 0.501622 0.493966 0.942394 0.445402
79 0.498501 0.494828 0.940834 0.439081
79 0.497331 0.492241 0.936933 0.443103
79 0.505523 0.485632 0.956436 0.456322
79 0.498502 0.487931 0.943954 0.449425
79 0.497331 0.488793 0.943174 0.447701
79 0.499282 0.489943 0.945515 0.444253
79 0.505523 0.487069 0.954876 0.448851
79 0.506693 0.487644 0.955656 0.447701
79 0.507083 0.488506 0.953316 0.448276
79 0.504743 0.487931 0.951756 0.448276
79 0.606549 0.515805 0.73566 0.382184
79 0.502792 0.487931 0.949415 0.449425
79 0.613278 0.515517 0.720643 0.381609
79 0.499282 0.487931 0.947075 0.449425
79 0.624102 0.514368 0.697434 0.383908
79 0.500062 0.488506 0.950195 0.448276
104 0.498502 0.491954 0.947075 0.443678
79 0.628003 0.513506 0.691193 0.386782
79 0.498892 0.489368 0.946295 0.446552
104 0.497721 0.492529 0.945515 0.443678
79 0.500452 0.492816 0.949415 0.439655
104 0.498502 0.493966 0.947075 0.439655
81 0.498502 0.493966 0.947075 0.439655
79 0.501232 0.494253 0.950975 0.436782
104 0.498892 0.494828 0.947855 0.44023
81 0.498892 0.494828 0.947855 0.44023
79 0.500842 0.497126 0.948635 0.432184
104 0.498501 0.496552 0.945515 0.436782
81 0.498501 0.496552 0.945515 0.436782
79 0.501622 0.499425 0.950195 0.427586
104 0.498502 0.497701 0.943954 0.434483
81 0.498502 0.497701 0.943954 0.434483
79 0.504743 0.5 0.956436 0.427586
104 0.501622 0.497414 0.950195 0.435057
81 0.501622 0.497414 0.950195 0.435057
79 0.505523 0.498851 0.957997 0.429885
104 0.502012 0.496552 0.952536 0.436782
81 0.502012 0.496552 0.952536 0.436782
79 0.504352 0.499138 0.957217 0.42931
81 0.501622 0.496552 0.953316 0.436782
104 0.501622 0.496552 0.953316 0.436782
79 0.505133 0.498276 0.958777 0.431034
81 0.501622 0.496264 0.953316 0.437356
104 0.501622 0.496264 0.953316 0.437356
79 0.505523 0.496552 0.959557 0.433333
81 0.502402 0.495402 0.954876 0.439081
104 0.502402 0.495402 0.954876 0.439081
79 0.504743 0.494828 0.959557 0.436782
81 0.500842 0.494253 0.954876 0.441379
104 0.500842 0.494253 0.954876 0.441379
79 0.502402 0.493103 0.956436 0.44023
81 0.498892 0.493103 0.952536 0.443678
104 0.498892 0.493103 0.952536 0.443678
18 0.498892 0.493103 0.952536 0.443678
79 0.501232 0.493678 0.955656 0.439081
81 0.498501 0.493103 0.953316 0.443678
104 0.498501 0.493103 0.953316 0.443678
18 0.498501 0.493103 0.953316 0.443678
79 0.500842 0.492241 0.954876 0.441954
81 0.497721 0.492241 0.953316 0.445402
104 0.497721 0.492241 0.953316 0.445402
18 0.497721 0.492241 0.953316 0.445402
79 0.500062 0.491954 0.954876 0.442529
81 0.496941 0.491954 0.953316 0.445977
104 0.496941 0.491954 0.953316 0.445977
18 0.496941 0.491954 0.953316 0.445977
79 0.500062 0.492529 0.954876 0.441379
81 0.496941 0.492529 0.954876 0.444828
104 0.496941 0.492529 0.954876 0.444828
18 0.496941 0.492529 0.954876 0.444828
79 0.500062 0.493103 0.954876 0.44023
81 0.496941 0.493103 0.954876 0.443678
104 0.496941 0.493103 0.954876 0.443678
79 0.500062 0.493103 0.954876 0.44023
81 0.497721 0.493103 0.953316 0.443678
104 0.497721 0.493103 0.953316 0.443678
18 0.497721 0.493103 0.953316 0.443678
79 0.500842 0.493678 0.954876 0.439081
81 0.497721 0.493678 0.954876 0.442529
104 0.497721 0.493678 0.954876 0.442529
18 0.497721 0.493678 0.954876 0.442529
79 0.500062 0.494253 0.954876 0.437931
81 0.497721 0.493966 0.953316 0.441954
104 0.497721 0.493966 0.953316 0.441954
79 0.499282 0.493678 0.954876 0.439081
81 0.497721 0.493966 0.953316 0.441954
104 0.497721 0.493966 0.953316 0.441954
79 0.499282 0.494253 0.954876 0.437931
81 0.496941 0.494253 0.953316 0.441379
104 0.496941 0.494253 0.953316 0.441379
79 0.499282 0.494253 0.954876 0.437931
81 0.497331 0.49454 0.954096 0.440805
104 0.497331 0.49454 0.954096 0.440805
79 0.498892 0.495402 0.954096 0.435632
81 0.496941 0.495115 0.953316 0.439655
79 0.498501 0.495977 0.953316 0.434483
81 0.498501 0.495977 0.953316 0.434483
79 0.498501 0.496552 0.953316 0.433333
81 0.498501 0.496552 0.953316 0.433333
79 0.498501 0.497126 0.953316 0.432184
81 0.498501 0.497126 0.953316 0.432184
79 0.498501 0.497701 0.953316 0.431034
81 0.498501 0.497701 0.953316 0.431034
79 0.498501 0.497989 0.953316 0.43046
81 0.498501 0.497989 0.953316 0.43046
79 0.498501 0.498563 0.953316 0.42931
79 0.498501 0.499138 0.953316 0.428161
79 0.499282 0.499425 0.953316 0.427586
79 0.499282 0.499713 0.953316 0.427012
79 0.499282 0.500287 0.953316 0.425862
79 0.499672 0.5 0.954096 0.425287
79 0.499672 0.500287 0.954096 0.424713
79 0.499672 0.500575 0.954096 0.424138
79 0.500062 0.500575 0.953316 0.424138
79 0.500062 0.500575 0.953316 0.424138
79 0.500062 0.501149 0.954876 0.422989
79 0.500062 0.501149 0.954876 0.422989
79 0.500062 0.501149 0.954876 0.422989
79 0.500452 0.501149 0.955656 0.422989
79 0.500452 0.501437 0.955656 0.422414
79 0.500452 0.501437 0.955656 0.422414
79 0.500062 0.501724 0.956436 0.421839
79 0.500062 0.501437 0.956436 0.421264
79 0.500842 0.501724 0.957997 0.42069
79 0.500842 0.502299 0.956436 0.42069
79 0.500842 0.502012 0.957997 0.420115
79 0.500842 0.502012 0.957997 0.420115
79 0.501622 0.502299 0.957997 0.41954
79 0.500842 0.502299 0.957997 0.41954
79 0.501622 0.502874 0.957997 0.418391
79 0.501622 0.503161 0.957997 0.417816
79 0.501622 0.503448 0.959557 0.417241
79 0.501622 0.503736 0.959557 0.416667
79 0.502012 0.504023 0.958777 0.416092
79 0.502012 0.504023 0.958777 0.416092
79 0.502012 0.504023 0.958777 0.416092
79 0.502402 0.504023 0.959557 0.416092
79 0.502402 0.504023 0.959557 0.416092
79 0.502792 0.50431 0.960337 0.415517
79 0.502792 0.50431 0.960337 0.415517
79 0.502792 0.504598 0.960337 0.414943
79 0.503182 0.504598 0.961117 0.414943
79 0.503182 0.504885 0.961117 0.413218
79 0.503572 0.504885 0.961897 0.413218
79 0.503182 0.505172 0.961117 0.413793
79 0.503572 0.505172 0.961897 0.413793
