48 0.480215 0.472926 0.944839 0.314516
50 0.480215 0.472926 0.944839 0.314516
68 0.485282 0.473502 0.96121 0.314516
109 0.496586 0.471198 0.968226 0.31682
101 0.480215 0.472926 0.944839 0.314516
49 0.480215 0.472926 0.944839 0.314516
53 0.496586 0.471198 0.968226 0.31682
79 0.496586 0.471198 0.968226 0.31682
54 0.496586 0.471198 0.968226 0.31682
104 0.496586 0.471198 0.968226 0.31682
103 0.474758 0.474078 0.937043 0.309908
67 0.496586 0.471198 0.968226 0.31682
95 0.474758 0.474078 0.937043 0.309908
111 0.496586 0.471198 0.968226 0.31682
76 0.496586 0.471198 0.968226 0.31682
84 0.496586 0.471198 0.968226 0.31682
46 0.496586 0.471198 0.968226 0.31682
100 0.480215 0.472926 0.944839 0.314516
47 0.5075 0.471486 0.971344 0.318548
99 0.495806 0.469758 0.969785 0.325461
97 0.496586 0.471198 0.968226 0.31682
74 0.485282 0.473502 0.96121 0.314516
42 0.480215 0.472926 0.944839 0.314516
17 0.480215 0.472926 0.944839 0.314516
75 0.485282 0.473502 0.96121 0.314516
81 0.496586 0.471198 0.968226 0.31682
66 0.496586 0.471198 0.968226 0.31682
73 0.485282 0.473502 0.96121 0.314516
110 0.480215 0.472926 0.944839 0.314516
56 0.496586 0.471198 0.968226 0.31682
102 0.496586 0.471198 0.968226 0.31682
108 0.496586 0.471198 0.968226 0.31682
77 0.480215 0.472926 0.944839 0.314516
33 0.485282 0.473502 0.96121 0.314516
80 0.48957 0.463134 0.969785 0.334101
41 0.480215 0.472926 0.944839 0.314516
38 0.480215 0.472926 0.944839 0.314516
14 0.480215 0.472926 0.944839 0.314516
7 0.480215 0.472926 0.944839 0.314516
16 0.5075 0.471486 0.971344 0.318548
31 0.480215 0.472926 0.944839 0.314516
34 0.474758 0.474078 0.937043 0.309908
5 0.496586 0.471198 0.968226 0.31682
105 0.474758 0.474078 0.937043 0.309908
78 0.485282 0.473502 0.96121 0.314516
0 0.480215 0.472926 0.944839 0.314516
15 0.496586 0.471198 0.968226 0.31682
51 0.496586 0.471198 0.968226 0.31682
11 0.496586 0.471198 0.968226 0.31682
65 0.474758 0.474078 0.937043 0.309908
26 0.459946 0.472926 0.894946 0.312212
13 0.474758 0.474078 0.937043 0.309908
88 0.474758 0.474078 0.937043 0.309908
94 0.48957 0.463134 0.969785 0.334101
4 0.5075 0.471486 0.971344 0.318548
55 0.496586 0.471198 0.968226 0.31682
21 0.496586 0.471198 0.968226 0.31682
8 0.496586 0.471198 0.968226 0.31682
52 0.497755 0.450461 0.987715 0.362903
12 0.459946 0.474366 0.901183 0.305876
28 0.496586 0.471198 0.968226 0.31682
92 0.459946 0.472926 0.894946 0.312212
64 0.48957 0.463134 0.969785 0.334101
2 0.480215 0.472926 0.944839 0.314516
71 0.464624 0.473214 0.904301 0.307028
36 0.474758 0.474078 0.937043 0.309908
72 0.485282 0.473502 0.96121 0.314516
107 0.473199 0.470622 0.930806 0.306452
24 0.496586 0.471198 0.968226 0.31682
22 0.485282 0.473502 0.96121 0.314516
60 0.464624 0.473214 0.904301 0.307028
48 0.502823 0.46659 0.990054 0.35023
50 0.502823 0.46659 0.990054 0.35023
101 0.502823 0.46659 0.990054 0.35023
68 0.493857 0.472638 0.976801 0.339286
111 0.493857 0.472638 0.976801 0.339286
102 0.502823 0.46659 0.990054 0.35023
46 0.502823 0.46659 0.990054 0.35023
67 0.502823 0.46659 0.990054 0.35023
110 0.502823 0.46659 0.990054 0.35023
95 0.499704 0.465726 0.974462 0.348502
109 0.491129 0.480703 0.976021 0.330069
75 0.502823 0.46659 0.990054 0.35023
49 0.502823 0.46659 0.990054 0.35023
100 0.502823 0.46659 0.990054 0.35023
53 0.493857 0.472638 0.976801 0.339286
99 0.499704 0.465726 0.974462 0.348502
103 0.486062 0.478111 0.96121 0.330645
77 0.502823 0.46659 0.990054 0.35023
73 0.502823 0.46659 0.990054 0.35023
56 0.499704 0.465726 0.974462 0.348502
76 0.493857 0.472638 0.976801 0.339286
47 0.493857 0.472638 0.976801 0.339286
52 0.480215 0.485887 0.951075 0.325461
84 0.499704 0.465726 0.974462 0.348502
111 0.503118 0.882488 0.993763 0.235023
104 0.503212 0.470622 0.989274 0.34447
48 0.392513 0.487903 0.770995 0.322581
54 0.491129 0.480703 0.976021 0.330069
51 0.505161 0.47667 0.982258 0.338134
66 0.493857 0.472638 0.976801 0.339286
80 0.486062 0.478111 0.96121 0.330645
48 0.50078 0.885945 0.998441 0.228111
50 0.508575 0.908122 0.982849 0.183756
105 0.486062 0.478111 0.96121 0.330645
111 0.493468 0.38256 0.968226 0.515985
48 0.493468 0.38256 0.968226 0.515985
68 0.491129 0.896313 0.976021 0.207373
111 0.514032 0.926843 0.971936 0.146313
48 0.264079 0.483295 0.510228 0.323733
50 0.502433 0.37356 0.987715 0.53053
102 0.392513 0.487903 0.770995 0.322581
46 0.492298 0.879608 0.984597 0.240783
50 0.529234 0.940668 0.941532 0.118664
97 0.499704 0.465726 0.974462 0.348502
48 0.514032 0.926843 0.971936 0.146313
73 0.50078 0.885945 0.998441 0.228111
101 0.50078 0.885945 0.998441 0.228111
109 0.50078 0.885945 0.998441 0.228111
46 0.392513 0.487903 0.770995 0.322581
110 0.50078 0.885945 0.998441 0.228111
99 0.514032 0.926843 0.971936 0.146313
99 0.503118 0.882488 0.993763 0.235023
95 0.392513 0.487903 0.770995 0.322581
108 0.493857 0.472638 0.976801 0.339286
75 0.50078 0.885945 0.998441 0.228111
68 0.51754 0.930876 0.964919 0.138249
74 0.486062 0.478111 0.96121 0.330645
67 0.392513 0.487903 0.770995 0.322581
42 0.491129 0.480703 0.976021 0.330069
101 0.392513 0.487903 0.770995 0.322581
95 0.50078 0.885945 0.998441 0.228111
99 0.493468 0.38256 0.968226 0.515985
101 0.264079 0.483295 0.510228 0.323733
76 0.492298 0.879608 0.984597 0.240783
50 0.392513 0.487903 0.770995 0.322581
49 0.50078 0.885945 0.998441 0.228111
73 0.392513 0.487903 0.770995 0.322581
110 0.392513 0.487903 0.770995 0.322581
67 0.264079 0.483295 0.510228 0.323733
46 0.514032 0.926843 0.971936 0.146313
49 0.514032 0.926843 0.971936 0.146313
102 0.500874 0.897177 0.993952 0.205645
46 0.493468 0.38256 0.968226 0.515985
101 0.514032 0.926843 0.971936 0.146313
77 0.50078 0.885945 0.998441 0.228111
109 0.493468 0.38256 0.968226 0.515985
95 0.514032 0.926843 0.971936 0.146313
38 0.499704 0.465726 0.974462 0.348502
81 0.493857 0.472638 0.976801 0.339286
110 0.514032 0.926843 0.971936 0.146313
104 0.50078 0.885945 0.998441 0.228111
111 0.264079 0.483295 0.510228 0.323733
110 0.502433 0.37356 0.987715 0.53053
95 0.264079 0.483295 0.510228 0.323733
50 0.264079 0.483295 0.510228 0.323733
52 0.502433 0.37356 0.987715 0.53053
67 0.500874 0.897177 0.993952 0.205645
50 0.649382 0.486751 0.681344 0.321429
68 0.264079 0.483295 0.510228 0.323733
67 0.493468 0.38256 0.968226 0.515985
100 0.508575 0.908122 0.982849 0.183756
101 0.493468 0.38256 0.968226 0.515985
75 0.392513 0.487903 0.770995 0.322581
77 0.392513 0.487903 0.770995 0.322581
68 0.493468 0.38256 0.968226 0.515985
73 0.514032 0.926843 0.971936 0.146313
77 0.514032 0.926843 0.971936 0.146313
53 0.264079 0.483295 0.510228 0.323733
51 0.504677 0.899194 0.990645 0.201613
95 0.493468 0.38256 0.968226 0.515985
104 0.502433 0.37356 0.987715 0.53053
103 0.264079 0.483295 0.510228 0.323733
46 0.264079 0.483295 0.510228 0.323733
54 0.50078 0.885945 0.998441 0.228111
75 0.493468 0.38256 0.968226 0.515985
76 0.514032 0.926843 0.971936 0.146313
101 0.148313 0.480991 0.282594 0.315668
88 0.5075 0.492223 0.977581 0.297811
68 0.497755 0.46803 0.984597 0.349654
102 0.497755 0.46803 0.984597 0.349654
48 0.497755 0.46803 0.984597 0.349654
101 0.497755 0.46803 0.984597 0.349654
50 0.497755 0.46803 0.984597 0.349654
53 0.497755 0.46803 0.984597 0.349654
68 0.499704 0.346198 0.971344 0.604839
48 0.499704 0.346198 0.971344 0.604839
77 0.497755 0.46803 0.984597 0.349654
101 0.499704 0.346198 0.971344 0.604839
50 0.499704 0.346198 0.971344 0.604839
49 0.497755 0.46803 0.984597 0.349654
110 0.497755 0.46803 0.984597 0.349654
67 0.497755 0.46803 0.984597 0.349654
53 0.499704 0.346198 0.971344 0.604839
109 0.486452 0.472062 0.957312 0.322005
100 0.497755 0.46803 0.984597 0.349654
102 0.499704 0.346198 0.971344 0.604839
49 0.499704 0.346198 0.971344 0.604839
68 0.495027 0.262961 0.977581 0.525922
46 0.501263 0.422163 0.965107 0.443692
51 0.497755 0.46803 0.984597 0.349654
99 0.497755 0.46803 0.984597 0.349654
111 0.486452 0.472062 0.957312 0.322005
109 0.496586 0.40265 0.983817 0.490783
100 0.499704 0.346198 0.971344 0.604839
51 0.499704 0.346198 0.971344 0.604839
76 0.497755 0.46803 0.984597 0.349654
46 0.485672 0.480991 0.952634 0.319124
95 0.498145 0.294643 0.983817 0.589286
110 0.499704 0.346198 0.971344 0.604839
68 0.498925 0.0971342 0.971344 0.194268
77 0.499704 0.346198 0.971344 0.604839
95 0.497755 0.46803 0.984597 0.349654
99 0.499704 0.346198 0.971344 0.604839
84 0.497755 0.46803 0.984597 0.349654
111 0.496586 0.40265 0.983817 0.490783
46 0.497366 0.325461 0.985376 0.650922
48 0.498925 0.0971342 0.971344 0.194268
52 0.486452 0.472062 0.957312 0.322005
68 0.503602 0.062212 0.957312 0.124424
47 0.501263 0.422163 0.965107 0.443692
76 0.499704 0.346198 0.971344 0.604839
67 0.499704 0.346198 0.971344 0.604839
101 0.495027 0.262961 0.977581 0.525922
52 0.496586 0.40265 0.983817 0.490783
50 0.498925 0.0971342 0.971344 0.194268
102 0.495027 0.262961 0.977581 0.525922
48 0.503602 0.062212 0.957312 0.124424
84 0.498145 0.294643 0.983817 0.589286
52 0.497755 0.316532 0.984597 0.633064
53 0.498925 0.0971342 0.971344 0.194268
48 0.497366 0.388537 0.990054 0.777074
73 0.501263 0.422163 0.965107 0.443692
75 0.501263 0.422163 0.965107 0.443692
101 0.498925 0.0971342 0.971344 0.194268
50 0.503602 0.062212 0.957312 0.124424
78 0.498145 0.294643 0.983817 0.589286
108 0.498145 0.294643 0.983817 0.589286
50 0.495027 0.262961 0.977581 0.525922
74 0.487621 0.301267 0.96121 0.602535
111 0.497366 0.325461 0.985376 0.650922
102 0.498925 0.0971342 0.971344 0.194268
101 0.503602 0.062212 0.957312 0.124424
53 0.495027 0.262961 0.977581 0.525922
109 0.498145 0.294643 0.983817 0.589286
75 0.498145 0.294643 0.983817 0.589286
102 0.503602 0.062212 0.957312 0.124424
47 0.485672 0.480991 0.952634 0.319124
77 0.495027 0.262961 0.977581 0.525922
56 0.498145 0.294643 0.983817 0.589286
68 0.490349 0.64977 0.952634 0.679723
80 0.498145 0.294643 0.983817 0.589286
17 0.498145 0.294643 0.983817 0.589286
0 0.758911 0.518145 0.465403 0.198733
48 0.495027 0.262961 0.977581 0.525922
53 0.503602 0.062212 0.957312 0.124424
49 0.498925 0.0971342 0.971344 0.194268
97 0.498145 0.294643 0.983817 0.589286
4 0.758911 0.518145 0.465403 0.198733
109 0.498925 0.0971342 0.971344 0.194268
103 0.486452 0.472062 0.957312 0.322005
49 0.495027 0.262961 0.977581 0.525922
73 0.485672 0.480991 0.952634 0.319124
2 0.498145 0.294643 0.983817 0.589286
49 0.503602 0.062212 0.957312 0.124424
100 0.498925 0.0971342 0.971344 0.194268
81 0.498145 0.294643 0.983817 0.589286
33 0.498145 0.294643 0.983817 0.589286
100 0.495027 0.262961 0.977581 0.525922
76 0.498925 0.0971342 0.971344 0.194268
110 0.495027 0.262961 0.977581 0.525922
73 0.497366 0.324885 0.971344 0.64977
67 0.495027 0.262961 0.977581 0.525922
30 0.776257 0.519585 0.424476 0.190092
100 0.503602 0.062212 0.957312 0.124424
77 0.498925 0.0971342 0.971344 0.194268
95 0.483333 0.202333 0.954194 0.404666
75 0.485672 0.480991 0.952634 0.319124
76 0.503602 0.062212 0.957312 0.124424
47 0.497366 0.325461 0.985376 0.650922
56 0.486452 0.472062 0.957312 0.322005
1 0.758911 0.518145 0.465403 0.198733
48 0.502823 0.667627 0.980699 0.664747
109 0.503602 0.062212 0.957312 0.124424
51 0.497366 0.388537 0.990054 0.777074
101 0.490349 0.64977 0.952634 0.679723
5 0.74215 0.512961 0.498925 0.182604
50 0.70707 0.474654 0.567527 0.403226
104 0.498145 0.294643 0.983817 0.589286
110 0.498925 0.0971342 0.971344 0.194268
48 0.70707 0.474654 0.567527 0.403226
102 0.502043 0.626728 0.976021 0.686636
77 0.503602 0.062212 0.957312 0.124424
46 0.498925 0.0971342 0.971344 0.194268
84 0.495417 0.366935 0.990833 0.567972
67 0.498925 0.0971342 0.971344 0.194268
51 0.498925 0.0971342 0.971344 0.194268
103 0.496586 0.40265 0.983817 0.490783
109 0.483333 0.202333 0.954194 0.404666
4 0.734651 0.500576 0.530699 0.154378
46 0.503602 0.062212 0.957312 0.124424
52 0.498925 0.0971342 0.971344 0.194268
76 0.495027 0.262961 0.977581 0.525922
51 0.503602 0.062212 0.957312 0.124424
80 0.486452 0.472062 0.957312 0.322005
13 0.758911 0.518145 0.465403 0.198733
49 0.497366 0.388537 0.990054 0.777074
12 0.758911 0.518145 0.465403 0.198733
68 0.497366 0.388537 0.990054 0.777074
50 0.502043 0.626728 0.976021 0.686636
18 0.758911 0.518145 0.465403 0.198733
111 0.498925 0.0971342 0.971344 0.194268
7 0.758911 0.518145 0.465403 0.198733
66 0.498145 0.294643 0.983817 0.589286
54 0.498145 0.294643 0.983817 0.589286
53 0.500874 0.679868 0.984597 0.640265
101 0.497366 0.388537 0.990054 0.777074
23 0.758911 0.518145 0.465403 0.198733
101 0.711747 0.513537 0.555054 0.335829
99 0.498925 0.0971342 0.971344 0.194268
67 0.490349 0.64977 0.952634 0.679723
26 0.758911 0.518145 0.465403 0.198733
46 0.70707 0.474654 0.567527 0.403226
110 0.503602 0.062212 0.957312 0.124424
51 0.495027 0.262961 0.977581 0.525922
53 0.497366 0.388537 0.990054 0.777074
110 0.497366 0.388537 0.990054 0.777074
68 0.500094 0.477535 0.975242 0.324885
101 0.505067 0.482719 0.989866 0.314516
102 0.505067 0.482719 0.989866 0.314516
110 0.500094 0.477535 0.975242 0.324885
77 0.505067 0.482719 0.989866 0.314516
95 0.504382 0.483871 0.977581 0.315668
67 0.505067 0.482719 0.989866 0.314516
109 0.505067 0.482719 0.989866 0.314516
53 0.500094 0.477535 0.975242 0.324885
111 0.505067 0.482719 0.989866 0.314516
50 0.500094 0.477535 0.975242 0.324885
102 0.492688 0.532258 0.985376 0.221198
68 0.492688 0.532258 0.985376 0.221198
76 0.500094 0.477535 0.975242 0.324885
84 0.505067 0.482719 0.989866 0.314516
100 0.500094 0.477535 0.975242 0.324885
49 0.498925 0.482431 0.966667 0.318548
97 0.500094 0.477535 0.975242 0.324885
101 0.492688 0.532258 0.985376 0.221198
47 0.500094 0.477535 0.975242 0.324885
77 0.492688 0.532258 0.985376 0.221198
110 0.492688 0.532258 0.985376 0.221198
103 0.500094 0.477535 0.975242 0.324885
56 0.502823 0.477535 0.977581 0.312212
73 0.500094 0.477535 0.975242 0.324885
48 0.499704 0.474654 0.980699 0.336405
74 0.504382 0.483871 0.977581 0.315668
99 0.500094 0.477535 0.975242 0.324885
68 0.560511 0.439228 0.862204 0.438364
95 0.492688 0.532258 0.985376 0.221198
68 0.493857 0.915323 0.973683 0.169355
46 0.499704 0.474654 0.980699 0.336405
68 0.341646 0.479839 0.668481 0.302995
29 0.499704 0.480991 0.977581 0.323733
102 0.498145 0.541619 0.968226 0.322293
68 0.50828 0.483007 0.972903 0.311636
102 0.50828 0.483007 0.972903 0.311636
77 0.50828 0.483007 0.972903 0.311636
101 0.50828 0.483007 0.972903 0.311636
67 0.50828 0.483007 0.972903 0.311636
109 0.50828 0.483007 0.972903 0.311636
110 0.50828 0.483007 0.972903 0.311636
111 0.50828 0.483007 0.972903 0.311636
50 0.502433 0.491359 0.975242 0.300691
49 0.502433 0.491359 0.975242 0.300691
48 0.502433 0.491359 0.975242 0.300691
29 0.509059 0.481855 0.955753 0.318548
76 0.50828 0.483007 0.972903 0.311636
102 0.38043 0.489631 0.750726 0.33871
102 0.633108 0.504896 0.717009 0.239055
101 0.38043 0.489631 0.750726 0.33871
68 0.38043 0.489631 0.750726 0.33871
95 0.509059 0.481855 0.955753 0.318548
102 0.720323 0.510945 0.547258 0.208525
100 0.502433 0.491359 0.975242 0.300691
102 0.786586 0.518721 0.410054 0.201037
102 0.504771 0.476094 0.96121 0.331221
77 0.504771 0.476094 0.96121 0.331221
101 0.504771 0.476094 0.96121 0.331221
68 0.502823 0.476382 0.946398 0.321429
50 0.504382 0.452189 0.965107 0.37212
110 0.504771 0.476094 0.96121 0.331221
67 0.504771 0.476094 0.96121 0.331221
102 0.505161 0.395161 0.969785 0.493088
49 0.504382 0.452189 0.965107 0.37212
77 0.505161 0.395161 0.969785 0.493088
101 0.505161 0.395161 0.969785 0.493088
109 0.505941 0.472926 0.968226 0.331797
50 0.505941 0.374424 0.969785 0.53917
68 0.505161 0.395161 0.969785 0.493088
49 0.505941 0.374424 0.969785 0.53917
110 0.505941 0.374424 0.969785 0.53917
76 0.504382 0.452189 0.965107 0.37212
111 0.504382 0.452189 0.965107 0.37212
48 0.504382 0.452189 0.965107 0.37212
99 0.504382 0.452189 0.965107 0.37212
73 0.504382 0.452189 0.965107 0.37212
102 0.375655 0.485599 0.714281 0.320276
67 0.505941 0.374424 0.969785 0.53917
48 0.505941 0.374424 0.969785 0.53917
76 0.505941 0.374424 0.969785 0.53917
100 0.504382 0.452189 0.965107 0.37212
102 0.120833 0.484735 0.226855 0.318548
50 0.502043 0.825749 0.97914 0.348502
109 0.505161 0.395161 0.969785 0.493088
53 0.504382 0.452189 0.965107 0.37212
102 0.187097 0.477823 0.349247 0.307028
49 0.502823 0.766273 0.977581 0.467454
111 0.505941 0.374424 0.969785 0.53917
102 0.497366 0.480415 0.972903 0.327189
101 0.497755 0.486463 0.958091 0.315092
77 0.497755 0.486463 0.958091 0.315092
110 0.497755 0.486463 0.958091 0.315092
67 0.497366 0.480415 0.972903 0.327189
68 0.497366 0.480415 0.972903 0.327189
109 0.497366 0.485599 0.966667 0.307604
49 0.497366 0.480415 0.972903 0.327189
111 0.508965 0.489055 0.98207 0.308756
50 0.497366 0.480415 0.972903 0.327189
102 0.803737 0.521601 0.366398 0.218318
101 0.498925 0.400346 0.976021 0.480415
73 0.498535 0.473214 0.976801 0.332373
102 0.211263 0.471486 0.399919 0.289747
102 0.723051 0.470046 0.534005 0.327189
99 0.498535 0.473214 0.976801 0.332373
102 0.157376 0.462558 0.302278 0.270737
102 0.8433 0.539747 0.29039 0.193548
102 0.498925 0.400346 0.976021 0.480415
48 0.497366 0.480415 0.972903 0.327189
102 0.807829 0.475806 0.361331 0.3053
110 0.498925 0.400346 0.976021 0.480415
101 0.216915 0.483583 0.412003 0.317396
68 0.503118 0.482719 0.993763 0.298387
101 0.493468 0.483295 0.977581 0.307604
77 0.494637 0.478975 0.979919 0.3197
102 0.501653 0.480703 0.967446 0.317396
109 0.502043 0.483871 0.994731 0.300691
67 0.486452 0.483871 0.963548 0.305299
110 0.486452 0.483871 0.963548 0.305299
111 0.502043 0.483871 0.994731 0.300691
95 0.502043 0.483871 0.994731 0.300691
101 0.508185 0.481279 0.983629 0.309332
102 0.508185 0.481279 0.983629 0.309332
77 0.508185 0.481279 0.983629 0.309332
110 0.508185 0.481279 0.983629 0.309332
68 0.502823 0.474366 0.969785 0.315092
109 0.500094 0.477535 0.953414 0.3053
101 0.738642 0.461982 0.496586 0.315668
67 0.496976 0.473502 0.948736 0.315668
50 0.496976 0.473502 0.948736 0.315668
48 0.496976 0.473502 0.948736 0.315668
76 0.502433 0.473214 0.970564 0.311636
49 0.496976 0.473502 0.948736 0.315668
102 0.738642 0.461982 0.496586 0.315668
101 0.627651 0.455645 0.718569 0.346774
111 0.508185 0.481279 0.983629 0.309332
101 0.502823 0.483583 0.974462 0.324309
77 0.502823 0.483583 0.974462 0.324309
102 0.502823 0.483583 0.974462 0.324309
110 0.503602 0.465726 0.977581 0.348502
111 0.503602 0.465726 0.977581 0.348502
68 0.502823 0.483583 0.974462 0.324309
109 0.503602 0.465726 0.977581 0.348502
67 0.501263 0.478399 0.961989 0.326613
99 0.503602 0.465726 0.977581 0.348502
48 0.503602 0.465726 0.977581 0.348502
110 0.500874 0.077477 0.987715 0.154954
76 0.503602 0.465726 0.977581 0.348502
109 0.500874 0.077477 0.987715 0.154954
111 0.500874 0.077477 0.987715 0.154954
50 0.503602 0.465726 0.977581 0.348502
77 0.500874 0.077477 0.987715 0.154954
102 0.495806 0.488479 0.965108 0.300691
101 0.495806 0.488479 0.965108 0.300691
77 0.503602 0.489055 0.982258 0.302995
110 0.503602 0.489055 0.982258 0.302995
101 0.503212 0.420507 0.979919 0.442396
102 0.503212 0.420507 0.979919 0.442396
102 0.778206 0.551987 0.433051 0.186348
68 0.503992 0.486751 0.987715 0.297235
102 0.776257 0.49712 0.436949 0.25
49 0.503602 0.489055 0.982258 0.302995
50 0.503602 0.489055 0.982258 0.302995
77 0.503212 0.420507 0.979919 0.442396
13 0.495806 0.488479 0.965108 0.300691
110 0.503212 0.420507 0.979919 0.442396
101 0.495806 0.487903 0.949516 0.307604
102 0.495806 0.487903 0.949516 0.307604
77 0.495806 0.487903 0.949516 0.307604
110 0.490349 0.485887 0.961989 0.317396
68 0.497366 0.483871 0.957312 0.315668
102 0.136425 0.4447 0.252191 0.226959
67 0.497366 0.483871 0.957312 0.315668
49 0.497366 0.483871 0.957312 0.315668
48 0.497366 0.483871 0.957312 0.315668
101 0.495417 0.479263 0.950296 0.31682
102 0.495417 0.479263 0.950296 0.31682
77 0.495417 0.479263 0.950296 0.31682
110 0.505941 0.479551 0.97914 0.317396
68 0.495417 0.479263 0.950296 0.31682
50 0.505941 0.479551 0.97914 0.317396
13 0.496586 0.478111 0.955753 0.320276
101 0.500094 0.478687 0.96121 0.314516
102 0.50789 0.478399 0.967446 0.31394
77 0.500094 0.478687 0.96121 0.314516
67 0.500094 0.478687 0.96121 0.314516
49 0.500094 0.478687 0.96121 0.314516
68 0.500094 0.478687 0.96121 0.314516
48 0.500094 0.478687 0.96121 0.314516
110 0.50672 0.480415 0.965107 0.307604
13 0.50789 0.478399 0.967446 0.31394
50 0.50672 0.480415 0.965107 0.307604
101 0.502043 0.480127 0.976021 0.317396
102 0.502043 0.480127 0.976021 0.317396
77 0.501263 0.481279 0.971344 0.31394
110 0.501263 0.481279 0.971344 0.31394
102 0.494247 0.483871 0.980699 0.31106
101 0.48957 0.482431 0.966667 0.312788
68 0.495806 0.482143 0.983817 0.31106
77 0.48957 0.482431 0.966667 0.312788
102 0.290974 0.485023 0.554664 0.317972
102 0.118105 0.470622 0.212823 0.294931
102 0.505161 0.476094 0.97914 0.324309
101 0.503602 0.479839 0.966667 0.317972
77 0.503602 0.479839 0.966667 0.317972
110 0.505551 0.478399 0.97836 0.3197
68 0.495027 0.482719 0.955753 0.320276
50 0.505551 0.478399 0.97836 0.3197
101 0.502823 0.484159 0.965107 0.312788
77 0.502823 0.484159 0.965107 0.312788
102 0.50672 0.482719 0.977581 0.307604
68 0.502823 0.484159 0.965107 0.312788
101 0.699664 0.489055 0.582339 0.276498
101 0.521922 0.983295 0.928468 0.0334102
101 0.504382 0.481279 0.974462 0.31394
102 0.5075 0.483583 0.965108 0.30818
77 0.504382 0.481279 0.974462 0.31394
109 0.502823 0.918203 0.980699 0.163595
109 0.499704 0.0673963 0.977581 0.134793
68 0.504382 0.481279 0.974462 0.31394
109 0.502043 0.861175 0.985376 0.27765
109 0.498925 0.0405386 0.972903 0.0810772
102 0.803152 0.479263 0.38004 0.269585
109 0.504771 0.978687 0.970564 0.0426268
76 0.505941 0.90841 0.976021 0.18318
102 0.901962 0.479839 0.183978 0.266129
110 0.505161 0.482431 0.966667 0.312788
110 0.499704 0.0673963 0.977581 0.134793
101 0.496586 0.0652362 0.986935 0.130472
49 0.504382 0.481279 0.974462 0.31394
110 0.498925 0.0405386 0.972903 0.0810772
101 0.498925 0.0405386 0.972903 0.0810772
76 0.502043 0.861175 0.985376 0.27765
101 0.499704 0.481567 0.958871 0.309908
102 0.50672 0.481279 0.969785 0.307028
77 0.50672 0.482719 0.966667 0.302995
4 0.507016 0.485023 0.985968 0.302995
49 0.50672 0.482719 0.966667 0.302995
12 0.507016 0.485023 0.985968 0.302995
68 0.499704 0.481567 0.958871 0.309908
101 0.503212 0.480415 0.964328 0.308756
102 0.502823 0.478687 0.974462 0.309908
77 0.502823 0.480415 0.966667 0.313364
49 0.502823 0.480415 0.966667 0.313364
110 0.505941 0.483007 0.974462 0.305876
50 0.505941 0.483007 0.974462 0.305876
102 0.668871 0.481855 0.642366 0.292051
68 0.502823 0.480415 0.966667 0.313364
102 0.50672 0.479839 0.976021 0.31106
101 0.497366 0.478111 0.982258 0.315668
77 0.502043 0.483295 0.990054 0.306452
49 0.495806 0.482143 0.966667 0.306452
48 0.505941 0.482143 0.974462 0.304147
68 0.502043 0.483295 0.990054 0.306452
101 0.495806 0.484735 0.958871 0.310484
102 0.503602 0.485887 0.974462 0.304724
77 0.498145 0.483583 0.96043 0.30818
110 0.504382 0.485887 0.971344 0.304724
49 0.498145 0.483583 0.96043 0.30818
68 0.498145 0.483583 0.96043 0.30818
101 0.491519 0.481855 0.965887 0.30818
102 0.500484 0.483583 0.982258 0.302419
77 0.500484 0.486175 0.982258 0.300691
101 0.495806 0.0769009 0.980699 0.153802
101 0.495027 0.0231855 0.977581 0.046371
102 0.495806 0.0769009 0.980699 0.153802
68 0.500484 0.486175 0.982258 0.300691
101 0.494247 0.478975 0.969785 0.317396
102 0.494637 0.480415 0.967446 0.319124
77 0.495027 0.482143 0.971344 0.312212
68 0.505067 0.482719 0.989866 0.31106
27 0.503992 0.482719 0.987715 0.308756
3 0.494247 0.480415 0.969785 0.312212
12 0.494247 0.480415 0.969785 0.312212
101 0.504382 0.478687 0.966667 0.312212
102 0.502043 0.479839 0.969785 0.31106
77 0.504382 0.478687 0.966667 0.312212
68 0.502043 0.479839 0.969785 0.31106
110 0.502823 0.479551 0.965107 0.31394
101 0.480995 0.0421227 0.940161 0.0842454
48 0.502043 0.479839 0.969785 0.31106
101 0.497366 0.478399 0.980699 0.31394
102 0.475148 0.479839 0.944059 0.319124
77 0.493468 0.478975 0.968226 0.315092
20 0.475148 0.479839 0.944059 0.319124
18 0.475148 0.479839 0.944059 0.319124
27 0.477487 0.478687 0.950296 0.314516
101 0.495806 0.0233295 0.974462 0.046659
68 0.502043 0.480415 0.988495 0.31106
101 0.479046 0.0606999 0.956532 0.1214
101 0.491909 0.481279 0.96043 0.30818
102 0.501263 0.483295 0.971344 0.306452
77 0.491909 0.481279 0.96043 0.30818
101 0.480605 0.102607 0.956532 0.205213
49 0.495417 0.483583 0.956532 0.309332
27 0.494637 0.484447 0.969005 0.312212
20 0.494637 0.484447 0.969005 0.312212
12 0.494637 0.484447 0.969005 0.312212
101 0.493858 0.00615639 0.965887 0.0123128
3 0.494637 0.484447 0.969005 0.312212
101 0.500484 0.481279 0.983817 0.312788
102 0.500484 0.478687 0.980699 0.314516
101 0.452151 0.00651642 0.894946 0.0130328
101 0.486841 0.0638681 0.962769 0.127736
102 0.475538 0.00802851 0.932366 0.016057
77 0.502433 0.483295 0.990833 0.307604
102 0.486841 0.0638681 0.962769 0.127736
12 0.488011 0.481567 0.957312 0.308756
101 0.495027 0.0224654 0.971344 0.0449309
27 0.488011 0.481567 0.957312 0.308756
50 0.500484 0.480991 0.977581 0.312212
102 0.495027 0.0224654 0.971344 0.0449309
49 0.500484 0.480991 0.977581 0.312212
110 0.500484 0.480991 0.977581 0.312212
77 0.452151 0.00651642 0.894946 0.0130328
68 0.452151 0.00651642 0.894946 0.0130328
101 0.340867 0.0121688 0.681734 0.0243376
101 0.48879 0.482719 0.957312 0.308756
102 0.499314 0.482719 0.975242 0.301843
77 0.493468 0.480991 0.965107 0.307604
101 0.483333 0.00820853 0.954194 0.0164171
27 0.48996 0.481855 0.962769 0.310484
12 0.48996 0.481855 0.962769 0.310484
110 0.498145 0.480991 0.965107 0.306452
49 0.498145 0.480991 0.965107 0.306452
101 0.496196 0.480415 0.984597 0.31106
102 0.495806 0.476958 0.97914 0.312212
77 0.495806 0.476958 0.97914 0.312212
49 0.492688 0.480991 0.966667 0.308756
101 0.484113 0.0184332 0.958871 0.0368664
12 0.475148 0.479839 0.936263 0.313364
48 0.495806 0.476958 0.97914 0.312212
20 0.475148 0.479839 0.936263 0.313364
27 0.475148 0.479839 0.936263 0.313364
68 0.495806 0.476958 0.97914 0.312212
101 0.499704 0.480127 0.982258 0.305876
102 0.496586 0.479551 0.983817 0.30818
77 0.499704 0.480127 0.982258 0.305876
101 0.490739 0.00842454 0.970564 0.0168491
49 0.491129 0.479263 0.963548 0.31106
101 0.501653 0.480991 0.987715 0.307604
102 0.501653 0.480991 0.987715 0.307604
77 0.503602 0.478111 0.976021 0.31106
110 0.503992 0.481855 0.975242 0.307028
49 0.498925 0.480991 0.958871 0.308756
68 0.504677 0.483007 0.990645 0.305876
50 0.503992 0.481855 0.975242 0.307028
101 0.499704 0.0111607 0.980699 0.0223214
101 0.496586 0.480991 0.955753 0.308756
102 0.505941 0.480127 0.965107 0.30818
77 0.503602 0.483295 0.969785 0.3053
110 0.503602 0.483295 0.969785 0.3053
68 0.500874 0.482143 0.984597 0.312212
31 0.494637 0.0766129 0.97836 0.153226
101 0.497366 0.478975 0.982258 0.31394
102 0.497366 0.478975 0.982258 0.31394
101 0.491519 0.0577477 0.981478 0.115495
101 0.4884 0.0078845 0.975242 0.015769
77 0.498145 0.481567 0.97914 0.313364
49 0.494247 0.480991 0.963548 0.313364
102 0.4884 0.0078845 0.975242 0.015769
101 0.492298 0.478687 0.965887 0.315668
102 0.496976 0.480415 0.983038 0.312212
49 0.492298 0.477535 0.964328 0.315668
101 0.491129 0.00637241 0.972903 0.0127448
77 0.498925 0.477823 0.982258 0.316244
101 0.493468 0.0649481 0.980699 0.129896
27 0.491129 0.00637241 0.972903 0.0127448
50 0.492298 0.477535 0.964328 0.315668
101 0.492688 0.477535 0.961989 0.313364
102 0.499704 0.478687 0.974462 0.309908
77 0.498925 0.479839 0.972903 0.31106
49 0.492688 0.478111 0.96043 0.314516
27 0.492298 0.480127 0.967446 0.311636
12 0.492298 0.480127 0.967446 0.311636
101 0.497755 0.478111 0.981478 0.314516
102 0.498925 0.478399 0.982258 0.315092
77 0.497366 0.480991 0.97914 0.312212
49 0.497366 0.480991 0.97914 0.312212
27 0.481384 0.479263 0.951855 0.31106
110 0.497366 0.480991 0.97914 0.312212
101 0.499704 0.479551 0.968226 0.312788
102 0.497366 0.483871 0.985376 0.308756
77 0.499704 0.479551 0.968226 0.312788
49 0.499704 0.479551 0.968226 0.312788
101 0.499314 0.476382 0.962769 0.320276
102 0.504382 0.476959 0.958871 0.322581
77 0.499314 0.476382 0.962769 0.320276
49 0.496586 0.476959 0.954194 0.317972
101 0.484113 0.0135009 0.94328 0.0270017
101 0.490349 0.478111 0.969785 0.313364
102 0.500484 0.480991 0.990054 0.312212
101 0.473978 0.0211694 0.947957 0.0423387
77 0.498925 0.477823 0.972903 0.316244
101 0.495806 0.0389905 0.969785 0.077981
102 0.473978 0.0211694 0.947957 0.0423387
49 0.498925 0.477823 0.972903 0.316244
101 0.491129 0.478687 0.966667 0.314516
102 0.497366 0.481279 0.985376 0.309332
77 0.497366 0.478399 0.976021 0.318548
49 0.497366 0.478399 0.976021 0.318548
101 0.460336 0.00648041 0.908199 0.0129608
101 0.496586 0.480991 0.976022 0.309908
102 0.495806 0.482431 0.982258 0.311636
77 0.496586 0.480991 0.976022 0.309908
68 0.496586 0.480991 0.976022 0.309908
110 0.496586 0.480991 0.976022 0.309908
101 0.495806 0.478111 0.982258 0.31682
102 0.495806 0.480127 0.982258 0.31394
77 0.495806 0.478111 0.982258 0.31682
68 0.495806 0.478111 0.982258 0.31682
49 0.491129 0.480703 0.969785 0.312788
110 0.496976 0.481279 0.986156 0.310484
74 0.487621 0.477247 0.958091 0.315092
101 0.498535 0.481855 0.987715 0.309332
102 0.496586 0.480991 0.983817 0.309908
77 0.495027 0.480415 0.971344 0.31106
49 0.495027 0.480415 0.971344 0.31106
110 0.498535 0.481855 0.987715 0.309332
101 0.444355 0 0.87 0
101 0.495806 0.480415 0.969785 0.31106
102 0.499314 0.480991 0.984597 0.313364
77 0.495806 0.479839 0.965108 0.31106
49 0.495806 0.479839 0.965108 0.31106
68 0.495806 0.479839 0.965108 0.31106
101 0.457997 0.000846054 0.905081 0.00169211
101 0.499704 0.477823 0.982258 0.318548
102 0.498925 0.477247 0.97914 0.320852
49 0.494247 0.479263 0.96043 0.31682
77 0.498925 0.478111 0.969785 0.317972
101 0.497755 0.480127 0.981478 0.311636
102 0.492298 0.479551 0.964328 0.310484
24 0.485282 0.479263 0.95965 0.31106
49 0.496196 0.479551 0.96121 0.311636
77 0.496196 0.479551 0.96121 0.311636
12 0.485282 0.479263 0.95965 0.31106
101 0.492688 0.479839 0.961989 0.309908
102 0.497755 0.480703 0.969005 0.309332
77 0.497755 0.480703 0.969005 0.309332
101 0.463454 0.00522033 0.909758 0.0104407
12 0.48957 0.478975 0.963548 0.309332
49 0.495417 0.479263 0.96121 0.312212
101 0.495417 0.477823 0.96121 0.31394
102 0.499704 0.479263 0.968226 0.312212
101 0.47125 0.00678643 0.919113 0.0135729
77 0.499704 0.479263 0.968226 0.312212
49 0.498145 0.478975 0.957312 0.31394
12 0.48996 0.478687 0.962769 0.31106
24 0.48996 0.478687 0.962769 0.31106
101 0.498535 0.479839 0.979919 0.308756
102 0.499704 0.480415 0.976021 0.306452
77 0.497366 0.479839 0.96043 0.31106
49 0.497366 0.479839 0.96043 0.31106
12 0.486452 0.480127 0.96043 0.309332
101 0.480995 0.00847854 0.937043 0.0169571
27 0.495417 0.479551 0.962769 0.309332
24 0.487621 0.478975 0.958091 0.309332
101 0.482944 0.479839 0.951855 0.31106
102 0.501263 0.480415 0.97914 0.31106
77 0.501263 0.480415 0.97914 0.31106
49 0.496976 0.479839 0.965887 0.312212
101 0.484892 0.479839 0.954194 0.313364
102 0.498145 0.480991 0.977581 0.312212
77 0.498145 0.480991 0.977581 0.312212
101 0.492688 0.479263 0.969785 0.31106
102 0.499314 0.479263 0.981478 0.313364
77 0.498925 0.480703 0.97914 0.312788
110 0.491129 0.477823 0.966667 0.312788
101 0.492688 0.478975 0.969785 0.312788
102 0.495806 0.478975 0.963548 0.31394
110 0.503212 0.479263 0.987715 0.31106
77 0.498145 0.478111 0.977581 0.31682
101 0.493468 0.479263 0.968226 0.314516
102 0.503602 0.478399 0.988495 0.311636
110 0.495806 0.478975 0.963548 0.31394
101 0.493468 0.480415 0.968226 0.313364
102 0.490349 0.479839 0.966667 0.309908
110 0.496196 0.480415 0.964328 0.312212
101 0.495417 0.479839 0.964328 0.312212
102 0.492688 0.479263 0.966667 0.313364
110 0.495417 0.479839 0.964328 0.312212
49 0.495417 0.479839 0.964328 0.312212
101 0.478266 0.00446429 0.940941 0.00892857
101 0.491129 0.479263 0.969785 0.313364
102 0.497366 0.479839 0.97914 0.312212
101 0.477097 0.00648041 0.94172 0.0129608
110 0.494247 0.479839 0.966667 0.313364
101 0.493078 0.478975 0.965887 0.312788
102 0.493857 0.478399 0.964328 0.31394
110 0.496196 0.478399 0.962769 0.315092
101 0.451371 0.00612039 0.893387 0.0122408
101 0.493468 0.478687 0.965107 0.313364
102 0.498925 0.480415 0.983817 0.31106
110 0.496196 0.478111 0.962769 0.31682
101 0.45254 0.00705645 0.897285 0.0141129
101 0.491909 0.478975 0.965107 0.31394
102 0.495027 0.478975 0.961989 0.315092
110 0.495027 0.478975 0.961989 0.315092
101 0.496196 0.0570276 0.979919 0.114055
77 0.498925 0.477535 0.97914 0.315668
68 0.495027 0.478975 0.961989 0.315092
101 0.479435 0.00820853 0.940161 0.0164171
101 0.490739 0.479263 0.967446 0.313364
102 0.494247 0.478687 0.963548 0.314516
110 0.494247 0.478687 0.963548 0.314516
77 0.498535 0.477535 0.981478 0.315668
68 0.494247 0.478687 0.963548 0.314516
12 0.488011 0.479263 0.963548 0.312212
101 0.493468 0.479551 0.965107 0.31394
102 0.494637 0.480991 0.981478 0.312212
110 0.493468 0.479551 0.965107 0.31394
68 0.493468 0.479551 0.965107 0.31394
101 0.478656 0.00498632 0.94172 0.00997264
101 0.491129 0.479551 0.969785 0.31394
102 0.495027 0.480703 0.980699 0.311636
77 0.498535 0.479263 0.979919 0.315668
101 0.474758 0.00419427 0.933925 0.00838854
68 0.498535 0.479263 0.979919 0.315668
101 0.490349 0.479263 0.969785 0.314516
102 0.492688 0.478687 0.966667 0.314516
101 0.475538 0.00390625 0.935484 0.0078125
101 0.490349 0.478687 0.969785 0.315668
102 0.493468 0.477823 0.966667 0.316244
101 0.491129 0.478687 0.969785 0.314516
102 0.494247 0.478399 0.966667 0.315092
101 0.490349 0.478687 0.971344 0.314516
102 0.493468 0.478687 0.968226 0.314516
101 0.48996 0.479263 0.970564 0.312212
102 0.492688 0.479263 0.968226 0.313364
101 0.477876 0.00399626 0.940161 0.00799251
101 0.48957 0.479263 0.972903 0.312212
102 0.491519 0.479839 0.969005 0.312212
101 0.477097 0.00383425 0.938602 0.00766849
101 0.48957 0.479839 0.971344 0.31106
102 0.491129 0.478687 0.974462 0.313364
101 0.475927 0.00331221 0.937823 0.00662442
101 0.490349 0.479839 0.969785 0.312212
102 0.492298 0.479839 0.967446 0.312212
101 0.48996 0.479263 0.969005 0.312212
102 0.492688 0.479551 0.966667 0.312788
101 0.490739 0.479551 0.969005 0.312788
102 0.492688 0.479551 0.966667 0.312788
101 0.490739 0.479551 0.969005 0.312788
102 0.493468 0.479551 0.966667 0.312788
77 0.498145 0.479263 0.980699 0.31106
101 0.491129 0.479551 0.968226 0.311636
102 0.498145 0.480415 0.977581 0.31106
77 0.498145 0.480415 0.977581 0.31106
101 0.475148 0.00435628 0.939382 0.00871256
101 0.495806 0.478975 0.97914 0.312788
102 0.498925 0.480703 0.976021 0.310484
77 0.498925 0.480703 0.976021 0.310484
101 0.474368 0.00457229 0.937823 0.00914458
101 0.495027 0.478687 0.977581 0.312212
102 0.498925 0.480991 0.976021 0.309908
77 0.498925 0.480991 0.976021 0.309908
101 0.475927 0.00493232 0.940941 0.00986463
101 0.494637 0.478975 0.97836 0.312788
102 0.498535 0.480415 0.976801 0.31106
77 0.498535 0.480415 0.976801 0.31106
101 0.495027 0.478975 0.977581 0.312788
102 0.498535 0.480415 0.976801 0.31106
77 0.498535 0.480415 0.976801 0.31106
101 0.476317 0.00525634 0.94172 0.0105127
101 0.495027 0.478687 0.977581 0.312212
102 0.498535 0.480415 0.976801 0.31106
77 0.498535 0.480415 0.976801 0.31106
101 0.475927 0.00541835 0.940941 0.0108367
101 0.494637 0.478687 0.97836 0.312212
102 0.498535 0.480127 0.976801 0.310484
77 0.498535 0.480127 0.976801 0.310484
110 0.498535 0.480127 0.976801 0.310484
101 0.493857 0.479263 0.976801 0.312212
102 0.498535 0.480415 0.976801 0.31106
77 0.498535 0.480415 0.976801 0.31106
101 0.493857 0.479263 0.976801 0.312212
102 0.498535 0.480415 0.976801 0.31106
77 0.498535 0.480415 0.976801 0.31106
101 0.486841 0.00549035 0.962769 0.0109807
101 0.494637 0.480991 0.97836 0.309908
102 0.498925 0.480127 0.976021 0.311636
77 0.498925 0.480127 0.976021 0.311636
101 0.486841 0.00565236 0.962769 0.0113047
101 0.493468 0.480991 0.977581 0.309908
102 0.498145 0.479839 0.976021 0.312212
77 0.498145 0.479839 0.976021 0.312212
101 0.487231 0.00543635 0.961989 0.0108727
101 0.493468 0.480991 0.977581 0.309908
102 0.498145 0.479839 0.976021 0.312212
77 0.498145 0.479839 0.976021 0.312212
101 0.486452 0.00545435 0.961989 0.0109087
101 0.493468 0.480703 0.976022 0.310484
102 0.498145 0.479551 0.974462 0.312788
77 0.498145 0.479551 0.974462 0.312788
101 0.487231 0.00565236 0.961989 0.0113047
101 0.492688 0.480703 0.976021 0.310484
102 0.498145 0.479263 0.974462 0.313364
77 0.498145 0.479263 0.974462 0.313364
101 0.487231 0.00576037 0.961989 0.0115207
101 0.492688 0.480991 0.976021 0.31106
102 0.498145 0.479263 0.974462 0.313364
77 0.498145 0.479263 0.974462 0.313364
101 0.488011 0.00590438 0.963548 0.0118088
101 0.493078 0.480703 0.975242 0.311636
102 0.498145 0.479551 0.974462 0.31394
77 0.498145 0.479551 0.974462 0.31394
101 0.488011 0.00594038 0.961989 0.0118808
101 0.493078 0.480703 0.975242 0.311636
102 0.498145 0.479263 0.974462 0.314516
77 0.498145 0.479263 0.974462 0.314516
101 0.488011 0.00588638 0.961989 0.0117728
101 0.493078 0.480415 0.975242 0.312212
102 0.498145 0.479263 0.974462 0.314516
77 0.498145 0.479263 0.974462 0.314516
101 0.4884 0.00570636 0.962769 0.0114127
101 0.493468 0.480703 0.974462 0.311636
102 0.498145 0.478975 0.974462 0.315092
77 0.498145 0.478975 0.974462 0.315092
101 0.4884 0.00590438 0.962769 0.0118088
101 0.493468 0.480415 0.974462 0.312212
102 0.497366 0.478687 0.974462 0.315668
77 0.497366 0.478687 0.974462 0.315668
101 0.4884 0.00597638 0.962769 0.0119528
101 0.493468 0.480415 0.974462 0.312212
102 0.497366 0.478687 0.974462 0.315668
101 0.488401 0.00581437 0.96121 0.0116287
77 0.497366 0.478687 0.974462 0.315668
101 0.493468 0.480703 0.974462 0.312788
102 0.497366 0.478975 0.974462 0.316244
101 0.48879 0.00561636 0.961989 0.0112327
77 0.497366 0.478975 0.974462 0.316244
101 0.493858 0.480703 0.975242 0.312788
102 0.497755 0.478975 0.973683 0.316244
101 0.48879 0.00556236 0.961989 0.0111247
77 0.497755 0.478975 0.973683 0.316244
101 0.494637 0.479263 0.975242 0.314516
102 0.497755 0.478975 0.973683 0.316244
101 0.48918 0.00534634 0.96121 0.0106927
77 0.497755 0.478975 0.973683 0.316244
101 0.494637 0.479263 0.975242 0.314516
102 0.497755 0.478975 0.973683 0.316244
101 0.48957 0.00527434 0.961989 0.0105487
77 0.497755 0.478975 0.973683 0.316244
101 0.495027 0.478975 0.976022 0.315092
102 0.497755 0.478975 0.973683 0.316244
101 0.48957 0.00511233 0.961989 0.0102247
77 0.497755 0.478975 0.973683 0.316244
101 0.495417 0.478975 0.975242 0.315092
102 0.497755 0.478975 0.973683 0.316244
101 0.48957 0.00504032 0.961989 0.0100806
77 0.497755 0.478975 0.973683 0.316244
101 0.495417 0.479263 0.975242 0.314516
102 0.498145 0.478975 0.974462 0.316244
101 0.490349 0.00509433 0.961989 0.0101887
77 0.498145 0.478975 0.974462 0.316244
101 0.495417 0.479263 0.975242 0.314516
102 0.498145 0.478687 0.974462 0.31682
101 0.490349 0.00518433 0.961989 0.0103687
77 0.498145 0.478687 0.974462 0.31682
101 0.495417 0.479263 0.975242 0.314516
102 0.498145 0.478687 0.974462 0.31682
101 0.490349 0.00516633 0.961989 0.0103327
77 0.498145 0.478687 0.974462 0.31682
101 0.495806 0.479263 0.976021 0.314516
102 0.498145 0.478687 0.974462 0.31682
101 0.490349 0.00505832 0.961989 0.0101166
77 0.498145 0.478687 0.974462 0.31682
101 0.495806 0.479263 0.976021 0.314516
102 0.498145 0.478687 0.974462 0.31682
101 0.490349 0.00500432 0.961989 0.0100086
77 0.498145 0.478687 0.974462 0.31682
101 0.495806 0.479263 0.976021 0.314516
102 0.497755 0.478687 0.973683 0.31682
101 0.490349 0.00486031 0.961989 0.00972062
77 0.497755 0.478687 0.973683 0.31682
101 0.495806 0.479263 0.976021 0.314516
102 0.498145 0.478687 0.974462 0.31682
101 0.490349 0.00478831 0.961989 0.00957661
77 0.498145 0.478687 0.974462 0.31682
101 0.495806 0.479263 0.976021 0.314516
102 0.498145 0.478975 0.974462 0.316244
101 0.491129 0.0047343 0.961989 0.00946861
77 0.498145 0.478975 0.974462 0.316244
101 0.495806 0.479263 0.976021 0.314516
102 0.498145 0.478975 0.974462 0.316244
101 0.491129 0.00459029 0.961989 0.00918059
77 0.498145 0.478975 0.974462 0.316244
101 0.496196 0.479263 0.975242 0.314516
102 0.498145 0.478975 0.974462 0.316244
77 0.498145 0.478975 0.974462 0.316244
101 0.491519 0.00457229 0.962769 0.00914458
101 0.496196 0.479551 0.975242 0.31394
102 0.498145 0.478687 0.974462 0.315668
77 0.498145 0.478687 0.974462 0.315668
101 0.491519 0.00446429 0.962769 0.00892857
101 0.496586 0.479551 0.976022 0.31394
102 0.498535 0.478687 0.973683 0.315668
77 0.498535 0.478687 0.973683 0.315668
101 0.491519 0.00439228 0.962769 0.00878456
101 0.496586 0.479551 0.976022 0.31394
102 0.498145 0.478687 0.972903 0.315668
77 0.498145 0.478687 0.972903 0.315668
101 0.491909 0.00423027 0.961989 0.00846054
101 0.497366 0.479551 0.976021 0.31394
102 0.498145 0.478687 0.972903 0.315668
77 0.498145 0.478687 0.972903 0.315668
101 0.497366 0.479551 0.976021 0.31394
102 0.498145 0.478687 0.972903 0.315668
77 0.498145 0.478687 0.972903 0.315668
101 0.496586 0.479551 0.976022 0.31394
102 0.498535 0.478687 0.973683 0.315668
77 0.498535 0.478687 0.973683 0.315668
101 0.496976 0.479551 0.975242 0.31394
102 0.498535 0.478687 0.973683 0.315668
77 0.498535 0.478687 0.973683 0.315668
101 0.496586 0.479551 0.976022 0.31394
102 0.498535 0.478687 0.973683 0.315668
77 0.498535 0.478687 0.973683 0.315668
101 0.496586 0.479551 0.976022 0.31394
102 0.498535 0.478687 0.973683 0.315668
77 0.498535 0.478687 0.973683 0.315668
101 0.496586 0.479551 0.976022 0.31394
102 0.498925 0.478687 0.972903 0.315668
77 0.498925 0.478687 0.972903 0.315668
101 0.496586 0.479551 0.976022 0.31394
102 0.498535 0.478687 0.973683 0.315668
77 0.498535 0.478687 0.973683 0.315668
101 0.496586 0.479263 0.976022 0.313364
102 0.498535 0.478687 0.973683 0.315668
77 0.498535 0.478687 0.973683 0.315668
101 0.496586 0.479263 0.976022 0.313364
102 0.498925 0.478687 0.972903 0.315668
101 0.496196 0.479263 0.975242 0.313364
102 0.498925 0.478687 0.974462 0.315668
101 0.496586 0.479263 0.976022 0.313364
102 0.498925 0.478687 0.974462 0.315668
101 0.496586 0.479263 0.976022 0.313364
102 0.498925 0.478687 0.974462 0.315668
101 0.496586 0.479551 0.976022 0.312788
102 0.499314 0.478687 0.975242 0.315668
101 0.496586 0.479551 0.976022 0.312788
102 0.499704 0.478687 0.974462 0.315668
101 0.496976 0.479551 0.975242 0.312788
102 0.499704 0.478687 0.974462 0.315668
101 0.496976 0.479551 0.975242 0.312788
102 0.499704 0.478687 0.974462 0.315668
101 0.496976 0.479551 0.975242 0.312788
102 0.499704 0.478975 0.974462 0.315092
101 0.496976 0.479551 0.975242 0.312788
102 0.499704 0.478687 0.974462 0.315668
101 0.496586 0.479551 0.974462 0.312788
102 0.499704 0.478975 0.974462 0.315092
101 0.496586 0.479551 0.974462 0.312788
102 0.499704 0.478975 0.974462 0.315092
101 0.496586 0.479263 0.974462 0.313364
102 0.499704 0.478687 0.974462 0.315668
101 0.496976 0.479551 0.975242 0.312788
102 0.499704 0.478687 0.974462 0.315668
101 0.496976 0.479551 0.975242 0.312788
102 0.499704 0.478687 0.974462 0.315668
101 0.496976 0.479551 0.975242 0.312788
102 0.499704 0.478687 0.974462 0.315668
101 0.496976 0.479551 0.975242 0.312788
102 0.499704 0.478687 0.974462 0.315668
