48 0.497331 0.460632 0.952536 0.345402
50 0.498502 0.467241 0.959557 0.327586
101 0.495381 0.465517 0.953316 0.328736
111 0.498502 0.467241 0.959557 0.327586
95 0.495381 0.465517 0.953316 0.328736
68 0.497331 0.460632 0.952536 0.345402
67 0.495381 0.465517 0.953316 0.328736
49 0.498502 0.467241 0.959557 0.327586
54 0.498502 0.467241 0.959557 0.327586
109 0.495381 0.465517 0.953316 0.328736
104 0.498502 0.467241 0.959557 0.327586
103 0.497331 0.467241 0.958777 0.334483
79 0.498502 0.467241 0.959557 0.327586
53 0.497331 0.460632 0.952536 0.345402
66 0.497331 0.460632 0.952536 0.345402
76 0.498502 0.467241 0.959557 0.327586
102 0.497331 0.460632 0.952536 0.345402
56 0.495381 0.465517 0.953316 0.328736
84 0.495381 0.465517 0.953316 0.328736
46 0.498502 0.467241 0.959557 0.327586
99 0.496941 0.457184 0.954876 0.353448
77 0.498502 0.467241 0.959557 0.327586
17 0.498502 0.467241 0.959557 0.327586
74 0.495381 0.465517 0.953316 0.328736
47 0.48719 0.430532 0.974379 0.414799
73 0.498502 0.467241 0.959557 0.327586
75 0.497721 0.466092 0.951756 0.34023
100 0.495381 0.465517 0.953316 0.328736
81 0.498502 0.467241 0.959557 0.327586
42 0.495381 0.465517 0.953316 0.328736
110 0.495381 0.465517 0.953316 0.328736
50 0.562472 0.426149 0.845658 0.435057
97 0.498502 0.467241 0.959557 0.327586
105 0.498502 0.467241 0.959557 0.327586
101 0.560132 0.424138 0.844098 0.433333
51 0.498502 0.467241 0.959557 0.327586
109 0.560132 0.424138 0.844098 0.433333
108 0.495381 0.465517 0.953316 0.328736
7 0.495381 0.465517 0.953316 0.328736
78 0.497331 0.467241 0.958777 0.334483
49 0.562472 0.426149 0.845658 0.435057
14 0.498502 0.467241 0.959557 0.327586
41 0.498502 0.467241 0.959557 0.327586
11 0.495381 0.465517 0.953316 0.328736
33 0.495381 0.465517 0.953316 0.328736
5 0.48719 0.447126 0.974379 0.372414
38 0.48719 0.430532 0.974379 0.414799
54 0.560132 0.424138 0.844098 0.433333
95 0.560132 0.424138 0.844098 0.433333
103 0.562472 0.426149 0.845658 0.435057
12 0.49226 0.473563 0.957997 0.321839
80 0.498502 0.467241 0.959557 0.327586
31 0.498502 0.467241 0.959557 0.327586
21 0.495381 0.465517 0.953316 0.328736
34 0.49226 0.473563 0.957997 0.321839
79 0.560132 0.424138 0.844098 0.433333
67 0.560132 0.424138 0.844098 0.433333
75 0.562472 0.426149 0.845658 0.435057
48 0.592019 0.425862 0.788124 0.433333
17 0.562472 0.426149 0.845658 0.435057
94 0.495381 0.465517 0.953316 0.328736
28 0.498502 0.467241 0.959557 0.327586
16 0.498501 0.444253 0.950195 0.385057
73 0.562472 0.426149 0.845658 0.435057
16 0.693533 0.951724 0.0358859 0.0551724
4 0.497331 0.460632 0.952536 0.345402
105 0.560132 0.424138 0.844098 0.433333
111 0.560132 0.424138 0.844098 0.433333
0 0.495381 0.465517 0.953316 0.328736
84 0.560132 0.424138 0.844098 0.433333
36 0.48797 0.447989 0.97594 0.382184
26 0.497331 0.460632 0.952536 0.345402
76 0.560132 0.424138 0.844098 0.433333
100 0.562472 0.426149 0.845658 0.435057
15 0.495381 0.465517 0.953316 0.328736
48 0.502012 0.405675 0.983741 0.459914
111 0.502402 0.41523 0.990762 0.445402
75 0.502402 0.417744 0.989202 0.441523
46 0.502402 0.417744 0.989202 0.441523
99 0.502402 0.41523 0.990762 0.445402
84 0.503182 0.412716 0.984521 0.450431
95 0.502402 0.417744 0.989202 0.441523
109 0.503182 0.412716 0.984521 0.450431
50 0.502012 0.405675 0.983741 0.459914
56 0.502402 0.417744 0.989202 0.441523
50 0.505523 0.956609 0.984521 0.0867815
68 0.507473 0.445115 0.972819 0.385632
110 0.502402 0.417744 0.989202 0.441523
111 0.505523 0.956609 0.984521 0.0867815
101 0.507083 0.456897 0.97672 0.357471
54 0.502012 0.405675 0.983741 0.459914
48 0.461836 0.464943 0.906508 0.363218
48 0.505523 0.956609 0.984521 0.0867815
52 0.502012 0.405675 0.983741 0.459914
47 0.502012 0.405675 0.983741 0.459914
53 0.502012 0.405675 0.983741 0.459914
103 0.503182 0.412716 0.984521 0.450431
80 0.503182 0.412716 0.984521 0.450431
74 0.503182 0.412716 0.984521 0.450431
102 0.502402 0.417744 0.989202 0.441523
67 0.502402 0.417744 0.989202 0.441523
68 0.505523 0.956609 0.984521 0.0867815
77 0.503182 0.412716 0.984521 0.450431
73 0.507473 0.445115 0.972819 0.385632
105 0.502402 0.417744 0.989202 0.441523
111 0.506303 0.925862 0.97828 0.148276
99 0.505523 0.956609 0.984521 0.0867815
104 0.502402 0.41523 0.990762 0.445402
46 0.505523 0.956609 0.984521 0.0867815
100 0.502402 0.417744 0.989202 0.441523
66 0.502402 0.417744 0.989202 0.441523
101 0.505523 0.956609 0.984521 0.0867815
108 0.502402 0.41523 0.990762 0.445402
50 0.506303 0.925862 0.97828 0.148276
48 0.179429 0.474425 0.344036 0.343103
76 0.507473 0.445115 0.972819 0.385632
110 0.505523 0.956609 0.984521 0.0867815
42 0.503182 0.412716 0.984521 0.450431
41 0.502402 0.417744 0.989202 0.441523
51 0.502012 0.405675 0.983741 0.459914
49 0.505523 0.956609 0.984521 0.0867815
49 0.507863 0.44569 0.97828 0.387931
81 0.502012 0.405675 0.983741 0.459914
73 0.505523 0.956609 0.984521 0.0867815
77 0.505523 0.956609 0.984521 0.0867815
48 0.506303 0.925862 0.97828 0.148276
95 0.505523 0.956609 0.984521 0.0867815
97 0.502012 0.405675 0.983741 0.459914
48 0.60928 0.429598 0.764525 0.41092
76 0.505523 0.956609 0.984521 0.0867815
111 0.509752 0.875862 0.980497 0.248276
46 0.506303 0.925862 0.97828 0.148276
109 0.505523 0.956609 0.984521 0.0867815
50 0.461836 0.464943 0.906508 0.363218
75 0.505523 0.956609 0.984521 0.0867815
100 0.505523 0.956609 0.984521 0.0867815
17 0.502012 0.405675 0.983741 0.459914
53 0.461836 0.464943 0.906508 0.363218
67 0.507863 0.954023 0.975159 0.091954
102 0.423609 0.471839 0.833176 0.348276
50 0.509752 0.875862 0.980497 0.248276
99 0.506303 0.925862 0.97828 0.148276
48 0.509752 0.875862 0.980497 0.248276
110 0.506303 0.925862 0.97828 0.148276
50 0.179429 0.474425 0.344036 0.343103
102 0.503962 0.945977 0.982961 0.108046
103 0.505523 0.956609 0.984521 0.0867815
67 0.423609 0.471839 0.833176 0.348276
101 0.506303 0.925862 0.97828 0.148276
68 0.506303 0.925862 0.97828 0.148276
111 0.423609 0.471839 0.833176 0.348276
51 0.505523 0.956609 0.984521 0.0867815
73 0.506303 0.925862 0.97828 0.148276
79 0.503182 0.412716 0.984521 0.450431
109 0.506303 0.925862 0.97828 0.148276
48 0.708356 0.41408 0.575734 0.459195
46 0.423609 0.471839 0.833176 0.348276
47 0.461836 0.464943 0.906508 0.363218
33 0.502402 0.41523 0.990762 0.445402
77 0.506303 0.925862 0.97828 0.148276
101 0.576904 0.411422 0.833956 0.454167
49 0.506303 0.925862 0.97828 0.148276
76 0.506303 0.925862 0.97828 0.148276
95 0.506303 0.925862 0.97828 0.148276
50 0.652222 0.951724 0.695555 0.0965517
53 0.534326 0.956609 0.931349 0.0867815
68 0.179429 0.474425 0.344036 0.343103
78 0.503182 0.412716 0.984521 0.450431
46 0.179429 0.474425 0.344036 0.343103
100 0.506303 0.925862 0.97828 0.148276
104 0.505523 0.956609 0.984521 0.0867815
67 0.179429 0.474425 0.344036 0.343103
75 0.506303 0.925862 0.97828 0.148276
52 0.530815 0.953448 0.93837 0.0931035
111 0.179429 0.474425 0.344036 0.343103
47 0.569821 0.954598 0.860357 0.0908046
109 0.410737 0.458908 0.808992 0.379885
101 0.179429 0.474425 0.344036 0.343103
54 0.507863 0.954023 0.975159 0.091954
99 0.423609 0.471839 0.833176 0.348276
75 0.423609 0.471839 0.833176 0.348276
66 0.503962 0.945977 0.982961 0.108046
51 0.506303 0.925862 0.97828 0.148276
100 0.423609 0.471839 0.833176 0.348276
56 0.505523 0.956609 0.984521 0.0867815
104 0.506303 0.925862 0.97828 0.148276
73 0.179429 0.474425 0.344036 0.343103
52 0.461836 0.464943 0.906508 0.363218
84 0.534326 0.956609 0.931349 0.0867815
48 0.652222 0.951724 0.695555 0.0965517
109 0.509752 0.875862 0.980497 0.248276
50 0.707576 0.412644 0.575734 0.447126
101 0.509752 0.875862 0.980497 0.248276
50 0.502402 0.431609 0.970479 0.418391
68 0.497721 0.416595 0.987641 0.440374
50 0.493821 0.12227 0.9814 0.24454
50 0.497721 0.323563 0.986081 0.647126
48 0.497721 0.416595 0.987641 0.440374
48 0.497721 0.323563 0.986081 0.647126
49 0.502402 0.431609 0.970479 0.418391
68 0.497721 0.323563 0.986081 0.647126
48 0.493821 0.12227 0.9814 0.24454
68 0.493821 0.12227 0.9814 0.24454
49 0.493821 0.12227 0.9814 0.24454
100 0.502402 0.431609 0.970479 0.418391
99 0.502402 0.431609 0.970479 0.418391
100 0.493821 0.12227 0.9814 0.24454
49 0.501622 0.322701 0.973599 0.645402
99 0.497721 0.323563 0.986081 0.647126
76 0.502402 0.431609 0.970479 0.418391
100 0.497721 0.323563 0.986081 0.647126
46 0.502402 0.431609 0.970479 0.418391
101 0.497721 0.416595 0.987641 0.440374
76 0.493821 0.12227 0.9814 0.24454
51 0.501622 0.322701 0.973599 0.645402
51 0.502402 0.431609 0.970479 0.418391
68 0.48836 0.537787 0.959557 0.31523
50 0.48836 0.537787 0.959557 0.31523
99 0.493821 0.12227 0.9814 0.24454
76 0.497721 0.323563 0.986081 0.647126
51 0.493821 0.12227 0.9814 0.24454
102 0.497721 0.416595 0.987641 0.440374
101 0.497721 0.323563 0.986081 0.647126
46 0.501622 0.322701 0.973599 0.645402
75 0.502402 0.431609 0.970479 0.418391
53 0.497721 0.323563 0.986081 0.647126
46 0.493821 0.12227 0.9814 0.24454
101 0.493821 0.12227 0.9814 0.24454
109 0.497721 0.323563 0.986081 0.647126
47 0.502402 0.431609 0.970479 0.418391
53 0.497721 0.416595 0.987641 0.440374
109 0.497721 0.416595 0.987641 0.440374
75 0.493821 0.12227 0.9814 0.24454
102 0.493821 0.12227 0.9814 0.24454
77 0.497721 0.416595 0.987641 0.440374
73 0.502402 0.431609 0.970479 0.418391
109 0.493821 0.12227 0.9814 0.24454
47 0.493821 0.12227 0.9814 0.24454
75 0.501622 0.322701 0.973599 0.645402
102 0.497721 0.323563 0.986081 0.647126
53 0.493821 0.12227 0.9814 0.24454
48 0.494601 0.0820402 0.986081 0.16408
48 0.48836 0.537787 0.959557 0.31523
111 0.497721 0.323563 0.986081 0.647126
73 0.493821 0.12227 0.9814 0.24454
77 0.497721 0.323563 0.986081 0.647126
73 0.501622 0.322701 0.973599 0.645402
110 0.497721 0.416595 0.987641 0.440374
47 0.501622 0.322701 0.973599 0.645402
110 0.497721 0.323563 0.986081 0.647126
49 0.48836 0.537787 0.959557 0.31523
111 0.497721 0.416595 0.987641 0.440374
68 0.495771 0.837931 0.985301 0.324138
77 0.493821 0.12227 0.9814 0.24454
101 0.48836 0.537787 0.959557 0.31523
100 0.48836 0.537787 0.959557 0.31523
50 0.494601 0.0820402 0.986081 0.16408
51 0.494601 0.0820402 0.986081 0.16408
49 0.494601 0.0820402 0.986081 0.16408
52 0.493821 0.12227 0.9814 0.24454
84 0.497721 0.323563 0.986081 0.647126
100 0.494601 0.0820402 0.986081 0.16408
111 0.493821 0.12227 0.9814 0.24454
99 0.48836 0.537787 0.959557 0.31523
52 0.497721 0.323563 0.986081 0.647126
102 0.48836 0.537787 0.959557 0.31523
84 0.493821 0.12227 0.9814 0.24454
67 0.497721 0.416595 0.987641 0.440374
110 0.493821 0.12227 0.9814 0.24454
99 0.494601 0.0820402 0.986081 0.16408
68 0.498111 0.939655 0.963457 0.12069
84 0.502402 0.431609 0.970479 0.418391
97 0.493821 0.12227 0.9814 0.24454
67 0.497721 0.323563 0.986081 0.647126
48 0.500842 0.847701 0.973599 0.304598
75 0.494601 0.0820402 0.986081 0.16408
67 0.493821 0.12227 0.9814 0.24454
53 0.495771 0.837931 0.985301 0.324138
48 0.502402 0.713218 0.97672 0.573563
73 0.494601 0.0820402 0.986081 0.16408
68 0.494601 0.0820402 0.986081 0.16408
109 0.494601 0.0820402 0.986081 0.16408
97 0.497721 0.323563 0.986081 0.647126
97 0.502402 0.431609 0.970479 0.418391
46 0.48836 0.537787 0.959557 0.31523
76 0.494601 0.0820402 0.986081 0.16408
76 0.48836 0.537787 0.959557 0.31523
52 0.497721 0.416595 0.987641 0.440374
102 0.495771 0.837931 0.985301 0.324138
47 0.494601 0.0820402 0.986081 0.16408
68 0.497721 0.718103 0.987641 0.563793
101 0.495771 0.837931 0.985301 0.324138
53 0.48836 0.537787 0.959557 0.31523
77 0.48836 0.537787 0.959557 0.31523
48 0.316927 0.499425 0.625272 0.285057
50 0.500842 0.512644 0.973599 0.642529
68 0.510984 0.897414 0.943954 0.205172
48 0.286112 0.533046 0.566763 0.215517
50 0.497721 0.210345 0.965798 0.42069
46 0.494601 0.0820402 0.986081 0.16408
51 0.48836 0.537787 0.959557 0.31523
50 0.316927 0.499425 0.625272 0.285057
50 0.716157 0.429598 0.528926 0.432759
109 0.48836 0.537787 0.959557 0.31523
110 0.48836 0.537787 0.959557 0.31523
48 0.445063 0.49569 0.885445 0.286782
68 0.499672 0.528736 0.98062 0.657471
102 0.493821 0.920115 0.970479 0.15977
109 0.495771 0.837931 0.985301 0.324138
49 0.316927 0.499425 0.625272 0.285057
50 0.500842 0.847701 0.973599 0.304598
75 0.48836 0.537787 0.959557 0.31523
46 0.316927 0.499425 0.625272 0.285057
68 0.48992 0.626293 0.957997 0.499138
52 0.494601 0.0820402 0.986081 0.16408
111 0.48836 0.537787 0.959557 0.31523
84 0.494601 0.0820402 0.986081 0.16408
47 0.48836 0.537787 0.959557 0.31523
101 0.493821 0.920115 0.970479 0.15977
49 0.445063 0.49569 0.885445 0.286782
53 0.494601 0.0820402 0.986081 0.16408
101 0.494601 0.0820402 0.986081 0.16408
97 0.494601 0.0820402 0.986081 0.16408
49 0.716157 0.429598 0.528926 0.432759
99 0.495771 0.837931 0.985301 0.324138
77 0.495771 0.837931 0.985301 0.324138
50 0.48992 0.626293 0.957997 0.499138
48 0.498111 0.939655 0.963457 0.12069
53 0.502402 0.713218 0.97672 0.573563
101 0.497721 0.718103 0.987641 0.563793
53 0.510984 0.897414 0.943954 0.205172
95 0.497721 0.323563 0.986081 0.647126
50 0.502402 0.713218 0.97672 0.573563
46 0.445063 0.49569 0.885445 0.286782
95 0.497721 0.416595 0.987641 0.440374
50 0.286112 0.533046 0.566763 0.215517
67 0.48836 0.537787 0.959557 0.31523
46 0.286112 0.533046 0.566763 0.215517
111 0.495771 0.837931 0.985301 0.324138
48 0.499672 0.528736 0.98062 0.657471
103 0.498111 0.325862 0.985301 0.651724
50 0.445063 0.49569 0.885445 0.286782
109 0.502402 0.713218 0.97672 0.573563
48 0.510984 0.897414 0.943954 0.205172
77 0.494601 0.0820402 0.986081 0.16408
4 0.217656 0.531034 0.411907 0.214943
73 0.316927 0.499425 0.625272 0.285057
67 0.493821 0.920115 0.970479 0.15977
77 0.493821 0.920115 0.970479 0.15977
53 0.498111 0.939655 0.963457 0.12069
100 0.316927 0.499425 0.625272 0.285057
95 0.493821 0.12227 0.9814 0.24454
99 0.316927 0.499425 0.625272 0.285057
100 0.445063 0.49569 0.885445 0.286782
110 0.495771 0.837931 0.985301 0.324138
50 0.328239 0.12227 0.656477 0.24454
100 0.495771 0.837931 0.985301 0.324138
80 0.498111 0.325862 0.985301 0.651724
111 0.494601 0.0820402 0.986081 0.16408
51 0.445063 0.49569 0.885445 0.286782
48 0.48992 0.626293 0.957997 0.499138
49 0.286112 0.533046 0.566763 0.215517
67 0.500842 0.847701 0.973599 0.304598
49 0.303665 0.131466 0.607329 0.262931
49 0.495771 0.837931 0.985301 0.324138
51 0.316927 0.499425 0.625272 0.285057
84 0.495771 0.837931 0.985301 0.324138
68 0.286112 0.533046 0.566763 0.215517
50 0.510984 0.897414 0.943954 0.205172
99 0.497721 0.718103 0.987641 0.563793
100 0.497721 0.718103 0.987641 0.563793
101 0.286112 0.533046 0.566763 0.215517
46 0.495771 0.837931 0.985301 0.324138
76 0.495771 0.837931 0.985301 0.324138
95 0.498111 0.939655 0.963457 0.12069
17 0.494601 0.434483 0.989202 0.418391
73 0.48836 0.537787 0.959557 0.31523
100 0.500842 0.512644 0.973599 0.642529
77 0.502402 0.713218 0.97672 0.573563
97 0.498111 0.403448 0.966578 0.464368
76 0.498111 0.403448 0.966578 0.464368
100 0.498111 0.403448 0.966578 0.464368
75 0.500842 0.44454 0.945515 0.386782
73 0.497331 0.397701 0.961897 0.475862
84 0.500842 0.410417 0.951756 0.448132
48 0.497331 0.397701 0.961897 0.475862
50 0.495381 0.435345 0.959557 0.401724
103 0.500842 0.410417 0.951756 0.448132
68 0.500842 0.410417 0.951756 0.448132
47 0.497331 0.397701 0.961897 0.475862
74 0.48836 0.419037 0.97672 0.437787
46 0.495381 0.435345 0.959557 0.401724
42 0.48836 0.419037 0.97672 0.437787
109 0.500842 0.410417 0.951756 0.448132
49 0.497331 0.397701 0.961897 0.475862
33 0.48836 0.419037 0.97672 0.437787
101 0.500842 0.410417 0.951756 0.448132
99 0.498111 0.403448 0.966578 0.464368
77 0.500842 0.410417 0.951756 0.448132
110 0.500842 0.410417 0.951756 0.448132
95 0.48758 0.418391 0.975159 0.437931
54 0.48836 0.419037 0.97672 0.437787
80 0.48758 0.418391 0.975159 0.437931
53 0.500842 0.410417 0.951756 0.448132
111 0.497331 0.397701 0.961897 0.475862
66 0.48836 0.419037 0.97672 0.437787
97 0.502792 0.470402 0.940054 0.328161
100 0.502792 0.470402 0.940054 0.328161
12 0.348912 0.141092 0.0947855 0.0321839
76 0.502792 0.470402 0.940054 0.328161
67 0.512544 0.41523 0.934593 0.45
51 0.497331 0.397701 0.961897 0.475862
17 0.48836 0.419037 0.97672 0.437787
52 0.505523 0.402945 0.945515 0.468822
73 0.502792 0.470402 0.940054 0.328161
102 0.500842 0.410417 0.951756 0.448132
48 0.502792 0.470402 0.940054 0.328161
97 0.501622 0.0933908 0.962677 0.186782
47 0.502792 0.470402 0.940054 0.328161
105 0.48836 0.419037 0.97672 0.437787
41 0.48836 0.419037 0.97672 0.437787
49 0.502792 0.470402 0.940054 0.328161
104 0.48836 0.419037 0.97672 0.437787
56 0.512544 0.41523 0.934593 0.45
75 0.496941 0.350072 0.961117 0.540086
48 0.505523 0.0746408 0.964238 0.149282
32 0.500842 0.44454 0.945515 0.386782
50 0.496941 0.350072 0.961117 0.540086
50 0.505523 0.0746408 0.964238 0.149282
76 0.505523 0.0746408 0.964238 0.149282
46 0.496941 0.350072 0.961117 0.540086
14 0.348912 0.141092 0.0947855 0.0321839
108 0.48758 0.418391 0.975159 0.437931
0 0.348912 0.141092 0.0947855 0.0321839
12 0.348912 0.134339 0.0932252 0.0281609
73 0.505523 0.0746408 0.964238 0.149282
68 0.151735 0.43477 0.290988 0.394828
75 0.501622 0.0933908 0.962677 0.186782
4 0.348912 0.141092 0.0947855 0.0321839
100 0.501622 0.0933908 0.962677 0.186782
26 0.348912 0.141092 0.0947855 0.0321839
28 0.498111 0.403448 0.966578 0.464368
74 0.500842 0.0910201 0.957997 0.18204
53 0.505523 0.0746408 0.964238 0.149282
68 0.278311 0.432471 0.545699 0.406322
47 0.501622 0.0933908 0.962677 0.186782
97 0.497721 0.380388 0.962677 0.496695
54 0.497721 0.380388 0.962677 0.496695
76 0.497721 0.380388 0.962677 0.496695
42 0.497721 0.380388 0.962677 0.496695
80 0.496161 0.358621 0.968918 0.556322
75 0.497721 0.380388 0.962677 0.496695
74 0.497721 0.380388 0.962677 0.496695
84 0.497721 0.380388 0.962677 0.496695
41 0.497721 0.380388 0.962677 0.496695
33 0.497721 0.380388 0.962677 0.496695
56 0.497721 0.380388 0.962677 0.496695
100 0.497721 0.39023 0.959557 0.490805
17 0.497721 0.380388 0.962677 0.496695
103 0.497721 0.380388 0.962677 0.496695
66 0.497721 0.380388 0.962677 0.496695
95 0.497721 0.380388 0.962677 0.496695
108 0.496161 0.358621 0.968918 0.556322
99 0.497721 0.39023 0.959557 0.490805
53 0.497721 0.39023 0.959557 0.490805
76 0.494601 0.467241 0.964238 0.329885
50 0.502402 0.437356 0.950195 0.402299
79 0.500062 0.37421 0.956436 0.513649
73 0.497721 0.39023 0.959557 0.490805
109 0.497721 0.380388 0.962677 0.496695
74 0.494601 0.467241 0.964238 0.329885
97 0.494601 0.467241 0.964238 0.329885
49 0.497721 0.39023 0.959557 0.490805
48 0.503511 0.379598 0.992979 0.522414
52 0.496161 0.358621 0.968918 0.556322
68 0.502402 0.437356 0.950195 0.402299
75 0.500452 0.462644 0.954096 0.336782
111 0.497721 0.39023 0.959557 0.490805
110 0.497721 0.380388 0.962677 0.496695
17 0.494601 0.467241 0.964238 0.329885
47 0.497721 0.39023 0.959557 0.490805
33 0.494601 0.467241 0.964238 0.329885
77 0.502402 0.437356 0.950195 0.402299
66 0.500452 0.462644 0.954096 0.336782
101 0.503962 0.447126 0.989202 0.381609
100 0.494601 0.467241 0.964238 0.329885
104 0.500062 0.37421 0.956436 0.513649
54 0.494601 0.467241 0.964238 0.329885
99 0.494601 0.467241 0.964238 0.329885
46 0.497721 0.39023 0.959557 0.490805
67 0.497721 0.380388 0.962677 0.496695
95 0.494601 0.467241 0.964238 0.329885
84 0.494601 0.467241 0.964238 0.329885
109 0.494601 0.467241 0.964238 0.329885
42 0.494601 0.467241 0.964238 0.329885
41 0.494601 0.467241 0.964238 0.329885
3 0.498111 0.427299 0.957217 0.417816
73 0.494601 0.467241 0.964238 0.329885
6 0.497721 0.380388 0.962677 0.496695
51 0.503511 0.379598 0.992979 0.522414
110 0.494601 0.467241 0.964238 0.329885
49 0.494601 0.467241 0.964238 0.329885
103 0.494601 0.467241 0.964238 0.329885
105 0.500062 0.37421 0.956436 0.513649
28 0.498111 0.427299 0.957217 0.417816
6 0.494601 0.467241 0.964238 0.329885
32 0.498111 0.427299 0.957217 0.417816
79 0.500452 0.462644 0.954096 0.336782
5 0.497721 0.380388 0.962677 0.496695
75 0.503182 0.436207 0.972039 0.403448
76 0.498501 0.399138 0.97984 0.474138
73 0.498501 0.399138 0.97984 0.474138
50 0.498501 0.399138 0.97984 0.474138
99 0.498501 0.399138 0.97984 0.474138
46 0.498501 0.399138 0.97984 0.474138
47 0.512544 0.416954 0.965798 0.425862
49 0.498501 0.399138 0.97984 0.474138
48 0.512544 0.416954 0.965798 0.425862
100 0.498501 0.399138 0.97984 0.474138
97 0.503182 0.436207 0.972039 0.403448
74 0.503182 0.436207 0.972039 0.403448
66 0.503182 0.436207 0.972039 0.403448
103 0.499282 0.422989 0.986081 0.425287
54 0.499282 0.422989 0.986081 0.425287
41 0.503182 0.436207 0.972039 0.403448
84 0.501232 0.43477 0.97594 0.400575
77 0.498501 0.399138 0.97984 0.474138
109 0.498501 0.399138 0.97984 0.474138
51 0.512544 0.416954 0.965798 0.425862
33 0.503182 0.436207 0.972039 0.403448
47 0.500062 0.337931 0.975159 0.602299
48 0.500062 0.337931 0.975159 0.602299
75 0.500062 0.337931 0.975159 0.602299
51 0.500062 0.337931 0.975159 0.602299
97 0.500062 0.337931 0.975159 0.602299
111 0.502402 0.397055 0.973599 0.479454
102 0.498501 0.399138 0.97984 0.474138
84 0.500062 0.337931 0.975159 0.602299
42 0.509423 0.413721 0.972039 0.439224
80 0.509423 0.413721 0.972039 0.439224
110 0.498501 0.399138 0.97984 0.474138
68 0.501232 0.43477 0.97594 0.400575
101 0.502402 0.397055 0.973599 0.479454
17 0.503182 0.436207 0.972039 0.403448
53 0.512544 0.416954 0.965798 0.425862
99 0.499282 0.409483 0.954876 0.458046
73 0.496941 0.421839 0.968918 0.441379
76 0.497721 0.412069 0.959557 0.464368
50 0.498892 0.420187 0.971259 0.437787
46 0.493041 0.400503 0.964238 0.474856
75 0.496941 0.421839 0.968918 0.441379
48 0.498111 0.411782 0.972819 0.453448
97 0.496941 0.421839 0.968918 0.441379
100 0.497721 0.412069 0.959557 0.464368
51 0.498111 0.411782 0.972819 0.453448
47 0.498111 0.411782 0.972819 0.453448
49 0.498892 0.420187 0.971259 0.437787
103 0.496941 0.421839 0.968918 0.441379
109 0.499282 0.409483 0.954876 0.458046
110 0.497721 0.412069 0.959557 0.464368
41 0.496941 0.421839 0.968918 0.441379
42 0.48953 0.418463 0.97906 0.450431
84 0.496941 0.421839 0.968918 0.441379
111 0.496941 0.421839 0.968918 0.441379
54 0.496941 0.421839 0.968918 0.441379
102 0.497721 0.412069 0.959557 0.464368
46 0.617764 0.419253 0.730394 0.439655
17 0.496941 0.421839 0.968918 0.441379
77 0.496941 0.421839 0.968918 0.441379
101 0.493821 0.412572 0.962677 0.459914
75 0.500062 0.418894 0.97672 0.442672
76 0.500062 0.418894 0.97672 0.442672
97 0.504743 0.416667 0.970479 0.439081
109 0.502012 0.418103 0.974379 0.441954
84 0.504743 0.416667 0.970479 0.439081
111 0.504743 0.416667 0.970479 0.439081
66 0.500062 0.418894 0.97672 0.442672
99 0.500062 0.418894 0.97672 0.442672
74 0.500062 0.418894 0.97672 0.442672
73 0.500062 0.418894 0.97672 0.442672
100 0.500062 0.418894 0.97672 0.442672
77 0.502012 0.418103 0.974379 0.441954
110 0.504743 0.416667 0.970479 0.439081
50 0.500062 0.418894 0.97672 0.442672
33 0.500062 0.418894 0.97672 0.442672
103 0.500062 0.418894 0.97672 0.442672
46 0.500062 0.418894 0.97672 0.442672
42 0.503182 0.416164 0.975159 0.448132
95 0.504743 0.416667 0.970479 0.439081
34 0.500062 0.418894 0.97672 0.442672
101 0.504743 0.416667 0.970479 0.439081
54 0.502402 0.418103 0.972039 0.440805
47 0.500062 0.418894 0.97672 0.442672
52 0.505523 0.42069 0.970479 0.442529
76 0.499282 0.417816 0.967358 0.447126
97 0.497721 0.403448 0.973599 0.473563
50 0.495381 0.447989 0.957997 0.394828
75 0.499282 0.417816 0.967358 0.447126
100 0.499282 0.417816 0.967358 0.447126
73 0.499282 0.417816 0.967358 0.447126
99 0.498892 0.422414 0.961897 0.442529
84 0.497721 0.403448 0.973599 0.473563
48 0.50312 0.429239 0.993759 0.430029
109 0.508643 0.404885 0.957997 0.47069
49 0.495381 0.447989 0.957997 0.394828
110 0.508643 0.404885 0.957997 0.47069
46 0.498892 0.422414 0.961897 0.442529
47 0.498892 0.422414 0.961897 0.442529
42 0.499282 0.417816 0.967358 0.447126
111 0.497721 0.403448 0.973599 0.473563
54 0.508643 0.404885 0.957997 0.47069
103 0.499282 0.417816 0.967358 0.447126
51 0.498892 0.422414 0.961897 0.442529
77 0.508643 0.404885 0.957997 0.47069
101 0.499282 0.417816 0.967358 0.447126
74 0.499282 0.417816 0.967358 0.447126
33 0.508643 0.404885 0.957997 0.47069
102 0.495381 0.447989 0.957997 0.394828
66 0.495381 0.447989 0.957997 0.394828
95 0.508643 0.404885 0.957997 0.47069
34 0.495381 0.447989 0.957997 0.394828
29 0.495381 0.447989 0.957997 0.394828
17 0.499282 0.417816 0.967358 0.447126
41 0.499282 0.417816 0.967358 0.447126
68 0.495381 0.447989 0.957997 0.394828
76 0.499282 0.435057 0.962677 0.417241
50 0.49187 0.451437 0.969699 0.38908
74 0.495771 0.443175 0.971259 0.403305
97 0.498501 0.420187 0.962677 0.435489
66 0.49187 0.451437 0.969699 0.38908
100 0.503182 0.430747 0.962677 0.416667
75 0.503182 0.430747 0.962677 0.416667
109 0.503182 0.430747 0.962677 0.416667
49 0.49187 0.451437 0.969699 0.38908
47 0.498501 0.420187 0.962677 0.435489
99 0.503182 0.430747 0.962677 0.416667
110 0.503182 0.430747 0.962677 0.416667
101 0.49187 0.451437 0.969699 0.38908
84 0.498501 0.420187 0.962677 0.435489
73 0.503182 0.430747 0.962677 0.416667
46 0.498501 0.420187 0.962677 0.435489
77 0.49187 0.451437 0.969699 0.38908
17 0.49148 0.449425 0.970479 0.386207
54 0.48914 0.426149 0.97828 0.423563
111 0.498501 0.420187 0.962677 0.435489
95 0.503182 0.430747 0.962677 0.416667
102 0.49187 0.451437 0.969699 0.38908
68 0.49187 0.451437 0.969699 0.38908
33 0.503182 0.430747 0.962677 0.416667
48 0.49148 0.449425 0.970479 0.386207
51 0.498501 0.420187 0.962677 0.435489
41 0.503182 0.430747 0.962677 0.416667
52 0.496941 0.419828 0.964238 0.438506
42 0.48914 0.426149 0.97828 0.423563
56 0.496941 0.419828 0.964238 0.438506
67 0.494601 0.457471 0.982961 0.37931
53 0.496941 0.419828 0.964238 0.438506
103 0.503182 0.430747 0.962677 0.416667
80 0.48914 0.426149 0.97828 0.423563
104 0.49148 0.449425 0.970479 0.386207
100 0.496941 0.431897 0.964238 0.413218
76 0.496941 0.431897 0.964238 0.413218
99 0.496941 0.431897 0.964238 0.413218
73 0.496941 0.431897 0.964238 0.413218
50 0.496941 0.431897 0.964238 0.413218
46 0.494601 0.433046 0.964238 0.412069
97 0.509033 0.421552 0.946295 0.432759
75 0.494601 0.433046 0.964238 0.416667
49 0.496941 0.431897 0.964238 0.413218
47 0.509033 0.421552 0.946295 0.432759
51 0.509033 0.421552 0.946295 0.432759
109 0.494601 0.433046 0.964238 0.412069
48 0.494601 0.433046 0.964238 0.412069
17 0.494601 0.433046 0.964238 0.412069
84 0.509033 0.421552 0.946295 0.432759
110 0.496941 0.431897 0.964238 0.413218
74 0.494601 0.433046 0.964238 0.416667
111 0.494601 0.433046 0.964238 0.412069
103 0.494601 0.433046 0.964238 0.412069
41 0.494601 0.433046 0.964238 0.412069
66 0.494601 0.433046 0.964238 0.416667
77 0.494601 0.433046 0.964238 0.416667
33 0.494601 0.433046 0.964238 0.412069
76 0.500062 0.427299 0.953316 0.421264
50 0.49148 0.428448 0.967358 0.412069
46 0.493431 0.433046 0.969699 0.401724
100 0.493431 0.433046 0.969699 0.401724
75 0.500062 0.427299 0.953316 0.421264
97 0.496161 0.415517 0.973599 0.433333
99 0.493431 0.433046 0.969699 0.401724
73 0.493431 0.433046 0.969699 0.401724
49 0.493431 0.433046 0.969699 0.401724
42 0.49148 0.428448 0.967358 0.412069
110 0.496161 0.415517 0.973599 0.433333
17 0.493431 0.433046 0.969699 0.401724
47 0.49109 0.421336 0.982181 0.421695
54 0.49148 0.428448 0.967358 0.412069
111 0.496161 0.415517 0.973599 0.433333
109 0.496161 0.415517 0.973599 0.433333
66 0.493431 0.433046 0.969699 0.401724
41 0.493431 0.433046 0.969699 0.401724
48 0.493431 0.433046 0.969699 0.401724
33 0.493431 0.433046 0.969699 0.401724
84 0.496161 0.415517 0.973599 0.433333
74 0.493431 0.433046 0.969699 0.401724
103 0.493431 0.433046 0.969699 0.401724
51 0.49109 0.421336 0.982181 0.421695
34 0.49148 0.428448 0.967358 0.412069
95 0.493431 0.433046 0.969699 0.401724
3 0.493431 0.433046 0.969699 0.401724
29 0.493431 0.433046 0.969699 0.401724
4 0.48875 0.428736 0.966578 0.410345
101 0.493431 0.433046 0.969699 0.401724
76 0.500452 0.428448 0.971259 0.413218
100 0.499282 0.430747 0.968918 0.415517
73 0.499282 0.430747 0.968918 0.415517
46 0.499282 0.430747 0.968918 0.415517
50 0.500452 0.428448 0.971259 0.413218
99 0.499282 0.430747 0.968918 0.415517
97 0.496551 0.419828 0.988422 0.42931
111 0.506303 0.420977 0.959557 0.433908
49 0.498892 0.416379 0.958777 0.452299
109 0.496551 0.419828 0.988422 0.42931
47 0.498892 0.416379 0.958777 0.452299
75 0.499282 0.430747 0.968918 0.415517
77 0.502792 0.433621 0.958777 0.408621
84 0.506303 0.420977 0.959557 0.433908
56 0.506303 0.420977 0.959557 0.433908
110 0.502792 0.433621 0.958777 0.408621
42 0.499282 0.423851 0.97984 0.421264
48 0.498892 0.416379 0.958777 0.452299
51 0.498892 0.416379 0.958777 0.452299
54 0.499282 0.423851 0.97984 0.421264
1 0.506303 0.420977 0.959557 0.433908
101 0.502792 0.433621 0.958777 0.408621
8 0.507083 0.417816 0.959557 0.434483
66 0.499282 0.430747 0.968918 0.415517
3 0.506303 0.420977 0.959557 0.433908
41 0.501622 0.431322 0.962677 0.408621
17 0.499282 0.430747 0.968918 0.415517
29 0.499282 0.430747 0.968918 0.415517
74 0.499282 0.430747 0.968918 0.415517
95 0.506303 0.420977 0.959557 0.433908
12 0.506303 0.420977 0.959557 0.433908
34 0.498502 0.428233 0.956436 0.423994
33 0.499282 0.423851 0.97984 0.421264
103 0.499282 0.423851 0.97984 0.421264
76 0.513324 0.411494 0.972039 0.450575
50 0.507083 0.412141 0.97984 0.456178
46 0.507083 0.412141 0.97984 0.456178
109 0.516773 0.409483 0.966455 0.456897
49 0.507083 0.412141 0.97984 0.456178
111 0.516773 0.409483 0.966455 0.456897
47 0.507083 0.412141 0.97984 0.456178
99 0.513262 0.409195 0.973476 0.45977
84 0.519503 0.412069 0.960994 0.46092
48 0.507083 0.412141 0.97984 0.456178
100 0.507083 0.412141 0.97984 0.456178
51 0.507083 0.412141 0.97984 0.456178
73 0.507083 0.412141 0.97984 0.456178
97 0.517163 0.408908 0.965674 0.451149
110 0.517163 0.408908 0.965674 0.451149
95 0.516773 0.409483 0.966455 0.456897
75 0.513262 0.409195 0.973476 0.45977
42 0.513324 0.411494 0.972039 0.450575
34 0.513324 0.411494 0.972039 0.450575
9 0.517163 0.408908 0.965674 0.451149
103 0.512482 0.414871 0.975036 0.455316
1 0.519503 0.412069 0.960994 0.46092
67 0.516773 0.409483 0.966455 0.456897
8 0.510532 0.412141 0.978937 0.446983
29 0.513324 0.411494 0.972039 0.450575
77 0.516773 0.409483 0.966455 0.456897
54 0.513262 0.409195 0.973476 0.45977
4 0.507863 0.420115 0.97828 0.436782
56 0.512482 0.414871 0.975036 0.455316
2 0.519503 0.412069 0.960994 0.46092
25 0.517163 0.408908 0.965674 0.451149
52 0.519503 0.412069 0.960994 0.46092
101 0.510532 0.412141 0.978937 0.446983
32 0.519503 0.412069 0.960994 0.46092
3 0.510532 0.412141 0.978937 0.446983
66 0.507083 0.412141 0.97984 0.456178
81 0.513262 0.409195 0.973476 0.45977
6 0.517163 0.408908 0.965674 0.451149
76 0.503182 0.409267 0.950195 0.446983
46 0.502402 0.412356 0.954876 0.446552
100 0.492651 0.44454 0.972819 0.383333
49 0.492651 0.44454 0.972819 0.383333
76 0.48992 0.480172 0.975159 0.318966
99 0.502402 0.412356 0.954876 0.446552
46 0.48992 0.480172 0.975159 0.318966
50 0.492651 0.44454 0.972819 0.383333
75 0.502402 0.412356 0.954876 0.446552
111 0.500452 0.413793 0.968138 0.441379
73 0.500452 0.413793 0.968138 0.441379
47 0.500452 0.413793 0.968138 0.441379
109 0.49148 0.417888 0.9814 0.435489
48 0.502402 0.412356 0.954876 0.446552
75 0.4907 0.477012 0.970479 0.316092
99 0.48992 0.480172 0.975159 0.318966
84 0.500452 0.413793 0.968138 0.441379
103 0.49148 0.417888 0.9814 0.435489
110 0.500452 0.413793 0.968138 0.441379
29 0.503182 0.409267 0.950195 0.446983
95 0.502402 0.412356 0.954876 0.446552
66 0.492651 0.44454 0.972819 0.383333
47 0.48992 0.480172 0.975159 0.318966
74 0.492651 0.44454 0.972819 0.383333
73 0.48992 0.480172 0.975159 0.318966
101 0.502402 0.412356 0.954876 0.446552
48 0.4907 0.477012 0.970479 0.316092
3 0.49109 0.445115 0.971259 0.381034
54 0.502402 0.412356 0.954876 0.446552
56 0.500452 0.413793 0.968138 0.441379
97 0.4907 0.416379 0.97828 0.433908
42 0.503182 0.409267 0.950195 0.446983
29 0.48992 0.480172 0.975159 0.318966
77 0.500452 0.413793 0.968138 0.441379
4 0.49109 0.445115 0.971259 0.381034
110 0.48992 0.480172 0.975159 0.318966
41 0.502402 0.412356 0.954876 0.446552
46 0.504743 0.403161 0.967358 0.471839
100 0.501232 0.441954 0.9775 0.4
76 0.505913 0.401078 0.965018 0.470259
103 0.496161 0.408621 0.982961 0.46092
84 0.564812 0.407759 0.845658 0.455747
73 0.504743 0.403161 0.967358 0.471839
47 0.504743 0.403161 0.967358 0.471839
41 0.504743 0.403161 0.967358 0.471839
99 0.504743 0.403161 0.967358 0.471839
48 0.504743 0.403161 0.967358 0.471839
56 0.501232 0.441954 0.9775 0.4
109 0.514104 0.408621 0.951756 0.458621
97 0.55311 0.406322 0.862821 0.457471
75 0.505913 0.401078 0.965018 0.470259
95 0.564812 0.407759 0.845658 0.455747
49 0.504743 0.403161 0.967358 0.471839
111 0.564812 0.407759 0.845658 0.455747
50 0.504743 0.403161 0.967358 0.471839
17 0.501232 0.441954 0.9775 0.4
54 0.504743 0.403161 0.967358 0.471839
104 0.504743 0.403161 0.967358 0.471839
100 0.49226 0.415805 0.968918 0.446552
76 0.49226 0.415805 0.968918 0.446552
73 0.500062 0.411782 0.954876 0.453448
99 0.492651 0.416595 0.971259 0.444971
46 0.507863 0.40977 0.943954 0.455172
47 0.507863 0.40977 0.943954 0.455172
109 0.500062 0.411782 0.954876 0.453448
110 0.49226 0.415805 0.968918 0.446552
75 0.492651 0.416595 0.971259 0.444971
103 0.503962 0.411207 0.951756 0.456897
41 0.501622 0.408333 0.953316 0.459195
77 0.492651 0.416595 0.971259 0.444971
49 0.507863 0.40977 0.943954 0.455172
76 0.499282 0.425287 0.954876 0.422989
46 0.499282 0.425287 0.954876 0.422989
100 0.499282 0.425287 0.954876 0.422989
50 0.499282 0.441667 0.970479 0.394828
49 0.499672 0.445115 0.971259 0.391379
75 0.48914 0.418966 0.97828 0.433333
103 0.500062 0.416739 0.965798 0.436638
99 0.499282 0.425287 0.954876 0.422989
47 0.48836 0.418391 0.97672 0.434483
73 0.499282 0.425287 0.954876 0.422989
110 0.499672 0.445115 0.971259 0.391379
48 0.500062 0.416739 0.965798 0.436638
109 0.499282 0.425287 0.954876 0.422989
97 0.498892 0.424784 0.965018 0.422845
54 0.499282 0.425287 0.954876 0.422989
41 0.48914 0.418966 0.97828 0.433333
66 0.499282 0.425287 0.954876 0.422989
74 0.499672 0.445115 0.971259 0.391379
17 0.499282 0.425287 0.954876 0.422989
76 0.497721 0.417313 0.954876 0.449282
109 0.495381 0.412644 0.957997 0.45977
75 0.497721 0.417313 0.954876 0.449282
73 0.495381 0.412644 0.957997 0.45977
99 0.497721 0.417313 0.954876 0.449282
46 0.503572 0.416954 0.955656 0.448851
47 0.503572 0.416954 0.955656 0.448851
100 0.497721 0.417313 0.954876 0.449282
111 0.503572 0.416954 0.955656 0.448851
49 0.498892 0.414655 0.952536 0.454598
110 0.497721 0.413506 0.954876 0.453448
48 0.498892 0.414655 0.952536 0.454598
50 0.498892 0.414655 0.952536 0.454598
84 0.497721 0.418103 0.965798 0.441954
103 0.48875 0.420402 0.9775 0.439655
66 0.494991 0.417816 0.957216 0.449425
74 0.494991 0.417816 0.957216 0.449425
103 0.500062 0.899138 0.964238 0.201724
97 0.498892 0.414655 0.952536 0.454598
77 0.497721 0.418103 0.965798 0.441954
48 0.498502 0.84454 0.959557 0.31092
109 0.500062 0.899138 0.964238 0.201724
103 0.500842 0.851149 0.970479 0.297701
101 0.503572 0.416954 0.955656 0.448851
73 0.498502 0.84454 0.959557 0.31092
56 0.497721 0.418103 0.965798 0.441954
103 0.493041 0.426724 0.97672 0.420115
100 0.495771 0.432759 0.963457 0.412644
76 0.502792 0.432471 0.950975 0.40977
46 0.501622 0.431897 0.947075 0.412069
109 0.495771 0.432759 0.963457 0.412644
99 0.501622 0.431897 0.947075 0.412069
73 0.495381 0.444253 0.964238 0.395402
47 0.501622 0.433405 0.943954 0.4125
48 0.502792 0.422989 0.963458 0.429885
56 0.501622 0.433405 0.943954 0.4125
75 0.501622 0.431897 0.947075 0.412069
41 0.501622 0.433405 0.943954 0.4125
49 0.501622 0.433405 0.943954 0.4125
111 0.501622 0.433405 0.943954 0.4125
50 0.495381 0.433908 0.967358 0.408046
3 0.495771 0.432759 0.963457 0.412644
95 0.501622 0.431897 0.947075 0.412069
17 0.495381 0.444253 0.964238 0.395402
100 0.507083 0.404023 0.972039 0.465517
46 0.507083 0.404023 0.972039 0.465517
76 0.507083 0.404023 0.972039 0.465517
73 0.501622 0.424713 0.984521 0.426437
49 0.507083 0.404023 0.972039 0.465517
47 0.506693 0.399425 0.98062 0.463218
109 0.502012 0.400503 0.986861 0.473707
99 0.507083 0.404023 0.972039 0.465517
75 0.501622 0.424713 0.984521 0.426437
56 0.506693 0.399425 0.98062 0.463218
103 0.503962 0.402012 0.984521 0.46954
50 0.501622 0.424713 0.984521 0.426437
97 0.501622 0.424713 0.984521 0.426437
111 0.511702 0.403736 0.976596 0.467241
48 0.506693 0.399425 0.98062 0.463218
54 0.506693 0.399425 0.98062 0.463218
110 0.507083 0.404023 0.972039 0.465517
100 0.48953 0.420977 0.97906 0.432759
76 0.49226 0.434483 0.970479 0.404598
46 0.49226 0.434483 0.970479 0.404598
73 0.492651 0.420115 0.974379 0.427586
75 0.49226 0.434483 0.970479 0.404598
29 0.49226 0.434483 0.970479 0.404598
99 0.493041 0.43398 0.968918 0.410201
109 0.493041 0.43398 0.968918 0.410201
49 0.49226 0.434483 0.970479 0.404598
3 0.49226 0.434483 0.970479 0.404598
41 0.500062 0.42579 0.953316 0.423132
17 0.49226 0.434483 0.970479 0.404598
47 0.492651 0.420115 0.974379 0.427586
66 0.49226 0.434483 0.970479 0.404598
50 0.49226 0.434483 0.970479 0.404598
56 0.492651 0.420115 0.974379 0.427586
34 0.49226 0.434483 0.970479 0.404598
103 0.493041 0.43398 0.968918 0.410201
74 0.49226 0.434483 0.970479 0.404598
97 0.49226 0.434483 0.970479 0.404598
46 0.500452 0.431034 0.958777 0.42069
49 0.498111 0.429957 0.961897 0.415948
47 0.48836 0.454598 0.97672 0.375862
100 0.500452 0.431034 0.958777 0.42069
76 0.500452 0.431034 0.958777 0.42069
73 0.500452 0.431034 0.958777 0.42069
50 0.4907 0.44569 0.975159 0.38908
99 0.500452 0.431034 0.958777 0.42069
48 0.4907 0.44569 0.975159 0.38908
75 0.4907 0.442601 0.975159 0.398707
56 0.500452 0.431034 0.958777 0.42069
109 0.500452 0.431034 0.958777 0.42069
97 0.4907 0.442601 0.975159 0.398707
34 0.4907 0.442601 0.975159 0.398707
100 0.4907 0.422989 0.975159 0.428736
46 0.500062 0.427874 0.953316 0.421264
76 0.498502 0.42931 0.956436 0.417241
73 0.4907 0.423491 0.9814 0.428879
49 0.49187 0.432687 0.969699 0.410489
47 0.496161 0.423851 0.968918 0.425862
50 0.49187 0.432687 0.969699 0.410489
99 0.500062 0.427874 0.953316 0.421264
75 0.49148 0.43477 0.968918 0.404023
48 0.496161 0.423851 0.968918 0.425862
109 0.498502 0.42931 0.956436 0.417241
97 0.49148 0.43477 0.968918 0.404023
111 0.496161 0.423851 0.968918 0.425862
103 0.500062 0.427874 0.953316 0.421264
56 0.4907 0.422989 0.975159 0.428736
48 0.483679 0.922414 0.933033 0.155172
54 0.49187 0.432687 0.969699 0.410489
41 0.500062 0.427874 0.953316 0.421264
46 0.494601 0.406825 0.97984 0.457615
76 0.502792 0.410057 0.961897 0.458046
49 0.501622 0.403736 0.964238 0.460345
100 0.496551 0.41408 0.982181 0.45
50 0.494601 0.406825 0.97984 0.457615
97 0.496551 0.41408 0.982181 0.45
47 0.494601 0.406825 0.97984 0.457615
34 0.495381 0.412572 0.97828 0.451868
109 0.505913 0.415445 0.961897 0.446121
75 0.502792 0.410057 0.961897 0.458046
73 0.499282 0.410057 0.973599 0.446552
29 0.495381 0.412572 0.97828 0.451868
111 0.505913 0.415445 0.961897 0.446121
42 0.495381 0.412572 0.97828 0.451868
100 0.4907 0.420618 0.9814 0.432328
46 0.499282 0.426149 0.951756 0.420115
76 0.499282 0.426149 0.951756 0.420115
49 0.493041 0.430747 0.967358 0.408621
73 0.495381 0.415805 0.97672 0.428161
50 0.493041 0.430747 0.967358 0.408621
29 0.493821 0.428233 0.964238 0.414799
99 0.495381 0.415805 0.97672 0.428161
56 0.495381 0.415805 0.97672 0.428161
41 0.495381 0.415805 0.97672 0.428161
17 0.493041 0.430747 0.967358 0.408621
109 0.500062 0.422701 0.953316 0.423563
34 0.493821 0.428233 0.964238 0.414799
47 0.495381 0.415805 0.97672 0.428161
103 0.495381 0.415805 0.97672 0.428161
111 0.495381 0.415805 0.97672 0.428161
110 0.500062 0.422701 0.953316 0.423563
100 0.507083 0.420043 0.973599 0.435776
76 0.501622 0.410991 0.961117 0.45273
46 0.502402 0.416667 0.961117 0.444828
49 0.496551 0.414655 0.97594 0.448851
73 0.503182 0.419828 0.97672 0.433908
109 0.503962 0.419828 0.97828 0.432759
29 0.501622 0.410991 0.961117 0.45273
47 0.503182 0.419828 0.97672 0.433908
75 0.501622 0.410991 0.961117 0.45273
56 0.503182 0.419828 0.97672 0.433908
34 0.496941 0.409124 0.972039 0.455316
50 0.496551 0.414655 0.97594 0.448851
97 0.500842 0.411782 0.956436 0.453448
99 0.503182 0.419828 0.97672 0.433908
3 0.502402 0.416667 0.961117 0.444828
111 0.503182 0.419828 0.97672 0.433908
41 0.500842 0.411782 0.956436 0.453448
95 0.500842 0.411782 0.956436 0.453448
17 0.500842 0.411782 0.956436 0.453448
103 0.502402 0.416667 0.961117 0.444828
46 0.516444 0.420043 0.953316 0.435776
76 0.501622 0.418319 0.97828 0.435776
100 0.503962 0.420402 0.973599 0.435057
49 0.503962 0.420402 0.973599 0.435057
47 0.516444 0.420043 0.953316 0.435776
50 0.501622 0.433046 0.975159 0.407471
29 0.506303 0.418319 0.962677 0.436925
103 0.503962 0.420402 0.973599 0.435057
3 0.506303 0.418319 0.962677 0.436925
73 0.503962 0.420402 0.973599 0.435057
99 0.503962 0.420402 0.973599 0.435057
109 0.503962 0.420402 0.973599 0.435057
75 0.506303 0.418319 0.962677 0.436925
34 0.506303 0.418319 0.962677 0.436925
46 0.496161 0.435632 0.975159 0.404598
76 0.504743 0.427012 0.967358 0.42069
100 0.504743 0.427012 0.967358 0.42069
49 0.498502 0.430747 0.9814 0.414368
103 0.502402 0.420762 0.982961 0.430891
50 0.498502 0.430747 0.9814 0.414368
75 0.498502 0.430747 0.9814 0.414368
109 0.498502 0.430747 0.9814 0.414368
101 0.500062 0.0117098 0.982961 0.0234195
73 0.498502 0.430747 0.9814 0.414368
29 0.496161 0.435632 0.975159 0.404598
3 0.504743 0.427012 0.967358 0.42069
34 0.496161 0.435632 0.975159 0.404598
102 0.500062 0.0117098 0.982961 0.0234195
100 0.495381 0.417744 0.984521 0.44727
46 0.494211 0.412931 0.985301 0.459195
76 0.498501 0.412069 0.975159 0.456322
103 0.499672 0.413218 0.97594 0.454023
49 0.48875 0.429598 0.9775 0.432759
50 0.48875 0.429598 0.9775 0.432759
109 0.498501 0.412069 0.975159 0.456322
56 0.495381 0.417744 0.984521 0.44727
75 0.498501 0.412069 0.975159 0.456322
73 0.494211 0.412931 0.985301 0.459195
41 0.495381 0.417744 0.984521 0.44727
47 0.494211 0.412931 0.985301 0.459195
99 0.494211 0.412931 0.985301 0.459195
29 0.494211 0.412931 0.985301 0.459195
34 0.493821 0.408908 0.984521 0.462644
3 0.498501 0.412069 0.975159 0.456322
111 0.494211 0.412931 0.985301 0.459195
48 0.494211 0.412931 0.985301 0.459195
97 0.494211 0.412931 0.985301 0.459195
95 0.494211 0.412931 0.985301 0.459195
66 0.494211 0.412931 0.985301 0.459195
46 0.495381 0.422917 0.97828 0.431178
100 0.510203 0.421839 0.961117 0.428736
56 0.499282 0.421911 0.982961 0.425144
76 0.504352 0.426365 0.963457 0.418534
109 0.504352 0.426365 0.963457 0.418534
103 0.504352 0.426365 0.963457 0.418534
73 0.499282 0.421911 0.982961 0.425144
3 0.495381 0.422917 0.97828 0.431178
47 0.499282 0.421911 0.982961 0.425144
75 0.504743 0.428736 0.962677 0.41954
34 0.495381 0.422917 0.97828 0.431178
99 0.499282 0.421911 0.982961 0.425144
41 0.499282 0.421911 0.982961 0.425144
29 0.496941 0.423635 0.9814 0.426293
35 0.495381 0.422917 0.97828 0.431178
111 0.503182 0.426149 0.965798 0.421264
49 0.496941 0.423635 0.9814 0.426293
97 0.503182 0.426149 0.965798 0.421264
95 0.503182 0.426149 0.965798 0.421264
48 0.503182 0.426149 0.965798 0.421264
100 0.500842 0.427299 0.982961 0.421264
49 0.497721 0.435129 0.9814 0.406753
46 0.507083 0.431322 0.959557 0.413218
76 0.506303 0.431681 0.961117 0.414799
73 0.500842 0.425287 0.9814 0.42069
103 0.500842 0.425287 0.9814 0.42069
99 0.500842 0.425287 0.9814 0.42069
50 0.497721 0.435129 0.9814 0.406753
109 0.507083 0.431322 0.959557 0.413218
56 0.500842 0.425287 0.9814 0.42069
47 0.500842 0.425287 0.9814 0.42069
29 0.496551 0.433261 0.97906 0.411638
48 0.500842 0.425287 0.9814 0.42069
100 0.502012 0.421552 0.983741 0.435057
46 0.497721 0.416954 0.973599 0.443103
49 0.497721 0.425287 0.972039 0.426437
76 0.507083 0.418319 0.957997 0.439224
103 0.503962 0.418894 0.959557 0.434626
47 0.503962 0.418894 0.959557 0.434626
73 0.503962 0.418894 0.959557 0.434626
29 0.497721 0.416954 0.973599 0.443103
109 0.503962 0.418894 0.959557 0.434626
48 0.503962 0.418894 0.959557 0.434626
56 0.502012 0.421552 0.983741 0.435057
50 0.497721 0.425287 0.972039 0.426437
46 0.502792 0.426724 0.952536 0.421264
100 0.508643 0.420115 0.961117 0.432184
76 0.502402 0.428664 0.951756 0.416236
49 0.494211 0.426437 0.966578 0.425287
103 0.497331 0.421767 0.9775 0.431178
56 0.508643 0.420115 0.961117 0.432184
50 0.494211 0.426437 0.966578 0.425287
109 0.497331 0.421767 0.9775 0.431178
73 0.508643 0.420115 0.961117 0.432184
75 0.502792 0.426724 0.952536 0.421264
29 0.502792 0.426724 0.952536 0.421264
47 0.508643 0.420115 0.961117 0.432184
34 0.494211 0.426437 0.966578 0.425287
41 0.508643 0.420115 0.961117 0.432184
3 0.502792 0.426724 0.952536 0.421264
100 0.498111 0.423851 0.982181 0.425862
76 0.497721 0.427874 0.97984 0.424713
46 0.497721 0.427874 0.97984 0.424713
103 0.506303 0.424641 0.956436 0.423132
109 0.497721 0.427874 0.97984 0.424713
73 0.498892 0.421839 0.982181 0.428736
49 0.497721 0.427874 0.97984 0.424713
75 0.497721 0.427874 0.97984 0.424713
99 0.506303 0.426724 0.957997 0.422414
41 0.507083 0.421552 0.965798 0.42931
3 0.497721 0.427874 0.97984 0.424713
48 0.506693 0.424066 0.957217 0.428879
100 0.501622 0.424138 0.97672 0.431034
46 0.495771 0.428736 0.98062 0.42069
49 0.495771 0.428736 0.98062 0.42069
76 0.504743 0.435057 0.962677 0.408046
103 0.498501 0.424784 0.982961 0.427443
73 0.498501 0.424784 0.982961 0.427443
48 0.502402 0.431681 0.967358 0.414799
99 0.498501 0.424784 0.982961 0.427443
50 0.502402 0.431681 0.967358 0.414799
56 0.498501 0.424784 0.982961 0.427443
109 0.498502 0.425 0.9814 0.428161
47 0.502402 0.431681 0.967358 0.414799
29 0.496161 0.430747 0.97984 0.416667
3 0.504743 0.435057 0.962677 0.408046
41 0.498501 0.424784 0.982961 0.427443
100 0.494211 0.425216 0.982181 0.430029
46 0.492651 0.433262 0.971259 0.412787
76 0.502402 0.430532 0.950195 0.415948
49 0.492651 0.433262 0.971259 0.412787
73 0.502402 0.430532 0.950195 0.415948
99 0.502402 0.430532 0.950195 0.415948
103 0.502402 0.430532 0.950195 0.415948
41 0.495381 0.425 0.97984 0.428161
50 0.492651 0.433262 0.971259 0.412787
48 0.502402 0.430532 0.950195 0.415948
47 0.502402 0.430532 0.950195 0.415948
109 0.502402 0.430532 0.950195 0.415948
100 0.493041 0.426365 0.986081 0.42773
76 0.498501 0.432184 0.962677 0.416092
46 0.493821 0.438506 0.972039 0.404598
103 0.498501 0.432184 0.962677 0.416092
109 0.498501 0.432184 0.962677 0.416092
75 0.498501 0.432184 0.962677 0.416092
29 0.493821 0.438506 0.972039 0.404598
41 0.496941 0.424425 0.975159 0.431609
3 0.498501 0.432184 0.962677 0.416092
73 0.496941 0.424425 0.975159 0.431609
49 0.493821 0.438506 0.972039 0.404598
100 0.508253 0.425 0.968138 0.428161
76 0.503572 0.429885 0.965018 0.417241
46 0.497721 0.436782 0.97828 0.404598
103 0.503572 0.429885 0.965018 0.417241
49 0.497721 0.436782 0.97828 0.404598
109 0.503572 0.429885 0.965018 0.417241
29 0.497331 0.434195 0.97594 0.40977
41 0.500842 0.427874 0.982961 0.423563
3 0.497331 0.434195 0.97594 0.40977
50 0.503962 0.430747 0.965798 0.418966
48 0.503962 0.430747 0.965798 0.418966
100 0.508253 0.423851 0.971259 0.424713
76 0.507863 0.432471 0.968918 0.407471
46 0.500452 0.43671 0.983741 0.400144
103 0.507863 0.432471 0.968918 0.407471
3 0.511764 0.434986 0.961117 0.401293
109 0.507863 0.432471 0.968918 0.407471
49 0.507863 0.432471 0.968918 0.407471
29 0.511764 0.434986 0.961117 0.401293
41 0.508253 0.423851 0.971259 0.424713
99 0.498501 0.431681 0.97828 0.409052
100 0.501622 0.427012 0.97984 0.422989
76 0.498502 0.441667 0.984521 0.394828
46 0.506693 0.431609 0.966578 0.414943
73 0.532827 0.421767 0.912749 0.434626
49 0.498502 0.441667 0.984521 0.394828
109 0.506693 0.431609 0.966578 0.414943
103 0.506693 0.431609 0.966578 0.414943
0 0.351057 0.134626 0.0873743 0.0272989
99 0.502402 0.427586 0.97984 0.424138
29 0.499282 0.438793 0.9814 0.400575
50 0.498502 0.441667 0.984521 0.394828
41 0.532827 0.421767 0.912749 0.434626
3 0.499282 0.438793 0.9814 0.400575
6 0.352618 0.137069 0.0959557 0.0261494
100 0.499672 0.424713 0.983741 0.425287
49 0.497721 0.451149 0.987641 0.37931
50 0.497721 0.451149 0.987641 0.37931
76 0.508643 0.431034 0.973599 0.409195
46 0.501622 0.440517 0.989202 0.393678
29 0.501622 0.439009 0.987641 0.398994
109 0.508643 0.431034 0.973599 0.409195
73 0.510984 0.422701 0.959557 0.431609
103 0.509423 0.431609 0.973599 0.410345
100 0.509033 0.419468 0.965018 0.438075
76 0.503962 0.428736 0.97828 0.414943
46 0.500062 0.435057 0.987641 0.403448
103 0.503962 0.428736 0.97828 0.414943
49 0.500062 0.435057 0.987641 0.403448
29 0.500062 0.434555 0.987641 0.406753
3 0.500062 0.434555 0.987641 0.406753
41 0.502402 0.421264 0.97984 0.426437
109 0.503962 0.428736 0.97828 0.414943
75 0.500062 0.435057 0.987641 0.403448
50 0.500062 0.435057 0.987641 0.403448
73 0.502402 0.421264 0.97984 0.426437
99 0.502402 0.421264 0.97984 0.426437
100 0.493041 0.425862 0.982961 0.422988
76 0.499282 0.430747 0.964238 0.414368
46 0.499282 0.428736 0.961117 0.413793
103 0.499282 0.430747 0.964238 0.414368
109 0.499282 0.430747 0.964238 0.414368
50 0.4907 0.440158 0.97828 0.401293
49 0.493041 0.436279 0.975159 0.401006
3 0.499282 0.428736 0.961117 0.413793
75 0.499282 0.430747 0.964238 0.414368
73 0.505523 0.422486 0.957997 0.430891
29 0.493041 0.436279 0.975159 0.401006
99 0.49226 0.425862 0.984521 0.424138
100 0.497721 0.421552 0.97672 0.43046
49 0.496551 0.432759 0.97906 0.406897
46 0.503572 0.42306 0.961897 0.425144
73 0.496551 0.41954 0.97906 0.427586
76 0.503572 0.42306 0.961897 0.425144
50 0.496551 0.432759 0.97906 0.406897
109 0.503572 0.42306 0.961897 0.425144
29 0.497721 0.432471 0.97672 0.408621
99 0.503572 0.425 0.963458 0.423563
103 0.503572 0.42306 0.961897 0.425144
56 0.496551 0.41954 0.97906 0.427586
3 0.497721 0.432471 0.97672 0.408621
100 0.496161 0.424713 0.9814 0.422989
76 0.503182 0.430532 0.965798 0.411351
46 0.503962 0.430388 0.964238 0.409339
49 0.496551 0.440302 0.982181 0.395259
50 0.496551 0.440302 0.982181 0.395259
73 0.496551 0.424713 0.98062 0.42069
103 0.496161 0.424713 0.9814 0.422989
99 0.496551 0.424713 0.98062 0.42069
109 0.503182 0.430532 0.965798 0.411351
41 0.496551 0.424713 0.98062 0.42069
29 0.496161 0.439655 0.97984 0.396552
3 0.503182 0.432687 0.965798 0.40704
48 0.503962 0.430388 0.964238 0.409339
100 0.513714 0.421264 0.963458 0.431034
46 0.508643 0.42931 0.972039 0.414943
76 0.509423 0.431322 0.972039 0.412069
49 0.501622 0.438218 0.987641 0.401724
50 0.501622 0.438218 0.987641 0.401724
73 0.507863 0.422989 0.975159 0.421839
109 0.508643 0.42931 0.972039 0.414943
103 0.509033 0.424066 0.97594 0.424282
41 0.507863 0.422989 0.975159 0.421839
56 0.509033 0.424066 0.97594 0.424282
29 0.509423 0.431322 0.972039 0.412069
99 0.509423 0.431322 0.972039 0.412069
3 0.509423 0.431322 0.972039 0.412069
100 0.507863 0.429023 0.97672 0.416667
49 0.502012 0.441667 0.986861 0.391379
73 0.511374 0.439152 0.971259 0.396408
46 0.509813 0.435057 0.971259 0.403448
76 0.511374 0.439152 0.971259 0.396408
103 0.510203 0.436782 0.972039 0.402299
50 0.502012 0.441667 0.986861 0.391379
109 0.511374 0.439152 0.971259 0.396408
99 0.511374 0.439152 0.971259 0.396408
56 0.507863 0.428161 0.97828 0.417241
29 0.511374 0.439152 0.971259 0.396408
110 0.511374 0.439152 0.971259 0.396408
17 0.511374 0.439152 0.971259 0.396408
41 0.507863 0.428161 0.97828 0.417241
100 0.498892 0.427586 0.983741 0.42069
73 0.505913 0.43398 0.965018 0.406753
46 0.506303 0.430747 0.964238 0.412069
76 0.505913 0.43398 0.965018 0.406753
99 0.505913 0.43398 0.965018 0.406753
49 0.506303 0.430747 0.964238 0.412069
103 0.506303 0.430747 0.964238 0.412069
109 0.505913 0.43398 0.965018 0.406753
56 0.505913 0.43398 0.965018 0.406753
50 0.505913 0.43398 0.965018 0.406753
110 0.505913 0.43398 0.965018 0.406753
48 0.505913 0.43398 0.965018 0.406753
17 0.505913 0.43398 0.965018 0.406753
41 0.505913 0.43398 0.965018 0.406753
29 0.505913 0.43398 0.965018 0.406753
111 0.505913 0.43398 0.965018 0.406753
100 0.636584 0.41523 0.719278 0.431609
3 0.505913 0.43398 0.965018 0.406753
101 0.505913 0.43398 0.965018 0.406753
100 0.494211 0.424425 0.985301 0.427012
46 0.497331 0.426724 0.969699 0.421264
73 0.502402 0.424066 0.961117 0.423132
76 0.502402 0.424066 0.961117 0.423132
99 0.502402 0.424066 0.961117 0.423132
49 0.503182 0.426365 0.961117 0.420833
109 0.502402 0.424066 0.961117 0.423132
50 0.496941 0.427658 0.972039 0.419397
56 0.502402 0.424066 0.961117 0.423132
103 0.503182 0.426365 0.961117 0.420833
29 0.502402 0.424066 0.961117 0.423132
110 0.502402 0.424066 0.961117 0.423132
3 0.502402 0.424066 0.961117 0.423132
100 0.493041 0.425 0.986081 0.422414
46 0.495381 0.437931 0.967358 0.398851
76 0.496941 0.436135 0.965798 0.401293
73 0.500452 0.430172 0.960337 0.41092
49 0.495771 0.438793 0.969699 0.394828
50 0.495771 0.438793 0.969699 0.394828
99 0.500842 0.431106 0.957997 0.409052
109 0.500842 0.431106 0.957997 0.409052
29 0.496941 0.436135 0.965798 0.401293
3 0.496941 0.436135 0.965798 0.401293
100 0.667692 0.407471 0.655502 0.416092
103 0.500842 0.431106 0.957997 0.409052
100 0.49226 0.422701 0.984521 0.42931
76 0.494991 0.429023 0.966578 0.416667
46 0.499282 0.427299 0.957997 0.418966
73 0.495771 0.42069 0.98062 0.425287
103 0.500062 0.427658 0.956436 0.418247
49 0.496161 0.430747 0.967358 0.412069
109 0.499282 0.427299 0.957997 0.418966
50 0.496161 0.430747 0.967358 0.412069
99 0.499282 0.427299 0.957997 0.418966
3 0.499282 0.427299 0.957997 0.418966
29 0.496161 0.430747 0.967358 0.412069
41 0.495771 0.42069 0.98062 0.425287
100 0.496941 0.422989 0.982961 0.425287
76 0.504743 0.42931 0.964238 0.414943
46 0.504352 0.426724 0.963457 0.416667
73 0.504352 0.426724 0.963457 0.416667
49 0.497331 0.42694 0.9775 0.418534
103 0.504352 0.426724 0.963457 0.416667
99 0.504352 0.426724 0.963457 0.416667
109 0.504743 0.42931 0.964238 0.414943
50 0.497331 0.42694 0.9775 0.418534
41 0.509033 0.420115 0.955656 0.432184
29 0.504743 0.42931 0.964238 0.414943
100 0.61279 0.375862 0.771546 0.36092
56 0.504352 0.426724 0.963457 0.416667
100 0.498502 0.423563 0.9814 0.426437
46 0.504352 0.428161 0.965018 0.417241
76 0.505523 0.428233 0.964238 0.417098
49 0.498501 0.427658 0.97984 0.419397
73 0.504352 0.428161 0.965018 0.417241
50 0.498501 0.427658 0.97984 0.419397
41 0.508643 0.420187 0.957997 0.434339
29 0.498501 0.427658 0.97984 0.419397
99 0.504352 0.428161 0.965018 0.417241
103 0.504352 0.428161 0.965018 0.417241
109 0.504352 0.428161 0.965018 0.417241
100 0.512544 0.416667 0.957997 0.437931
46 0.499282 0.427011 0.986081 0.414943
76 0.506303 0.42931 0.968918 0.413793
103 0.505523 0.428089 0.970479 0.415086
41 0.510984 0.419468 0.959557 0.434626
73 0.504743 0.42069 0.97828 0.427586
49 0.499672 0.427012 0.985301 0.417241
109 0.505523 0.428089 0.970479 0.415086
3 0.499282 0.427011 0.986081 0.414943
29 0.499282 0.427011 0.986081 0.414943
99 0.506303 0.42931 0.968918 0.413793
50 0.499672 0.427012 0.985301 0.417241
56 0.504743 0.42069 0.97828 0.427586
100 0.512934 0.416667 0.955656 0.44023
46 0.498502 0.428807 0.984521 0.415948
76 0.503572 0.429885 0.974379 0.413793
73 0.502402 0.421264 0.97984 0.428736
103 0.502402 0.421264 0.97984 0.428736
49 0.498502 0.428807 0.984521 0.415948
41 0.510984 0.419253 0.959557 0.436207
109 0.503182 0.427514 0.972039 0.419684
3 0.498502 0.428807 0.984521 0.415948
99 0.502402 0.421264 0.97984 0.428736
100 0.501232 0.421839 0.97906 0.429885
46 0.498892 0.42931 0.97906 0.414943
76 0.503962 0.429813 0.967358 0.413937
73 0.501622 0.420402 0.97828 0.43046
49 0.498892 0.42931 0.97906 0.414943
103 0.501622 0.420402 0.97828 0.43046
41 0.508643 0.419253 0.961117 0.436207
109 0.503962 0.427874 0.965798 0.418966
99 0.503962 0.429813 0.967358 0.413937
100 0.510984 0.416954 0.959557 0.441954
46 0.498502 0.429382 0.9814 0.414799
76 0.503182 0.430172 0.972039 0.415517
73 0.503182 0.421264 0.97828 0.429885
49 0.498502 0.429382 0.9814 0.414799
109 0.503572 0.427299 0.969698 0.421264
103 0.503182 0.421264 0.97828 0.429885
41 0.503182 0.421264 0.97828 0.429885
99 0.503182 0.430172 0.972039 0.415517
50 0.498502 0.429382 0.9814 0.414799
100 0.502012 0.425862 0.97906 0.422988
46 0.497331 0.430172 0.983741 0.413218
49 0.497331 0.430172 0.983741 0.413218
73 0.503182 0.423491 0.97828 0.424282
76 0.502402 0.430747 0.970479 0.413218
103 0.503182 0.423491 0.97828 0.424282
50 0.497331 0.430172 0.983741 0.413218
109 0.502402 0.427299 0.970479 0.420115
41 0.503182 0.423491 0.97828 0.424282
99 0.502402 0.430747 0.970479 0.413218
100 0.500842 0.423851 0.97984 0.428161
46 0.503962 0.425 0.970479 0.423563
73 0.502402 0.42306 0.97828 0.426293
76 0.504352 0.427658 0.969699 0.419397
109 0.504352 0.427658 0.969699 0.419397
49 0.498502 0.427874 0.984521 0.415517
103 0.502402 0.42306 0.97828 0.426293
41 0.514884 0.418391 0.954876 0.436782
99 0.504352 0.427658 0.969699 0.419397
50 0.498502 0.427874 0.984521 0.415517
100 0.510593 0.418463 0.958777 0.436638
46 0.504352 0.422989 0.968138 0.426437
49 0.497721 0.433908 0.982961 0.401149
73 0.502402 0.423563 0.97984 0.424138
76 0.503962 0.426437 0.967358 0.42069
103 0.502402 0.423563 0.97984 0.424138
109 0.504352 0.422989 0.968138 0.426437
50 0.497721 0.433908 0.982961 0.401149
99 0.502402 0.423563 0.97984 0.424138
41 0.506303 0.420762 0.964238 0.434339
56 0.502402 0.423563 0.97984 0.424138
48 0.502402 0.423563 0.97984 0.424138
111 0.502402 0.423563 0.97984 0.424138
100 0.500842 0.425 0.97984 0.424713
49 0.498502 0.438506 0.9814 0.394253
46 0.498502 0.438506 0.9814 0.394253
73 0.501622 0.424713 0.97984 0.424138
50 0.498502 0.438506 0.9814 0.394253
103 0.501622 0.424713 0.97984 0.424138
109 0.503962 0.425 0.967358 0.423563
99 0.503962 0.428736 0.967358 0.417241
76 0.498502 0.438506 0.9814 0.394253
41 0.504743 0.421767 0.968918 0.433477
29 0.498502 0.438506 0.9814 0.394253
100 0.499282 0.425575 0.9814 0.424713
46 0.496941 0.43477 0.982961 0.404023
49 0.496941 0.43477 0.982961 0.404023
73 0.500842 0.430172 0.972039 0.415517
103 0.500062 0.425 0.9814 0.423563
76 0.496941 0.43477 0.982961 0.404023
109 0.501622 0.426149 0.972039 0.422414
50 0.496941 0.43477 0.982961 0.404023
99 0.500842 0.430172 0.972039 0.415517
41 0.501622 0.422917 0.973599 0.431178
100 0.500842 0.425287 0.9814 0.425287
46 0.498892 0.428161 0.985301 0.417241
49 0.498892 0.428161 0.985301 0.417241
73 0.501622 0.425 0.9814 0.423563
76 0.503182 0.429813 0.972039 0.416236
103 0.501622 0.425 0.9814 0.423563
109 0.503962 0.426509 0.972039 0.421695
41 0.506303 0.422989 0.965798 0.431034
50 0.498892 0.428161 0.985301 0.417241
99 0.501622 0.425 0.9814 0.423563
29 0.498892 0.428161 0.985301 0.417241
100 0.501232 0.423851 0.98062 0.427012
49 0.500062 0.427299 0.986081 0.418966
46 0.500062 0.427299 0.986081 0.418966
73 0.501622 0.422989 0.9814 0.425287
76 0.505523 0.424713 0.972039 0.425287
103 0.501622 0.422989 0.9814 0.425287
109 0.505523 0.424713 0.972039 0.425287
50 0.500062 0.427299 0.986081 0.418966
99 0.501622 0.422989 0.9814 0.425287
29 0.500062 0.427299 0.986081 0.418966
41 0.507863 0.422126 0.964238 0.433908
100 0.500452 0.423563 0.97906 0.426437
49 0.500452 0.425359 0.983741 0.421695
46 0.506303 0.423635 0.968918 0.426293
73 0.500842 0.422917 0.97984 0.425431
76 0.500452 0.425359 0.983741 0.421695
103 0.500842 0.422917 0.97984 0.425431
109 0.506303 0.423635 0.968918 0.426293
50 0.500452 0.425359 0.983741 0.421695
29 0.500452 0.425359 0.983741 0.421695
99 0.500842 0.422917 0.97984 0.425431
100 0.500452 0.423851 0.97906 0.427012
49 0.500452 0.425934 0.983741 0.421695
46 0.505523 0.422701 0.970479 0.427012
76 0.505523 0.422701 0.970479 0.427012
73 0.501622 0.422701 0.97828 0.425862
103 0.501622 0.422701 0.97828 0.425862
109 0.505523 0.422701 0.970479 0.427012
50 0.500452 0.425934 0.983741 0.421695
29 0.500452 0.425934 0.983741 0.421695
100 0.508643 0.422342 0.959557 0.433477
49 0.500062 0.423635 0.9814 0.426293
46 0.505133 0.422414 0.969698 0.428736
76 0.505133 0.422414 0.969698 0.428736
73 0.501622 0.422989 0.97828 0.426437
103 0.501622 0.422989 0.97828 0.426437
109 0.505133 0.422414 0.969698 0.428736
50 0.500062 0.423635 0.9814 0.426293
29 0.500062 0.423635 0.9814 0.426293
100 0.510984 0.421552 0.956436 0.433908
49 0.500062 0.424425 0.984521 0.427012
46 0.504743 0.422414 0.972039 0.429885
76 0.504743 0.422414 0.972039 0.429885
73 0.502402 0.423563 0.97984 0.426437
103 0.502402 0.423563 0.97984 0.426437
50 0.500062 0.424425 0.984521 0.427012
29 0.500062 0.424425 0.984521 0.427012
109 0.504743 0.422414 0.972039 0.429885
100 0.512154 0.421911 0.957217 0.43319
49 0.499282 0.425 0.986081 0.425862
46 0.503572 0.423563 0.972819 0.428736
76 0.503572 0.423563 0.972819 0.428736
73 0.503572 0.42421 0.97906 0.425144
103 0.503572 0.42421 0.97906 0.425144
50 0.499282 0.425 0.986081 0.425862
29 0.499282 0.425 0.986081 0.425862
100 0.502012 0.424713 0.97906 0.426437
49 0.498502 0.427299 0.986081 0.421264
46 0.502402 0.424138 0.973599 0.427586
73 0.503962 0.424641 0.97828 0.424282
76 0.502402 0.424138 0.973599 0.427586
103 0.503962 0.424641 0.97828 0.424282
50 0.498502 0.427299 0.986081 0.421264
29 0.498502 0.427299 0.986081 0.421264
100 0.499672 0.424425 0.97906 0.425862
49 0.496941 0.428807 0.984521 0.418247
46 0.500842 0.425 0.97672 0.423563
76 0.500842 0.425 0.97672 0.423563
73 0.502012 0.424641 0.97906 0.424282
103 0.502012 0.424641 0.97906 0.424282
50 0.496941 0.428807 0.984521 0.418247
29 0.496941 0.428807 0.984521 0.418247
109 0.500842 0.425 0.97672 0.423563
100 0.498501 0.424138 0.97828 0.426437
49 0.497331 0.427514 0.983741 0.420833
46 0.500062 0.424641 0.975159 0.425431
76 0.500062 0.424641 0.975159 0.425431
103 0.500842 0.42421 0.97828 0.425144
73 0.500842 0.42421 0.97828 0.425144
50 0.497331 0.427514 0.983741 0.420833
29 0.496941 0.428448 0.9814 0.418966
109 0.500062 0.424641 0.975159 0.425431
100 0.499282 0.424138 0.97828 0.427586
49 0.497721 0.426149 0.982961 0.423563
46 0.500842 0.424713 0.975159 0.426437
76 0.500842 0.424713 0.975159 0.426437
103 0.501622 0.424138 0.97828 0.425287
73 0.501622 0.424138 0.97828 0.425287
50 0.497721 0.426149 0.982961 0.423563
109 0.500842 0.424713 0.975159 0.426437
29 0.496941 0.426437 0.9814 0.421839
100 0.512544 0.422414 0.951756 0.432184
49 0.496941 0.425862 0.9814 0.422988
46 0.500842 0.423851 0.970479 0.427012
76 0.500842 0.423851 0.970479 0.427012
103 0.500842 0.424425 0.97828 0.425862
73 0.500842 0.424425 0.97828 0.425862
50 0.496941 0.425862 0.9814 0.422988
29 0.496941 0.425862 0.9814 0.422988
109 0.500842 0.424425 0.97828 0.425862
100 0.512154 0.422414 0.950975 0.432184
49 0.496941 0.424425 0.9814 0.425862
46 0.500062 0.424784 0.973599 0.426293
76 0.500062 0.424425 0.968918 0.427012
103 0.500062 0.424138 0.97828 0.426437
73 0.500062 0.424138 0.97828 0.426437
50 0.496941 0.424425 0.9814 0.425862
29 0.496941 0.424425 0.9814 0.425862
109 0.500062 0.424784 0.973599 0.426293
100 0.498501 0.423851 0.97828 0.427012
49 0.496551 0.422701 0.98062 0.42931
46 0.499282 0.424425 0.973599 0.425862
76 0.499282 0.424425 0.973599 0.425862
103 0.500062 0.423851 0.97828 0.425862
73 0.500062 0.423851 0.97828 0.425862
109 0.499282 0.424425 0.973599 0.425862
3 0.499282 0.424425 0.973599 0.425862
50 0.496551 0.422701 0.98062 0.42931
29 0.496551 0.422701 0.98062 0.42931
100 0.498501 0.423851 0.97828 0.427012
49 0.496161 0.422126 0.97984 0.43046
46 0.498892 0.425216 0.972819 0.425431
76 0.498892 0.425216 0.972819 0.425431
103 0.500062 0.424138 0.97828 0.426437
73 0.500062 0.424138 0.97828 0.426437
109 0.498892 0.425216 0.972819 0.425431
3 0.498892 0.425216 0.972819 0.425431
50 0.496161 0.422126 0.97984 0.43046
100 0.511374 0.422414 0.950975 0.432184
49 0.495381 0.421839 0.97828 0.432184
46 0.498502 0.425359 0.972039 0.425144
76 0.499282 0.425 0.967358 0.425862
103 0.500062 0.424641 0.97828 0.42658
73 0.500062 0.424641 0.97828 0.42658
109 0.498502 0.425359 0.972039 0.425144
3 0.498502 0.425359 0.972039 0.425144
41 0.500062 0.424641 0.97828 0.42658
50 0.495381 0.421839 0.97828 0.432184
99 0.500062 0.424641 0.97828 0.42658
100 0.510984 0.422126 0.951756 0.432759
49 0.495381 0.421264 0.97828 0.433333
46 0.495381 0.421264 0.97828 0.433333
76 0.500062 0.425216 0.965798 0.425431
103 0.499672 0.424425 0.97906 0.427012
73 0.499672 0.424425 0.97906 0.427012
109 0.499282 0.425359 0.970479 0.425144
3 0.499282 0.425359 0.970479 0.425144
41 0.499672 0.424425 0.97906 0.427012
100 0.511374 0.421911 0.952536 0.43319
49 0.496161 0.421767 0.9814 0.431178
46 0.496161 0.421767 0.9814 0.431178
76 0.501232 0.425287 0.966578 0.425287
103 0.500842 0.424425 0.97828 0.427012
73 0.500842 0.424425 0.97828 0.427012
109 0.500062 0.42579 0.970479 0.424282
41 0.500842 0.424425 0.97828 0.427012
3 0.500062 0.42579 0.970479 0.424282
100 0.511764 0.421767 0.954876 0.433477
49 0.496941 0.422701 0.982961 0.43046
46 0.500842 0.425934 0.972039 0.423994
76 0.502402 0.425575 0.967358 0.424713
103 0.502012 0.424425 0.97906 0.427012
73 0.500842 0.425934 0.972039 0.423994
109 0.500842 0.425934 0.972039 0.423994
3 0.500842 0.425934 0.972039 0.423994
41 0.502012 0.424425 0.97906 0.427012
100 0.511764 0.421552 0.954876 0.433908
49 0.497721 0.422989 0.982961 0.429885
46 0.501622 0.426149 0.972039 0.423563
76 0.502792 0.425575 0.968138 0.424713
103 0.502792 0.424425 0.97906 0.427012
73 0.501622 0.426149 0.972039 0.423563
109 0.501622 0.426149 0.972039 0.423563
41 0.502792 0.424425 0.97906 0.427012
3 0.501622 0.426149 0.972039 0.423563
100 0.511764 0.421552 0.954876 0.433908
49 0.497721 0.422917 0.982961 0.428879
46 0.501232 0.426365 0.972819 0.423132
76 0.503182 0.425575 0.968918 0.424713
103 0.502792 0.424425 0.97906 0.427012
73 0.501232 0.426365 0.972819 0.423132
109 0.501232 0.426365 0.972819 0.423132
41 0.502792 0.424425 0.97906 0.427012
29 0.497721 0.422917 0.982961 0.428879
3 0.501232 0.426365 0.972819 0.423132
100 0.511374 0.421552 0.955656 0.433908
49 0.497721 0.422701 0.984521 0.42931
76 0.501622 0.426149 0.973599 0.423563
46 0.501622 0.426149 0.973599 0.423563
103 0.502792 0.424425 0.97906 0.427012
73 0.501622 0.426149 0.973599 0.423563
109 0.501622 0.426149 0.973599 0.423563
41 0.502792 0.424425 0.97906 0.427012
29 0.497721 0.422701 0.984521 0.42931
100 0.501622 0.424066 0.97828 0.42773
49 0.497721 0.421911 0.984521 0.430891
76 0.501622 0.425575 0.973599 0.423563
46 0.501622 0.425575 0.973599 0.423563
103 0.503182 0.424425 0.97984 0.427012
73 0.501622 0.425575 0.973599 0.423563
109 0.501622 0.425575 0.973599 0.423563
41 0.503182 0.424425 0.97984 0.427012
29 0.497721 0.421911 0.984521 0.430891
50 0.497721 0.421911 0.984521 0.430891
100 0.501622 0.423851 0.97828 0.428161
49 0.498502 0.421911 0.984521 0.429741
76 0.501622 0.42579 0.973599 0.423132
46 0.501622 0.42579 0.973599 0.423132
103 0.503182 0.424066 0.97984 0.42658
73 0.501622 0.42579 0.973599 0.423132
109 0.501622 0.42579 0.973599 0.423132
41 0.503182 0.424066 0.97984 0.42658
29 0.498502 0.421911 0.984521 0.429741
50 0.498502 0.421911 0.984521 0.429741
100 0.502012 0.423563 0.97906 0.427586
49 0.498502 0.422342 0.984521 0.428879
76 0.501622 0.425575 0.973599 0.422414
46 0.501622 0.425575 0.973599 0.422414
103 0.501622 0.425575 0.973599 0.422414
73 0.501622 0.425575 0.973599 0.422414
109 0.501622 0.425575 0.973599 0.422414
41 0.503572 0.423563 0.97906 0.426437
29 0.498502 0.422342 0.984521 0.428879
50 0.498502 0.422342 0.984521 0.428879
100 0.502012 0.423491 0.97906 0.42773
49 0.498502 0.422126 0.984521 0.42931
76 0.502012 0.425359 0.972819 0.422845
46 0.502012 0.425359 0.972819 0.422845
103 0.503182 0.423563 0.97984 0.426437
73 0.502012 0.425359 0.972819 0.422845
109 0.502012 0.425359 0.972819 0.422845
41 0.503182 0.423563 0.97984 0.426437
50 0.498502 0.422126 0.984521 0.42931
29 0.498502 0.422126 0.984521 0.42931
100 0.502402 0.423276 0.97828 0.428161
49 0.498502 0.421839 0.984521 0.429885
46 0.502402 0.425359 0.973599 0.422845
76 0.502402 0.425359 0.973599 0.422845
103 0.503182 0.423491 0.97984 0.42658
73 0.502402 0.425359 0.973599 0.422845
109 0.502402 0.425359 0.973599 0.422845
41 0.503182 0.423491 0.97984 0.42658
50 0.498502 0.421839 0.984521 0.429885
29 0.498502 0.421839 0.984521 0.429885
100 0.502402 0.422917 0.97828 0.42773
49 0.498502 0.421839 0.984521 0.429885
103 0.503182 0.423276 0.97984 0.427012
46 0.502402 0.425287 0.973599 0.422989
76 0.503572 0.424713 0.969698 0.424138
73 0.502402 0.425287 0.973599 0.422989
109 0.502402 0.425287 0.973599 0.422989
50 0.498502 0.421839 0.984521 0.429885
41 0.503182 0.423276 0.97984 0.427012
29 0.498502 0.421839 0.984521 0.429885
100 0.502402 0.422917 0.97828 0.42773
49 0.498502 0.422126 0.984521 0.42931
103 0.503182 0.422989 0.97984 0.426437
76 0.503182 0.424713 0.970479 0.424138
46 0.502012 0.425359 0.974379 0.422845
73 0.503182 0.422989 0.97984 0.426437
109 0.502012 0.425359 0.974379 0.422845
50 0.498502 0.422126 0.984521 0.42931
41 0.503182 0.422989 0.97984 0.426437
29 0.498502 0.422126 0.984521 0.42931
100 0.502402 0.422989 0.97828 0.427586
49 0.498502 0.421839 0.984521 0.428736
103 0.502792 0.422989 0.97906 0.426437
76 0.503572 0.425 0.969698 0.423563
46 0.502012 0.425287 0.974379 0.421839
73 0.502792 0.422989 0.97906 0.426437
109 0.502012 0.425287 0.974379 0.421839
50 0.498502 0.421839 0.984521 0.428736
41 0.502792 0.422989 0.97906 0.426437
29 0.498502 0.421839 0.984521 0.428736
100 0.502402 0.422989 0.97828 0.427586
49 0.498502 0.421767 0.984521 0.428879
103 0.502792 0.422989 0.97906 0.426437
76 0.503182 0.425 0.968918 0.423563
46 0.503182 0.425 0.968918 0.423563
73 0.502792 0.422989 0.97906 0.426437
109 0.502792 0.422989 0.97906 0.426437
41 0.502792 0.422989 0.97906 0.426437
50 0.498502 0.421767 0.984521 0.428879
29 0.498502 0.421767 0.984521 0.428879
100 0.502012 0.422917 0.97906 0.42773
49 0.498502 0.421264 0.984521 0.429885
103 0.502792 0.422701 0.97906 0.425862
76 0.503182 0.425 0.968918 0.423563
46 0.503182 0.425 0.968918 0.423563
73 0.502792 0.422701 0.97906 0.425862
109 0.502792 0.422701 0.97906 0.425862
41 0.502792 0.422701 0.97906 0.425862
50 0.498502 0.421264 0.984521 0.429885
29 0.498502 0.421264 0.984521 0.429885
100 0.501622 0.422917 0.97828 0.42773
49 0.498501 0.420762 0.982961 0.430891
103 0.502402 0.422486 0.97984 0.426293
76 0.503182 0.424784 0.968918 0.423994
46 0.503182 0.424784 0.968918 0.423994
73 0.502402 0.422486 0.97984 0.426293
41 0.502402 0.422486 0.97984 0.426293
109 0.502402 0.422486 0.97984 0.426293
50 0.498501 0.420762 0.982961 0.430891
29 0.498501 0.420762 0.982961 0.430891
100 0.501622 0.422701 0.97828 0.428161
49 0.497721 0.420115 0.982961 0.432184
103 0.502012 0.422414 0.97906 0.426437
76 0.502402 0.424713 0.967358 0.424138
46 0.502402 0.424713 0.967358 0.424138
73 0.502012 0.422414 0.97906 0.426437
41 0.502012 0.422414 0.97906 0.426437
109 0.502012 0.422414 0.97906 0.426437
50 0.497721 0.420115 0.982961 0.432184
29 0.497721 0.420115 0.982961 0.432184
100 0.501622 0.422701 0.97828 0.428161
49 0.497721 0.420115 0.982961 0.432184
103 0.502012 0.422342 0.97906 0.42658
76 0.502402 0.425 0.967358 0.423563
46 0.502402 0.425 0.967358 0.423563
73 0.502012 0.422342 0.97906 0.42658
41 0.502012 0.422342 0.97906 0.42658
109 0.502012 0.422342 0.97906 0.42658
50 0.497721 0.420115 0.982961 0.432184
29 0.497721 0.420115 0.982961 0.432184
100 0.500842 0.422701 0.97828 0.428161
49 0.497721 0.419828 0.982961 0.432759
103 0.501622 0.422342 0.97828 0.42658
76 0.502402 0.425 0.967358 0.423563
46 0.497721 0.419828 0.982961 0.432759
73 0.501622 0.422342 0.97828 0.42658
41 0.501622 0.422342 0.97828 0.42658
109 0.501622 0.422342 0.97828 0.42658
29 0.497721 0.419828 0.982961 0.432759
50 0.497721 0.419828 0.982961 0.432759
100 0.500842 0.422486 0.97828 0.428592
49 0.497331 0.419468 0.982181 0.433477
103 0.501622 0.422126 0.97828 0.427012
76 0.502402 0.425 0.967358 0.423563
46 0.497331 0.419468 0.982181 0.433477
73 0.501622 0.422126 0.97828 0.427012
41 0.501622 0.422126 0.97828 0.427012
109 0.501622 0.422126 0.97828 0.427012
29 0.497331 0.419468 0.982181 0.433477
50 0.497331 0.419468 0.982181 0.433477
100 0.500842 0.422414 0.97828 0.428736
49 0.496941 0.419037 0.9814 0.434339
103 0.501622 0.421911 0.97828 0.427443
76 0.502402 0.424713 0.967358 0.422989
46 0.496941 0.419037 0.9814 0.434339
73 0.501622 0.421911 0.97828 0.427443
41 0.501622 0.421911 0.97828 0.427443
109 0.501622 0.421911 0.97828 0.427443
29 0.496941 0.419037 0.9814 0.434339
50 0.496941 0.419037 0.9814 0.434339
100 0.500062 0.422414 0.97828 0.428736
49 0.496941 0.418678 0.9814 0.435057
103 0.501622 0.421839 0.97828 0.427586
76 0.502012 0.425 0.966578 0.423563
46 0.500062 0.424425 0.972039 0.422414
73 0.501622 0.421839 0.97828 0.427586
41 0.501622 0.421839 0.97828 0.427586
109 0.500062 0.424425 0.972039 0.422414
29 0.496941 0.418678 0.9814 0.435057
50 0.496941 0.418678 0.9814 0.435057
100 0.500062 0.422342 0.97828 0.428879
49 0.496941 0.418678 0.9814 0.435057
103 0.501622 0.421839 0.97828 0.427586
76 0.502012 0.425 0.966578 0.423563
46 0.500062 0.424641 0.972039 0.421983
73 0.501622 0.421839 0.97828 0.427586
41 0.501622 0.421839 0.97828 0.427586
109 0.500062 0.424641 0.972039 0.421983
29 0.496941 0.418678 0.9814 0.435057
50 0.496941 0.418678 0.9814 0.435057
100 0.500062 0.422126 0.97828 0.42931
49 0.496941 0.418463 0.9814 0.435489
103 0.501622 0.421767 0.97828 0.42773
76 0.502012 0.425 0.966578 0.423563
73 0.501622 0.421767 0.97828 0.42773
46 0.496941 0.418463 0.9814 0.435489
41 0.501622 0.421767 0.97828 0.42773
29 0.496941 0.418463 0.9814 0.435489
109 0.500452 0.424641 0.971259 0.421983
50 0.496941 0.416739 0.9814 0.438937
100 0.500062 0.422126 0.97828 0.42931
49 0.496941 0.418103 0.9814 0.436207
103 0.500842 0.421552 0.97828 0.428161
76 0.501622 0.424784 0.965798 0.423994
46 0.500062 0.424425 0.970479 0.422414
73 0.500842 0.421552 0.97828 0.428161
41 0.500842 0.421552 0.97828 0.428161
109 0.500062 0.424425 0.970479 0.422414
29 0.496941 0.418103 0.9814 0.436207
50 0.496941 0.416164 0.9814 0.440086
100 0.500062 0.422126 0.97828 0.42931
49 0.496941 0.418103 0.9814 0.436207
103 0.500842 0.421552 0.97828 0.428161
76 0.500062 0.42421 0.970479 0.422845
46 0.500062 0.42421 0.970479 0.422845
73 0.500842 0.421552 0.97828 0.428161
109 0.500062 0.42421 0.970479 0.422845
41 0.500842 0.421552 0.97828 0.428161
29 0.496941 0.418103 0.9814 0.436207
50 0.496941 0.418103 0.9814 0.436207
100 0.499282 0.422126 0.97828 0.42931
49 0.496941 0.418391 0.9814 0.435632
103 0.500842 0.421552 0.97828 0.428161
76 0.500062 0.42421 0.970479 0.422845
46 0.500062 0.42421 0.970479 0.422845
73 0.500842 0.421552 0.97828 0.428161
109 0.500062 0.42421 0.970479 0.422845
41 0.500842 0.421552 0.97828 0.428161
29 0.496941 0.418391 0.9814 0.435632
50 0.496941 0.418391 0.9814 0.435632
100 0.500062 0.422126 0.97828 0.42931
49 0.496551 0.418678 0.98062 0.436207
103 0.500842 0.421552 0.97828 0.428161
76 0.501622 0.424713 0.965798 0.424138
46 0.499282 0.42421 0.970479 0.422845
73 0.500842 0.421552 0.97828 0.428161
41 0.500842 0.421552 0.97828 0.428161
109 0.499282 0.42421 0.970479 0.422845
50 0.496941 0.416667 0.97984 0.44023
29 0.496551 0.418678 0.98062 0.436207
100 0.499282 0.422126 0.97828 0.42931
49 0.496941 0.418678 0.9814 0.436207
103 0.500842 0.421552 0.97828 0.428161
76 0.501622 0.424713 0.965798 0.424138
73 0.500842 0.421552 0.97828 0.428161
46 0.496941 0.418678 0.9814 0.436207
41 0.500842 0.421552 0.97828 0.428161
50 0.496941 0.416595 0.97984 0.440374
109 0.499672 0.42421 0.969699 0.422845
29 0.496941 0.418678 0.9814 0.436207
100 0.500062 0.422126 0.97828 0.42931
49 0.496551 0.418678 0.98062 0.436207
103 0.500842 0.421552 0.97828 0.428161
76 0.501622 0.424713 0.965798 0.424138
73 0.500842 0.421552 0.97828 0.428161
46 0.496551 0.418678 0.98062 0.436207
41 0.500842 0.421552 0.97828 0.428161
50 0.496941 0.416739 0.97984 0.440086
109 0.500842 0.421552 0.97828 0.428161
29 0.496551 0.418678 0.98062 0.436207
99 0.500842 0.421552 0.97828 0.428161
100 0.500062 0.422126 0.97828 0.42931
49 0.496551 0.418966 0.98062 0.435632
103 0.500842 0.421552 0.97828 0.428161
76 0.501622 0.424784 0.965798 0.423994
73 0.500842 0.421552 0.97828 0.428161
46 0.496551 0.418966 0.98062 0.435632
41 0.500842 0.421552 0.97828 0.428161
50 0.496941 0.416954 0.97984 0.439655
109 0.500842 0.421552 0.97828 0.428161
29 0.496551 0.418966 0.98062 0.435632
100 0.499282 0.422126 0.97828 0.42931
49 0.496941 0.418966 0.97984 0.435632
103 0.500842 0.421552 0.97828 0.428161
76 0.501622 0.425 0.965798 0.423563
73 0.500842 0.421552 0.97828 0.428161
46 0.496941 0.418966 0.97984 0.435632
41 0.500842 0.421552 0.97828 0.428161
50 0.496941 0.41717 0.97984 0.439224
109 0.500842 0.421552 0.97828 0.428161
29 0.496941 0.418966 0.97984 0.435632
100 0.499282 0.422126 0.97828 0.42931
49 0.496941 0.419253 0.97984 0.435057
103 0.500842 0.421839 0.97828 0.428736
76 0.501622 0.425 0.965798 0.423563
73 0.500842 0.421839 0.97828 0.428736
46 0.496941 0.419253 0.97984 0.435057
50 0.496941 0.41717 0.97984 0.439224
41 0.500842 0.421839 0.97828 0.428736
109 0.500842 0.421839 0.97828 0.428736
29 0.496941 0.419253 0.97984 0.435057
100 0.499282 0.422342 0.97828 0.428879
49 0.496941 0.419253 0.97984 0.435057
103 0.500842 0.421552 0.97828 0.428161
76 0.501622 0.425216 0.965798 0.423132
73 0.500842 0.421552 0.97828 0.428161
46 0.496941 0.419253 0.97984 0.435057
50 0.496941 0.417241 0.97984 0.439081
41 0.500842 0.421552 0.97828 0.428161
109 0.500842 0.421552 0.97828 0.428161
29 0.496941 0.419253 0.97984 0.435057
100 0.509423 0.419037 0.953316 0.435489
49 0.496941 0.419468 0.97984 0.434626
103 0.500842 0.421767 0.97828 0.42773
76 0.496941 0.419468 0.97984 0.434626
73 0.500842 0.421767 0.97828 0.42773
46 0.496941 0.419468 0.97984 0.434626
50 0.497331 0.417529 0.98062 0.438506
41 0.500842 0.421767 0.97828 0.42773
109 0.500842 0.421767 0.97828 0.42773
29 0.496941 0.419468 0.97984 0.434626
100 0.509423 0.419037 0.953316 0.435489
49 0.496941 0.41954 0.9814 0.434483
103 0.500842 0.421767 0.97828 0.42773
76 0.496941 0.41954 0.9814 0.434483
73 0.500842 0.421767 0.97828 0.42773
46 0.496941 0.41954 0.9814 0.434483
50 0.497331 0.417529 0.98062 0.438506
41 0.500842 0.421767 0.97828 0.42773
109 0.500842 0.421767 0.97828 0.42773
29 0.496941 0.41954 0.9814 0.434483
100 0.499282 0.422414 0.97828 0.428736
49 0.496941 0.41954 0.97984 0.434483
103 0.500842 0.421767 0.97828 0.42773
76 0.496941 0.41954 0.97984 0.434483
73 0.500842 0.421767 0.97828 0.42773
46 0.496941 0.41954 0.97984 0.434483
50 0.497721 0.417744 0.97984 0.438075
41 0.500842 0.421767 0.97828 0.42773
109 0.500842 0.421767 0.97828 0.42773
29 0.496941 0.41954 0.97984 0.434483
100 0.499672 0.422414 0.9775 0.428736
49 0.496941 0.41954 0.97984 0.434483
103 0.501232 0.421839 0.9775 0.427586
76 0.496941 0.41954 0.97984 0.434483
73 0.501232 0.421839 0.9775 0.427586
46 0.496941 0.41954 0.97984 0.434483
50 0.497721 0.417744 0.97984 0.438075
41 0.501232 0.421839 0.9775 0.427586
109 0.501232 0.421839 0.9775 0.427586
29 0.496941 0.41954 0.97984 0.434483
100 0.499672 0.422414 0.9775 0.428736
49 0.496941 0.419612 0.97984 0.434339
103 0.501232 0.421839 0.9775 0.427586
76 0.496941 0.419612 0.97984 0.434339
73 0.501232 0.421839 0.9775 0.427586
46 0.496941 0.419612 0.97984 0.434339
50 0.497721 0.417888 0.97984 0.437787
41 0.501232 0.421839 0.9775 0.427586
109 0.501232 0.421839 0.9775 0.427586
29 0.496941 0.419612 0.97984 0.434339
99 0.501232 0.421839 0.9775 0.427586
100 0.500062 0.422414 0.97672 0.428736
49 0.497331 0.419828 0.98062 0.433908
103 0.501232 0.421839 0.9775 0.427586
76 0.497331 0.419828 0.98062 0.433908
73 0.501232 0.421839 0.9775 0.427586
46 0.497331 0.419828 0.98062 0.433908
50 0.497721 0.418103 0.97984 0.437356
41 0.501232 0.421839 0.9775 0.427586
109 0.501232 0.421839 0.9775 0.427586
99 0.501232 0.421839 0.9775 0.427586
100 0.499672 0.422414 0.9775 0.428736
49 0.497331 0.420043 0.98062 0.433477
103 0.501232 0.421839 0.9775 0.427586
76 0.497331 0.420043 0.98062 0.433477
73 0.501232 0.421839 0.9775 0.427586
46 0.497331 0.420043 0.98062 0.433477
50 0.497721 0.418319 0.97984 0.436925
41 0.501232 0.421839 0.9775 0.427586
109 0.501232 0.421839 0.9775 0.427586
99 0.501232 0.421839 0.9775 0.427586
100 0.499672 0.422414 0.9775 0.428736
49 0.497331 0.420043 0.98062 0.433477
103 0.501232 0.421839 0.9775 0.427586
76 0.497331 0.420043 0.98062 0.433477
73 0.501232 0.421839 0.9775 0.427586
46 0.497331 0.420043 0.98062 0.433477
50 0.497721 0.418319 0.97984 0.436925
41 0.501232 0.421839 0.9775 0.427586
109 0.501232 0.421839 0.9775 0.427586
99 0.501232 0.421839 0.9775 0.427586
100 0.499672 0.422414 0.9775 0.428736
49 0.497331 0.420115 0.98062 0.433333
103 0.501232 0.421839 0.9775 0.427586
76 0.497331 0.420115 0.98062 0.433333
73 0.501232 0.421839 0.9775 0.427586
46 0.497331 0.420115 0.98062 0.433333
50 0.497721 0.418319 0.97984 0.436925
41 0.501232 0.421839 0.9775 0.427586
109 0.501232 0.421839 0.9775 0.427586
99 0.501232 0.421839 0.9775 0.427586
100 0.500062 0.422414 0.97672 0.428736
49 0.497331 0.419828 0.98062 0.433908
103 0.501232 0.421839 0.9775 0.427586
76 0.497331 0.419828 0.98062 0.433908
73 0.501232 0.421839 0.9775 0.427586
46 0.497331 0.419828 0.98062 0.433908
50 0.497721 0.418103 0.97984 0.437356
109 0.501232 0.421839 0.9775 0.427586
41 0.501232 0.421839 0.9775 0.427586
99 0.501232 0.421839 0.9775 0.427586
100 0.500062 0.422486 0.97672 0.428592
49 0.497331 0.420043 0.98062 0.433477
103 0.501232 0.421839 0.9775 0.427586
76 0.497331 0.420043 0.98062 0.433477
73 0.501232 0.421839 0.9775 0.427586
46 0.497331 0.420043 0.98062 0.433477
50 0.497721 0.418319 0.97984 0.436925
109 0.501232 0.421839 0.9775 0.427586
41 0.501232 0.421839 0.9775 0.427586
99 0.501232 0.421839 0.9775 0.427586
100 0.500062 0.422414 0.97672 0.428736
49 0.497331 0.420115 0.98062 0.433333
103 0.501622 0.421839 0.97672 0.427586
76 0.497331 0.420115 0.98062 0.433333
73 0.501622 0.421839 0.97672 0.427586
46 0.497331 0.420115 0.98062 0.433333
50 0.497721 0.418391 0.97984 0.436782
109 0.501622 0.421839 0.97672 0.427586
99 0.501622 0.421839 0.97672 0.427586
41 0.501622 0.421839 0.97672 0.427586
100 0.500062 0.422486 0.97672 0.428592
49 0.497721 0.420115 0.97984 0.433333
103 0.501622 0.421839 0.97672 0.427586
76 0.497721 0.420115 0.97984 0.433333
73 0.501622 0.421839 0.97672 0.427586
46 0.497721 0.420115 0.97984 0.433333
50 0.497721 0.418391 0.97984 0.436782
99 0.501622 0.421839 0.97672 0.427586
109 0.501622 0.421839 0.97672 0.427586
41 0.501622 0.421839 0.97672 0.427586
100 0.500062 0.422414 0.97672 0.428736
49 0.497331 0.419828 0.98062 0.433908
103 0.501232 0.421839 0.9775 0.427586
76 0.497331 0.419828 0.98062 0.433908
73 0.501232 0.421839 0.9775 0.427586
46 0.497331 0.419828 0.98062 0.433908
50 0.497721 0.418103 0.97984 0.437356
99 0.501232 0.421839 0.9775 0.427586
109 0.501232 0.421839 0.9775 0.427586
41 0.501232 0.421839 0.9775 0.427586
100 0.500062 0.422414 0.97672 0.428736
49 0.497721 0.419612 0.97984 0.434339
103 0.501622 0.421839 0.97672 0.427586
76 0.497721 0.419612 0.97984 0.434339
73 0.501622 0.421839 0.97672 0.427586
46 0.497721 0.419612 0.97984 0.434339
50 0.497721 0.417888 0.97984 0.437787
99 0.501622 0.421839 0.97672 0.427586
109 0.501622 0.421839 0.97672 0.427586
41 0.501622 0.421839 0.97672 0.427586
100 0.500062 0.422414 0.97672 0.428736
49 0.497721 0.41954 0.97984 0.434483
103 0.500842 0.421839 0.97672 0.427586
76 0.497721 0.41954 0.97984 0.434483
73 0.500842 0.421839 0.97672 0.427586
46 0.497721 0.41954 0.97984 0.434483
50 0.497721 0.417744 0.97984 0.438075
99 0.500842 0.421839 0.97672 0.427586
109 0.500842 0.421839 0.97672 0.427586
41 0.500842 0.421839 0.97672 0.427586
100 0.500062 0.422414 0.97672 0.428736
49 0.497721 0.419468 0.97984 0.434626
103 0.500842 0.421839 0.97672 0.427586
76 0.497721 0.419468 0.97984 0.434626
73 0.500842 0.421839 0.97672 0.427586
46 0.497721 0.419468 0.97984 0.434626
50 0.497721 0.417744 0.97984 0.438075
99 0.500842 0.421839 0.97672 0.427586
109 0.500842 0.421839 0.97672 0.427586
41 0.500842 0.421839 0.97672 0.427586
100 0.500062 0.422486 0.97672 0.428592
49 0.496941 0.41954 0.97984 0.434483
103 0.500842 0.421839 0.97672 0.427586
76 0.496941 0.41954 0.97984 0.434483
73 0.500842 0.421839 0.97672 0.427586
46 0.496941 0.41954 0.97984 0.434483
50 0.497721 0.417744 0.97984 0.438075
99 0.500842 0.421839 0.97672 0.427586
109 0.500842 0.421839 0.97672 0.427586
41 0.500842 0.421839 0.97672 0.427586
100 0.500062 0.422486 0.97672 0.428592
49 0.496941 0.41954 0.97984 0.434483
103 0.500842 0.421911 0.97672 0.427443
73 0.500842 0.421911 0.97672 0.427443
76 0.496941 0.41954 0.97984 0.434483
46 0.496941 0.41954 0.97984 0.434483
50 0.497721 0.417888 0.97984 0.437787
99 0.500842 0.421911 0.97672 0.427443
109 0.500842 0.421911 0.97672 0.427443
41 0.500842 0.421911 0.97672 0.427443
100 0.499672 0.422486 0.9775 0.428592
49 0.496941 0.41954 0.97984 0.434483
103 0.500842 0.421911 0.97672 0.427443
73 0.500842 0.421911 0.97672 0.427443
76 0.496941 0.41954 0.97984 0.434483
46 0.496941 0.41954 0.97984 0.434483
50 0.497721 0.417888 0.97984 0.437787
99 0.500842 0.421911 0.97672 0.427443
109 0.500842 0.421911 0.97672 0.427443
100 0.500062 0.422701 0.97672 0.428161
49 0.496941 0.419612 0.97984 0.434339
103 0.500842 0.422126 0.97672 0.427012
73 0.500842 0.422126 0.97672 0.427012
76 0.496941 0.419612 0.97984 0.434339
46 0.496941 0.419612 0.97984 0.434339
50 0.497721 0.417888 0.97984 0.437787
99 0.500842 0.422126 0.97672 0.427012
100 0.499282 0.422701 0.97672 0.428161
49 0.496941 0.41954 0.97984 0.434483
103 0.500842 0.422126 0.97672 0.427012
73 0.500842 0.422126 0.97672 0.427012
76 0.496941 0.41954 0.97984 0.434483
46 0.496941 0.41954 0.97984 0.434483
50 0.497721 0.418103 0.97984 0.437356
99 0.500842 0.422126 0.97672 0.427012
100 0.499282 0.422701 0.97672 0.428161
49 0.496941 0.41954 0.97828 0.434483
103 0.500842 0.422126 0.97672 0.427012
73 0.500842 0.422126 0.97672 0.427012
76 0.496941 0.41954 0.97828 0.434483
46 0.496941 0.41954 0.97828 0.434483
50 0.497721 0.417888 0.97984 0.437787
99 0.500842 0.422126 0.97672 0.427012
41 0.500842 0.422126 0.97672 0.427012
100 0.499282 0.422701 0.97672 0.428161
49 0.496941 0.41954 0.97984 0.434483
103 0.500842 0.422126 0.97672 0.427012
73 0.500842 0.422126 0.97672 0.427012
76 0.496941 0.41954 0.97984 0.434483
46 0.496941 0.41954 0.97984 0.434483
50 0.497721 0.417888 0.97984 0.437787
99 0.500842 0.422126 0.97672 0.427012
100 0.499282 0.422701 0.97672 0.428161
49 0.496941 0.419468 0.97984 0.434626
103 0.500842 0.422126 0.97672 0.427012
73 0.500842 0.422126 0.97672 0.427012
76 0.496941 0.419468 0.97984 0.434626
46 0.496941 0.419468 0.97984 0.434626
50 0.497721 0.418103 0.97984 0.437356
99 0.500842 0.422126 0.97672 0.427012
100 0.499282 0.422701 0.97672 0.428161
49 0.496941 0.41954 0.97984 0.434483
73 0.500842 0.422126 0.97672 0.427012
103 0.500842 0.422126 0.97672 0.427012
76 0.496941 0.41954 0.97984 0.434483
46 0.496941 0.41954 0.97984 0.434483
50 0.497721 0.418319 0.97984 0.436925
99 0.500842 0.422126 0.97672 0.427012
100 0.499282 0.422701 0.97672 0.428161
49 0.496551 0.419612 0.97906 0.434339
103 0.500842 0.422342 0.97672 0.42658
73 0.500842 0.422342 0.97672 0.42658
76 0.496551 0.419612 0.97906 0.434339
46 0.496551 0.419612 0.97906 0.434339
50 0.497721 0.418391 0.97984 0.436782
99 0.500842 0.422342 0.97672 0.42658
100 0.499282 0.422701 0.97672 0.428161
49 0.496941 0.41954 0.97984 0.434483
103 0.500842 0.422342 0.97672 0.42658
73 0.500842 0.422342 0.97672 0.42658
76 0.496941 0.41954 0.97984 0.434483
46 0.496941 0.41954 0.97984 0.434483
50 0.497331 0.418391 0.97906 0.436782
99 0.500842 0.422342 0.97672 0.42658
